2.797799989999999752e+02 4.831429869994999841e+06 4.635460599979999824e+05
2.796499939999999924e+02 4.831429880005000159e+06 4.635461199950000155e+05
2.801400150000000053e+02 4.831429859985000454e+06 4.635460100100000273e+05
2.802300109999999904e+02 4.831429910004000179e+06 4.635463699950000155e+05
2.793299870000000169e+02 4.831430220000999980e+06 4.635465300290000159e+05
2.793999939999999924e+02 4.831430209990999661e+06 4.635465300290000159e+05
2.793200069999999755e+02 4.831430209990999661e+06 4.635464899899999727e+05
2.793699950000000172e+02 4.831430200012000278e+06 4.635464899899999727e+05
2.794100040000000149e+02 4.831430209990999661e+06 4.635465000000000000e+05
2.794700010000000248e+02 4.831430209990999661e+06 4.635465000000000000e+05
2.795199890000000096e+02 4.831430209990999661e+06 4.635465000000000000e+05
2.795700069999999755e+02 4.831430209990999661e+06 4.635465000000000000e+05
2.793200069999999755e+02 4.831430070007000118e+06 4.635464000239999732e+05
2.793200069999999755e+02 4.831430209990999661e+06 4.635464699709999841e+05
2.793800049999999828e+02 4.831430209990999661e+06 4.635464699709999841e+05
2.794500120000000152e+02 4.831430200012000278e+06 4.635464600220000139e+05
2.795000000000000000e+02 4.831430209990999661e+06 4.635464600220000139e+05
2.795799870000000169e+02 4.831430179992999882e+06 4.635464500119999866e+05
2.796000060000000076e+02 4.831430200012000278e+06 4.635464600220000139e+05
2.796499939999999924e+02 4.831430200012000278e+06 4.635464600220000139e+05
2.802399899999999775e+02 4.831430059998000041e+06 4.635464000239999732e+05
2.802999879999999848e+02 4.831430049987999722e+06 4.635464000239999732e+05
2.793099980000000073e+02 4.831430230011000298e+06 4.635464600220000139e+05
2.793699950000000172e+02 4.831430220000999980e+06 4.635464600220000139e+05
2.794400019999999927e+02 4.831430209990999661e+06 4.635464500119999866e+05
2.794899899999999775e+02 4.831430209990999661e+06 4.635464500119999866e+05
2.795599980000000073e+02 4.831430200012000278e+06 4.635464400020000176e+05
2.796099849999999947e+02 4.831430209990999661e+06 4.635464500119999866e+05
2.802200010000000248e+02 4.831430079986999743e+06 4.635464000239999732e+05
2.793900150000000053e+02 4.831430250000000000e+06 4.635464500119999866e+05
2.794800109999999904e+02 4.831430220000999980e+06 4.635464299929999979e+05
2.795599980000000073e+02 4.831430190001999959e+06 4.635464199830000289e+05
2.796000060000000076e+02 4.831430200012000278e+06 4.635464299929999979e+05
2.796600040000000149e+02 4.831430190001999959e+06 4.635464199830000289e+05
2.802500000000000000e+02 4.831430089995999821e+06 4.635463800049999845e+05
2.802999879999999848e+02 4.831430100006000139e+06 4.635463800049999845e+05
2.793099980000000073e+02 4.831430269988999702e+06 4.635464500119999866e+05
2.793699950000000172e+02 4.831430269988999702e+06 4.635464500119999866e+05
2.794700010000000248e+02 4.831430220000999980e+06 4.635464299929999979e+05
2.795499879999999848e+02 4.831430209990999661e+06 4.635464199830000289e+05
2.796000060000000076e+02 4.831430209990999661e+06 4.635464199830000289e+05
2.796799930000000245e+02 4.831430190001999959e+06 4.635464099730000016e+05
2.802500000000000000e+02 4.831430100006000139e+06 4.635463699950000155e+05
2.793500060000000076e+02 4.831430350006000139e+06 4.635464600220000139e+05
2.795400089999999977e+02 4.831430220000999980e+06 4.635464099730000016e+05
2.796099849999999947e+02 4.831430209990999661e+06 4.635464000239999732e+05
2.796799930000000245e+02 4.831430200012000278e+06 4.635464000239999732e+05
2.797600100000000225e+02 4.831430179992999882e+06 4.635463900150000118e+05
2.799700010000000248e+02 4.831430040009000339e+06 4.635463300169999711e+05
2.799400019999999927e+02 4.831430200012000278e+06 4.635464000239999732e+05
2.795499879999999848e+02 4.831430269988999702e+06 4.635464000239999732e+05
2.796000060000000076e+02 4.831430269988999702e+06 4.635464000239999732e+05
2.796900019999999927e+02 4.831430239989999682e+06 4.635463800049999845e+05
2.797300109999999904e+02 4.831430239989999682e+06 4.635463900150000118e+05
2.798099980000000073e+02 4.831430220000999980e+06 4.635463800049999845e+05
2.797699890000000096e+02 4.831430299987999722e+06 4.635463699950000155e+05
2.797699890000000096e+02 4.831430350006000139e+06 4.635463900150000118e+05
2.801700129999999831e+02 4.831430290009000339e+06 4.635463599849999882e+05
2.802000120000000152e+02 4.831430299987999722e+06 4.635463699950000155e+05
2.802399899999999775e+02 4.831430309998000041e+06 4.635463699950000155e+05
2.802900089999999977e+02 4.831430309998000041e+06 4.635463699950000155e+05
2.801799930000000245e+02 4.831430309998000041e+06 4.635462999880000134e+05
2.802600100000000225e+02 4.831430339995999821e+06 4.635463200070000021e+05
2.802000120000000152e+02 4.831430089995999821e+06 4.635464400020000176e+05
2.802300109999999904e+02 4.831430059998000041e+06 4.635463699950000155e+05
2.793699950000000172e+02 4.831430200012000278e+06 4.635465100100000273e+05
2.794800109999999904e+02 4.831430170013000257e+06 4.635464699709999841e+05
2.799700010000000248e+02 4.831430190001999959e+06 4.635464000239999732e+05
2.793299870000000169e+02 4.831430170013000257e+06 4.635464600220000139e+05
2.793900150000000053e+02 4.831430170013000257e+06 4.635464500119999866e+05
2.794400019999999927e+02 4.831430179992999882e+06 4.635464500119999866e+05
2.794899899999999775e+02 4.831430179992999882e+06 4.635464400020000176e+05
2.798800049999999828e+02 4.831430160004000179e+06 4.635463599849999882e+05
2.799299930000000245e+02 4.831430170013000257e+06 4.635463599849999882e+05
2.799599910000000023e+02 4.831430190001999959e+06 4.635463599849999882e+05
2.793500060000000076e+02 4.831430190001999959e+06 4.635464400020000176e+05
2.794100040000000149e+02 4.831430190001999959e+06 4.635464299929999979e+05
2.794700010000000248e+02 4.831430190001999959e+06 4.635464199830000289e+05
2.794899899999999775e+02 4.831430209990999661e+06 4.635464400020000176e+05
2.798699950000000172e+02 4.831430200012000278e+06 4.635463599849999882e+05
2.799200129999999831e+02 4.831430200012000278e+06 4.635463499760000268e+05
2.799800109999999904e+02 4.831430209990999661e+06 4.635463499760000268e+05
2.793800049999999828e+02 4.831430220000999980e+06 4.635464199830000289e+05
2.794200129999999831e+02 4.831430230011000298e+06 4.635464199830000289e+05
2.795199890000000096e+02 4.831430209990999661e+06 4.635463900150000118e+05
2.797799989999999752e+02 4.831430269988999702e+06 4.635463800049999845e+05
2.797900089999999977e+02 4.831430309998000041e+06 4.635464000239999732e+05
2.797600100000000225e+02 4.831430290009000339e+06 4.635463599849999882e+05
2.797699890000000096e+02 4.831430329986999743e+06 4.635463800049999845e+05
2.797999879999999848e+02 4.831430359985000454e+06 4.635463900150000118e+05
2.797799989999999752e+02 4.831430290009000339e+06 4.635463099979999824e+05
2.797600100000000225e+02 4.831430339995999821e+06 4.635463499760000268e+05
2.797999879999999848e+02 4.831430359985000454e+06 4.635463599849999882e+05
2.798399959999999851e+02 4.831430369994999841e+06 4.635463599849999882e+05
2.798900150000000053e+02 4.831430390014999546e+06 4.635463599849999882e+05
2.797799989999999752e+02 4.831430369994999841e+06 4.635463300169999711e+05
2.798099980000000073e+02 4.831430390014999546e+06 4.635463300169999711e+05
2.798500060000000076e+02 4.831430399993999861e+06 4.635463300169999711e+05
2.798999939999999924e+02 4.831430410004000179e+06 4.635463300169999711e+05
2.799400019999999927e+02 4.831430420013000257e+06 4.635463300169999711e+05
2.802999879999999848e+02 4.831430029999000020e+06 4.635463499760000268e+05
2.793399959999999851e+02 4.831429980011000298e+06 4.635464400020000176e+05
2.799200129999999831e+02 4.831430019988999702e+06 4.635462899779999861e+05
2.796600040000000149e+02 4.831430119994999841e+06 4.635464000239999732e+05
2.797399899999999775e+02 4.831430109985000454e+06 4.635463599849999882e+05
2.798900150000000053e+02 4.831430100006000139e+06 4.635463099979999824e+05
2.798599849999999947e+02 4.831430170013000257e+06 4.635463699950000155e+05
2.799299930000000245e+02 4.831430170013000257e+06 4.635463499760000268e+05
2.799700010000000248e+02 4.831430179992999882e+06 4.635463499760000268e+05
2.801799930000000245e+02 4.831430250000000000e+06 4.635463300169999711e+05
2.802300109999999904e+02 4.831430260010000318e+06 4.635463300169999711e+05
2.802699890000000096e+02 4.831430279999000020e+06 4.635463300169999711e+05
2.793399959999999851e+02 4.831430170013000257e+06 4.635464699709999841e+05
2.794200129999999831e+02 4.831430170013000257e+06 4.635464400020000176e+05
2.794800109999999904e+02 4.831430170013000257e+06 4.635464199830000289e+05
2.795400089999999977e+02 4.831430170013000257e+06 4.635464000239999732e+05
2.795899959999999851e+02 4.831430179992999882e+06 4.635463900150000118e+05
2.797099910000000023e+02 4.831430140014999546e+06 4.635463200070000021e+05
2.797099910000000023e+02 4.831430179992999882e+06 4.635463499760000268e+05
2.797399899999999775e+02 4.831430200012000278e+06 4.635463599849999882e+05
2.797999879999999848e+02 4.831430209990999661e+06 4.635463499760000268e+05
2.798500060000000076e+02 4.831430220000999980e+06 4.635463400269999984e+05
2.799100040000000149e+02 4.831430220000999980e+06 4.635463200070000021e+05
2.799700010000000248e+02 4.831430230011000298e+06 4.635463200070000021e+05
2.802500000000000000e+02 4.831430299987999722e+06 4.635462800290000159e+05
2.802799989999999752e+02 4.831430309998000041e+06 4.635462800290000159e+05
2.793099980000000073e+02 4.831430200012000278e+06 4.635464099730000016e+05
2.794800109999999904e+02 4.831430209990999661e+06 4.635463699950000155e+05
2.795100100000000225e+02 4.831430230011000298e+06 4.635463699950000155e+05
2.797799989999999752e+02 4.831430179992999882e+06 4.635462500000000000e+05
2.797399899999999775e+02 4.831430250000000000e+06 4.635463200070000021e+05
2.797399899999999775e+02 4.831430299987999722e+06 4.635463499760000268e+05
2.797699890000000096e+02 4.831430320007000118e+06 4.635463599849999882e+05
2.797999879999999848e+02 4.831430350006000139e+06 4.635463699950000155e+05
2.797699890000000096e+02 4.831430359985000454e+06 4.635463300169999711e+05
2.798200069999999755e+02 4.831430369994999841e+06 4.635463200070000021e+05
2.798699950000000172e+02 4.831430380005000159e+06 4.635463200070000021e+05
2.799100040000000149e+02 4.831430399993999861e+06 4.635463099979999824e+05
2.799500120000000152e+02 4.831430420013000257e+06 4.635463200070000021e+05
2.800400089999999977e+02 4.831430410004000179e+06 4.635462800290000159e+05
2.798999939999999924e+02 4.831430399993999861e+06 4.635462800290000159e+05
2.796099849999999947e+02 4.831429820007000118e+06 4.635465499880000134e+05
2.797900089999999977e+02 4.831429649993999861e+06 4.635465399779999861e+05
2.800100100000000225e+02 4.831429589995999821e+06 4.635465900269999984e+05
2.798500060000000076e+02 4.831430329986999743e+06 4.635463699950000155e+05
2.797900089999999977e+02 4.831430309998000041e+06 4.635464199830000289e+05
2.797500000000000000e+02 4.831430299987999722e+06 4.635464099730000016e+05
2.802999879999999848e+02 4.831430250000000000e+06 4.635463900150000118e+05
2.800000000000000000e+02 4.831430200012000278e+06 4.635464000239999732e+05
2.798500060000000076e+02 4.831430179992999882e+06 4.635464099730000016e+05
2.796199950000000172e+02 4.831430160004000179e+06 4.635464199830000289e+05
2.795599980000000073e+02 4.831430160004000179e+06 4.635464299929999979e+05
2.795400089999999977e+02 4.831430140014999546e+06 4.635464199830000289e+05
2.794200129999999831e+02 4.831430160004000179e+06 4.635464600220000139e+05
2.793299870000000169e+02 4.831430170013000257e+06 4.635464799800000037e+05
2.794800109999999904e+02 4.831430140014999546e+06 4.635464799800000037e+05
2.794100040000000149e+02 4.831430140014999546e+06 4.635464799800000037e+05
2.793200069999999755e+02 4.831430149993999861e+06 4.635465100100000273e+05
2.795299989999999752e+02 4.831430130005000159e+06 4.635465100100000273e+05
2.794700010000000248e+02 4.831430130005000159e+06 4.635465100100000273e+05
2.794200129999999831e+02 4.831430119994999841e+06 4.635465200199999963e+05
2.793200069999999755e+02 4.831430130005000159e+06 4.635465399779999861e+05
2.799299930000000245e+02 4.831429959990999661e+06 4.635463699950000155e+05
2.802799989999999752e+02 4.831430279999000020e+06 4.635463800049999845e+05
2.802300109999999904e+02 4.831430279999000020e+06 4.635463699950000155e+05
2.798800049999999828e+02 4.831430380005000159e+06 4.635464299929999979e+05
2.798599849999999947e+02 4.831430359985000454e+06 4.635464099730000016e+05
2.802300109999999904e+02 4.831430260010000318e+06 4.635464199830000289e+05
2.801900019999999927e+02 4.831430250000000000e+06 4.635464099730000016e+05
2.798299870000000169e+02 4.831430339995999821e+06 4.635464500119999866e+05
2.797900089999999977e+02 4.831430329986999743e+06 4.635464400020000176e+05
2.797799989999999752e+02 4.831430299987999722e+06 4.635464299929999979e+05
2.801900019999999927e+02 4.831430250000000000e+06 4.635464699709999841e+05
2.801499939999999924e+02 4.831430239989999682e+06 4.635464600220000139e+05
2.798399959999999851e+02 4.831430250000000000e+06 4.635464600220000139e+05
2.799299930000000245e+02 4.831430170013000257e+06 4.635464099730000016e+05
2.797200010000000248e+02 4.831430260010000318e+06 4.635464600220000139e+05
2.796000060000000076e+02 4.831430170013000257e+06 4.635464500119999866e+05
2.797900089999999977e+02 4.831430160004000179e+06 4.635464899899999727e+05
2.793399959999999851e+02 4.831430190001999959e+06 4.635465000000000000e+05
2.794800109999999904e+02 4.831430149993999861e+06 4.635465399779999861e+05
2.802999879999999848e+02 4.831430260010000318e+06 4.635463900150000118e+05
2.802399899999999775e+02 4.831430250000000000e+06 4.635464199830000289e+05
2.797999879999999848e+02 4.831430369994999841e+06 4.635464000239999732e+05
2.797699890000000096e+02 4.831430329986999743e+06 4.635464199830000289e+05
2.798299870000000169e+02 4.831430140014999546e+06 4.635464899899999727e+05
2.795599980000000073e+02 4.831430179992999882e+06 4.635464500119999866e+05
2.797300109999999904e+02 4.831430160004000179e+06 4.635465300290000159e+05
2.796600040000000149e+02 4.831430170013000257e+06 4.635465200199999963e+05
2.795799870000000169e+02 4.831430149993999861e+06 4.635465000000000000e+05
2.795199890000000096e+02 4.831430160004000179e+06 4.635464899899999727e+05
2.794500120000000152e+02 4.831430179992999882e+06 4.635464799800000037e+05
2.793999939999999924e+02 4.831430170013000257e+06 4.635464699709999841e+05
2.795199890000000096e+02 4.831430179992999882e+06 4.635465499880000134e+05
2.794899899999999775e+02 4.831430160004000179e+06 4.635465300290000159e+05
2.794400019999999927e+02 4.831430160004000179e+06 4.635465200199999963e+05
2.793999939999999924e+02 4.831430160004000179e+06 4.635465100100000273e+05
2.793299870000000169e+02 4.831430160004000179e+06 4.635465000000000000e+05
2.793800049999999828e+02 4.831430209990999661e+06 4.635465800169999711e+05
2.793999939999999924e+02 4.831430170013000257e+06 4.635465599979999824e+05
2.793599849999999947e+02 4.831430160004000179e+06 4.635465499880000134e+05
2.793099980000000073e+02 4.831430160004000179e+06 4.635465399779999861e+05
2.802399899999999775e+02 4.831429660004000179e+06 4.635465999760000268e+05
2.796600040000000149e+02 4.831430250000000000e+06 4.635464299929999979e+05
2.798399959999999851e+02 4.831430309998000041e+06 4.635463200070000021e+05
2.801900019999999927e+02 4.831430299987999722e+06 4.635463200070000021e+05
2.802999879999999848e+02 4.831430320007000118e+06 4.635462800290000159e+05
2.802000120000000152e+02 4.831430109985000454e+06 4.635463300169999711e+05
2.793099980000000073e+02 4.831430200012000278e+06 4.635464099730000016e+05
2.797300109999999904e+02 4.831430170013000257e+06 4.635463400269999984e+05
2.797399899999999775e+02 4.831430200012000278e+06 4.635463499760000268e+05
2.798200069999999755e+02 4.831430200012000278e+06 4.635463400269999984e+05
2.799100040000000149e+02 4.831430200012000278e+06 4.635463300169999711e+05
2.799700010000000248e+02 4.831430209990999661e+06 4.635463200070000021e+05
2.798200069999999755e+02 4.831430079986999743e+06 4.635463300169999711e+05
2.802500000000000000e+02 4.831430260010000318e+06 4.635462999880000134e+05
2.796499939999999924e+02 4.831430160004000179e+06 4.635463400269999984e+05
2.797999879999999848e+02 4.831430329986999743e+06 4.635463099979999824e+05
2.798399959999999851e+02 4.831430350006000139e+06 4.635463099979999824e+05
2.798900150000000053e+02 4.831430369994999841e+06 4.635463099979999824e+05
2.799200129999999831e+02 4.831430390014999546e+06 4.635463099979999824e+05
2.799100040000000149e+02 4.831430420013000257e+06 4.635462500000000000e+05
2.801700129999999831e+02 4.831429579986999743e+06 4.635464400020000176e+05
2.802099910000000023e+02 4.831430290009000339e+06 4.635463400269999984e+05
2.799200129999999831e+02 4.831430190001999959e+06 4.635464000239999732e+05
2.802099910000000023e+02 4.831430380005000159e+06 4.635463099979999824e+05
2.802200010000000248e+02 4.831430320007000118e+06 4.635463400269999984e+05
2.802500000000000000e+02 4.831430299987999722e+06 4.635463300169999711e+05
2.802099910000000023e+02 4.831430279999000020e+06 4.635463099979999824e+05
2.798099980000000073e+02 4.831430309998000041e+06 4.635463900150000118e+05
2.797999879999999848e+02 4.831430239989999682e+06 4.635464299929999979e+05
2.797200010000000248e+02 4.831430230011000298e+06 4.635464199830000289e+05
2.798200069999999755e+02 4.831430190001999959e+06 4.635464000239999732e+05
2.797200010000000248e+02 4.831430179992999882e+06 4.635463900150000118e+05
2.794100040000000149e+02 4.831430200012000278e+06 4.635464699709999841e+05
2.794100040000000149e+02 4.831430179992999882e+06 4.635464500119999866e+05
2.793800049999999828e+02 4.831430160004000179e+06 4.635464400020000176e+05
2.793399959999999851e+02 4.831429980011000298e+06 4.635464699709999841e+05
2.802399899999999775e+02 4.831430350006000139e+06 4.635463400269999984e+05
2.802699890000000096e+02 4.831430320007000118e+06 4.635463300169999711e+05
2.802600100000000225e+02 4.831430299987999722e+06 4.635463200070000021e+05
2.801900019999999927e+02 4.831430329986999743e+06 4.635463599849999882e+05
2.802200010000000248e+02 4.831430299987999722e+06 4.635463499760000268e+05
2.801799930000000245e+02 4.831430279999000020e+06 4.635463300169999711e+05
2.798699950000000172e+02 4.831430410004000179e+06 4.635463699950000155e+05
2.798299870000000169e+02 4.831430399993999861e+06 4.635463499760000268e+05
2.797799989999999752e+02 4.831430390014999546e+06 4.635463800049999845e+05
2.797799989999999752e+02 4.831430369994999841e+06 4.635463599849999882e+05
2.798699950000000172e+02 4.831430329986999743e+06 4.635463599849999882e+05
2.797399899999999775e+02 4.831430339995999821e+06 4.635463800049999845e+05
2.797799989999999752e+02 4.831430309998000041e+06 4.635463699950000155e+05
2.800199890000000096e+02 4.831430230011000298e+06 4.635463800049999845e+05
2.797099910000000023e+02 4.831430320007000118e+06 4.635464099730000016e+05
2.797200010000000248e+02 4.831430299987999722e+06 4.635463900150000118e+05
2.798699950000000172e+02 4.831430239989999682e+06 4.635464000239999732e+05
2.799200129999999831e+02 4.831430209990999661e+06 4.635463900150000118e+05
2.798800049999999828e+02 4.831430190001999959e+06 4.635463699950000155e+05
2.797500000000000000e+02 4.831430279999000020e+06 4.635464299929999979e+05
2.797699890000000096e+02 4.831430250000000000e+06 4.635464199830000289e+05
2.798099980000000073e+02 4.831430220000999980e+06 4.635464099730000016e+05
2.798500060000000076e+02 4.831430190001999959e+06 4.635464000239999732e+05
2.797500000000000000e+02 4.831430190001999959e+06 4.635463800049999845e+05
2.796700129999999831e+02 4.831430179992999882e+06 4.635463499760000268e+05
2.797200010000000248e+02 4.831430250000000000e+06 4.635464500119999866e+05
2.797099910000000023e+02 4.831430230011000298e+06 4.635464299929999979e+05
2.797099910000000023e+02 4.831430209990999661e+06 4.635464199830000289e+05
2.797099910000000023e+02 4.831430190001999959e+06 4.635464000239999732e+05
2.795899959999999851e+02 4.831430239989999682e+06 4.635464500119999866e+05
2.796300049999999828e+02 4.831430209990999661e+06 4.635464400020000176e+05
2.796199950000000172e+02 4.831430190001999959e+06 4.635464199830000289e+05
2.794899899999999775e+02 4.831430260010000318e+06 4.635464799800000037e+05
2.795000000000000000e+02 4.831430239989999682e+06 4.635464699709999841e+05
2.795400089999999977e+02 4.831430209990999661e+06 4.635464600220000139e+05
2.795100100000000225e+02 4.831430190001999959e+06 4.635464400020000176e+05
2.793299870000000169e+02 4.831430200012000278e+06 4.635464000239999732e+05
2.793599849999999947e+02 4.831430250000000000e+06 4.635464899899999727e+05
2.793999939999999924e+02 4.831430220000999980e+06 4.635464799800000037e+05
2.793900150000000053e+02 4.831430200012000278e+06 4.635464699709999841e+05
2.793599849999999947e+02 4.831430190001999959e+06 4.635464500119999866e+05
2.798599849999999947e+02 4.831429769988999702e+06 4.635463699950000155e+05
2.795199890000000096e+02 4.831429980011000298e+06 4.635465999760000268e+05
2.793399959999999851e+02 4.831430040009000339e+06 4.635464400020000176e+05
2.793399959999999851e+02 4.831430040009000339e+06 4.635464199830000289e+05
2.793200069999999755e+02 4.831430059998000041e+06 4.635464299929999979e+05
2.802600100000000225e+02 4.831430089995999821e+06 4.635463499760000268e+05
2.799800109999999904e+02 4.831430079986999743e+06 4.635463300169999711e+05
2.798800049999999828e+02 4.831430089995999821e+06 4.635463300169999711e+05
2.798399959999999851e+02 4.831430109985000454e+06 4.635463400269999984e+05
2.797999879999999848e+02 4.831430130005000159e+06 4.635463499760000268e+05
2.797799989999999752e+02 4.831430149993999861e+06 4.635463599849999882e+05
2.797600100000000225e+02 4.831430170013000257e+06 4.635463699950000155e+05
2.797300109999999904e+02 4.831430190001999959e+06 4.635463800049999845e+05
2.797600100000000225e+02 4.831430209990999661e+06 4.635464000239999732e+05
2.797600100000000225e+02 4.831430239989999682e+06 4.635464099730000016e+05
2.795100100000000225e+02 4.831430279999000020e+06 4.635464199830000289e+05
2.802699890000000096e+02 4.831430100006000139e+06 4.635463300169999711e+05
2.799899899999999775e+02 4.831430109985000454e+06 4.635463200070000021e+05
2.798599849999999947e+02 4.831430119994999841e+06 4.635463200070000021e+05
2.798200069999999755e+02 4.831430130005000159e+06 4.635463300169999711e+05
2.797900089999999977e+02 4.831430160004000179e+06 4.635463400269999984e+05
2.797500000000000000e+02 4.831430179992999882e+06 4.635463499760000268e+05
2.797999879999999848e+02 4.831430230011000298e+06 4.635463800049999845e+05
2.798399959999999851e+02 4.831430250000000000e+06 4.635464000239999732e+05
2.801499939999999924e+02 4.831430119994999841e+06 4.635462899779999861e+05
2.799400019999999927e+02 4.831430250000000000e+06 4.635463599849999882e+05
2.798699950000000172e+02 4.831430269988999702e+06 4.635463599849999882e+05
2.801700129999999831e+02 4.831430320007000118e+06 4.635463099979999824e+05
2.801499939999999924e+02 4.831430339995999821e+06 4.635463200070000021e+05
2.797999879999999848e+02 4.831430390014999546e+06 4.635463400269999984e+05
2.802900089999999977e+02 4.831430399993999861e+06 4.635463200070000021e+05
2.794899899999999775e+02 4.831429959990999661e+06 4.635465800169999711e+05
2.794800109999999904e+02 4.831429970000999980e+06 4.635465200199999963e+05
2.794700010000000248e+02 4.831430000000000000e+06 4.635465399779999861e+05
2.797399899999999775e+02 4.831430359985000454e+06 4.635463099979999824e+05
2.797900089999999977e+02 4.831430390014999546e+06 4.635463200070000021e+05
2.795000000000000000e+02 4.831429980011000298e+06 4.635465300290000159e+05
2.802799989999999752e+02 4.831430399993999861e+06 4.635462700199999963e+05
2.797099910000000023e+02 4.831430260010000318e+06 4.635462899779999861e+05
2.797399899999999775e+02 4.831430290009000339e+06 4.635462899779999861e+05
2.797600100000000225e+02 4.831430339995999821e+06 4.635463099979999824e+05
2.794400019999999927e+02 4.831430290009000339e+06 4.635464000239999732e+05
2.798299870000000169e+02 4.831430420013000257e+06 4.635462999880000134e+05
2.798999939999999924e+02 4.831430420013000257e+06 4.635462899779999861e+05
2.799200129999999831e+02 4.831430399993999861e+06 4.635462800290000159e+05
2.793200069999999755e+02 4.831430269988999702e+06 4.635463900150000118e+05
2.793900150000000053e+02 4.831430269988999702e+06 4.635463800049999845e+05
2.794500120000000152e+02 4.831430269988999702e+06 4.635463699950000155e+05
2.795000000000000000e+02 4.831430269988999702e+06 4.635463699950000155e+05
2.795599980000000073e+02 4.831430269988999702e+06 4.635463599849999882e+05
2.797000120000000152e+02 4.831430299987999722e+06 4.635463599849999882e+05
2.797200010000000248e+02 4.831430290009000339e+06 4.635463400269999984e+05
2.797200010000000248e+02 4.831430260010000318e+06 4.635463300169999711e+05
2.797699890000000096e+02 4.831430250000000000e+06 4.635463200070000021e+05
2.798399959999999851e+02 4.831430250000000000e+06 4.635463099979999824e+05
2.799200129999999831e+02 4.831430260010000318e+06 4.635462999880000134e+05
2.801300049999999828e+02 4.831430329986999743e+06 4.635463099979999824e+05
2.802799989999999752e+02 4.831430339995999821e+06 4.635462899779999861e+05
2.793500060000000076e+02 4.831430190001999959e+06 4.635464400020000176e+05
2.794700010000000248e+02 4.831430209990999661e+06 4.635464400020000176e+05
2.795499879999999848e+02 4.831430230011000298e+06 4.635464299929999979e+05
2.796000060000000076e+02 4.831430220000999980e+06 4.635464199830000289e+05
2.796499939999999924e+02 4.831430209990999661e+06 4.635464099730000016e+05
2.797200010000000248e+02 4.831430190001999959e+06 4.635463900150000118e+05
2.797300109999999904e+02 4.831430170013000257e+06 4.635463699950000155e+05
2.798299870000000169e+02 4.831430179992999882e+06 4.635463699950000155e+05
2.798099980000000073e+02 4.831430140014999546e+06 4.635463499760000268e+05
2.798599849999999947e+02 4.831430130005000159e+06 4.635463300169999711e+05
2.798699950000000172e+02 4.831430109985000454e+06 4.635463200070000021e+05
2.800000000000000000e+02 4.831430140014999546e+06 4.635463200070000021e+05
2.800899959999999851e+02 4.831430100006000139e+06 4.635462899779999861e+05
2.793200069999999755e+02 4.831430010010000318e+06 4.635464400020000176e+05
2.793399959999999851e+02 4.831430000000000000e+06 4.635464299929999979e+05
2.802399899999999775e+02 4.831430070007000118e+06 4.635463400269999984e+05
2.802900089999999977e+02 4.831430070007000118e+06 4.635463300169999711e+05
2.801900019999999927e+02 4.831430320007000118e+06 4.635463300169999711e+05
2.796799930000000245e+02 4.831430309998000041e+06 4.635463800049999845e+05
2.797200010000000248e+02 4.831430290009000339e+06 4.635463699950000155e+05
2.797699890000000096e+02 4.831430279999000020e+06 4.635463599849999882e+05
2.797699890000000096e+02 4.831430260010000318e+06 4.635463499760000268e+05
2.798599849999999947e+02 4.831430269988999702e+06 4.635463599849999882e+05
2.798999939999999924e+02 4.831430250000000000e+06 4.635463499760000268e+05
2.797300109999999904e+02 4.831430200012000278e+06 4.635463599849999882e+05
2.798399959999999851e+02 4.831430089995999821e+06 4.635462999880000134e+05
2.793200069999999755e+02 4.831430279999000020e+06 4.635464400020000176e+05
2.793699950000000172e+02 4.831430269988999702e+06 4.635464400020000176e+05
2.795700069999999755e+02 4.831430260010000318e+06 4.635464400020000176e+05
2.795799870000000169e+02 4.831430230011000298e+06 4.635464199830000289e+05
2.793200069999999755e+02 4.831430260010000318e+06 4.635464600220000139e+05
2.793500060000000076e+02 4.831430250000000000e+06 4.635464500119999866e+05
2.794200129999999831e+02 4.831430239989999682e+06 4.635464500119999866e+05
2.795199890000000096e+02 4.831430220000999980e+06 4.635464500119999866e+05
2.794800109999999904e+02 4.831429970000999980e+06 4.635465700070000021e+05
2.801799930000000245e+02 4.831430390014999546e+06 4.635463200070000021e+05
2.802099910000000023e+02 4.831430369994999841e+06 4.635463099979999824e+05
2.798099980000000073e+02 4.831430399993999861e+06 4.635463300169999711e+05
2.797200010000000248e+02 4.831430380005000159e+06 4.635463499760000268e+05
2.797099910000000023e+02 4.831430339995999821e+06 4.635463200070000021e+05
2.795799870000000169e+02 4.831430329986999743e+06 4.635463300169999711e+05
2.797000120000000152e+02 4.831430329986999743e+06 4.635463599849999882e+05
2.797000120000000152e+02 4.831430299987999722e+06 4.635463400269999984e+05
2.797600100000000225e+02 4.831430290009000339e+06 4.635463400269999984e+05
2.796300049999999828e+02 4.831430329986999743e+06 4.635463800049999845e+05
2.796600040000000149e+02 4.831430309998000041e+06 4.635463800049999845e+05
2.797099910000000023e+02 4.831430299987999722e+06 4.635463800049999845e+05
2.797399899999999775e+02 4.831430279999000020e+06 4.635463699950000155e+05
2.797799989999999752e+02 4.831430260010000318e+06 4.635463699950000155e+05
2.798099980000000073e+02 4.831430250000000000e+06 4.635463699950000155e+05
2.794500120000000152e+02 4.831430309998000041e+06 4.635463800049999845e+05
2.795199890000000096e+02 4.831430309998000041e+06 4.635463900150000118e+05
2.795799870000000169e+02 4.831430290009000339e+06 4.635464000239999732e+05
2.796499939999999924e+02 4.831430279999000020e+06 4.635464099730000016e+05
2.796799930000000245e+02 4.831430260010000318e+06 4.635464000239999732e+05
2.797000120000000152e+02 4.831430239989999682e+06 4.635463900150000118e+05
2.797200010000000248e+02 4.831430220000999980e+06 4.635463800049999845e+05
2.797699890000000096e+02 4.831430209990999661e+06 4.635463800049999845e+05
2.797399899999999775e+02 4.831430179992999882e+06 4.635463499760000268e+05
2.793900150000000053e+02 4.831430329986999743e+06 4.635464199830000289e+05
2.794100040000000149e+02 4.831430299987999722e+06 4.635464099730000016e+05
2.794700010000000248e+02 4.831430299987999722e+06 4.635464199830000289e+05
2.795199890000000096e+02 4.831430290009000339e+06 4.635464199830000289e+05
2.795499879999999848e+02 4.831430269988999702e+06 4.635464199830000289e+05
2.796000060000000076e+02 4.831430260010000318e+06 4.635464199830000289e+05
2.796400150000000053e+02 4.831430239989999682e+06 4.635464099730000016e+05
2.796700129999999831e+02 4.831430220000999980e+06 4.635464099730000016e+05
2.796900019999999927e+02 4.831430200012000278e+06 4.635464000239999732e+05
2.793599849999999947e+02 4.831430290009000339e+06 4.635464400020000176e+05
2.794200129999999831e+02 4.831430279999000020e+06 4.635464400020000176e+05
2.795499879999999848e+02 4.831430260010000318e+06 4.635464600220000139e+05
2.793399959999999851e+02 4.831430260010000318e+06 4.635464600220000139e+05
2.793699950000000172e+02 4.831430019988999702e+06 4.635464600220000139e+05
2.801400150000000053e+02 4.831429670013000257e+06 4.635465900269999984e+05
2.801499939999999924e+02 4.831429670013000257e+06 4.635465800169999711e+05
2.801700129999999831e+02 4.831429690001999959e+06 4.635465900269999984e+05
2.801400150000000053e+02 4.831429670013000257e+06 4.635465599979999824e+05
2.801000060000000076e+02 4.831429690001999959e+06 4.635465800169999711e+05
2.796099849999999947e+02 4.831429640014999546e+06 4.635463800049999845e+05
2.794700010000000248e+02 4.831429970000999980e+06 4.635465599979999824e+05
2.793500060000000076e+02 4.831429970000999980e+06 4.635464600220000139e+05
2.793399959999999851e+02 4.831430059998000041e+06 4.635464600220000139e+05
2.797000120000000152e+02 4.831430260010000318e+06 4.635464199830000289e+05
2.796700129999999831e+02 4.831430269988999702e+06 4.635464299929999979e+05
2.796199950000000172e+02 4.831430279999000020e+06 4.635464299929999979e+05
2.795799870000000169e+02 4.831430290009000339e+06 4.635464400020000176e+05
2.795499879999999848e+02 4.831430309998000041e+06 4.635464500119999866e+05
2.796300049999999828e+02 4.831430309998000041e+06 4.635463900150000118e+05
2.795799870000000169e+02 4.831430309998000041e+06 4.635463900150000118e+05
2.794899899999999775e+02 4.831430290009000339e+06 4.635463699950000155e+05
2.797699890000000096e+02 4.831430410004000179e+06 4.635463699950000155e+05
2.795100100000000225e+02 4.831429980011000298e+06 4.635465900269999984e+05
2.802600100000000225e+02 4.831430089995999821e+06 4.635463800049999845e+05
2.793399959999999851e+02 4.831430029999000020e+06 4.635464699709999841e+05
2.801300049999999828e+02 4.831430109985000454e+06 4.635463099979999824e+05
2.799700010000000248e+02 4.831430109985000454e+06 4.635463300169999711e+05
2.798999939999999924e+02 4.831430089995999821e+06 4.635463300169999711e+05
2.798699950000000172e+02 4.831430109985000454e+06 4.635463499760000268e+05
2.796099849999999947e+02 4.831430250000000000e+06 4.635464600220000139e+05
2.802000120000000152e+02 4.831430329986999743e+06 4.635463300169999711e+05
2.801600040000000149e+02 4.831430339995999821e+06 4.635463400269999984e+05
2.801099849999999947e+02 4.831430339995999821e+06 4.635463499760000268e+05
2.800599980000000073e+02 4.831430329986999743e+06 4.635463499760000268e+05
2.798800049999999828e+02 4.831430309998000041e+06 4.635463599849999882e+05
2.797999879999999848e+02 4.831430290009000339e+06 4.635463599849999882e+05
2.797600100000000225e+02 4.831430290009000339e+06 4.635463699950000155e+05
2.797200010000000248e+02 4.831430309998000041e+06 4.635463800049999845e+05
2.796799930000000245e+02 4.831430320007000118e+06 4.635463900150000118e+05
2.796099849999999947e+02 4.831430309998000041e+06 4.635464000239999732e+05
2.795700069999999755e+02 4.831430320007000118e+06 4.635464099730000016e+05
2.794500120000000152e+02 4.831430299987999722e+06 4.635464199830000289e+05
2.794100040000000149e+02 4.831430309998000041e+06 4.635464299929999979e+05
2.793599849999999947e+02 4.831430309998000041e+06 4.635464299929999979e+05
2.802699890000000096e+02 4.831430399993999861e+06 4.635462800290000159e+05
2.802099910000000023e+02 4.831430390014999546e+06 4.635462899779999861e+05
2.801600040000000149e+02 4.831430399993999861e+06 4.635462999880000134e+05
2.797600100000000225e+02 4.831430359985000454e+06 4.635463300169999711e+05
2.797600100000000225e+02 4.831430399993999861e+06 4.635463499760000268e+05
2.801900019999999927e+02 4.831430130005000159e+06 4.635463099979999824e+05
2.801199950000000172e+02 4.831430149993999861e+06 4.635462700199999963e+05
2.799400019999999927e+02 4.831430170013000257e+06 4.635463300169999711e+05
2.793599849999999947e+02 4.831430040009000339e+06 4.635464400020000176e+05
2.797200010000000248e+02 4.831430320007000118e+06 4.635463599849999882e+05
2.797200010000000248e+02 4.831430359985000454e+06 4.635463800049999845e+05
2.796099849999999947e+02 4.831430309998000041e+06 4.635463900150000118e+05
2.795700069999999755e+02 4.831430309998000041e+06 4.635464000239999732e+05
2.795100100000000225e+02 4.831430309998000041e+06 4.635464099730000016e+05
2.797999879999999848e+02 4.831430420013000257e+06 4.635462999880000134e+05
2.798999939999999924e+02 4.831430420013000257e+06 4.635462899779999861e+05
2.797200010000000248e+02 4.831430359985000454e+06 4.635463300169999711e+05
2.797799989999999752e+02 4.831430359985000454e+06 4.635463200070000021e+05
2.798500060000000076e+02 4.831430279999000020e+06 4.635462800290000159e+05
2.798999939999999924e+02 4.831430290009000339e+06 4.635462800290000159e+05
2.799200129999999831e+02 4.831430260010000318e+06 4.635462600100000273e+05
2.800299989999999752e+02 4.831430309998000041e+06 4.635462800290000159e+05
2.801000060000000076e+02 4.831430339995999821e+06 4.635462800290000159e+05
2.793099980000000073e+02 4.831430290009000339e+06 4.635463699950000155e+05
2.793699950000000172e+02 4.831430290009000339e+06 4.635463699950000155e+05
2.794299930000000245e+02 4.831430299987999722e+06 4.635463699950000155e+05
2.794700010000000248e+02 4.831430290009000339e+06 4.635463599849999882e+05
2.795199890000000096e+02 4.831430290009000339e+06 4.635463499760000268e+05
2.795700069999999755e+02 4.831430290009000339e+06 4.635463499760000268e+05
2.796199950000000172e+02 4.831430299987999722e+06 4.635463499760000268e+05
2.797000120000000152e+02 4.831430320007000118e+06 4.635463499760000268e+05
2.797300109999999904e+02 4.831430299987999722e+06 4.635463400269999984e+05
2.797600100000000225e+02 4.831430279999000020e+06 4.635463300169999711e+05
2.798200069999999755e+02 4.831430279999000020e+06 4.635463200070000021e+05
2.798699950000000172e+02 4.831430279999000020e+06 4.635463200070000021e+05
2.799200129999999831e+02 4.831430279999000020e+06 4.635463099979999824e+05
2.799899899999999775e+02 4.831430290009000339e+06 4.635463099979999824e+05
2.793299870000000169e+02 4.831430290009000339e+06 4.635464099730000016e+05
2.793800049999999828e+02 4.831430290009000339e+06 4.635464099730000016e+05
2.794299930000000245e+02 4.831430290009000339e+06 4.635464000239999732e+05
2.794899899999999775e+02 4.831430279999000020e+06 4.635464000239999732e+05
2.795400089999999977e+02 4.831430279999000020e+06 4.635463900150000118e+05
2.796000060000000076e+02 4.831430279999000020e+06 4.635463900150000118e+05
2.796400150000000053e+02 4.831430279999000020e+06 4.635463800049999845e+05
2.796799930000000245e+02 4.831430279999000020e+06 4.635463800049999845e+05
2.797600100000000225e+02 4.831430260010000318e+06 4.635463599849999882e+05
2.798099980000000073e+02 4.831430250000000000e+06 4.635463499760000268e+05
2.798500060000000076e+02 4.831430239989999682e+06 4.635463400269999984e+05
2.798999939999999924e+02 4.831430250000000000e+06 4.635463400269999984e+05
2.799500120000000152e+02 4.831430239989999682e+06 4.635463300169999711e+05
2.800100100000000225e+02 4.831430239989999682e+06 4.635463300169999711e+05
2.793699950000000172e+02 4.831430239989999682e+06 4.635464400020000176e+05
2.794200129999999831e+02 4.831430239989999682e+06 4.635464400020000176e+05
2.794599910000000023e+02 4.831430230011000298e+06 4.635464299929999979e+05
2.795000000000000000e+02 4.831430230011000298e+06 4.635464299929999979e+05
2.795299989999999752e+02 4.831430209990999661e+06 4.635464099730000016e+05
2.796099849999999947e+02 4.831430239989999682e+06 4.635464199830000289e+05
2.796600040000000149e+02 4.831430230011000298e+06 4.635464099730000016e+05
2.796499939999999924e+02 4.831430170013000257e+06 4.635463800049999845e+05
2.797600100000000225e+02 4.831430160004000179e+06 4.635463699950000155e+05
2.798200069999999755e+02 4.831430130005000159e+06 4.635463499760000268e+05
2.798399959999999851e+02 4.831430109985000454e+06 4.635463300169999711e+05
2.798599849999999947e+02 4.831430079986999743e+06 4.635463200070000021e+05
2.798999939999999924e+02 4.831430070007000118e+06 4.635463099979999824e+05
2.793200069999999755e+02 4.831430010010000318e+06 4.635464400020000176e+05
2.793599849999999947e+02 4.831429989989999682e+06 4.635464199830000289e+05
2.795299989999999752e+02 4.831429980011000298e+06 4.635465999760000268e+05
2.797799989999999752e+02 4.831430390014999546e+06 4.635463200070000021e+05
2.796300049999999828e+02 4.831430320007000118e+06 4.635463300169999711e+05
2.797799989999999752e+02 4.831430299987999722e+06 4.635463300169999711e+05
2.798200069999999755e+02 4.831430290009000339e+06 4.635463200070000021e+05
2.793500060000000076e+02 4.831430309998000041e+06 4.635463800049999845e+05
2.793999939999999924e+02 4.831430309998000041e+06 4.635463800049999845e+05
2.794599910000000023e+02 4.831430309998000041e+06 4.635463800049999845e+05
2.795100100000000225e+02 4.831430309998000041e+06 4.635463800049999845e+05
2.795700069999999755e+02 4.831430309998000041e+06 4.635463900150000118e+05
2.796300049999999828e+02 4.831430309998000041e+06 4.635463900150000118e+05
2.796700129999999831e+02 4.831430290009000339e+06 4.635463800049999845e+05
2.797500000000000000e+02 4.831430279999000020e+06 4.635463699950000155e+05
2.793099980000000073e+02 4.831430299987999722e+06 4.635464299929999979e+05
2.793599849999999947e+02 4.831430290009000339e+06 4.635464299929999979e+05
2.793999939999999924e+02 4.831430290009000339e+06 4.635464299929999979e+05
2.794400019999999927e+02 4.831430279999000020e+06 4.635464299929999979e+05
2.794899899999999775e+02 4.831430269988999702e+06 4.635464199830000289e+05
2.795299989999999752e+02 4.831430260010000318e+06 4.635464199830000289e+05
2.795799870000000169e+02 4.831430260010000318e+06 4.635464199830000289e+05
2.796099849999999947e+02 4.831430239989999682e+06 4.635464099730000016e+05
2.796600040000000149e+02 4.831430230011000298e+06 4.635464000239999732e+05
2.793099980000000073e+02 4.831430250000000000e+06 4.635464600220000139e+05
2.793599849999999947e+02 4.831430239989999682e+06 4.635464500119999866e+05
2.794100040000000149e+02 4.831430230011000298e+06 4.635464500119999866e+05
2.794299930000000245e+02 4.831430200012000278e+06 4.635464299929999979e+05
2.793200069999999755e+02 4.831430049987999722e+06 4.635464199830000289e+05
2.793299870000000169e+02 4.831430010010000318e+06 4.635464000239999732e+05
2.793399959999999851e+02 4.831430040009000339e+06 4.635464600220000139e+05
2.793099980000000073e+02 4.831429980011000298e+06 4.635464199830000289e+05
2.797699890000000096e+02 4.831430399993999861e+06 4.635463400269999984e+05
2.796499939999999924e+02 4.831430350006000139e+06 4.635463300169999711e+05
2.797099910000000023e+02 4.831430350006000139e+06 4.635463400269999984e+05
2.799700010000000248e+02 4.831430279999000020e+06 4.635463400269999984e+05
2.797000120000000152e+02 4.831430320007000118e+06 4.635463599849999882e+05
2.795299989999999752e+02 4.831430320007000118e+06 4.635463800049999845e+05
2.797099910000000023e+02 4.831430290009000339e+06 4.635463900150000118e+05
2.793699950000000172e+02 4.831430309998000041e+06 4.635463900150000118e+05
2.794299930000000245e+02 4.831430309998000041e+06 4.635464000239999732e+05
2.794800109999999904e+02 4.831430309998000041e+06 4.635464099730000016e+05
2.795199890000000096e+02 4.831430290009000339e+06 4.635464000239999732e+05
2.795799870000000169e+02 4.831430290009000339e+06 4.635464099730000016e+05
2.796300049999999828e+02 4.831430279999000020e+06 4.635464099730000016e+05
2.797999879999999848e+02 4.831430149993999861e+06 4.635463400269999984e+05
2.798200069999999755e+02 4.831430119994999841e+06 4.635463200070000021e+05
2.793200069999999755e+02 4.831430309998000041e+06 4.635464299929999979e+05
2.793800049999999828e+02 4.831430299987999722e+06 4.635464299929999979e+05
2.794200129999999831e+02 4.831430290009000339e+06 4.635464299929999979e+05
2.794599910000000023e+02 4.831430279999000020e+06 4.635464400020000176e+05
2.795000000000000000e+02 4.831430260010000318e+06 4.635464299929999979e+05
2.795499879999999848e+02 4.831430260010000318e+06 4.635464299929999979e+05
2.793500060000000076e+02 4.831430269988999702e+06 4.635464600220000139e+05
2.793999939999999924e+02 4.831430260010000318e+06 4.635464600220000139e+05
2.794400019999999927e+02 4.831430239989999682e+06 4.635464500119999866e+05
2.793500060000000076e+02 4.831429989989999682e+06 4.635464400020000176e+05
2.793699950000000172e+02 4.831430040009000339e+06 4.635464400020000176e+05
2.793399959999999851e+02 4.831430230011000298e+06 4.635464199830000289e+05
2.795499879999999848e+02 4.831430220000999980e+06 4.635463699950000155e+05
2.797799989999999752e+02 4.831430170013000257e+06 4.635463200070000021e+05
2.798999939999999924e+02 4.831430320007000118e+06 4.635463200070000021e+05
2.798200069999999755e+02 4.831430410004000179e+06 4.635463099979999824e+05
2.801900019999999927e+02 4.831430309998000041e+06 4.635462800290000159e+05
2.802399899999999775e+02 4.831430329986999743e+06 4.635462800290000159e+05
2.802699890000000096e+02 4.831430350006000139e+06 4.635462800290000159e+05
2.793500060000000076e+02 4.831430049987999722e+06 4.635464400020000176e+05
2.799200129999999831e+02 4.831430070007000118e+06 4.635463099979999824e+05
2.798500060000000076e+02 4.831430109985000454e+06 4.635463099979999824e+05
2.802600100000000225e+02 4.831430329986999743e+06 4.635462600100000273e+05
2.802399899999999775e+02 4.831430089995999821e+06 4.635462899779999861e+05
2.802000120000000152e+02 4.831430119994999841e+06 4.635462999880000134e+05
2.799400019999999927e+02 4.831430070007000118e+06 4.635462800290000159e+05
2.798599849999999947e+02 4.831430100006000139e+06 4.635462999880000134e+05
2.797900089999999977e+02 4.831430140014999546e+06 4.635463200070000021e+05
2.797300109999999904e+02 4.831430209990999661e+06 4.635463300169999711e+05
2.798399959999999851e+02 4.831430220000999980e+06 4.635462999880000134e+05
2.799299930000000245e+02 4.831430239989999682e+06 4.635462700199999963e+05
2.799299930000000245e+02 4.831430260010000318e+06 4.635462700199999963e+05
2.797300109999999904e+02 4.831430309998000041e+06 4.635463300169999711e+05
2.797399899999999775e+02 4.831430339995999821e+06 4.635463200070000021e+05
2.797600100000000225e+02 4.831430359985000454e+06 4.635463200070000021e+05
2.797799989999999752e+02 4.831430390014999546e+06 4.635463099979999824e+05
2.795899959999999851e+02 4.831430220000999980e+06 4.635462999880000134e+05
2.796400150000000053e+02 4.831430239989999682e+06 4.635462800290000159e+05
2.802500000000000000e+02 4.831429489989999682e+06 4.635461400150000118e+05
2.793399959999999851e+02 4.831430170013000257e+06 4.635463099979999824e+05
2.797799989999999752e+02 4.831430179992999882e+06 4.635462500000000000e+05
2.795499879999999848e+02 4.831430179992999882e+06 4.635463099979999824e+05
2.794800109999999904e+02 4.831430170013000257e+06 4.635463300169999711e+05
2.793599849999999947e+02 4.831430179992999882e+06 4.635463400269999984e+05
2.796099849999999947e+02 4.831430119994999841e+06 4.635462700199999963e+05
2.795499879999999848e+02 4.831430119994999841e+06 4.635462899779999861e+05
2.794599910000000023e+02 4.831430100006000139e+06 4.635463200070000021e+05
2.793900150000000053e+02 4.831430130005000159e+06 4.635462800290000159e+05
2.797200010000000248e+02 4.831430250000000000e+06 4.635462500000000000e+05
2.799400019999999927e+02 4.831430049987999722e+06 4.635462899779999861e+05
2.798900150000000053e+02 4.831430070007000118e+06 4.635463300169999711e+05
2.799299930000000245e+02 4.831430059998000041e+06 4.635463400269999984e+05
2.797200010000000248e+02 4.831430309998000041e+06 4.635463599849999882e+05
2.797399899999999775e+02 4.831430299987999722e+06 4.635463900150000118e+05
2.797399899999999775e+02 4.831430279999000020e+06 4.635464299929999979e+05
2.798599849999999947e+02 4.831430399993999861e+06 4.635463200070000021e+05
2.798999939999999924e+02 4.831430390014999546e+06 4.635463300169999711e+05
2.798999939999999924e+02 4.831430109985000454e+06 4.635462899779999861e+05
2.801199950000000172e+02 4.831430279999000020e+06 4.635462800290000159e+05
2.800100100000000225e+02 4.831430230011000298e+06 4.635462899779999861e+05
2.797799989999999752e+02 4.831430209990999661e+06 4.635463400269999984e+05
2.802000120000000152e+02 4.831430350006000139e+06 4.635462600100000273e+05
2.802000120000000152e+02 4.831430380005000159e+06 4.635462800290000159e+05
2.796700129999999831e+02 4.831430320007000118e+06 4.635463499760000268e+05
2.793399959999999851e+02 4.831430299987999722e+06 4.635464099730000016e+05
2.799200129999999831e+02 4.831430040009000339e+06 4.635462999880000134e+05
2.801400150000000053e+02 4.831430100006000139e+06 4.635463099979999824e+05
2.801199950000000172e+02 4.831430309998000041e+06 4.635462600100000273e+05
2.796799930000000245e+02 4.831430209990999661e+06 4.635463200070000021e+05
2.793699950000000172e+02 4.831429920013000257e+06 4.635464600220000139e+05
2.793200069999999755e+02 4.831429940001999959e+06 4.635464699709999841e+05
2.793099980000000073e+02 4.831429859985000454e+06 4.635464500119999866e+05
2.801499939999999924e+02 4.831429540009000339e+06 4.635461699830000289e+05
2.797600100000000225e+02 4.831430320007000118e+06 4.635463099979999824e+05
2.795199890000000096e+02 4.831430250000000000e+06 4.635463599849999882e+05
2.802600100000000225e+02 4.831430329986999743e+06 4.635462700199999963e+05
2.800499879999999848e+02 4.831430279999000020e+06 4.635462999880000134e+05
2.798800049999999828e+02 4.831430239989999682e+06 4.635463300169999711e+05
2.798099980000000073e+02 4.831430230011000298e+06 4.635463200070000021e+05
2.802600100000000225e+02 4.831430260010000318e+06 4.635462700199999963e+05
2.797799989999999752e+02 4.831430149993999861e+06 4.635463400269999984e+05
2.797200010000000248e+02 4.831430149993999861e+06 4.635463200070000021e+05
2.793299870000000169e+02 4.831430040009000339e+06 4.635464099730000016e+05
2.798399959999999851e+02 4.831430119994999841e+06 4.635463300169999711e+05
2.797799989999999752e+02 4.831430109985000454e+06 4.635463300169999711e+05
2.801099849999999947e+02 4.831430140014999546e+06 4.635462999880000134e+05
2.798500060000000076e+02 4.831430079986999743e+06 4.635463300169999711e+05
2.797999879999999848e+02 4.831430079986999743e+06 4.635463200070000021e+05
2.802000120000000152e+02 4.831430130005000159e+06 4.635462899779999861e+05
2.798500060000000076e+02 4.831430059998000041e+06 4.635463099979999824e+05
2.796199950000000172e+02 4.831430000000000000e+06 4.635463599849999882e+05
2.801499939999999924e+02 4.831430100006000139e+06 4.635462999880000134e+05
2.798900150000000053e+02 4.831430049987999722e+06 4.635463300169999711e+05
2.798500060000000076e+02 4.831430059998000041e+06 4.635463099979999824e+05
2.802699890000000096e+02 4.831430149993999861e+06 4.635462600100000273e+05
2.798800049999999828e+02 4.831430049987999722e+06 4.635463300169999711e+05
2.798599849999999947e+02 4.831430059998000041e+06 4.635463099979999824e+05
2.802600100000000225e+02 4.831430059998000041e+06 4.635463300169999711e+05
2.802099910000000023e+02 4.831430070007000118e+06 4.635463200070000021e+05
2.801700129999999831e+02 4.831430070007000118e+06 4.635462999880000134e+05
2.798699950000000172e+02 4.831430040009000339e+06 4.635462800290000159e+05
2.802300109999999904e+02 4.831430040009000339e+06 4.635462999880000134e+05
2.798800049999999828e+02 4.831429980011000298e+06 4.635463200070000021e+05
2.799200129999999831e+02 4.831430359985000454e+06 4.635462899779999861e+05
2.802999879999999848e+02 4.831430279999000020e+06 4.635462899779999861e+05
2.802999879999999848e+02 4.831430290009000339e+06 4.635462700199999963e+05
2.798099980000000073e+02 4.831430299987999722e+06 4.635463200070000021e+05
2.797900089999999977e+02 4.831430309998000041e+06 4.635463099979999824e+05
2.797000120000000152e+02 4.831430200012000278e+06 4.635464199830000289e+05
2.797200010000000248e+02 4.831430220000999980e+06 4.635463800049999845e+05
2.797300109999999904e+02 4.831430239989999682e+06 4.635463499760000268e+05
2.796099849999999947e+02 4.831430239989999682e+06 4.635463699950000155e+05
2.794599910000000023e+02 4.831430230011000298e+06 4.635464099730000016e+05
2.799800109999999904e+02 4.831430190001999959e+06 4.635463200070000021e+05
2.798599849999999947e+02 4.831430179992999882e+06 4.635463400269999984e+05
2.797600100000000225e+02 4.831430190001999959e+06 4.635463499760000268e+05
2.795899959999999851e+02 4.831430190001999959e+06 4.635463599849999882e+05
2.794700010000000248e+02 4.831430190001999959e+06 4.635463800049999845e+05
2.793399959999999851e+02 4.831430179992999882e+06 4.635464099730000016e+05
2.798099980000000073e+02 4.831430140014999546e+06 4.635463300169999711e+05
2.797300109999999904e+02 4.831430140014999546e+06 4.635463400269999984e+05
2.796600040000000149e+02 4.831430149993999861e+06 4.635463400269999984e+05
2.796000060000000076e+02 4.831430149993999861e+06 4.635463400269999984e+05
2.793599849999999947e+02 4.831430130005000159e+06 4.635464000239999732e+05
2.793599849999999947e+02 4.831430149993999861e+06 4.635463800049999845e+05
2.797099910000000023e+02 4.831430079986999743e+06 4.635463400269999984e+05
2.802900089999999977e+02 4.831429989989999682e+06 4.635463300169999711e+05
2.799100040000000149e+02 4.831429980011000298e+06 4.635462899779999861e+05
2.798599849999999947e+02 4.831430309998000041e+06 4.635463200070000021e+05
2.798599849999999947e+02 4.831430329986999743e+06 4.635462899779999861e+05
2.800199890000000096e+02 4.831430149993999861e+06 4.635463900150000118e+05
2.799700010000000248e+02 4.831430190001999959e+06 4.635463200070000021e+05
2.797300109999999904e+02 4.831430239989999682e+06 4.635463499760000268e+05
2.802900089999999977e+02 4.831430000000000000e+06 4.635463699950000155e+05
2.802399899999999775e+02 4.831430019988999702e+06 4.635463599849999882e+05
2.799100040000000149e+02 4.831430100006000139e+06 4.635463499760000268e+05
2.797900089999999977e+02 4.831430130005000159e+06 4.635463599849999882e+05
2.797500000000000000e+02 4.831430140014999546e+06 4.635463499760000268e+05
2.796900019999999927e+02 4.831430149993999861e+06 4.635463499760000268e+05
2.796300049999999828e+02 4.831430170013000257e+06 4.635463499760000268e+05
2.795199890000000096e+02 4.831430179992999882e+06 4.635463800049999845e+05
2.794100040000000149e+02 4.831430200012000278e+06 4.635464000239999732e+05
2.802399899999999775e+02 4.831429959990999661e+06 4.635463400269999984e+05
2.797399899999999775e+02 4.831430070007000118e+06 4.635463599849999882e+05
2.797000120000000152e+02 4.831430079986999743e+06 4.635463499760000268e+05
2.795599980000000073e+02 4.831430100006000139e+06 4.635463900150000118e+05
2.794800109999999904e+02 4.831430109985000454e+06 4.635464000239999732e+05
2.794400019999999927e+02 4.831430119994999841e+06 4.635464000239999732e+05
2.794100040000000149e+02 4.831430140014999546e+06 4.635463900150000118e+05
2.793500060000000076e+02 4.831430149993999861e+06 4.635463900150000118e+05
2.799200129999999831e+02 4.831429989989999682e+06 4.635463099979999824e+05
2.793099980000000073e+02 4.831429959990999661e+06 4.635464699709999841e+05
2.800199890000000096e+02 4.831430410004000179e+06 4.635462399899999727e+05
2.802999879999999848e+02 4.831430119994999841e+06 4.635463499760000268e+05
2.798200069999999755e+02 4.831430130005000159e+06 4.635463300169999711e+05
2.798999939999999924e+02 4.831430130005000159e+06 4.635463400269999984e+05
2.802799989999999752e+02 4.831429940001999959e+06 4.635463400269999984e+05
2.797999879999999848e+02 4.831430170013000257e+06 4.635463499760000268e+05
2.798200069999999755e+02 4.831430160004000179e+06 4.635463699950000155e+05
2.802999879999999848e+02 4.831430420013000257e+06 4.635462800290000159e+05
2.802799989999999752e+02 4.831430399993999861e+06 4.635462999880000134e+05
2.798299870000000169e+02 4.831430220000999980e+06 4.635463699950000155e+05
2.798200069999999755e+02 4.831430299987999722e+06 4.635463300169999711e+05
2.798800049999999828e+02 4.831430299987999722e+06 4.635463800049999845e+05
2.797500000000000000e+02 4.831430239989999682e+06 4.635464000239999732e+05
2.793299870000000169e+02 4.831430070007000118e+06 4.635464699709999841e+05
2.797200010000000248e+02 4.831430320007000118e+06 4.635463599849999882e+05
2.797099910000000023e+02 4.831430309998000041e+06 4.635463900150000118e+05
2.797000120000000152e+02 4.831430290009000339e+06 4.635464199830000289e+05
2.796600040000000149e+02 4.831430260010000318e+06 4.635464400020000176e+05
2.794899899999999775e+02 4.831430329986999743e+06 4.635463800049999845e+05
2.794899899999999775e+02 4.831430320007000118e+06 4.635464000239999732e+05
2.795199890000000096e+02 4.831430309998000041e+06 4.635464299929999979e+05
2.795299989999999752e+02 4.831430299987999722e+06 4.635464600220000139e+05
2.793599849999999947e+02 4.831430320007000118e+06 4.635464500119999866e+05
2.793200069999999755e+02 4.831430299987999722e+06 4.635464699709999841e+05
2.793299870000000169e+02 4.831430209990999661e+06 4.635464299929999979e+05
2.794400019999999927e+02 4.831430220000999980e+06 4.635464199830000289e+05
2.796700129999999831e+02 4.831430239989999682e+06 4.635464400020000176e+05
2.798399959999999851e+02 4.831430260010000318e+06 4.635464400020000176e+05
2.797000120000000152e+02 4.831430279999000020e+06 4.635463800049999845e+05
2.797699890000000096e+02 4.831430329986999743e+06 4.635463099979999824e+05
2.797799989999999752e+02 4.831430329986999743e+06 4.635463300169999711e+05
2.802600100000000225e+02 4.831430299987999722e+06 4.635462899779999861e+05
2.793599849999999947e+02 4.831430220000999980e+06 4.635464400020000176e+05
2.794899899999999775e+02 4.831430220000999980e+06 4.635464299929999979e+05
2.795799870000000169e+02 4.831430220000999980e+06 4.635464099730000016e+05
2.796499939999999924e+02 4.831430220000999980e+06 4.635463900150000118e+05
2.798999939999999924e+02 4.831430209990999661e+06 4.635463599849999882e+05
2.800899959999999851e+02 4.831430140014999546e+06 4.635462800290000159e+05
2.802200010000000248e+02 4.831430299987999722e+06 4.635463099979999824e+05
2.802799989999999752e+02 4.831430290009000339e+06 4.635462899779999861e+05
2.801499939999999924e+02 4.831429640014999546e+06 4.635465999760000268e+05
2.798599849999999947e+02 4.831429750000000000e+06 4.635464699709999841e+05
2.802300109999999904e+02 4.831430089995999821e+06 4.635463699950000155e+05
2.794700010000000248e+02 4.831430190001999959e+06 4.635464500119999866e+05
2.793399959999999851e+02 4.831430200012000278e+06 4.635464500119999866e+05
2.793099980000000073e+02 4.831430190001999959e+06 4.635464699709999841e+05
2.802699890000000096e+02 4.831430070007000118e+06 4.635464000239999732e+05
2.798900150000000053e+02 4.831430070007000118e+06 4.635463499760000268e+05
2.797900089999999977e+02 4.831430130005000159e+06 4.635463599849999882e+05
2.800199890000000096e+02 4.831430200012000278e+06 4.635463800049999845e+05
2.799500120000000152e+02 4.831430190001999959e+06 4.635463800049999845e+05
2.797900089999999977e+02 4.831430179992999882e+06 4.635463699950000155e+05
2.797399899999999775e+02 4.831430170013000257e+06 4.635463699950000155e+05
2.794299930000000245e+02 4.831430179992999882e+06 4.635462999880000134e+05
2.801400150000000053e+02 4.831430269988999702e+06 4.635463499760000268e+05
2.799599910000000023e+02 4.831430220000999980e+06 4.635463900150000118e+05
2.797900089999999977e+02 4.831430200012000278e+06 4.635464000239999732e+05
2.797300109999999904e+02 4.831430190001999959e+06 4.635464000239999732e+05
2.802200010000000248e+02 4.831430320007000118e+06 4.635463400269999984e+05
2.802000120000000152e+02 4.831430309998000041e+06 4.635463599849999882e+05
2.797799989999999752e+02 4.831430230011000298e+06 4.635464099730000016e+05
2.802099910000000023e+02 4.831430350006000139e+06 4.635463499760000268e+05
2.797000120000000152e+02 4.831430260010000318e+06 4.635464199830000289e+05
2.795799870000000169e+02 4.831430230011000298e+06 4.635464600220000139e+05
2.793200069999999755e+02 4.831430190001999959e+06 4.635464799800000037e+05
2.794800109999999904e+02 4.831430260010000318e+06 4.635464500119999866e+05
2.797399899999999775e+02 4.831430329986999743e+06 4.635464199830000289e+05
2.793099980000000073e+02 4.831430269988999702e+06 4.635464899899999727e+05
2.800199890000000096e+02 4.831430299987999722e+06 4.635463800049999845e+05
