463548.030029 4831430.269989 277.339996
463548.020020 4831430.269989 277.350006
463548.010010 4831430.010010 277.309998
463548.000000 4831430.290009 277.359985
463547.979980 4831430.320007 277.309998
463548.020020 4831430.019989 277.309998
463548.000000 4831430.019989 277.380005
463547.989990 4831430.279999 277.329987
463547.989990 4831430.299988 277.380005
463548.020020 4831430.279999 277.320007
463548.039978 4831430.250000 277.390015
463548.039978 4831430.239990 277.339996
463548.070007 4831430.230011 277.359985
463548.070007 4831430.010010 277.329987
463548.080017 4831429.980011 277.420013
463548.059998 4831429.959991 277.390015
463548.099976 4831429.940002 277.390015
463548.049988 4831430.260010 277.320007
463548.090027 4831429.989990 277.410004
463548.080017 4831429.989990 277.350006
463548.130005 4831429.970001 277.399994
463548.049988 4831430.019989 277.410004
463547.950012 4831430.329987 277.309998
463548.039978 4831430.000000 277.410004
463547.979980 4831430.040009 277.369995
463547.989990 4831430.070007 277.380005
463547.969971 4831430.049988 277.320007
463547.979980 4831430.070007 277.329987
463547.989990 4831430.299988 277.309998
463547.940002 4831430.320007 277.350006
463548.020020 4831430.000000 277.410004
463547.940002 4831430.309998 277.459991
463547.989990 4831429.970001 277.399994
463547.979980 4831430.269989 277.329987
463548.010010 4831430.040009 277.309998
463548.039978 4831430.019989 277.369995
463548.030029 4831429.989990 277.399994
463548.020020 4831430.029999 277.399994
463547.960022 4831430.089996 277.329987
463547.969971 4831430.029999 277.410004
463547.989990 4831430.040009 277.399994
463547.940002 4831430.070007 277.359985
463547.960022 4831430.089996 277.329987
463547.969971 4831430.049988 277.390015
463548.000000 4831430.019989 277.399994
463548.020020 4831429.989990 277.410004
463547.989990 4831430.049988 277.390015
463547.989990 4831430.079987 277.359985
463548.020020 4831430.049988 277.390015
463547.969971 4831430.049988 277.380005
463548.000000 4831430.070007 277.309998
463548.000000 4831430.059998 277.359985
463548.000000 4831430.040009 277.410004
463547.900024 4831430.339996 277.350006
463547.960022 4831430.309998 277.390015
463547.929993 4831430.309998 277.359985
463547.900024 4831430.329987 277.440002
463547.890015 4831430.359985 277.480011
463547.900024 4831430.350006 277.500000
463547.909973 4831430.329987 277.380005
463547.859985 4831430.299988 277.790009
463547.849976 4831430.299988 277.750000
463547.849976 4831430.269989 277.339996
463547.880005 4831430.230011 277.839996
463547.859985 4831430.250000 277.809998
463547.840027 4831430.279999 277.459991
463547.890015 4831430.260010 277.540009
463547.969971 4831430.040009 277.399994
463547.909973 4831430.369995 277.309998
463547.909973 4831430.350006 277.350006
463547.900024 4831430.350006 277.459991
463547.909973 4831430.329987 277.350006
463547.900024 4831430.350006 277.459991
463547.900024 4831430.339996 277.350006
463547.900024 4831430.350006 277.470001
463547.900024 4831430.339996 277.390015
463547.900024 4831430.350006 277.440002
463547.900024 4831430.339996 277.350006
463547.890015 4831430.350006 277.470001
463547.890015 4831430.339996 277.369995
463547.900024 4831430.320007 277.489990
463547.900024 4831430.309998 277.410004
463547.979980 4831430.029999 277.359985
463547.979980 4831430.029999 277.309998
463547.940002 4831430.279999 277.630005
463547.929993 4831430.290009 277.589996
463547.929993 4831430.290009 277.519989
463547.929993 4831430.299988 277.459991
463547.929993 4831430.309998 277.390015
463547.919983 4831430.309998 277.320007
463547.929993 4831430.290009 277.459991
463547.919983 4831430.309998 277.429993
463547.989990 4831430.089996 277.369995
463548.020020 4831429.989990 277.399994
463548.020020 4831430.029999 277.390015
463548.049988 4831430.079987 277.350006
463548.049988 4831430.329987 278.100006
463548.020020 4831430.329987 278.100006
463547.989990 4831430.329987 278.049988
463547.979980 4831430.350006 278.070007
463547.969971 4831430.350006 278.079987
463547.969971 4831430.369995 278.059998
463548.080017 4831430.369995 278.100006
463547.969971 4831430.369995 278.070007
463547.969971 4831430.350006 278.059998
463547.989990 4831430.339996 278.079987
463548.049988 4831430.329987 278.059998
463548.000000 4831430.329987 278.049988
463547.960022 4831430.359985 278.089996
463548.010010 4831430.320007 278.100006
463547.950012 4831430.390015 278.059998
463548.010010 4831430.329987 278.109985
463547.989990 4831430.339996 278.100006
463547.969971 4831430.390015 278.100006
463548.030029 4831430.329987 278.100006
463548.000000 4831430.329987 278.109985
463548.059998 4831430.329987 278.290009
463548.039978 4831430.329987 278.160004
463548.039978 4831430.339996 278.200012
463548.030029 4831430.329987 278.269989
463548.010010 4831430.329987 278.160004
463548.020020 4831430.350006 278.200012
463548.000000 4831430.339996 278.279999
463548.000000 4831430.339996 278.160004
463548.000000 4831430.350006 278.220001
463547.989990 4831430.350006 278.279999
463547.989990 4831430.350006 278.140015
463547.979980 4831430.350006 278.190002
463547.969971 4831430.350006 278.260010
463547.969971 4831430.369995 278.299988
463547.979980 4831430.359985 278.119995
463547.979980 4831430.369995 278.160004
463547.979980 4831430.390015 278.209991
463547.979980 4831430.390015 278.260010
463547.969971 4831430.359985 278.119995
463547.969971 4831430.369995 278.160004
463547.979980 4831430.399994 278.200012
463547.960022 4831430.390015 278.260010
463547.969971 4831430.380005 278.119995
463547.979980 4831430.410004 278.140015
463547.960022 4831430.399994 278.220001
463548.080017 4831430.369995 278.140015
463548.070007 4831430.339996 278.230011
463548.090027 4831430.380005 278.239990
463548.030029 4831430.359985 278.119995
463548.020020 4831430.350006 278.190002
463548.030029 4831430.369995 278.230011
463548.030029 4831430.369995 278.290009
463547.979980 4831430.410004 278.239990
463547.979980 4831430.410004 278.299988
463547.969971 4831430.399994 278.140015
463547.960022 4831430.410004 278.200012
463547.969971 4831430.359985 278.109985
463547.969971 4831430.369995 278.160004
463547.960022 4831430.380005 278.220001
463547.969971 4831430.399994 278.260010
463547.989990 4831430.350006 278.119995
463547.979980 4831430.350006 278.170013
463547.979980 4831430.359985 278.209991
463547.979980 4831430.380005 278.260010
463548.020020 4831430.339996 278.160004
463548.010010 4831430.339996 278.220001
463548.000000 4831430.339996 278.290009
463548.049988 4831430.320007 278.260010
463548.059998 4831430.320007 278.149994
463548.049988 4831430.329987 278.220001
463548.049988 4831430.339996 278.269989
463548.020020 4831430.309998 278.149994
463548.030029 4831430.329987 278.170013
463548.020020 4831430.339996 278.220001
463548.010010 4831430.339996 278.279999
463548.000000 4831430.350006 278.149994
463547.989990 4831430.359985 278.220001
463547.979980 4831430.359985 278.269989
463547.989990 4831430.380005 278.299988
463547.969971 4831430.380005 278.130005
463547.960022 4831430.399994 278.230011
463547.989990 4831430.320007 278.160004
463547.979980 4831430.329987 278.220001
463547.969971 4831430.339996 278.279999
463547.940002 4831430.399994 278.119995
463548.169983 4831430.279999 277.600006
463548.159973 4831430.279999 277.649994
463548.169983 4831430.299988 277.670013
463548.150024 4831430.299988 277.609985
463548.150024 4831430.309998 277.640015
463548.070007 4831430.320007 277.950012
463548.070007 4831430.339996 277.980011
463548.059998 4831430.320007 278.049988
463548.070007 4831430.299988 277.730011
463548.070007 4831430.320007 277.779999
463548.059998 4831430.309998 277.829987
463548.049988 4831430.309998 277.890015
463548.049988 4831430.320007 277.929993
463548.039978 4831430.329987 277.989990
463548.030029 4831430.329987 278.049988
463548.070007 4831430.299988 277.609985
463548.049988 4831430.309998 277.720001
463548.039978 4831430.309998 277.779999
463548.049988 4831430.320007 277.820007
463548.039978 4831430.329987 277.869995
463548.030029 4831430.329987 277.929993
463548.020020 4831430.329987 277.989990
463548.010010 4831430.329987 278.049988
463548.049988 4831430.290009 277.500000
463548.049988 4831430.290009 277.549988
463548.049988 4831430.299988 277.609985
463548.039978 4831430.309998 277.649994
463548.039978 4831430.309998 277.709991
463548.030029 4831430.320007 277.760010
463548.030029 4831430.320007 277.820007
463548.020020 4831430.329987 277.880005
463548.010010 4831430.329987 277.940002
463548.000000 4831430.329987 278.000000
463548.049988 4831430.279999 277.380005
463548.039978 4831430.279999 277.440002
463548.039978 4831430.290009 277.489990
463548.039978 4831430.299988 277.540009
463548.030029 4831430.299988 277.589996
463548.030029 4831430.309998 277.640015
463548.020020 4831430.309998 277.700012
463548.010010 4831430.320007 277.769989
463548.010010 4831430.329987 277.820007
463548.010010 4831430.339996 277.850006
463548.000000 4831430.329987 277.920013
463547.989990 4831430.339996 277.970001
463547.989990 4831430.350006 278.019989
463548.039978 4831430.269989 277.350006
463548.039978 4831430.279999 277.390015
463548.030029 4831430.279999 277.450012
463548.030029 4831430.290009 277.489990
463548.030029 4831430.299988 277.540009
463548.020020 4831430.299988 277.589996
463548.010010 4831430.309998 277.640015
463548.010010 4831430.320007 277.690002
463548.010010 4831430.320007 277.750000
463548.000000 4831430.329987 277.809998
463547.989990 4831430.329987 277.859985
463547.979980 4831430.329987 277.929993
463547.979980 4831430.350006 277.980011
463547.979980 4831430.359985 278.019989
463548.030029 4831430.290009 277.390015
463548.020020 4831430.290009 277.450012
463548.020020 4831430.299988 277.489990
463548.010010 4831430.299988 277.549988
463548.010010 4831430.309998 277.609985
463548.010010 4831430.320007 277.649994
463548.000000 4831430.329987 277.709991
463548.000000 4831430.329987 277.760010
463547.989990 4831430.350006 277.859985
463547.979980 4831430.339996 277.920013
463547.979980 4831430.359985 277.950012
463547.969971 4831430.359985 278.010010
463548.150024 4831430.320007 277.589996
463548.159973 4831430.339996 277.630005
463548.059998 4831430.339996 277.640015
463548.059998 4831430.320007 277.700012
463548.059998 4831430.339996 277.739990
463548.070007 4831430.350006 277.890015
463548.080017 4831430.359985 277.940002
463548.080017 4831430.359985 278.000000
463548.000000 4831430.320007 277.410004
463548.010010 4831430.339996 277.609985
463548.010010 4831430.339996 277.670013
463548.020020 4831430.350006 277.869995
463548.020020 4831430.339996 277.980011
463548.030029 4831430.290009 277.390015
463548.020020 4831430.290009 277.440002
463548.010010 4831430.290009 277.519989
463548.010010 4831430.309998 277.549988
463548.000000 4831430.309998 277.600006
463548.000000 4831430.309998 277.649994
463548.000000 4831430.320007 277.700012
463547.989990 4831430.320007 277.760010
463547.979980 4831430.339996 277.859985
463547.979980 4831430.359985 277.899994
463547.979980 4831430.359985 277.959991
463547.969971 4831430.369995 278.010010
463548.039978 4831430.279999 277.369995
463548.030029 4831430.279999 277.429993
463548.030029 4831430.290009 277.480011
463548.020020 4831430.290009 277.540009
463548.020020 4831430.299988 277.589996
463548.020020 4831430.309998 277.640015
463548.010010 4831430.309998 277.700012
463548.000000 4831430.320007 277.760010
463548.020020 4831430.350006 277.769989
463548.000000 4831430.339996 277.850006
463547.969971 4831430.320007 277.929993
463547.979980 4831430.339996 277.959991
463547.979980 4831430.350006 278.010010
463548.090027 4831430.299988 277.350006
463548.049988 4831430.269989 277.450012
463548.049988 4831430.279999 277.489990
463548.049988 4831430.279999 277.540009
463548.039978 4831430.290009 277.589996
463548.039978 4831430.299988 277.630005
463548.039978 4831430.309998 277.679993
463548.030029 4831430.309998 277.739990
463548.020020 4831430.320007 277.799988
463548.020020 4831430.329987 277.850006
463548.010010 4831430.320007 277.920013
463548.000000 4831430.329987 277.980011
463548.000000 4831430.339996 278.019989
463548.080017 4831430.320007 277.709991
463548.059998 4831430.299988 277.779999
463548.070007 4831430.320007 277.809998
463548.059998 4831430.320007 277.869995
463548.049988 4831430.320007 277.940002
463548.049988 4831430.329987 277.980011
463548.030029 4831430.320007 278.049988
463548.140015 4831430.269989 277.589996
463548.169983 4831430.269989 277.649994
463548.179993 4831430.290009 277.670013
463548.130005 4831430.290009 277.600006
463548.090027 4831430.329987 277.970001
463548.049988 4831430.309998 277.950012
463548.059998 4831430.329987 277.989990
463548.099976 4831430.299988 277.410004
463548.070007 4831430.279999 277.519989
463548.070007 4831430.290009 277.570007
463548.080017 4831430.320007 277.600006
463548.059998 4831430.309998 277.660004
463548.049988 4831430.309998 277.720001
463548.020020 4831430.320007 277.940002
463548.010010 4831430.329987 277.989990
463548.049988 4831430.279999 277.339996
463548.039978 4831430.279999 277.399994
463548.030029 4831430.290009 277.459991
463548.030029 4831430.290009 277.510010
463548.030029 4831430.299988 277.559998
463548.020020 4831430.299988 277.619995
463548.010010 4831430.309998 277.670013
463548.000000 4831430.320007 277.739990
463548.000000 4831430.329987 277.790009
463547.989990 4831430.329987 277.839996
463547.969971 4831430.320007 277.910004
463547.979980 4831430.339996 277.940002
463547.979980 4831430.350006 277.989990
463547.969971 4831430.359985 278.040009
463548.000000 4831430.299988 277.410004
463547.989990 4831430.309998 277.470001
463547.989990 4831430.320007 277.519989
463547.989990 4831430.329987 277.570007
463547.979980 4831430.329987 277.609985
463547.979980 4831430.339996 277.660004
463547.979980 4831430.350006 277.700012
463547.960022 4831430.359985 277.809998
463547.969971 4831430.390015 277.890015
463547.960022 4831430.399994 277.959991
463547.960022 4831430.410004 278.000000
463547.969971 4831430.320007 277.359985
463547.969971 4831430.339996 277.399994
463547.969971 4831430.339996 277.459991
463547.960022 4831430.380005 277.609985
463547.950012 4831430.369995 277.329987
463548.130005 4831430.269989 277.579987
463548.140015 4831430.290009 277.619995
463548.150024 4831430.320007 277.640015
463548.049988 4831430.339996 278.000000
463548.049988 4831430.269989 277.450012
463548.030029 4831430.269989 277.510010
463548.030029 4831430.290009 277.549988
463548.030029 4831430.299988 277.600006
463548.010010 4831430.299988 277.670013
463547.979980 4831430.299988 277.739990
463547.979980 4831430.309998 277.790009
463547.969971 4831430.320007 277.850006
463547.960022 4831430.339996 277.899994
463547.950012 4831430.359985 277.980011
463547.950012 4831430.369995 278.019989
463547.969971 4831430.320007 277.480011
463547.960022 4831430.329987 277.529999
463547.960022 4831430.339996 277.570007
463547.960022 4831430.350006 277.609985
463547.950012 4831430.369995 277.660004
463547.950012 4831430.380005 277.690002
463547.940002 4831430.390015 277.750000
463547.950012 4831430.369995 277.350006
463548.020020 4831430.359985 278.059998
463548.020020 4831430.309998 278.079987
463548.030029 4831430.279999 278.070007
463548.059998 4831430.279999 278.079987
463548.090027 4831430.279999 278.089996
463548.030029 4831430.350006 278.059998
463548.049988 4831430.320007 278.089996
463548.059998 4831430.309998 278.089996
463548.070007 4831430.290009 278.059998
463548.039978 4831430.309998 278.070007
463548.119995 4831430.309998 278.059998
463548.030029 4831430.359985 278.100006
463548.020020 4831430.380005 278.160004
463548.020020 4831430.369995 278.109985
463548.020020 4831430.359985 278.299988
463548.020020 4831430.350006 278.250000
463548.030029 4831430.339996 278.200012
463548.020020 4831430.329987 278.160004
463548.020020 4831430.320007 278.119995
463548.020020 4831430.309998 278.290009
463548.030029 4831430.309998 278.239990
463548.030029 4831430.299988 278.190002
463548.030029 4831430.290009 278.130005
463548.049988 4831430.299988 278.290009
463548.049988 4831430.299988 278.239990
463548.059998 4831430.290009 278.179993
463548.059998 4831430.290009 278.130005
463548.070007 4831430.290009 278.260010
463548.080017 4831430.279999 278.209991
463548.080017 4831430.279999 278.140015
463548.109985 4831430.279999 278.250000
463548.140015 4831430.309998 278.130005
463548.039978 4831430.350006 278.269989
463548.030029 4831430.350006 278.220001
463548.039978 4831430.359985 278.149994
463548.049988 4831430.320007 278.260010
463548.049988 4831430.320007 278.209991
463548.049988 4831430.329987 278.130005
463548.070007 4831430.309998 278.250000
463548.059998 4831430.299988 278.200012
463548.090027 4831430.299988 278.269989
463548.090027 4831430.309998 278.190002
463548.080017 4831430.299988 278.149994
463548.109985 4831430.309998 278.260010
463548.109985 4831430.309998 278.209991
463548.099976 4831430.299988 278.149994
463548.099976 4831430.290009 278.119995
463548.130005 4831430.299988 278.290009
463548.130005 4831430.309998 278.220001
463548.130005 4831430.309998 278.160004
463548.119995 4831430.299988 278.109985
463548.020020 4831430.369995 278.250000
463548.080017 4831430.320007 278.250000
463548.070007 4831430.309998 278.209991
463548.059998 4831430.320007 278.160004
463548.049988 4831430.320007 278.109985
463548.130005 4831430.309998 278.130005
463548.020020 4831430.350006 277.309998
463548.010010 4831430.339996 277.670013
463548.020020 4831430.339996 277.609985
463548.030029 4831430.329987 277.480011
463548.010010 4831430.299988 277.450012
463548.020020 4831430.299988 277.410004
463548.020020 4831430.290009 277.359985
463548.010010 4831430.350006 278.019989
463548.020020 4831430.339996 277.959991
463548.020020 4831430.329987 277.910004
463548.020020 4831430.320007 277.850006
463548.020020 4831430.309998 277.809998
463548.030029 4831430.309998 277.739990
463548.030029 4831430.299988 277.700012
463548.030029 4831430.290009 277.649994
463548.030029 4831430.279999 277.609985
463548.030029 4831430.279999 277.549988
463548.030029 4831430.269989 277.500000
463548.030029 4831430.260010 277.450012
463548.030029 4831430.309998 278.019989
463548.030029 4831430.299988 277.970001
463548.030029 4831430.290009 277.910004
463548.030029 4831430.290009 277.859985
463548.039978 4831430.279999 277.799988
463548.039978 4831430.269989 277.750000
463548.049988 4831430.269989 277.679993
463548.049988 4831430.260010 277.619995
463548.049988 4831430.260010 277.570007
463548.059998 4831430.250000 277.519989
463548.059998 4831430.250000 277.470001
463548.059998 4831430.239990 277.420013
463548.039978 4831430.279999 278.019989
463548.049988 4831430.279999 277.959991
463548.049988 4831430.269989 277.910004
463548.049988 4831430.269989 277.850006
463548.059998 4831430.260010 277.799988
463548.059998 4831430.260010 277.739990
463548.070007 4831430.260010 277.670013
463548.080017 4831430.260010 277.600006
463548.080017 4831430.250000 277.540009
463548.080017 4831430.239990 277.489990
463548.080017 4831430.230011 277.440002
463548.090027 4831430.230011 277.380005
463548.080017 4831430.279999 278.010010
463548.080017 4831430.279999 277.940002
463548.090027 4831430.279999 277.869995
463548.099976 4831430.269989 277.809998
463548.109985 4831430.279999 277.730011
463548.140015 4831430.290009 277.619995
463548.130005 4831430.260010 277.559998
463548.119995 4831430.239990 277.540009
463548.109985 4831430.230011 277.500000
463548.119995 4831430.230011 277.440002
463548.130005 4831430.230011 277.369995
463548.109985 4831430.290009 278.000000
463548.119995 4831430.279999 277.950012
463548.159973 4831430.260010 277.559998
463548.140015 4831430.239990 277.540009
463548.140015 4831430.230011 277.510010
463548.130005 4831430.209991 277.480011
463548.130005 4831430.200012 277.440002
463548.169983 4831430.230011 277.540009
463548.169983 4831430.220001 277.489990
463548.030029 4831430.359985 277.980011
463548.020020 4831430.350006 277.880005
463548.020020 4831430.350006 277.829987
463548.080017 4831430.380005 277.920013
463548.049988 4831430.329987 277.890015
463548.039978 4831430.329987 277.850006
463548.039978 4831430.329987 277.779999
463548.030029 4831430.320007 277.739990
463548.039978 4831430.339996 277.660004
463548.030029 4831430.320007 277.619995
463548.039978 4831430.339996 277.470001
463548.049988 4831430.309998 277.899994
463548.049988 4831430.299988 277.850006
463548.049988 4831430.309998 277.769989
463548.039978 4831430.299988 277.730011
463548.039978 4831430.309998 277.660004
463548.039978 4831430.299988 277.619995
463548.039978 4831430.320007 277.480011
463548.030029 4831430.299988 277.459991
463548.039978 4831430.320007 277.359985
463548.030029 4831430.309998 277.320007
463548.070007 4831430.299988 277.940002
463548.070007 4831430.299988 277.880005
463548.059998 4831430.290009 277.829987
463548.059998 4831430.290009 277.779999
463548.049988 4831430.279999 277.720001
463548.049988 4831430.279999 277.670013
463548.049988 4831430.279999 277.609985
463548.049988 4831430.290009 277.529999
463548.039978 4831430.279999 277.489990
463548.049988 4831430.299988 277.410004
463548.039978 4831430.290009 277.369995
463548.039978 4831430.290009 277.320007
463548.099976 4831430.309998 278.019989
463548.090027 4831430.299988 277.920013
463548.080017 4831430.290009 277.880005
463548.090027 4831430.290009 277.820007
463548.080017 4831430.290009 277.779999
463548.080017 4831430.279999 277.720001
463548.070007 4831430.279999 277.679993
463548.080017 4831430.290009 277.589996
463548.070007 4831430.279999 277.549988
463548.059998 4831430.269989 277.500000
463548.059998 4831430.279999 277.429993
463548.059998 4831430.269989 277.369995
463548.119995 4831430.299988 277.989990
463548.109985 4831430.299988 277.940002
463548.099976 4831430.279999 277.920013
463548.109985 4831430.290009 277.839996
463548.090027 4831430.269989 277.820007
463548.099976 4831430.290009 277.720001
463548.090027 4831430.279999 277.700012
463548.080017 4831430.269989 277.519989
463548.070007 4831430.260010 277.470001
463548.070007 4831430.260010 277.410004
463548.070007 4831430.260010 277.359985
463548.059998 4831430.260010 277.320007
463548.130005 4831430.290009 277.820007
463548.109985 4831430.260010 277.750000
463548.119995 4831430.279999 277.649994
463548.109985 4831430.279999 277.529999
463548.099976 4831430.260010 277.500000
463548.090027 4831430.260010 277.459991
463548.090027 4831430.250000 277.410004
463548.090027 4831430.250000 277.359985
463548.130005 4831430.269989 277.540009
463548.109985 4831430.250000 277.510010
463548.109985 4831430.250000 277.450012
463548.109985 4831430.250000 277.390015
463548.109985 4831430.250000 277.320007
463548.150024 4831430.260010 277.529999
463548.140015 4831430.250000 277.489990
463548.140015 4831430.250000 277.440002
463548.130005 4831430.250000 277.380005
463548.179993 4831430.260010 277.529999
463548.169983 4831430.250000 277.500000
463548.159973 4831430.239990 277.459991
463548.159973 4831430.239990 277.399994
463548.039978 4831430.320007 278.000000
463548.030029 4831430.329987 277.929993
463548.109985 4831430.309998 278.019989
463548.099976 4831430.299988 277.980011
463548.090027 4831430.299988 277.940002
463548.080017 4831430.299988 277.890015
463548.070007 4831430.299988 277.829987
463548.039978 4831430.329987 277.630005
463548.030029 4831430.320007 277.589996
463547.989990 4831430.359985 278.049988
463547.929993 4831430.420013 278.089996
463547.940002 4831430.410004 278.089996
463547.940002 4831430.390015 278.089996
463547.929993 4831430.399994 278.079987
463547.919983 4831430.410004 278.070007
463547.929993 4831430.339996 278.100006
463548.000000 4831430.369995 278.109985
463548.000000 4831430.369995 278.179993
463548.000000 4831430.359985 278.290009
463547.950012 4831430.390015 278.109985
463547.950012 4831430.399994 278.160004
463547.960022 4831430.399994 278.230011
463547.940002 4831430.420013 278.109985
463547.940002 4831430.420013 278.190002
463547.929993 4831430.399994 278.109985
463547.940002 4831430.410004 278.170013
463547.940002 4831430.410004 278.250000
463547.940002 4831430.410004 278.140015
463547.950012 4831430.410004 278.220001
463547.940002 4831430.390015 278.119995
463547.940002 4831430.390015 278.179993
463547.950012 4831430.390015 278.239990
463547.940002 4831430.399994 278.149994
463547.950012 4831430.410004 278.209991
463547.929993 4831430.410004 278.140015
463547.940002 4831430.410004 278.209991
463547.940002 4831430.410004 278.269989
463548.000000 4831430.350006 278.160004
463547.979980 4831430.339996 278.269989
463547.969971 4831430.350006 278.119995
463547.969971 4831430.369995 278.160004
463547.950012 4831430.359985 278.279999
463547.969971 4831430.309998 278.140015
463547.979980 4831430.329987 278.149994
463547.950012 4831430.339996 278.260010
463547.909973 4831430.359985 278.170013
463547.929993 4831430.410004 278.209991
463548.010010 4831430.309998 277.329987
463548.020020 4831430.320007 277.399994
463548.020020 4831430.309998 277.500000
463548.039978 4831430.339996 277.579987
463548.059998 4831430.369995 277.940002
463548.070007 4831430.380005 277.980011
463547.950012 4831430.339996 277.369995
463547.960022 4831430.339996 277.450012
463547.960022 4831430.339996 277.519989
463547.960022 4831430.339996 277.609985
463547.969971 4831430.350006 277.670013
463547.969971 4831430.350006 277.739990
463547.979980 4831430.350006 277.799988
463547.979980 4831430.350006 277.859985
463547.979980 4831430.350006 277.929993
463547.989990 4831430.359985 278.000000
463547.929993 4831430.410004 277.390015
463547.940002 4831430.420013 277.429993
463547.940002 4831430.410004 277.640015
463547.940002 4831430.399994 277.730011
463547.940002 4831430.399994 277.790009
463547.940002 4831430.399994 277.869995
463547.950012 4831430.410004 277.899994
463547.950012 4831430.390015 278.019989
463547.929993 4831430.420013 277.980011
463547.929993 4831430.420013 278.040009
463547.919983 4831430.410004 277.790009
463547.929993 4831430.399994 277.950012
463547.929993 4831430.410004 278.010010
463547.940002 4831430.410004 277.940002
463547.940002 4831430.420013 277.980011
463547.929993 4831430.410004 277.450012
463547.929993 4831430.399994 277.700012
463547.929993 4831430.390015 277.790009
463547.929993 4831430.390015 277.970001
463547.940002 4831430.390015 278.040009
463547.929993 4831430.390015 277.799988
463547.929993 4831430.410004 277.820007
463547.940002 4831430.410004 277.980011
463547.909973 4831430.410004 277.459991
463547.919983 4831430.399994 277.940002
463547.929993 4831430.410004 277.980011
463548.159973 4831430.290009 277.739990
463548.169983 4831430.309998 277.769989
463548.179993 4831430.329987 277.779999
463548.150024 4831430.290009 277.660004
463548.140015 4831430.320007 277.720001
463548.099976 4831430.309998 277.600006
463548.090027 4831430.329987 277.609985
463548.030029 4831430.350006 277.959991
463548.039978 4831430.380005 277.950012
463548.030029 4831430.299988 277.519989
463547.979980 4831430.350006 278.019989
463547.979980 4831430.309998 277.390015
463547.979980 4831430.309998 277.459991
463547.969971 4831430.320007 277.529999
463547.960022 4831430.329987 277.609985
463547.969971 4831430.350006 277.649994
463547.940002 4831430.339996 277.399994
463547.940002 4831430.350006 277.470001
463547.929993 4831430.359985 277.519989
463547.929993 4831430.359985 277.579987
463547.940002 4831430.380005 277.609985
463547.929993 4831430.390015 277.679993
463547.919983 4831430.390015 277.779999
463548.159973 4831430.269989 277.730011
463548.169983 4831430.299988 277.760010
463548.130005 4831430.309998 277.670013
463548.150024 4831430.329987 277.679993
463547.960022 4831430.320007 277.959991
463547.940002 4831430.329987 278.040009
463547.979980 4831430.309998 277.720001
463547.919983 4831430.329987 277.899994
463547.940002 4831430.350006 277.910004
463547.919983 4831430.369995 278.000000
463547.919983 4831430.390015 278.040009
463547.929993 4831430.359985 277.769989
463547.929993 4831430.380005 277.799988
463547.940002 4831430.399994 277.809998
463547.919983 4831430.420013 277.760010
463547.960022 4831430.329987 278.119995
463547.960022 4831430.420013 278.239990
463547.950012 4831430.399994 278.239990
463547.940002 4831430.369995 278.200012
463547.940002 4831430.350006 278.119995
463547.960022 4831430.320007 278.239990
463548.070007 4831430.390015 278.160004
463547.989990 4831430.320007 277.869995
463547.979980 4831430.309998 277.750000
463547.969971 4831430.299988 277.640015
463547.960022 4831430.390015 277.700012
463547.950012 4831430.369995 277.670013
463547.940002 4831430.350006 277.609985
463547.950012 4831430.339996 277.959991
463547.960022 4831430.320007 277.799988
463547.969971 4831430.299988 277.670013
463547.979980 4831430.279999 277.489990
463548.039978 4831430.299988 277.600006
463548.140015 4831430.269989 277.679993
463548.039978 4831430.320007 277.869995
463548.030029 4831430.320007 277.679993
463548.020020 4831430.299988 277.630005
463548.010010 4831430.290009 277.540009
463547.989990 4831430.269989 277.489990
463548.070007 4831430.290009 277.549988
463548.049988 4831430.279999 277.489990
463548.179993 4831430.269989 277.720001
463548.059998 4831430.369995 277.899994
463548.049988 4831430.339996 277.929993
463548.030029 4831430.309998 277.920013
463548.049988 4831430.329987 277.649994
463548.150024 4831430.339996 277.730011
463548.159973 4831430.359985 277.720001
463548.169983 4831430.380005 277.700012
463548.080017 4831430.350006 277.609985
463548.000000 4831430.320007 277.529999
463548.130005 4831430.339996 277.730011
463548.150024 4831430.359985 277.720001
463548.140015 4831430.359985 277.720001
463548.140015 4831430.339996 277.750000
463548.159973 4831430.359985 277.730011
463548.130005 4831430.339996 277.730011
463548.150024 4831430.369995 277.730011
463548.130005 4831430.369995 277.720001
463548.109985 4831430.380005 277.730011
463547.909973 4831430.399994 277.940002
463547.929993 4831430.420013 278.100006
463547.919983 4831430.420013 278.149994
463547.909973 4831430.410004 278.200012
463548.030029 4831430.410004 278.279999
463548.010010 4831430.390015 278.290009
463547.960022 4831430.420013 277.380005
463547.950012 4831430.410004 277.450012
463547.929993 4831430.390015 277.489990
463547.919983 4831430.369995 277.510010
463547.909973 4831430.390015 277.589996
463548.030029 4831430.399994 277.399994
463548.020020 4831430.399994 277.480011
463548.000000 4831430.410004 277.630005
463547.989990 4831430.420013 277.720001
463547.979980 4831430.420013 277.799988
463547.969971 4831430.420013 277.850006
463548.020020 4831430.380005 277.859985
463548.070007 4831430.309998 277.600006
463548.039978 4831430.350006 278.010010
463548.119995 4831430.320007 277.679993
463548.159973 4831430.329987 277.690002
463548.150024 4831430.320007 277.720001
463548.140015 4831430.279999 277.700012
463548.020020 4831430.420013 277.779999
463548.010010 4831430.410004 277.820007
463548.039978 4831430.420013 277.640015
463548.030029 4831430.399994 277.670013
463548.039978 4831430.399994 277.750000
463548.130005 4831430.350006 277.660004
463548.179993 4831430.339996 277.720001
463548.020020 4831430.420013 277.859985
463548.020020 4831430.410004 277.929993
463548.020020 4831430.390015 277.959991
463548.020020 4831430.369995 278.010010
463548.039978 4831430.410004 277.640015
463548.039978 4831430.390015 277.690002
463548.039978 4831430.380005 277.750000
463548.070007 4831430.420013 277.420013
463548.059998 4831430.399994 277.420013
463548.179993 4831430.380005 277.720001
463548.119995 4831430.320007 277.670013
463548.049988 4831430.410004 278.100006
463548.169983 4831430.309998 277.720001
463548.090027 4831430.359985 277.609985
463548.109985 4831430.390015 277.600006
463548.119995 4831430.390015 277.540009
463548.039978 4831430.399994 277.970001
463548.030029 4831430.399994 277.899994
463548.039978 4831430.410004 277.869995
463548.039978 4831430.410004 277.799988
463548.039978 4831430.410004 277.730011
463548.039978 4831430.420013 277.690002
463548.039978 4831430.420013 277.640015
463548.099976 4831430.380005 277.609985
463548.119995 4831430.390015 277.529999
463548.020020 4831430.410004 277.779999
463548.030029 4831430.420013 277.739990
463548.059998 4831430.420013 277.510010
463548.039978 4831430.350006 277.339996
463548.159973 4831430.359985 277.750000
463548.179993 4831430.380005 277.730011
463548.109985 4831430.369995 277.619995
463548.119995 4831430.399994 277.609985
463548.130005 4831430.369995 277.529999
463548.080017 4831430.410004 277.510010
463548.030029 4831430.410004 278.079987
463548.020020 4831430.420013 278.190002
463548.020020 4831430.420013 278.250000
463548.020020 4831430.410004 278.290009
463548.010010 4831430.390015 278.109985
463548.039978 4831430.390015 278.250000
463547.909973 4831430.420013 277.450012
463547.900024 4831430.399994 277.470001
463547.940002 4831430.420013 277.500000
463548.010010 4831430.410004 277.679993
463548.010010 4831430.420013 277.739990
463548.000000 4831430.420013 277.799988
463547.989990 4831430.420013 277.859985
463547.989990 4831430.420013 277.910004
463548.010010 4831430.290009 277.549988
463548.020020 4831430.380005 277.910004
463548.020020 4831430.399994 278.049988
463548.150024 4831430.359985 277.670013
463548.140015 4831430.329987 277.730011
463548.010010 4831430.410004 277.959991
463548.030029 4831430.369995 277.309998
463548.049988 4831430.390015 277.390015
463548.049988 4831430.390015 277.459991
463548.109985 4831430.369995 277.600006
463548.020020 4831430.420013 278.029999
463548.020020 4831430.420013 277.760010
463548.030029 4831430.410004 277.809998
463548.020020 4831430.390015 277.850006
463548.030029 4831430.390015 277.920013
463548.030029 4831430.380005 277.959991
463548.039978 4831430.369995 278.010010
463548.039978 4831430.420013 277.529999
463548.039978 4831430.380005 277.670013
463548.030029 4831430.369995 277.709991
463548.039978 4831430.359985 277.760010
463548.049988 4831430.359985 277.820007
463548.039978 4831430.390015 277.309998
463548.070007 4831430.399994 277.429993
463548.099976 4831430.410004 277.519989
463547.919983 4831430.369995 278.089996
463548.010010 4831430.390015 278.160004
463547.950012 4831430.359985 278.140015
463547.960022 4831430.369995 278.299988
463547.960022 4831430.369995 278.190002
463547.900024 4831430.380005 278.260010
463547.900024 4831430.410004 278.220001
463548.150024 4831430.309998 277.739990
463548.150024 4831430.329987 277.769989
463548.099976 4831430.320007 277.670013
463548.099976 4831430.350006 277.670013
463548.090027 4831430.339996 277.640015
463548.090027 4831430.359985 277.660004
463548.090027 4831430.320007 277.619995
463548.090027 4831430.339996 277.649994
463548.099976 4831430.309998 277.679993
463548.099976 4831430.350006 277.660004
463548.109985 4831430.329987 277.649994
463548.099976 4831430.359985 277.660004
463548.140015 4831430.279999 277.739990
463548.140015 4831430.309998 277.760010
463548.140015 4831430.329987 277.769989
463548.169983 4831430.279999 277.750000
463548.169983 4831430.299988 277.799988
463548.169983 4831430.329987 277.829987
463548.179993 4831430.269989 277.829987
463548.179993 4831430.299988 277.829987
463548.169983 4831430.329987 277.829987
463548.179993 4831430.269989 277.850006
463548.169983 4831430.299988 277.829987
463548.169983 4831430.329987 277.839996
463548.169983 4831430.299988 277.820007
463548.169983 4831430.320007 277.799988
463548.140015 4831430.339996 277.769989
463548.159973 4831430.309998 277.799988
463548.159973 4831430.299988 277.760010
463548.159973 4831430.329987 277.779999
463548.150024 4831430.309998 277.779999
463548.150024 4831430.329987 277.799988
463548.070007 4831430.320007 277.589996
463548.070007 4831430.339996 277.619995
463548.030029 4831430.329987 277.440002
463548.039978 4831430.339996 277.619995
463547.979980 4831430.299988 277.429993
463547.979980 4831430.320007 277.519989
463547.979980 4831430.339996 277.600006
463547.989990 4831430.359985 277.750000
463548.000000 4831430.369995 277.899994
463547.919983 4831430.339996 277.600006
463547.919983 4831430.359985 277.649994
463547.929993 4831430.369995 277.809998
463548.070007 4831430.329987 277.609985
463548.030029 4831430.350006 277.609985
463547.950012 4831430.350006 277.820007
463547.929993 4831430.359985 277.989990
463547.929993 4831430.320007 277.570007
463547.929993 4831430.350006 277.589996
463547.909973 4831430.350006 277.769989
463547.900024 4831430.380005 277.809998
463548.169983 4831430.279999 277.790009
463547.929993 4831430.339996 277.649994
463547.919983 4831430.329987 277.500000
463547.909973 4831430.350006 277.540009
463547.900024 4831430.369995 277.579987
463547.900024 4831430.399994 277.570007
463547.900024 4831430.420013 277.570007
463547.900024 4831430.390015 277.459991
463547.890015 4831430.420013 277.470001
463548.080017 4831430.230011 277.790009
463547.880005 4831430.369995 277.700012
463547.859985 4831430.309998 277.859985
463547.940002 4831430.329987 277.920013
463547.919983 4831430.339996 277.880005
463547.919983 4831430.350006 277.829987
463547.929993 4831430.339996 277.769989
463547.909973 4831430.369995 278.079987
463547.919983 4831430.420013 278.230011
463547.919983 4831430.369995 278.119995
463547.919983 4831430.399994 278.200012
463547.929993 4831430.410004 278.279999
463547.950012 4831430.359985 277.459991
463547.940002 4831430.359985 277.519989
463547.989990 4831430.320007 277.839996
463547.919983 4831430.339996 277.529999
463547.919983 4831430.369995 277.730011
463547.919983 4831430.369995 277.790009
463548.099976 4831430.380005 277.690002
463548.130005 4831430.359985 277.700012
463547.909973 4831430.339996 277.640015
463547.919983 4831430.350006 277.700012
463547.909973 4831430.380005 277.790009
463547.919983 4831430.390015 277.850006
463547.929993 4831430.399994 277.899994
463547.929993 4831430.420013 277.980011
463547.909973 4831430.350006 277.500000
463547.929993 4831430.390015 277.679993
463547.919983 4831430.410004 277.760010
463547.929993 4831430.420013 277.820007
463547.919983 4831430.380005 277.369995
463547.919983 4831430.399994 277.429993
463547.929993 4831430.410004 277.480011
463547.940002 4831430.410004 277.529999
463547.950012 4831430.420013 277.579987
463548.000000 4831430.420013 277.709991
463548.010010 4831430.420013 277.750000
463548.099976 4831430.329987 277.649994
463548.119995 4831430.309998 277.679993
463548.140015 4831430.309998 277.709991
463548.159973 4831430.309998 277.739990
463548.169983 4831430.309998 277.769989
463547.940002 4831430.410004 277.320007
463547.950012 4831430.420013 277.369995
463548.010010 4831430.420013 277.540009
463548.119995 4831430.359985 277.609985
463548.140015 4831430.350006 277.640015
463548.150024 4831430.350006 277.670013
463548.169983 4831430.350006 277.709991
463547.940002 4831430.410004 278.070007
463547.940002 4831430.410004 278.070007
463547.919983 4831430.390015 278.070007
463547.950012 4831430.420013 278.100006
463547.989990 4831430.420013 278.239990
463547.979980 4831430.410004 278.170013
463547.960022 4831430.420013 278.149994
463547.979980 4831430.420013 278.290009
463547.960022 4831430.420013 278.230011
463547.950012 4831430.420013 278.179993
463547.950012 4831430.410004 278.119995
463547.979980 4831430.410004 278.260010
463547.960022 4831430.420013 278.220001
463547.950012 4831430.410004 278.160004
463547.940002 4831430.410004 278.100006
463547.969971 4831430.410004 278.230011
463547.960022 4831430.410004 278.170013
463547.940002 4831430.420013 278.130005
463547.979980 4831430.410004 278.239990
463547.969971 4831430.410004 278.190002
463547.950012 4831430.410004 278.149994
463547.940002 4831430.410004 278.100006
463547.960022 4831430.420013 278.299988
463547.960022 4831430.410004 278.230011
463547.950012 4831430.410004 278.160004
463547.940002 4831430.410004 278.109985
463547.919983 4831430.399994 278.140015
463547.900024 4831430.380005 278.290009
463547.900024 4831430.359985 278.179993
463548.020020 4831430.380005 278.140015
463547.960022 4831430.339996 278.170013
463547.950012 4831430.359985 278.119995
463547.929993 4831430.290009 278.160004
463547.929993 4831430.299988 278.100006
463547.989990 4831430.410004 277.350006
463548.080017 4831430.309998 277.630005
463548.020020 4831430.369995 277.739990
463547.979980 4831430.410004 277.799988
463547.989990 4831430.390015 277.690002
463547.960022 4831430.410004 277.700012
463547.960022 4831430.390015 277.609985
463547.950012 4831430.399994 277.570007
463547.929993 4831430.390015 277.429993
463547.919983 4831430.390015 277.390015
463547.950012 4831430.420013 278.029999
463547.940002 4831430.410004 277.959991
463547.929993 4831430.410004 277.910004
463547.929993 4831430.399994 277.799988
463547.929993 4831430.390015 277.720001
463547.929993 4831430.380005 277.630005
463547.919983 4831430.369995 277.570007
463547.919983 4831430.359985 277.500000
463547.900024 4831430.380005 277.480011
463547.929993 4831430.410004 278.000000
463547.919983 4831430.399994 277.940002
463547.909973 4831430.410004 277.890015
463547.919983 4831430.380005 277.769989
463547.919983 4831430.369995 277.700012
463547.909973 4831430.359985 277.609985
463547.909973 4831430.350006 277.519989
463547.929993 4831430.410004 278.029999
463547.919983 4831430.410004 277.980011
463547.919983 4831430.399994 277.920013
463547.929993 4831430.380005 277.799988
463547.919983 4831430.380005 277.750000
463547.909973 4831430.369995 277.670013
463547.909973 4831430.369995 277.600006
463547.909973 4831430.350006 277.500000
463547.929993 4831430.410004 277.989990
463547.919983 4831430.399994 277.920013
463547.919983 4831430.399994 277.859985
463547.919983 4831430.380005 277.760010
463547.909973 4831430.380005 277.700012
463547.909973 4831430.369995 277.630005
463547.909973 4831430.359985 277.540009
463547.940002 4831430.410004 278.040009
463547.929993 4831430.410004 277.970001
463547.919983 4831430.399994 277.910004
463547.929993 4831430.380005 277.779999
463547.919983 4831430.380005 277.720001
463547.909973 4831430.369995 277.640015
463547.909973 4831430.359985 277.549988
463547.909973 4831430.350006 277.489990
463547.929993 4831430.410004 278.049988
463547.919983 4831430.399994 277.980011
463547.919983 4831430.399994 277.910004
463547.919983 4831430.390015 277.829987
463547.909973 4831430.380005 277.739990
463547.909973 4831430.369995 277.679993
463547.909973 4831430.359985 277.600006
463547.909973 4831430.350006 277.510010
463547.909973 4831430.390015 278.010010
463547.909973 4831430.380005 277.940002
463547.909973 4831430.369995 277.839996
463547.909973 4831430.359985 277.750000
463547.909973 4831430.339996 277.649994
463547.909973 4831430.329987 277.559998
463547.909973 4831430.329987 277.989990
463547.900024 4831430.329987 277.940002
463547.929993 4831430.339996 277.950012
463547.929993 4831430.350006 277.880005
463547.940002 4831430.350006 277.790009
463547.950012 4831430.350006 277.690002
463547.960022 4831430.350006 277.589996
463547.950012 4831430.260010 277.790009
463547.969971 4831430.260010 277.670013
463547.950012 4831430.269989 277.670013
463547.940002 4831430.309998 278.029999
463547.960022 4831430.329987 277.940002
463547.989990 4831430.359985 277.739990
463548.169983 4831430.209991 277.679993
463547.940002 4831430.420013 278.239990
463547.950012 4831430.359985 277.350006
463547.960022 4831430.339996 277.420013
463547.929993 4831430.420013 277.359985
463547.929993 4831430.399994 277.589996
463547.940002 4831430.369995 277.779999
463548.030029 4831430.350006 277.600006
463548.049988 4831430.329987 277.619995
463548.080017 4831430.369995 277.660004
463548.109985 4831430.350006 277.619995
463548.130005 4831430.339996 277.649994
463548.150024 4831430.329987 277.660004
463548.169983 4831430.320007 277.700012
463548.130005 4831430.380005 277.660004
463548.150024 4831430.369995 277.679993
463547.929993 4831430.410004 277.450012
463548.140015 4831430.380005 277.670013
463548.000000 4831430.380005 278.100006
463548.000000 4831430.399994 278.269989
463548.000000 4831430.309998 277.500000
463547.979980 4831430.320007 277.540009
463548.010010 4831430.350006 277.839996
463548.000000 4831430.359985 277.950012
463548.130005 4831430.260010 277.660004
463548.010010 4831430.329987 277.600006
463548.000000 4831430.339996 278.059998
463548.059998 4831430.399994 278.059998
463548.010010 4831430.350006 278.100006
463548.030029 4831430.339996 278.200012
463548.049988 4831430.369995 278.239990
463548.049988 4831430.359985 278.149994
463548.049988 4831430.420013 278.160004
463548.059998 4831430.410004 278.109985
463548.020020 4831430.369995 278.190002
463548.049988 4831430.339996 278.109985
463548.059998 4831430.390015 278.100006
463548.039978 4831430.290009 277.480011
463548.039978 4831430.299988 277.369995
463548.049988 4831430.309998 277.309998
463548.119995 4831430.350006 277.619995
463548.159973 4831430.320007 277.670013
463548.070007 4831430.420013 277.529999
463548.099976 4831430.410004 277.519989
463548.090027 4831430.420013 277.529999
463548.000000 4831430.329987 278.010010
463548.000000 4831430.320007 277.940002
463548.030029 4831430.359985 278.049988
463548.030029 4831430.350006 277.970001
463548.020020 4831430.339996 277.779999
463548.030029 4831430.329987 277.739990
463548.039978 4831430.299988 277.480011
463548.059998 4831430.390015 277.980011
463548.059998 4831430.380005 277.910004
463548.070007 4831430.380005 277.839996
463548.059998 4831430.359985 277.679993
463548.059998 4831430.420013 277.700012
463548.150024 4831430.359985 277.529999
463548.109985 4831430.420013 277.510010
463548.099976 4831430.410004 277.420013
463548.090027 4831430.410004 277.329987
463548.070007 4831430.399994 277.910004
463548.039978 4831430.420013 277.649994
463548.059998 4831430.410004 277.640015
463548.039978 4831430.420013 277.489990
463548.109985 4831430.399994 277.510010
463548.419983 4831430.239990 278.070007
463548.340027 4831430.269989 278.070007
463548.340027 4831430.260010 278.059998
463548.349976 4831430.279999 278.089996
463548.330017 4831430.290009 278.079987
463548.330017 4831430.250000 278.079987
463548.400024 4831430.220001 278.149994
463548.390015 4831430.239990 278.239990
463548.340027 4831430.269989 278.119995
463548.340027 4831430.279999 278.109985
463548.190002 4831430.299988 277.649994
463548.190002 4831430.309998 277.679993
463548.349976 4831430.220001 277.920013
463548.349976 4831430.230011 277.970001
463548.340027 4831430.239990 278.019989
463548.299988 4831430.239990 277.839996
463548.299988 4831430.250000 277.899994
463548.299988 4831430.260010 277.950012
463548.309998 4831430.279999 277.980011
463548.250000 4831430.250000 277.750000
463548.250000 4831430.260010 277.799988
463548.260010 4831430.279999 277.829987
463548.210022 4831430.279999 277.660004
463548.200012 4831430.279999 277.720001
463548.239990 4831430.350006 277.700012
463548.219971 4831430.399994 277.540009
463548.190002 4831430.260010 277.649994
463548.190002 4831430.279999 277.690002
463548.200012 4831430.290009 277.720001
463548.239990 4831430.260010 277.700012
463548.239990 4831430.260010 277.760010
463548.239990 4831430.279999 277.799988
463548.250000 4831430.299988 277.820007
463548.280029 4831430.250000 277.820007
463548.270020 4831430.250000 277.880005
463548.280029 4831430.269989 277.920013
463548.299988 4831430.220001 277.869995
463548.309998 4831430.239990 277.899994
463548.309998 4831430.250000 277.950012
463548.320007 4831430.269989 277.989990
463548.340027 4831430.230011 277.950012
463548.340027 4831430.239990 278.000000
463548.330017 4831430.239990 278.040009
463548.320007 4831430.200012 277.959991
463548.330017 4831430.230011 277.980011
463548.320007 4831430.230011 277.910004
463548.320007 4831430.239990 277.950012
463548.320007 4831430.260010 277.989990
463548.320007 4831430.269989 278.040009
463548.299988 4831430.239990 277.850006
463548.289978 4831430.239990 277.899994
463548.299988 4831430.260010 277.929993
463548.299988 4831430.279999 277.959991
463548.280029 4831430.250000 277.790009
463548.270020 4831430.250000 277.850006
463548.270020 4831430.269989 277.890015
463548.280029 4831430.299988 277.920013
463548.219971 4831430.260010 277.679993
463548.219971 4831430.260010 277.730011
463548.219971 4831430.279999 277.769989
463548.210022 4831430.339996 277.660004
463548.330017 4831430.209991 277.959991
463548.330017 4831430.220001 278.000000
463548.320007 4831430.239990 278.040009
463548.270020 4831430.230011 277.809998
463548.260010 4831430.239990 277.869995
463548.270020 4831430.260010 277.899994
463548.210022 4831430.239990 277.679993
463548.200012 4831430.250000 277.720001
463548.200012 4831430.269989 277.760010
463548.219971 4831430.290009 277.790009
463548.409973 4831430.209991 278.079987
463548.400024 4831430.200012 278.049988
463548.429993 4831430.209991 278.079987
463548.239990 4831430.339996 277.459991
463548.200012 4831430.279999 277.579987
463548.179993 4831430.250000 277.570007
463548.219971 4831430.269989 277.649994
463548.210022 4831430.250000 277.630005
463548.210022 4831430.230011 277.600006
463548.200012 4831430.220001 277.559998
463548.250000 4831430.260010 277.709991
463548.239990 4831430.239990 277.679993
463548.239990 4831430.230011 277.640015
463548.229980 4831430.209991 277.600006
463548.289978 4831430.250000 277.790009
463548.280029 4831430.239990 277.760010
463548.270020 4831430.220001 277.739990
463548.270020 4831430.209991 277.700012
463548.270020 4831430.200012 277.649994
463548.340027 4831430.260010 277.880005
463548.320007 4831430.230011 277.869995
463548.309998 4831430.209991 277.839996
463548.309998 4831430.200012 277.790009
463548.309998 4831430.190002 277.739990
463548.369995 4831430.230011 277.970001
463548.359985 4831430.220001 277.940002
463548.349976 4831430.200012 277.920013
463548.349976 4831430.190002 277.880005
463548.349976 4831430.190002 277.820007
463548.390015 4831430.179993 278.010010
463548.400024 4831430.179993 277.959991
463548.390015 4831430.160004 277.920013
463548.219971 4831430.269989 277.600006
463548.210022 4831430.250000 277.570007
463548.200012 4831430.250000 277.459991
463548.289978 4831430.290009 277.720001
463548.270020 4831430.250000 277.709991
463548.260010 4831430.250000 277.660004
463548.250000 4831430.239990 277.619995
463548.330017 4831430.250000 277.850006
463548.309998 4831430.230011 277.779999
463548.299988 4831430.220001 277.739990
463548.299988 4831430.220001 277.670013
463548.390015 4831430.260010 277.890015
463548.359985 4831430.209991 277.859985
463548.419983 4831430.200012 278.040009
463548.419983 4831430.200012 277.989990
463548.419983 4831430.209991 277.920013
463548.229980 4831430.279999 277.630005
463548.219971 4831430.269989 277.589996
463548.200012 4831430.260010 277.549988
463548.190002 4831430.250000 277.510010
463548.179993 4831430.250000 277.450012
463548.320007 4831430.260010 277.850006
463548.289978 4831430.250000 277.700012
463548.280029 4831430.239990 277.660004
463548.270020 4831430.239990 277.609985
463548.400024 4831430.239990 278.000000
463548.390015 4831430.230011 277.959991
463548.380005 4831430.220001 277.929993
463548.369995 4831430.209991 277.899994
463548.359985 4831430.220001 277.829987
463548.349976 4831430.220001 277.790009
463548.340027 4831430.239990 277.709991
463548.460022 4831430.250000 277.929993
463548.340027 4831430.230011 278.059998
463548.340027 4831430.239990 278.109985
463548.340027 4831430.250000 278.170013
463548.340027 4831430.269989 278.200012
463548.289978 4831430.269989 278.109985
463548.299988 4831430.299988 278.109985
463548.349976 4831430.230011 278.250000
463548.359985 4831430.269989 278.160004
463548.380005 4831430.290009 278.149994
463548.340027 4831430.290009 278.130005
463548.299988 4831430.260010 277.970001
463548.190002 4831430.279999 277.690002
463548.200012 4831430.290009 277.739990
463548.210022 4831430.309998 277.760010
463548.289978 4831430.239990 277.929993
463548.289978 4831430.250000 277.980011
463548.289978 4831430.260010 278.040009
463548.260010 4831430.260010 277.790009
463548.239990 4831430.260010 277.869995
463548.250000 4831430.279999 277.910004
463548.200012 4831430.269989 277.739990
463548.200012 4831430.279999 277.790009
463548.210022 4831430.299988 277.829987
463548.280029 4831430.250000 277.989990
463548.260010 4831430.260010 278.010010
463548.210022 4831430.250000 277.750000
463548.200012 4831430.269989 277.799988
463548.200012 4831430.290009 277.829987
463548.190002 4831430.320007 277.750000
463548.309998 4831430.269989 278.029999
463548.349976 4831430.329987 278.070007
463548.330017 4831430.299988 278.190002
463548.340027 4831430.320007 278.200012
463548.219971 4831430.290009 277.880005
463548.359985 4831430.290009 278.079987
463548.309998 4831430.279999 278.089996
463548.349976 4831430.279999 278.089996
463548.340027 4831430.279999 278.160004
463548.380005 4831430.290009 278.109985
463548.400024 4831430.290009 278.200012
463548.190002 4831430.329987 277.700012
463548.179993 4831430.329987 277.769989
463548.210022 4831430.320007 277.790009
463548.200012 4831430.309998 277.820007
463548.190002 4831430.279999 277.829987
463548.239990 4831430.320007 277.820007
463548.229980 4831430.299988 277.850006
463548.289978 4831430.309998 277.959991
463548.280029 4831430.290009 277.980011
463548.270020 4831430.269989 278.000000
463548.179993 4831430.350006 277.679993
463548.229980 4831430.320007 277.739990
463548.299988 4831430.320007 277.920013
463548.219971 4831430.359985 277.709991
463548.200012 4831430.339996 277.730011
463548.369995 4831430.339996 278.089996
463548.340027 4831430.329987 278.079987
463548.340027 4831430.329987 278.100006
463548.349976 4831430.339996 278.059998
463548.340027 4831430.320007 278.079987
463548.320007 4831430.339996 278.070007
463548.299988 4831430.329987 278.100006
463548.359985 4831430.320007 278.179993
463548.359985 4831430.329987 278.140015
463548.369995 4831430.350006 278.100006
463548.380005 4831430.329987 278.190002
463548.390015 4831430.320007 278.130005
463548.359985 4831430.329987 278.200012
463548.369995 4831430.320007 278.140015
463548.320007 4831430.299988 278.190002
463548.330017 4831430.320007 278.170013
463548.299988 4831430.309998 278.200012
463548.309998 4831430.309998 278.149994
463548.309998 4831430.299988 278.149994
463548.309998 4831430.309998 278.170013
463548.299988 4831430.359985 277.929993
463548.200012 4831430.359985 277.739990
463548.210022 4831430.369995 277.700012
463548.200012 4831430.359985 277.630005
463548.299988 4831430.309998 277.929993
463548.239990 4831430.359985 277.809998
463548.330017 4831430.339996 278.019989
463548.219971 4831430.369995 277.869995
463548.229980 4831430.369995 277.820007
463548.289978 4831430.329987 278.079987
463548.349976 4831430.339996 278.070007
463548.330017 4831430.290009 278.149994
463548.340027 4831430.320007 278.100006
463548.349976 4831430.299988 278.100006
463548.369995 4831430.309998 278.170013
463548.200012 4831430.329987 277.720001
463548.190002 4831430.339996 277.779999
463548.190002 4831430.329987 277.829987
463548.239990 4831430.320007 277.850006
463548.239990 4831430.369995 277.899994
463548.260010 4831430.290009 278.100006
463548.270020 4831430.320007 278.070007
463548.320007 4831430.309998 278.200012
463548.309998 4831430.230011 278.149994
463548.219971 4831430.290009 277.880005
463548.200012 4831430.290009 277.859985
463548.200012 4831430.309998 277.890015
463548.200012 4831430.339996 277.890015
463548.210022 4831430.279999 277.869995
463548.239990 4831430.290009 277.989990
463548.239990 4831430.279999 277.959991
463548.239990 4831430.309998 277.970001
463548.239990 4831430.269989 277.950012
463548.250000 4831430.290009 277.989990
463548.229980 4831430.279999 277.920013
463548.210022 4831430.279999 277.850006
463548.210022 4831430.299988 277.899994
463548.190002 4831430.279999 277.809998
463548.190002 4831430.309998 277.850006
463548.229980 4831430.260010 277.910004
463548.219971 4831430.290009 277.920013
463548.270020 4831430.230011 278.079987
463548.289978 4831430.209991 278.109985
463548.309998 4831430.299988 278.079987
463548.349976 4831430.320007 278.059998
463548.409973 4831430.269989 278.070007
463548.299988 4831430.299988 278.089996
463548.320007 4831430.299988 278.119995
463548.340027 4831430.299988 278.160004
463548.349976 4831430.290009 278.200012
463548.320007 4831430.290009 278.119995
463548.340027 4831430.290009 278.149994
463548.349976 4831430.290009 278.200012
463548.369995 4831430.279999 278.220001
463548.289978 4831430.299988 278.000000
463548.179993 4831430.309998 277.809998
463548.179993 4831430.329987 277.890015
463548.219971 4831430.299988 277.880005
463548.239990 4831430.299988 277.920013
463548.260010 4831430.299988 277.959991
463548.280029 4831430.290009 277.989990
463548.289978 4831430.290009 278.040009
463548.190002 4831430.339996 277.739990
463548.210022 4831430.339996 277.769989
463548.229980 4831430.339996 277.809998
463548.299988 4831430.230011 278.089996
463548.280029 4831430.239990 278.049988
463548.330017 4831430.179993 278.089996
463548.320007 4831430.290009 278.119995
463548.369995 4831430.209991 278.299988
463548.260010 4831430.250000 278.019989
463548.250000 4831430.239990 277.959991
463548.229980 4831430.250000 277.940002
463548.200012 4831430.260010 277.799988
463548.299988 4831430.209991 278.019989
463548.289978 4831430.220001 277.959991
463548.280029 4831430.239990 277.940002
463548.280029 4831430.179993 277.899994
463548.260010 4831430.190002 277.880005
463548.229980 4831430.209991 277.850006
463548.219971 4831430.230011 277.809998
463548.299988 4831430.299988 278.059998
463548.320007 4831430.290009 278.089996
463548.330017 4831430.350006 278.070007
463548.340027 4831430.279999 278.119995
463548.349976 4831430.329987 278.160004
463548.369995 4831430.320007 278.190002
463548.179993 4831430.299988 277.730011
463548.179993 4831430.339996 277.750000
463548.200012 4831430.329987 277.799988
463548.229980 4831430.299988 277.869995
463548.289978 4831430.309998 278.019989
463548.219971 4831430.320007 277.850006
463548.229980 4831430.359985 277.839996
463548.250000 4831430.350006 277.869995
463548.299988 4831430.339996 278.040009
463548.190002 4831430.369995 277.750000
463548.299988 4831430.239990 278.089996
463548.349976 4831430.200012 278.149994
463548.320007 4831430.220001 278.119995
463548.270020 4831430.260010 277.989990
463548.239990 4831430.279999 277.940002
463548.260010 4831430.230011 277.910004
463548.219971 4831430.279999 277.850006
463548.250000 4831430.220001 277.880005
463548.229980 4831430.239990 277.869995
463548.200012 4831430.250000 277.869995
463548.250000 4831430.200012 277.890015
463548.229980 4831430.220001 277.869995
463548.400024 4831430.250000 278.100006
463548.409973 4831430.299988 278.130005
463548.299988 4831430.260010 277.989990
463548.289978 4831430.269989 277.950012
463548.229980 4831430.350006 277.730011
463548.479980 4831430.230011 278.119995
463548.440002 4831430.190002 278.239990
463548.390015 4831430.250000 278.279999
463548.419983 4831430.179993 278.239990
463548.409973 4831430.190002 278.299988
463548.469971 4831430.190002 278.079987
463548.450012 4831430.200012 278.230011
463548.450012 4831430.239990 278.160004
463548.429993 4831430.220001 278.130005
463548.489990 4831430.200012 278.290009
463548.479980 4831430.190002 278.250000
463548.479980 4831430.179993 278.200012
463548.469971 4831430.179993 278.149994
463548.520020 4831430.149994 278.260010
463548.489990 4831430.190002 278.269989
463548.479980 4831430.179993 278.230011
463548.469971 4831430.190002 278.170013
463548.460022 4831430.190002 278.119995
463548.549988 4831430.179993 278.250000
463548.469971 4831430.179993 278.029999
463548.450012 4831430.200012 278.049988
463548.530029 4831430.230011 278.019989
463548.429993 4831430.239990 278.119995
463548.390015 4831430.220001 278.299988
463548.409973 4831430.279999 278.269989
463548.440002 4831430.309998 278.059998
463548.409973 4831430.299988 278.299988
463548.419983 4831430.309998 278.250000
463548.429993 4831430.329987 278.220001
463548.409973 4831430.290009 278.230011
463548.419983 4831430.269989 278.230011
463548.440002 4831430.269989 278.290009
463548.409973 4831430.269989 278.279999
463548.450012 4831430.260010 278.179993
