2.772600100000000225e+02 4.831431299987999722e+06 4.635486500239999732e+05
2.768099980000000073e+02 4.831431459990999661e+06 4.635485300290000159e+05
2.768599849999999947e+02 4.831431600006000139e+06 4.635486599730000016e+05
2.768099980000000073e+02 4.831431600006000139e+06 4.635486199950000155e+05
2.768599849999999947e+02 4.831431600006000139e+06 4.635486199950000155e+05
2.768900150000000053e+02 4.831431619994999841e+06 4.635486300049999845e+05
2.769500120000000152e+02 4.831431619994999841e+06 4.635486300049999845e+05
2.769800109999999904e+02 4.831431640014999546e+06 4.635486400150000118e+05
2.770299989999999752e+02 4.831431649993999861e+06 4.635486500239999732e+05
2.768099980000000073e+02 4.831431570007000118e+06 4.635486199950000155e+05
2.768599849999999947e+02 4.831431589995999821e+06 4.635486199950000155e+05
2.768999939999999924e+02 4.831431609985000454e+06 4.635486199950000155e+05
2.769500120000000152e+02 4.831431619994999841e+06 4.635486199950000155e+05
2.769800109999999904e+02 4.831431630005000159e+06 4.635486199950000155e+05
2.770199890000000096e+02 4.831431649993999861e+06 4.635486300049999845e+05
2.770599980000000073e+02 4.831431670013000257e+06 4.635486300049999845e+05
2.771000060000000076e+02 4.831431679992999882e+06 4.635486300049999845e+05
2.771400150000000053e+02 4.831431690001999959e+06 4.635486300049999845e+05
2.771799930000000245e+02 4.831431709990999661e+06 4.635486300049999845e+05
2.772300109999999904e+02 4.831431720000999980e+06 4.635486300049999845e+05
2.772600100000000225e+02 4.831431739989999682e+06 4.635486400150000118e+05
2.770899959999999851e+02 4.831431609985000454e+06 4.635486400150000118e+05
2.769599910000000023e+02 4.831431600006000139e+06 4.635486199950000155e+05
2.770299989999999752e+02 4.831431630005000159e+06 4.635486300049999845e+05
2.771700129999999831e+02 4.831431670013000257e+06 4.635486199950000155e+05
2.772699890000000096e+02 4.831431700012000278e+06 4.635486099849999882e+05
2.772799989999999752e+02 4.831431730011000298e+06 4.635486300049999845e+05
2.768900150000000053e+02 4.831431600006000139e+06 4.635485999760000268e+05
2.769299930000000245e+02 4.831431619994999841e+06 4.635485999760000268e+05
2.769800109999999904e+02 4.831431640014999546e+06 4.635485999760000268e+05
2.768200069999999755e+02 4.831431640014999546e+06 4.635486099849999882e+05
2.768900150000000053e+02 4.831431619994999841e+06 4.635486799929999979e+05
2.769599910000000023e+02 4.831431570007000118e+06 4.635486699830000289e+05
2.768999939999999924e+02 4.831431570007000118e+06 4.635486799929999979e+05
2.769500120000000152e+02 4.831431579986999743e+06 4.635487100220000139e+05
2.768900150000000053e+02 4.831431570007000118e+06 4.635487199709999841e+05
2.769100040000000149e+02 4.831431529999000020e+06 4.635486900020000176e+05
2.769899899999999775e+02 4.831431600006000139e+06 4.635486799929999979e+05
2.768399959999999851e+02 4.831431579986999743e+06 4.635486699830000289e+05
2.769400019999999927e+02 4.831431559998000041e+06 4.635487000119999866e+05
2.768399959999999851e+02 4.831431549987999722e+06 4.635486900020000176e+05
2.768099980000000073e+02 4.831431540009000339e+06 4.635486799929999979e+05
2.770700069999999755e+02 4.831431619994999841e+06 4.635487299800000037e+05
2.772600100000000225e+02 4.831431730011000298e+06 4.635486500239999732e+05
2.773999939999999924e+02 4.831431750000000000e+06 4.635486699830000289e+05
2.773399959999999851e+02 4.831431790009000339e+06 4.635486199950000155e+05
2.771300049999999828e+02 4.831431670013000257e+06 4.635486199950000155e+05
2.774299930000000245e+02 4.831431750000000000e+06 4.635486300049999845e+05
2.768900150000000053e+02 4.831431619994999841e+06 4.635486199950000155e+05
2.770700069999999755e+02 4.831431660004000179e+06 4.635485900269999984e+05
2.772000120000000152e+02 4.831431720000999980e+06 4.635485800169999711e+05
2.772000120000000152e+02 4.831431709990999661e+06 4.635486199950000155e+05
2.770199890000000096e+02 4.831431640014999546e+06 4.635486099849999882e+05
2.773999939999999924e+02 4.831431760010000318e+06 4.635485999760000268e+05
2.774400019999999927e+02 4.831431799987999722e+06 4.635486099849999882e+05
2.774400019999999927e+02 4.831431829986999743e+06 4.635486199950000155e+05
2.773500060000000076e+02 4.831431829986999743e+06 4.635486500239999732e+05
2.773500060000000076e+02 4.831431850006000139e+06 4.635486699830000289e+05
2.773500060000000076e+02 4.831431869994999841e+06 4.635486799929999979e+05
2.773699950000000172e+02 4.831431899993999861e+06 4.635486900020000176e+05
2.770799870000000169e+02 4.831431670013000257e+06 4.635485700070000021e+05
2.772099910000000023e+02 4.831431730011000298e+06 4.635485599979999824e+05
2.772200010000000248e+02 4.831431760010000318e+06 4.635485800169999711e+05
2.769100040000000149e+02 4.831431640014999546e+06 4.635485499880000134e+05
2.769899899999999775e+02 4.831431690001999959e+06 4.635485499880000134e+05
2.768699950000000172e+02 4.831431670013000257e+06 4.635485300290000159e+05
2.768500060000000076e+02 4.831431690001999959e+06 4.635485499880000134e+05
2.768099980000000073e+02 4.831431660004000179e+06 4.635485200199999963e+05
2.768200069999999755e+02 4.831431640014999546e+06 4.635485200199999963e+05
2.768599849999999947e+02 4.831431679992999882e+06 4.635485200199999963e+05
2.768399959999999851e+02 4.831431700012000278e+06 4.635485399779999861e+05
2.768399959999999851e+02 4.831431600006000139e+06 4.635485200199999963e+05
2.768399959999999851e+02 4.831431630005000159e+06 4.635485300290000159e+05
2.769100040000000149e+02 4.831431670013000257e+06 4.635485300290000159e+05
2.768900150000000053e+02 4.831431690001999959e+06 4.635485499880000134e+05
2.768200069999999755e+02 4.831431630005000159e+06 4.635485300290000159e+05
2.768699950000000172e+02 4.831431670013000257e+06 4.635485300290000159e+05
2.768800049999999828e+02 4.831431700012000278e+06 4.635485399779999861e+05
2.768200069999999755e+02 4.831431700012000278e+06 4.635485599979999824e+05
2.770899959999999851e+02 4.831431700012000278e+06 4.635486199950000155e+05
2.772500000000000000e+02 4.831431739989999682e+06 4.635486199950000155e+05
2.772300109999999904e+02 4.831431709990999661e+06 4.635485999760000268e+05
2.773099980000000073e+02 4.831431799987999722e+06 4.635486699830000289e+05
2.773999939999999924e+02 4.831431799987999722e+06 4.635486699830000289e+05
2.768200069999999755e+02 4.831431649993999861e+06 4.635486099849999882e+05
2.769599910000000023e+02 4.831431660004000179e+06 4.635486199950000155e+05
2.772000120000000152e+02 4.831431769988999702e+06 4.635486500239999732e+05
2.772900089999999977e+02 4.831431739989999682e+06 4.635486500239999732e+05
2.771900019999999927e+02 4.831431730011000298e+06 4.635486799929999979e+05
2.769500120000000152e+02 4.831431640014999546e+06 4.635486099849999882e+05
2.769599910000000023e+02 4.831431670013000257e+06 4.635486400150000118e+05
2.768800049999999828e+02 4.831431670013000257e+06 4.635486300049999845e+05
2.768099980000000073e+02 4.831431660004000179e+06 4.635486199950000155e+05
2.771600040000000149e+02 4.831431739989999682e+06 4.635486599730000016e+05
2.769400019999999927e+02 4.831431649993999861e+06 4.635485900269999984e+05
2.769400019999999927e+02 4.831431690001999959e+06 4.635486199950000155e+05
2.768500060000000076e+02 4.831431670013000257e+06 4.635485999760000268e+05
2.773599849999999947e+02 4.831431799987999722e+06 4.635486599730000016e+05
2.773299870000000169e+02 4.831431820007000118e+06 4.635486699830000289e+05
2.772799989999999752e+02 4.831431829986999743e+06 4.635486799929999979e+05
2.768999939999999924e+02 4.831431700012000278e+06 4.635485700070000021e+05
2.774899899999999775e+02 4.831431850006000139e+06 4.635486599730000016e+05
2.773900150000000053e+02 4.831431829986999743e+06 4.635486400150000118e+05
2.772600100000000225e+02 4.831431790009000339e+06 4.635486099849999882e+05
2.771900019999999927e+02 4.831431760010000318e+06 4.635485499880000134e+05
2.774299930000000245e+02 4.831431829986999743e+06 4.635486400150000118e+05
2.773699950000000172e+02 4.831431829986999743e+06 4.635486400150000118e+05
2.773299870000000169e+02 4.831431829986999743e+06 4.635486500239999732e+05
2.773399959999999851e+02 4.831431880005000159e+06 4.635486799929999979e+05
2.770400089999999977e+02 4.831431720000999980e+06 4.635486300049999845e+05
2.769599910000000023e+02 4.831431700012000278e+06 4.635486300049999845e+05
2.771700129999999831e+02 4.831431769988999702e+06 4.635485999760000268e+05
2.770700069999999755e+02 4.831431739989999682e+06 4.635485900269999984e+05
2.769800109999999904e+02 4.831431720000999980e+06 4.635485900269999984e+05
2.769200129999999831e+02 4.831431720000999980e+06 4.635485999760000268e+05
2.768099980000000073e+02 4.831431679992999882e+06 4.635485900269999984e+05
2.772099910000000023e+02 4.831431790009000339e+06 4.635485399779999861e+05
2.768200069999999755e+02 4.831431709990999661e+06 4.635485499880000134e+05
2.773200069999999755e+02 4.831431839995999821e+06 4.635486199950000155e+05
2.768200069999999755e+02 4.831431660004000179e+06 4.635485399779999861e+05
2.768599849999999947e+02 4.831431660004000179e+06 4.635485599979999824e+05
2.769200129999999831e+02 4.831431670013000257e+06 4.635485599979999824e+05
2.769899899999999775e+02 4.831431690001999959e+06 4.635485599979999824e+05
2.771099849999999947e+02 4.831431750000000000e+06 4.635485800169999711e+05
2.771600040000000149e+02 4.831431739989999682e+06 4.635485700070000021e+05
2.772000120000000152e+02 4.831431730011000298e+06 4.635485599979999824e+05
2.768399959999999851e+02 4.831431630005000159e+06 4.635485900269999984e+05
2.769200129999999831e+02 4.831431660004000179e+06 4.635485900269999984e+05
2.770100100000000225e+02 4.831431690001999959e+06 4.635485999760000268e+05
2.770799870000000169e+02 4.831431709990999661e+06 4.635485999760000268e+05
2.771799930000000245e+02 4.831431750000000000e+06 4.635486099849999882e+05
2.772399899999999775e+02 4.831431760010000318e+06 4.635486099849999882e+05
2.773200069999999755e+02 4.831431790009000339e+06 4.635486199950000155e+05
2.773699950000000172e+02 4.831431790009000339e+06 4.635486099849999882e+05
2.774400019999999927e+02 4.831431799987999722e+06 4.635486099849999882e+05
2.774899899999999775e+02 4.831431799987999722e+06 4.635485999760000268e+05
2.770599980000000073e+02 4.831431690001999959e+06 4.635486300049999845e+05
2.771900019999999927e+02 4.831431750000000000e+06 4.635486500239999732e+05
2.773399959999999851e+02 4.831431839995999821e+06 4.635486799929999979e+05
2.773399959999999851e+02 4.831431779999000020e+06 4.635486500239999732e+05
2.773800049999999828e+02 4.831431779999000020e+06 4.635486400150000118e+05
2.774599910000000023e+02 4.831431809998000041e+06 4.635486500239999732e+05
2.775299989999999752e+02 4.831431820007000118e+06 4.635486500239999732e+05
2.769899899999999775e+02 4.831431709990999661e+06 4.635485900269999984e+05
2.770299989999999752e+02 4.831431700012000278e+06 4.635485900269999984e+05
2.771700129999999831e+02 4.831431769988999702e+06 4.635486400150000118e+05
2.773599849999999947e+02 4.831431820007000118e+06 4.635486799929999979e+05
2.773800049999999828e+02 4.831431790009000339e+06 4.635486599730000016e+05
2.768299870000000169e+02 4.831431630005000159e+06 4.635485999760000268e+05
2.769100040000000149e+02 4.831431640014999546e+06 4.635486199950000155e+05
2.774599910000000023e+02 4.831431839995999821e+06 4.635486599730000016e+05
2.771700129999999831e+02 4.831431779999000020e+06 4.635486099849999882e+05
2.773099980000000073e+02 4.831431820007000118e+06 4.635486799929999979e+05
2.773299870000000169e+02 4.831431799987999722e+06 4.635486599730000016e+05
2.773900150000000053e+02 4.831431799987999722e+06 4.635486699830000289e+05
2.771799930000000245e+02 4.831431760010000318e+06 4.635486599730000016e+05
2.772399899999999775e+02 4.831431750000000000e+06 4.635486599730000016e+05
2.768599849999999947e+02 4.831431690001999959e+06 4.635485999760000268e+05
2.769100040000000149e+02 4.831431670013000257e+06 4.635485999760000268e+05
2.770000000000000000e+02 4.831431690001999959e+06 4.635486300049999845e+05
2.769800109999999904e+02 4.831431640014999546e+06 4.635485900269999984e+05
2.770400089999999977e+02 4.831431589995999821e+06 4.635485499880000134e+05
2.776199950000000172e+02 4.831431809998000041e+06 4.635486199950000155e+05
2.773399959999999851e+02 4.831431839995999821e+06 4.635486500239999732e+05
2.772799989999999752e+02 4.831431730011000298e+06 4.635485999760000268e+05
2.773399959999999851e+02 4.831431769988999702e+06 4.635485800169999711e+05
2.770499879999999848e+02 4.831431679992999882e+06 4.635485900269999984e+05
2.771199950000000172e+02 4.831431700012000278e+06 4.635485700070000021e+05
2.769800109999999904e+02 4.831431679992999882e+06 4.635485399779999861e+05
2.773900150000000053e+02 4.831431790009000339e+06 4.635486699830000289e+05
2.773699950000000172e+02 4.831431809998000041e+06 4.635486400150000118e+05
2.776300049999999828e+02 4.831431779999000020e+06 4.635486199950000155e+05
2.775700069999999755e+02 4.831431779999000020e+06 4.635486300049999845e+05
2.773500060000000076e+02 4.831431760010000318e+06 4.635486300049999845e+05
2.773299870000000169e+02 4.831431779999000020e+06 4.635485999760000268e+05
2.776900019999999927e+02 4.831431760010000318e+06 4.635486099849999882e+05
2.776400150000000053e+02 4.831431760010000318e+06 4.635486099849999882e+05
2.775799870000000169e+02 4.831431760010000318e+06 4.635486099849999882e+05
2.775000000000000000e+02 4.831431739989999682e+06 4.635486199950000155e+05
2.774200129999999831e+02 4.831431730011000298e+06 4.635486300049999845e+05
2.773200069999999755e+02 4.831431760010000318e+06 4.635485800169999711e+05
2.776499939999999924e+02 4.831431739989999682e+06 4.635486099849999882e+05
2.776099849999999947e+02 4.831431739989999682e+06 4.635485999760000268e+05
2.775599980000000073e+02 4.831431739989999682e+06 4.635485900269999984e+05
2.775100100000000225e+02 4.831431739989999682e+06 4.635485900269999984e+05
2.774200129999999831e+02 4.831431709990999661e+06 4.635486199950000155e+05
2.773200069999999755e+02 4.831431720000999980e+06 4.635485999760000268e+05
2.772900089999999977e+02 4.831431730011000298e+06 4.635485900269999984e+05
2.775100100000000225e+02 4.831431700012000278e+06 4.635485800169999711e+05
2.774800109999999904e+02 4.831431720000999980e+06 4.635485599979999824e+05
2.774100040000000149e+02 4.831431709990999661e+06 4.635485700070000021e+05
2.773599849999999947e+02 4.831431709990999661e+06 4.635485700070000021e+05
2.773200069999999755e+02 4.831431709990999661e+06 4.635485599979999824e+05
2.774599910000000023e+02 4.831431670013000257e+06 4.635485900269999984e+05
2.774299930000000245e+02 4.831431690001999959e+06 4.635485599979999824e+05
2.773900150000000053e+02 4.831431700012000278e+06 4.635485499880000134e+05
2.773099980000000073e+02 4.831431690001999959e+06 4.635485599979999824e+05
2.772099910000000023e+02 4.831431679992999882e+06 4.635485599979999824e+05
2.771700129999999831e+02 4.831431690001999959e+06 4.635485399779999861e+05
2.774700010000000248e+02 4.831431690001999959e+06 4.635485599979999824e+05
2.774100040000000149e+02 4.831431690001999959e+06 4.635485599979999824e+05
2.773699950000000172e+02 4.831431700012000278e+06 4.635485499880000134e+05
2.773099980000000073e+02 4.831431690001999959e+06 4.635485499880000134e+05
2.772399899999999775e+02 4.831431679992999882e+06 4.635485599979999824e+05
2.771799930000000245e+02 4.831431679992999882e+06 4.635485499880000134e+05
2.774599910000000023e+02 4.831431690001999959e+06 4.635485599979999824e+05
2.774100040000000149e+02 4.831431690001999959e+06 4.635485599979999824e+05
2.773900150000000053e+02 4.831431709990999661e+06 4.635485300290000159e+05
2.773299870000000169e+02 4.831431700012000278e+06 4.635485399779999861e+05
2.772399899999999775e+02 4.831431679992999882e+06 4.635485599979999824e+05
2.771900019999999927e+02 4.831431679992999882e+06 4.635485499880000134e+05
2.774299930000000245e+02 4.831431700012000278e+06 4.635485200199999963e+05
2.772699890000000096e+02 4.831431660004000179e+06 4.635485599979999824e+05
2.772300109999999904e+02 4.831431670013000257e+06 4.635485399779999861e+05
2.771900019999999927e+02 4.831431670013000257e+06 4.635485300290000159e+05
2.771300049999999828e+02 4.831431660004000179e+06 4.635485399779999861e+05
2.770700069999999755e+02 4.831431649993999861e+06 4.635485499880000134e+05
2.774100040000000149e+02 4.831431679992999882e+06 4.635485200199999963e+05
2.772799989999999752e+02 4.831431660004000179e+06 4.635485300290000159e+05
2.772200010000000248e+02 4.831431660004000179e+06 4.635485300290000159e+05
2.771700129999999831e+02 4.831431649993999861e+06 4.635485300290000159e+05
2.771000060000000076e+02 4.831431649993999861e+06 4.635485300290000159e+05
2.770299989999999752e+02 4.831431640014999546e+06 4.635485399779999861e+05
2.771799930000000245e+02 4.831431649993999861e+06 4.635485200199999963e+05
2.771099849999999947e+02 4.831431630005000159e+06 4.635485300290000159e+05
2.770499879999999848e+02 4.831431630005000159e+06 4.635485200199999963e+05
2.769899899999999775e+02 4.831431630005000159e+06 4.635485300290000159e+05
2.769200129999999831e+02 4.831431619994999841e+06 4.635485300290000159e+05
2.772099910000000023e+02 4.831431640014999546e+06 4.635485200199999963e+05
2.771600040000000149e+02 4.831431630005000159e+06 4.635485200199999963e+05
2.770899959999999851e+02 4.831431619994999841e+06 4.635485200199999963e+05
2.770299989999999752e+02 4.831431619994999841e+06 4.635485200199999963e+05
2.769800109999999904e+02 4.831431619994999841e+06 4.635485200199999963e+05
2.770599980000000073e+02 4.831431600006000139e+06 4.635485100100000273e+05
2.770100100000000225e+02 4.831431600006000139e+06 4.635485100100000273e+05
2.769599910000000023e+02 4.831431600006000139e+06 4.635485100100000273e+05
2.768900150000000053e+02 4.831431589995999821e+06 4.635485100100000273e+05
2.768200069999999755e+02 4.831431579986999743e+06 4.635485200199999963e+05
2.769100040000000149e+02 4.831431559998000041e+06 4.635484899899999727e+05
2.768299870000000169e+02 4.831431510010000318e+06 4.635484699709999841e+05
2.776300049999999828e+02 4.831431720000999980e+06 4.635485999760000268e+05
2.776600040000000149e+02 4.831431720000999980e+06 4.635486099849999882e+05
2.776199950000000172e+02 4.831431730011000298e+06 4.635485999760000268e+05
2.776499939999999924e+02 4.831431739989999682e+06 4.635486199950000155e+05
2.776099849999999947e+02 4.831431750000000000e+06 4.635485999760000268e+05
2.776700129999999831e+02 4.831431750000000000e+06 4.635486199950000155e+05
2.776300049999999828e+02 4.831431750000000000e+06 4.635486099849999882e+05
2.776300049999999828e+02 4.831431750000000000e+06 4.635486099849999882e+05
2.776400150000000053e+02 4.831431700012000278e+06 4.635486099849999882e+05
2.768299870000000169e+02 4.831431609985000454e+06 4.635485499880000134e+05
2.771199950000000172e+02 4.831431609985000454e+06 4.635485999760000268e+05
2.768399959999999851e+02 4.831431660004000179e+06 4.635485499880000134e+05
2.768900150000000053e+02 4.831431670013000257e+06 4.635485599979999824e+05
2.769400019999999927e+02 4.831431670013000257e+06 4.635485599979999824e+05
2.769899899999999775e+02 4.831431670013000257e+06 4.635485700070000021e+05
2.770299989999999752e+02 4.831431670013000257e+06 4.635485800169999711e+05
2.770799870000000169e+02 4.831431670013000257e+06 4.635485900269999984e+05
2.770199890000000096e+02 4.831431720000999980e+06 4.635485999760000268e+05
2.771000060000000076e+02 4.831431730011000298e+06 4.635485999760000268e+05
2.771799930000000245e+02 4.831431750000000000e+06 4.635485900269999984e+05
2.772300109999999904e+02 4.831431750000000000e+06 4.635485999760000268e+05
2.772799989999999752e+02 4.831431750000000000e+06 4.635485999760000268e+05
2.773399959999999851e+02 4.831431750000000000e+06 4.635486099849999882e+05
2.774299930000000245e+02 4.831431760010000318e+06 4.635486199950000155e+05
2.772699890000000096e+02 4.831431799987999722e+06 4.635486199950000155e+05
2.773299870000000169e+02 4.831431799987999722e+06 4.635486300049999845e+05
2.773900150000000053e+02 4.831431809998000041e+06 4.635486300049999845e+05
2.774599910000000023e+02 4.831431809998000041e+06 4.635486300049999845e+05
2.775100100000000225e+02 4.831431809998000041e+06 4.635486400150000118e+05
2.773200069999999755e+02 4.831431829986999743e+06 4.635486500239999732e+05
2.773399959999999851e+02 4.831431820007000118e+06 4.635486699830000289e+05
2.774899899999999775e+02 4.831431839995999821e+06 4.635486599730000016e+05
2.773299870000000169e+02 4.831431859985000454e+06 4.635486599730000016e+05
2.773500060000000076e+02 4.831431850006000139e+06 4.635486900020000176e+05
2.773299870000000169e+02 4.831431859985000454e+06 4.635486699830000289e+05
2.773200069999999755e+02 4.831431850006000139e+06 4.635486799929999979e+05
2.773399959999999851e+02 4.831431859985000454e+06 4.635486900020000176e+05
2.768500060000000076e+02 4.831431670013000257e+06 4.635485800169999711e+05
2.769100040000000149e+02 4.831431679992999882e+06 4.635485900269999984e+05
2.769899899999999775e+02 4.831431700012000278e+06 4.635485900269999984e+05
2.770499879999999848e+02 4.831431709990999661e+06 4.635485999760000268e+05
2.771300049999999828e+02 4.831431730011000298e+06 4.635485999760000268e+05
2.772000120000000152e+02 4.831431750000000000e+06 4.635486099849999882e+05
2.772600100000000225e+02 4.831431760010000318e+06 4.635486099849999882e+05
2.773299870000000169e+02 4.831431779999000020e+06 4.635486199950000155e+05
2.773699950000000172e+02 4.831431790009000339e+06 4.635486300049999845e+05
2.774299930000000245e+02 4.831431799987999722e+06 4.635486300049999845e+05
2.774899899999999775e+02 4.831431809998000041e+06 4.635486400150000118e+05
2.775499879999999848e+02 4.831431820007000118e+06 4.635486500239999732e+05
2.772600100000000225e+02 4.831431809998000041e+06 4.635486400150000118e+05
2.773200069999999755e+02 4.831431809998000041e+06 4.635486500239999732e+05
2.774599910000000023e+02 4.831431839995999821e+06 4.635486599730000016e+05
2.773399959999999851e+02 4.831431880005000159e+06 4.635486699830000289e+05
2.773299870000000169e+02 4.831431829986999743e+06 4.635486699830000289e+05
2.768399959999999851e+02 4.831431679992999882e+06 4.635486099849999882e+05
2.769700010000000248e+02 4.831431709990999661e+06 4.635486199950000155e+05
2.770599980000000073e+02 4.831431739989999682e+06 4.635486199950000155e+05
2.772000120000000152e+02 4.831431769988999702e+06 4.635486300049999845e+05
2.772699890000000096e+02 4.831431790009000339e+06 4.635486400150000118e+05
2.773299870000000169e+02 4.831431799987999722e+06 4.635486400150000118e+05
2.773599849999999947e+02 4.831431799987999722e+06 4.635486599730000016e+05
2.774299930000000245e+02 4.831431820007000118e+06 4.635486599730000016e+05
2.770100100000000225e+02 4.831431730011000298e+06 4.635485999760000268e+05
2.770599980000000073e+02 4.831431730011000298e+06 4.635486199950000155e+05
2.771300049999999828e+02 4.831431750000000000e+06 4.635486199950000155e+05
2.772000120000000152e+02 4.831431769988999702e+06 4.635486300049999845e+05
2.772600100000000225e+02 4.831431779999000020e+06 4.635486300049999845e+05
2.773299870000000169e+02 4.831431799987999722e+06 4.635486300049999845e+05
2.773599849999999947e+02 4.831431799987999722e+06 4.635486500239999732e+05
2.774299930000000245e+02 4.831431820007000118e+06 4.635486500239999732e+05
2.774899899999999775e+02 4.831431829986999743e+06 4.635486599730000016e+05
2.768200069999999755e+02 4.831431670013000257e+06 4.635485900269999984e+05
2.768699950000000172e+02 4.831431679992999882e+06 4.635485999760000268e+05
2.769400019999999927e+02 4.831431700012000278e+06 4.635485999760000268e+05
2.770000000000000000e+02 4.831431720000999980e+06 4.635485999760000268e+05
2.770499879999999848e+02 4.831431730011000298e+06 4.635486099849999882e+05
2.771199950000000172e+02 4.831431750000000000e+06 4.635486099849999882e+05
2.771900019999999927e+02 4.831431760010000318e+06 4.635486199950000155e+05
2.772600100000000225e+02 4.831431779999000020e+06 4.635486199950000155e+05
2.773299870000000169e+02 4.831431799987999722e+06 4.635486199950000155e+05
2.773900150000000053e+02 4.831431809998000041e+06 4.635486300049999845e+05
2.774500120000000152e+02 4.831431820007000118e+06 4.635486400150000118e+05
2.775199890000000096e+02 4.831431829986999743e+06 4.635486500239999732e+05
2.768099980000000073e+02 4.831431660004000179e+06 4.635486199950000155e+05
2.769800109999999904e+02 4.831431720000999980e+06 4.635486099849999882e+05
2.770400089999999977e+02 4.831431739989999682e+06 4.635486099849999882e+05
2.771000060000000076e+02 4.831431750000000000e+06 4.635486199950000155e+05
2.772200010000000248e+02 4.831431769988999702e+06 4.635486400150000118e+05
2.773099980000000073e+02 4.831431799987999722e+06 4.635486300049999845e+05
2.773500060000000076e+02 4.831431799987999722e+06 4.635486500239999732e+05
2.774200129999999831e+02 4.831431820007000118e+06 4.635486500239999732e+05
2.772900089999999977e+02 4.831431799987999722e+06 4.635486400150000118e+05
2.773299870000000169e+02 4.831431809998000041e+06 4.635486500239999732e+05
2.773900150000000053e+02 4.831431820007000118e+06 4.635486599730000016e+05
2.774500120000000152e+02 4.831431829986999743e+06 4.635486699830000289e+05
2.773299870000000169e+02 4.831431859985000454e+06 4.635486699830000289e+05
2.773599849999999947e+02 4.831431779999000020e+06 4.635486500239999732e+05
2.775299989999999752e+02 4.831431750000000000e+06 4.635486300049999845e+05
2.775000000000000000e+02 4.831431760010000318e+06 4.635486199950000155e+05
2.773500060000000076e+02 4.831431750000000000e+06 4.635485999760000268e+05
2.772399899999999775e+02 4.831431730011000298e+06 4.635486099849999882e+05
2.772600100000000225e+02 4.831431670013000257e+06 4.635485999760000268e+05
2.772200010000000248e+02 4.831431679992999882e+06 4.635485900269999984e+05
2.771700129999999831e+02 4.831431679992999882e+06 4.635485700070000021e+05
2.770899959999999851e+02 4.831431670013000257e+06 4.635485700070000021e+05
2.769800109999999904e+02 4.831431649993999861e+06 4.635485700070000021e+05
2.768299870000000169e+02 4.831431589995999821e+06 4.635485300290000159e+05
2.774599910000000023e+02 4.831431700012000278e+06 4.635486500239999732e+05
2.774200129999999831e+02 4.831431709990999661e+06 4.635486300049999845e+05
2.771900019999999927e+02 4.831431649993999861e+06 4.635485999760000268e+05
2.770499879999999848e+02 4.831431649993999861e+06 4.635486300049999845e+05
2.771400150000000053e+02 4.831431640014999546e+06 4.635485999760000268e+05
2.770799870000000169e+02 4.831431640014999546e+06 4.635485999760000268e+05
2.771799930000000245e+02 4.831431609985000454e+06 4.635486199950000155e+05
2.771199950000000172e+02 4.831431640014999546e+06 4.635485800169999711e+05
2.771499939999999924e+02 4.831431640014999546e+06 4.635485999760000268e+05
2.770400089999999977e+02 4.831431630005000159e+06 4.635486199950000155e+05
2.771600040000000149e+02 4.831431630005000159e+06 4.635486099849999882e+05
2.771199950000000172e+02 4.831431640014999546e+06 4.635485900269999984e+05
2.771099849999999947e+02 4.831431649993999861e+06 4.635486099849999882e+05
2.770700069999999755e+02 4.831431649993999861e+06 4.635486300049999845e+05
2.771799930000000245e+02 4.831431640014999546e+06 4.635485999760000268e+05
2.771199950000000172e+02 4.831431649993999861e+06 4.635485900269999984e+05
2.771400150000000053e+02 4.831431640014999546e+06 4.635486099849999882e+05
2.771099849999999947e+02 4.831431649993999861e+06 4.635485999760000268e+05
2.770499879999999848e+02 4.831431609985000454e+06 4.635485900269999984e+05
2.770000000000000000e+02 4.831431630005000159e+06 4.635485900269999984e+05
2.769200129999999831e+02 4.831431589995999821e+06 4.635485800169999711e+05
2.770400089999999977e+02 4.831431709990999661e+06 4.635485900269999984e+05
2.771600040000000149e+02 4.831431709990999661e+06 4.635486099849999882e+05
2.772200010000000248e+02 4.831431750000000000e+06 4.635485700070000021e+05
2.772500000000000000e+02 4.831431720000999980e+06 4.635486199950000155e+05
2.772099910000000023e+02 4.831431769988999702e+06 4.635485599979999824e+05
2.772200010000000248e+02 4.831431760010000318e+06 4.635485800169999711e+05
2.772000120000000152e+02 4.831431750000000000e+06 4.635486099849999882e+05
2.772399899999999775e+02 4.831431730011000298e+06 4.635486300049999845e+05
2.772399899999999775e+02 4.831431769988999702e+06 4.635486099849999882e+05
2.773299870000000169e+02 4.831431760010000318e+06 4.635486199950000155e+05
2.773599849999999947e+02 4.831431790009000339e+06 4.635486300049999845e+05
2.773900150000000053e+02 4.831431769988999702e+06 4.635486400150000118e+05
2.774100040000000149e+02 4.831431750000000000e+06 4.635485999760000268e+05
2.769700010000000248e+02 4.831431609985000454e+06 4.635485800169999711e+05
2.771199950000000172e+02 4.831431640014999546e+06 4.635485999760000268e+05
2.771000060000000076e+02 4.831431660004000179e+06 4.635485800169999711e+05
2.770899959999999851e+02 4.831431660004000179e+06 4.635486199950000155e+05
2.772000120000000152e+02 4.831431709990999661e+06 4.635486799929999979e+05
2.768599849999999947e+02 4.831431640014999546e+06 4.635485999760000268e+05
2.768699950000000172e+02 4.831431630005000159e+06 4.635486300049999845e+05
2.768099980000000073e+02 4.831431619994999841e+06 4.635486300049999845e+05
2.772399899999999775e+02 4.831431739989999682e+06 4.635486199950000155e+05
2.772600100000000225e+02 4.831431720000999980e+06 4.635486599730000016e+05
2.772099910000000023e+02 4.831431709990999661e+06 4.635486699830000289e+05
2.769599910000000023e+02 4.831431690001999959e+06 4.635486500239999732e+05
2.769899899999999775e+02 4.831431519988999702e+06 4.635486500239999732e+05
2.772300109999999904e+02 4.831431739989999682e+06 4.635487000119999866e+05
2.768999939999999924e+02 4.831431670013000257e+06 4.635486599730000016e+05
2.768200069999999755e+02 4.831431649993999861e+06 4.635486500239999732e+05
2.775599980000000073e+02 4.831431880005000159e+06 4.635487899779999861e+05
2.775799870000000169e+02 4.831431910004000179e+06 4.635488099979999824e+05
2.776600040000000149e+02 4.831431899993999861e+06 4.635487999880000134e+05
2.774500120000000152e+02 4.831431760010000318e+06 4.635487000119999866e+05
2.775799870000000169e+02 4.831431799987999722e+06 4.635487199709999841e+05
2.776499939999999924e+02 4.831431820007000118e+06 4.635487299800000037e+05
2.776900019999999927e+02 4.831431829986999743e+06 4.635487299800000037e+05
2.777300109999999904e+02 4.831431850006000139e+06 4.635487399899999727e+05
2.777399899999999775e+02 4.831431890014999546e+06 4.635487600100000273e+05
2.768599849999999947e+02 4.831431570007000118e+06 4.635489199830000289e+05
2.768099980000000073e+02 4.831431649993999861e+06 4.635489699709999841e+05
2.768999939999999924e+02 4.831431709990999661e+06 4.635490300290000159e+05
2.768099980000000073e+02 4.831431600006000139e+06 4.635490100100000273e+05
2.768900150000000053e+02 4.831431640014999546e+06 4.635490200199999963e+05
2.769200129999999831e+02 4.831431660004000179e+06 4.635490200199999963e+05
2.768200069999999755e+02 4.831431619994999841e+06 4.635489699709999841e+05
2.776700129999999831e+02 4.831431779999000020e+06 4.635487600100000273e+05
2.777099910000000023e+02 4.831431799987999722e+06 4.635487600100000273e+05
2.777600100000000225e+02 4.831431809998000041e+06 4.635487600100000273e+05
2.774100040000000149e+02 4.831431730011000298e+06 4.635487000119999866e+05
2.774500120000000152e+02 4.831431739989999682e+06 4.635487000119999866e+05
2.774899899999999775e+02 4.831431760010000318e+06 4.635487000119999866e+05
2.775400089999999977e+02 4.831431769988999702e+06 4.635487000119999866e+05
2.775799870000000169e+02 4.831431790009000339e+06 4.635487000119999866e+05
2.777799989999999752e+02 4.831431869994999841e+06 4.635487199709999841e+05
2.768900150000000053e+02 4.831431660004000179e+06 4.635490200199999963e+05
2.775799870000000169e+02 4.831431730011000298e+06 4.635487199709999841e+05
2.776099849999999947e+02 4.831431750000000000e+06 4.635487299800000037e+05
2.774400019999999927e+02 4.831431720000999980e+06 4.635487000119999866e+05
2.774800109999999904e+02 4.831431730011000298e+06 4.635487000119999866e+05
2.775199890000000096e+02 4.831431750000000000e+06 4.635487000119999866e+05
2.775499879999999848e+02 4.831431779999000020e+06 4.635487100220000139e+05
2.777099910000000023e+02 4.831431859985000454e+06 4.635487199709999841e+05
2.774100040000000149e+02 4.831431720000999980e+06 4.635486699830000289e+05
2.774500120000000152e+02 4.831431739989999682e+06 4.635486699830000289e+05
2.775000000000000000e+02 4.831431760010000318e+06 4.635486699830000289e+05
2.775199890000000096e+02 4.831431779999000020e+06 4.635486900020000176e+05
2.774100040000000149e+02 4.831431779999000020e+06 4.635486799929999979e+05
2.772999879999999848e+02 4.831431670013000257e+06 4.635487399899999727e+05
2.772799989999999752e+02 4.831431649993999861e+06 4.635487199709999841e+05
2.768599849999999947e+02 4.831431619994999841e+06 4.635490700070000021e+05
2.769599910000000023e+02 4.831431600006000139e+06 4.635490999760000268e+05
2.776900019999999927e+02 4.831431809998000041e+06 4.635487999880000134e+05
2.776600040000000149e+02 4.831431790009000339e+06 4.635487899779999861e+05
2.776300049999999828e+02 4.831431779999000020e+06 4.635487800290000159e+05
2.775799870000000169e+02 4.831431769988999702e+06 4.635487700199999963e+05
2.775499879999999848e+02 4.831431750000000000e+06 4.635487600100000273e+05
2.775000000000000000e+02 4.831431750000000000e+06 4.635487500000000000e+05
2.774100040000000149e+02 4.831431730011000298e+06 4.635487399899999727e+05
2.772900089999999977e+02 4.831431700012000278e+06 4.635487199709999841e+05
2.772500000000000000e+02 4.831431690001999959e+06 4.635487100220000139e+05
2.777300109999999904e+02 4.831431890014999546e+06 4.635488900150000118e+05
2.776600040000000149e+02 4.831431750000000000e+06 4.635487999880000134e+05
2.776099849999999947e+02 4.831431750000000000e+06 4.635487999880000134e+05
2.775700069999999755e+02 4.831431739989999682e+06 4.635487899779999861e+05
2.775299989999999752e+02 4.831431730011000298e+06 4.635487800290000159e+05
2.774800109999999904e+02 4.831431720000999980e+06 4.635487800290000159e+05
2.774500120000000152e+02 4.831431709990999661e+06 4.635487700199999963e+05
2.773699950000000172e+02 4.831431679992999882e+06 4.635487500000000000e+05
2.773099980000000073e+02 4.831431679992999882e+06 4.635487500000000000e+05
2.772600100000000225e+02 4.831431679992999882e+06 4.635487399899999727e+05
2.772200010000000248e+02 4.831431660004000179e+06 4.635487299800000037e+05
2.775499879999999848e+02 4.831431709990999661e+06 4.635488099979999824e+05
2.772799989999999752e+02 4.831431679992999882e+06 4.635487800290000159e+05
2.772399899999999775e+02 4.831431670013000257e+06 4.635487700199999963e+05
2.772000120000000152e+02 4.831431649993999861e+06 4.635487600100000273e+05
2.771499939999999924e+02 4.831431640014999546e+06 4.635487600100000273e+05
2.777699890000000096e+02 4.831431809998000041e+06 4.635488099979999824e+05
2.777200010000000248e+02 4.831431799987999722e+06 4.635487999880000134e+05
2.777000120000000152e+02 4.831431769988999702e+06 4.635487800290000159e+05
2.776400150000000053e+02 4.831431790009000339e+06 4.635487800290000159e+05
2.776099849999999947e+02 4.831431779999000020e+06 4.635487700199999963e+05
2.775499879999999848e+02 4.831431779999000020e+06 4.635487600100000273e+05
2.775299989999999752e+02 4.831431760010000318e+06 4.635487399899999727e+05
2.774599910000000023e+02 4.831431750000000000e+06 4.635487999880000134e+05
2.772399899999999775e+02 4.831431660004000179e+06 4.635487199709999841e+05
2.771499939999999924e+02 4.831431679992999882e+06 4.635487800290000159e+05
2.771499939999999924e+02 4.831431640014999546e+06 4.635487600100000273e+05
2.774599910000000023e+02 4.831431779999000020e+06 4.635486900020000176e+05
2.776799930000000245e+02 4.831431809998000041e+06 4.635487100220000139e+05
2.777099910000000023e+02 4.831431829986999743e+06 4.635487199709999841e+05
2.777799989999999752e+02 4.831431829986999743e+06 4.635487199709999841e+05
2.769200129999999831e+02 4.831431700012000278e+06 4.635489899899999727e+05
2.769400019999999927e+02 4.831431690001999959e+06 4.635490200199999963e+05
2.769299930000000245e+02 4.831431690001999959e+06 4.635490100100000273e+05
2.769599910000000023e+02 4.831431709990999661e+06 4.635490100100000273e+05
2.769299930000000245e+02 4.831431709990999661e+06 4.635490100100000273e+05
2.769800109999999904e+02 4.831431730011000298e+06 4.635490100100000273e+05
2.769100040000000149e+02 4.831431670013000257e+06 4.635489500119999866e+05
2.768800049999999828e+02 4.831431700012000278e+06 4.635489899899999727e+05
2.776099849999999947e+02 4.831431799987999722e+06 4.635486799929999979e+05
2.773800049999999828e+02 4.831431850006000139e+06 4.635487199709999841e+05
2.773900150000000053e+02 4.831431869994999841e+06 4.635487299800000037e+05
2.768800049999999828e+02 4.831431700012000278e+06 4.635490200199999963e+05
2.768500060000000076e+02 4.831431679992999882e+06 4.635490000000000000e+05
2.768500060000000076e+02 4.831431660004000179e+06 4.635489899899999727e+05
2.769200129999999831e+02 4.831431660004000179e+06 4.635490499880000134e+05
2.768800049999999828e+02 4.831431640014999546e+06 4.635490399779999861e+05
2.770799870000000169e+02 4.831431730011000298e+06 4.635490499880000134e+05
2.771000060000000076e+02 4.831431760010000318e+06 4.635490599979999824e+05
2.771499939999999924e+02 4.831431799987999722e+06 4.635490700070000021e+05
2.772000120000000152e+02 4.831431779999000020e+06 4.635490999760000268e+05
2.772000120000000152e+02 4.831431769988999702e+06 4.635490900269999984e+05
2.772099910000000023e+02 4.831431779999000020e+06 4.635490900269999984e+05
2.772000120000000152e+02 4.831431790009000339e+06 4.635490800169999711e+05
2.771799930000000245e+02 4.831431769988999702e+06 4.635490599979999824e+05
2.771700129999999831e+02 4.831431790009000339e+06 4.635490800169999711e+05
2.771099849999999947e+02 4.831431799987999722e+06 4.635490999760000268e+05
2.771499939999999924e+02 4.831431790009000339e+06 4.635490800169999711e+05
2.771000060000000076e+02 4.831431799987999722e+06 4.635490999760000268e+05
2.771000060000000076e+02 4.831431779999000020e+06 4.635490300290000159e+05
2.769500120000000152e+02 4.831431739989999682e+06 4.635489799800000037e+05
2.769599910000000023e+02 4.831431760010000318e+06 4.635489899899999727e+05
2.777900089999999977e+02 4.831431869994999841e+06 4.635486799929999979e+05
2.768200069999999755e+02 4.831431700012000278e+06 4.635489299929999979e+05
2.768299870000000169e+02 4.831431730011000298e+06 4.635489500119999866e+05
2.768200069999999755e+02 4.831431760010000318e+06 4.635489600220000139e+05
2.776000060000000076e+02 4.831431809998000041e+06 4.635486500239999732e+05
2.776799930000000245e+02 4.831431850006000139e+06 4.635486500239999732e+05
2.777099910000000023e+02 4.831431890014999546e+06 4.635486500239999732e+05
2.769800109999999904e+02 4.831431720000999980e+06 4.635490000000000000e+05
2.771400150000000053e+02 4.831431739989999682e+06 4.635490999760000268e+05
2.773999939999999924e+02 4.831431910004000179e+06 4.635487500000000000e+05
2.773699950000000172e+02 4.831431880005000159e+06 4.635487199709999841e+05
2.776099849999999947e+02 4.831431839995999821e+06 4.635487100220000139e+05
2.770100100000000225e+02 4.831431739989999682e+06 4.635490900269999984e+05
2.776799930000000245e+02 4.831431829986999743e+06 4.635487100220000139e+05
2.769200129999999831e+02 4.831431769988999702e+06 4.635490399779999861e+05
2.770199890000000096e+02 4.831431769988999702e+06 4.635490599979999824e+05
2.770199890000000096e+02 4.831431779999000020e+06 4.635490999760000268e+05
2.777699890000000096e+02 4.831431899993999861e+06 4.635487399899999727e+05
2.775799870000000169e+02 4.831431859985000454e+06 4.635487000119999866e+05
2.773699950000000172e+02 4.831431910004000179e+06 4.635487399899999727e+05
2.775799870000000169e+02 4.831431869994999841e+06 4.635486799929999979e+05
2.770799870000000169e+02 4.831431790009000339e+06 4.635490700070000021e+05
2.770199890000000096e+02 4.831431779999000020e+06 4.635490700070000021e+05
2.769500120000000152e+02 4.831431769988999702e+06 4.635489899899999727e+05
2.769100040000000149e+02 4.831431779999000020e+06 4.635490000000000000e+05
2.768699950000000172e+02 4.831431799987999722e+06 4.635490200199999963e+05
2.776900019999999927e+02 4.831431899993999861e+06 4.635487100220000139e+05
2.776300049999999828e+02 4.831431899993999861e+06 4.635486900020000176e+05
2.775199890000000096e+02 4.831431869994999841e+06 4.635486799929999979e+05
2.773800049999999828e+02 4.831431890014999546e+06 4.635487100220000139e+05
2.771600040000000149e+02 4.831431799987999722e+06 4.635490800169999711e+05
2.771400150000000053e+02 4.831431820007000118e+06 4.635490999760000268e+05
2.770199890000000096e+02 4.831431779999000020e+06 4.635490200199999963e+05
2.769899899999999775e+02 4.831431799987999722e+06 4.635490399779999861e+05
2.769299930000000245e+02 4.831431790009000339e+06 4.635490499880000134e+05
2.768699950000000172e+02 4.831431750000000000e+06 4.635489500119999866e+05
2.768500060000000076e+02 4.831431769988999702e+06 4.635489699709999841e+05
2.768099980000000073e+02 4.831431779999000020e+06 4.635489899899999727e+05
2.775899959999999851e+02 4.831431899993999861e+06 4.635486699830000289e+05
2.775899959999999851e+02 4.831431839995999821e+06 4.635486500239999732e+05
2.776499939999999924e+02 4.831431850006000139e+06 4.635486500239999732e+05
2.775199890000000096e+02 4.831431790009000339e+06 4.635486799929999979e+05
2.777200010000000248e+02 4.831431869994999841e+06 4.635487000119999866e+05
2.768800049999999828e+02 4.831431730011000298e+06 4.635490100100000273e+05
2.769400019999999927e+02 4.831431739989999682e+06 4.635490100100000273e+05
2.769899899999999775e+02 4.831431739989999682e+06 4.635490000000000000e+05
2.770199890000000096e+02 4.831431750000000000e+06 4.635490700070000021e+05
2.770799870000000169e+02 4.831431739989999682e+06 4.635490599979999824e+05
2.774599910000000023e+02 4.831431799987999722e+06 4.635486699830000289e+05
2.775599980000000073e+02 4.831431829986999743e+06 4.635487000119999866e+05
2.776400150000000053e+02 4.831431850006000139e+06 4.635487100220000139e+05
2.777099910000000023e+02 4.831431859985000454e+06 4.635487199709999841e+05
2.777699890000000096e+02 4.831431869994999841e+06 4.635487299800000037e+05
2.768699950000000172e+02 4.831431750000000000e+06 4.635489699709999841e+05
2.768800049999999828e+02 4.831431750000000000e+06 4.635490300290000159e+05
2.769599910000000023e+02 4.831431760010000318e+06 4.635490399779999861e+05
2.770199890000000096e+02 4.831431760010000318e+06 4.635490399779999861e+05
2.770000000000000000e+02 4.831431750000000000e+06 4.635490999760000268e+05
2.777099910000000023e+02 4.831431910004000179e+06 4.635486900020000176e+05
2.776099849999999947e+02 4.831431859985000454e+06 4.635487100220000139e+05
2.776700129999999831e+02 4.831431859985000454e+06 4.635487199709999841e+05
2.777699890000000096e+02 4.831431890014999546e+06 4.635487600100000273e+05
2.774800109999999904e+02 4.831431809998000041e+06 4.635487000119999866e+05
2.775400089999999977e+02 4.831431809998000041e+06 4.635487100220000139e+05
2.768599849999999947e+02 4.831431760010000318e+06 4.635490000000000000e+05
2.769500120000000152e+02 4.831431769988999702e+06 4.635490300290000159e+05
2.771000060000000076e+02 4.831431790009000339e+06 4.635490800169999711e+05
2.769800109999999904e+02 4.831431760010000318e+06 4.635490999760000268e+05
2.768900150000000053e+02 4.831431690001999959e+06 4.635489899899999727e+05
2.769400019999999927e+02 4.831431690001999959e+06 4.635489899899999727e+05
2.769400019999999927e+02 4.831431720000999980e+06 4.635489799800000037e+05
2.768900150000000053e+02 4.831431730011000298e+06 4.635489600220000139e+05
2.768900150000000053e+02 4.831431750000000000e+06 4.635489600220000139e+05
2.777600100000000225e+02 4.831431850006000139e+06 4.635487000119999866e+05
2.768900150000000053e+02 4.831431739989999682e+06 4.635489500119999866e+05
2.777600100000000225e+02 4.831431850006000139e+06 4.635486900020000176e+05
2.768200069999999755e+02 4.831431690001999959e+06 4.635489500119999866e+05
2.768200069999999755e+02 4.831431709990999661e+06 4.635489400020000176e+05
2.777099910000000023e+02 4.831431850006000139e+06 4.635486699830000289e+05
2.777000120000000152e+02 4.831431890014999546e+06 4.635486699830000289e+05
2.768200069999999755e+02 4.831431690001999959e+06 4.635489299929999979e+05
2.768099980000000073e+02 4.831431720000999980e+06 4.635489299929999979e+05
2.777399899999999775e+02 4.831431829986999743e+06 4.635486400150000118e+05
2.777300109999999904e+02 4.831431859985000454e+06 4.635486400150000118e+05
2.776199950000000172e+02 4.831431809998000041e+06 4.635486599730000016e+05
2.776400150000000053e+02 4.831431839995999821e+06 4.635486500239999732e+05
2.774200129999999831e+02 4.831431899993999861e+06 4.635487100220000139e+05
2.773999939999999924e+02 4.831431869994999841e+06 4.635486900020000176e+05
2.773800049999999828e+02 4.831431899993999861e+06 4.635487000119999866e+05
2.772999879999999848e+02 4.831431700012000278e+06 4.635490900269999984e+05
2.772600100000000225e+02 4.831431649993999861e+06 4.635490800169999711e+05
2.772200010000000248e+02 4.831431660004000179e+06 4.635490599979999824e+05
2.772000120000000152e+02 4.831431679992999882e+06 4.635490200199999963e+05
2.774400019999999927e+02 4.831431880005000159e+06 4.635487899779999861e+05
2.771199950000000172e+02 4.831431700012000278e+06 4.635490000000000000e+05
2.770299989999999752e+02 4.831431649993999861e+06 4.635489699709999841e+05
2.769800109999999904e+02 4.831431660004000179e+06 4.635489600220000139e+05
2.769299930000000245e+02 4.831431660004000179e+06 4.635489400020000176e+05
2.768800049999999828e+02 4.831431660004000179e+06 4.635489400020000176e+05
2.773599849999999947e+02 4.831431829986999743e+06 4.635486900020000176e+05
2.769899899999999775e+02 4.831431619994999841e+06 4.635489299929999979e+05
2.769299930000000245e+02 4.831431619994999841e+06 4.635489299929999979e+05
2.768900150000000053e+02 4.831431619994999841e+06 4.635489199830000289e+05
2.768500060000000076e+02 4.831431630005000159e+06 4.635489099730000016e+05
2.768399959999999851e+02 4.831431579986999743e+06 4.635488900150000118e+05
2.768099980000000073e+02 4.831431589995999821e+06 4.635488800049999845e+05
2.777600100000000225e+02 4.831431799987999722e+06 4.635486199950000155e+05
2.776900019999999927e+02 4.831431790009000339e+06 4.635486199950000155e+05
2.777799989999999752e+02 4.831431760010000318e+06 4.635486199950000155e+05
2.777200010000000248e+02 4.831431750000000000e+06 4.635486300049999845e+05
2.776400150000000053e+02 4.831431700012000278e+06 4.635486599730000016e+05
2.773299870000000169e+02 4.831431559998000041e+06 4.635487500000000000e+05
2.773500060000000076e+02 4.831431589995999821e+06 4.635486900020000176e+05
2.777900089999999977e+02 4.831431750000000000e+06 4.635486400150000118e+05
2.777399899999999775e+02 4.831431760010000318e+06 4.635486300049999845e+05
2.776900019999999927e+02 4.831431760010000318e+06 4.635486300049999845e+05
2.776400150000000053e+02 4.831431769988999702e+06 4.635486300049999845e+05
2.777200010000000248e+02 4.831431720000999980e+06 4.635486099849999882e+05
2.768399959999999851e+02 4.831431600006000139e+06 4.635489000239999732e+05
2.777200010000000248e+02 4.831431720000999980e+06 4.635486300049999845e+05
2.768200069999999755e+02 4.831431619994999841e+06 4.635489099730000016e+05
2.777200010000000248e+02 4.831431739989999682e+06 4.635486199950000155e+05
2.768399959999999851e+02 4.831431619994999841e+06 4.635489199830000289e+05
2.776700129999999831e+02 4.831431739989999682e+06 4.635486199950000155e+05
2.768200069999999755e+02 4.831431609985000454e+06 4.635489299929999979e+05
2.775000000000000000e+02 4.831431910004000179e+06 4.635487700199999963e+05
2.777600100000000225e+02 4.831431829986999743e+06 4.635487100220000139e+05
2.770700069999999755e+02 4.831431750000000000e+06 4.635490999760000268e+05
2.775299989999999752e+02 4.831431809998000041e+06 4.635486599730000016e+05
2.775700069999999755e+02 4.831431799987999722e+06 4.635486799929999979e+05
2.775299989999999752e+02 4.831431839995999821e+06 4.635486699830000289e+05
2.776099849999999947e+02 4.831431850006000139e+06 4.635486699830000289e+05
2.776700129999999831e+02 4.831431859985000454e+06 4.635486699830000289e+05
2.777300109999999904e+02 4.831431859985000454e+06 4.635486799929999979e+05
2.768599849999999947e+02 4.831431679992999882e+06 4.635489099730000016e+05
2.773699950000000172e+02 4.831431859985000454e+06 4.635487000119999866e+05
2.777099910000000023e+02 4.831431910004000179e+06 4.635486799929999979e+05
2.777300109999999904e+02 4.831431890014999546e+06 4.635487000119999866e+05
2.768099980000000073e+02 4.831431670013000257e+06 4.635489500119999866e+05
2.773599849999999947e+02 4.831431869994999841e+06 4.635487100220000139e+05
2.773599849999999947e+02 4.831431880005000159e+06 4.635487000119999866e+05
2.768399959999999851e+02 4.831431670013000257e+06 4.635489600220000139e+05
2.773599849999999947e+02 4.831431869994999841e+06 4.635487000119999866e+05
2.768099980000000073e+02 4.831431679992999882e+06 4.635489600220000139e+05
2.773699950000000172e+02 4.831431880005000159e+06 4.635487100220000139e+05
2.768200069999999755e+02 4.831431679992999882e+06 4.635489600220000139e+05
2.773699950000000172e+02 4.831431869994999841e+06 4.635487199709999841e+05
2.768299870000000169e+02 4.831431679992999882e+06 4.635489600220000139e+05
2.773599849999999947e+02 4.831431880005000159e+06 4.635487000119999866e+05
2.768099980000000073e+02 4.831431679992999882e+06 4.635489600220000139e+05
2.773699950000000172e+02 4.831431880005000159e+06 4.635487100220000139e+05
2.768299870000000169e+02 4.831431690001999959e+06 4.635489600220000139e+05
2.768299870000000169e+02 4.831431690001999959e+06 4.635489600220000139e+05
2.771099849999999947e+02 4.831431790009000339e+06 4.635488400269999984e+05
2.768399959999999851e+02 4.831431690001999959e+06 4.635489600220000139e+05
2.768399959999999851e+02 4.831431690001999959e+06 4.635489600220000139e+05
2.768299870000000169e+02 4.831431690001999959e+06 4.635489699709999841e+05
2.768200069999999755e+02 4.831431700012000278e+06 4.635489600220000139e+05
2.768699950000000172e+02 4.831431700012000278e+06 4.635489699709999841e+05
2.768200069999999755e+02 4.831431709990999661e+06 4.635489600220000139e+05
2.768599849999999947e+02 4.831431709990999661e+06 4.635489699709999841e+05
2.769500120000000152e+02 4.831431730011000298e+06 4.635489600220000139e+05
2.768299870000000169e+02 4.831431700012000278e+06 4.635489699709999841e+05
2.769100040000000149e+02 4.831431720000999980e+06 4.635489600220000139e+05
2.768299870000000169e+02 4.831431720000999980e+06 4.635489600220000139e+05
2.768699950000000172e+02 4.831431720000999980e+06 4.635489799800000037e+05
2.769899899999999775e+02 4.831431750000000000e+06 4.635489500119999866e+05
2.768200069999999755e+02 4.831431720000999980e+06 4.635489699709999841e+05
2.768699950000000172e+02 4.831431720000999980e+06 4.635489799800000037e+05
2.769400019999999927e+02 4.831431730011000298e+06 4.635489699709999841e+05
2.768099980000000073e+02 4.831431720000999980e+06 4.635489600220000139e+05
2.768500060000000076e+02 4.831431709990999661e+06 4.635489699709999841e+05
2.768999939999999924e+02 4.831431709990999661e+06 4.635489799800000037e+05
2.773800049999999828e+02 4.831431899993999861e+06 4.635487500000000000e+05
2.768200069999999755e+02 4.831431690001999959e+06 4.635489600220000139e+05
2.768699950000000172e+02 4.831431700012000278e+06 4.635489699709999841e+05
2.768299870000000169e+02 4.831431700012000278e+06 4.635489600220000139e+05
2.768699950000000172e+02 4.831431700012000278e+06 4.635489799800000037e+05
2.773500060000000076e+02 4.831431859985000454e+06 4.635487000119999866e+05
2.777300109999999904e+02 4.831431910004000179e+06 4.635486900020000176e+05
2.776099849999999947e+02 4.831431880005000159e+06 4.635486900020000176e+05
2.776700129999999831e+02 4.831431890014999546e+06 4.635486900020000176e+05
2.777300109999999904e+02 4.831431899993999861e+06 4.635486900020000176e+05
2.773599849999999947e+02 4.831431850006000139e+06 4.635486900020000176e+05
2.777000120000000152e+02 4.831431890014999546e+06 4.635487000119999866e+05
2.777699890000000096e+02 4.831431899993999861e+06 4.635486900020000176e+05
2.773599849999999947e+02 4.831431850006000139e+06 4.635487000119999866e+05
2.777099910000000023e+02 4.831431890014999546e+06 4.635486900020000176e+05
2.777799989999999752e+02 4.831431910004000179e+06 4.635486900020000176e+05
2.777300109999999904e+02 4.831431899993999861e+06 4.635487000119999866e+05
2.768299870000000169e+02 4.831431679992999882e+06 4.635489699709999841e+05
2.768200069999999755e+02 4.831431730011000298e+06 4.635489699709999841e+05
2.768599849999999947e+02 4.831431730011000298e+06 4.635489799800000037e+05
2.769100040000000149e+02 4.831431739989999682e+06 4.635489899899999727e+05
2.773599849999999947e+02 4.831431910004000179e+06 4.635487800290000159e+05
2.768900150000000053e+02 4.831431779999000020e+06 4.635490200199999963e+05
2.769200129999999831e+02 4.831431779999000020e+06 4.635490399779999861e+05
2.770499879999999848e+02 4.831431769988999702e+06 4.635490800169999711e+05
2.771199950000000172e+02 4.831431769988999702e+06 4.635490800169999711e+05
2.776099849999999947e+02 4.831431829986999743e+06 4.635486500239999732e+05
2.776499939999999924e+02 4.831431829986999743e+06 4.635486699830000289e+05
2.777399899999999775e+02 4.831431859985000454e+06 4.635486699830000289e+05
2.777900089999999977e+02 4.831431869994999841e+06 4.635486799929999979e+05
2.777399899999999775e+02 4.831431899993999861e+06 4.635486900020000176e+05
2.777999879999999848e+02 4.831431910004000179e+06 4.635487000119999866e+05
2.773599849999999947e+02 4.831431869994999841e+06 4.635487000119999866e+05
2.773999939999999924e+02 4.831431920013000257e+06 4.635487299800000037e+05
2.774200129999999831e+02 4.831431920013000257e+06 4.635487600100000273e+05
2.773900150000000053e+02 4.831431920013000257e+06 4.635487299800000037e+05
2.774100040000000149e+02 4.831431920013000257e+06 4.635487299800000037e+05
2.773699950000000172e+02 4.831431829986999743e+06 4.635486900020000176e+05
2.775000000000000000e+02 4.831431829986999743e+06 4.635486599730000016e+05
2.776000060000000076e+02 4.831431850006000139e+06 4.635486799929999979e+05
2.776600040000000149e+02 4.831431859985000454e+06 4.635486900020000176e+05
2.777600100000000225e+02 4.831431899993999861e+06 4.635486799929999979e+05
2.776000060000000076e+02 4.831431850006000139e+06 4.635486799929999979e+05
2.777500000000000000e+02 4.831431890014999546e+06 4.635486799929999979e+05
2.775700069999999755e+02 4.831431839995999821e+06 4.635486599730000016e+05
2.776099849999999947e+02 4.831431850006000139e+06 4.635486699830000289e+05
2.777300109999999904e+02 4.831431880005000159e+06 4.635486799929999979e+05
2.777999879999999848e+02 4.831431890014999546e+06 4.635486799929999979e+05
2.774899899999999775e+02 4.831431829986999743e+06 4.635486599730000016e+05
2.775899959999999851e+02 4.831431850006000139e+06 4.635486799929999979e+05
2.776499939999999924e+02 4.831431859985000454e+06 4.635486900020000176e+05
2.777500000000000000e+02 4.831431899993999861e+06 4.635486699830000289e+05
2.777900089999999977e+02 4.831431899993999861e+06 4.635486900020000176e+05
2.772300109999999904e+02 4.831431640014999546e+06 4.635488300169999711e+05
2.776099849999999947e+02 4.831431850006000139e+06 4.635487000119999866e+05
2.777099910000000023e+02 4.831431890014999546e+06 4.635487000119999866e+05
2.777799989999999752e+02 4.831431910004000179e+06 4.635487000119999866e+05
2.773500060000000076e+02 4.831431850006000139e+06 4.635487000119999866e+05
2.773999939999999924e+02 4.831431920013000257e+06 4.635487299800000037e+05
2.768500060000000076e+02 4.831431709990999661e+06 4.635489699709999841e+05
2.768999939999999924e+02 4.831431720000999980e+06 4.635489899899999727e+05
2.768999939999999924e+02 4.831431790009000339e+06 4.635489600220000139e+05
2.769400019999999927e+02 4.831431769988999702e+06 4.635490100100000273e+05
2.769800109999999904e+02 4.831431760010000318e+06 4.635490300290000159e+05
2.770599980000000073e+02 4.831431760010000318e+06 4.635490700070000021e+05
2.769599910000000023e+02 4.831431709990999661e+06 4.635490100100000273e+05
2.768999939999999924e+02 4.831431709990999661e+06 4.635490000000000000e+05
2.769500120000000152e+02 4.831431679992999882e+06 4.635489899899999727e+05
2.768999939999999924e+02 4.831431690001999959e+06 4.635489699709999841e+05
2.768599849999999947e+02 4.831431690001999959e+06 4.635489600220000139e+05
2.774400019999999927e+02 4.831431910004000179e+06 4.635487600100000273e+05
2.769599910000000023e+02 4.831431649993999861e+06 4.635489899899999727e+05
2.769200129999999831e+02 4.831431660004000179e+06 4.635489799800000037e+05
2.768900150000000053e+02 4.831431660004000179e+06 4.635489600220000139e+05
2.768500060000000076e+02 4.831431670013000257e+06 4.635489500119999866e+05
2.774200129999999831e+02 4.831431890014999546e+06 4.635487500000000000e+05
2.774200129999999831e+02 4.831431910004000179e+06 4.635487199709999841e+05
2.768200069999999755e+02 4.831431630005000159e+06 4.635489400020000176e+05
2.773900150000000053e+02 4.831431859985000454e+06 4.635487199709999841e+05
2.773999939999999924e+02 4.831431839995999821e+06 4.635486900020000176e+05
2.777699890000000096e+02 4.831431790009000339e+06 4.635487100220000139e+05
2.777699890000000096e+02 4.831431809998000041e+06 4.635486799929999979e+05
2.777300109999999904e+02 4.831431820007000118e+06 4.635486699830000289e+05
2.777600100000000225e+02 4.831431820007000118e+06 4.635487000119999866e+05
2.773900150000000053e+02 4.831431839995999821e+06 4.635487199709999841e+05
2.777500000000000000e+02 4.831431760010000318e+06 4.635487000119999866e+05
2.777099910000000023e+02 4.831431769988999702e+06 4.635486900020000176e+05
2.768399959999999851e+02 4.831431660004000179e+06 4.635489799800000037e+05
2.768399959999999851e+02 4.831431679992999882e+06 4.635489600220000139e+05
2.776300049999999828e+02 4.831431720000999980e+06 4.635486900020000176e+05
2.776000060000000076e+02 4.831431739989999682e+06 4.635486699830000289e+05
2.775599980000000073e+02 4.831431739989999682e+06 4.635486599730000016e+05
2.774899899999999775e+02 4.831431750000000000e+06 4.635486699830000289e+05
2.774899899999999775e+02 4.831431690001999959e+06 4.635486599730000016e+05
2.769100040000000149e+02 4.831431640014999546e+06 4.635490200199999963e+05
2.769100040000000149e+02 4.831431660004000179e+06 4.635489899899999727e+05
2.768200069999999755e+02 4.831431739989999682e+06 4.635489600220000139e+05
2.768399959999999851e+02 4.831431730011000298e+06 4.635489799800000037e+05
2.770400089999999977e+02 4.831431760010000318e+06 4.635490499880000134e+05
2.768900150000000053e+02 4.831431720000999980e+06 4.635490000000000000e+05
2.768900150000000053e+02 4.831431730011000298e+06 4.635490100100000273e+05
2.769200129999999831e+02 4.831431720000999980e+06 4.635490300290000159e+05
2.768900150000000053e+02 4.831431750000000000e+06 4.635489899899999727e+05
2.769400019999999927e+02 4.831431750000000000e+06 4.635490200199999963e+05
2.770899959999999851e+02 4.831431760010000318e+06 4.635490700070000021e+05
2.769100040000000149e+02 4.831431760010000318e+06 4.635490200199999963e+05
2.770700069999999755e+02 4.831431779999000020e+06 4.635490700070000021e+05
2.769200129999999831e+02 4.831431779999000020e+06 4.635490200199999963e+05
2.769599910000000023e+02 4.831431769988999702e+06 4.635490499880000134e+05
2.770700069999999755e+02 4.831431790009000339e+06 4.635490700070000021e+05
2.771099849999999947e+02 4.831431790009000339e+06 4.635490900269999984e+05
2.769299930000000245e+02 4.831431779999000020e+06 4.635490499880000134e+05
2.770000000000000000e+02 4.831431779999000020e+06 4.635490999760000268e+05
2.768800049999999828e+02 4.831431690001999959e+06 4.635489699709999841e+05
2.775000000000000000e+02 4.831431779999000020e+06 4.635486699830000289e+05
2.774700010000000248e+02 4.831431769988999702e+06 4.635486799929999979e+05
2.774299930000000245e+02 4.831431769988999702e+06 4.635487000119999866e+05
2.777099910000000023e+02 4.831431820007000118e+06 4.635487100220000139e+05
2.776700129999999831e+02 4.831431820007000118e+06 4.635487299800000037e+05
2.776300049999999828e+02 4.831431809998000041e+06 4.635487399899999727e+05
2.768699950000000172e+02 4.831431709990999661e+06 4.635490000000000000e+05
2.777999879999999848e+02 4.831431869994999841e+06 4.635487600100000273e+05
2.775400089999999977e+02 4.831431790009000339e+06 4.635487000119999866e+05
2.774899899999999775e+02 4.831431779999000020e+06 4.635487100220000139e+05
2.774100040000000149e+02 4.831431779999000020e+06 4.635487100220000139e+05
2.777600100000000225e+02 4.831431850006000139e+06 4.635487600100000273e+05
2.776799930000000245e+02 4.831431839995999821e+06 4.635487600100000273e+05
