2.712999879999999848e+02 4.831430170013000257e+06 4.635476699830000289e+05
2.712600100000000225e+02 4.831430109985000454e+06 4.635477000119999866e+05
2.710599980000000073e+02 4.831430209990999661e+06 4.635476300049999845e+05
2.709800109999999904e+02 4.831430269988999702e+06 4.635476699830000289e+05
2.703699950000000172e+02 4.831430160004000179e+06 4.635476900020000176e+05
2.703200069999999755e+02 4.831430170013000257e+06 4.635476400150000118e+05
2.709500120000000152e+02 4.831430160004000179e+06 4.635476300049999845e+05
2.708599849999999947e+02 4.831430160004000179e+06 4.635476400150000118e+05
2.703699950000000172e+02 4.831430410004000179e+06 4.635476799929999979e+05
2.703900150000000053e+02 4.831430399993999861e+06 4.635477700199999963e+05
2.704299930000000245e+02 4.831430390014999546e+06 4.635477600100000273e+05
2.705199890000000096e+02 4.831430390014999546e+06 4.635477500000000000e+05
2.706400150000000053e+02 4.831430369994999841e+06 4.635477199709999841e+05
2.705000000000000000e+02 4.831430339995999821e+06 4.635478200070000021e+05
2.705799870000000169e+02 4.831430339995999821e+06 4.635478099979999824e+05
2.704100040000000149e+02 4.831430420013000257e+06 4.635476599730000016e+05
2.704700010000000248e+02 4.831430410004000179e+06 4.635476599730000016e+05
2.705400089999999977e+02 4.831430410004000179e+06 4.635476599730000016e+05
2.706099849999999947e+02 4.831430399993999861e+06 4.635476599730000016e+05
2.706400150000000053e+02 4.831430369994999841e+06 4.635476400150000118e+05
2.707399899999999775e+02 4.831430380005000159e+06 4.635476500239999732e+05
2.711499939999999924e+02 4.831430410004000179e+06 4.635476900020000176e+05
2.704599910000000023e+02 4.831430410004000179e+06 4.635477000119999866e+05
2.705400089999999977e+02 4.831430410004000179e+06 4.635477000119999866e+05
2.706099849999999947e+02 4.831430399993999861e+06 4.635476900020000176e+05
2.706799930000000245e+02 4.831430390014999546e+06 4.635476900020000176e+05
2.704200129999999831e+02 4.831430420013000257e+06 4.635477399899999727e+05
2.704899899999999775e+02 4.831430420013000257e+06 4.635477299800000037e+05
2.705700069999999755e+02 4.831430410004000179e+06 4.635477299800000037e+05
2.706400150000000053e+02 4.831430399993999861e+06 4.635477299800000037e+05
2.706900019999999927e+02 4.831430390014999546e+06 4.635477199709999841e+05
2.703699950000000172e+02 4.831430420013000257e+06 4.635477700199999963e+05
2.704100040000000149e+02 4.831430410004000179e+06 4.635477700199999963e+05
2.704700010000000248e+02 4.831430399993999861e+06 4.635477600100000273e+05
2.705400089999999977e+02 4.831430399993999861e+06 4.635477600100000273e+05
2.706199950000000172e+02 4.831430390014999546e+06 4.635477700199999963e+05
2.706900019999999927e+02 4.831430380005000159e+06 4.635477600100000273e+05
2.703500060000000076e+02 4.831430399993999861e+06 4.635478099979999824e+05
2.704299930000000245e+02 4.831430399993999861e+06 4.635477999880000134e+05
2.704899899999999775e+02 4.831430380005000159e+06 4.635477999880000134e+05
2.703699950000000172e+02 4.831430369994999841e+06 4.635478300169999711e+05
2.704299930000000245e+02 4.831430359985000454e+06 4.635478200070000021e+05
2.705000000000000000e+02 4.831430350006000139e+06 4.635478200070000021e+05
2.706499939999999924e+02 4.831430329986999743e+06 4.635478200070000021e+05
2.707600100000000225e+02 4.831430339995999821e+06 4.635478200070000021e+05
2.703099980000000073e+02 4.831430329986999743e+06 4.635478499760000268e+05
2.703699950000000172e+02 4.831430320007000118e+06 4.635478499760000268e+05
2.704599910000000023e+02 4.831430320007000118e+06 4.635478499760000268e+05
2.705000000000000000e+02 4.831430309998000041e+06 4.635478400269999984e+05
2.705299989999999752e+02 4.831430290009000339e+06 4.635478300169999711e+05
2.711300049999999828e+02 4.831430200012000278e+06 4.635477999880000134e+05
2.711400150000000053e+02 4.831430179992999882e+06 4.635477899779999861e+05
2.711199950000000172e+02 4.831430149993999861e+06 4.635477700199999963e+05
2.711900019999999927e+02 4.831430140014999546e+06 4.635477700199999963e+05
2.706799930000000245e+02 4.831430399993999861e+06 4.635477899779999861e+05
2.704299930000000245e+02 4.831430410004000179e+06 4.635477800290000159e+05
2.705599980000000073e+02 4.831430380005000159e+06 4.635477899779999861e+05
2.706700129999999831e+02 4.831430369994999841e+06 4.635478099979999824e+05
2.705400089999999977e+02 4.831430350006000139e+06 4.635478200070000021e+05
2.705100100000000225e+02 4.831430369994999841e+06 4.635478300169999711e+05
2.703999939999999924e+02 4.831430260010000318e+06 4.635478400269999984e+05
2.704200129999999831e+02 4.831430239989999682e+06 4.635478300169999711e+05
2.710499879999999848e+02 4.831430359985000454e+06 4.635478300169999711e+05
2.709500120000000152e+02 4.831430339995999821e+06 4.635478200070000021e+05
2.708900150000000053e+02 4.831430339995999821e+06 4.635478200070000021e+05
2.708200069999999755e+02 4.831430339995999821e+06 4.635478200070000021e+05
2.707500000000000000e+02 4.831430350006000139e+06 4.635478200070000021e+05
2.706900019999999927e+02 4.831430350006000139e+06 4.635478200070000021e+05
2.706400150000000053e+02 4.831430350006000139e+06 4.635478200070000021e+05
2.705799870000000169e+02 4.831430350006000139e+06 4.635478099979999824e+05
2.705299989999999752e+02 4.831430359985000454e+06 4.635478200070000021e+05
2.704700010000000248e+02 4.831430359985000454e+06 4.635478200070000021e+05
2.703999939999999924e+02 4.831430359985000454e+06 4.635478200070000021e+05
2.703599849999999947e+02 4.831430369994999841e+06 4.635478300169999711e+05
2.712000120000000152e+02 4.831430420013000257e+06 4.635477999880000134e+05
2.710899959999999851e+02 4.831430410004000179e+06 4.635477800290000159e+05
2.710199890000000096e+02 4.831430399993999861e+06 4.635477800290000159e+05
2.709599910000000023e+02 4.831430399993999861e+06 4.635477800290000159e+05
2.708900150000000053e+02 4.831430399993999861e+06 4.635477700199999963e+05
2.708200069999999755e+02 4.831430399993999861e+06 4.635477700199999963e+05
2.707600100000000225e+02 4.831430410004000179e+06 4.635477700199999963e+05
2.706900019999999927e+02 4.831430410004000179e+06 4.635477700199999963e+05
2.706199950000000172e+02 4.831430410004000179e+06 4.635477700199999963e+05
2.705700069999999755e+02 4.831430410004000179e+06 4.635477700199999963e+05
2.705199890000000096e+02 4.831430420013000257e+06 4.635477800290000159e+05
2.704700010000000248e+02 4.831430420013000257e+06 4.635477800290000159e+05
2.703999939999999924e+02 4.831430420013000257e+06 4.635477700199999963e+05
2.709599910000000023e+02 4.831430420013000257e+06 4.635476900020000176e+05
2.709100040000000149e+02 4.831430420013000257e+06 4.635476900020000176e+05
2.708299870000000169e+02 4.831430420013000257e+06 4.635476799929999979e+05
2.707200010000000248e+02 4.831430420013000257e+06 4.635476900020000176e+05
2.706600040000000149e+02 4.831430420013000257e+06 4.635476799929999979e+05
2.707699890000000096e+02 4.831430410004000179e+06 4.635476199950000155e+05
2.707200010000000248e+02 4.831430420013000257e+06 4.635476300049999845e+05
2.706400150000000053e+02 4.831430420013000257e+06 4.635476300049999845e+05
2.708800049999999828e+02 4.831430209990999661e+06 4.635478099979999824e+05
2.711099849999999947e+02 4.831430399993999861e+06 4.635477899779999861e+05
2.710199890000000096e+02 4.831430390014999546e+06 4.635477899779999861e+05
2.709700010000000248e+02 4.831430380005000159e+06 4.635477999880000134e+05
2.707200010000000248e+02 4.831430339995999821e+06 4.635478099979999824e+05
2.705000000000000000e+02 4.831430329986999743e+06 4.635478300169999711e+05
2.707699890000000096e+02 4.831430420013000257e+06 4.635477399899999727e+05
2.707099910000000023e+02 4.831430420013000257e+06 4.635477500000000000e+05
2.706499939999999924e+02 4.831430420013000257e+06 4.635477600100000273e+05
2.705700069999999755e+02 4.831430399993999861e+06 4.635477600100000273e+05
2.705199890000000096e+02 4.831430410004000179e+06 4.635477700199999963e+05
2.703999939999999924e+02 4.831430420013000257e+06 4.635477899779999861e+05
2.703200069999999755e+02 4.831430410004000179e+06 4.635477899779999861e+05
2.710400089999999977e+02 4.831430420013000257e+06 4.635476099849999882e+05
2.707500000000000000e+02 4.831430420013000257e+06 4.635476500239999732e+05
2.710899959999999851e+02 4.831430410004000179e+06 4.635477899779999861e+05
2.710100100000000225e+02 4.831430390014999546e+06 4.635477999880000134e+05
2.708800049999999828e+02 4.831430410004000179e+06 4.635477600100000273e+05
2.708200069999999755e+02 4.831430399993999861e+06 4.635477700199999963e+05
2.707399899999999775e+02 4.831430380005000159e+06 4.635477899779999861e+05
2.706799930000000245e+02 4.831430369994999841e+06 4.635477999880000134e+05
2.705599980000000073e+02 4.831430420013000257e+06 4.635477600100000273e+05
2.703200069999999755e+02 4.831430399993999861e+06 4.635477899779999861e+05
2.703500060000000076e+02 4.831430380005000159e+06 4.635477800290000159e+05
2.708900150000000053e+02 4.831430399993999861e+06 4.635477299800000037e+05
2.709299930000000245e+02 4.831430390014999546e+06 4.635477199709999841e+05
2.709800109999999904e+02 4.831430380005000159e+06 4.635477100220000139e+05
2.711000060000000076e+02 4.831430399993999861e+06 4.635477100220000139e+05
2.703299870000000169e+02 4.831430359985000454e+06 4.635478099979999824e+05
2.703599849999999947e+02 4.831430339995999821e+06 4.635477899779999861e+05
2.708099980000000073e+02 4.831430380005000159e+06 4.635477700199999963e+05
2.708599849999999947e+02 4.831430380005000159e+06 4.635477600100000273e+05
2.709200129999999831e+02 4.831430380005000159e+06 4.635477500000000000e+05
2.709800109999999904e+02 4.831430380005000159e+06 4.635477500000000000e+05
2.711199950000000172e+02 4.831430399993999861e+06 4.635477399899999727e+05
2.712099910000000023e+02 4.831430420013000257e+06 4.635477399899999727e+05
2.703099980000000073e+02 4.831430299987999722e+06 4.635478300169999711e+05
2.703699950000000172e+02 4.831430309998000041e+06 4.635478300169999711e+05
2.704200129999999831e+02 4.831430299987999722e+06 4.635478200070000021e+05
2.704800109999999904e+02 4.831430299987999722e+06 4.635478099979999824e+05
2.705499879999999848e+02 4.831430309998000041e+06 4.635478099979999824e+05
2.706199950000000172e+02 4.831430320007000118e+06 4.635478099979999824e+05
2.706900019999999927e+02 4.831430320007000118e+06 4.635477999880000134e+05
2.707500000000000000e+02 4.831430329986999743e+06 4.635477999880000134e+05
2.708099980000000073e+02 4.831430339995999821e+06 4.635477999880000134e+05
2.708599849999999947e+02 4.831430339995999821e+06 4.635477899779999861e+05
2.709299930000000245e+02 4.831430339995999821e+06 4.635477899779999861e+05
2.710000000000000000e+02 4.831430359985000454e+06 4.635477899779999861e+05
2.710700069999999755e+02 4.831430369994999841e+06 4.635477800290000159e+05
2.711099849999999947e+02 4.831430359985000454e+06 4.635477700199999963e+05
2.712399899999999775e+02 4.831430410004000179e+06 4.635477899779999861e+05
2.706900019999999927e+02 4.831430279999000020e+06 4.635478300169999711e+05
2.707099910000000023e+02 4.831430250000000000e+06 4.635478200070000021e+05
2.707900089999999977e+02 4.831430269988999702e+06 4.635478200070000021e+05
2.708800049999999828e+02 4.831430299987999722e+06 4.635478200070000021e+05
2.709500120000000152e+02 4.831430299987999722e+06 4.635478099979999824e+05
2.710299989999999752e+02 4.831430320007000118e+06 4.635478099979999824e+05
2.710599980000000073e+02 4.831430299987999722e+06 4.635477999880000134e+05
2.712099910000000023e+02 4.831430380005000159e+06 4.635478200070000021e+05
2.711499939999999924e+02 4.831430410004000179e+06 4.635476099849999882e+05
2.712099910000000023e+02 4.831430410004000179e+06 4.635476099849999882e+05
2.705400089999999977e+02 4.831430420013000257e+06 4.635476599730000016e+05
2.705899959999999851e+02 4.831430420013000257e+06 4.635476599730000016e+05
2.706400150000000053e+02 4.831430410004000179e+06 4.635476599730000016e+05
2.707000120000000152e+02 4.831430410004000179e+06 4.635476599730000016e+05
2.707600100000000225e+02 4.831430410004000179e+06 4.635476599730000016e+05
2.708200069999999755e+02 4.831430410004000179e+06 4.635476599730000016e+05
2.708900150000000053e+02 4.831430410004000179e+06 4.635476599730000016e+05
2.709500120000000152e+02 4.831430410004000179e+06 4.635476699830000289e+05
2.710199890000000096e+02 4.831430410004000179e+06 4.635476699830000289e+05
2.704899899999999775e+02 4.831430420013000257e+06 4.635477299800000037e+05
2.705499879999999848e+02 4.831430420013000257e+06 4.635477299800000037e+05
2.706199950000000172e+02 4.831430420013000257e+06 4.635477299800000037e+05
2.706799930000000245e+02 4.831430410004000179e+06 4.635477199709999841e+05
2.707300109999999904e+02 4.831430399993999861e+06 4.635477299800000037e+05
2.707900089999999977e+02 4.831430410004000179e+06 4.635477299800000037e+05
2.708399959999999851e+02 4.831430410004000179e+06 4.635477299800000037e+05
2.708999939999999924e+02 4.831430399993999861e+06 4.635477299800000037e+05
2.709599910000000023e+02 4.831430399993999861e+06 4.635477299800000037e+05
2.710199890000000096e+02 4.831430399993999861e+06 4.635477299800000037e+05
2.710899959999999851e+02 4.831430410004000179e+06 4.635477399899999727e+05
2.711700129999999831e+02 4.831430420013000257e+06 4.635477500000000000e+05
2.703200069999999755e+02 4.831430399993999861e+06 4.635477800290000159e+05
2.703900150000000053e+02 4.831430410004000179e+06 4.635477899779999861e+05
2.704299930000000245e+02 4.831430390014999546e+06 4.635477800290000159e+05
2.704800109999999904e+02 4.831430390014999546e+06 4.635477800290000159e+05
2.705199890000000096e+02 4.831430380005000159e+06 4.635477800290000159e+05
2.705799870000000169e+02 4.831430380005000159e+06 4.635477800290000159e+05
2.706700129999999831e+02 4.831430350006000139e+06 4.635477600100000273e+05
2.707699890000000096e+02 4.831430380005000159e+06 4.635477800290000159e+05
2.708299870000000169e+02 4.831430369994999841e+06 4.635477800290000159e+05
2.708900150000000053e+02 4.831430369994999841e+06 4.635477800290000159e+05
2.709700010000000248e+02 4.831430369994999841e+06 4.635477899779999861e+05
2.710199890000000096e+02 4.831430369994999841e+06 4.635477899779999861e+05
2.710700069999999755e+02 4.831430369994999841e+06 4.635477899779999861e+05
2.711600040000000149e+02 4.831430390014999546e+06 4.635478099979999824e+05
2.712200010000000248e+02 4.831430390014999546e+06 4.635478099979999824e+05
2.703200069999999755e+02 4.831430359985000454e+06 4.635478200070000021e+05
2.703800049999999828e+02 4.831430350006000139e+06 4.635478200070000021e+05
2.704400019999999927e+02 4.831430339995999821e+06 4.635478200070000021e+05
2.705000000000000000e+02 4.831430339995999821e+06 4.635478200070000021e+05
2.705400089999999977e+02 4.831430329986999743e+06 4.635478099979999824e+05
2.705899959999999851e+02 4.831430320007000118e+06 4.635478099979999824e+05
2.706499939999999924e+02 4.831430320007000118e+06 4.635478099979999824e+05
2.707300109999999904e+02 4.831430329986999743e+06 4.635478200070000021e+05
2.707699890000000096e+02 4.831430320007000118e+06 4.635478200070000021e+05
2.708200069999999755e+02 4.831430320007000118e+06 4.635478200070000021e+05
2.708900150000000053e+02 4.831430320007000118e+06 4.635478200070000021e+05
2.709500120000000152e+02 4.831430309998000041e+06 4.635478200070000021e+05
2.710199890000000096e+02 4.831430320007000118e+06 4.635478200070000021e+05
2.703299870000000169e+02 4.831430299987999722e+06 4.635478400269999984e+05
2.703599849999999947e+02 4.831430279999000020e+06 4.635478300169999711e+05
2.704100040000000149e+02 4.831430260010000318e+06 4.635478300169999711e+05
2.704500120000000152e+02 4.831430250000000000e+06 4.635478200070000021e+05
2.705100100000000225e+02 4.831430250000000000e+06 4.635478300169999711e+05
2.705499879999999848e+02 4.831430230011000298e+06 4.635478099979999824e+05
2.705799870000000169e+02 4.831430200012000278e+06 4.635477999880000134e+05
2.707200010000000248e+02 4.831430250000000000e+06 4.635478300169999711e+05
2.707500000000000000e+02 4.831430230011000298e+06 4.635478200070000021e+05
2.707799989999999752e+02 4.831430209990999661e+06 4.635478099979999824e+05
2.707500000000000000e+02 4.831430410004000179e+06 4.635476300049999845e+05
2.707999879999999848e+02 4.831430410004000179e+06 4.635476300049999845e+05
2.709299930000000245e+02 4.831430410004000179e+06 4.635476599730000016e+05
2.705400089999999977e+02 4.831430410004000179e+06 4.635476400150000118e+05
2.707699890000000096e+02 4.831430420013000257e+06 4.635476900020000176e+05
2.708500060000000076e+02 4.831430420013000257e+06 4.635477100220000139e+05
2.708999939999999924e+02 4.831430399993999861e+06 4.635477100220000139e+05
2.709599910000000023e+02 4.831430399993999861e+06 4.635477199709999841e+05
2.710299989999999752e+02 4.831430410004000179e+06 4.635477399899999727e+05
2.707500000000000000e+02 4.831430420013000257e+06 4.635477500000000000e+05
2.707999879999999848e+02 4.831430410004000179e+06 4.635477600100000273e+05
2.708599849999999947e+02 4.831430399993999861e+06 4.635477600100000273e+05
2.708999939999999924e+02 4.831430390014999546e+06 4.635477600100000273e+05
2.711300049999999828e+02 4.831430390014999546e+06 4.635478099979999824e+05
2.706000060000000076e+02 4.831430420013000257e+06 4.635477700199999963e+05
2.706499939999999924e+02 4.831430399993999861e+06 4.635477700199999963e+05
2.707900089999999977e+02 4.831430399993999861e+06 4.635477899779999861e+05
2.708299870000000169e+02 4.831430380005000159e+06 4.635477899779999861e+05
2.708800049999999828e+02 4.831430369994999841e+06 4.635477899779999861e+05
2.704100040000000149e+02 4.831430420013000257e+06 4.635477899779999861e+05
2.705599980000000073e+02 4.831430390014999546e+06 4.635477899779999861e+05
2.706099849999999947e+02 4.831430380005000159e+06 4.635477999880000134e+05
2.706499939999999924e+02 4.831430359985000454e+06 4.635477899779999861e+05
2.707799989999999752e+02 4.831430359985000454e+06 4.635478099979999824e+05
2.708399959999999851e+02 4.831430359985000454e+06 4.635478200070000021e+05
2.708999939999999924e+02 4.831430350006000139e+06 4.635478300169999711e+05
2.709700010000000248e+02 4.831430339995999821e+06 4.635478300169999711e+05
2.703800049999999828e+02 4.831430410004000179e+06 4.635478300169999711e+05
2.704299930000000245e+02 4.831430399993999861e+06 4.635478300169999711e+05
2.704800109999999904e+02 4.831430380005000159e+06 4.635478200070000021e+05
2.705899959999999851e+02 4.831430359985000454e+06 4.635478200070000021e+05
2.706900019999999927e+02 4.831430339995999821e+06 4.635478300169999711e+05
2.707900089999999977e+02 4.831430320007000118e+06 4.635478300169999711e+05
2.704500120000000152e+02 4.831430359985000454e+06 4.635478300169999711e+05
2.706199950000000172e+02 4.831430329986999743e+06 4.635478400269999984e+05
2.706700129999999831e+02 4.831430309998000041e+06 4.635478300169999711e+05
2.707200010000000248e+02 4.831430299987999722e+06 4.635478400269999984e+05
2.703999939999999924e+02 4.831430329986999743e+06 4.635478400269999984e+05
2.704500120000000152e+02 4.831430320007000118e+06 4.635478400269999984e+05
2.705000000000000000e+02 4.831430309998000041e+06 4.635478400269999984e+05
2.705299989999999752e+02 4.831430290009000339e+06 4.635478300169999711e+05
2.706700129999999831e+02 4.831430230011000298e+06 4.635478099979999824e+05
2.707300109999999904e+02 4.831430220000999980e+06 4.635478200070000021e+05
2.707600100000000225e+02 4.831430209990999661e+06 4.635478099979999824e+05
2.705400089999999977e+02 4.831430420013000257e+06 4.635477100220000139e+05
2.711499939999999924e+02 4.831430380005000159e+06 4.635476099849999882e+05
2.710700069999999755e+02 4.831430399993999861e+06 4.635476099849999882e+05
2.703299870000000169e+02 4.831430359985000454e+06 4.635477899779999861e+05
2.703500060000000076e+02 4.831430380005000159e+06 4.635477600100000273e+05
2.703699950000000172e+02 4.831430410004000179e+06 4.635477299800000037e+05
2.703399959999999851e+02 4.831430420013000257e+06 4.635477100220000139e+05
2.706300049999999828e+02 4.831430350006000139e+06 4.635477600100000273e+05
2.704400019999999927e+02 4.831430369994999841e+06 4.635476900020000176e+05
2.707399899999999775e+02 4.831430380005000159e+06 4.635476799929999979e+05
2.706700129999999831e+02 4.831430380005000159e+06 4.635476699830000289e+05
2.705700069999999755e+02 4.831430390014999546e+06 4.635476400150000118e+05
2.708099980000000073e+02 4.831430390014999546e+06 4.635476500239999732e+05
2.705799870000000169e+02 4.831430380005000159e+06 4.635476300049999845e+05
2.707900089999999977e+02 4.831430380005000159e+06 4.635476500239999732e+05
2.707699890000000096e+02 4.831430399993999861e+06 4.635476300049999845e+05
2.706499939999999924e+02 4.831430380005000159e+06 4.635476300049999845e+05
2.705899959999999851e+02 4.831430380005000159e+06 4.635476199950000155e+05
2.708200069999999755e+02 4.831430369994999841e+06 4.635476500239999732e+05
2.707600100000000225e+02 4.831430369994999841e+06 4.635476300049999845e+05
2.707399899999999775e+02 4.831430380005000159e+06 4.635476099849999882e+05
2.706300049999999828e+02 4.831430359985000454e+06 4.635476099849999882e+05
2.708900150000000053e+02 4.831430369994999841e+06 4.635476300049999845e+05
2.708500060000000076e+02 4.831430369994999841e+06 4.635476099849999882e+05
2.707999879999999848e+02 4.831430339995999821e+06 4.635476099849999882e+05
2.708800049999999828e+02 4.831430420013000257e+06 4.635477800290000159e+05
2.707000120000000152e+02 4.831430369994999841e+06 4.635478599849999882e+05
2.704299930000000245e+02 4.831430410004000179e+06 4.635477899779999861e+05
2.711300049999999828e+02 4.831430149993999861e+06 4.635477399899999727e+05
2.712399899999999775e+02 4.831430200012000278e+06 4.635477999880000134e+05
2.709599910000000023e+02 4.831430220000999980e+06 4.635478099979999824e+05
2.707900089999999977e+02 4.831430359985000454e+06 4.635478300169999711e+05
2.706600040000000149e+02 4.831430380005000159e+06 4.635478300169999711e+05
2.705799870000000169e+02 4.831430380005000159e+06 4.635478400269999984e+05
2.711400150000000053e+02 4.831430170013000257e+06 4.635477500000000000e+05
2.711600040000000149e+02 4.831430179992999882e+06 4.635477899779999861e+05
2.708399959999999851e+02 4.831430170013000257e+06 4.635477600100000273e+05
2.712300109999999904e+02 4.831430209990999661e+06 4.635477999880000134e+05
2.710599980000000073e+02 4.831430200012000278e+06 4.635477899779999861e+05
2.708800049999999828e+02 4.831430190001999959e+06 4.635477800290000159e+05
2.709100040000000149e+02 4.831430200012000278e+06 4.635477899779999861e+05
2.705199890000000096e+02 4.831430350006000139e+06 4.635478599849999882e+05
2.712300109999999904e+02 4.831430220000999980e+06 4.635477899779999861e+05
2.711000060000000076e+02 4.831430179992999882e+06 4.635477899779999861e+05
2.709100040000000149e+02 4.831430209990999661e+06 4.635478200070000021e+05
2.710100100000000225e+02 4.831430410004000179e+06 4.635478200070000021e+05
2.709700010000000248e+02 4.831430399993999861e+06 4.635478300169999711e+05
2.703200069999999755e+02 4.831430399993999861e+06 4.635478400269999984e+05
2.703200069999999755e+02 4.831430390014999546e+06 4.635478699950000155e+05
2.712099910000000023e+02 4.831430230011000298e+06 4.635478699950000155e+05
2.712600100000000225e+02 4.831430200012000278e+06 4.635478599849999882e+05
2.711199950000000172e+02 4.831430190001999959e+06 4.635478400269999984e+05
2.711099849999999947e+02 4.831430170013000257e+06 4.635478200070000021e+05
2.708699950000000172e+02 4.831430290009000339e+06 4.635478400269999984e+05
2.712999879999999848e+02 4.831430359985000454e+06 4.635478599849999882e+05
2.708999939999999924e+02 4.831430290009000339e+06 4.635478499760000268e+05
2.709700010000000248e+02 4.831430279999000020e+06 4.635478400269999984e+05
2.708399959999999851e+02 4.831430239989999682e+06 4.635478400269999984e+05
2.712399899999999775e+02 4.831430350006000139e+06 4.635478300169999711e+05
2.711900019999999927e+02 4.831430359985000454e+06 4.635478400269999984e+05
2.711400150000000053e+02 4.831430359985000454e+06 4.635478400269999984e+05
2.712699890000000096e+02 4.831430350006000139e+06 4.635478300169999711e+05
2.711900019999999927e+02 4.831430329986999743e+06 4.635478300169999711e+05
2.710899959999999851e+02 4.831430299987999722e+06 4.635478300169999711e+05
2.711099849999999947e+02 4.831430350006000139e+06 4.635478300169999711e+05
2.708500060000000076e+02 4.831430260010000318e+06 4.635478400269999984e+05
2.710199890000000096e+02 4.831430269988999702e+06 4.635478300169999711e+05
2.711499939999999924e+02 4.831430329986999743e+06 4.635478400269999984e+05
2.712000120000000152e+02 4.831430329986999743e+06 4.635478400269999984e+05
2.712500000000000000e+02 4.831430320007000118e+06 4.635478300169999711e+05
2.711499939999999924e+02 4.831430220000999980e+06 4.635478300169999711e+05
2.711000060000000076e+02 4.831430329986999743e+06 4.635478300169999711e+05
2.711600040000000149e+02 4.831430329986999743e+06 4.635478300169999711e+05
2.712300109999999904e+02 4.831430339995999821e+06 4.635478400269999984e+05
2.712799989999999752e+02 4.831430329986999743e+06 4.635478400269999984e+05
2.710400089999999977e+02 4.831430230011000298e+06 4.635478300169999711e+05
2.712200010000000248e+02 4.831430399993999861e+06 4.635478300169999711e+05
2.712799989999999752e+02 4.831430390014999546e+06 4.635478400269999984e+05
2.711300049999999828e+02 4.831430309998000041e+06 4.635478499760000268e+05
2.706700129999999831e+02 4.831430279999000020e+06 4.635478499760000268e+05
2.703099980000000073e+02 4.831430309998000041e+06 4.635478900150000118e+05
2.712500000000000000e+02 4.831430230011000298e+06 4.635478099979999824e+05
2.711799930000000245e+02 4.831430200012000278e+06 4.635478099979999824e+05
2.712399899999999775e+02 4.831430239989999682e+06 4.635478400269999984e+05
2.707300109999999904e+02 4.831430279999000020e+06 4.635478599849999882e+05
2.710400089999999977e+02 4.831430329986999743e+06 4.635478499760000268e+05
2.709200129999999831e+02 4.831430339995999821e+06 4.635478400269999984e+05
2.711300049999999828e+02 4.831430380005000159e+06 4.635478499760000268e+05
2.712999879999999848e+02 4.831430190001999959e+06 4.635478099979999824e+05
2.712099910000000023e+02 4.831430190001999959e+06 4.635478200070000021e+05
2.712699890000000096e+02 4.831430209990999661e+06 4.635478099979999824e+05
2.712099910000000023e+02 4.831430200012000278e+06 4.635478099979999824e+05
2.712300109999999904e+02 4.831430209990999661e+06 4.635478099979999824e+05
2.712999879999999848e+02 4.831430220000999980e+06 4.635478099979999824e+05
2.712600100000000225e+02 4.831430209990999661e+06 4.635478200070000021e+05
2.712900089999999977e+02 4.831430220000999980e+06 4.635478099979999824e+05
2.712999879999999848e+02 4.831430230011000298e+06 4.635478200070000021e+05
2.712200010000000248e+02 4.831430250000000000e+06 4.635478200070000021e+05
2.711799930000000245e+02 4.831430239989999682e+06 4.635478400269999984e+05
2.710899959999999851e+02 4.831430230011000298e+06 4.635478300169999711e+05
2.712300109999999904e+02 4.831430260010000318e+06 4.635478400269999984e+05
2.712000120000000152e+02 4.831430250000000000e+06 4.635478499760000268e+05
2.710899959999999851e+02 4.831430239989999682e+06 4.635478400269999984e+05
2.711799930000000245e+02 4.831430260010000318e+06 4.635478400269999984e+05
2.711000060000000076e+02 4.831430250000000000e+06 4.635478499760000268e+05
2.710700069999999755e+02 4.831430299987999722e+06 4.635478300169999711e+05
2.710700069999999755e+02 4.831430279999000020e+06 4.635478599849999882e+05
2.709800109999999904e+02 4.831430269988999702e+06 4.635478599849999882e+05
2.708900150000000053e+02 4.831430269988999702e+06 4.635478599849999882e+05
2.708200069999999755e+02 4.831430260010000318e+06 4.635478599849999882e+05
2.707500000000000000e+02 4.831430290009000339e+06 4.635478499760000268e+05
2.707099910000000023e+02 4.831430279999000020e+06 4.635478599849999882e+05
2.708699950000000172e+02 4.831430350006000139e+06 4.635478499760000268e+05
2.708500060000000076e+02 4.831430329986999743e+06 4.635478800049999845e+05
2.707300109999999904e+02 4.831430329986999743e+06 4.635478599849999882e+05
2.706499939999999924e+02 4.831430309998000041e+06 4.635478699950000155e+05
2.706099849999999947e+02 4.831430359985000454e+06 4.635478599849999882e+05
2.712000120000000152e+02 4.831430200012000278e+06 4.635477999880000134e+05
2.712999879999999848e+02 4.831430290009000339e+06 4.635478699950000155e+05
2.712000120000000152e+02 4.831430269988999702e+06 4.635478499760000268e+05
2.711099849999999947e+02 4.831430250000000000e+06 4.635478400269999984e+05
2.712600100000000225e+02 4.831430369994999841e+06 4.635478800049999845e+05
2.711900019999999927e+02 4.831430350006000139e+06 4.635478800049999845e+05
2.711000060000000076e+02 4.831430329986999743e+06 4.635478699950000155e+05
2.710299989999999752e+02 4.831430320007000118e+06 4.635478699950000155e+05
2.709700010000000248e+02 4.831430380005000159e+06 4.635478599849999882e+05
2.703399959999999851e+02 4.831430000000000000e+06 4.635477500000000000e+05
2.707099910000000023e+02 4.831430140014999546e+06 4.635478099979999824e+05
2.703399959999999851e+02 4.831430049987999722e+06 4.635476900020000176e+05
2.708500060000000076e+02 4.831429429992999882e+06 4.635480399779999861e+05
2.708599849999999947e+02 4.831429440001999959e+06 4.635480399779999861e+05
2.706700129999999831e+02 4.831429429992999882e+06 4.635481500239999732e+05
2.708299870000000169e+02 4.831429440001999959e+06 4.635480300290000159e+05
2.707999879999999848e+02 4.831429429992999882e+06 4.635480599979999824e+05
2.708500060000000076e+02 4.831429429992999882e+06 4.635480499880000134e+05
2.708099980000000073e+02 4.831429429992999882e+06 4.635480999760000268e+05
2.708699950000000172e+02 4.831429429992999882e+06 4.635480200199999963e+05
2.707600100000000225e+02 4.831429440001999959e+06 4.635480399779999861e+05
2.708599849999999947e+02 4.831429429992999882e+06 4.635480300290000159e+05
2.707099910000000023e+02 4.831429470000999980e+06 4.635481300049999845e+05
2.707200010000000248e+02 4.831429500000000000e+06 4.635481799929999979e+05
2.707300109999999904e+02 4.831429440001999959e+06 4.635480900269999984e+05
2.708200069999999755e+02 4.831430299987999722e+06 4.635481799929999979e+05
2.707000120000000152e+02 4.831429450012000278e+06 4.635481500239999732e+05
2.706499939999999924e+02 4.831429450012000278e+06 4.635481500239999732e+05
2.708399959999999851e+02 4.831429459990999661e+06 4.635480599979999824e+05
2.707600100000000225e+02 4.831429450012000278e+06 4.635480399779999861e+05
2.706600040000000149e+02 4.831429459990999661e+06 4.635481699830000289e+05
2.707300109999999904e+02 4.831429450012000278e+06 4.635481199950000155e+05
2.707099910000000023e+02 4.831429480011000298e+06 4.635481400150000118e+05
2.706600040000000149e+02 4.831429489989999682e+06 4.635481500239999732e+05
2.708200069999999755e+02 4.831429459990999661e+06 4.635480499880000134e+05
2.707600100000000225e+02 4.831429500000000000e+06 4.635480100100000273e+05
2.708500060000000076e+02 4.831429480011000298e+06 4.635480300290000159e+05
2.708299870000000169e+02 4.831430320007000118e+06 4.635481799929999979e+05
2.708099980000000073e+02 4.831429440001999959e+06 4.635480100100000273e+05
2.707799989999999752e+02 4.831429450012000278e+06 4.635481099849999882e+05
2.707600100000000225e+02 4.831429450012000278e+06 4.635480300290000159e+05
2.708399959999999851e+02 4.831429459990999661e+06 4.635480399779999861e+05
2.705400089999999977e+02 4.831430089995999821e+06 4.635479099730000016e+05
2.706700129999999831e+02 4.831430190001999959e+06 4.635479899899999727e+05
2.708299870000000169e+02 4.831430329986999743e+06 4.635481500239999732e+05
2.708599849999999947e+02 4.831429459990999661e+06 4.635480599979999824e+05
2.708200069999999755e+02 4.831429440001999959e+06 4.635480900269999984e+05
2.707399899999999775e+02 4.831429470000999980e+06 4.635481300049999845e+05
2.707300109999999904e+02 4.831429450012000278e+06 4.635481500239999732e+05
2.707300109999999904e+02 4.831429500000000000e+06 4.635481699830000289e+05
2.707200010000000248e+02 4.831429540009000339e+06 4.635481799929999979e+05
2.707000120000000152e+02 4.831430380005000159e+06 4.635481699830000289e+05
2.708599849999999947e+02 4.831429459990999661e+06 4.635480700070000021e+05
2.707200010000000248e+02 4.831429480011000298e+06 4.635481599730000016e+05
2.707200010000000248e+02 4.831429510010000318e+06 4.635481799929999979e+05
2.708399959999999851e+02 4.831430350006000139e+06 4.635481699830000289e+05
2.705799870000000169e+02 4.831430089995999821e+06 4.635479000239999732e+05
2.707099910000000023e+02 4.831430230011000298e+06 4.635478900150000118e+05
2.706600040000000149e+02 4.831430149993999861e+06 4.635481599730000016e+05
2.706499939999999924e+02 4.831430320007000118e+06 4.635479400020000176e+05
2.708800049999999828e+02 4.831430350006000139e+06 4.635481699830000289e+05
2.706799930000000245e+02 4.831429429992999882e+06 4.635481799929999979e+05
2.705799870000000169e+02 4.831429429992999882e+06 4.635482299800000037e+05
2.704899899999999775e+02 4.831429559998000041e+06 4.635484600220000139e+05
2.705100100000000225e+02 4.831429579986999743e+06 4.635484699709999841e+05
2.706600040000000149e+02 4.831429890014999546e+06 4.635485700070000021e+05
2.704299930000000245e+02 4.831429540009000339e+06 4.635484699709999841e+05
2.705000000000000000e+02 4.831429500000000000e+06 4.635484600220000139e+05
2.703099980000000073e+02 4.831429549987999722e+06 4.635485200199999963e+05
2.703099980000000073e+02 4.831429519988999702e+06 4.635485000000000000e+05
2.707000120000000152e+02 4.831430260010000318e+06 4.635483699950000155e+05
2.705599980000000073e+02 4.831430239989999682e+06 4.635484500119999866e+05
2.706900019999999927e+02 4.831430209990999661e+06 4.635484099730000016e+05
2.707399899999999775e+02 4.831430179992999882e+06 4.635483900150000118e+05
2.706700129999999831e+02 4.831429929992999882e+06 4.635485200199999963e+05
2.704299930000000245e+02 4.831429579986999743e+06 4.635484500119999866e+05
2.704899899999999775e+02 4.831429609985000454e+06 4.635484799800000037e+05
2.704899899999999775e+02 4.831429600006000139e+06 4.635484600220000139e+05
2.704700010000000248e+02 4.831429570007000118e+06 4.635484400020000176e+05
2.705100100000000225e+02 4.831429619994999841e+06 4.635484699709999841e+05
2.705199890000000096e+02 4.831429589995999821e+06 4.635484299929999979e+05
2.704899899999999775e+02 4.831429600006000139e+06 4.635484000239999732e+05
2.707399899999999775e+02 4.831430010010000318e+06 4.635484199830000289e+05
2.708299870000000169e+02 4.831430239989999682e+06 4.635482800290000159e+05
2.708200069999999755e+02 4.831430269988999702e+06 4.635482899779999861e+05
2.708699950000000172e+02 4.831430320007000118e+06 4.635482199709999841e+05
2.703399959999999851e+02 4.831430329986999743e+06 4.635484899899999727e+05
2.703800049999999828e+02 4.831430369994999841e+06 4.635485000000000000e+05
2.703500060000000076e+02 4.831430380005000159e+06 4.635485200199999963e+05
2.706099849999999947e+02 4.831430420013000257e+06 4.635483499760000268e+05
2.705000000000000000e+02 4.831429920013000257e+06 4.635485499880000134e+05
2.705299989999999752e+02 4.831429880005000159e+06 4.635485700070000021e+05
2.705499879999999848e+02 4.831429549987999722e+06 4.635484199830000289e+05
2.707000120000000152e+02 4.831429549987999722e+06 4.635482299800000037e+05
2.707000120000000152e+02 4.831429519988999702e+06 4.635482199709999841e+05
2.706300049999999828e+02 4.831429869994999841e+06 4.635485399779999861e+05
2.705700069999999755e+02 4.831429570007000118e+06 4.635484000239999732e+05
2.704599910000000023e+02 4.831429559998000041e+06 4.635484699709999841e+05
2.705199890000000096e+02 4.831429480011000298e+06 4.635484299929999979e+05
2.708099980000000073e+02 4.831430320007000118e+06 4.635481900020000176e+05
2.703800049999999828e+02 4.831430420013000257e+06 4.635484099730000016e+05
2.706400150000000053e+02 4.831430369994999841e+06 4.635483400269999984e+05
2.706600040000000149e+02 4.831430350006000139e+06 4.635483300169999711e+05
2.703200069999999755e+02 4.831430350006000139e+06 4.635485000000000000e+05
2.705400089999999977e+02 4.831430149993999861e+06 4.635484600220000139e+05
2.707399899999999775e+02 4.831430059998000041e+06 4.635483800049999845e+05
2.705599980000000073e+02 4.831430410004000179e+06 4.635482800290000159e+05
2.705899959999999851e+02 4.831430390014999546e+06 4.635482700199999963e+05
2.706900019999999927e+02 4.831430390014999546e+06 4.635482800290000159e+05
2.704599910000000023e+02 4.831430410004000179e+06 4.635483699950000155e+05
2.704800109999999904e+02 4.831430390014999546e+06 4.635483499760000268e+05
2.705499879999999848e+02 4.831430380005000159e+06 4.635483499760000268e+05
2.706199950000000172e+02 4.831430369994999841e+06 4.635483499760000268e+05
2.706199950000000172e+02 4.831430350006000139e+06 4.635483300169999711e+05
2.707300109999999904e+02 4.831430320007000118e+06 4.635483200070000021e+05
2.708200069999999755e+02 4.831430260010000318e+06 4.635482899779999861e+05
2.708500060000000076e+02 4.831430239989999682e+06 4.635482800290000159e+05
2.703599849999999947e+02 4.831430420013000257e+06 4.635484500119999866e+05
2.707399899999999775e+02 4.831430239989999682e+06 4.635483499760000268e+05
2.707600100000000225e+02 4.831430220000999980e+06 4.635483400269999984e+05
2.708099980000000073e+02 4.831430209990999661e+06 4.635483300169999711e+05
2.703200069999999755e+02 4.831430369994999841e+06 4.635485000000000000e+05
2.707200010000000248e+02 4.831430170013000257e+06 4.635483900150000118e+05
2.707399899999999775e+02 4.831430149993999861e+06 4.635483800049999845e+05
2.707999879999999848e+02 4.831430140014999546e+06 4.635483800049999845e+05
2.706700129999999831e+02 4.831430059998000041e+06 4.635484000239999732e+05
2.705199890000000096e+02 4.831430049987999722e+06 4.635485300290000159e+05
2.705299989999999752e+02 4.831430019988999702e+06 4.635485100100000273e+05
2.706400150000000053e+02 4.831430410004000179e+06 4.635482399899999727e+05
2.708299870000000169e+02 4.831430309998000041e+06 4.635482100220000139e+05
2.705700069999999755e+02 4.831430410004000179e+06 4.635482800290000159e+05
2.706000060000000076e+02 4.831430390014999546e+06 4.635482700199999963e+05
2.707000120000000152e+02 4.831430380005000159e+06 4.635482899779999861e+05
2.705299989999999752e+02 4.831430420013000257e+06 4.635483400269999984e+05
2.706099849999999947e+02 4.831430410004000179e+06 4.635483499760000268e+05
2.706799930000000245e+02 4.831430369994999841e+06 4.635483400269999984e+05
2.707000120000000152e+02 4.831430350006000139e+06 4.635483200070000021e+05
2.705899959999999851e+02 4.831430380005000159e+06 4.635483699950000155e+05
2.706199950000000172e+02 4.831430359985000454e+06 4.635483599849999882e+05
2.706499939999999924e+02 4.831430339995999821e+06 4.635483499760000268e+05
2.707200010000000248e+02 4.831430329986999743e+06 4.635483599849999882e+05
2.707300109999999904e+02 4.831430299987999722e+06 4.635483499760000268e+05
2.705100100000000225e+02 4.831430359985000454e+06 4.635483800049999845e+05
2.705700069999999755e+02 4.831430350006000139e+06 4.635483800049999845e+05
2.706099849999999947e+02 4.831430329986999743e+06 4.635483800049999845e+05
2.706400150000000053e+02 4.831430299987999722e+06 4.635483699950000155e+05
2.707200010000000248e+02 4.831430290009000339e+06 4.635483800049999845e+05
2.707300109999999904e+02 4.831430260010000318e+06 4.635483599849999882e+05
2.707500000000000000e+02 4.831430230011000298e+06 4.635483400269999984e+05
2.707600100000000225e+02 4.831430209990999661e+06 4.635483300169999711e+05
2.705700069999999755e+02 4.831430329986999743e+06 4.635484199830000289e+05
2.706000060000000076e+02 4.831430309998000041e+06 4.635484099730000016e+05
2.706099849999999947e+02 4.831430290009000339e+06 4.635484000239999732e+05
2.706199950000000172e+02 4.831430260010000318e+06 4.635483900150000118e+05
2.706499939999999924e+02 4.831430239989999682e+06 4.635483800049999845e+05
2.707200010000000248e+02 4.831430230011000298e+06 4.635483800049999845e+05
2.707300109999999904e+02 4.831430200012000278e+06 4.635483699950000155e+05
2.707600100000000225e+02 4.831430179992999882e+06 4.635483599849999882e+05
2.706000060000000076e+02 4.831430299987999722e+06 4.635484600220000139e+05
2.706000060000000076e+02 4.831430269988999702e+06 4.635484400020000176e+05
2.706099849999999947e+02 4.831430239989999682e+06 4.635484299929999979e+05
2.706499939999999924e+02 4.831430220000999980e+06 4.635484199830000289e+05
2.706900019999999927e+02 4.831430200012000278e+06 4.635484099730000016e+05
2.707200010000000248e+02 4.831430170013000257e+06 4.635484000239999732e+05
2.707500000000000000e+02 4.831430149993999861e+06 4.635484000239999732e+05
2.705799870000000169e+02 4.831430209990999661e+06 4.635484600220000139e+05
2.705799870000000169e+02 4.831430179992999882e+06 4.635484400020000176e+05
2.706400150000000053e+02 4.831430170013000257e+06 4.635484400020000176e+05
2.706600040000000149e+02 4.831430140014999546e+06 4.635484299929999979e+05
2.706700129999999831e+02 4.831430109985000454e+06 4.635484099730000016e+05
2.706799930000000245e+02 4.831430049987999722e+06 4.635483699950000155e+05
2.707500000000000000e+02 4.831430040009000339e+06 4.635483800049999845e+05
2.703500060000000076e+02 4.831430350006000139e+06 4.635485700070000021e+05
2.706600040000000149e+02 4.831430000000000000e+06 4.635483800049999845e+05
2.705899959999999851e+02 4.831430119994999841e+06 4.635485200199999963e+05
2.704700010000000248e+02 4.831429470000999980e+06 4.635482899779999861e+05
2.706400150000000053e+02 4.831429790009000339e+06 4.635485200199999963e+05
2.706400150000000053e+02 4.831429820007000118e+06 4.635485399779999861e+05
2.705599980000000073e+02 4.831429820007000118e+06 4.635485399779999861e+05
2.705400089999999977e+02 4.831429839995999821e+06 4.635485499880000134e+05
2.704800109999999904e+02 4.831429850006000139e+06 4.635485599979999824e+05
2.706900019999999927e+02 4.831429500000000000e+06 4.635481900020000176e+05
2.707099910000000023e+02 4.831429549987999722e+06 4.635482199709999841e+05
2.706799930000000245e+02 4.831429559998000041e+06 4.635482299800000037e+05
2.706600040000000149e+02 4.831429589995999821e+06 4.635482500000000000e+05
2.705400089999999977e+02 4.831429600006000139e+06 4.635484799800000037e+05
2.705400089999999977e+02 4.831429519988999702e+06 4.635483699950000155e+05
2.705700069999999755e+02 4.831429570007000118e+06 4.635484000239999732e+05
2.706199950000000172e+02 4.831429799987999722e+06 4.635485200199999963e+05
2.706499939999999924e+02 4.831429850006000139e+06 4.635485499880000134e+05
2.704599910000000023e+02 4.831429769988999702e+06 4.635485300290000159e+05
2.703399959999999851e+02 4.831429730011000298e+06 4.635485200199999963e+05
2.705700069999999755e+02 4.831429510010000318e+06 4.635482600100000273e+05
2.706000060000000076e+02 4.831429529999000020e+06 4.635482700199999963e+05
2.705599980000000073e+02 4.831429480011000298e+06 4.635482500000000000e+05
2.706099849999999947e+02 4.831429549987999722e+06 4.635482800290000159e+05
2.706400150000000053e+02 4.831429450012000278e+06 4.635482000119999866e+05
2.706199950000000172e+02 4.831429480011000298e+06 4.635482100220000139e+05
2.706099849999999947e+02 4.831429559998000041e+06 4.635482600100000273e+05
2.706600040000000149e+02 4.831429489989999682e+06 4.635481900020000176e+05
2.707099910000000023e+02 4.831429549987999722e+06 4.635482199709999841e+05
2.706499939999999924e+02 4.831429589995999821e+06 4.635482399899999727e+05
2.707000120000000152e+02 4.831430010010000318e+06 4.635484400020000176e+05
2.705899959999999851e+02 4.831430079986999743e+06 4.635484899899999727e+05
2.705799870000000169e+02 4.831430109985000454e+06 4.635485100100000273e+05
2.707699890000000096e+02 4.831430049987999722e+06 4.635483900150000118e+05
2.706799930000000245e+02 4.831430040009000339e+06 4.635483800049999845e+05
2.706700129999999831e+02 4.831430070007000118e+06 4.635483900150000118e+05
2.706600040000000149e+02 4.831430100006000139e+06 4.635484099730000016e+05
2.706400150000000053e+02 4.831430160004000179e+06 4.635484600220000139e+05
2.706000060000000076e+02 4.831430179992999882e+06 4.635484699709999841e+05
2.705199890000000096e+02 4.831430170013000257e+06 4.635484600220000139e+05
2.707799989999999752e+02 4.831430109985000454e+06 4.635483599849999882e+05
2.707699890000000096e+02 4.831430140014999546e+06 4.635483800049999845e+05
2.707399899999999775e+02 4.831430160004000179e+06 4.635483900150000118e+05
2.707099910000000023e+02 4.831430179992999882e+06 4.635484000239999732e+05
2.706700129999999831e+02 4.831430190001999959e+06 4.635484099730000016e+05
2.706199950000000172e+02 4.831430200012000278e+06 4.635484199830000289e+05
2.706099849999999947e+02 4.831430230011000298e+06 4.635484400020000176e+05
2.705199890000000096e+02 4.831430220000999980e+06 4.635484299929999979e+05
2.704299930000000245e+02 4.831430369994999841e+06 4.635485300290000159e+05
2.703699950000000172e+02 4.831430380005000159e+06 4.635485399779999861e+05
2.703099980000000073e+02 4.831430380005000159e+06 4.635485399779999861e+05
2.707699890000000096e+02 4.831430190001999959e+06 4.635483400269999984e+05
2.707399899999999775e+02 4.831430209990999661e+06 4.635483499760000268e+05
2.707399899999999775e+02 4.831430239989999682e+06 4.635483699950000155e+05
2.706799930000000245e+02 4.831430239989999682e+06 4.635483699950000155e+05
2.706600040000000149e+02 4.831430260010000318e+06 4.635483800049999845e+05
2.706400150000000053e+02 4.831430290009000339e+06 4.635484000239999732e+05
2.705000000000000000e+02 4.831430320007000118e+06 4.635484199830000289e+05
2.704400019999999927e+02 4.831430369994999841e+06 4.635484500119999866e+05
2.704200129999999831e+02 4.831430390014999546e+06 4.635484699709999841e+05
2.704100040000000149e+02 4.831430410004000179e+06 4.635484799800000037e+05
2.703299870000000169e+02 4.831430399993999861e+06 4.635484799800000037e+05
2.707999879999999848e+02 4.831430220000999980e+06 4.635483300169999711e+05
2.707699890000000096e+02 4.831430230011000298e+06 4.635483400269999984e+05
2.707399899999999775e+02 4.831430250000000000e+06 4.635483499760000268e+05
2.706700129999999831e+02 4.831430260010000318e+06 4.635483499760000268e+05
2.706400150000000053e+02 4.831430309998000041e+06 4.635483900150000118e+05
2.705799870000000169e+02 4.831430320007000118e+06 4.635483900150000118e+05
2.706000060000000076e+02 4.831430359985000454e+06 4.635484199830000289e+05
2.704599910000000023e+02 4.831430350006000139e+06 4.635484099730000016e+05
2.704400019999999927e+02 4.831430369994999841e+06 4.635484299929999979e+05
2.704299930000000245e+02 4.831430399993999861e+06 4.635484500119999866e+05
2.707699890000000096e+02 4.831430220000999980e+06 4.635482999880000134e+05
2.707699890000000096e+02 4.831430260010000318e+06 4.635483200070000021e+05
2.707500000000000000e+02 4.831430279999000020e+06 4.635483400269999984e+05
2.707300109999999904e+02 4.831430309998000041e+06 4.635483599849999882e+05
2.706499939999999924e+02 4.831430309998000041e+06 4.635483499760000268e+05
2.706400150000000053e+02 4.831430339995999821e+06 4.635483699950000155e+05
2.706300049999999828e+02 4.831430359985000454e+06 4.635483900150000118e+05
2.704700010000000248e+02 4.831430380005000159e+06 4.635484000239999732e+05
2.704500120000000152e+02 4.831430390014999546e+06 4.635484099730000016e+05
2.704200129999999831e+02 4.831430420013000257e+06 4.635484299929999979e+05
2.708299870000000169e+02 4.831430239989999682e+06 4.635482899779999861e+05
2.707699890000000096e+02 4.831430250000000000e+06 4.635482899779999861e+05
2.707500000000000000e+02 4.831430299987999722e+06 4.635483300169999711e+05
2.707200010000000248e+02 4.831430320007000118e+06 4.635483499760000268e+05
2.706600040000000149e+02 4.831430320007000118e+06 4.635483499760000268e+05
2.706400150000000053e+02 4.831430350006000139e+06 4.635483599849999882e+05
2.706199950000000172e+02 4.831430369994999841e+06 4.635483800049999845e+05
2.705899959999999851e+02 4.831430399993999861e+06 4.635484000239999732e+05
2.704800109999999904e+02 4.831430380005000159e+06 4.635483800049999845e+05
2.704500120000000152e+02 4.831430390014999546e+06 4.635483900150000118e+05
2.704299930000000245e+02 4.831430410004000179e+06 4.635484099730000016e+05
2.708299870000000169e+02 4.831430269988999702e+06 4.635482600100000273e+05
2.707500000000000000e+02 4.831430339995999821e+06 4.635483099979999824e+05
2.707300109999999904e+02 4.831430359985000454e+06 4.635483200070000021e+05
2.706799930000000245e+02 4.831430359985000454e+06 4.635483200070000021e+05
2.706499939999999924e+02 4.831430380005000159e+06 4.635483400269999984e+05
2.706300049999999828e+02 4.831430399993999861e+06 4.635483499760000268e+05
2.706000060000000076e+02 4.831430420013000257e+06 4.635483599849999882e+05
2.705000000000000000e+02 4.831430399993999861e+06 4.635483499760000268e+05
2.708399959999999851e+02 4.831430299987999722e+06 4.635482299800000037e+05
2.707099910000000023e+02 4.831430399993999861e+06 4.635482999880000134e+05
2.706600040000000149e+02 4.831430410004000179e+06 4.635483099979999824e+05
2.707200010000000248e+02 4.831430420013000257e+06 4.635482500000000000e+05
2.706099849999999947e+02 4.831430399993999861e+06 4.635482399899999727e+05
2.705799870000000169e+02 4.831430100006000139e+06 4.635485100100000273e+05
2.707300109999999904e+02 4.831430029999000020e+06 4.635483900150000118e+05
2.706199950000000172e+02 4.831430149993999861e+06 4.635484699709999841e+05
2.705299989999999752e+02 4.831430130005000159e+06 4.635484699709999841e+05
2.707699890000000096e+02 4.831430130005000159e+06 4.635483699950000155e+05
2.706900019999999927e+02 4.831430109985000454e+06 4.635483699950000155e+05
2.707099910000000023e+02 4.831430170013000257e+06 4.635484000239999732e+05
2.706700129999999831e+02 4.831430179992999882e+06 4.635484099730000016e+05
2.706400150000000053e+02 4.831430190001999959e+06 4.635484199830000289e+05
2.705899959999999851e+02 4.831430200012000278e+06 4.635484299929999979e+05
2.705299989999999752e+02 4.831430209990999661e+06 4.635484400020000176e+05
2.703800049999999828e+02 4.831430369994999841e+06 4.635485599979999824e+05
2.703599849999999947e+02 4.831430390014999546e+06 4.635485700070000021e+05
2.707999879999999848e+02 4.831430200012000278e+06 4.635483300169999711e+05
2.707399899999999775e+02 4.831430209990999661e+06 4.635483400269999984e+05
2.707300109999999904e+02 4.831430230011000298e+06 4.635483599849999882e+05
2.706900019999999927e+02 4.831430239989999682e+06 4.635483699950000155e+05
2.706400150000000053e+02 4.831430239989999682e+06 4.635483800049999845e+05
2.706300049999999828e+02 4.831430269988999702e+06 4.635483900150000118e+05
2.706000060000000076e+02 4.831430290009000339e+06 4.635484099730000016e+05
2.705700069999999755e+02 4.831430309998000041e+06 4.635484199830000289e+05
2.703900150000000053e+02 4.831430390014999546e+06 4.635485000000000000e+05
2.703200069999999755e+02 4.831430380005000159e+06 4.635485000000000000e+05
2.708299870000000169e+02 4.831430220000999980e+06 4.635482800290000159e+05
2.708099980000000073e+02 4.831430250000000000e+06 4.635482999880000134e+05
2.707500000000000000e+02 4.831430250000000000e+06 4.635483099979999824e+05
2.707399899999999775e+02 4.831430279999000020e+06 4.635483300169999711e+05
2.707099910000000023e+02 4.831430299987999722e+06 4.635483400269999984e+05
2.706499939999999924e+02 4.831430309998000041e+06 4.635483499760000268e+05
2.705899959999999851e+02 4.831430339995999821e+06 4.635483800049999845e+05
2.705700069999999755e+02 4.831430359985000454e+06 4.635484000239999732e+05
2.704500120000000152e+02 4.831430359985000454e+06 4.635484099730000016e+05
2.704200129999999831e+02 4.831430380005000159e+06 4.635484299929999979e+05
2.703999939999999924e+02 4.831430399993999861e+06 4.635484400020000176e+05
2.708299870000000169e+02 4.831430269988999702e+06 4.635482500000000000e+05
2.706700129999999831e+02 4.831430320007000118e+06 4.635482999880000134e+05
2.706600040000000149e+02 4.831430350006000139e+06 4.635483200070000021e+05
2.706400150000000053e+02 4.831430369994999841e+06 4.635483400269999984e+05
2.706199950000000172e+02 4.831430399993999861e+06 4.635483499760000268e+05
2.705799870000000169e+02 4.831430410004000179e+06 4.635483699950000155e+05
2.704899899999999775e+02 4.831430390014999546e+06 4.635483699950000155e+05
2.704500120000000152e+02 4.831430399993999861e+06 4.635483800049999845e+05
2.708699950000000172e+02 4.831430299987999722e+06 4.635482299800000037e+05
2.707099910000000023e+02 4.831430369994999841e+06 4.635482899779999861e+05
2.706799930000000245e+02 4.831430390014999546e+06 4.635482999880000134e+05
2.706400150000000053e+02 4.831430399993999861e+06 4.635483200070000021e+05
2.705899959999999851e+02 4.831430410004000179e+06 4.635483300169999711e+05
2.705000000000000000e+02 4.831430399993999861e+06 4.635483300169999711e+05
2.704700010000000248e+02 4.831430410004000179e+06 4.635483499760000268e+05
2.708800049999999828e+02 4.831430320007000118e+06 4.635482000119999866e+05
2.707099910000000023e+02 4.831430410004000179e+06 4.635482700199999963e+05
2.706099849999999947e+02 4.831430380005000159e+06 4.635482700199999963e+05
2.706000060000000076e+02 4.831430410004000179e+06 4.635482899779999861e+05
2.707099910000000023e+02 4.831430390014999546e+06 4.635482600100000273e+05
2.707000120000000152e+02 4.831430420013000257e+06 4.635482800290000159e+05
2.706199950000000172e+02 4.831430410004000179e+06 4.635482800290000159e+05
2.706000060000000076e+02 4.831430399993999861e+06 4.635482600100000273e+05
2.705799870000000169e+02 4.831430420013000257e+06 4.635482700199999963e+05
2.707500000000000000e+02 4.831430399993999861e+06 4.635482199709999841e+05
2.707200010000000248e+02 4.831430420013000257e+06 4.635482399899999727e+05
2.705899959999999851e+02 4.831430410004000179e+06 4.635482500000000000e+05
2.706799930000000245e+02 4.831429549987999722e+06 4.635482500000000000e+05
2.706499939999999924e+02 4.831429549987999722e+06 4.635482999880000134e+05
2.706499939999999924e+02 4.831429510010000318e+06 4.635482800290000159e+05
2.706400150000000053e+02 4.831429529999000020e+06 4.635482700199999963e+05
2.706600040000000149e+02 4.831429450012000278e+06 4.635482199709999841e+05
2.705899959999999851e+02 4.831429820007000118e+06 4.635485100100000273e+05
2.705499879999999848e+02 4.831429799987999722e+06 4.635485399779999861e+05
2.705899959999999851e+02 4.831429880005000159e+06 4.635485200199999963e+05
2.706600040000000149e+02 4.831429549987999722e+06 4.635482600100000273e+05
2.705299989999999752e+02 4.831429850006000139e+06 4.635485399779999861e+05
2.705599980000000073e+02 4.831429820007000118e+06 4.635485300290000159e+05
2.706099849999999947e+02 4.831429510010000318e+06 4.635482899779999861e+05
2.704899899999999775e+02 4.831429839995999821e+06 4.635485999760000268e+05
2.705400089999999977e+02 4.831429489989999682e+06 4.635483300169999711e+05
2.705599980000000073e+02 4.831429609985000454e+06 4.635484899899999727e+05
2.705000000000000000e+02 4.831429529999000020e+06 4.635484199830000289e+05
2.705799870000000169e+02 4.831430410004000179e+06 4.635482700199999963e+05
2.706000060000000076e+02 4.831430380005000159e+06 4.635482600100000273e+05
2.705199890000000096e+02 4.831430410004000179e+06 4.635483400269999984e+05
2.705299989999999752e+02 4.831430369994999841e+06 4.635483200070000021e+05
2.706199950000000172e+02 4.831430399993999861e+06 4.635483200070000021e+05
2.706499939999999924e+02 4.831430380005000159e+06 4.635483099979999824e+05
2.704700010000000248e+02 4.831430390014999546e+06 4.635483699950000155e+05
2.705000000000000000e+02 4.831430369994999841e+06 4.635483599849999882e+05
2.705199890000000096e+02 4.831430350006000139e+06 4.635483400269999984e+05
2.705899959999999851e+02 4.831430359985000454e+06 4.635483400269999984e+05
2.706400150000000053e+02 4.831430359985000454e+06 4.635483400269999984e+05
2.706700129999999831e+02 4.831430339995999821e+06 4.635483200070000021e+05
2.707300109999999904e+02 4.831430329986999743e+06 4.635483200070000021e+05
2.704500120000000152e+02 4.831430369994999841e+06 4.635484099730000016e+05
2.704700010000000248e+02 4.831430339995999821e+06 4.635483900150000118e+05
2.705499879999999848e+02 4.831430359985000454e+06 4.635483900150000118e+05
2.706000060000000076e+02 4.831430350006000139e+06 4.635483800049999845e+05
2.706400150000000053e+02 4.831430320007000118e+06 4.635483699950000155e+05
2.706499939999999924e+02 4.831430290009000339e+06 4.635483499760000268e+05
2.707099910000000023e+02 4.831430299987999722e+06 4.635483499760000268e+05
2.707500000000000000e+02 4.831430279999000020e+06 4.635483400269999984e+05
2.707600100000000225e+02 4.831430239989999682e+06 4.635483200070000021e+05
2.707900089999999977e+02 4.831430230011000298e+06 4.635483099979999824e+05
2.703200069999999755e+02 4.831430380005000159e+06 4.635484699709999841e+05
2.704700010000000248e+02 4.831430309998000041e+06 4.635484299929999979e+05
2.706499939999999924e+02 4.831430250000000000e+06 4.635483800049999845e+05
2.706799930000000245e+02 4.831430230011000298e+06 4.635483699950000155e+05
2.707200010000000248e+02 4.831430230011000298e+06 4.635483599849999882e+05
2.703099980000000073e+02 4.831430369994999841e+06 4.635485100100000273e+05
2.703299870000000169e+02 4.831430339995999821e+06 4.635484899899999727e+05
2.705199890000000096e+02 4.831430260010000318e+06 4.635484400020000176e+05
2.705899959999999851e+02 4.831430230011000298e+06 4.635484099730000016e+05
2.706400150000000053e+02 4.831430220000999980e+06 4.635484099730000016e+05
2.706600040000000149e+02 4.831430190001999959e+06 4.635483900150000118e+05
2.707399899999999775e+02 4.831430149993999861e+06 4.635483599849999882e+05
2.703099980000000073e+02 4.831430339995999821e+06 4.635485499880000134e+05
2.703399959999999851e+02 4.831430320007000118e+06 4.635485300290000159e+05
2.705299989999999752e+02 4.831430170013000257e+06 4.635484400020000176e+05
2.706000060000000076e+02 4.831430190001999959e+06 4.635484400020000176e+05
2.706400150000000053e+02 4.831430179992999882e+06 4.635484299929999979e+05
2.707099910000000023e+02 4.831430140014999546e+06 4.635484099730000016e+05
2.706900019999999927e+02 4.831430079986999743e+06 4.635483800049999845e+05
2.707699890000000096e+02 4.831430100006000139e+06 4.635483800049999845e+05
2.703500060000000076e+02 4.831430329986999743e+06 4.635485800169999711e+05
2.705499879999999848e+02 4.831430130005000159e+06 4.635484600220000139e+05
2.706499939999999924e+02 4.831430010010000318e+06 4.635484000239999732e+05
2.708200069999999755e+02 4.831430260010000318e+06 4.635482999880000134e+05
2.707500000000000000e+02 4.831430239989999682e+06 4.635483400269999984e+05
2.707699890000000096e+02 4.831430209990999661e+06 4.635483200070000021e+05
2.706000060000000076e+02 4.831430269988999702e+06 4.635484199830000289e+05
2.706300049999999828e+02 4.831430250000000000e+06 4.635484099730000016e+05
2.706499939999999924e+02 4.831430220000999980e+06 4.635483900150000118e+05
2.707099910000000023e+02 4.831430220000999980e+06 4.635483900150000118e+05
2.706799930000000245e+02 4.831430149993999861e+06 4.635484099730000016e+05
2.707200010000000248e+02 4.831430140014999546e+06 4.635484099730000016e+05
2.705299989999999752e+02 4.831430130005000159e+06 4.635484600220000139e+05
2.707200010000000248e+02 4.831430059998000041e+06 4.635484199830000289e+05
2.708200069999999755e+02 4.831430369994999841e+06 4.635481799929999979e+05
2.706400150000000053e+02 4.831430399993999861e+06 4.635483400269999984e+05
2.706799930000000245e+02 4.831430380005000159e+06 4.635483300169999711e+05
2.706000060000000076e+02 4.831430359985000454e+06 4.635484099730000016e+05
2.706199950000000172e+02 4.831430329986999743e+06 4.635483900150000118e+05
2.706400150000000053e+02 4.831430299987999722e+06 4.635483800049999845e+05
2.707500000000000000e+02 4.831430230011000298e+06 4.635483400269999984e+05
2.703800049999999828e+02 4.831430420013000257e+06 4.635484699709999841e+05
2.705899959999999851e+02 4.831430299987999722e+06 4.635484199830000289e+05
2.706199950000000172e+02 4.831430279999000020e+06 4.635484099730000016e+05
2.706400150000000053e+02 4.831430250000000000e+06 4.635483900150000118e+05
2.706700129999999831e+02 4.831430220000999980e+06 4.635483699950000155e+05
2.707200010000000248e+02 4.831430200012000278e+06 4.635483699950000155e+05
2.707600100000000225e+02 4.831430179992999882e+06 4.635483599849999882e+05
2.706099849999999947e+02 4.831430239989999682e+06 4.635484400020000176e+05
2.706700129999999831e+02 4.831430200012000278e+06 4.635484099730000016e+05
2.707000120000000152e+02 4.831430179992999882e+06 4.635484099730000016e+05
2.707200010000000248e+02 4.831430149993999861e+06 4.635483900150000118e+05
2.707500000000000000e+02 4.831430130005000159e+06 4.635483800049999845e+05
2.703099980000000073e+02 4.831430350006000139e+06 4.635485300290000159e+05
2.705400089999999977e+02 4.831430160004000179e+06 4.635484199830000289e+05
2.706600040000000149e+02 4.831430140014999546e+06 4.635484299929999979e+05
2.707000120000000152e+02 4.831430119994999841e+06 4.635484199830000289e+05
2.706799930000000245e+02 4.831430070007000118e+06 4.635483699950000155e+05
2.707000120000000152e+02 4.831430049987999722e+06 4.635483599849999882e+05
2.703399959999999851e+02 4.831430359985000454e+06 4.635485999760000268e+05
2.705199890000000096e+02 4.831430130005000159e+06 4.635484500119999866e+05
2.707099910000000023e+02 4.831430040009000339e+06 4.635484099730000016e+05
2.705799870000000169e+02 4.831429890014999546e+06 4.635485300290000159e+05
2.707099910000000023e+02 4.831430029999000020e+06 4.635483900150000118e+05
2.707300109999999904e+02 4.831430049987999722e+06 4.635483900150000118e+05
2.706799930000000245e+02 4.831430119994999841e+06 4.635483900150000118e+05
2.704700010000000248e+02 4.831430359985000454e+06 4.635484000239999732e+05
2.704500120000000152e+02 4.831430390014999546e+06 4.635484000239999732e+05
2.704200129999999831e+02 4.831430420013000257e+06 4.635484099730000016e+05
2.708299870000000169e+02 4.831430250000000000e+06 4.635482800290000159e+05
2.706799930000000245e+02 4.831430390014999546e+06 4.635482899779999861e+05
2.708200069999999755e+02 4.831430260010000318e+06 4.635482999880000134e+05
2.707799989999999752e+02 4.831430209990999661e+06 4.635483499760000268e+05
2.707300109999999904e+02 4.831430269988999702e+06 4.635483499760000268e+05
2.706700129999999831e+02 4.831430209990999661e+06 4.635484099730000016e+05
2.705799870000000169e+02 4.831430119994999841e+06 4.635484899899999727e+05
2.707099910000000023e+02 4.831430359985000454e+06 4.635482999880000134e+05
2.706700129999999831e+02 4.831430309998000041e+06 4.635483499760000268e+05
2.706799930000000245e+02 4.831430299987999722e+06 4.635483800049999845e+05
2.706199950000000172e+02 4.831430230011000298e+06 4.635484299929999979e+05
2.707300109999999904e+02 4.831430290009000339e+06 4.635483499760000268e+05
2.706400150000000053e+02 4.831430209990999661e+06 4.635484299929999979e+05
2.705499879999999848e+02 4.831430130005000159e+06 4.635485000000000000e+05
2.707399899999999775e+02 4.831430269988999702e+06 4.635483300169999711e+05
2.707399899999999775e+02 4.831430239989999682e+06 4.635483599849999882e+05
2.707500000000000000e+02 4.831430250000000000e+06 4.635483400269999984e+05
2.707500000000000000e+02 4.831430230011000298e+06 4.635483699950000155e+05
2.708200069999999755e+02 4.831430260010000318e+06 4.635482999880000134e+05
2.707900089999999977e+02 4.831430220000999980e+06 4.635483400269999984e+05
2.707300109999999904e+02 4.831430160004000179e+06 4.635484000239999732e+05
2.707500000000000000e+02 4.831430079986999743e+06 4.635484000239999732e+05
2.708200069999999755e+02 4.831430250000000000e+06 4.635483099979999824e+05
2.707500000000000000e+02 4.831430190001999959e+06 4.635483800049999845e+05
2.706799930000000245e+02 4.831430239989999682e+06 4.635483800049999845e+05
2.706600040000000149e+02 4.831430200012000278e+06 4.635484199830000289e+05
2.706700129999999831e+02 4.831430179992999882e+06 4.635484500119999866e+05
2.706900019999999927e+02 4.831430399993999861e+06 4.635482600100000273e+05
2.707099910000000023e+02 4.831430380005000159e+06 4.635482899779999861e+05
2.707099910000000023e+02 4.831430359985000454e+06 4.635483300169999711e+05
2.706900019999999927e+02 4.831430309998000041e+06 4.635483699950000155e+05
2.706300049999999828e+02 4.831430260010000318e+06 4.635484299929999979e+05
2.705799870000000169e+02 4.831430200012000278e+06 4.635484799800000037e+05
2.705799870000000169e+02 4.831430410004000179e+06 4.635482800290000159e+05
2.705599980000000073e+02 4.831430369994999841e+06 4.635483200070000021e+05
2.706300049999999828e+02 4.831430380005000159e+06 4.635483300169999711e+05
2.706300049999999828e+02 4.831430359985000454e+06 4.635483699950000155e+05
2.705100100000000225e+02 4.831430250000000000e+06 4.635484500119999866e+05
2.704899899999999775e+02 4.831430380005000159e+06 4.635483699950000155e+05
2.704899899999999775e+02 4.831430350006000139e+06 4.635484099730000016e+05
2.705799870000000169e+02 4.831430380005000159e+06 4.635484099730000016e+05
2.705100100000000225e+02 4.831430399993999861e+06 4.635483499760000268e+05
2.705299989999999752e+02 4.831430390014999546e+06 4.635483800049999845e+05
2.705799870000000169e+02 4.831430390014999546e+06 4.635483900150000118e+05
2.705100100000000225e+02 4.831430410004000179e+06 4.635483499760000268e+05
2.704800109999999904e+02 4.831430359985000454e+06 4.635484099730000016e+05
2.705299989999999752e+02 4.831430369994999841e+06 4.635484199830000289e+05
2.704700010000000248e+02 4.831430380005000159e+06 4.635483900150000118e+05
2.704599910000000023e+02 4.831430359985000454e+06 4.635484299929999979e+05
2.704200129999999831e+02 4.831430399993999861e+06 4.635484199830000289e+05
2.703500060000000076e+02 4.831430399993999861e+06 4.635484500119999866e+05
2.706000060000000076e+02 4.831429820007000118e+06 4.635485599979999824e+05
2.705899959999999851e+02 4.831429799987999722e+06 4.635485900269999984e+05
2.706700129999999831e+02 4.831429470000999980e+06 4.635482000119999866e+05
2.706799930000000245e+02 4.831429519988999702e+06 4.635482100220000139e+05
2.706300049999999828e+02 4.831429489989999682e+06 4.635482399899999727e+05
2.707300109999999904e+02 4.831429559998000041e+06 4.635482199709999841e+05
2.707000120000000152e+02 4.831429540009000339e+06 4.635482500000000000e+05
2.707300109999999904e+02 4.831429579986999743e+06 4.635482500000000000e+05
2.706000060000000076e+02 4.831429549987999722e+06 4.635482899779999861e+05
2.705499879999999848e+02 4.831429529999000020e+06 4.635483200070000021e+05
2.705199890000000096e+02 4.831429510010000318e+06 4.635483499760000268e+05
2.705700069999999755e+02 4.831429559998000041e+06 4.635483900150000118e+05
2.705599980000000073e+02 4.831429540009000339e+06 4.635484199830000289e+05
2.704800109999999904e+02 4.831429470000999980e+06 4.635483200070000021e+05
2.705000000000000000e+02 4.831429489989999682e+06 4.635483599849999882e+05
2.705799870000000169e+02 4.831429570007000118e+06 4.635483599849999882e+05
2.705799870000000169e+02 4.831429559998000041e+06 4.635483900150000118e+05
2.704400019999999927e+02 4.831429540009000339e+06 4.635484500119999866e+05
2.705899959999999851e+02 4.831429920013000257e+06 4.635485499880000134e+05
2.707200010000000248e+02 4.831430149993999861e+06 4.635484199830000289e+05
2.708099980000000073e+02 4.831430260010000318e+06 4.635483300169999711e+05
2.707999879999999848e+02 4.831430239989999682e+06 4.635483599849999882e+05
2.706499939999999924e+02 4.831430420013000257e+06 4.635483099979999824e+05
2.707500000000000000e+02 4.831430260010000318e+06 4.635483800049999845e+05
2.706000060000000076e+02 4.831430329986999743e+06 4.635483599849999882e+05
2.706499939999999924e+02 4.831430230011000298e+06 4.635484299929999979e+05
2.706199950000000172e+02 4.831430250000000000e+06 4.635484000239999732e+05
2.706300049999999828e+02 4.831430260010000318e+06 4.635483699950000155e+05
2.707000120000000152e+02 4.831430140014999546e+06 4.635484000239999732e+05
2.707799989999999752e+02 4.831430140014999546e+06 4.635483800049999845e+05
2.707900089999999977e+02 4.831430160004000179e+06 4.635483499760000268e+05
2.707300109999999904e+02 4.831430049987999722e+06 4.635483900150000118e+05
2.707300109999999904e+02 4.831429559998000041e+06 4.635482500000000000e+05
2.707099910000000023e+02 4.831429549987999722e+06 4.635482700199999963e+05
2.705799870000000169e+02 4.831429549987999722e+06 4.635482999880000134e+05
2.705700069999999755e+02 4.831429540009000339e+06 4.635483200070000021e+05
2.705400089999999977e+02 4.831429529999000020e+06 4.635483400269999984e+05
2.705199890000000096e+02 4.831429510010000318e+06 4.635483699950000155e+05
2.705000000000000000e+02 4.831429500000000000e+06 4.635483900150000118e+05
2.704800109999999904e+02 4.831429480011000298e+06 4.635484199830000289e+05
2.704100040000000149e+02 4.831429489989999682e+06 4.635484299929999979e+05
2.703900150000000053e+02 4.831429480011000298e+06 4.635484500119999866e+05
2.705400089999999977e+02 4.831429579986999743e+06 4.635484400020000176e+05
2.704700010000000248e+02 4.831429579986999743e+06 4.635484500119999866e+05
2.703800049999999828e+02 4.831429570007000118e+06 4.635484799800000037e+05
2.703099980000000073e+02 4.831429570007000118e+06 4.635484899899999727e+05
2.703399959999999851e+02 4.831429510010000318e+06 4.635485900269999984e+05
2.706199950000000172e+02 4.831429799987999722e+06 4.635485300290000159e+05
2.706199950000000172e+02 4.831429779999000020e+06 4.635485599979999824e+05
2.706199950000000172e+02 4.831429859985000454e+06 4.635485499880000134e+05
2.705499879999999848e+02 4.831429859985000454e+06 4.635485599979999824e+05
2.705400089999999977e+02 4.831429839995999821e+06 4.635485800169999711e+05
2.705199890000000096e+02 4.831429920013000257e+06 4.635485800169999711e+05
2.707200010000000248e+02 4.831429470000999980e+06 4.635481900020000176e+05
2.707099910000000023e+02 4.831429489989999682e+06 4.635482100220000139e+05
2.707000120000000152e+02 4.831429540009000339e+06 4.635482299800000037e+05
2.706099849999999947e+02 4.831429500000000000e+06 4.635482899779999861e+05
2.707399899999999775e+02 4.831429579986999743e+06 4.635482700199999963e+05
2.706799930000000245e+02 4.831429570007000118e+06 4.635482800290000159e+05
2.706000060000000076e+02 4.831429549987999722e+06 4.635483099979999824e+05
2.705700069999999755e+02 4.831429529999000020e+06 4.635483300169999711e+05
2.705299989999999752e+02 4.831429519988999702e+06 4.635483400269999984e+05
2.705100100000000225e+02 4.831429500000000000e+06 4.635483699950000155e+05
2.704700010000000248e+02 4.831429489989999682e+06 4.635483900150000118e+05
2.704599910000000023e+02 4.831429470000999980e+06 4.635484099730000016e+05
2.706499939999999924e+02 4.831429589995999821e+06 4.635482999880000134e+05
2.706300049999999828e+02 4.831429579986999743e+06 4.635483200070000021e+05
2.705899959999999851e+02 4.831429559998000041e+06 4.635483400269999984e+05
2.705599980000000073e+02 4.831429549987999722e+06 4.635483499760000268e+05
2.705599980000000073e+02 4.831429540009000339e+06 4.635483800049999845e+05
2.705000000000000000e+02 4.831429529999000020e+06 4.635483900150000118e+05
2.704800109999999904e+02 4.831429510010000318e+06 4.635484099730000016e+05
2.704800109999999904e+02 4.831429500000000000e+06 4.635484400020000176e+05
2.705000000000000000e+02 4.831429559998000041e+06 4.635484299929999979e+05
2.704700010000000248e+02 4.831429540009000339e+06 4.635484500119999866e+05
2.703999939999999924e+02 4.831429529999000020e+06 4.635484500119999866e+05
2.703699950000000172e+02 4.831429519988999702e+06 4.635484699709999841e+05
2.705799870000000169e+02 4.831429600006000139e+06 4.635484600220000139e+05
2.704800109999999904e+02 4.831429589995999821e+06 4.635484500119999866e+05
2.704500120000000152e+02 4.831429579986999743e+06 4.635484699709999841e+05
2.703699950000000172e+02 4.831429570007000118e+06 4.635484799800000037e+05
2.704899899999999775e+02 4.831429630005000159e+06 4.635484699709999841e+05
2.704800109999999904e+02 4.831429619994999841e+06 4.635485000000000000e+05
2.705100100000000225e+02 4.831429600006000139e+06 4.635485300290000159e+05
2.705700069999999755e+02 4.831429829986999743e+06 4.635485599979999824e+05
2.706600040000000149e+02 4.831429890014999546e+06 4.635485499880000134e+05
2.705899959999999851e+02 4.831429920013000257e+06 4.635485499880000134e+05
2.706499939999999924e+02 4.831429459990999661e+06 4.635481799929999979e+05
2.706499939999999924e+02 4.831429480011000298e+06 4.635482299800000037e+05
2.707200010000000248e+02 4.831429549987999722e+06 4.635482299800000037e+05
2.707200010000000248e+02 4.831429589995999821e+06 4.635482700199999963e+05
2.706700129999999831e+02 4.831429579986999743e+06 4.635482800290000159e+05
2.705799870000000169e+02 4.831429540009000339e+06 4.635482999880000134e+05
2.705599980000000073e+02 4.831429519988999702e+06 4.635483300169999711e+05
2.705100100000000225e+02 4.831429500000000000e+06 4.635483400269999984e+05
2.704899899999999775e+02 4.831429489989999682e+06 4.635483599849999882e+05
2.704899899999999775e+02 4.831429519988999702e+06 4.635484000239999732e+05
2.704700010000000248e+02 4.831429510010000318e+06 4.635484199830000289e+05
2.705700069999999755e+02 4.831429579986999743e+06 4.635484500119999866e+05
2.704700010000000248e+02 4.831429559998000041e+06 4.635484400020000176e+05
2.704400019999999927e+02 4.831429540009000339e+06 4.635484500119999866e+05
2.703800049999999828e+02 4.831429519988999702e+06 4.635484500119999866e+05
2.704899899999999775e+02 4.831429609985000454e+06 4.635484600220000139e+05
2.704599910000000023e+02 4.831429589995999821e+06 4.635484799800000037e+05
2.704100040000000149e+02 4.831429570007000118e+06 4.635484799800000037e+05
2.703900150000000053e+02 4.831429559998000041e+06 4.635485000000000000e+05
2.705700069999999755e+02 4.831429790009000339e+06 4.635484799800000037e+05
2.706199950000000172e+02 4.831429869994999841e+06 4.635485399779999861e+05
2.706099849999999947e+02 4.831429950012000278e+06 4.635485200199999963e+05
2.705799870000000169e+02 4.831429940001999959e+06 4.635485300290000159e+05
2.707699890000000096e+02 4.831430070007000118e+06 4.635484000239999732e+05
2.706900019999999927e+02 4.831430070007000118e+06 4.635484099730000016e+05
2.707099910000000023e+02 4.831430040009000339e+06 4.635484500119999866e+05
2.705400089999999977e+02 4.831430019988999702e+06 4.635485200199999963e+05
2.705400089999999977e+02 4.831430000000000000e+06 4.635485399779999861e+05
2.705000000000000000e+02 4.831429989989999682e+06 4.635485599979999824e+05
2.707900089999999977e+02 4.831430119994999841e+06 4.635484000239999732e+05
2.706400150000000053e+02 4.831430119994999841e+06 4.635484099730000016e+05
2.705799870000000169e+02 4.831430070007000118e+06 4.635485100100000273e+05
2.705000000000000000e+02 4.831430070007000118e+06 4.635485200199999963e+05
2.708200069999999755e+02 4.831430160004000179e+06 4.635484000239999732e+05
2.707300109999999904e+02 4.831430160004000179e+06 4.635484099730000016e+05
2.706900019999999927e+02 4.831430149993999861e+06 4.635484299929999979e+05
2.706499939999999924e+02 4.831430140014999546e+06 4.635484500119999866e+05
2.706000060000000076e+02 4.831430140014999546e+06 4.635484600220000139e+05
2.705599980000000073e+02 4.831430100006000139e+06 4.635485300290000159e+05
2.708900150000000053e+02 4.831430279999000020e+06 4.635482700199999963e+05
2.708599849999999947e+02 4.831430269988999702e+06 4.635482899779999861e+05
2.706799930000000245e+02 4.831430190001999959e+06 4.635484400020000176e+05
2.706499939999999924e+02 4.831430179992999882e+06 4.635484600220000139e+05
2.706400150000000053e+02 4.831430170013000257e+06 4.635484799800000037e+05
2.706000060000000076e+02 4.831430160004000179e+06 4.635485000000000000e+05
2.705899959999999851e+02 4.831430140014999546e+06 4.635485300290000159e+05
2.707799989999999752e+02 4.831430390014999546e+06 4.635481799929999979e+05
2.706799930000000245e+02 4.831430399993999861e+06 4.635481900020000176e+05
2.706600040000000149e+02 4.831430390014999546e+06 4.635482100220000139e+05
2.707399899999999775e+02 4.831430309998000041e+06 4.635483200070000021e+05
2.707399899999999775e+02 4.831430290009000339e+06 4.635483499760000268e+05
2.707300109999999904e+02 4.831430260010000318e+06 4.635484000239999732e+05
2.706799930000000245e+02 4.831430239989999682e+06 4.635484400020000176e+05
2.706400150000000053e+02 4.831430239989999682e+06 4.635484600220000139e+05
2.705899959999999851e+02 4.831430230011000298e+06 4.635484699709999841e+05
2.707000120000000152e+02 4.831430410004000179e+06 4.635482399899999727e+05
2.707200010000000248e+02 4.831430369994999841e+06 4.635482999880000134e+05
2.707300109999999904e+02 4.831430350006000139e+06 4.635483200070000021e+05
2.707500000000000000e+02 4.831430329986999743e+06 4.635483599849999882e+05
2.707300109999999904e+02 4.831430309998000041e+06 4.635483800049999845e+05
2.706600040000000149e+02 4.831430309998000041e+06 4.635483900150000118e+05
2.706300049999999828e+02 4.831430299987999722e+06 4.635484099730000016e+05
2.706199950000000172e+02 4.831430290009000339e+06 4.635484400020000176e+05
2.706600040000000149e+02 4.831430399993999861e+06 4.635483499760000268e+05
2.706400150000000053e+02 4.831430390014999546e+06 4.635483699950000155e+05
2.706199950000000172e+02 4.831430380005000159e+06 4.635483900150000118e+05
2.705899959999999851e+02 4.831430369994999841e+06 4.635484099730000016e+05
2.704500120000000152e+02 4.831430390014999546e+06 4.635484000239999732e+05
2.703399959999999851e+02 4.831430399993999861e+06 4.635484000239999732e+05
2.704100040000000149e+02 4.831430399993999861e+06 4.635485000000000000e+05
2.703999939999999924e+02 4.831430380005000159e+06 4.635485300290000159e+05
2.706499939999999924e+02 4.831429950012000278e+06 4.635485200199999963e+05
2.706700129999999831e+02 4.831429929992999882e+06 4.635485499880000134e+05
2.705299989999999752e+02 4.831429950012000278e+06 4.635485700070000021e+05
2.705199890000000096e+02 4.831429940001999959e+06 4.635485999760000268e+05
2.705700069999999755e+02 4.831430059998000041e+06 4.635485100100000273e+05
2.705000000000000000e+02 4.831430049987999722e+06 4.635485200199999963e+05
2.707600100000000225e+02 4.831430209990999661e+06 4.635483900150000118e+05
2.705899959999999851e+02 4.831430109985000454e+06 4.635485399779999861e+05
2.707099910000000023e+02 4.831430279999000020e+06 4.635484000239999732e+05
2.706700129999999831e+02 4.831430269988999702e+06 4.635484099730000016e+05
2.706799930000000245e+02 4.831430250000000000e+06 4.635484500119999866e+05
2.706400150000000053e+02 4.831430239989999682e+06 4.635484600220000139e+05
2.705799870000000169e+02 4.831430230011000298e+06 4.635484699709999841e+05
2.705299989999999752e+02 4.831430220000999980e+06 4.635484799800000037e+05
2.707300109999999904e+02 4.831430359985000454e+06 4.635483800049999845e+05
2.706799930000000245e+02 4.831430339995999821e+06 4.635483900150000118e+05
2.706199950000000172e+02 4.831430329986999743e+06 4.635484000239999732e+05
2.706199950000000172e+02 4.831430309998000041e+06 4.635484299929999979e+05
2.705700069999999755e+02 4.831430299987999722e+06 4.635484400020000176e+05
2.706199950000000172e+02 4.831430410004000179e+06 4.635483699950000155e+05
2.706000060000000076e+02 4.831430399993999861e+06 4.635484000239999732e+05
2.705100100000000225e+02 4.831430390014999546e+06 4.635483900150000118e+05
2.704400019999999927e+02 4.831430380005000159e+06 4.635484000239999732e+05
2.703900150000000053e+02 4.831430420013000257e+06 4.635484400020000176e+05
2.706799930000000245e+02 4.831430049987999722e+06 4.635483800049999845e+05
2.707099910000000023e+02 4.831430040009000339e+06 4.635484299929999979e+05
2.707200010000000248e+02 4.831430019988999702e+06 4.635484600220000139e+05
2.706099849999999947e+02 4.831429950012000278e+06 4.635485399779999861e+05
2.708099980000000073e+02 4.831430170013000257e+06 4.635483900150000118e+05
2.707900089999999977e+02 4.831430160004000179e+06 4.635484099730000016e+05
2.707300109999999904e+02 4.831430140014999546e+06 4.635484099730000016e+05
2.705700069999999755e+02 4.831430040009000339e+06 4.635485200199999963e+05
2.705100100000000225e+02 4.831430019988999702e+06 4.635485300290000159e+05
2.705199890000000096e+02 4.831430010010000318e+06 4.635485599979999824e+05
2.707600100000000225e+02 4.831430279999000020e+06 4.635483499760000268e+05
2.707399899999999775e+02 4.831430260010000318e+06 4.635483800049999845e+05
2.707300109999999904e+02 4.831430250000000000e+06 4.635484000239999732e+05
2.707099910000000023e+02 4.831430230011000298e+06 4.635484199830000289e+05
2.707000120000000152e+02 4.831430220000999980e+06 4.635484400020000176e+05
2.706499939999999924e+02 4.831430200012000278e+06 4.635484500119999866e+05
2.706199950000000172e+02 4.831430179992999882e+06 4.635484799800000037e+05
2.705899959999999851e+02 4.831430170013000257e+06 4.635484899899999727e+05
2.705899959999999851e+02 4.831430149993999861e+06 4.635485200199999963e+05
2.705400089999999977e+02 4.831430130005000159e+06 4.635485300290000159e+05
2.706900019999999927e+02 4.831430399993999861e+06 4.635482299800000037e+05
2.707200010000000248e+02 4.831430380005000159e+06 4.635482999880000134e+05
2.707200010000000248e+02 4.831430369994999841e+06 4.635483300169999711e+05
2.707300109999999904e+02 4.831430350006000139e+06 4.635483699950000155e+05
2.707300109999999904e+02 4.831430339995999821e+06 4.635484000239999732e+05
2.706700129999999831e+02 4.831430320007000118e+06 4.635484000239999732e+05
2.706400150000000053e+02 4.831430299987999722e+06 4.635484199830000289e+05
2.706099849999999947e+02 4.831430279999000020e+06 4.635484400020000176e+05
2.706000060000000076e+02 4.831430260010000318e+06 4.635484699709999841e+05
2.705599980000000073e+02 4.831430250000000000e+06 4.635484799800000037e+05
2.707000120000000152e+02 4.831430410004000179e+06 4.635483200070000021e+05
2.706900019999999927e+02 4.831430399993999861e+06 4.635483499760000268e+05
2.706400150000000053e+02 4.831430380005000159e+06 4.635483499760000268e+05
2.706400150000000053e+02 4.831430369994999841e+06 4.635483800049999845e+05
2.706199950000000172e+02 4.831430350006000139e+06 4.635484000239999732e+05
2.706099849999999947e+02 4.831430329986999743e+06 4.635484299929999979e+05
2.706099849999999947e+02 4.831430320007000118e+06 4.635484600220000139e+05
2.706400150000000053e+02 4.831430420013000257e+06 4.635483599849999882e+05
2.706199950000000172e+02 4.831430399993999861e+06 4.635483800049999845e+05
2.706000060000000076e+02 4.831430380005000159e+06 4.635484099730000016e+05
2.705499879999999848e+02 4.831430369994999841e+06 4.635484199830000289e+05
2.705700069999999755e+02 4.831430350006000139e+06 4.635484600220000139e+05
2.705599980000000073e+02 4.831430420013000257e+06 4.635484299929999979e+05
2.703099980000000073e+02 4.831430420013000257e+06 4.635484099730000016e+05
2.703900150000000053e+02 4.831430390014999546e+06 4.635485100100000273e+05
2.703800049999999828e+02 4.831430369994999841e+06 4.635485300290000159e+05
2.703900150000000053e+02 4.831430420013000257e+06 4.635484500119999866e+05
2.703599849999999947e+02 4.831430399993999861e+06 4.635484699709999841e+05
2.703999939999999924e+02 4.831430390014999546e+06 4.635485100100000273e+05
2.703999939999999924e+02 4.831430380005000159e+06 4.635485399779999861e+05
2.704200129999999831e+02 4.831430369994999841e+06 4.635485800169999711e+05
2.703800049999999828e+02 4.831430410004000179e+06 4.635485100100000273e+05
2.703699950000000172e+02 4.831430390014999546e+06 4.635485399779999861e+05
2.703999939999999924e+02 4.831430380005000159e+06 4.635485900269999984e+05
2.703299870000000169e+02 4.831430390014999546e+06 4.635485800169999711e+05
