463546.340027 4831429.970001 277.119995
463546.320007 4831430.000000 277.089996
463546.320007 4831430.000000 277.100006
463546.359985 4831429.970001 277.089996
463546.320007 4831429.970001 277.059998
463546.299988 4831429.970001 277.119995
463546.390015 4831429.940002 277.109985
463546.390015 4831429.950012 277.079987
463546.270020 4831429.940002 277.109985
463546.299988 4831430.010010 277.089996
463546.190002 4831430.059998 277.100006
463546.309998 4831429.970001 277.089996
463546.299988 4831429.940002 277.089996
463546.289978 4831430.029999 277.059998
463546.280029 4831430.019989 277.109985
463546.299988 4831430.000000 277.070007
463546.250000 4831429.950012 277.089996
463546.309998 4831430.029999 277.070007
463546.260010 4831429.959991 277.100006
463546.289978 4831430.059998 277.079987
463546.289978 4831430.070007 277.059998
463546.280029 4831430.070007 277.070007
463546.260010 4831430.070007 277.059998
463546.229980 4831429.989990 277.170013
463546.219971 4831430.000000 277.160004
463546.280029 4831430.029999 277.109985
463546.270020 4831430.010010 277.130005
463546.280029 4831430.040009 277.059998
463546.289978 4831430.070007 277.079987
463546.250000 4831430.049988 277.089996
463546.219971 4831430.010010 277.149994
463546.250000 4831429.980011 277.070007
463546.270020 4831430.010010 277.109985
463546.320007 4831430.000000 277.100006
463546.109985 4831430.000000 277.470001
463546.119995 4831429.989990 277.750000
463546.109985 4831429.970001 277.730011
463546.109985 4831429.970001 277.670013
463546.109985 4831430.029999 277.450012
463546.109985 4831430.010010 277.579987
463546.109985 4831429.989990 277.489990
463546.130005 4831430.019989 277.500000
463546.119995 4831430.000000 277.480011
463546.119995 4831430.040009 277.470001
463546.130005 4831430.070007 277.510010
463546.109985 4831429.929993 277.399994
463546.130005 4831430.010010 277.500000
463546.119995 4831429.959991 277.380005
463546.109985 4831430.070007 277.559998
463546.119995 4831430.079987 277.519989
463546.109985 4831430.040009 277.369995
463546.119995 4831430.070007 277.450012
463546.109985 4831430.070007 277.570007
463546.109985 4831429.980011 277.510010
463546.130005 4831430.059998 277.519989
463546.119995 4831430.000000 277.380005
463546.130005 4831429.940002 277.260010
463546.109985 4831430.000000 277.500000
463546.109985 4831429.929993 277.450012
463546.109985 4831429.959991 277.420013
463546.130005 4831429.980011 277.390015
463546.109985 4831430.040009 277.440002
463546.109985 4831430.000000 277.579987
463546.119995 4831430.000000 277.549988
463546.119995 4831431.140015 278.109985
463546.130005 4831431.160004 278.149994
463546.700012 4831430.200012 278.079987
463546.650024 4831430.220001 278.049988
463546.630005 4831430.260010 278.059998
463546.640015 4831430.279999 278.089996
463546.700012 4831430.429993 278.079987
463546.619995 4831430.100006 278.059998
463546.630005 4831430.209991 278.089996
463546.640015 4831430.200012 278.059998
463546.640015 4831430.200012 278.070007
463546.640015 4831430.250000 278.070007
463546.650024 4831430.230011 278.100006
463546.650024 4831430.209991 278.100006
463546.619995 4831430.220001 278.100006
463546.630005 4831430.209991 278.109985
463546.640015 4831430.160004 278.290009
463546.679993 4831430.200012 278.149994
463546.669983 4831430.200012 278.260010
463546.669983 4831430.220001 278.160004
463546.650024 4831430.200012 278.230011
463546.640015 4831430.239990 278.160004
463546.619995 4831430.230011 278.230011
463546.630005 4831430.269989 278.160004
463546.659973 4831430.320007 278.149994
463546.669983 4831430.350006 278.170013
463546.640015 4831430.320007 278.269989
463546.710022 4831430.450012 278.119995
463546.570007 4831430.029999 278.170013
463546.669983 4831430.200012 278.160004
463546.659973 4831430.209991 278.209991
463546.630005 4831430.209991 278.170013
463546.630005 4831430.239990 278.119995
463546.630005 4831430.230011 278.130005
463546.609985 4831430.209991 278.170013
463546.630005 4831430.209991 278.130005
463546.619995 4831430.200012 278.160004
463546.640015 4831430.200012 278.130005
463546.630005 4831430.209991 278.170013
463546.630005 4831430.209991 278.130005
463546.619995 4831430.209991 278.130005
463546.619995 4831430.250000 278.140015
463546.900024 4831430.209991 277.070007
463546.890015 4831430.209991 277.130005
463546.809998 4831430.220001 277.059998
463546.809998 4831430.220001 277.119995
463546.809998 4831430.220001 277.179993
463546.809998 4831430.209991 277.239990
463546.809998 4831430.230011 277.339996
463546.809998 4831430.220001 277.399994
463546.820007 4831430.220001 277.440002
463546.820007 4831430.239990 277.480011
463546.780029 4831430.320007 277.329987
463546.739990 4831430.230011 277.489990
463546.739990 4831430.230011 277.549988
463546.739990 4831430.230011 277.660004
463546.750000 4831430.230011 277.709991
463546.750000 4831430.230011 277.760010
463546.750000 4831430.230011 277.809998
463546.750000 4831430.250000 277.850006
463546.750000 4831430.230011 278.029999
463546.750000 4831430.429993 277.380005
463546.760010 4831430.440002 277.429993
463546.330017 4831429.980011 277.119995
463546.840027 4831430.170013 277.160004
463546.840027 4831430.179993 277.200012
463546.830017 4831430.179993 277.260010
463546.830017 4831430.190002 277.299988
463546.809998 4831430.190002 277.369995
463546.799988 4831430.179993 277.429993
463546.799988 4831430.190002 277.480011
463546.789978 4831430.200012 277.529999
463546.789978 4831430.209991 277.579987
463546.770020 4831430.200012 277.660004
463546.770020 4831430.209991 277.709991
463546.750000 4831430.220001 277.829987
463546.710022 4831430.200012 278.010010
463546.820007 4831430.179993 277.160004
463546.820007 4831430.190002 277.209991
463546.809998 4831430.190002 277.269989
463546.799988 4831430.200012 277.339996
463546.780029 4831430.200012 277.450012
463546.770020 4831430.200012 277.510010
463546.770020 4831430.209991 277.559998
463546.760010 4831430.209991 277.609985
463546.750000 4831430.220001 277.660004
463546.739990 4831430.209991 277.730011
463546.729980 4831430.209991 277.790009
463546.729980 4831430.220001 277.850006
463546.690002 4831430.220001 278.040009
463546.799988 4831430.190002 277.059998
463546.799988 4831430.190002 277.119995
463546.789978 4831430.200012 277.160004
463546.770020 4831430.209991 277.329987
463546.760010 4831430.209991 277.390015
463546.739990 4831430.209991 277.459991
463546.729980 4831430.209991 277.519989
463546.719971 4831430.209991 277.589996
463546.719971 4831430.220001 277.640015
463546.700012 4831430.209991 277.720001
463546.700012 4831430.220001 277.750000
463546.690002 4831430.209991 277.820007
463546.679993 4831430.220001 277.859985
463546.669983 4831430.220001 277.929993
463546.780029 4831430.220001 277.130005
463546.750000 4831430.230011 277.309998
463546.750000 4831430.239990 277.359985
463546.729980 4831430.230011 277.420013
463546.719971 4831430.230011 277.480011
463546.710022 4831430.230011 277.540009
463546.710022 4831430.239990 277.589996
463546.690002 4831430.250000 277.709991
463546.679993 4831430.239990 277.769989
463546.659973 4831430.239990 277.839996
463546.659973 4831430.250000 277.899994
463546.640015 4831430.250000 278.019989
463546.760010 4831430.299988 277.279999
463546.770020 4831430.329987 277.309998
463546.729980 4831430.299988 277.420013
463546.669983 4831430.279999 277.690002
463546.640015 4831430.260010 277.829987
463546.760010 4831430.359985 277.299988
463546.760010 4831430.390015 277.390015
463546.719971 4831430.429993 277.359985
463546.719971 4831430.440002 277.410004
463546.729980 4831430.459991 277.440002
463546.340027 4831429.959991 277.170013
463546.299988 4831429.980011 277.170013
463546.289978 4831429.989990 277.230011
463546.729980 4831430.190002 277.809998
463546.789978 4831430.179993 277.480011
463546.770020 4831430.179993 277.540009
463546.760010 4831430.190002 277.589996
463546.739990 4831430.190002 277.660004
463546.729980 4831430.200012 277.720001
463546.710022 4831430.200012 277.790009
463546.690002 4831430.200012 277.850006
463546.659973 4831430.190002 277.940002
463546.659973 4831430.209991 277.989990
463546.809998 4831430.119995 277.299988
463546.750000 4831430.170013 277.609985
463546.739990 4831430.179993 277.679993
463546.729980 4831430.190002 277.720001
463546.710022 4831430.190002 277.799988
463546.700012 4831430.200012 277.839996
463546.659973 4831430.190002 277.929993
463546.669983 4831430.209991 277.959991
463546.659973 4831430.220001 278.010010
463546.780029 4831430.179993 277.549988
463546.760010 4831430.179993 277.619995
463546.739990 4831430.190002 277.679993
463546.719971 4831430.190002 277.760010
463546.710022 4831430.200012 277.809998
463546.700012 4831430.200012 277.859985
463546.669983 4831430.190002 277.940002
463546.830017 4831430.130005 277.299988
463546.719971 4831430.190002 277.809998
463546.700012 4831430.190002 277.869995
463546.669983 4831430.190002 277.940002
463546.750000 4831430.200012 277.750000
463546.729980 4831430.200012 277.820007
463546.679993 4831430.200012 277.959991
463546.690002 4831430.190002 277.950012
463546.830017 4831430.130005 277.320007
463546.710022 4831430.190002 277.839996
463546.679993 4831430.190002 277.950012
463546.760010 4831430.200012 277.670013
463546.719971 4831430.190002 277.809998
463546.700012 4831430.190002 277.869995
463546.669983 4831430.200012 277.940002
463546.799988 4831430.170013 277.380005
463546.799988 4831430.190002 277.420013
463546.770020 4831430.190002 277.500000
463546.750000 4831430.190002 277.570007
463546.739990 4831430.190002 277.630005
463546.710022 4831430.190002 277.709991
463546.700012 4831430.200012 277.760010
463546.690002 4831430.209991 277.809998
463546.669983 4831430.209991 277.869995
463546.640015 4831430.220001 277.989990
463546.630005 4831430.230011 278.040009
463546.830017 4831430.160004 277.100006
463546.780029 4831430.170013 277.269989
463546.770020 4831430.179993 277.320007
463546.770020 4831430.190002 277.369995
463546.729980 4831430.179993 277.450012
463546.719971 4831430.190002 277.510010
463546.690002 4831430.200012 277.630005
463546.679993 4831430.209991 277.679993
463546.659973 4831430.220001 277.750000
463546.650024 4831430.220001 277.809998
463546.640015 4831430.239990 277.859985
463546.619995 4831430.260010 278.000000
463546.640015 4831430.290009 278.019989
463546.780029 4831430.190002 277.100006
463546.760010 4831430.200012 277.209991
463546.710022 4831430.230011 277.440002
463546.700012 4831430.239990 277.489990
463546.690002 4831430.250000 277.540009
463546.679993 4831430.260010 277.589996
463546.770020 4831430.329987 277.299988
463546.729980 4831430.399994 277.350006
463546.719971 4831430.410004 277.399994
463546.719971 4831430.429993 277.450012
463546.690002 4831430.459991 277.410004
463546.669983 4831430.459991 277.480011
463546.570007 4831430.399994 277.350006
463546.150024 4831430.000000 277.489990
463546.239990 4831430.000000 277.160004
463546.219971 4831429.989990 277.239990
463546.190002 4831429.970001 277.320007
463546.179993 4831429.970001 277.440002
463546.169983 4831429.980011 277.489990
463546.169983 4831429.980011 277.549988
463546.280029 4831429.929993 277.309998
463546.340027 4831429.929993 277.200012
463546.150024 4831429.929993 277.600006
463546.239990 4831429.929993 277.440002
463546.239990 4831429.940002 277.350006
463546.690002 4831430.200012 278.089996
463546.719971 4831430.170013 278.070007
463546.760010 4831430.170013 278.070007
463546.710022 4831430.200012 278.079987
463546.729980 4831430.179993 278.089996
463546.770020 4831430.179993 278.070007
463546.710022 4831430.209991 278.070007
463546.760010 4831430.190002 278.070007
463546.679993 4831430.049988 278.070007
463546.719971 4831430.450012 278.170013
463546.760010 4831430.440002 278.200012
463546.739990 4831430.399994 278.100006
463546.780029 4831430.390015 278.100006
463546.679993 4831430.209991 278.160004
463546.679993 4831430.170013 278.290009
463546.700012 4831430.170013 278.200012
463546.700012 4831430.170013 278.140015
463546.729980 4831430.160004 278.230011
463546.719971 4831430.350006 278.269989
463546.750000 4831430.410004 278.119995
463546.679993 4831430.220001 278.299988
463546.690002 4831430.230011 278.230011
463546.679993 4831430.220001 278.190002
463546.710022 4831430.190002 278.269989
463546.710022 4831430.200012 278.209991
463546.710022 4831430.200012 278.149994
463546.739990 4831430.179993 278.279999
463546.739990 4831430.179993 278.220001
463546.729980 4831430.179993 278.160004
463546.780029 4831430.179993 278.250000
463546.780029 4831430.190002 278.179993
463546.750000 4831430.140015 278.200012
463546.690002 4831430.209991 278.250000
463546.669983 4831430.149994 278.279999
463546.750000 4831430.200012 278.279999
463546.729980 4831430.160004 278.279999
463546.729980 4831430.190002 278.190002
463546.719971 4831430.200012 278.130005
463546.780029 4831430.209991 278.160004
463546.770020 4831430.190002 278.130005
463546.690002 4831430.450012 277.570007
463546.700012 4831430.399994 277.250000
463546.739990 4831430.420013 277.489990
463546.750000 4831430.410004 277.440002
463546.780029 4831430.380005 277.420013
463546.770020 4831430.359985 277.380005
463546.789978 4831430.359985 277.299988
463546.830017 4831430.390015 277.179993
463546.809998 4831430.369995 277.160004
463546.789978 4831430.339996 277.149994
463546.809998 4831430.339996 277.339996
463546.799988 4831430.309998 277.329987
463546.770020 4831430.350006 278.029999
463546.729980 4831430.290009 277.970001
463546.719971 4831430.269989 277.959991
463546.700012 4831430.250000 277.929993
463546.690002 4831430.230011 277.910004
463546.700012 4831430.220001 277.790009
463546.700012 4831430.200012 278.040009
463546.700012 4831430.200012 277.989990
463546.700012 4831430.190002 277.940002
463546.700012 4831430.179993 277.899994
463546.719971 4831430.179993 277.809998
463546.719971 4831430.170013 277.769989
463546.750000 4831430.190002 277.660004
463546.739990 4831430.179993 277.609985
463546.750000 4831430.170013 277.540009
463546.780029 4831430.190002 277.450012
463546.809998 4831430.209991 277.329987
463546.789978 4831430.179993 277.329987
463546.820007 4831430.190002 277.179993
463546.799988 4831430.160004 277.160004
463546.820007 4831430.170013 277.089996
463546.719971 4831430.170013 278.000000
463546.719971 4831430.160004 277.950012
463546.719971 4831430.140015 277.910004
463546.760010 4831430.170013 277.779999
463546.760010 4831430.160004 277.739990
463546.760010 4831430.149994 277.700012
463546.770020 4831430.149994 277.630005
463546.770020 4831430.149994 277.570007
463546.799988 4831430.160004 277.480011
463546.809998 4831430.149994 277.350006
463546.820007 4831430.140015 277.290009
463546.849976 4831430.140015 277.079987
463546.760010 4831430.160004 278.029999
463546.770020 4831430.149994 277.920013
463546.739990 4831430.109985 277.940002
463546.799988 4831430.160004 277.760010
463546.780029 4831430.130005 277.760010
463546.820007 4831430.149994 277.570007
463546.830017 4831430.140015 277.500000
463546.840027 4831430.140015 277.440002
463546.849976 4831430.149994 277.359985
463546.859985 4831430.119995 277.220001
463546.880005 4831430.119995 277.079987
463546.909973 4831430.109985 277.149994
463546.929993 4831430.130005 277.059998
463546.260010 4831429.959991 277.480011
463546.260010 4831429.950012 277.440002
463546.250000 4831429.950012 277.399994
463546.309998 4831429.959991 277.359985
463546.299988 4831429.950012 277.329987
463546.349976 4831429.959991 277.220001
463546.400024 4831429.959991 277.140015
463546.770020 4831430.459991 277.489990
463546.760010 4831430.440002 277.459991
463546.780029 4831430.410004 277.420013
463546.780029 4831430.410004 277.380005
463546.710022 4831430.209991 278.019989
463546.719971 4831430.220001 277.950012
463546.710022 4831430.209991 277.899994
463546.809998 4831430.399994 277.380005
463546.799988 4831430.380005 277.359985
463546.830017 4831430.429993 277.200012
463546.739990 4831430.190002 278.010010
463546.739990 4831430.190002 277.950012
463546.710022 4831430.160004 277.950012
463546.729980 4831430.190002 277.850006
463546.739990 4831430.209991 277.750000
463546.750000 4831430.230011 277.660004
463546.830017 4831430.369995 277.359985
463546.820007 4831430.350006 277.329987
463546.830017 4831430.369995 277.239990
463546.830017 4831430.369995 277.179993
463546.770020 4831430.179993 278.000000
463546.760010 4831430.160004 277.989990
463546.770020 4831430.190002 277.769989
463546.770020 4831430.179993 277.720001
463546.770020 4831430.179993 277.660004
463546.799988 4831430.250000 277.489990
463546.830017 4831430.309998 277.320007
463546.830017 4831430.299988 277.260010
463546.830017 4831430.200012 277.910004
463546.830017 4831430.200012 277.839996
463546.809998 4831430.170013 277.820007
463546.799988 4831430.170013 277.779999
463546.799988 4831430.170013 277.720001
463546.799988 4831430.170013 277.670013
463546.799988 4831430.170013 277.609985
463546.799988 4831430.179993 277.540009
463546.799988 4831430.179993 277.470001
463546.809998 4831430.190002 277.399994
463546.809998 4831430.190002 277.329987
463546.859985 4831430.190002 277.579987
463546.840027 4831430.170013 277.559998
463546.840027 4831430.170013 277.489990
463546.830017 4831430.160004 277.450012
463546.840027 4831430.170013 277.380005
463546.830017 4831430.160004 277.339996
463546.840027 4831430.179993 277.179993
463546.849976 4831430.190002 277.100006
463546.890015 4831430.179993 277.390015
463546.869995 4831430.149994 277.309998
463546.859985 4831430.140015 277.220001
463546.859985 4831430.140015 277.160004
463546.940002 4831430.190002 277.209991
463546.909973 4831430.140015 277.239990
463546.919983 4831430.149994 277.140015
463546.909973 4831430.149994 277.100006
463546.960022 4831430.149994 277.059998
463546.260010 4831429.970001 277.459991
463546.250000 4831429.959991 277.410004
463546.280029 4831429.970001 277.339996
463546.320007 4831429.959991 277.279999
463546.299988 4831429.950012 277.250000
463546.299988 4831429.980011 277.160004
463546.359985 4831429.970001 277.179993
463546.340027 4831429.950012 277.149994
463546.710022 4831430.220001 277.989990
463546.719971 4831430.350006 277.760010
463546.739990 4831430.459991 277.549988
463546.400024 4831429.970001 277.109985
463546.750000 4831430.200012 278.010010
463546.739990 4831430.200012 277.950012
463546.719971 4831430.179993 277.920013
463546.760010 4831430.440002 277.450012
463546.799988 4831430.209991 277.899994
463546.770020 4831430.190002 277.809998
463546.760010 4831430.200012 277.760010
463546.760010 4831430.239990 277.640015
463546.780029 4831430.359985 277.420013
463546.760010 4831430.459991 277.059998
463546.809998 4831430.190002 277.670013
463546.789978 4831430.179993 277.630005
463546.789978 4831430.209991 277.540009
463546.799988 4831430.269989 277.390015
463546.809998 4831430.380005 277.190002
463546.849976 4831430.179993 277.609985
463546.830017 4831430.179993 277.500000
463546.820007 4831430.179993 277.450012
463546.809998 4831430.190002 277.359985
463546.809998 4831430.220001 277.269989
463546.880005 4831430.170013 277.399994
463546.869995 4831430.179993 277.339996
463546.849976 4831430.170013 277.230011
463546.840027 4831430.170013 277.179993
463546.919983 4831430.179993 277.220001
463546.900024 4831430.149994 277.209991
463546.900024 4831430.170013 277.130005
463546.880005 4831430.160004 277.079987
463546.950012 4831430.179993 277.059998
463546.159973 4831429.970001 277.670013
463546.150024 4831429.950012 277.630005
463546.150024 4831429.950012 277.559998
463546.210022 4831429.950012 277.559998
463546.200012 4831429.940002 277.510010
463546.200012 4831429.950012 277.440002
463546.520020 4831429.929993 278.299988
463546.619995 4831430.239990 278.079987
463546.599976 4831430.250000 278.079987
463546.580017 4831430.260010 278.059998
463546.630005 4831430.399994 278.070007
463546.590027 4831430.250000 278.279999
463546.510010 4831429.950012 278.290009
463546.530029 4831429.970001 278.290009
463546.590027 4831430.220001 278.149994
463546.580017 4831430.239990 278.209991
463546.619995 4831430.429993 278.170013
463546.640015 4831430.459991 278.160004
463546.820007 4831430.209991 277.059998
463546.830017 4831430.220001 277.100006
463546.820007 4831430.190002 277.250000
463546.840027 4831430.239990 277.179993
463546.849976 4831430.260010 277.220001
463546.780029 4831430.220001 277.109985
463546.780029 4831430.220001 277.190002
463546.780029 4831430.220001 277.279999
463546.789978 4831430.220001 277.320007
463546.789978 4831430.230011 277.380005
463546.809998 4831430.260010 277.380005
463546.739990 4831430.230011 277.380005
463546.739990 4831430.230011 277.459991
463546.739990 4831430.239990 277.540009
463546.760010 4831430.250000 277.660004
463546.669983 4831430.250000 277.630005
463546.659973 4831430.239990 277.739990
463546.659973 4831430.239990 277.829987
463546.669983 4831430.239990 277.890015
463546.309998 4831430.019989 277.149994
463546.250000 4831430.019989 277.260010
463546.770020 4831430.149994 277.299988
463546.650024 4831430.329987 277.970001
463546.640015 4831430.350006 278.040009
463546.640015 4831430.269989 277.709991
463546.700012 4831430.359985 277.309998
463546.710022 4831430.390015 277.339996
463546.710022 4831430.410004 277.380005
463546.239990 4831430.010010 277.239990
463546.650024 4831430.230011 278.049988
463546.690002 4831430.269989 278.290009
463546.710022 4831430.279999 278.190002
463546.700012 4831430.250000 278.200012
463546.679993 4831430.220001 278.200012
463546.750000 4831430.309998 277.570007
463546.690002 4831430.209991 277.869995
463546.679993 4831430.200012 277.709991
463546.799988 4831430.309998 277.290009
463546.770020 4831430.250000 277.660004
463546.809998 4831430.230011 277.429993
463546.789978 4831430.209991 277.390015
463546.869995 4831430.260010 277.119995
463546.849976 4831430.230011 277.179993
463546.840027 4831430.200012 277.230011
463546.820007 4831430.179993 277.209991
463546.809998 4831430.170013 277.140015
463546.250000 4831430.040009 277.209991
463546.270020 4831429.989990 277.170013
463546.719971 4831430.260010 277.989990
463546.710022 4831430.230011 278.029999
463546.669983 4831430.200012 277.929993
463546.739990 4831430.239990 277.809998
463546.719971 4831430.220001 277.760010
463546.690002 4831430.220001 277.670013
463546.780029 4831430.269989 277.600006
463546.770020 4831430.239990 277.630005
463546.760010 4831430.209991 277.630005
463546.729980 4831430.209991 277.540009
463546.780029 4831430.200012 277.429993
463546.169983 4831430.019989 277.459991
463546.190002 4831430.049988 277.200012
463546.239990 4831430.000000 277.260010
463546.659973 4831430.450012 278.079987
463546.559998 4831430.309998 278.049988
463546.520020 4831429.989990 278.299988
463546.549988 4831430.079987 278.209991
463546.669983 4831430.290009 278.130005
463546.659973 4831430.299988 278.269989
463546.650024 4831430.309998 278.290009
463546.640015 4831430.320007 278.290009
463546.659973 4831430.309998 278.119995
463546.570007 4831430.279999 278.130005
463546.700012 4831430.440002 277.390015
463546.669983 4831430.420013 278.029999
463546.780029 4831430.119995 277.130005
463546.679993 4831430.299988 277.959991
463546.739990 4831430.250000 277.489990
463546.750000 4831430.239990 277.339996
463546.780029 4831430.279999 277.279999
463546.799988 4831430.279999 277.190002
463546.820007 4831430.279999 277.089996
463546.580017 4831430.320007 278.000000
463546.590027 4831430.339996 277.980011
463546.609985 4831430.359985 277.950012
463546.640015 4831430.429993 278.049988
463546.700012 4831430.350006 277.380005
463546.710022 4831430.350006 277.279999
463546.729980 4831430.369995 277.279999
463546.570007 4831430.190002 278.010010
463546.590027 4831430.209991 277.989990
463546.169983 4831430.079987 277.299988
463546.659973 4831430.429993 278.079987
463546.590027 4831430.299988 278.059998
463546.580017 4831430.089996 278.079987
463546.669983 4831430.450012 278.089996
463546.609985 4831430.359985 278.230011
463546.640015 4831430.339996 278.140015
463546.630005 4831430.329987 278.179993
463546.630005 4831430.320007 278.260010
463546.659973 4831430.290009 278.170013
463546.669983 4831430.309998 278.269989
463546.659973 4831430.290009 278.299988
463546.739990 4831430.440002 278.160004
463546.260010 4831430.029999 277.160004
463546.679993 4831430.450012 277.369995
463546.659973 4831430.440002 277.459991
463546.739990 4831430.369995 277.290009
463546.719971 4831430.339996 277.299988
463546.679993 4831430.299988 277.459991
463546.659973 4831430.339996 277.730011
463546.650024 4831430.339996 277.809998
463546.630005 4831430.320007 277.899994
463546.599976 4831430.320007 278.019989
463546.809998 4831430.279999 277.109985
463546.799988 4831430.279999 277.190002
463546.789978 4831430.279999 277.260010
463546.780029 4831430.279999 277.329987
463546.770020 4831430.269989 277.380005
463546.760010 4831430.269989 277.440002
463546.750000 4831430.279999 277.510010
463546.750000 4831430.290009 277.600006
463546.739990 4831430.269989 277.609985
463546.729980 4831430.279999 277.709991
463546.719971 4831430.279999 277.769989
463546.710022 4831430.260010 277.799988
463546.700012 4831430.290009 277.920013
463546.690002 4831430.269989 277.950012
463546.669983 4831430.399994 278.010010
463546.630005 4831430.339996 277.980011
463546.669983 4831430.329987 277.850006
463546.710022 4831430.299988 277.820007
463546.710022 4831430.299988 277.899994
463546.719971 4831430.459991 277.390015
463546.739990 4831430.369995 277.760010
463546.739990 4831430.420013 277.299988
463546.729980 4831430.390015 277.320007
463546.820007 4831430.309998 277.130005
463546.820007 4831430.279999 277.220001
463546.849976 4831430.239990 277.160004
463546.609985 4831430.109985 278.079987
463546.590027 4831430.140015 278.070007
463546.630005 4831430.350006 278.049988
463546.630005 4831430.359985 278.089996
463546.580017 4831430.130005 278.100006
463546.690002 4831430.299988 278.100006
463546.559998 4831430.029999 278.230011
463546.570007 4831430.049988 278.209991
463546.580017 4831430.070007 278.190002
463546.590027 4831430.089996 278.160004
463546.609985 4831430.109985 278.140015
463546.549988 4831430.070007 278.220001
463546.549988 4831430.079987 278.190002
463546.559998 4831430.089996 278.149994
463546.580017 4831430.109985 278.140015
463546.640015 4831430.329987 278.269989
463546.640015 4831430.339996 278.209991
463546.669983 4831430.299988 278.260010
463546.679993 4831430.299988 278.200012
463546.679993 4831430.299988 278.149994
463546.599976 4831430.339996 278.250000
463546.609985 4831430.339996 278.200012
463546.609985 4831430.339996 278.160004
463546.619995 4831430.350006 278.100006
463546.669983 4831430.320007 278.250000
463546.570007 4831430.350006 278.260010
463546.590027 4831430.350006 278.209991
463546.599976 4831430.359985 278.179993
463546.609985 4831430.359985 278.130005
463546.799988 4831430.160004 277.320007
463546.809998 4831430.179993 277.299988
463546.789978 4831430.190002 277.320007
463546.789978 4831430.269989 277.579987
463546.789978 4831430.260010 277.500000
463546.789978 4831430.269989 277.459991
463546.799988 4831430.269989 277.399994
463546.809998 4831430.299988 277.119995
463546.760010 4831430.260010 277.619995
463546.760010 4831430.269989 277.579987
463546.770020 4831430.279999 277.549988
463546.780029 4831430.290009 277.510010
463546.780029 4831430.299988 277.470001
463546.799988 4831430.329987 277.149994
463546.739990 4831430.269989 277.799988
463546.739990 4831430.269989 277.739990
463546.760010 4831430.299988 277.619995
463546.760010 4831430.299988 277.579987
463546.770020 4831430.309998 277.529999
463546.770020 4831430.320007 277.489990
463546.750000 4831430.260010 277.630005
463546.760010 4831430.279999 277.589996
463546.770020 4831430.290009 277.549988
463546.770020 4831430.290009 277.500000
463546.780029 4831430.309998 277.470001
463546.760010 4831430.290009 277.809998
463546.789978 4831430.329987 277.820007
463546.750000 4831430.279999 277.619995
463546.760010 4831430.290009 277.579987
463546.770020 4831430.309998 277.549988
463546.770020 4831430.320007 277.500000
463546.729980 4831430.279999 277.799988
463546.739990 4831430.290009 277.760010
463546.750000 4831430.309998 277.730011
463546.750000 4831430.320007 277.630005
463546.750000 4831430.320007 277.579987
463546.760010 4831430.329987 277.540009
463546.760010 4831430.329987 277.489990
463546.770020 4831430.350006 277.339996
463546.710022 4831430.299988 277.989990
463546.719971 4831430.329987 277.820007
463546.710022 4831430.309998 277.750000
463546.729980 4831430.339996 277.720001
463546.729980 4831430.339996 277.660004
463546.729980 4831430.339996 277.600006
463546.729980 4831430.339996 277.540009
463546.739990 4831430.359985 277.510010
463546.719971 4831430.339996 277.359985
463546.719971 4831430.359985 277.899994
463546.710022 4831430.350006 277.820007
463546.700012 4831430.339996 277.739990
463546.700012 4831430.350006 277.700012
463546.700012 4831430.350006 277.660004
463546.700012 4831430.350006 277.589996
463546.710022 4831430.359985 277.549988
463546.640015 4831430.350006 277.839996
463546.640015 4831430.350006 277.779999
463546.299988 4831430.019989 277.160004
463546.700012 4831430.290009 277.989990
463546.710022 4831430.290009 277.940002
463546.719971 4831430.299988 277.890015
463546.729980 4831430.320007 277.869995
463546.729980 4831430.290009 277.769989
463546.739990 4831430.290009 277.709991
463546.750000 4831430.290009 277.660004
463546.750000 4831430.290009 277.600006
463546.760010 4831430.299988 277.559998
463546.770020 4831430.290009 277.510010
463546.770020 4831430.299988 277.459991
463546.780029 4831430.299988 277.420013
463546.799988 4831430.309998 277.320007
463546.809998 4831430.309998 277.260010
463546.820007 4831430.309998 277.220001
463546.820007 4831430.309998 277.149994
463546.830017 4831430.309998 277.089996
463546.640015 4831430.350006 278.000000
463546.690002 4831430.440002 278.010010
463546.669983 4831430.369995 277.859985
463546.669983 4831430.350006 277.790009
463546.669983 4831430.350006 277.739990
463546.679993 4831430.350006 277.679993
463546.690002 4831430.350006 277.619995
463546.690002 4831430.339996 277.559998
463546.700012 4831430.339996 277.500000
463546.700012 4831430.329987 277.450012
463546.710022 4831430.329987 277.390015
463546.719971 4831430.329987 277.320007
463546.729980 4831430.339996 277.279999
463546.750000 4831430.369995 277.279999
463546.750000 4831430.320007 277.059998
463546.700012 4831430.459991 277.429993
463546.700012 4831430.459991 277.369995
463546.270020 4831430.040009 277.140015
463546.280029 4831430.040009 277.109985
463546.250000 4831430.040009 277.179993
463546.270020 4831430.049988 277.149994
463546.280029 4831430.059998 277.109985
463546.250000 4831430.049988 277.190002
463546.260010 4831430.059998 277.149994
463546.270020 4831430.059998 277.109985
463546.260010 4831430.070007 277.119995
463546.640015 4831430.359985 278.040009
463546.659973 4831430.350006 277.970001
463546.669983 4831430.350006 277.940002
463546.690002 4831430.359985 277.899994
463546.700012 4831430.339996 277.809998
463546.710022 4831430.320007 277.739990
463546.729980 4831430.320007 277.679993
463546.739990 4831430.309998 277.619995
463546.570007 4831430.359985 277.989990
463546.609985 4831430.359985 277.850006
463546.619995 4831430.369995 277.799988
463546.640015 4831430.359985 277.739990
463546.650024 4831430.359985 277.690002
463546.669983 4831430.369995 277.649994
463546.679993 4831430.350006 277.579987
463546.700012 4831430.350006 277.519989
463546.710022 4831430.350006 277.480011
463546.719971 4831430.350006 277.429993
463546.789978 4831430.339996 277.179993
463546.809998 4831430.320007 277.100006
463546.200012 4831430.019989 277.320007
463546.140015 4831430.029999 277.470001
463546.150024 4831430.049988 277.440002
463546.169983 4831430.059998 277.399994
463546.210022 4831429.989990 277.179993
463546.229980 4831430.049988 277.209991
463546.250000 4831430.059998 277.170013
463546.219971 4831430.109985 277.329987
463546.219971 4831430.079987 277.250000
463546.219971 4831430.070007 277.179993
463546.140015 4831430.119995 277.529999
463546.150024 4831430.070007 277.220001
463546.609985 4831430.329987 278.049988
463546.650024 4831430.309998 278.059998
463546.669983 4831430.260010 278.070007
463546.570007 4831430.119995 278.079987
463546.599976 4831430.429993 278.140015
463546.609985 4831430.329987 278.109985
463546.599976 4831430.329987 278.160004
463546.599976 4831430.329987 278.220001
463546.590027 4831430.320007 278.269989
463546.650024 4831430.309998 278.109985
463546.640015 4831430.309998 278.160004
463546.640015 4831430.309998 278.220001
463546.630005 4831430.309998 278.269989
463546.679993 4831430.290009 278.209991
463546.570007 4831430.339996 278.290009
463546.609985 4831430.339996 278.170013
463546.609985 4831430.329987 278.220001
463546.619995 4831430.339996 278.290009
463546.650024 4831430.320007 278.209991
463546.650024 4831430.309998 278.260010
463546.650024 4831430.299988 278.299988
463546.559998 4831430.089996 278.149994
463546.530029 4831430.040009 278.239990
463546.520020 4831430.019989 278.269989
463546.500000 4831429.989990 278.299988
463546.609985 4831430.350006 278.279999
463546.650024 4831430.329987 278.220001
463546.669983 4831430.329987 278.299988
463546.659973 4831430.250000 278.170013
463546.510010 4831430.049988 278.260010
463546.510010 4831430.040009 278.290009
463546.679993 4831430.450012 277.380005
463546.659973 4831430.309998 277.519989
463546.650024 4831430.320007 277.579987
463546.650024 4831430.329987 277.649994
463546.650024 4831430.320007 277.690002
463546.640015 4831430.329987 277.739990
463546.640015 4831430.329987 277.850006
463546.640015 4831430.350006 277.920013
463546.650024 4831430.390015 278.010010
463546.630005 4831430.350006 278.019989
463546.719971 4831430.309998 277.390015
463546.710022 4831430.309998 277.429993
463546.710022 4831430.320007 277.489990
463546.710022 4831430.320007 277.540009
463546.700012 4831430.320007 277.600006
463546.700012 4831430.320007 277.660004
463546.690002 4831430.320007 277.709991
463546.679993 4831430.320007 277.760010
463546.679993 4831430.320007 277.820007
463546.669983 4831430.320007 277.869995
463546.659973 4831430.299988 277.899994
463546.679993 4831430.359985 278.010010
463546.659973 4831430.320007 278.019989
463546.780029 4831430.309998 277.299988
463546.750000 4831430.290009 277.440002
463546.750000 4831430.279999 277.480011
463546.739990 4831430.279999 277.519989
463546.739990 4831430.290009 277.579987
463546.729980 4831430.279999 277.619995
463546.719971 4831430.269989 277.670013
463546.710022 4831430.269989 277.720001
463546.710022 4831430.269989 277.779999
463546.820007 4831430.239990 277.079987
463546.809998 4831430.250000 277.190002
463546.250000 4831430.049988 277.149994
463546.280029 4831430.040009 277.149994
463546.700012 4831430.450012 277.350006
463546.690002 4831430.420013 277.380005
463546.719971 4831430.399994 277.290009
463546.719971 4831430.399994 277.329987
463546.700012 4831430.350006 277.609985
463546.700012 4831430.320007 277.920013
463546.750000 4831430.359985 277.250000
463546.729980 4831430.329987 277.279999
463546.739990 4831430.320007 277.579987
463546.789978 4831430.320007 277.089996
463546.780029 4831430.320007 277.140015
463546.789978 4831430.320007 277.190002
463546.789978 4831430.320007 277.250000
463546.760010 4831430.260010 277.410004
463546.820007 4831430.290009 277.100006
463546.809998 4831430.269989 277.130005
463546.849976 4831430.260010 277.059998
463546.849976 4831430.260010 277.109985
463546.849976 4831430.250000 277.149994
463546.280029 4831430.040009 277.109985
463546.270020 4831430.029999 277.140015
463546.669983 4831430.359985 277.769989
463546.690002 4831430.359985 277.850006
463546.690002 4831430.329987 277.570007
463546.710022 4831430.339996 277.640015
463546.710022 4831430.329987 277.679993
463546.719971 4831430.320007 277.779999
463546.719971 4831430.339996 277.420013
463546.729980 4831430.339996 277.489990
463546.739990 4831430.329987 277.549988
463546.739990 4831430.320007 277.589996
463546.739990 4831430.309998 277.640015
463546.729980 4831430.279999 277.679993
463546.719971 4831430.269989 277.709991
463546.750000 4831430.339996 277.260010
463546.770020 4831430.309998 277.429993
463546.770020 4831430.309998 277.480011
463546.760010 4831430.290009 277.519989
463546.760010 4831430.279999 277.549988
463546.750000 4831430.260010 277.579987
463546.750000 4831430.250000 277.619995
463546.809998 4831430.329987 277.250000
463546.799988 4831430.309998 277.290009
463546.789978 4831430.290009 277.329987
463546.770020 4831430.250000 277.399994
463546.799988 4831430.309998 277.059998
463546.820007 4831430.309998 277.130005
463546.809998 4831430.290009 277.170013
463546.840027 4831430.290009 277.089996
463546.830017 4831430.279999 277.140015
463546.820007 4831430.250000 277.160004
463546.840027 4831430.230011 277.130005
463546.159973 4831430.079987 277.450012
463546.229980 4831430.040009 277.160004
463546.219971 4831430.040009 277.209991
463546.229980 4831430.079987 277.320007
463546.190002 4831430.040009 277.239990
463546.179993 4831430.059998 277.299988
463546.210022 4831430.059998 277.130005
463546.219971 4831430.059998 277.200012
463546.219971 4831430.040009 277.239990
463546.200012 4831430.010010 277.299988
463546.659973 4831430.279999 278.070007
463546.659973 4831430.309998 278.059998
463546.619995 4831430.250000 278.059998
463546.570007 4831430.130005 278.070007
463546.539978 4831430.149994 278.070007
463546.630005 4831430.429993 278.059998
463546.570007 4831430.309998 278.089996
463546.630005 4831430.269989 278.239990
463546.630005 4831430.339996 278.290009
463546.599976 4831430.250000 278.179993
463546.549988 4831430.089996 278.140015
463546.549988 4831430.119995 278.130005
463546.520020 4831430.079987 278.190002
463546.489990 4831430.029999 278.290009
463546.570007 4831430.260010 278.119995
463546.609985 4831430.230011 278.149994
463546.570007 4831430.269989 278.119995
463546.729980 4831430.279999 277.609985
463546.700012 4831430.429993 277.350006
463546.679993 4831430.239990 277.649994
463546.679993 4831430.260010 277.709991
463546.650024 4831430.339996 278.010010
463546.640015 4831430.399994 278.000000
463546.650024 4831430.420013 278.029999
463546.590027 4831430.190002 278.000000
463546.590027 4831430.220001 277.980011
463546.590027 4831430.250000 277.959991
463546.570007 4831430.160004 278.029999
463546.559998 4831430.190002 278.010010
463546.780029 4831430.250000 277.339996
463546.669983 4831430.260010 277.790009
463546.650024 4831430.260010 278.040009
463546.590027 4831430.250000 277.950012
463546.679993 4831430.230011 277.739990
463546.590027 4831430.250000 278.040009
463546.609985 4831430.350006 277.970001
463546.549988 4831430.130005 278.029999
463546.630005 4831430.220001 277.739990
463546.609985 4831430.239990 277.820007
463546.559998 4831430.269989 277.959991
463546.559998 4831430.299988 277.950012
463546.570007 4831430.339996 277.929993
463546.659973 4831430.230011 277.390015
463546.679993 4831430.380005 277.309998
463546.679993 4831430.399994 277.329987
463546.669983 4831430.429993 277.359985
463546.659973 4831430.459991 277.380005
463546.200012 4831430.029999 277.230011
463546.590027 4831430.380005 278.100006
463546.599976 4831430.350006 278.079987
463546.580017 4831430.359985 278.049988
463546.599976 4831430.329987 278.079987
463546.539978 4831430.010010 278.059998
463546.440002 4831429.989990 278.170013
463546.539978 4831430.160004 278.260010
463546.520020 4831430.140015 278.250000
463546.549988 4831430.230011 277.829987
463546.549988 4831430.220001 277.769989
463546.650024 4831430.209991 277.640015
463546.659973 4831430.209991 277.579987
463546.619995 4831430.230011 277.570007
463546.679993 4831430.209991 277.459991
463546.650024 4831430.230011 277.440002
463546.609985 4831430.179993 277.670013
463546.599976 4831430.190002 277.630005
463546.619995 4831430.190002 277.549988
463546.630005 4831430.190002 277.480011
463546.650024 4831430.179993 277.399994
463546.640015 4831430.190002 277.299988
463546.590027 4831430.149994 277.660004
463546.590027 4831430.149994 277.600006
463546.590027 4831430.160004 277.559998
463546.580017 4831430.170013 277.510010
463546.630005 4831430.149994 277.390015
463546.640015 4831430.149994 277.320007
463546.580017 4831430.140015 278.019989
463546.570007 4831430.119995 278.049988
463546.530029 4831430.019989 278.010010
463546.599976 4831430.329987 278.070007
463546.630005 4831430.320007 278.100006
463546.530029 4831429.980011 278.269989
463546.539978 4831430.019989 278.209991
463546.559998 4831430.040009 278.200012
463546.580017 4831430.070007 278.179993
463546.580017 4831430.279999 278.209991
463546.580017 4831430.299988 278.269989
463546.640015 4831430.320007 278.130005
463546.659973 4831430.320007 278.160004
463546.659973 4831430.420013 278.010010
463546.719971 4831430.230011 277.119995
463546.780029 4831430.329987 277.119995
463546.650024 4831430.390015 278.079987
463546.619995 4831430.209991 278.079987
463546.580017 4831430.019989 278.059998
463546.559998 4831430.029999 278.059998
463546.679993 4831430.380005 278.100006
463546.640015 4831430.279999 278.209991
463546.549988 4831429.950012 278.260010
463546.539978 4831429.959991 278.209991
463546.590027 4831430.230011 278.190002
463546.590027 4831430.190002 278.250000
463546.590027 4831430.200012 278.200012
463546.719971 4831430.170013 277.200012
463546.719971 4831430.170013 277.109985
463546.669983 4831430.279999 277.980011
463546.650024 4831430.410004 277.489990
463546.679993 4831430.369995 277.429993
463546.619995 4831430.230011 278.029999
463546.599976 4831430.200012 278.049988
463546.609985 4831430.230011 277.910004
463546.630005 4831430.239990 277.820007
463546.619995 4831430.170013 278.019989
463546.619995 4831430.220001 277.820007
463546.650024 4831430.230011 277.730011
463546.700012 4831430.250000 277.579987
463546.619995 4831430.190002 277.829987
463546.640015 4831430.200012 277.750000
463546.650024 4831430.220001 277.660004
463546.690002 4831430.230011 277.519989
463546.659973 4831430.149994 277.820007
463546.659973 4831430.160004 277.750000
463546.650024 4831430.170013 277.720001
463546.650024 4831430.179993 277.670013
463546.669983 4831430.200012 277.570007
463546.700012 4831430.209991 277.450012
463546.690002 4831430.140015 277.679993
463546.669983 4831430.149994 277.649994
463546.669983 4831430.170013 277.589996
463546.669983 4831430.179993 277.540009
463546.700012 4831430.200012 277.420013
463546.599976 4831430.079987 277.989990
463546.690002 4831430.119995 277.640015
463546.690002 4831430.149994 277.519989
463546.679993 4831430.160004 277.489990
463546.700012 4831430.170013 277.390015
463546.750000 4831430.130005 277.239990
463546.729980 4831430.149994 277.230011
463546.739990 4831430.160004 277.149994
463546.679993 4831430.459991 278.079987
463546.599976 4831430.320007 278.170013
463546.599976 4831430.350006 278.209991
463546.619995 4831430.359985 278.290009
463546.669983 4831430.329987 278.279999
463546.619995 4831430.359985 278.130005
463546.640015 4831430.359985 278.179993
463546.669983 4831430.350006 278.190002
463546.690002 4831430.320007 278.149994
463546.590027 4831430.309998 278.010010
463546.599976 4831430.329987 277.890015
463546.780029 4831430.359985 277.299988
463546.840027 4831430.299988 277.109985
463546.309998 4831430.040009 277.119995
463546.320007 4831430.100006 277.070007
463546.619995 4831430.350006 277.839996
463546.669983 4831430.359985 277.980011
463546.700012 4831430.350006 277.970001
463546.719971 4831430.309998 277.910004
463546.710022 4831430.359985 277.769989
463546.729980 4831430.339996 277.750000
463546.750000 4831430.299988 277.670013
463546.719971 4831430.339996 277.470001
463546.750000 4831430.350006 277.529999
463546.770020 4831430.320007 277.510010
463546.799988 4831430.250000 277.309998
463546.739990 4831430.359985 277.269989
463546.760010 4831430.359985 277.299988
463546.789978 4831430.359985 277.359985
463546.809998 4831430.320007 277.269989
463546.840027 4831430.269989 277.179993
463546.140015 4831429.980011 277.399994
463546.229980 4831430.019989 277.260010
463546.200012 4831430.040009 277.309998
463546.210022 4831430.079987 277.329987
463546.229980 4831430.029999 277.220001
463546.239990 4831430.059998 277.239990
463546.650024 4831430.230011 278.089996
463546.570007 4831430.089996 278.070007
463546.580017 4831430.070007 278.100006
463546.640015 4831430.220001 278.220001
463546.539978 4831430.049988 278.179993
463546.530029 4831430.019989 278.209991
463546.520020 4831429.959991 278.299988
463546.530029 4831429.959991 278.269989
463546.770020 4831430.329987 277.269989
463546.750000 4831430.339996 277.279999
463546.719971 4831430.350006 277.299988
463546.700012 4831430.359985 277.309998
463546.679993 4831430.390015 277.239990
463546.690002 4831430.309998 277.880005
463546.650024 4831430.320007 278.000000
463546.820007 4831430.220001 277.190002
463546.760010 4831430.230011 277.459991
463546.739990 4831430.230011 277.549988
463546.719971 4831430.230011 277.649994
463546.700012 4831430.230011 277.750000
463546.679993 4831430.230011 277.869995
463546.719971 4831430.179993 277.109985
463546.679993 4831430.209991 277.700012
463546.650024 4831430.190002 277.799988
463546.830017 4831430.200012 277.170013
463546.809998 4831430.190002 277.250000
463546.750000 4831430.179993 277.369995
463546.679993 4831430.250000 278.200012
463546.690002 4831430.299988 278.290009
463546.590027 4831430.019989 278.250000
463546.590027 4831430.040009 278.179993
463546.700012 4831430.450012 278.109985
463546.250000 4831430.019989 277.260010
463546.270020 4831430.019989 277.209991
463546.280029 4831430.010010 277.170013
463546.299988 4831430.000000 277.130005
463546.719971 4831430.200012 277.549988
463546.789978 4831430.190002 277.089996
463546.770020 4831430.250000 277.589996
463546.780029 4831430.250000 277.529999
463546.789978 4831430.250000 277.480011
463546.799988 4831430.250000 277.420013
463546.809998 4831430.250000 277.359985
463546.820007 4831430.239990 277.299988
463546.830017 4831430.239990 277.250000
463546.840027 4831430.239990 277.200012
463546.849976 4831430.239990 277.160004
463546.859985 4831430.239990 277.089996
463546.760010 4831430.350006 277.299988
463546.780029 4831430.339996 277.279999
463546.809998 4831430.320007 277.299988
463546.830017 4831430.309998 277.279999
463546.849976 4831430.299988 277.230011
463546.859985 4831430.299988 277.179993
463546.869995 4831430.299988 277.109985
463546.690002 4831430.450012 277.440002
463546.710022 4831430.450012 277.410004
463546.729980 4831430.429993 277.390015
463546.750000 4831430.420013 277.359985
463546.250000 4831430.019989 277.269989
463546.270020 4831430.010010 277.239990
463546.729980 4831430.269989 277.950012
463546.750000 4831430.220001 277.589996
463546.840027 4831430.140015 277.309998
463546.750000 4831430.329987 277.869995
463546.789978 4831430.269989 277.529999
463546.799988 4831430.260010 277.500000
463546.799988 4831430.250000 277.440002
463546.809998 4831430.239990 277.399994
463546.809998 4831430.239990 277.320007
463546.820007 4831430.230011 277.269989
463546.830017 4831430.220001 277.230011
463546.849976 4831430.190002 277.059998
463546.789978 4831430.329987 277.339996
463546.820007 4831430.299988 277.290009
463546.840027 4831430.290009 277.260010
463546.849976 4831430.279999 277.200012
463546.270020 4831429.989990 277.179993
463546.710022 4831430.350006 277.950012
463546.739990 4831430.339996 277.970001
463546.750000 4831430.320007 277.920013
463546.770020 4831430.320007 277.630005
463546.780029 4831430.309998 277.600006
463546.140015 4831430.000000 277.429993
463546.219971 4831430.040009 277.320007
463546.229980 4831430.029999 277.290009
463546.159973 4831430.000000 277.510010
463546.150024 4831430.000000 277.429993
463546.219971 4831430.010010 277.279999
463546.239990 4831429.989990 277.269989
463546.219971 4831430.049988 277.320007
463546.250000 4831430.029999 277.329987
463546.489990 4831430.880005 278.079987
463546.289978 4831431.059998 278.070007
463546.469971 4831430.829987 278.049988
463546.469971 4831430.839996 278.089996
463546.440002 4831430.859985 278.059998
463546.440002 4831430.869995 278.100006
463546.710022 4831430.470001 278.149994
463546.719971 4831430.489990 278.190002
463546.679993 4831430.470001 278.140015
463546.690002 4831430.500000 278.170013
463546.690002 4831430.510010 278.209991
463546.690002 4831430.529999 278.239990
463546.440002 4831430.890015 278.140015
463546.400024 4831430.899994 278.130005
463546.390015 4831430.910004 278.190002
463546.669983 4831430.470001 278.130005
463546.669983 4831430.489990 278.170013
463546.669983 4831430.500000 278.220001
463546.369995 4831430.910004 278.179993
463546.340027 4831430.929993 278.290009
463546.219971 4831431.119995 278.079987
463546.200012 4831431.130005 278.049988
463546.719971 4831430.510010 277.410004
463546.710022 4831430.489990 277.489990
463546.669983 4831430.549988 277.619995
463546.650024 4831430.570007 277.570007
463546.659973 4831430.589996 277.609985
463546.669983 4831430.609985 277.630005
463546.640015 4831430.609985 277.690002
463546.619995 4831430.609985 277.690002
463546.640015 4831430.660004 277.690002
463546.609985 4831430.630005 277.730011
463546.630005 4831430.690002 277.720001
463546.599976 4831430.640015 277.720001
463546.619995 4831430.670013 277.739990
463546.590027 4831430.649994 277.720001
463546.599976 4831430.660004 277.760010
463546.549988 4831430.720001 277.859985
463546.559998 4831430.750000 277.899994
463546.520020 4831430.809998 277.980011
463546.530029 4831430.829987 278.010010
463546.469971 4831430.839996 277.959991
463546.479980 4831430.859985 277.989990
463546.479980 4831430.859985 278.049988
463546.739990 4831430.480011 277.459991
463546.679993 4831430.489990 277.489990
463546.669983 4831430.500000 277.529999
463546.679993 4831430.519989 277.559998
463546.619995 4831430.540009 277.589996
463546.599976 4831430.529999 277.660004
463546.630005 4831430.570007 277.670013
463546.590027 4831430.589996 277.670013
463546.599976 4831430.619995 277.700012
463546.559998 4831430.690002 277.790009
463546.549988 4831430.690002 277.850006
463546.549988 4831430.709991 277.890015
463546.469971 4831430.820007 278.000000
463546.460022 4831430.859985 277.940002
463546.429993 4831430.899994 277.950012
463546.729980 4831430.470001 277.320007
463546.669983 4831430.480011 277.519989
463546.640015 4831430.489990 277.500000
463546.630005 4831430.500000 277.549988
463546.619995 4831430.510010 277.600006
463546.630005 4831430.540009 277.630005
463546.599976 4831430.540009 277.619995
463546.599976 4831430.559998 277.670013
463546.580017 4831430.519989 277.619995
463546.599976 4831430.549988 277.640015
463546.599976 4831430.570007 277.690002
463546.599976 4831430.549988 277.609985
463546.599976 4831430.559998 277.649994
463546.590027 4831430.570007 277.700012
463546.599976 4831430.549988 277.619995
463546.599976 4831430.559998 277.670013
463546.590027 4831430.549988 277.619995
463546.590027 4831430.559998 277.670013
463546.599976 4831430.549988 277.609985
463546.599976 4831430.559998 277.649994
463546.580017 4831430.570007 277.649994
463546.500000 4831430.700012 277.829987
463546.479980 4831430.709991 277.880005
463546.299988 4831431.019989 277.989990
463546.489990 4831430.799988 278.089996
463546.539978 4831430.809998 278.059998
463546.419983 4831430.820007 278.239990
463546.729980 4831430.470001 278.200012
463546.489990 4831430.910004 278.209991
463546.750000 4831430.470001 278.200012
463546.440002 4831430.950012 278.269989
463546.479980 4831430.940002 278.230011
463546.460022 4831430.910004 278.209991
463546.500000 4831430.910004 278.170013
463546.479980 4831430.880005 278.149994
463546.500000 4831430.829987 278.100006
463546.229980 4831431.160004 278.109985
463546.270020 4831431.070007 278.049988
463546.469971 4831430.899994 277.970001
463546.510010 4831430.869995 277.929993
463546.609985 4831430.649994 277.820007
463546.650024 4831430.609985 277.790009
463546.619995 4831430.549988 277.679993
463546.669983 4831430.519989 277.660004
463546.659973 4831430.500000 277.630005
463546.700012 4831430.459991 277.600006
463546.320007 4831431.100006 278.049988
463546.500000 4831431.070007 277.130005
463546.510010 4831430.790009 278.040009
463546.640015 4831430.640015 277.779999
463546.700012 4831430.500000 277.579987
463546.739990 4831430.489990 277.579987
463546.729980 4831430.480011 277.540009
463546.380005 4831431.010010 278.019989
463546.520020 4831430.970001 277.850006
463546.530029 4831430.829987 277.989990
463546.570007 4831430.809998 277.989990
463546.570007 4831430.799988 277.820007
463546.609985 4831430.779999 277.839996
463546.590027 4831430.720001 277.890015
463546.580017 4831430.739990 277.799988
463546.630005 4831430.769989 277.779999
463546.609985 4831430.690002 277.839996
463546.590027 4831430.700012 277.769989
463546.619995 4831430.660004 277.790009
463546.609985 4831430.670013 277.720001
463546.650024 4831430.640015 277.739990
463546.669983 4831430.589996 277.690002
463546.659973 4831430.570007 277.670013
463546.700012 4831430.589996 277.649994
463546.669983 4831430.540009 277.600006
463546.719971 4831430.519989 277.579987
463546.700012 4831430.500000 277.559998
463546.419983 4831430.869995 278.079987
463546.349976 4831430.970001 278.250000
463546.669983 4831430.500000 278.170013
463546.650024 4831430.510010 278.220001
463546.340027 4831430.899994 278.269989
463546.609985 4831430.579987 277.649994
463546.580017 4831430.649994 277.760010
463546.460022 4831430.809998 277.940002
463546.460022 4831430.779999 277.950012
463546.469971 4831430.809998 277.959991
463546.659973 4831430.480011 277.410004
463546.630005 4831430.489990 277.529999
463546.619995 4831430.510010 277.579987
463546.630005 4831430.529999 277.609985
463546.659973 4831430.600006 277.390015
463546.570007 4831430.589996 277.609985
463546.549988 4831430.600006 277.700012
463546.539978 4831430.619995 277.750000
463546.549988 4831430.649994 277.779999
463546.469971 4831430.700012 277.839996
463546.250000 4831431.049988 278.040009
463546.450012 4831430.839996 278.070007
463546.630005 4831430.570007 278.299988
463546.640015 4831430.559998 278.299988
463546.260010 4831431.089996 278.119995
463546.710022 4831430.500000 278.149994
463546.700012 4831430.480011 278.160004
463546.200012 4831431.160004 278.089996
463546.159973 4831431.170013 278.109985
463546.590027 4831430.589996 277.690002
463546.570007 4831430.570007 277.679993
463546.580017 4831430.600006 277.700012
463546.559998 4831430.579987 277.700012
463546.630005 4831430.570007 277.579987
463546.619995 4831430.570007 277.410004
463546.659973 4831430.500000 277.529999
463546.650024 4831430.500000 277.380005
463546.479980 4831430.820007 277.970001
463546.530029 4831430.709991 277.859985
463546.169983 4831431.149994 278.019989
463546.210022 4831431.130005 278.029999
463546.229980 4831431.100006 277.970001
463546.679993 4831430.480011 278.089996
463546.400024 4831430.940002 278.089996
463546.669983 4831430.510010 278.149994
463546.650024 4831430.519989 278.170013
463546.619995 4831430.540009 278.200012
463546.640015 4831430.559998 278.230011
463546.419983 4831430.869995 278.100006
463546.390015 4831430.920013 278.140015
463546.349976 4831430.970001 278.230011
463546.359985 4831430.989990 278.220001
463546.359985 4831430.940002 278.179993
463546.369995 4831430.959991 278.170013
463546.210022 4831431.130005 278.059998
463546.179993 4831431.160004 278.049988
463546.150024 4831431.170013 278.059998
463546.679993 4831430.489990 277.420013
463546.630005 4831430.510010 277.480011
463546.650024 4831430.540009 277.549988
463546.599976 4831430.500000 277.380005
463546.630005 4831430.540009 277.519989
463546.460022 4831430.829987 277.970001
463546.429993 4831430.880005 278.049988
463546.429993 4831430.899994 277.950012
463546.309998 4831431.059998 278.000000
463546.669983 4831430.500000 277.380005
463546.570007 4831430.649994 277.649994
463546.400024 4831430.859985 278.019989
463546.250000 4831431.089996 278.029999
463546.150024 4831431.170013 278.000000
463546.219971 4831431.109985 278.040009
463546.219971 4831431.089996 278.010010
463546.229980 4831431.119995 278.019989
463546.409973 4831430.920013 278.070007
463546.419983 4831430.869995 278.079987
463546.409973 4831430.920013 278.079987
463546.419983 4831430.890015 278.070007
463546.669983 4831430.470001 278.070007
463546.390015 4831430.899994 278.089996
463546.330017 4831430.989990 278.299988
463546.340027 4831430.980011 278.260010
463546.380005 4831430.970001 278.170013
463546.369995 4831430.950012 278.200012
463546.400024 4831430.910004 278.109985
463546.390015 4831430.890015 278.119995
463546.650024 4831430.540009 278.209991
463546.669983 4831430.510010 278.149994
463546.659973 4831430.579987 278.230011
463546.669983 4831430.529999 278.179993
463546.210022 4831431.119995 278.059998
463546.409973 4831430.869995 277.950012
463546.530029 4831430.679993 277.799988
463546.599976 4831430.570007 277.619995
463546.580017 4831430.549988 277.640015
463546.669983 4831430.470001 277.459991
463546.260010 4831431.070007 278.010010
463546.419983 4831430.869995 278.010010
463546.440002 4831430.850006 278.029999
463546.450012 4831430.859985 278.010010
463546.450012 4831430.839996 277.989990
463546.460022 4831430.839996 278.000000
463546.450012 4831430.820007 278.010010
463546.520020 4831430.709991 277.829987
463546.570007 4831430.549988 277.470001
463546.599976 4831430.579987 277.619995
463546.619995 4831430.570007 277.579987
463546.630005 4831430.540009 277.549988
463546.650024 4831430.510010 277.529999
463546.419983 4831430.899994 278.010010
463546.369995 4831430.839996 277.989990
463546.440002 4831430.890015 277.929993
463546.440002 4831430.869995 277.970001
463546.440002 4831430.859985 278.010010
463546.460022 4831430.850006 277.950012
463546.440002 4831430.820007 277.959991
463546.469971 4831430.809998 277.920013
463546.500000 4831430.739990 277.829987
463546.530029 4831430.709991 277.790009
463546.520020 4831430.690002 277.809998
463546.549988 4831430.679993 277.720001
463546.539978 4831430.649994 277.739990
463546.570007 4831430.640015 277.649994
463546.559998 4831430.619995 277.679993
463546.599976 4831430.600006 277.630005
463546.590027 4831430.579987 277.640015
463546.609985 4831430.559998 277.480011
463546.619995 4831430.559998 277.559998
463546.609985 4831430.540009 277.579987
463546.650024 4831430.519989 277.529999
463546.669983 4831430.480011 277.440002
463546.419983 4831430.929993 278.089996
463546.409973 4831430.920013 278.079987
463546.609985 4831430.519989 278.100006
463546.679993 4831430.519989 278.149994
463546.700012 4831430.540009 278.140015
463546.419983 4831430.920013 278.140015
463546.400024 4831430.959991 278.200012
463546.409973 4831430.970001 278.160004
463546.650024 4831430.570007 278.239990
463546.659973 4831430.579987 278.200012
463546.669983 4831430.510010 277.500000
463546.669983 4831430.519989 277.470001
463546.659973 4831430.510010 277.380005
463546.609985 4831430.579987 277.619995
463546.619995 4831430.589996 277.589996
463546.570007 4831430.609985 277.679993
463546.590027 4831430.649994 277.679993
463546.559998 4831430.720001 277.790009
463546.479980 4831430.829987 277.980011
463546.450012 4831430.859985 278.029999
463546.450012 4831430.869995 277.980011
463546.460022 4831430.890015 277.950012
463546.390015 4831430.959991 277.959991
463546.320007 4831431.040009 278.000000
463546.340027 4831431.070007 278.000000
463546.630005 4831430.540009 277.570007
463546.650024 4831430.549988 277.540009
463546.650024 4831430.549988 277.480011
463546.609985 4831430.589996 277.589996
463546.619995 4831430.609985 277.549988
463546.599976 4831430.630005 277.619995
463546.580017 4831430.649994 277.700012
463546.549988 4831430.679993 277.760010
463546.539978 4831430.720001 277.779999
463546.510010 4831430.739990 277.839996
463546.440002 4831430.829987 277.950012
463546.409973 4831430.899994 277.989990
463546.400024 4831430.910004 278.070007
463546.700012 4831430.500000 278.089996
463546.369995 4831430.950012 278.179993
463546.619995 4831430.579987 278.220001
463546.619995 4831430.600006 278.290009
463546.640015 4831430.510010 278.140015
463546.650024 4831430.549988 278.220001
463546.369995 4831430.959991 278.170013
463546.650024 4831430.609985 278.260010
463546.650024 4831430.540009 278.119995
463546.669983 4831430.549988 278.190002
463546.179993 4831431.149994 278.079987
463546.159973 4831431.149994 278.059998
463546.270020 4831431.059998 278.000000
463546.299988 4831431.019989 278.000000
463546.409973 4831430.890015 277.940002
463546.429993 4831430.839996 278.010010
463546.460022 4831430.790009 277.920013
463546.489990 4831430.709991 277.769989
463546.489990 4831430.720001 277.839996
463546.520020 4831430.649994 277.660004
463546.530029 4831430.679993 277.760010
463546.539978 4831430.600006 277.630005
463546.549988 4831430.630005 277.720001
463546.590027 4831430.579987 277.589996
463546.580017 4831430.570007 277.630005
463546.630005 4831430.549988 277.529999
463546.619995 4831430.519989 277.549988
463546.650024 4831430.489990 277.450012
463546.650024 4831430.489990 277.500000
463546.299988 4831431.049988 277.970001
463546.440002 4831430.880005 277.929993
463546.440002 4831430.880005 277.989990
463546.440002 4831430.859985 278.040009
463546.489990 4831430.760010 277.839996
463546.520020 4831430.720001 277.779999
463546.510010 4831430.709991 277.820007
463546.549988 4831430.670013 277.730011
463546.599976 4831430.579987 277.589996
463546.590027 4831430.559998 277.630005
463546.619995 4831430.540009 277.489990
463546.630005 4831430.549988 277.559998
463546.630005 4831430.489990 277.380005
463546.650024 4831430.510010 277.470001
463546.669983 4831430.480011 277.410004
463546.479980 4831430.880005 278.000000
463546.479980 4831430.829987 277.910004
463546.539978 4831430.679993 277.760010
463546.700012 4831430.480011 277.399994
463546.130005 4831431.149994 277.980011
463546.219971 4831431.089996 278.040009
463546.200012 4831431.130005 278.049988
463546.580017 4831430.649994 278.299988
463546.619995 4831430.519989 278.179993
463546.609985 4831430.549988 278.200012
463546.599976 4831430.570007 278.250000
463546.599976 4831430.589996 278.279999
463546.599976 4831430.619995 278.299988
463546.330017 4831430.920013 278.130005
463546.299988 4831430.970001 278.209991
463546.140015 4831431.170013 278.089996
463546.219971 4831431.089996 278.190002
463546.570007 4831430.570007 277.619995
463546.570007 4831430.600006 277.649994
463546.570007 4831430.630005 277.690002
463546.539978 4831430.630005 277.690002
463546.539978 4831430.660004 277.720001
463546.539978 4831430.679993 277.730011
463546.500000 4831430.630005 277.500000
463546.510010 4831430.640015 277.690002
463546.510010 4831430.660004 277.700012
463546.510010 4831430.679993 277.769989
463546.510010 4831430.709991 277.790009
463546.479980 4831430.720001 277.820007
463546.479980 4831430.750000 277.850006
463546.450012 4831430.769989 277.899994
463546.619995 4831430.559998 277.540009
463546.619995 4831430.589996 277.459991
463546.609985 4831430.500000 277.519989
463546.630005 4831430.570007 277.470001
463546.280029 4831431.019989 277.989990
463546.340027 4831430.790009 277.950012
463546.650024 4831430.519989 278.160004
463546.659973 4831430.510010 278.200012
463546.650024 4831430.549988 278.230011
463546.659973 4831430.549988 278.260010
463546.650024 4831430.579987 278.299988
463546.650024 4831430.589996 278.299988
463546.640015 4831430.589996 278.279999
463546.530029 4831430.679993 277.769989
463546.450012 4831430.809998 277.959991
463546.400024 4831430.880005 278.010010
463546.489990 4831430.679993 277.910004
463546.599976 4831430.519989 277.660004
463546.570007 4831430.540009 277.660004
463546.599976 4831430.470001 277.579987
463546.659973 4831430.480011 278.070007
463546.659973 4831430.519989 278.130005
463546.690002 4831430.500000 278.119995
463546.669983 4831430.570007 278.230011
463546.650024 4831430.589996 278.279999
463546.419983 4831430.929993 278.119995
463546.640015 4831430.559998 277.579987
463546.659973 4831430.540009 277.519989
463546.559998 4831430.690002 277.809998
463546.570007 4831430.660004 277.619995
463546.599976 4831430.600006 277.470001
463546.669983 4831430.519989 277.339996
463546.690002 4831430.519989 277.369995
463546.390015 4831430.859985 278.059998
463546.340027 4831430.950012 278.260010
463546.640015 4831430.579987 278.290009
463546.650024 4831430.489990 278.170013
463546.349976 4831430.959991 278.260010
463546.409973 4831430.839996 278.130005
463546.599976 4831430.559998 278.299988
463546.179993 4831431.149994 278.079987
463546.169983 4831431.130005 278.070007
463546.140015 4831431.149994 278.059998
463546.200012 4831431.089996 278.260010
463546.250000 4831431.029999 278.109985
463546.409973 4831430.850006 278.019989
463546.369995 4831430.869995 278.029999
463546.469971 4831430.769989 277.940002
463546.440002 4831430.779999 277.940002
463546.500000 4831430.720001 277.790009
463546.479980 4831430.720001 277.880005
463546.570007 4831430.589996 277.690002
463546.669983 4831430.470001 277.380005
463546.650024 4831430.470001 277.470001
463546.219971 4831431.109985 278.010010
463546.210022 4831431.079987 277.929993
463546.229980 4831431.040009 277.980011
463546.440002 4831430.850006 278.059998
463546.650024 4831430.519989 278.190002
463546.669983 4831430.559998 278.140015
463546.679993 4831430.589996 278.209991
463546.409973 4831430.920013 278.130005
463546.679993 4831430.470001 278.130005
463546.690002 4831430.540009 278.209991
463546.700012 4831430.529999 278.179993
463546.369995 4831430.970001 278.250000
463546.400024 4831430.950012 278.239990
463546.570007 4831430.660004 277.739990
463546.469971 4831430.799988 277.940002
463546.450012 4831430.850006 278.019989
463546.469971 4831430.839996 278.000000
463546.409973 4831430.940002 278.019989
463546.429993 4831430.929993 278.000000
463546.520020 4831430.730011 277.859985
463546.539978 4831430.720001 277.839996
463546.590027 4831430.600006 277.600006
