2.822900089999999977e+02 4.831431730011000298e+06 4.635480900269999984e+05
2.822699890000000096e+02 4.831431709990999661e+06 4.635480700070000021e+05
2.821700129999999831e+02 4.831431730011000298e+06 4.635480999760000268e+05
2.821799930000000245e+02 4.831431690001999959e+06 4.635480700070000021e+05
2.818299870000000169e+02 4.831432140014999546e+06 4.635480800169999711e+05
2.815599980000000073e+02 4.831432019988999702e+06 4.635481300049999845e+05
2.818999939999999924e+02 4.831432109985000454e+06 4.635480900269999984e+05
2.815100100000000225e+02 4.831431529999000020e+06 4.635480499880000134e+05
2.815799870000000169e+02 4.831431549987999722e+06 4.635480399779999861e+05
2.815700069999999755e+02 4.831431570007000118e+06 4.635480499880000134e+05
2.816499939999999924e+02 4.831431589995999821e+06 4.635480000000000000e+05
2.815700069999999755e+02 4.831431640014999546e+06 4.635480499880000134e+05
2.815799870000000169e+02 4.831431660004000179e+06 4.635480700070000021e+05
2.815700069999999755e+02 4.831431720000999980e+06 4.635480700070000021e+05
2.816099849999999947e+02 4.831431739989999682e+06 4.635480700070000021e+05
2.815499879999999848e+02 4.831431739989999682e+06 4.635480700070000021e+05
2.816400150000000053e+02 4.831431739989999682e+06 4.635480399779999861e+05
2.817300109999999904e+02 4.831431750000000000e+06 4.635480100100000273e+05
2.816700129999999831e+02 4.831431779999000020e+06 4.635480599979999824e+05
2.816099849999999947e+02 4.831431799987999722e+06 4.635480700070000021e+05
2.816300049999999828e+02 4.831431779999000020e+06 4.635480499880000134e+05
2.816900019999999927e+02 4.831431779999000020e+06 4.635480300290000159e+05
2.815400089999999977e+02 4.831431809998000041e+06 4.635480900269999984e+05
2.815700069999999755e+02 4.831431790009000339e+06 4.635480700070000021e+05
2.815499879999999848e+02 4.831431959990999661e+06 4.635480800169999711e+05
2.815400089999999977e+02 4.831431989989999682e+06 4.635480999760000268e+05
2.816099849999999947e+02 4.831432029999000020e+06 4.635480999760000268e+05
2.818699950000000172e+02 4.831432140014999546e+06 4.635480200199999963e+05
2.816799930000000245e+02 4.831431910004000179e+06 4.635480900269999984e+05
2.823999939999999924e+02 4.831431750000000000e+06 4.635479600220000139e+05
2.815100100000000225e+02 4.831431559998000041e+06 4.635480100100000273e+05
2.815299989999999752e+02 4.831431609985000454e+06 4.635480399779999861e+05
2.823800049999999828e+02 4.831432429992999882e+06 4.635481599730000016e+05
2.822600100000000225e+02 4.831432200012000278e+06 4.635481699830000289e+05
2.816400150000000053e+02 4.831432059998000041e+06 4.635480800169999711e+05
2.816400150000000053e+02 4.831431980011000298e+06 4.635480999760000268e+05
2.816799930000000245e+02 4.831431970000999980e+06 4.635480900269999984e+05
2.819299930000000245e+02 4.831432000000000000e+06 4.635481199950000155e+05
2.816300049999999828e+02 4.831431829986999743e+06 4.635480599979999824e+05
2.817399899999999775e+02 4.831432160004000179e+06 4.635480200199999963e+05
2.817300109999999904e+02 4.831432160004000179e+06 4.635480700070000021e+05
2.819100040000000149e+02 4.831432149993999861e+06 4.635480999760000268e+05
2.816799930000000245e+02 4.831432100006000139e+06 4.635480599979999824e+05
2.818399959999999851e+02 4.831432089995999821e+06 4.635480900269999984e+05
2.817200010000000248e+02 4.831432049987999722e+06 4.635480800169999711e+05
2.817200010000000248e+02 4.831432019988999702e+06 4.635480599979999824e+05
2.819599910000000023e+02 4.831432049987999722e+06 4.635481400150000118e+05
2.816000060000000076e+02 4.831432029999000020e+06 4.635480800169999711e+05
2.816099849999999947e+02 4.831432010010000318e+06 4.635480700070000021e+05
2.816600040000000149e+02 4.831431989989999682e+06 4.635480700070000021e+05
2.816900019999999927e+02 4.831431970000999980e+06 4.635480700070000021e+05
2.816000060000000076e+02 4.831431959990999661e+06 4.635480800169999711e+05
2.816400150000000053e+02 4.831431940001999959e+06 4.635480800169999711e+05
2.816600040000000149e+02 4.831431920013000257e+06 4.635480599979999824e+05
2.816499939999999924e+02 4.831431899993999861e+06 4.635480499880000134e+05
2.816499939999999924e+02 4.831431890014999546e+06 4.635480900269999984e+05
2.816300049999999828e+02 4.831431859985000454e+06 4.635480599979999824e+05
2.817500000000000000e+02 4.831431850006000139e+06 4.635481300049999845e+05
2.817399899999999775e+02 4.831431839995999821e+06 4.635481799929999979e+05
2.817600100000000225e+02 4.831431820007000118e+06 4.635481699830000289e+05
2.815199890000000096e+02 4.831431630005000159e+06 4.635480399779999861e+05
2.826099849999999947e+02 4.831431549987999722e+06 4.635480300290000159e+05
2.817099910000000023e+02 4.831431799987999722e+06 4.635481599730000016e+05
2.816300049999999828e+02 4.831431850006000139e+06 4.635480999760000268e+05
2.816900019999999927e+02 4.831431950012000278e+06 4.635481099849999882e+05
2.816600040000000149e+02 4.831431959990999661e+06 4.635481199950000155e+05
2.816300049999999828e+02 4.831431970000999980e+06 4.635481199950000155e+05
2.817300109999999904e+02 4.831431989989999682e+06 4.635481099849999882e+05
2.817200010000000248e+02 4.831432019988999702e+06 4.635481199950000155e+05
2.816300049999999828e+02 4.831432000000000000e+06 4.635481099849999882e+05
2.816099849999999947e+02 4.831432019988999702e+06 4.635481300049999845e+05
2.817200010000000248e+02 4.831432029999000020e+06 4.635481199950000155e+05
2.816400150000000053e+02 4.831432010010000318e+06 4.635480999760000268e+05
2.816099849999999947e+02 4.831432029999000020e+06 4.635481099849999882e+05
2.818399959999999851e+02 4.831432089995999821e+06 4.635481500239999732e+05
2.816199950000000172e+02 4.831432029999000020e+06 4.635481099849999882e+05
2.816300049999999828e+02 4.831432070007000118e+06 4.635481300049999845e+05
2.817200010000000248e+02 4.831431799987999722e+06 4.635481799929999979e+05
2.817099910000000023e+02 4.831431820007000118e+06 4.635481500239999732e+05
2.815899959999999851e+02 4.831431779999000020e+06 4.635480900269999984e+05
2.819500120000000152e+02 4.831432130005000159e+06 4.635481699830000289e+05
2.816400150000000053e+02 4.831432040009000339e+06 4.635480999760000268e+05
2.823399959999999851e+02 4.831432329986999743e+06 4.635481199950000155e+05
2.823200069999999755e+02 4.831432329986999743e+06 4.635481500239999732e+05
2.818800049999999828e+02 4.831432140014999546e+06 4.635480300290000159e+05
2.819599910000000023e+02 4.831432170013000257e+06 4.635480399779999861e+05
2.819400019999999927e+02 4.831432140014999546e+06 4.635480599979999824e+05
2.817300109999999904e+02 4.831431959990999661e+06 4.635480499880000134e+05
2.815599980000000073e+02 4.831431820007000118e+06 4.635480499880000134e+05
2.816300049999999828e+02 4.831431790009000339e+06 4.635480200199999963e+05
2.815700069999999755e+02 4.831431739989999682e+06 4.635480499880000134e+05
2.815799870000000169e+02 4.831431709990999661e+06 4.635480300290000159e+05
2.816900019999999927e+02 4.831431760010000318e+06 4.635480499880000134e+05
2.818800049999999828e+02 4.831432130005000159e+06 4.635480599979999824e+05
2.819100040000000149e+02 4.831432100006000139e+06 4.635480399779999861e+05
2.816300049999999828e+02 4.831431970000999980e+06 4.635480700070000021e+05
2.816600040000000149e+02 4.831431950012000278e+06 4.635480599979999824e+05
2.816799930000000245e+02 4.831431920013000257e+06 4.635480399779999861e+05
2.819299930000000245e+02 4.831432000000000000e+06 4.635480999760000268e+05
2.816400150000000053e+02 4.831431850006000139e+06 4.635480399779999861e+05
2.815299989999999752e+02 4.831431829986999743e+06 4.635480800169999711e+05
2.815499879999999848e+02 4.831431799987999722e+06 4.635480599979999824e+05
2.815899959999999851e+02 4.831431790009000339e+06 4.635480499880000134e+05
2.815599980000000073e+02 4.831431739989999682e+06 4.635480700070000021e+05
2.815599980000000073e+02 4.831431700012000278e+06 4.635480499880000134e+05
2.819299930000000245e+02 4.831432119994999841e+06 4.635480399779999861e+05
2.818200069999999755e+02 4.831432100006000139e+06 4.635480599979999824e+05
2.819400019999999927e+02 4.831432149993999861e+06 4.635481199950000155e+05
2.816499939999999924e+02 4.831432070007000118e+06 4.635480999760000268e+05
2.817099910000000023e+02 4.831432029999000020e+06 4.635480700070000021e+05
2.816000060000000076e+02 4.831431989989999682e+06 4.635480700070000021e+05
2.816300049999999828e+02 4.831431970000999980e+06 4.635480599979999824e+05
2.816900019999999927e+02 4.831431970000999980e+06 4.635480800169999711e+05
2.816400150000000053e+02 4.831431940001999959e+06 4.635480800169999711e+05
2.816600040000000149e+02 4.831431920013000257e+06 4.635480700070000021e+05
2.816199950000000172e+02 4.831431859985000454e+06 4.635480599979999824e+05
2.815199890000000096e+02 4.831431829986999743e+06 4.635480800169999711e+05
2.815899959999999851e+02 4.831431799987999722e+06 4.635480599979999824e+05
2.815700069999999755e+02 4.831431739989999682e+06 4.635480599979999824e+05
2.817000120000000152e+02 4.831431920013000257e+06 4.635480300290000159e+05
2.816900019999999927e+02 4.831431950012000278e+06 4.635480300290000159e+05
2.815199890000000096e+02 4.831431579986999743e+06 4.635480700070000021e+05
2.815599980000000073e+02 4.831431730011000298e+06 4.635480900269999984e+05
2.816000060000000076e+02 4.831431730011000298e+06 4.635480900269999984e+05
2.815400089999999977e+02 4.831431820007000118e+06 4.635480999760000268e+05
2.815599980000000073e+02 4.831431839995999821e+06 4.635480999760000268e+05
2.815400089999999977e+02 4.831431859985000454e+06 4.635480800169999711e+05
2.815499879999999848e+02 4.831432010010000318e+06 4.635480999760000268e+05
2.816499939999999924e+02 4.831432000000000000e+06 4.635481099849999882e+05
2.817300109999999904e+02 4.831432130005000159e+06 4.635480800169999711e+05
2.818500060000000076e+02 4.831432130005000159e+06 4.635480700070000021e+05
2.815599980000000073e+02 4.831431709990999661e+06 4.635480599979999824e+05
2.817500000000000000e+02 4.831431839995999821e+06 4.635481300049999845e+05
2.816199950000000172e+02 4.831431980011000298e+06 4.635480700070000021e+05
2.816700129999999831e+02 4.831431980011000298e+06 4.635480800169999711e+05
2.817300109999999904e+02 4.831432119994999841e+06 4.635480300290000159e+05
2.818699950000000172e+02 4.831432100006000139e+06 4.635480900269999984e+05
2.816300049999999828e+02 4.831431829986999743e+06 4.635480499880000134e+05
2.816900019999999927e+02 4.831431920013000257e+06 4.635480499880000134e+05
2.816600040000000149e+02 4.831431929992999882e+06 4.635480900269999984e+05
2.817099910000000023e+02 4.831431940001999959e+06 4.635480900269999984e+05
2.815599980000000073e+02 4.831431920013000257e+06 4.635481099849999882e+05
2.816400150000000053e+02 4.831431950012000278e+06 4.635480999760000268e+05
2.817300109999999904e+02 4.831431980011000298e+06 4.635480900269999984e+05
2.815499879999999848e+02 4.831431989989999682e+06 4.635480999760000268e+05
2.817399899999999775e+02 4.831432079986999743e+06 4.635480399779999861e+05
2.815400089999999977e+02 4.831432010010000318e+06 4.635481099849999882e+05
2.817399899999999775e+02 4.831432109985000454e+06 4.635480499880000134e+05
2.817300109999999904e+02 4.831432119994999841e+06 4.635480399779999861e+05
2.816700129999999831e+02 4.831432079986999743e+06 4.635480499880000134e+05
2.817399899999999775e+02 4.831432100006000139e+06 4.635480499880000134e+05
2.818399959999999851e+02 4.831432119994999841e+06 4.635480700070000021e+05
2.816900019999999927e+02 4.831432130005000159e+06 4.635480399779999861e+05
2.818399959999999851e+02 4.831432140014999546e+06 4.635480900269999984e+05
2.816799930000000245e+02 4.831432140014999546e+06 4.635480499880000134e+05
2.824700010000000248e+02 4.831431630005000159e+06 4.635480499880000134e+05
2.829200129999999831e+02 4.831432440001999959e+06 4.635479099730000016e+05
2.818699950000000172e+02 4.831432130005000159e+06 4.635480599979999824e+05
2.817000120000000152e+02 4.831432100006000139e+06 4.635480599979999824e+05
2.815899959999999851e+02 4.831432010010000318e+06 4.635480599979999824e+05
2.815700069999999755e+02 4.831432019988999702e+06 4.635480399779999861e+05
2.816499939999999924e+02 4.831431910004000179e+06 4.635480999760000268e+05
2.816700129999999831e+02 4.831431660004000179e+06 4.635480499880000134e+05
2.816000060000000076e+02 4.831431649993999861e+06 4.635480499880000134e+05
2.817000120000000152e+02 4.831431640014999546e+06 4.635480300290000159e+05
2.817200010000000248e+02 4.831431660004000179e+06 4.635480000000000000e+05
2.815700069999999755e+02 4.831431589995999821e+06 4.635480399779999861e+05
2.817000120000000152e+02 4.831432100006000139e+06 4.635481599730000016e+05
2.816799930000000245e+02 4.831432109985000454e+06 4.635481500239999732e+05
2.818299870000000169e+02 4.831432049987999722e+06 4.635481699830000289e+05
2.816799930000000245e+02 4.831432070007000118e+06 4.635481500239999732e+05
2.817000120000000152e+02 4.831432089995999821e+06 4.635481199950000155e+05
2.817099910000000023e+02 4.831432130005000159e+06 4.635480599979999824e+05
2.816700129999999831e+02 4.831432140014999546e+06 4.635480399779999861e+05
2.819100040000000149e+02 4.831432049987999722e+06 4.635481300049999845e+05
2.818200069999999755e+02 4.831432049987999722e+06 4.635481400150000118e+05
2.817200010000000248e+02 4.831432059998000041e+06 4.635481300049999845e+05
2.817200010000000248e+02 4.831432079986999743e+06 4.635480999760000268e+05
2.817099910000000023e+02 4.831432089995999821e+06 4.635480800169999711e+05
2.816600040000000149e+02 4.831432100006000139e+06 4.635480800169999711e+05
2.818399959999999851e+02 4.831432040009000339e+06 4.635481400150000118e+05
2.817900089999999977e+02 4.831432049987999722e+06 4.635481400150000118e+05
2.817500000000000000e+02 4.831432059998000041e+06 4.635481300049999845e+05
2.817200010000000248e+02 4.831432070007000118e+06 4.635481099849999882e+05
2.817099910000000023e+02 4.831432079986999743e+06 4.635480900269999984e+05
2.816499939999999924e+02 4.831432089995999821e+06 4.635480800169999711e+05
2.818500060000000076e+02 4.831432029999000020e+06 4.635481400150000118e+05
2.817500000000000000e+02 4.831432029999000020e+06 4.635481599730000016e+05
2.817399899999999775e+02 4.831432040009000339e+06 4.635481400150000118e+05
2.816900019999999927e+02 4.831432049987999722e+06 4.635481300049999845e+05
2.817000120000000152e+02 4.831432070007000118e+06 4.635480999760000268e+05
2.816700129999999831e+02 4.831432079986999743e+06 4.635480900269999984e+05
2.818699950000000172e+02 4.831432019988999702e+06 4.635481500239999732e+05
2.817699890000000096e+02 4.831432019988999702e+06 4.635481599730000016e+05
2.816700129999999831e+02 4.831432029999000020e+06 4.635481500239999732e+05
2.817099910000000023e+02 4.831432059998000041e+06 4.635480999760000268e+05
2.816499939999999924e+02 4.831432059998000041e+06 4.635480999760000268e+05
2.816300049999999828e+02 4.831432079986999743e+06 4.635480800169999711e+05
2.818200069999999755e+02 4.831432010010000318e+06 4.635481400150000118e+05
2.816700129999999831e+02 4.831432019988999702e+06 4.635481500239999732e+05
2.816300049999999828e+02 4.831432019988999702e+06 4.635481400150000118e+05
2.816900019999999927e+02 4.831432049987999722e+06 4.635480800169999711e+05
2.816099849999999947e+02 4.831432059998000041e+06 4.635480900269999984e+05
2.817399899999999775e+02 4.831431989989999682e+06 4.635481099849999882e+05
2.816700129999999831e+02 4.831432029999000020e+06 4.635480599979999824e+05
2.815799870000000169e+02 4.831432029999000020e+06 4.635480700070000021e+05
2.815700069999999755e+02 4.831431970000999980e+06 4.635480700070000021e+05
2.815499879999999848e+02 4.831431980011000298e+06 4.635480499880000134e+05
2.816700129999999831e+02 4.831431600006000139e+06 4.635480900269999984e+05
2.818599849999999947e+02 4.831432130005000159e+06 4.635481699830000289e+05
2.818099980000000073e+02 4.831432079986999743e+06 4.635481799929999979e+05
2.817000120000000152e+02 4.831432109985000454e+06 4.635481799929999979e+05
2.817300109999999904e+02 4.831432000000000000e+06 4.635481099849999882e+05
2.816499939999999924e+02 4.831432019988999702e+06 4.635481199950000155e+05
2.815299989999999752e+02 4.831431600006000139e+06 4.635480300290000159e+05
2.817300109999999904e+02 4.831431769988999702e+06 4.635480399779999861e+05
2.823900150000000053e+02 4.831431679992999882e+06 4.635480399779999861e+05
2.823900150000000053e+02 4.831431730011000298e+06 4.635480399779999861e+05
2.816900019999999927e+02 4.831432010010000318e+06 4.635481099849999882e+05
2.816199950000000172e+02 4.831432019988999702e+06 4.635481099849999882e+05
2.817300109999999904e+02 4.831432070007000118e+06 4.635480999760000268e+05
2.818699950000000172e+02 4.831432149993999861e+06 4.635481500239999732e+05
2.818999939999999924e+02 4.831432029999000020e+06 4.635481300049999845e+05
2.816600040000000149e+02 4.831432040009000339e+06 4.635480800169999711e+05
2.819200129999999831e+02 4.831432130005000159e+06 4.635480599979999824e+05
2.818599849999999947e+02 4.831432119994999841e+06 4.635480599979999824e+05
2.817399899999999775e+02 4.831432119994999841e+06 4.635480399779999861e+05
2.818999939999999924e+02 4.831432089995999821e+06 4.635481300049999845e+05
2.815899959999999851e+02 4.831432059998000041e+06 4.635481199950000155e+05
2.817000120000000152e+02 4.831431899993999861e+06 4.635481099849999882e+05
2.817799989999999752e+02 4.831431989989999682e+06 4.635481599730000016e+05
2.816400150000000053e+02 4.831431970000999980e+06 4.635481099849999882e+05
2.818900150000000053e+02 4.831432170013000257e+06 4.635480599979999824e+05
2.818399959999999851e+02 4.831432149993999861e+06 4.635480599979999824e+05
2.818099980000000073e+02 4.831432109985000454e+06 4.635481300049999845e+05
2.816900019999999927e+02 4.831432089995999821e+06 4.635481099849999882e+05
2.826300049999999828e+02 4.831432190001999959e+06 4.635483200070000021e+05
2.825499879999999848e+02 4.831432149993999861e+06 4.635483400269999984e+05
2.823900150000000053e+02 4.831432260010000318e+06 4.635483300169999711e+05
2.825299989999999752e+02 4.831432149993999861e+06 4.635482800290000159e+05
2.816799930000000245e+02 4.831432000000000000e+06 4.635482199709999841e+05
2.817000120000000152e+02 4.831431940001999959e+06 4.635482100220000139e+05
2.817600100000000225e+02 4.831432079986999743e+06 4.635482000119999866e+05
2.816900019999999927e+02 4.831431959990999661e+06 4.635482199709999841e+05
2.817699890000000096e+02 4.831431630005000159e+06 4.635492000119999866e+05
2.816000060000000076e+02 4.831431769988999702e+06 4.635491099849999882e+05
2.817699890000000096e+02 4.831431649993999861e+06 4.635491699830000289e+05
2.823299870000000169e+02 4.831432420013000257e+06 4.635482299800000037e+05
2.823699950000000172e+02 4.831432410004000179e+06 4.635482100220000139e+05
2.818099980000000073e+02 4.831431640014999546e+06 4.635491199950000155e+05
2.819800109999999904e+02 4.831431649993999861e+06 4.635491300049999845e+05
2.819100040000000149e+02 4.831431700012000278e+06 4.635490900269999984e+05
2.819599910000000023e+02 4.831431709990999661e+06 4.635490900269999984e+05
2.816199950000000172e+02 4.831431730011000298e+06 4.635490399779999861e+05
2.818500060000000076e+02 4.831432059998000041e+06 4.635488800049999845e+05
2.818699950000000172e+02 4.831431649993999861e+06 4.635490599979999824e+05
2.825599980000000073e+02 4.831432339995999821e+06 4.635482700199999963e+05
2.825000000000000000e+02 4.831432350006000139e+06 4.635482999880000134e+05
2.824700010000000248e+02 4.831432329986999743e+06 4.635482800290000159e+05
2.819899899999999775e+02 4.831431750000000000e+06 4.635490999760000268e+05
2.818699950000000172e+02 4.831431649993999861e+06 4.635490800169999711e+05
2.818500060000000076e+02 4.831431630005000159e+06 4.635490700070000021e+05
2.817900089999999977e+02 4.831431640014999546e+06 4.635491099849999882e+05
2.829500120000000152e+02 4.831431820007000118e+06 4.635487299800000037e+05
2.816799930000000245e+02 4.831431609985000454e+06 4.635490900269999984e+05
2.817900089999999977e+02 4.831432140014999546e+06 4.635490700070000021e+05
2.817300109999999904e+02 4.831432149993999861e+06 4.635489799800000037e+05
2.820299989999999752e+02 4.831431640014999546e+06 4.635491500239999732e+05
2.820100100000000225e+02 4.831431609985000454e+06 4.635490900269999984e+05
2.819500120000000152e+02 4.831431670013000257e+06 4.635491300049999845e+05
2.819500120000000152e+02 4.831431679992999882e+06 4.635491099849999882e+05
2.817999879999999848e+02 4.831431670013000257e+06 4.635491099849999882e+05
2.819500120000000152e+02 4.831431670013000257e+06 4.635491099849999882e+05
2.820199890000000096e+02 4.831431649993999861e+06 4.635491500239999732e+05
2.820100100000000225e+02 4.831431640014999546e+06 4.635491300049999845e+05
2.819400019999999927e+02 4.831431670013000257e+06 4.635491199950000155e+05
2.816700129999999831e+02 4.831431640014999546e+06 4.635490700070000021e+05
2.817300109999999904e+02 4.831431670013000257e+06 4.635490800169999711e+05
2.818900150000000053e+02 4.831431769988999702e+06 4.635491099849999882e+05
2.815299989999999752e+02 4.831431660004000179e+06 4.635490499880000134e+05
2.815499879999999848e+02 4.831431690001999959e+06 4.635490599979999824e+05
2.815400089999999977e+02 4.831431690001999959e+06 4.635490300290000159e+05
2.818599849999999947e+02 4.831432130005000159e+06 4.635489400020000176e+05
2.818999939999999924e+02 4.831432109985000454e+06 4.635488599849999882e+05
2.818800049999999828e+02 4.831432040009000339e+06 4.635488400269999984e+05
2.818699950000000172e+02 4.831432070007000118e+06 4.635488599849999882e+05
2.818800049999999828e+02 4.831432100006000139e+06 4.635488699950000155e+05
2.819100040000000149e+02 4.831432149993999861e+06 4.635488900150000118e+05
2.818099980000000073e+02 4.831432149993999861e+06 4.635489299929999979e+05
2.817399899999999775e+02 4.831432160004000179e+06 4.635489500119999866e+05
2.816600040000000149e+02 4.831432160004000179e+06 4.635489799800000037e+05
2.817699890000000096e+02 4.831432130005000159e+06 4.635487999880000134e+05
2.820000000000000000e+02 4.831431660004000179e+06 4.635490999760000268e+05
2.818599849999999947e+02 4.831431660004000179e+06 4.635491199950000155e+05
2.818599849999999947e+02 4.831432049987999722e+06 4.635488499760000268e+05
2.819200129999999831e+02 4.831432089995999821e+06 4.635488499760000268e+05
2.818099980000000073e+02 4.831432109985000454e+06 4.635489000239999732e+05
2.818999939999999924e+02 4.831432160004000179e+06 4.635489000239999732e+05
2.817600100000000225e+02 4.831432149993999861e+06 4.635489400020000176e+05
2.817600100000000225e+02 4.831432170013000257e+06 4.635489500119999866e+05
2.816499939999999924e+02 4.831432160004000179e+06 4.635489799800000037e+05
2.816799930000000245e+02 4.831432149993999861e+06 4.635489000239999732e+05
2.824100040000000149e+02 4.831432399993999861e+06 4.635482700199999963e+05
2.824200129999999831e+02 4.831432380005000159e+06 4.635482600100000273e+05
2.823599849999999947e+02 4.831432399993999861e+06 4.635481799929999979e+05
2.824299930000000245e+02 4.831432399993999861e+06 4.635482000119999866e+05
2.825499879999999848e+02 4.831432359985000454e+06 4.635482500000000000e+05
2.825599980000000073e+02 4.831432329986999743e+06 4.635482399899999727e+05
2.823299870000000169e+02 4.831432350006000139e+06 4.635482399899999727e+05
2.816499939999999924e+02 4.831432160004000179e+06 4.635490000000000000e+05
2.818399959999999851e+02 4.831432170013000257e+06 4.635490399779999861e+05
2.816300049999999828e+02 4.831432149993999861e+06 4.635490700070000021e+05
2.817900089999999977e+02 4.831432160004000179e+06 4.635490499880000134e+05
2.818200069999999755e+02 4.831432140014999546e+06 4.635490300290000159e+05
2.816499939999999924e+02 4.831432140014999546e+06 4.635490700070000021e+05
2.816600040000000149e+02 4.831432140014999546e+06 4.635490800169999711e+05
2.815899959999999851e+02 4.831431700012000278e+06 4.635490300290000159e+05
2.815899959999999851e+02 4.831432109985000454e+06 4.635490499880000134e+05
2.816600040000000149e+02 4.831432109985000454e+06 4.635490499880000134e+05
2.817699890000000096e+02 4.831432019988999702e+06 4.635490999760000268e+05
2.820100100000000225e+02 4.831431829986999743e+06 4.635490900269999984e+05
2.820000000000000000e+02 4.831431790009000339e+06 4.635490999760000268e+05
2.817200010000000248e+02 4.831432130005000159e+06 4.635491500239999732e+05
2.826400150000000053e+02 4.831432140014999546e+06 4.635483300169999711e+05
2.827399899999999775e+02 4.831432239989999682e+06 4.635483400269999984e+05
2.827000120000000152e+02 4.831432239989999682e+06 4.635483400269999984e+05
2.823999939999999924e+02 4.831432220000999980e+06 4.635483200070000021e+05
2.827099910000000023e+02 4.831432239989999682e+06 4.635483099979999824e+05
2.826799930000000245e+02 4.831432250000000000e+06 4.635483200070000021e+05
2.826099849999999947e+02 4.831432250000000000e+06 4.635483099979999824e+05
2.823900150000000053e+02 4.831432279999000020e+06 4.635483300169999711e+05
2.827200010000000248e+02 4.831432290009000339e+06 4.635483200070000021e+05
2.826400150000000053e+02 4.831432269988999702e+06 4.635482999880000134e+05
2.825899959999999851e+02 4.831432279999000020e+06 4.635483099979999824e+05
2.823999939999999924e+02 4.831432239989999682e+06 4.635482700199999963e+05
2.826900019999999927e+02 4.831432269988999702e+06 4.635483099979999824e+05
2.826400150000000053e+02 4.831432269988999702e+06 4.635483099979999824e+05
2.823900150000000053e+02 4.831432290009000339e+06 4.635483200070000021e+05
2.827300109999999904e+02 4.831432290009000339e+06 4.635483200070000021e+05
2.826600040000000149e+02 4.831432279999000020e+06 4.635482999880000134e+05
2.824100040000000149e+02 4.831432290009000339e+06 4.635483099979999824e+05
2.827300109999999904e+02 4.831432309998000041e+06 4.635482999880000134e+05
2.825899959999999851e+02 4.831432329986999743e+06 4.635483099979999824e+05
2.825799870000000169e+02 4.831432359985000454e+06 4.635483300169999711e+05
2.824700010000000248e+02 4.831432320007000118e+06 4.635482999880000134e+05
2.823900150000000053e+02 4.831432309998000041e+06 4.635482899779999861e+05
2.825799870000000169e+02 4.831432350006000139e+06 4.635482899779999861e+05
2.824400019999999927e+02 4.831432339995999821e+06 4.635482800290000159e+05
2.824400019999999927e+02 4.831432369994999841e+06 4.635482999880000134e+05
2.823399959999999851e+02 4.831432350006000139e+06 4.635482800290000159e+05
2.823900150000000053e+02 4.831432410004000179e+06 4.635483300169999711e+05
2.824100040000000149e+02 4.831432369994999841e+06 4.635482600100000273e+05
2.821400150000000053e+02 4.831432299987999722e+06 4.635490599979999824e+05
2.828200069999999755e+02 4.831432279999000020e+06 4.635483300169999711e+05
2.827399899999999775e+02 4.831432290009000339e+06 4.635483300169999711e+05
2.825499879999999848e+02 4.831432200012000278e+06 4.635482999880000134e+05
2.827099910000000023e+02 4.831432290009000339e+06 4.635482999880000134e+05
2.825899959999999851e+02 4.831432279999000020e+06 4.635483099979999824e+05
2.823900150000000053e+02 4.831432239989999682e+06 4.635483099979999824e+05
2.823900150000000053e+02 4.831432269988999702e+06 4.635483300169999711e+05
2.827200010000000248e+02 4.831432299987999722e+06 4.635482899779999861e+05
2.825700069999999755e+02 4.831432299987999722e+06 4.635483099979999824e+05
2.823900150000000053e+02 4.831432279999000020e+06 4.635483200070000021e+05
2.825599980000000073e+02 4.831432329986999743e+06 4.635483200070000021e+05
2.824899899999999775e+02 4.831432309998000041e+06 4.635483200070000021e+05
2.824299930000000245e+02 4.831432339995999821e+06 4.635483400269999984e+05
2.827099910000000023e+02 4.831432290009000339e+06 4.635482999880000134e+05
2.826499939999999924e+02 4.831432279999000020e+06 4.635482999880000134e+05
2.826300049999999828e+02 4.831432299987999722e+06 4.635483099979999824e+05
2.823999939999999924e+02 4.831432220000999980e+06 4.635482999880000134e+05
2.825899959999999851e+02 4.831432359985000454e+06 4.635483300169999711e+05
2.824400019999999927e+02 4.831432299987999722e+06 4.635483099979999824e+05
2.825599980000000073e+02 4.831432350006000139e+06 4.635482899779999861e+05
2.824500120000000152e+02 4.831432309998000041e+06 4.635482800290000159e+05
2.824299930000000245e+02 4.831432359985000454e+06 4.635483099979999824e+05
2.823500060000000076e+02 4.831432359985000454e+06 4.635482899779999861e+05
2.825100100000000225e+02 4.831432279999000020e+06 4.635482999880000134e+05
2.824200129999999831e+02 4.831432339995999821e+06 4.635482800290000159e+05
2.827600100000000225e+02 4.831432010010000318e+06 4.635482399899999727e+05
2.825199890000000096e+02 4.831432250000000000e+06 4.635482500000000000e+05
2.821099849999999947e+02 4.831432239989999682e+06 4.635482299800000037e+05
2.825299989999999752e+02 4.831432339995999821e+06 4.635482500000000000e+05
2.824100040000000149e+02 4.831432399993999861e+06 4.635482199709999841e+05
2.823999939999999924e+02 4.831432429992999882e+06 4.635482399899999727e+05
2.822799989999999752e+02 4.831432390014999546e+06 4.635482100220000139e+05
2.825700069999999755e+02 4.831432299987999722e+06 4.635482299800000037e+05
2.825799870000000169e+02 4.831432350006000139e+06 4.635482500000000000e+05
2.824299930000000245e+02 4.831432399993999861e+06 4.635482000119999866e+05
2.823900150000000053e+02 4.831432410004000179e+06 4.635482100220000139e+05
2.817600100000000225e+02 4.831432040009000339e+06 4.635491300049999845e+05
2.816400150000000053e+02 4.831432109985000454e+06 4.635491199950000155e+05
2.816099849999999947e+02 4.831432119994999841e+06 4.635491300049999845e+05
2.817399899999999775e+02 4.831432130005000159e+06 4.635490800169999711e+05
2.816600040000000149e+02 4.831432119994999841e+06 4.635490700070000021e+05
2.816600040000000149e+02 4.831432149993999861e+06 4.635490999760000268e+05
2.816000060000000076e+02 4.831432149993999861e+06 4.635490999760000268e+05
2.815599980000000073e+02 4.831432160004000179e+06 4.635490999760000268e+05
2.817200010000000248e+02 4.831432149993999861e+06 4.635490599979999824e+05
2.816700129999999831e+02 4.831432149993999861e+06 4.635490599979999824e+05
2.816499939999999924e+02 4.831432170013000257e+06 4.635490800169999711e+05
2.815700069999999755e+02 4.831432149993999861e+06 4.635490700070000021e+05
2.817500000000000000e+02 4.831432190001999959e+06 4.635490399779999861e+05
2.816199950000000172e+02 4.831432149993999861e+06 4.635490100100000273e+05
2.815799870000000169e+02 4.831432160004000179e+06 4.635490200199999963e+05
2.815599980000000073e+02 4.831432179992999882e+06 4.635490300290000159e+05
2.815499879999999848e+02 4.831432209990999661e+06 4.635490499880000134e+05
2.817399899999999775e+02 4.831432160004000179e+06 4.635489799800000037e+05
2.817099910000000023e+02 4.831432179992999882e+06 4.635489899899999727e+05
2.816900019999999927e+02 4.831432170013000257e+06 4.635489500119999866e+05
2.817699890000000096e+02 4.831432029999000020e+06 4.635491099849999882e+05
2.818800049999999828e+02 4.831432100006000139e+06 4.635490999760000268e+05
2.817999879999999848e+02 4.831432079986999743e+06 4.635490900269999984e+05
2.817399899999999775e+02 4.831432070007000118e+06 4.635490999760000268e+05
2.818299870000000169e+02 4.831432130005000159e+06 4.635490700070000021e+05
2.816000060000000076e+02 4.831432119994999841e+06 4.635490900269999984e+05
2.815700069999999755e+02 4.831432140014999546e+06 4.635491099849999882e+05
2.817200010000000248e+02 4.831432160004000179e+06 4.635490300290000159e+05
2.815899959999999851e+02 4.831432140014999546e+06 4.635490399779999861e+05
2.815400089999999977e+02 4.831432149993999861e+06 4.635490499880000134e+05
2.817799989999999752e+02 4.831432160004000179e+06 4.635489500119999866e+05
2.816499939999999924e+02 4.831432119994999841e+06 4.635489500119999866e+05
2.819700010000000248e+02 4.831431829986999743e+06 4.635490900269999984e+05
2.818099980000000073e+02 4.831432170013000257e+06 4.635490300290000159e+05
2.816499939999999924e+02 4.831432130005000159e+06 4.635490599979999824e+05
2.816300049999999828e+02 4.831432140014999546e+06 4.635490700070000021e+05
2.818399959999999851e+02 4.831432200012000278e+06 4.635490000000000000e+05
2.817999879999999848e+02 4.831432200012000278e+06 4.635490200199999963e+05
2.817200010000000248e+02 4.831432179992999882e+06 4.635490300290000159e+05
2.816400150000000053e+02 4.831432160004000179e+06 4.635490399779999861e+05
2.816000060000000076e+02 4.831432160004000179e+06 4.635490499880000134e+05
2.815899959999999851e+02 4.831432190001999959e+06 4.635490700070000021e+05
2.817300109999999904e+02 4.831432149993999861e+06 4.635489799800000037e+05
2.817099910000000023e+02 4.831432170013000257e+06 4.635489899899999727e+05
2.816499939999999924e+02 4.831432149993999861e+06 4.635490000000000000e+05
2.815899959999999851e+02 4.831432149993999861e+06 4.635490100100000273e+05
2.818699950000000172e+02 4.831432130005000159e+06 4.635489099730000016e+05
2.818200069999999755e+02 4.831432170013000257e+06 4.635489400020000176e+05
2.817300109999999904e+02 4.831432160004000179e+06 4.635489600220000139e+05
2.817000120000000152e+02 4.831432170013000257e+06 4.635489799800000037e+05
2.816199950000000172e+02 4.831432149993999861e+06 4.635489899899999727e+05
2.815799870000000169e+02 4.831432149993999861e+06 4.635490000000000000e+05
2.818699950000000172e+02 4.831432109985000454e+06 4.635488499760000268e+05
2.819200129999999831e+02 4.831432190001999959e+06 4.635488699950000155e+05
2.816900019999999927e+02 4.831432160004000179e+06 4.635489299929999979e+05
2.817799989999999752e+02 4.831432130005000159e+06 4.635488300169999711e+05
2.817500000000000000e+02 4.831432140014999546e+06 4.635488400269999984e+05
2.823800049999999828e+02 4.831432359985000454e+06 4.635482399899999727e+05
2.823999939999999924e+02 4.831432339995999821e+06 4.635482199709999841e+05
2.822999879999999848e+02 4.831432200012000278e+06 4.635481900020000176e+05
2.823500060000000076e+02 4.831432369994999841e+06 4.635481900020000176e+05
2.823599849999999947e+02 4.831432339995999821e+06 4.635482399899999727e+05
2.816600040000000149e+02 4.831431920013000257e+06 4.635483400269999984e+05
2.817999879999999848e+02 4.831432079986999743e+06 4.635488200070000021e+05
2.818500060000000076e+02 4.831432130005000159e+06 4.635489000239999732e+05
2.818999939999999924e+02 4.831432130005000159e+06 4.635488900150000118e+05
2.818099980000000073e+02 4.831431709990999661e+06 4.635490399779999861e+05
2.819100040000000149e+02 4.831431750000000000e+06 4.635490499880000134e+05
2.817999879999999848e+02 4.831432149993999861e+06 4.635488900150000118e+05
2.816900019999999927e+02 4.831432130005000159e+06 4.635489400020000176e+05
2.817999879999999848e+02 4.831432140014999546e+06 4.635489400020000176e+05
2.818599849999999947e+02 4.831432140014999546e+06 4.635489500119999866e+05
2.817300109999999904e+02 4.831432140014999546e+06 4.635490000000000000e+05
2.818299870000000169e+02 4.831432100006000139e+06 4.635490399779999861e+05
2.816900019999999927e+02 4.831432170013000257e+06 4.635491400150000118e+05
2.818699950000000172e+02 4.831432230011000298e+06 4.635490300290000159e+05
2.815599980000000073e+02 4.831432109985000454e+06 4.635490700070000021e+05
2.819700010000000248e+02 4.831431790009000339e+06 4.635490999760000268e+05
2.826099849999999947e+02 4.831432269988999702e+06 4.635489699709999841e+05
2.820499879999999848e+02 4.831431809998000041e+06 4.635490700070000021e+05
2.826700129999999831e+02 4.831432420013000257e+06 4.635489299929999979e+05
2.827399899999999775e+02 4.831432329986999743e+06 4.635482399899999727e+05
2.816099849999999947e+02 4.831431609985000454e+06 4.635490499880000134e+05
2.818399959999999851e+02 4.831432029999000020e+06 4.635488499760000268e+05
2.816400150000000053e+02 4.831432149993999861e+06 4.635490000000000000e+05
2.817999879999999848e+02 4.831432170013000257e+06 4.635490000000000000e+05
2.816499939999999924e+02 4.831432140014999546e+06 4.635490599979999824e+05
2.816300049999999828e+02 4.831432149993999861e+06 4.635490700070000021e+05
2.817300109999999904e+02 4.831432179992999882e+06 4.635490399779999861e+05
2.816199950000000172e+02 4.831432160004000179e+06 4.635490900269999984e+05
2.817200010000000248e+02 4.831432179992999882e+06 4.635490700070000021e+05
2.817300109999999904e+02 4.831432190001999959e+06 4.635490599979999824e+05
2.817500000000000000e+02 4.831432179992999882e+06 4.635490800169999711e+05
2.817300109999999904e+02 4.831432179992999882e+06 4.635490599979999824e+05
2.817399899999999775e+02 4.831432179992999882e+06 4.635490700070000021e+05
2.817300109999999904e+02 4.831432179992999882e+06 4.635490800169999711e+05
2.817699890000000096e+02 4.831432200012000278e+06 4.635490800169999711e+05
2.819899899999999775e+02 4.831431640014999546e+06 4.635491500239999732e+05
2.815400089999999977e+02 4.831431670013000257e+06 4.635490499880000134e+05
2.818800049999999828e+02 4.831431739989999682e+06 4.635490900269999984e+05
2.819500120000000152e+02 4.831431760010000318e+06 4.635490900269999984e+05
2.817500000000000000e+02 4.831432130005000159e+06 4.635490900269999984e+05
2.818800049999999828e+02 4.831432190001999959e+06 4.635490599979999824e+05
2.817099910000000023e+02 4.831432160004000179e+06 4.635490900269999984e+05
2.820700069999999755e+02 4.831431730011000298e+06 4.635490999760000268e+05
2.825499879999999848e+02 4.831432309998000041e+06 4.635483099979999824e+05
2.825599980000000073e+02 4.831432309998000041e+06 4.635482999880000134e+05
2.825100100000000225e+02 4.831432290009000339e+06 4.635482999880000134e+05
2.825199890000000096e+02 4.831432269988999702e+06 4.635482999880000134e+05
2.825299989999999752e+02 4.831432250000000000e+06 4.635482800290000159e+05
2.825100100000000225e+02 4.831432230011000298e+06 4.635483200070000021e+05
2.824800109999999904e+02 4.831432230011000298e+06 4.635483099979999824e+05
2.826099849999999947e+02 4.831432179992999882e+06 4.635482600100000273e+05
2.824700010000000248e+02 4.831432260010000318e+06 4.635482899779999861e+05
2.822999879999999848e+02 4.831432269988999702e+06 4.635483599849999882e+05
2.825199890000000096e+02 4.831432309998000041e+06 4.635482500000000000e+05
2.825199890000000096e+02 4.831432200012000278e+06 4.635482399899999727e+05
2.825400089999999977e+02 4.831432209990999661e+06 4.635482100220000139e+05
2.817900089999999977e+02 4.831432100006000139e+06 4.635490999760000268e+05
2.819500120000000152e+02 4.831431850006000139e+06 4.635490700070000021e+05
2.820299989999999752e+02 4.831431730011000298e+06 4.635491199950000155e+05
2.819599910000000023e+02 4.831431739989999682e+06 4.635490599979999824e+05
2.819700010000000248e+02 4.831431630005000159e+06 4.635491199950000155e+05
2.820199890000000096e+02 4.831431809998000041e+06 4.635490800169999711e+05
2.820000000000000000e+02 4.831431820007000118e+06 4.635490599979999824e+05
2.817900089999999977e+02 4.831432130005000159e+06 4.635490300290000159e+05
2.815700069999999755e+02 4.831431619994999841e+06 4.635490700070000021e+05
2.815499879999999848e+02 4.831431690001999959e+06 4.635490599979999824e+05
2.817600100000000225e+02 4.831431700012000278e+06 4.635490800169999711e+05
2.819400019999999927e+02 4.831431790009000339e+06 4.635490800169999711e+05
2.818699950000000172e+02 4.831432079986999743e+06 4.635488599849999882e+05
2.818099980000000073e+02 4.831432170013000257e+06 4.635490100100000273e+05
2.820000000000000000e+02 4.831431660004000179e+06 4.635491199950000155e+05
2.815700069999999755e+02 4.831431640014999546e+06 4.635490499880000134e+05
2.817799989999999752e+02 4.831431690001999959e+06 4.635490700070000021e+05
2.817799989999999752e+02 4.831431679992999882e+06 4.635490900269999984e+05
2.819100040000000149e+02 4.831431779999000020e+06 4.635490900269999984e+05
2.818200069999999755e+02 4.831432149993999861e+06 4.635488599849999882e+05
2.818299870000000169e+02 4.831432200012000278e+06 4.635490100100000273e+05
2.823999939999999924e+02 4.831432399993999861e+06 4.635482500000000000e+05
2.817799989999999752e+02 4.831431640014999546e+06 4.635490499880000134e+05
2.819800109999999904e+02 4.831431820007000118e+06 4.635490399779999861e+05
2.820000000000000000e+02 4.831431690001999959e+06 4.635490499880000134e+05
2.824100040000000149e+02 4.831432179992999882e+06 4.635483099979999824e+05
2.824899899999999775e+02 4.831432269988999702e+06 4.635482700199999963e+05
2.826000060000000076e+02 4.831432299987999722e+06 4.635482999880000134e+05
2.824800109999999904e+02 4.831432320007000118e+06 4.635482899779999861e+05
2.824700010000000248e+02 4.831432309998000041e+06 4.635483099979999824e+05
2.824100040000000149e+02 4.831432309998000041e+06 4.635483099979999824e+05
2.824200129999999831e+02 4.831432380005000159e+06 4.635483200070000021e+05
2.825400089999999977e+02 4.831432119994999841e+06 4.635482899779999861e+05
2.823900150000000053e+02 4.831432089995999821e+06 4.635482999880000134e+05
2.826000060000000076e+02 4.831432209990999661e+06 4.635482899779999861e+05
2.826000060000000076e+02 4.831432269988999702e+06 4.635482700199999963e+05
2.826000060000000076e+02 4.831432250000000000e+06 4.635482899779999861e+05
2.823999939999999924e+02 4.831432230011000298e+06 4.635482800290000159e+05
2.824500120000000152e+02 4.831432209990999661e+06 4.635483300169999711e+05
2.825199890000000096e+02 4.831432299987999722e+06 4.635482999880000134e+05
2.825100100000000225e+02 4.831432290009000339e+06 4.635483200070000021e+05
2.824700010000000248e+02 4.831432279999000020e+06 4.635483300169999711e+05
2.825000000000000000e+02 4.831432350006000139e+06 4.635483200070000021e+05
2.824899899999999775e+02 4.831432329986999743e+06 4.635483400269999984e+05
2.825499879999999848e+02 4.831432149993999861e+06 4.635482700199999963e+05
2.826300049999999828e+02 4.831432260010000318e+06 4.635482999880000134e+05
2.824599910000000023e+02 4.831432230011000298e+06 4.635482700199999963e+05
2.824500120000000152e+02 4.831432220000999980e+06 4.635482899779999861e+05
2.827500000000000000e+02 4.831431940001999959e+06 4.635482600100000273e+05
2.824899899999999775e+02 4.831432239989999682e+06 4.635482600100000273e+05
2.818099980000000073e+02 4.831432040009000339e+06 4.635491099849999882e+05
2.818399959999999851e+02 4.831432089995999821e+06 4.635490999760000268e+05
2.818800049999999828e+02 4.831432140014999546e+06 4.635490900269999984e+05
2.818599849999999947e+02 4.831432170013000257e+06 4.635490999760000268e+05
2.817300109999999904e+02 4.831432130005000159e+06 4.635481900020000176e+05
2.819200129999999831e+02 4.831431570007000118e+06 4.635491400150000118e+05
2.819800109999999904e+02 4.831431750000000000e+06 4.635492100220000139e+05
2.819200129999999831e+02 4.831431670013000257e+06 4.635492100220000139e+05
2.827600100000000225e+02 4.831432359985000454e+06 4.635494699709999841e+05
2.826300049999999828e+02 4.831432410004000179e+06 4.635494400020000176e+05
2.827000120000000152e+02 4.831432399993999861e+06 4.635494799800000037e+05
2.827300109999999904e+02 4.831432380005000159e+06 4.635494099730000016e+05
2.827099910000000023e+02 4.831432359985000454e+06 4.635493699950000155e+05
2.826700129999999831e+02 4.831432390014999546e+06 4.635494000239999732e+05
2.826799930000000245e+02 4.831432399993999861e+06 4.635494000239999732e+05
2.826199950000000172e+02 4.831432420013000257e+06 4.635494400020000176e+05
2.826099849999999947e+02 4.831432429992999882e+06 4.635494600220000139e+05
2.826300049999999828e+02 4.831432420013000257e+06 4.635494500119999866e+05
2.826700129999999831e+02 4.831432390014999546e+06 4.635494000239999732e+05
2.826499939999999924e+02 4.831432390014999546e+06 4.635494000239999732e+05
2.825100100000000225e+02 4.831432420013000257e+06 4.635494500119999866e+05
2.825700069999999755e+02 4.831432500000000000e+06 4.635494799800000037e+05
2.825299989999999752e+02 4.831432399993999861e+06 4.635494199830000289e+05
2.825700069999999755e+02 4.831432390014999546e+06 4.635494000239999732e+05
2.825599980000000073e+02 4.831432410004000179e+06 4.635494299929999979e+05
2.826700129999999831e+02 4.831432380005000159e+06 4.635494099730000016e+05
2.826000060000000076e+02 4.831432440001999959e+06 4.635494500119999866e+05
2.827399899999999775e+02 4.831432380005000159e+06 4.635494299929999979e+05
2.827799989999999752e+02 4.831432429992999882e+06 4.635494600220000139e+05
2.827300109999999904e+02 4.831432410004000179e+06 4.635494600220000139e+05
2.827399899999999775e+02 4.831432429992999882e+06 4.635494699709999841e+05
2.826900019999999927e+02 4.831432380005000159e+06 4.635494899899999727e+05
2.827600100000000225e+02 4.831432410004000179e+06 4.635494699709999841e+05
2.827000120000000152e+02 4.831432399993999861e+06 4.635494500119999866e+05
2.827399899999999775e+02 4.831432429992999882e+06 4.635494600220000139e+05
2.826799930000000245e+02 4.831432440001999959e+06 4.635494299929999979e+05
2.827500000000000000e+02 4.831432420013000257e+06 4.635493599849999882e+05
2.826799930000000245e+02 4.831432450012000278e+06 4.635493900150000118e+05
2.826700129999999831e+02 4.831432429992999882e+06 4.635493599849999882e+05
2.826700129999999831e+02 4.831432359985000454e+06 4.635493599849999882e+05
2.827500000000000000e+02 4.831432450012000278e+06 4.635493900150000118e+05
2.826499939999999924e+02 4.831432440001999959e+06 4.635493900150000118e+05
2.818500060000000076e+02 4.831431910004000179e+06 4.635493900150000118e+05
2.818399959999999851e+02 4.831431950012000278e+06 4.635494099730000016e+05
2.818800049999999828e+02 4.831431940001999959e+06 4.635492999880000134e+05
2.818299870000000169e+02 4.831431950012000278e+06 4.635492999880000134e+05
2.818500060000000076e+02 4.831431950012000278e+06 4.635493099979999824e+05
2.819400019999999927e+02 4.831431970000999980e+06 4.635492899779999861e+05
2.818599849999999947e+02 4.831431920013000257e+06 4.635493699950000155e+05
2.819299930000000245e+02 4.831431910004000179e+06 4.635493900150000118e+05
2.818999939999999924e+02 4.831431959990999661e+06 4.635494199830000289e+05
2.818800049999999828e+02 4.831431920013000257e+06 4.635493699950000155e+05
2.818800049999999828e+02 4.831431940001999959e+06 4.635493499760000268e+05
2.819500120000000152e+02 4.831431929992999882e+06 4.635493099979999824e+05
2.817900089999999977e+02 4.831431940001999959e+06 4.635492999880000134e+05
2.818299870000000169e+02 4.831431899993999861e+06 4.635493900150000118e+05
2.817900089999999977e+02 4.831431959990999661e+06 4.635493400269999984e+05
2.818699950000000172e+02 4.831431890014999546e+06 4.635493499760000268e+05
2.819100040000000149e+02 4.831432000000000000e+06 4.635494000239999732e+05
2.818399959999999851e+02 4.831432010010000318e+06 4.635494299929999979e+05
2.819400019999999927e+02 4.831431839995999821e+06 4.635493499760000268e+05
2.819100040000000149e+02 4.831431859985000454e+06 4.635493699950000155e+05
2.818500060000000076e+02 4.831431920013000257e+06 4.635494000239999732e+05
2.819100040000000149e+02 4.831431959990999661e+06 4.635494000239999732e+05
2.817900089999999977e+02 4.831431980011000298e+06 4.635493900150000118e+05
2.827399899999999775e+02 4.831432380005000159e+06 4.635494299929999979e+05
2.826900019999999927e+02 4.831432350006000139e+06 4.635493499760000268e+05
2.818999939999999924e+02 4.831431829986999743e+06 4.635495000000000000e+05
2.826199950000000172e+02 4.831431540009000339e+06 4.635492700199999963e+05
2.827300109999999904e+02 4.831432390014999546e+06 4.635495000000000000e+05
2.827699890000000096e+02 4.831432429992999882e+06 4.635494299929999979e+05
2.826400150000000053e+02 4.831432390014999546e+06 4.635494000239999732e+05
2.827000120000000152e+02 4.831432459990999661e+06 4.635494500119999866e+05
2.825299989999999752e+02 4.831432390014999546e+06 4.635494000239999732e+05
2.827699890000000096e+02 4.831432369994999841e+06 4.635494899899999727e+05
2.817600100000000225e+02 4.831431980011000298e+06 4.635494000239999732e+05
2.817300109999999904e+02 4.831431929992999882e+06 4.635493099979999824e+05
2.825499879999999848e+02 4.831432380005000159e+06 4.635493400269999984e+05
2.827500000000000000e+02 4.831432480011000298e+06 4.635493599849999882e+05
2.827300109999999904e+02 4.831432420013000257e+06 4.635493900150000118e+05
2.825700069999999755e+02 4.831432399993999861e+06 4.635493900150000118e+05
2.826199950000000172e+02 4.831432399993999861e+06 4.635494000239999732e+05
2.826400150000000053e+02 4.831432380005000159e+06 4.635493800049999845e+05
2.825899959999999851e+02 4.831432420013000257e+06 4.635494000239999732e+05
2.817500000000000000e+02 4.831432010010000318e+06 4.635494199830000289e+05
2.817900089999999977e+02 4.831432000000000000e+06 4.635494099730000016e+05
2.817999879999999848e+02 4.831431950012000278e+06 4.635493900150000118e+05
2.817300109999999904e+02 4.831431980011000298e+06 4.635494299929999979e+05
2.817600100000000225e+02 4.831431959990999661e+06 4.635494199830000289e+05
2.817999879999999848e+02 4.831431950012000278e+06 4.635494099730000016e+05
2.817300109999999904e+02 4.831431970000999980e+06 4.635494199830000289e+05
2.817699890000000096e+02 4.831431959990999661e+06 4.635494199830000289e+05
2.827300109999999904e+02 4.831432359985000454e+06 4.635493200070000021e+05
2.826799930000000245e+02 4.831432429992999882e+06 4.635493800049999845e+05
2.827399899999999775e+02 4.831432369994999841e+06 4.635493300169999711e+05
2.827799989999999752e+02 4.831432450012000278e+06 4.635493900150000118e+05
2.826099849999999947e+02 4.831432390014999546e+06 4.635493499760000268e+05
2.824700010000000248e+02 4.831432429992999882e+06 4.635493900150000118e+05
2.819299930000000245e+02 4.831431869994999841e+06 4.635494500119999866e+05
2.827500000000000000e+02 4.831432350006000139e+06 4.635493099979999824e+05
2.817600100000000225e+02 4.831431950012000278e+06 4.635494199830000289e+05
2.818200069999999755e+02 4.831431760010000318e+06 4.635494099730000016e+05
2.826600040000000149e+02 4.831432369994999841e+06 4.635493900150000118e+05
2.827799989999999752e+02 4.831432429992999882e+06 4.635494299929999979e+05
2.826900019999999927e+02 4.831432380005000159e+06 4.635493699950000155e+05
2.825599980000000073e+02 4.831432410004000179e+06 4.635493800049999845e+05
2.826900019999999927e+02 4.831432410004000179e+06 4.635494199830000289e+05
2.827600100000000225e+02 4.831432410004000179e+06 4.635494299929999979e+05
2.826600040000000149e+02 4.831432440001999959e+06 4.635494299929999979e+05
2.827399899999999775e+02 4.831432450012000278e+06 4.635494400020000176e+05
2.819599910000000023e+02 4.831431940001999959e+06 4.635492899779999861e+05
2.819100040000000149e+02 4.831431929992999882e+06 4.635493200070000021e+05
2.819700010000000248e+02 4.831431920013000257e+06 4.635493300169999711e+05
2.818200069999999755e+02 4.831431959990999661e+06 4.635493300169999711e+05
2.819299930000000245e+02 4.831431899993999861e+06 4.635494099730000016e+05
2.818500060000000076e+02 4.831431959990999661e+06 4.635493400269999984e+05
2.819100040000000149e+02 4.831431970000999980e+06 4.635493699950000155e+05
2.818699950000000172e+02 4.831431970000999980e+06 4.635494299929999979e+05
2.818900150000000053e+02 4.831431839995999821e+06 4.635495000000000000e+05
2.818800049999999828e+02 4.831431950012000278e+06 4.635494000239999732e+05
2.819299930000000245e+02 4.831431929992999882e+06 4.635494400020000176e+05
2.818399959999999851e+02 4.831431980011000298e+06 4.635494400020000176e+05
2.825100100000000225e+02 4.831432420013000257e+06 4.635494299929999979e+05
2.817999879999999848e+02 4.831431910004000179e+06 4.635493099979999824e+05
2.816700129999999831e+02 4.831431670013000257e+06 4.635494400020000176e+05
2.817600100000000225e+02 4.831431959990999661e+06 4.635492299800000037e+05
2.817399899999999775e+02 4.831432519988999702e+06 4.635486599730000016e+05
2.820499879999999848e+02 4.831432730011000298e+06 4.635482999880000134e+05
2.821000060000000076e+02 4.831432700012000278e+06 4.635482800290000159e+05
2.821199950000000172e+02 4.831432730011000298e+06 4.635482999880000134e+05
2.821600040000000149e+02 4.831432779999000020e+06 4.635483200070000021e+05
2.821300049999999828e+02 4.831432730011000298e+06 4.635482700199999963e+05
2.820799870000000169e+02 4.831432709990999661e+06 4.635482000119999866e+05
2.821199950000000172e+02 4.831432679992999882e+06 4.635482299800000037e+05
2.821099849999999947e+02 4.831432700012000278e+06 4.635482500000000000e+05
2.815299989999999752e+02 4.831432790009000339e+06 4.635484799800000037e+05
2.820199890000000096e+02 4.831432730011000298e+06 4.635482899779999861e+05
2.819899899999999775e+02 4.831432670013000257e+06 4.635482399899999727e+05
2.820899959999999851e+02 4.831432709990999661e+06 4.635483499760000268e+05
2.820700069999999755e+02 4.831432679992999882e+06 4.635482700199999963e+05
2.820799870000000169e+02 4.831432690001999959e+06 4.635482600100000273e+05
2.820599980000000073e+02 4.831432690001999959e+06 4.635482600100000273e+05
2.821300049999999828e+02 4.831432700012000278e+06 4.635483499760000268e+05
2.821600040000000149e+02 4.831432739989999682e+06 4.635483599849999882e+05
2.821300049999999828e+02 4.831432700012000278e+06 4.635482999880000134e+05
2.821600040000000149e+02 4.831432720000999980e+06 4.635482700199999963e+05
2.820599980000000073e+02 4.831432690001999959e+06 4.635482299800000037e+05
2.821600040000000149e+02 4.831432709990999661e+06 4.635482500000000000e+05
2.821499939999999924e+02 4.831432690001999959e+06 4.635482399899999727e+05
2.821499939999999924e+02 4.831432730011000298e+06 4.635482500000000000e+05
2.821400150000000053e+02 4.831432690001999959e+06 4.635482399899999727e+05
2.821099849999999947e+02 4.831432700012000278e+06 4.635482500000000000e+05
2.819899899999999775e+02 4.831432660004000179e+06 4.635482700199999963e+05
2.819899899999999775e+02 4.831432649993999861e+06 4.635482000119999866e+05
2.820299989999999752e+02 4.831432690001999959e+06 4.635482800290000159e+05
2.820199890000000096e+02 4.831432700012000278e+06 4.635482800290000159e+05
2.820400089999999977e+02 4.831432679992999882e+06 4.635482600100000273e+05
2.820299989999999752e+02 4.831432700012000278e+06 4.635482800290000159e+05
2.820299989999999752e+02 4.831432670013000257e+06 4.635482299800000037e+05
2.821099849999999947e+02 4.831432700012000278e+06 4.635482700199999963e+05
2.820100100000000225e+02 4.831432579986999743e+06 4.635482299800000037e+05
2.820400089999999977e+02 4.831432679992999882e+06 4.635481799929999979e+05
2.820299989999999752e+02 4.831432690001999959e+06 4.635482399899999727e+05
2.815100100000000225e+02 4.831432760010000318e+06 4.635485700070000021e+05
2.820899959999999851e+02 4.831432720000999980e+06 4.635482899779999861e+05
2.820799870000000169e+02 4.831432730011000298e+06 4.635482899779999861e+05
2.820799870000000169e+02 4.831432730011000298e+06 4.635482700199999963e+05
2.820700069999999755e+02 4.831432720000999980e+06 4.635482899779999861e+05
2.821000060000000076e+02 4.831432730011000298e+06 4.635482700199999963e+05
2.821000060000000076e+02 4.831432709990999661e+06 4.635482800290000159e+05
2.820700069999999755e+02 4.831432670013000257e+06 4.635482399899999727e+05
2.820899959999999851e+02 4.831432700012000278e+06 4.635482299800000037e+05
2.821099849999999947e+02 4.831432709990999661e+06 4.635482600100000273e+05
2.821300049999999828e+02 4.831432720000999980e+06 4.635482000119999866e+05
2.820499879999999848e+02 4.831432700012000278e+06 4.635482899779999861e+05
2.820700069999999755e+02 4.831432769988999702e+06 4.635482399899999727e+05
2.819899899999999775e+02 4.831432670013000257e+06 4.635482700199999963e+05
2.819899899999999775e+02 4.831432649993999861e+06 4.635482700199999963e+05
2.819700010000000248e+02 4.831432619994999841e+06 4.635482800290000159e+05
2.820599980000000073e+02 4.831432730011000298e+06 4.635482700199999963e+05
2.820700069999999755e+02 4.831432720000999980e+06 4.635482899779999861e+05
2.821099849999999947e+02 4.831432690001999959e+06 4.635482399899999727e+05
2.820299989999999752e+02 4.831432679992999882e+06 4.635482199709999841e+05
2.820599980000000073e+02 4.831432709990999661e+06 4.635483400269999984e+05
2.821199950000000172e+02 4.831432679992999882e+06 4.635483099979999824e+05
2.820100100000000225e+02 4.831432739989999682e+06 4.635482999880000134e+05
2.820199890000000096e+02 4.831432670013000257e+06 4.635482299800000037e+05
2.820000000000000000e+02 4.831432700012000278e+06 4.635482700199999963e+05
2.826199950000000172e+02 4.831432529999000020e+06 4.635494600220000139e+05
2.816600040000000149e+02 4.831433149993999861e+06 4.635491300049999845e+05
2.826400150000000053e+02 4.831433149993999861e+06 4.635491300049999845e+05
2.818800049999999828e+02 4.831433200012000278e+06 4.635492000119999866e+05
2.826000060000000076e+02 4.831433209990999661e+06 4.635491199950000155e+05
2.825799870000000169e+02 4.831433170013000257e+06 4.635490800169999711e+05
2.825599980000000073e+02 4.831433170013000257e+06 4.635490800169999711e+05
2.825700069999999755e+02 4.831433239989999682e+06 4.635491199950000155e+05
2.825700069999999755e+02 4.831433230011000298e+06 4.635491199950000155e+05
2.825499879999999848e+02 4.831433209990999661e+06 4.635491599730000016e+05
2.826099849999999947e+02 4.831433179992999882e+06 4.635490800169999711e+05
2.826199950000000172e+02 4.831433179992999882e+06 4.635490700070000021e+05
2.825599980000000073e+02 4.831433209990999661e+06 4.635491400150000118e+05
2.826400150000000053e+02 4.831433160004000179e+06 4.635490999760000268e+05
2.825700069999999755e+02 4.831433160004000179e+06 4.635491500239999732e+05
2.826300049999999828e+02 4.831433290009000339e+06 4.635491099849999882e+05
2.825499879999999848e+02 4.831433160004000179e+06 4.635491900020000176e+05
2.826199950000000172e+02 4.831433299987999722e+06 4.635491199950000155e+05
2.825899959999999851e+02 4.831433100006000139e+06 4.635490499880000134e+05
2.826099849999999947e+02 4.831433079986999743e+06 4.635490300290000159e+05
2.826199950000000172e+02 4.831433260010000318e+06 4.635490900269999984e+05
2.825799870000000169e+02 4.831433179992999882e+06 4.635490399779999861e+05
2.826300049999999828e+02 4.831433329986999743e+06 4.635490999760000268e+05
2.826199950000000172e+02 4.831433160004000179e+06 4.635491300049999845e+05
2.825899959999999851e+02 4.831433109985000454e+06 4.635492000119999866e+05
2.826300049999999828e+02 4.831433130005000159e+06 4.635492000119999866e+05
2.819899899999999775e+02 4.831433299987999722e+06 4.635486099849999882e+05
2.822300109999999904e+02 4.831433040009000339e+06 4.635490100100000273e+05
2.825899959999999851e+02 4.831433179992999882e+06 4.635491099849999882e+05
2.825799870000000169e+02 4.831433239989999682e+06 4.635491099849999882e+05
2.826199950000000172e+02 4.831433170013000257e+06 4.635490900269999984e+05
2.826199950000000172e+02 4.831433279999000020e+06 4.635491300049999845e+05
2.826600040000000149e+02 4.831433149993999861e+06 4.635490399779999861e+05
2.821499939999999924e+02 4.831432959990999661e+06 4.635491199950000155e+05
2.826199950000000172e+02 4.831433149993999861e+06 4.635491599730000016e+05
2.826900019999999927e+02 4.831433109985000454e+06 4.635490599979999824e+05
2.826400150000000053e+02 4.831433109985000454e+06 4.635490499880000134e+05
2.826000060000000076e+02 4.831433100006000139e+06 4.635490499880000134e+05
2.825700069999999755e+02 4.831433190001999959e+06 4.635491699830000289e+05
2.826000060000000076e+02 4.831433309998000041e+06 4.635493800049999845e+05
2.825299989999999752e+02 4.831433179992999882e+06 4.635494299929999979e+05
2.825100100000000225e+02 4.831433119994999841e+06 4.635494000239999732e+05
2.825899959999999851e+02 4.831433190001999959e+06 4.635493400269999984e+05
2.826400150000000053e+02 4.831433309998000041e+06 4.635493300169999711e+05
2.825799870000000169e+02 4.831433309998000041e+06 4.635493800049999845e+05
2.825400089999999977e+02 4.831433250000000000e+06 4.635493200070000021e+05
2.826000060000000076e+02 4.831433200012000278e+06 4.635492999880000134e+05
2.825700069999999755e+02 4.831433320007000118e+06 4.635492399899999727e+05
2.825499879999999848e+02 4.831433220000999980e+06 4.635493499760000268e+05
2.825700069999999755e+02 4.831433290009000339e+06 4.635493400269999984e+05
2.825000000000000000e+02 4.831433329986999743e+06 4.635493599849999882e+05
2.826199950000000172e+02 4.831433309998000041e+06 4.635492999880000134e+05
2.825499879999999848e+02 4.831433329986999743e+06 4.635492999880000134e+05
2.826099849999999947e+02 4.831433309998000041e+06 4.635492899779999861e+05
2.826199950000000172e+02 4.831433329986999743e+06 4.635492999880000134e+05
2.825799870000000169e+02 4.831433320007000118e+06 4.635492299800000037e+05
2.825799870000000169e+02 4.831433329986999743e+06 4.635492899779999861e+05
2.825199890000000096e+02 4.831433320007000118e+06 4.635492899779999861e+05
2.825899959999999851e+02 4.831433320007000118e+06 4.635493300169999711e+05
2.826099849999999947e+02 4.831433290009000339e+06 4.635493599849999882e+05
2.826099849999999947e+02 4.831433130005000159e+06 4.635492700199999963e+05
2.825700069999999755e+02 4.831433170013000257e+06 4.635493400269999984e+05
2.825299989999999752e+02 4.831433079986999743e+06 4.635493400269999984e+05
2.826400150000000053e+02 4.831433309998000041e+06 4.635493300169999711e+05
2.826000060000000076e+02 4.831433250000000000e+06 4.635493300169999711e+05
2.825799870000000169e+02 4.831433140014999546e+06 4.635492999880000134e+05
2.825599980000000073e+02 4.831433119994999841e+06 4.635493200070000021e+05
2.825599980000000073e+02 4.831433309998000041e+06 4.635492999880000134e+05
2.826199950000000172e+02 4.831433279999000020e+06 4.635493400269999984e+05
2.825799870000000169e+02 4.831433320007000118e+06 4.635494099730000016e+05
2.820299989999999752e+02 4.831432920013000257e+06 4.635492399899999727e+05
2.825400089999999977e+02 4.831433170013000257e+06 4.635493499760000268e+05
2.825499879999999848e+02 4.831433119994999841e+06 4.635493099979999824e+05
2.825499879999999848e+02 4.831433309998000041e+06 4.635493400269999984e+05
2.825299989999999752e+02 4.831433269988999702e+06 4.635493200070000021e+05
2.825899959999999851e+02 4.831433320007000118e+06 4.635493400269999984e+05
2.825700069999999755e+02 4.831433250000000000e+06 4.635493099979999824e+05
2.825700069999999755e+02 4.831433329986999743e+06 4.635492899779999861e+05
2.825700069999999755e+02 4.831433190001999959e+06 4.635494000239999732e+05
2.825199890000000096e+02 4.831433209990999661e+06 4.635493699950000155e+05
2.825499879999999848e+02 4.831433190001999959e+06 4.635493300169999711e+05
2.827500000000000000e+02 4.831433059998000041e+06 4.635494199830000289e+05
2.827399899999999775e+02 4.831433079986999743e+06 4.635493900150000118e+05
2.827300109999999904e+02 4.831433040009000339e+06 4.635493800049999845e+05
2.827500000000000000e+02 4.831433070007000118e+06 4.635493400269999984e+05
2.825700069999999755e+02 4.831433019988999702e+06 4.635492800290000159e+05
2.826300049999999828e+02 4.831433269988999702e+06 4.635494500119999866e+05
2.826099849999999947e+02 4.831433220000999980e+06 4.635494500119999866e+05
2.825799870000000169e+02 4.831433179992999882e+06 4.635494299929999979e+05
2.825700069999999755e+02 4.831433190001999959e+06 4.635494099730000016e+05
2.824800109999999904e+02 4.831433190001999959e+06 4.635494199830000289e+05
2.825799870000000169e+02 4.831433140014999546e+06 4.635493400269999984e+05
2.827000120000000152e+02 4.831433059998000041e+06 4.635494600220000139e+05
2.827399899999999775e+02 4.831433079986999743e+06 4.635494199830000289e+05
2.827099910000000023e+02 4.831433040009000339e+06 4.635495000000000000e+05
2.827399899999999775e+02 4.831433079986999743e+06 4.635494199830000289e+05
2.827500000000000000e+02 4.831433079986999743e+06 4.635494199830000289e+05
2.826900019999999927e+02 4.831433049987999722e+06 4.635494600220000139e+05
2.827200010000000248e+02 4.831433070007000118e+06 4.635494299929999979e+05
2.827300109999999904e+02 4.831433029999000020e+06 4.635494500119999866e+05
2.826799930000000245e+02 4.831433040009000339e+06 4.635494400020000176e+05
2.827000120000000152e+02 4.831433089995999821e+06 4.635493499760000268e+05
2.826300049999999828e+02 4.831433119994999841e+06 4.635492999880000134e+05
2.826300049999999828e+02 4.831433059998000041e+06 4.635493200070000021e+05
2.826099849999999947e+02 4.831433079986999743e+06 4.635492999880000134e+05
2.826000060000000076e+02 4.831433320007000118e+06 4.635494199830000289e+05
2.825100100000000225e+02 4.831433299987999722e+06 4.635494000239999732e+05
2.826000060000000076e+02 4.831433250000000000e+06 4.635493400269999984e+05
2.826199950000000172e+02 4.831433200012000278e+06 4.635493499760000268e+05
2.824800109999999904e+02 4.831433160004000179e+06 4.635494199830000289e+05
2.825599980000000073e+02 4.831433179992999882e+06 4.635493400269999984e+05
2.826600040000000149e+02 4.831433079986999743e+06 4.635494500119999866e+05
2.826700129999999831e+02 4.831433089995999821e+06 4.635494199830000289e+05
2.824800109999999904e+02 4.831433160004000179e+06 4.635493800049999845e+05
2.825400089999999977e+02 4.831433149993999861e+06 4.635493400269999984e+05
2.826000060000000076e+02 4.831433160004000179e+06 4.635492800290000159e+05
2.826499939999999924e+02 4.831433119994999841e+06 4.635492999880000134e+05
2.826600040000000149e+02 4.831433130005000159e+06 4.635492700199999963e+05
2.825700069999999755e+02 4.831433140014999546e+06 4.635492999880000134e+05
2.826499939999999924e+02 4.831433119994999841e+06 4.635492199709999841e+05
2.816000060000000076e+02 4.831433119994999841e+06 4.635494899899999727e+05
2.825499879999999848e+02 4.831433239989999682e+06 4.635493300169999711e+05
2.824599910000000023e+02 4.831433109985000454e+06 4.635493400269999984e+05
2.825799870000000169e+02 4.831433309998000041e+06 4.635492800290000159e+05
2.825899959999999851e+02 4.831433290009000339e+06 4.635493300169999711e+05
2.825400089999999977e+02 4.831433250000000000e+06 4.635493499760000268e+05
2.825799870000000169e+02 4.831433279999000020e+06 4.635493499760000268e+05
2.825199890000000096e+02 4.831433290009000339e+06 4.635493400269999984e+05
2.826099849999999947e+02 4.831433329986999743e+06 4.635493499760000268e+05
2.825599980000000073e+02 4.831433299987999722e+06 4.635493699950000155e+05
2.825299989999999752e+02 4.831433329986999743e+06 4.635493499760000268e+05
2.825599980000000073e+02 4.831433309998000041e+06 4.635493900150000118e+05
2.825299989999999752e+02 4.831433329986999743e+06 4.635492700199999963e+05
2.825499879999999848e+02 4.831433279999000020e+06 4.635492899779999861e+05
2.825400089999999977e+02 4.831433290009000339e+06 4.635492700199999963e+05
2.826300049999999828e+02 4.831433079986999743e+06 4.635492800290000159e+05
2.825700069999999755e+02 4.831433119994999841e+06 4.635492299800000037e+05
2.825700069999999755e+02 4.831433170013000257e+06 4.635494099730000016e+05
2.825299989999999752e+02 4.831433290009000339e+06 4.635493699950000155e+05
2.825100100000000225e+02 4.831433279999000020e+06 4.635493900150000118e+05
2.826199950000000172e+02 4.831433239989999682e+06 4.635493599849999882e+05
2.825499879999999848e+02 4.831433329986999743e+06 4.635493499760000268e+05
2.819599910000000023e+02 4.831433200012000278e+06 4.635481500239999732e+05
2.820100100000000225e+02 4.831433220000999980e+06 4.635481400150000118e+05
2.819299930000000245e+02 4.831433260010000318e+06 4.635481400150000118e+05
2.819299930000000245e+02 4.831433059998000041e+06 4.635481699830000289e+05
2.819299930000000245e+02 4.831432980011000298e+06 4.635481799929999979e+05
2.819299930000000245e+02 4.831433079986999743e+06 4.635481699830000289e+05
2.819400019999999927e+02 4.831433250000000000e+06 4.635481500239999732e+05
2.818999939999999924e+02 4.831433279999000020e+06 4.635480800169999711e+05
2.819200129999999831e+02 4.831433290009000339e+06 4.635480200199999963e+05
2.819500120000000152e+02 4.831433000000000000e+06 4.635481799929999979e+05
2.819200129999999831e+02 4.831433079986999743e+06 4.635481699830000289e+05
2.819200129999999831e+02 4.831433269988999702e+06 4.635481099849999882e+05
2.819100040000000149e+02 4.831433290009000339e+06 4.635481300049999845e+05
2.818999939999999924e+02 4.831433260010000318e+06 4.635480399779999861e+05
2.819400019999999927e+02 4.831433269988999702e+06 4.635480200199999963e+05
2.819200129999999831e+02 4.831433209990999661e+06 4.635481500239999732e+05
2.820000000000000000e+02 4.831433079986999743e+06 4.635481699830000289e+05
2.819500120000000152e+02 4.831433010010000318e+06 4.635481699830000289e+05
2.819599910000000023e+02 4.831433269988999702e+06 4.635481699830000289e+05
2.819400019999999927e+02 4.831433239989999682e+06 4.635481500239999732e+05
2.820000000000000000e+02 4.831433140014999546e+06 4.635481699830000289e+05
2.819500120000000152e+02 4.831433079986999743e+06 4.635481799929999979e+05
2.819899899999999775e+02 4.831433070007000118e+06 4.635481799929999979e+05
2.819200129999999831e+02 4.831433239989999682e+06 4.635481699830000289e+05
2.819100040000000149e+02 4.831433279999000020e+06 4.635481099849999882e+05
2.819200129999999831e+02 4.831433279999000020e+06 4.635480399779999861e+05
2.818800049999999828e+02 4.831433290009000339e+06 4.635481400150000118e+05
2.819200129999999831e+02 4.831433000000000000e+06 4.635481199950000155e+05
2.819800109999999904e+02 4.831433029999000020e+06 4.635481699830000289e+05
2.819599910000000023e+02 4.831433209990999661e+06 4.635481699830000289e+05
2.819500120000000152e+02 4.831433239989999682e+06 4.635481699830000289e+05
2.820299989999999752e+02 4.831433109985000454e+06 4.635481799929999979e+05
2.819299930000000245e+02 4.831433179992999882e+06 4.635481699830000289e+05
2.820299989999999752e+02 4.831433109985000454e+06 4.635481699830000289e+05
2.820199890000000096e+02 4.831433140014999546e+06 4.635481699830000289e+05
2.819200129999999831e+02 4.831433179992999882e+06 4.635481599730000016e+05
2.820100100000000225e+02 4.831433100006000139e+06 4.635481799929999979e+05
2.819599910000000023e+02 4.831433179992999882e+06 4.635481699830000289e+05
2.819100040000000149e+02 4.831433209990999661e+06 4.635481599730000016e+05
2.819400019999999927e+02 4.831433179992999882e+06 4.635481699830000289e+05
2.819200129999999831e+02 4.831433200012000278e+06 4.635481699830000289e+05
2.820199890000000096e+02 4.831433100006000139e+06 4.635481799929999979e+05
2.820199890000000096e+02 4.831433149993999861e+06 4.635481699830000289e+05
2.819400019999999927e+02 4.831433179992999882e+06 4.635481699830000289e+05
2.819400019999999927e+02 4.831433209990999661e+06 4.635481599730000016e+05
2.819299930000000245e+02 4.831433200012000278e+06 4.635481699830000289e+05
2.819700010000000248e+02 4.831433220000999980e+06 4.635481699830000289e+05
2.820100100000000225e+02 4.831433140014999546e+06 4.635481799929999979e+05
2.819299930000000245e+02 4.831433179992999882e+06 4.635481699830000289e+05
2.819200129999999831e+02 4.831433209990999661e+06 4.635481699830000289e+05
2.819500120000000152e+02 4.831433170013000257e+06 4.635481599730000016e+05
2.819500120000000152e+02 4.831433200012000278e+06 4.635481599730000016e+05
2.820199890000000096e+02 4.831433059998000041e+06 4.635481500239999732e+05
2.820199890000000096e+02 4.831433089995999821e+06 4.635481500239999732e+05
2.820299989999999752e+02 4.831433049987999722e+06 4.635481599730000016e+05
2.819500120000000152e+02 4.831433059998000041e+06 4.635481400150000118e+05
2.819200129999999831e+02 4.831433269988999702e+06 4.635481300049999845e+05
2.819200129999999831e+02 4.831433250000000000e+06 4.635481599730000016e+05
2.819100040000000149e+02 4.831433230011000298e+06 4.635481599730000016e+05
2.819800109999999904e+02 4.831433170013000257e+06 4.635481699830000289e+05
2.819500120000000152e+02 4.831433149993999861e+06 4.635481799929999979e+05
2.819299930000000245e+02 4.831433190001999959e+06 4.635481599730000016e+05
2.818900150000000053e+02 4.831433290009000339e+06 4.635480800169999711e+05
2.819500120000000152e+02 4.831433019988999702e+06 4.635481799929999979e+05
2.819200129999999831e+02 4.831433040009000339e+06 4.635481699830000289e+05
2.819200129999999831e+02 4.831433250000000000e+06 4.635481199950000155e+05
2.818999939999999924e+02 4.831433230011000298e+06 4.635481400150000118e+05
2.819400019999999927e+02 4.831433230011000298e+06 4.635481599730000016e+05
2.819899899999999775e+02 4.831433220000999980e+06 4.635481599730000016e+05
2.820199890000000096e+02 4.831433089995999821e+06 4.635481500239999732e+05
2.820299989999999752e+02 4.831433000000000000e+06 4.635481300049999845e+05
2.819400019999999927e+02 4.831433149993999861e+06 4.635481599730000016e+05
2.819299930000000245e+02 4.831433140014999546e+06 4.635481500239999732e+05
2.819599910000000023e+02 4.831433130005000159e+06 4.635481500239999732e+05
2.819299930000000245e+02 4.831433130005000159e+06 4.635481699830000289e+05
2.819800109999999904e+02 4.831433130005000159e+06 4.635481599730000016e+05
2.820100100000000225e+02 4.831433100006000139e+06 4.635481599730000016e+05
2.820199890000000096e+02 4.831433019988999702e+06 4.635481500239999732e+05
2.819400019999999927e+02 4.831433200012000278e+06 4.635481500239999732e+05
2.820100100000000225e+02 4.831433170013000257e+06 4.635481400150000118e+05
2.820000000000000000e+02 4.831433170013000257e+06 4.635481199950000155e+05
2.818999939999999924e+02 4.831433250000000000e+06 4.635482399899999727e+05
2.815199890000000096e+02 4.831432920013000257e+06 4.635490499880000134e+05
2.815400089999999977e+02 4.831433109985000454e+06 4.635491199950000155e+05
2.815199890000000096e+02 4.831433089995999821e+06 4.635491099849999882e+05
2.815599980000000073e+02 4.831432910004000179e+06 4.635490000000000000e+05
2.819400019999999927e+02 4.831433239989999682e+06 4.635481900020000176e+05
2.819599910000000023e+02 4.831433160004000179e+06 4.635482100220000139e+05
2.819299930000000245e+02 4.831432970000999980e+06 4.635482000119999866e+05
2.819200129999999831e+02 4.831433000000000000e+06 4.635482100220000139e+05
2.820100100000000225e+02 4.831433010010000318e+06 4.635482000119999866e+05
2.819599910000000023e+02 4.831433029999000020e+06 4.635482100220000139e+05
2.819700010000000248e+02 4.831433109985000454e+06 4.635482100220000139e+05
2.819599910000000023e+02 4.831433149993999861e+06 4.635482399899999727e+05
2.816900019999999927e+02 4.831432980011000298e+06 4.635489600220000139e+05
2.817099910000000023e+02 4.831432980011000298e+06 4.635489600220000139e+05
2.819800109999999904e+02 4.831433029999000020e+06 4.635481799929999979e+05
2.819299930000000245e+02 4.831433230011000298e+06 4.635482000119999866e+05
2.818999939999999924e+02 4.831433230011000298e+06 4.635481900020000176e+05
2.819800109999999904e+02 4.831433200012000278e+06 4.635481900020000176e+05
2.816099849999999947e+02 4.831433149993999861e+06 4.635490700070000021e+05
2.815799870000000169e+02 4.831433200012000278e+06 4.635491400150000118e+05
2.815199890000000096e+02 4.831433149993999861e+06 4.635491199950000155e+05
2.819700010000000248e+02 4.831433209990999661e+06 4.635481900020000176e+05
2.819400019999999927e+02 4.831433260010000318e+06 4.635482500000000000e+05
2.819500120000000152e+02 4.831433160004000179e+06 4.635481900020000176e+05
2.819700010000000248e+02 4.831433149993999861e+06 4.635482199709999841e+05
2.819700010000000248e+02 4.831433100006000139e+06 4.635481900020000176e+05
2.816099849999999947e+02 4.831433040009000339e+06 4.635490300290000159e+05
2.819400019999999927e+02 4.831433250000000000e+06 4.635482299800000037e+05
2.815100100000000225e+02 4.831433130005000159e+06 4.635490900269999984e+05
2.816400150000000053e+02 4.831433140014999546e+06 4.635491199950000155e+05
2.816000060000000076e+02 4.831433100006000139e+06 4.635490900269999984e+05
2.815299989999999752e+02 4.831433029999000020e+06 4.635490300290000159e+05
2.817200010000000248e+02 4.831432959990999661e+06 4.635489299929999979e+05
2.819400019999999927e+02 4.831433109985000454e+06 4.635482299800000037e+05
2.819599910000000023e+02 4.831433170013000257e+06 4.635482199709999841e+05
2.815599980000000073e+02 4.831432970000999980e+06 4.635489600220000139e+05
2.818900150000000053e+02 4.831433260010000318e+06 4.635482500000000000e+05
2.815799870000000169e+02 4.831433160004000179e+06 4.635490999760000268e+05
2.818500060000000076e+02 4.831433279999000020e+06 4.635482500000000000e+05
2.815499879999999848e+02 4.831432989989999682e+06 4.635489799800000037e+05
2.818699950000000172e+02 4.831433260010000318e+06 4.635482100220000139e+05
2.818999939999999924e+02 4.831433250000000000e+06 4.635481799929999979e+05
2.819400019999999927e+02 4.831433230011000298e+06 4.635481799929999979e+05
2.816199950000000172e+02 4.831432980011000298e+06 4.635489500119999866e+05
2.819299930000000245e+02 4.831433220000999980e+06 4.635481799929999979e+05
2.815599980000000073e+02 4.831432950012000278e+06 4.635490100100000273e+05
2.815299989999999752e+02 4.831433089995999821e+06 4.635490900269999984e+05
2.819599910000000023e+02 4.831433000000000000e+06 4.635482199709999841e+05
2.819400019999999927e+02 4.831433239989999682e+06 4.635481799929999979e+05
2.820100100000000225e+02 4.831433089995999821e+06 4.635482299800000037e+05
2.815700069999999755e+02 4.831432950012000278e+06 4.635489699709999841e+05
2.815799870000000169e+02 4.831432989989999682e+06 4.635489699709999841e+05
2.815499879999999848e+02 4.831433059998000041e+06 4.635491099849999882e+05
2.816300049999999828e+02 4.831433070007000118e+06 4.635490700070000021e+05
2.820199890000000096e+02 4.831433160004000179e+06 4.635482500000000000e+05
2.819200129999999831e+02 4.831433160004000179e+06 4.635482299800000037e+05
2.819400019999999927e+02 4.831433190001999959e+06 4.635481900020000176e+05
2.819400019999999927e+02 4.831433109985000454e+06 4.635482100220000139e+05
2.819899899999999775e+02 4.831433140014999546e+06 4.635482700199999963e+05
2.819200129999999831e+02 4.831433140014999546e+06 4.635482800290000159e+05
2.819700010000000248e+02 4.831433160004000179e+06 4.635482299800000037e+05
2.819899899999999775e+02 4.831433149993999861e+06 4.635481900020000176e+05
2.819200129999999831e+02 4.831433130005000159e+06 4.635482100220000139e+05
2.819599910000000023e+02 4.831433149993999861e+06 4.635482299800000037e+05
2.819500120000000152e+02 4.831433170013000257e+06 4.635481799929999979e+05
2.818900150000000053e+02 4.831433260010000318e+06 4.635481900020000176e+05
2.815100100000000225e+02 4.831432950012000278e+06 4.635489500119999866e+05
2.817000120000000152e+02 4.831432940001999959e+06 4.635489299929999979e+05
2.815499879999999848e+02 4.831433079986999743e+06 4.635490499880000134e+05
2.815700069999999755e+02 4.831433070007000118e+06 4.635490700070000021e+05
2.815700069999999755e+02 4.831433109985000454e+06 4.635490599979999824e+05
2.816199950000000172e+02 4.831433149993999861e+06 4.635490800169999711e+05
2.819100040000000149e+02 4.831433019988999702e+06 4.635482199709999841e+05
2.816900019999999927e+02 4.831432920013000257e+06 4.635489400020000176e+05
2.816300049999999828e+02 4.831432989989999682e+06 4.635489799800000037e+05
2.815100100000000225e+02 4.831433049987999722e+06 4.635490300290000159e+05
2.819200129999999831e+02 4.831432970000999980e+06 4.635481900020000176e+05
2.819899899999999775e+02 4.831433049987999722e+06 4.635481900020000176e+05
2.819800109999999904e+02 4.831433079986999743e+06 4.635481900020000176e+05
2.816099849999999947e+02 4.831433049987999722e+06 4.635490100100000273e+05
2.817000120000000152e+02 4.831432950012000278e+06 4.635489500119999866e+05
2.816900019999999927e+02 4.831432910004000179e+06 4.635489400020000176e+05
2.816400150000000053e+02 4.831432890014999546e+06 4.635489299929999979e+05
2.820100100000000225e+02 4.831432989989999682e+06 4.635482100220000139e+05
2.819599910000000023e+02 4.831433059998000041e+06 4.635482199709999841e+05
2.819299930000000245e+02 4.831433029999000020e+06 4.635482000119999866e+05
2.819100040000000149e+02 4.831433019988999702e+06 4.635482100220000139e+05
2.819800109999999904e+02 4.831433079986999743e+06 4.635482000119999866e+05
2.819299930000000245e+02 4.831433130005000159e+06 4.635481900020000176e+05
2.819200129999999831e+02 4.831433109985000454e+06 4.635482399899999727e+05
2.816400150000000053e+02 4.831432959990999661e+06 4.635489699709999841e+05
2.815499879999999848e+02 4.831433130005000159e+06 4.635491599730000016e+05
2.819500120000000152e+02 4.831433029999000020e+06 4.635482100220000139e+05
2.820000000000000000e+02 4.831433130005000159e+06 4.635482000119999866e+05
2.819299930000000245e+02 4.831433209990999661e+06 4.635481900020000176e+05
2.819200129999999831e+02 4.831433179992999882e+06 4.635482500000000000e+05
2.819800109999999904e+02 4.831433170013000257e+06 4.635483099979999824e+05
2.815100100000000225e+02 4.831433070007000118e+06 4.635490800169999711e+05
2.815299989999999752e+02 4.831433140014999546e+06 4.635491300049999845e+05
