463546.059998 4831429.869995 279.779999
463546.010010 4831429.859985 280.140015
463546.820007 4831429.890015 279.769989
463546.809998 4831429.880005 279.839996
463546.780029 4831429.920013 279.720001
463546.369995 4831429.910004 280.230011
463546.799988 4831429.859985 279.760010
463546.349976 4831429.920013 280.809998
463546.419983 4831430.040009 280.399994
463546.400024 4831430.059998 280.239990
463546.400024 4831430.049988 280.299988
463546.400024 4831430.059998 280.329987
463546.400024 4831430.079987 280.220001
463546.400024 4831430.079987 280.329987
463546.380005 4831430.089996 280.250000
463546.380005 4831430.100006 280.299988
463546.369995 4831430.100006 280.250000
463546.369995 4831430.089996 280.309998
463546.390015 4831430.179993 279.760010
463546.330017 4831430.040009 279.970001
463546.400024 4831430.200012 279.940002
463546.390015 4831430.239990 279.730011
463546.380005 4831430.220001 279.809998
463546.369995 4831430.299988 279.769989
463546.390015 4831430.350006 279.769989
463546.359985 4831430.290009 280.170013
463546.369995 4831430.299988 280.200012
463546.369995 4831430.309998 280.239990
463546.369995 4831430.309998 280.290009
463546.369995 4831430.309998 280.339996
463546.299988 4831430.309998 280.179993
463546.320007 4831430.339996 280.260010
463546.309998 4831430.329987 280.329987
463546.309998 4831430.329987 280.390015
463546.309998 4831430.329987 280.429993
463546.440002 4831430.089996 280.200012
463546.390015 4831430.040009 280.309998
463546.380005 4831430.049988 280.369995
463546.369995 4831430.059998 280.230011
463546.400024 4831430.190002 279.970001
463546.359985 4831430.160004 279.880005
463546.359985 4831430.170013 279.929993
463546.359985 4831430.190002 279.959991
463546.359985 4831430.200012 279.869995
463546.349976 4831430.200012 279.920013
463546.349976 4831430.209991 279.980011
463546.380005 4831430.269989 279.779999
463546.400024 4831430.309998 279.790009
463546.359985 4831430.290009 279.760010
463546.380005 4831430.329987 279.769989
463546.390015 4831430.359985 279.799988
463546.309998 4831430.290009 279.779999
463546.349976 4831430.339996 279.760010
463546.359985 4831430.359985 279.799988
463546.359985 4831430.369995 279.839996
463546.359985 4831430.390015 279.890015
463546.330017 4831430.369995 279.779999
463546.330017 4831430.390015 279.809998
463546.330017 4831430.399994 279.850006
463546.330017 4831430.410004 279.899994
463546.330017 4831430.420013 279.940002
463546.330017 4831430.440002 279.980011
463546.280029 4831430.450012 279.980011
463546.270020 4831430.450012 280.040009
463546.450012 4831429.989990 280.649994
463546.400024 4831429.980011 280.579987
463546.409973 4831430.000000 280.619995
463546.390015 4831430.010010 280.529999
463546.349976 4831430.029999 280.299988
463546.289978 4831430.019989 279.920013
463546.359985 4831430.109985 279.739990
463546.309998 4831430.100006 279.890015
463546.369995 4831430.170013 279.859985
463546.349976 4831430.170013 279.929993
463546.349976 4831430.179993 279.970001
463546.330017 4831430.250000 280.179993
463546.330017 4831430.260010 280.230011
463546.330017 4831430.279999 280.269989
463546.309998 4831430.279999 280.339996
463546.270020 4831430.299988 280.510010
463546.359985 4831430.200012 279.739990
463546.349976 4831430.209991 279.799988
463546.340027 4831430.220001 279.850006
463546.320007 4831430.220001 279.910004
463546.320007 4831430.230011 279.970001
463546.280029 4831430.299988 280.250000
463546.280029 4831430.309998 280.279999
463546.250000 4831430.179993 279.779999
463546.320007 4831430.250000 279.739990
463546.349976 4831430.299988 279.739990
463546.359985 4831430.320007 279.769989
463546.369995 4831430.350006 279.799988
463546.330017 4831430.359985 279.769989
463546.320007 4831430.369995 279.820007
463546.320007 4831430.380005 279.869995
463546.309998 4831430.399994 279.910004
463546.320007 4831430.420013 279.950012
463546.280029 4831430.410004 280.040009
463546.280029 4831430.399994 279.899994
463546.289978 4831430.429993 279.920013
463546.289978 4831430.440002 279.970001
463546.280029 4831430.450012 280.010010
463546.270020 4831430.459991 280.059998
463546.250000 4831430.450012 279.970001
463546.260010 4831430.459991 279.970001
463546.820007 4831429.809998 279.760010
463546.260010 4831429.799988 280.320007
463546.369995 4831430.429993 280.049988
463546.369995 4831430.329987 279.850006
463546.419983 4831430.309998 279.790009
463546.409973 4831430.299988 279.750000
463546.340027 4831430.269989 280.420013
463546.340027 4831430.260010 280.390015
463546.369995 4831430.250000 280.420013
463546.369995 4831430.230011 280.390015
463546.390015 4831430.250000 280.299988
463546.400024 4831430.200012 280.000000
463546.409973 4831430.179993 279.850006
463546.369995 4831429.959991 279.929993
463546.400024 4831430.429993 279.950012
463546.380005 4831430.279999 280.450012
463546.369995 4831430.269989 280.399994
463546.380005 4831430.290009 280.329987
463546.380005 4831430.279999 280.279999
463546.369995 4831430.279999 280.230011
463546.429993 4831430.380005 279.880005
463546.409973 4831430.359985 279.859985
463546.409973 4831430.260010 280.309998
463546.419983 4831430.260010 280.230011
463546.409973 4831430.250000 280.190002
463546.450012 4831430.339996 279.829987
463546.440002 4831430.329987 279.790009
463546.429993 4831430.299988 279.779999
463546.469971 4831430.250000 280.190002
463546.460022 4831430.239990 280.149994
463546.460022 4831430.250000 279.839996
463546.409973 4831430.170013 279.929993
463546.460022 4831430.260010 279.720001
463546.489990 4831430.160004 279.790009
463546.500000 4831429.970001 280.660004
463546.679993 4831430.049988 280.600006
463546.340027 4831430.450012 280.070007
463546.380005 4831430.279999 280.440002
463546.369995 4831430.279999 280.380005
463546.349976 4831430.269989 280.359985
463546.369995 4831430.440002 280.029999
463546.409973 4831430.290009 280.320007
463546.390015 4831430.260010 280.299988
463546.419983 4831430.250000 280.239990
463546.400024 4831430.369995 279.799988
463546.419983 4831430.329987 279.769989
463546.489990 4831429.970001 280.779999
463546.520020 4831429.940002 280.790009
463546.520020 4831429.959991 280.709991
463546.489990 4831430.140015 279.829987
463546.530029 4831430.160004 279.730011
463546.380005 4831429.929993 280.799988
463546.820007 4831429.850006 279.910004
463546.799988 4831429.839996 279.890015
463546.799988 4831429.869995 279.859985
463546.789978 4831429.850006 279.850006
463546.799988 4831429.859985 279.899994
463546.789978 4831429.839996 279.890015
463546.799988 4831429.869995 279.869995
463546.799988 4831429.869995 279.859985
463546.770020 4831429.890015 279.790009
463546.739990 4831429.920013 279.739990
463546.400024 4831430.000000 280.709991
463546.320007 4831430.309998 279.839996
463546.320007 4831430.299988 280.190002
463546.280029 4831430.320007 280.299988
463546.280029 4831430.329987 280.350006
463546.369995 4831430.010010 280.609985
463546.359985 4831430.019989 280.690002
463546.340027 4831430.040009 280.369995
463546.330017 4831430.109985 280.200012
463546.340027 4831430.170013 279.730011
463546.349976 4831430.200012 279.739990
463546.340027 4831430.200012 279.820007
463546.330017 4831430.200012 279.910004
463546.320007 4831430.209991 279.970001
463546.400024 4831429.989990 280.570007
463546.359985 4831430.000000 280.459991
463546.330017 4831430.079987 279.820007
463546.299988 4831430.260010 280.250000
463546.270020 4831430.269989 280.350006
463546.250000 4831430.279999 280.429993
463546.309998 4831430.329987 279.799988
463546.309998 4831430.350006 279.839996
463546.309998 4831430.369995 279.890015
463546.309998 4831430.390015 279.920013
463546.250000 4831430.420013 279.910004
463546.250000 4831430.320007 280.350006
463546.239990 4831430.320007 280.440002
463546.239990 4831430.459991 279.959991
463546.239990 4831430.429993 279.980011
463546.239990 4831430.450012 280.010010
463546.229980 4831430.459991 280.070007
463546.789978 4831429.850006 279.850006
463546.780029 4831429.820007 279.820007
463546.780029 4831429.859985 279.779999
463546.799988 4831429.850006 279.809998
463546.299988 4831430.329987 280.450012
463546.340027 4831430.290009 280.209991
463546.400024 4831430.190002 279.920013
463546.309998 4831430.380005 280.209991
463546.340027 4831430.320007 280.220001
463546.330017 4831430.299988 280.250000
463546.309998 4831430.279999 280.209991
463546.390015 4831430.309998 279.809998
463546.429993 4831430.239990 279.799988
463546.419983 4831430.230011 279.720001
463546.400024 4831430.190002 279.820007
463546.390015 4831430.179993 279.720001
463546.330017 4831430.329987 280.399994
463546.340027 4831430.350006 280.239990
463546.330017 4831430.320007 280.269989
463546.320007 4831430.299988 280.260010
463546.359985 4831430.329987 280.190002
463546.349976 4831430.299988 280.220001
463546.330017 4831430.279999 280.179993
463546.369995 4831430.410004 279.869995
463546.349976 4831430.399994 279.829987
463546.380005 4831430.390015 279.779999
463546.359985 4831430.369995 279.779999
463546.359985 4831430.329987 279.869995
463546.380005 4831430.339996 279.739990
463546.369995 4831430.309998 279.779999
463546.380005 4831430.230011 280.019989
463546.429993 4831430.019989 280.720001
463546.400024 4831429.970001 280.750000
463546.390015 4831430.299988 279.720001
463546.400024 4831430.239990 279.869995
463546.390015 4831430.209991 279.920013
463546.369995 4831430.190002 279.880005
463546.409973 4831430.070007 280.320007
463546.429993 4831430.279999 279.750000
463546.419983 4831430.250000 279.769989
463546.409973 4831430.220001 279.809998
463546.400024 4831430.190002 279.850006
463546.380005 4831430.190002 279.750000
463546.539978 4831430.100006 280.440002
463546.450012 4831430.250000 279.720001
463546.380005 4831429.859985 280.829987
463546.719971 4831429.929993 279.730011
463546.369995 4831429.769989 279.859985
463546.419983 4831429.989990 280.720001
463546.380005 4831430.000000 280.579987
463546.380005 4831430.059998 280.410004
463546.340027 4831430.070007 280.339996
463546.349976 4831430.089996 280.260010
463546.330017 4831430.079987 279.980011
463546.330017 4831430.089996 279.880005
463546.340027 4831430.109985 279.839996
463546.349976 4831430.130005 279.799988
463546.359985 4831430.149994 279.779999
463546.369995 4831430.170013 279.760010
463546.380005 4831430.190002 279.730011
463546.400024 4831430.209991 279.760010
463546.409973 4831430.239990 279.760010
463546.330017 4831430.100006 280.269989
463546.320007 4831430.109985 279.989990
463546.320007 4831430.119995 279.859985
463546.330017 4831430.130005 279.820007
463546.340027 4831430.160004 279.790009
463546.349976 4831430.179993 279.750000
463546.380005 4831430.230011 279.799988
463546.400024 4831430.250000 279.839996
463546.289978 4831430.119995 280.149994
463546.359985 4831430.250000 279.940002
463546.359985 4831430.269989 279.869995
463546.309998 4831430.320007 280.170013
463546.320007 4831430.339996 280.149994
463546.340027 4831430.390015 279.799988
463546.309998 4831430.380005 280.380005
463546.320007 4831430.399994 280.290009
463546.309998 4831430.429993 279.839996
463546.390015 4831430.000000 280.739990
463546.349976 4831430.040009 280.739990
463546.369995 4831430.049988 280.690002
463546.380005 4831430.059998 280.619995
463546.330017 4831430.040009 280.679993
463546.349976 4831430.059998 280.630005
463546.309998 4831430.359985 279.739990
463546.320007 4831430.390015 279.790009
463546.320007 4831430.059998 280.500000
463546.270020 4831430.399994 280.279999
463546.280029 4831430.429993 280.290009
463546.289978 4831430.290009 279.739990
463546.309998 4831430.339996 279.760010
463546.780029 4831429.839996 279.859985
463546.299988 4831430.420013 279.829987
463546.289978 4831430.420013 279.899994
463546.280029 4831430.399994 279.920013
463546.340027 4831430.290009 279.720001
463546.330017 4831430.260010 279.720001
463546.320007 4831430.250000 279.769989
463546.309998 4831430.250000 279.839996
463546.299988 4831430.260010 279.920013
463546.309998 4831430.329987 280.130005
463546.289978 4831430.339996 280.279999
463546.280029 4831430.339996 280.329987
463546.390015 4831430.190002 279.720001
463546.369995 4831430.170013 279.730011
463546.369995 4831430.179993 279.829987
463546.349976 4831430.140015 279.809998
463546.330017 4831430.130005 279.859985
463546.320007 4831430.109985 279.869995
463546.320007 4831430.140015 280.000000
463546.289978 4831430.100006 280.089996
463546.340027 4831430.070007 280.239990
463546.330017 4831430.070007 280.290009
463546.369995 4831430.019989 280.559998
463546.349976 4831430.010010 280.679993
463546.340027 4831430.000000 280.720001
463546.280029 4831430.459991 279.959991
463546.260010 4831430.369995 280.390015
463546.280029 4831430.369995 280.369995
463546.289978 4831430.359985 280.339996
463546.289978 4831430.339996 280.380005
463546.330017 4831430.320007 280.190002
463546.369995 4831430.290009 279.720001
463546.359985 4831430.279999 279.769989
463546.349976 4831430.260010 279.769989
463546.359985 4831430.269989 279.859985
463546.349976 4831430.250000 279.899994
463546.359985 4831430.200012 279.730011
463546.299988 4831430.089996 279.839996
463546.369995 4831430.040009 280.540009
463546.309998 4831430.399994 280.369995
463546.280029 4831430.359985 280.320007
463546.320007 4831430.390015 280.179993
463546.309998 4831430.369995 280.209991
463546.320007 4831430.429993 279.839996
463546.330017 4831430.399994 279.809998
463546.349976 4831430.380005 279.720001
463546.340027 4831430.290009 279.760010
463546.369995 4831430.279999 279.739990
463546.369995 4831430.260010 279.779999
463546.369995 4831430.250000 279.809998
463546.380005 4831430.220001 279.720001
463546.380005 4831430.209991 279.769989
463546.349976 4831430.179993 279.739990
463546.580017 4831429.790009 280.339996
463546.369995 4831430.410004 279.769989
463546.390015 4831430.040009 280.709991
463546.390015 4831430.040009 280.649994
463546.380005 4831430.000000 280.549988
463546.380005 4831430.130005 280.459991
463546.369995 4831430.089996 280.359985
463546.380005 4831430.089996 280.320007
463546.380005 4831430.089996 280.260010
463546.309998 4831430.109985 280.130005
463546.330017 4831430.109985 279.970001
463546.330017 4831430.089996 279.899994
463546.349976 4831430.109985 279.869995
463546.320007 4831430.339996 280.329987
463546.330017 4831430.329987 280.200012
463546.340027 4831430.339996 280.160004
463546.349976 4831430.339996 280.109985
463546.349976 4831430.329987 280.059998
463546.359985 4831430.309998 279.880005
463546.359985 4831430.290009 279.799988
463546.369995 4831430.290009 279.760010
463546.380005 4831430.309998 279.720001
463546.270020 4831430.399994 280.380005
463546.270020 4831430.399994 280.329987
463546.280029 4831430.399994 280.269989
463546.289978 4831430.390015 280.209991
463546.299988 4831430.399994 280.160004
463546.330017 4831430.359985 279.760010
463546.349976 4831430.399994 279.760010
463546.400024 4831429.959991 280.760010
463546.390015 4831430.029999 280.700012
463546.380005 4831430.019989 280.690002
463546.369995 4831430.040009 280.690002
463546.390015 4831430.010010 280.559998
463546.359985 4831430.040009 280.660004
463546.369995 4831430.059998 280.630005
463546.380005 4831430.040009 280.559998
463546.359985 4831430.070007 280.589996
463546.369995 4831430.079987 280.559998
463546.340027 4831430.070007 280.609985
463546.359985 4831430.079987 280.579987
463546.359985 4831430.070007 280.579987
463546.369995 4831430.089996 280.570007
463546.349976 4831430.100006 280.609985
463546.380005 4831430.070007 280.489990
463546.349976 4831430.070007 280.630005
463546.359985 4831430.070007 280.579987
463546.359985 4831430.059998 280.630005
463546.369995 4831430.070007 280.589996
463546.349976 4831430.059998 280.589996
463546.359985 4831430.079987 280.570007
463546.359985 4831430.140015 280.640015
463546.369995 4831430.119995 280.570007
463546.380005 4831430.079987 280.480011
463546.390015 4831430.059998 280.410004
463546.340027 4831430.070007 280.589996
463546.359985 4831430.089996 280.579987
463546.359985 4831430.089996 280.579987
463546.369995 4831430.109985 280.549988
463546.309998 4831430.130005 280.190002
463546.270020 4831430.149994 280.119995
463546.330017 4831430.170013 279.940002
463546.359985 4831430.320007 279.720001
463546.380005 4831430.359985 279.720001
463546.719971 4831429.820007 279.739990
463546.299988 4831430.420013 279.799988
463546.299988 4831430.429993 279.859985
463546.289978 4831430.420013 279.899994
463546.330017 4831430.359985 279.720001
463546.320007 4831430.359985 279.779999
463546.280029 4831430.279999 279.850006
463546.280029 4831430.290009 279.899994
463546.260010 4831430.260010 279.920013
463546.280029 4831430.309998 280.029999
463546.280029 4831430.339996 280.100006
463546.340027 4831430.299988 279.730011
463546.330017 4831430.279999 279.760010
463546.320007 4831430.279999 279.820007
463546.320007 4831430.279999 279.869995
463546.309998 4831430.279999 279.920013
463546.309998 4831430.290009 279.989990
463546.359985 4831430.260010 279.760010
463546.349976 4831430.250000 279.809998
463546.340027 4831430.239990 279.850006
463546.340027 4831430.250000 279.899994
463546.330017 4831430.239990 279.950012
463546.330017 4831430.239990 280.010010
463546.369995 4831430.160004 279.760010
463546.349976 4831430.130005 279.820007
463546.330017 4831430.109985 279.839996
463546.320007 4831430.079987 279.859985
463546.309998 4831430.070007 279.899994
463546.299988 4831430.450012 279.799988
463546.299988 4831430.450012 279.850006
463546.320007 4831430.390015 279.779999
463546.330017 4831430.299988 279.779999
463546.320007 4831430.290009 279.820007
463546.369995 4831430.279999 279.750000
463546.340027 4831430.399994 279.769989
463546.340027 4831430.279999 279.970001
463546.340027 4831430.149994 279.799988
463546.320007 4831430.119995 279.820007
463546.760010 4831429.880005 279.869995
463546.729980 4831429.899994 279.790009
463546.320007 4831430.170013 279.779999
463546.320007 4831430.320007 279.899994
463546.309998 4831430.410004 279.820007
463546.309998 4831430.429993 279.869995
463546.280029 4831430.309998 280.190002
463546.280029 4831430.329987 280.239990
463546.280029 4831430.350006 280.269989
463546.260010 4831430.459991 279.970001
463546.309998 4831430.070007 279.920013
463546.309998 4831430.109985 279.850006
463546.260010 4831430.329987 280.260010
463546.320007 4831430.040009 280.450012
463546.320007 4831430.059998 280.450012
463546.289978 4831430.089996 280.239990
463546.299988 4831430.119995 280.200012
463546.280029 4831430.070007 279.940002
463546.299988 4831430.100006 279.859985
463546.320007 4831430.140015 279.790009
463546.330017 4831430.209991 279.730011
463546.299988 4831430.220001 279.839996
463546.270020 4831430.239990 279.929993
463546.270020 4831430.260010 279.929993
463546.330017 4831430.309998 279.730011
463546.320007 4831430.339996 279.739990
463546.320007 4831430.359985 279.760010
463546.309998 4831430.390015 279.779999
463546.239990 4831430.339996 280.390015
463546.239990 4831430.320007 280.369995
463546.250000 4831430.179993 279.779999
463546.250000 4831430.250000 279.720001
463546.780029 4831429.890015 279.760010
463546.289978 4831430.049988 279.940002
463546.330017 4831430.070007 279.890015
463546.340027 4831430.059998 279.929993
463546.419983 4831429.989990 280.570007
463546.400024 4831430.000000 280.649994
463546.400024 4831429.989990 280.700012
463546.400024 4831429.989990 280.739990
463546.359985 4831430.309998 279.720001
463546.390015 4831430.299988 279.739990
463546.429993 4831430.279999 279.739990
463546.320007 4831430.399994 279.859985
463546.330017 4831430.390015 279.899994
463546.289978 4831430.109985 279.899994
463546.280029 4831430.279999 280.119995
463546.289978 4831430.230011 280.010010
463546.340027 4831430.209991 279.779999
463546.260010 4831430.350006 280.200012
463546.280029 4831430.380005 280.200012
463546.299988 4831430.040009 279.920013
463546.309998 4831430.100006 280.140015
463546.260010 4831430.309998 280.119995
463546.789978 4831429.809998 279.899994
463546.409973 4831429.899994 280.839996
463546.390015 4831429.920013 280.739990
463546.309998 4831430.320007 279.760010
463546.299988 4831430.320007 280.320007
463546.270020 4831430.339996 280.339996
463546.270020 4831430.329987 280.260010
463546.299988 4831430.279999 280.049988
463546.330017 4831430.239990 279.880005
463546.320007 4831430.230011 279.809998
463546.270020 4831430.260010 280.260010
463546.340027 4831430.149994 279.779999
463546.320007 4831430.149994 279.720001
463546.330017 4831430.119995 279.839996
463546.330017 4831430.109985 279.779999
463546.299988 4831430.140015 280.109985
463546.330017 4831430.079987 279.850006
463546.320007 4831430.079987 279.799988
463546.289978 4831430.130005 280.200012
463546.309998 4831430.059998 279.850006
463546.299988 4831430.100006 280.149994
463546.330017 4831430.049988 279.890015
463546.309998 4831430.059998 279.850006
463546.260010 4831430.149994 280.269989
463546.330017 4831430.049988 279.880005
463546.309998 4831430.059998 279.859985
463546.330017 4831430.059998 280.260010
463546.320007 4831430.070007 280.209991
463546.299988 4831430.070007 280.170013
463546.280029 4831430.040009 279.869995
463546.330017 4831430.040009 280.359985
463546.299988 4831430.040009 280.230011
463546.320007 4831429.980011 279.880005
463546.289978 4831430.359985 279.920013
463546.289978 4831430.279999 280.299988
463546.270020 4831430.290009 280.299988
463546.320007 4831430.299988 279.809998
463546.309998 4831430.309998 279.790009
463546.380005 4831430.220001 279.720001
463546.349976 4831430.239990 279.730011
463546.320007 4831430.190002 279.980011
463546.340027 4831430.179993 279.859985
463546.349976 4831430.190002 279.760010
463546.330017 4831430.140015 279.809998
463546.340027 4831430.140015 279.730011
463546.330017 4831429.989990 280.290009
463546.289978 4831429.980011 279.910004
463546.320007 4831430.309998 279.859985
463546.289978 4831430.329987 279.859985
463546.390015 4831430.149994 280.019989
463546.320007 4831430.190002 279.970001
463546.349976 4831430.239990 279.730011
463546.380005 4831429.970001 280.380005
463546.369995 4831429.989990 280.329987
463546.369995 4831430.000000 280.290009
463546.359985 4831430.019989 280.239990
463546.349976 4831430.100006 279.910004
463546.359985 4831430.130005 279.790009
463546.349976 4831430.140015 279.750000
463546.340027 4831429.959991 280.239990
463546.359985 4831430.070007 279.739990
463546.309998 4831429.989990 279.920013
463546.239990 4831430.410004 280.019989
463546.780029 4831429.880005 279.820007
463546.789978 4831429.869995 279.929993
463546.799988 4831429.869995 279.920013
463546.789978 4831429.890015 279.890015
463546.820007 4831429.880005 279.929993
463546.369995 4831430.089996 280.500000
463546.349976 4831430.119995 280.299988
463546.330017 4831430.130005 279.820007
463546.340027 4831430.130005 279.899994
463546.340027 4831429.940002 280.279999
463546.369995 4831430.059998 280.690002
463546.390015 4831430.049988 280.720001
463546.349976 4831430.170013 279.799988
463546.369995 4831430.160004 279.820007
463546.280029 4831430.420013 280.299988
463546.299988 4831430.399994 280.279999
463546.369995 4831430.220001 279.829987
463546.330017 4831430.299988 279.820007
463546.380005 4831430.299988 279.880005
463546.400024 4831430.239990 279.750000
463546.359985 4831430.320007 279.720001
463546.440002 4831430.260010 279.839996
463546.309998 4831430.329987 279.769989
463546.270020 4831430.429993 279.940002
463546.330017 4831430.329987 279.779999
463546.289978 4831430.299988 280.260010
463546.270020 4831430.309998 280.320007
463546.359985 4831430.209991 279.899994
463546.280029 4831430.140015 280.089996
463546.309998 4831430.299988 280.220001
463546.289978 4831430.290009 280.279999
463546.270020 4831430.279999 280.369995
463546.229980 4831430.450012 280.010010
463546.239990 4831430.279999 280.440002
463546.469971 4831429.750000 279.859985
463546.780029 4831429.890015 279.730011
463546.369995 4831430.089996 280.230011
463546.400024 4831430.070007 280.269989
463546.349976 4831430.070007 279.890015
463546.359985 4831430.130005 279.790009
463546.380005 4831430.200012 280.019989
463546.380005 4831430.190002 279.950012
463546.369995 4831430.179993 279.790009
463546.369995 4831430.170013 279.739990
463546.349976 4831430.269989 280.140015
463546.390015 4831430.220001 279.959991
463546.400024 4831430.200012 279.790009
463546.400024 4831430.190002 279.730011
463546.340027 4831430.320007 280.220001
463546.359985 4831430.309998 280.200012
463546.409973 4831430.230011 279.779999
463546.349976 4831430.350006 280.209991
463546.419983 4831430.329987 279.739990
463546.299988 4831430.320007 280.429993
463546.380005 4831430.299988 280.019989
463547.650024 4831429.769989 280.390015
463547.580017 4831429.760010 280.450012
463547.679993 4831429.769989 280.269989
463547.570007 4831429.779999 280.420013
463547.679993 4831429.769989 280.250000
463547.690002 4831429.739990 280.260010
463547.479980 4831429.750000 280.500000
463547.479980 4831429.750000 280.489990
463547.500000 4831429.769989 280.480011
463547.570007 4831429.790009 280.359985
463547.590027 4831429.769989 280.339996
463547.590027 4831429.790009 280.339996
463547.669983 4831429.750000 280.230011
463547.440002 4831429.760010 280.549988
463547.630005 4831429.790009 280.299988
463547.580017 4831429.820007 280.339996
463547.469971 4831429.750000 280.470001
463547.549988 4831429.760010 280.450012
463547.520020 4831429.750000 280.429993
463547.580017 4831429.779999 280.339996
463547.559998 4831429.730011 280.420013
463547.559998 4831429.739990 280.470001
463547.570007 4831429.750000 280.429993
463547.599976 4831429.739990 280.429993
463547.669983 4831429.769989 280.260010
463546.320007 4831430.489990 280.059998
463546.280029 4831430.480011 280.109985
463546.270020 4831430.489990 280.160004
463546.280029 4831430.480011 280.100006
463546.270020 4831430.489990 280.160004
463546.280029 4831430.519989 280.179993
463546.260010 4831430.470001 280.000000
463546.250000 4831430.480011 280.049988
463546.250000 4831430.500000 280.100006
463546.260010 4831430.480011 279.980011
463546.250000 4831430.489990 280.040009
463546.250000 4831430.470001 280.010010
463546.219971 4831430.489990 280.170013
463546.239990 4831430.529999 280.190002
463546.229980 4831430.510010 280.079987
463546.219971 4831430.540009 280.170013
463546.239990 4831430.510010 280.070007
463546.219971 4831430.529999 280.179993
463546.229980 4831430.549988 280.209991
463546.250000 4831430.500000 280.029999
463546.239990 4831430.510010 280.089996
463546.219971 4831430.529999 280.200012
463546.250000 4831430.480011 280.010010
463546.239990 4831430.489990 280.049988
463546.239990 4831430.510010 280.089996
463546.229980 4831430.529999 280.179993
463546.239990 4831430.500000 280.079987
463546.239990 4831430.510010 280.119995
463546.229980 4831430.519989 280.179993
463546.239990 4831430.540009 280.200012
463546.250000 4831430.489990 280.059998
463546.239990 4831430.500000 280.109985
463546.239990 4831430.519989 280.149994
463546.250000 4831430.540009 280.190002
463546.239990 4831430.480011 280.019989
463546.239990 4831430.500000 280.059998
463546.239990 4831430.510010 280.109985
463546.219971 4831430.510010 280.170013
463546.229980 4831430.540009 280.209991
463546.229980 4831430.500000 280.059998
463546.229980 4831430.510010 280.100006
463546.210022 4831430.529999 280.200012
463546.330017 4831430.500000 280.130005
463546.380005 4831430.500000 280.140015
463546.340027 4831430.519989 280.160004
463546.330017 4831430.500000 280.130005
463546.320007 4831430.510010 280.059998
463546.359985 4831430.470001 280.149994
463546.349976 4831430.470001 280.100006
463546.250000 4831430.489990 280.040009
463546.239990 4831430.519989 280.079987
463546.239990 4831430.519989 280.160004
463546.239990 4831430.470001 280.010010
463546.250000 4831430.500000 280.109985
463546.200012 4831430.540009 280.190002
463546.200012 4831430.470001 280.160004
463546.210022 4831430.489990 280.160004
463546.200012 4831430.510010 280.230011
463546.270020 4831430.519989 280.140015
463546.260010 4831430.500000 280.100006
463546.289978 4831430.459991 280.079987
463546.280029 4831430.470001 280.049988
463546.219971 4831430.540009 280.220001
463546.239990 4831430.480011 280.070007
463546.260010 4831430.540009 280.079987
463546.239990 4831430.519989 280.079987
463546.229980 4831430.500000 280.000000
463546.169983 4831430.559998 280.079987
463546.260010 4831430.510010 279.980011
463546.260010 4831430.500000 280.029999
463546.270020 4831430.489990 279.950012
463546.260010 4831430.480011 280.000000
463546.280029 4831430.489990 279.940002
463546.270020 4831430.470001 279.970001
463546.289978 4831430.480011 279.929993
463546.289978 4831430.459991 279.989990
463546.270020 4831430.519989 280.000000
463546.260010 4831430.500000 280.019989
463546.229980 4831430.559998 280.149994
463546.219971 4831430.549988 280.200012
463546.210022 4831430.540009 280.230011
463546.239990 4831430.549988 280.059998
463546.239990 4831430.480011 280.019989
463546.239990 4831430.519989 280.029999
463546.299988 4831430.489990 279.899994
463546.250000 4831430.559998 280.040009
463546.250000 4831430.589996 280.130005
463546.270020 4831430.489990 279.899994
463546.260010 4831430.480011 279.950012
463546.260010 4831430.480011 280.000000
463546.270020 4831430.529999 279.989990
463546.299988 4831430.489990 279.980011
463546.229980 4831430.540009 280.130005
463546.250000 4831430.540009 280.079987
463546.250000 4831430.489990 279.980011
463546.260010 4831430.510010 280.019989
463546.200012 4831430.540009 280.119995
463546.200012 4831430.559998 280.130005
463546.250000 4831430.489990 279.980011
463546.239990 4831430.510010 280.010010
463546.190002 4831430.540009 280.160004
463546.250000 4831430.489990 280.119995
463546.229980 4831430.500000 280.100006
463546.239990 4831430.480011 280.209991
463546.210022 4831430.489990 280.200012
463546.239990 4831430.470001 280.200012
463546.260010 4831430.489990 279.989990
463546.250000 4831430.500000 280.010010
463546.239990 4831430.519989 280.119995
463546.219971 4831430.529999 280.130005
463546.200012 4831430.549988 280.179993
463546.179993 4831430.559998 280.200012
463546.229980 4831430.529999 280.179993
463546.200012 4831430.540009 280.220001
463546.179993 4831430.549988 280.230011
463546.590027 4831431.500000 281.100006
463546.070007 4831430.320007 281.309998
463546.099976 4831430.390015 281.489990
463546.090027 4831430.299988 281.339996
463546.059998 4831430.299988 281.290009
463546.070007 4831430.350006 281.369995
463546.090027 4831430.320007 281.309998
463546.070007 4831430.359985 281.459991
463546.130005 4831430.359985 281.119995
463546.070007 4831430.350006 281.250000
463546.070007 4831430.299988 281.329987
463546.080017 4831430.320007 281.290009
463546.010010 4831430.339996 281.220001
463546.109985 4831430.329987 280.700012
463546.099976 4831430.399994 281.459991
463546.109985 4831430.329987 280.690002
463546.090027 4831430.420013 281.329987
463546.070007 4831430.440002 281.470001
463546.090027 4831430.410004 281.279999
463546.070007 4831430.440002 281.459991
463546.059998 4831430.420013 281.480011
463546.119995 4831430.380005 280.739990
463546.070007 4831430.440002 281.500000
463546.049988 4831430.459991 281.329987
463546.080017 4831430.459991 281.230011
463546.090027 4831430.459991 281.190002
463546.130005 4831430.380005 281.010010
463546.130005 4831430.399994 281.079987
463546.130005 4831430.420013 281.160004
463546.109985 4831430.380005 281.070007
463546.119995 4831430.399994 281.140015
463546.119995 4831430.420013 281.190002
463546.099976 4831430.380005 281.089996
463546.099976 4831430.399994 281.179993
463546.090027 4831430.410004 281.279999
463546.099976 4831430.369995 281.040009
463546.090027 4831430.390015 281.119995
463546.109985 4831430.410004 280.790009
463546.090027 4831430.410004 281.290009
463546.099976 4831430.399994 281.320007
463546.059998 4831430.410004 281.489990
463546.090027 4831430.420013 281.309998
463546.099976 4831430.399994 281.100006
463546.130005 4831430.399994 281.179993
463546.130005 4831430.390015 281.079987
463546.130005 4831430.390015 281.019989
463546.109985 4831430.390015 281.170013
463546.119995 4831430.369995 281.049988
463546.119995 4831430.369995 281.179993
463546.099976 4831430.380005 281.160004
463546.109985 4831430.359985 281.040009
463546.119995 4831430.369995 281.179993
463546.099976 4831430.380005 281.149994
463546.109985 4831430.359985 281.040009
463546.080017 4831430.390015 281.329987
463546.080017 4831430.380005 281.269989
463546.070007 4831430.350006 281.309998
463546.080017 4831430.420013 281.500000
463546.130005 4831430.410004 281.040009
463546.090027 4831430.380005 281.299988
463546.070007 4831430.269989 281.260010
463546.119995 4831430.399994 281.130005
463546.109985 4831430.329987 281.040009
463546.090027 4831430.329987 281.130005
463546.070007 4831430.329987 281.220001
463546.049988 4831430.329987 281.320007
463546.080017 4831430.329987 281.320007
463546.119995 4831430.299988 280.980011
463546.099976 4831430.309998 281.019989
463546.080017 4831430.929993 280.980011
463546.080017 4831430.940002 280.649994
463546.130005 4831430.799988 280.649994
463546.130005 4831430.839996 280.730011
463546.130005 4831430.859985 280.779999
463546.119995 4831430.859985 280.829987
463546.119995 4831430.880005 280.859985
463546.119995 4831430.899994 280.540009
463546.119995 4831430.899994 280.690002
463546.039978 4831430.480011 281.489990
463546.119995 4831430.769989 280.619995
463546.099976 4831430.750000 280.660004
463546.099976 4831430.799988 280.720001
463546.090027 4831430.820007 280.790009
463546.090027 4831430.829987 280.829987
463546.080017 4831430.850006 280.880005
463546.080017 4831430.880005 280.950012
463546.049988 4831430.829987 280.850006
463546.059998 4831430.869995 280.899994
463546.109985 4831430.799988 280.500000
463546.119995 4831430.829987 280.519989
463546.130005 4831430.850006 280.540009
463546.099976 4831430.839996 280.510010
463546.109985 4831430.869995 280.529999
463546.109985 4831430.890015 280.559998
463546.090027 4831430.910004 280.579987
463546.099976 4831430.929993 280.600006
463546.099976 4831430.910004 280.899994
463546.130005 4831430.890015 280.750000
463546.109985 4831430.880005 280.510010
463546.080017 4831430.959991 280.570007
463546.119995 4831430.779999 280.549988
463546.119995 4831430.829987 280.630005
463546.070007 4831430.940002 280.549988
463546.109985 4831430.859985 280.720001
463546.099976 4831430.850006 280.760010
463546.049988 4831430.920013 280.910004
463546.099976 4831430.929993 280.540009
463546.099976 4831430.910004 280.779999
463546.090027 4831430.899994 280.820007
463546.119995 4831430.850006 280.480011
463546.099976 4831430.899994 280.769989
463546.119995 4831430.850006 280.679993
463546.119995 4831430.920013 280.869995
463546.090027 4831430.880005 280.739990
463546.099976 4831430.929993 280.850006
463546.130005 4831430.970001 280.859985
463546.130005 4831430.890015 280.519989
463546.119995 4831430.750000 280.500000
463546.119995 4831430.880005 280.549988
463546.099976 4831430.869995 280.640015
463546.090027 4831430.910004 280.549988
463546.080017 4831430.839996 280.670013
463546.070007 4831430.950012 280.559998
463546.109985 4831430.500000 281.170013
463546.059998 4831430.940002 280.549988
463546.130005 4831430.809998 280.500000
463546.109985 4831430.790009 280.709991
463546.080017 4831430.839996 280.950012
463546.130005 4831430.869995 280.579987
463546.130005 4831430.779999 280.799988
463546.109985 4831430.850006 280.559998
463546.130005 4831430.760010 280.760010
463546.119995 4831430.769989 280.720001
463546.130005 4831430.820007 280.529999
463546.099976 4831430.929993 280.850006
463546.119995 4831430.769989 280.470001
463546.109985 4831430.799988 280.670013
463546.070007 4831430.920013 280.570007
463546.090027 4831430.850006 280.779999
463546.090027 4831430.829987 280.769989
463546.109985 4831430.769989 280.670013
463546.090027 4831430.790009 280.640015
463546.130005 4831430.730011 280.540009
463546.090027 4831430.739990 280.660004
463546.109985 4831430.779999 280.700012
463546.090027 4831430.779999 280.739990
463546.109985 4831430.750000 280.630005
463546.119995 4831430.809998 280.700012
463546.130005 4831430.880005 280.519989
463546.419983 4831429.940002 281.170013
463546.409973 4831429.920013 281.239990
463546.469971 4831429.850006 281.140015
463546.400024 4831429.910004 281.149994
463546.359985 4831429.910004 280.869995
463546.440002 4831429.989990 280.850006
463546.419983 4831429.950012 281.109985
463546.400024 4831429.980011 281.089996
463546.349976 4831429.980011 281.170013
463546.340027 4831430.010010 281.140015
463546.359985 4831430.429993 280.790009
463546.260010 4831430.350006 280.589996
463546.260010 4831430.350006 280.640015
463546.260010 4831430.359985 280.739990
463546.260010 4831430.359985 280.790009
463546.390015 4831430.450012 280.920013
463546.380005 4831430.450012 280.980011
463546.270020 4831430.320007 280.549988
463546.419983 4831429.940002 280.869995
463546.409973 4831429.950012 280.920013
463546.400024 4831429.950012 280.970001
463546.380005 4831429.959991 280.820007
463546.280029 4831430.079987 281.250000
463546.369995 4831430.429993 280.910004
463546.359985 4831430.429993 280.970001
463546.260010 4831430.309998 280.549988
463546.190002 4831430.399994 280.890015
463546.190002 4831430.380005 280.950012
463546.179993 4831430.369995 281.019989
463546.190002 4831430.380005 281.059998
463546.179993 4831430.369995 281.119995
463546.179993 4831430.359985 281.179993
463546.250000 4831430.309998 280.679993
463546.239990 4831430.329987 280.549988
463546.239990 4831430.329987 280.589996
463546.219971 4831430.320007 280.660004
463546.159973 4831430.350006 281.109985
463546.169983 4831430.309998 281.019989
463546.169983 4831430.320007 281.059998
463546.239990 4831430.299988 280.619995
463546.219971 4831430.320007 280.720001
463546.190002 4831430.329987 280.829987
463546.179993 4831430.339996 280.890015
463546.140015 4831430.339996 281.019989
463546.130005 4831430.350006 281.070007
463546.469971 4831429.859985 281.230011
463546.460022 4831429.859985 281.200012
463546.260010 4831430.440002 281.179993
463546.380005 4831429.989990 281.179993
463546.330017 4831430.290009 280.690002
463546.330017 4831430.299988 280.609985
463546.340027 4831430.299988 280.549988
463546.380005 4831430.279999 280.510010
463546.479980 4831430.350006 280.489990
463546.469971 4831430.339996 280.450012
463546.289978 4831430.309998 280.720001
463546.289978 4831430.320007 280.649994
463546.320007 4831430.290009 280.649994
463546.309998 4831430.290009 280.600006
463546.340027 4831430.260010 280.549988
463546.179993 4831430.309998 281.359985
463546.200012 4831430.299988 281.489990
463546.190002 4831430.299988 281.470001
463546.169983 4831430.299988 280.750000
463546.179993 4831430.290009 280.700012
463546.380005 4831429.910004 280.899994
463546.469971 4831429.829987 281.149994
463546.359985 4831429.899994 281.269989
463546.469971 4831429.750000 281.290009
463546.450012 4831429.760010 281.149994
463546.390015 4831429.820007 281.260010
463546.340027 4831429.850006 281.260010
463546.340027 4831429.880005 281.200012
463546.340027 4831429.890015 281.130005
463546.340027 4831429.920013 281.089996
463546.380005 4831429.959991 280.890015
463546.330017 4831429.989990 281.100006
463546.330017 4831429.980011 281.179993
463546.390015 4831429.950012 280.829987
463546.179993 4831430.350006 281.029999
463546.190002 4831430.380005 281.029999
463546.229980 4831430.320007 280.529999
463546.219971 4831430.329987 280.619995
463546.140015 4831430.329987 280.679993
463546.369995 4831429.920013 281.380005
463546.359985 4831429.880005 281.450012
463546.380005 4831429.920013 281.250000
463546.380005 4831429.890015 281.299988
463546.400024 4831429.929993 281.109985
463546.400024 4831429.890015 281.190002
463546.450012 4831429.850006 281.190002
463546.469971 4831429.829987 281.140015
463546.340027 4831430.429993 280.869995
463546.270020 4831430.070007 281.230011
463546.260010 4831430.049988 281.190002
463546.390015 4831430.450012 280.980011
463546.289978 4831430.059998 281.149994
463546.280029 4831430.390015 280.690002
463546.390015 4831429.950012 281.200012
463546.429993 4831429.980011 280.950012
463546.429993 4831429.970001 280.829987
463546.140015 4831430.339996 281.140015
463546.169983 4831430.369995 281.140015
463546.150024 4831430.350006 281.119995
463546.210022 4831430.369995 280.980011
463546.190002 4831430.350006 280.959991
463546.229980 4831430.350006 280.820007
463546.510010 4831429.739990 281.329987
463546.479980 4831429.779999 281.209991
463546.419983 4831429.839996 281.279999
463546.340027 4831429.929993 281.329987
463546.479980 4831429.750000 281.190002
463546.409973 4831430.019989 280.929993
463546.369995 4831430.019989 280.850006
463546.289978 4831430.049988 281.109985
463546.270020 4831430.079987 281.170013
463546.250000 4831430.130005 281.239990
463546.250000 4831430.380005 280.600006
463546.280029 4831430.420013 280.559998
463546.330017 4831429.989990 281.100006
463546.369995 4831430.019989 280.929993
463546.270020 4831430.070007 281.119995
463546.320007 4831430.410004 280.459991
463546.190002 4831430.359985 280.890015
463546.190002 4831430.380005 280.829987
463546.210022 4831430.410004 280.730011
463546.210022 4831430.429993 280.540009
463546.130005 4831430.369995 281.140015
463546.150024 4831430.399994 281.140015
463546.150024 4831430.410004 281.059998
463546.159973 4831430.420013 280.980011
463546.200012 4831430.429993 280.519989
463546.229980 4831430.420013 280.410004
463546.390015 4831429.959991 280.890015
463546.349976 4831429.950012 281.119995
463546.250000 4831430.390015 280.589996
463546.250000 4831430.380005 280.570007
463546.270020 4831430.380005 280.559998
463546.299988 4831430.019989 281.059998
463546.320007 4831429.980011 281.070007
463546.400024 4831430.019989 280.790009
463546.390015 4831430.010010 280.820007
463546.390015 4831430.000000 280.880005
463546.369995 4831429.959991 281.079987
463546.409973 4831429.989990 280.920013
463546.250000 4831430.359985 280.549988
463546.270020 4831430.390015 280.410004
463546.270020 4831430.369995 280.450012
463546.159973 4831430.399994 280.769989
463546.140015 4831430.369995 280.779999
463546.140015 4831430.420013 281.000000
463546.179993 4831430.410004 280.820007
463546.169983 4831430.399994 280.859985
463546.159973 4831430.380005 280.869995
463546.239990 4831430.390015 280.500000
463546.229980 4831430.380005 280.549988
463546.229980 4831430.399994 280.579987
463546.229980 4831430.380005 280.630005
463546.239990 4831430.339996 280.549988
463546.520020 4831429.769989 281.320007
463546.440002 4831429.869995 281.279999
463546.469971 4831429.850006 281.149994
463546.349976 4831429.890015 281.489990
463546.320007 4831429.920013 281.489990
463546.330017 4831429.929993 281.450012
463546.419983 4831429.910004 281.089996
463546.330017 4831429.929993 281.359985
463546.340027 4831429.940002 281.320007
463546.280029 4831429.839996 281.269989
463546.440002 4831429.989990 280.950012
463546.450012 4831430.010010 280.929993
463546.260010 4831430.429993 280.890015
463546.359985 4831429.959991 281.179993
463546.359985 4831429.970001 281.130005
463546.380005 4831429.980011 281.100006
463546.419983 4831430.000000 280.920013
463546.330017 4831430.029999 281.109985
463546.320007 4831430.450012 280.799988
463546.309998 4831430.359985 280.470001
463546.250000 4831430.410004 280.540009
463546.260010 4831430.399994 280.429993
463546.359985 4831429.959991 281.290009
463546.330017 4831429.950012 281.329987
463546.349976 4831429.959991 281.290009
463546.369995 4831429.959991 281.200012
463546.320007 4831429.940002 281.339996
463546.340027 4831429.950012 281.309998
463546.330017 4831429.959991 281.260010
463546.349976 4831429.970001 281.220001
463546.359985 4831429.970001 281.179993
463546.369995 4831429.980011 281.149994
463546.450012 4831430.049988 281.000000
463546.330017 4831429.980011 281.140015
463546.349976 4831430.019989 281.140015
463546.359985 4831430.010010 281.079987
463546.380005 4831430.000000 280.989990
463546.400024 4831430.010010 280.959991
463546.409973 4831430.010010 280.899994
463546.349976 4831430.010010 281.040009
463546.369995 4831430.000000 280.989990
463546.380005 4831430.019989 280.950012
463546.400024 4831430.010010 280.890015
463546.340027 4831430.079987 281.200012
463546.349976 4831430.019989 281.070007
463546.359985 4831430.000000 281.010010
463546.369995 4831430.010010 280.980011
463546.390015 4831430.019989 280.940002
463546.400024 4831430.010010 280.890015
463546.349976 4831429.989990 280.970001
463546.359985 4831430.019989 280.950012
463546.369995 4831430.019989 280.910004
463546.390015 4831430.019989 280.869995
463546.359985 4831430.029999 280.890015
463546.380005 4831430.029999 280.839996
463546.390015 4831430.049988 280.809998
463546.299988 4831430.119995 281.170013
463546.270020 4831430.140015 281.190002
463546.400024 4831430.450012 280.989990
463546.380005 4831430.209991 280.700012
463546.229980 4831430.399994 280.929993
463546.229980 4831430.399994 280.890015
463546.169983 4831430.390015 281.170013
463546.179993 4831430.399994 281.130005
463546.190002 4831430.420013 281.059998
463546.190002 4831430.420013 281.010010
463546.190002 4831430.420013 280.950012
463546.190002 4831430.429993 280.910004
463546.179993 4831430.019989 281.470001
463546.190002 4831430.429993 281.089996
463546.200012 4831430.429993 280.980011
463546.210022 4831430.410004 280.910004
463546.219971 4831430.410004 280.739990
463546.239990 4831430.410004 280.630005
463546.239990 4831430.410004 280.579987
463546.140015 4831430.459991 281.010010
463546.440002 4831429.809998 281.290009
463546.429993 4831429.839996 281.179993
463546.369995 4831429.929993 281.100006
463546.429993 4831429.829987 281.179993
463546.429993 4831429.779999 281.320007
463546.359985 4831429.890015 281.149994
463546.359985 4831429.950012 281.089996
463546.299988 4831430.040009 281.109985
463546.250000 4831430.119995 281.230011
463546.250000 4831430.160004 281.260010
463546.320007 4831430.010010 281.000000
463546.289978 4831430.380005 280.459991
463546.340027 4831430.019989 280.779999
463546.239990 4831430.369995 280.540009
463546.239990 4831430.390015 280.579987
463546.239990 4831430.420013 280.709991
463546.190002 4831430.450012 280.570007
463546.169983 4831430.369995 280.779999
463546.169983 4831430.390015 280.859985
463546.179993 4831430.410004 280.910004
463546.159973 4831430.390015 280.940002
463546.159973 4831430.410004 280.989990
463546.130005 4831430.380005 280.940002
463546.140015 4831430.399994 281.040009
463546.140015 4831430.420013 281.109985
463546.210022 4831430.369995 280.630005
463546.520020 4831429.760010 281.220001
463546.500000 4831429.760010 281.309998
463546.489990 4831429.760010 281.369995
463546.380005 4831429.920013 281.109985
463546.390015 4831429.910004 281.160004
463546.250000 4831430.380005 280.600006
463546.349976 4831429.950012 281.190002
463546.250000 4831430.390015 280.540009
463546.219971 4831430.320007 280.570007
463546.200012 4831430.390015 280.769989
463546.219971 4831430.380005 280.790009
463546.169983 4831430.399994 280.910004
463546.179993 4831430.390015 280.950012
463546.159973 4831430.399994 281.029999
463546.140015 4831430.399994 281.100006
463546.140015 4831430.410004 280.910004
463546.179993 4831430.410004 280.779999
463546.469971 4831429.779999 281.160004
463546.450012 4831429.790009 281.119995
463546.419983 4831429.799988 281.130005
463546.380005 4831430.450012 281.059998
463546.400024 4831429.950012 281.420013
463546.409973 4831430.420013 281.070007
463546.390015 4831430.380005 281.019989
463546.380005 4831430.390015 281.000000
463546.280029 4831430.309998 280.670013
463546.210022 4831430.369995 280.700012
463546.210022 4831430.339996 280.540009
463546.179993 4831430.369995 280.869995
463546.150024 4831430.390015 281.130005
463546.190002 4831430.269989 280.549988
463546.140015 4831430.369995 281.160004
463546.229980 4831430.410004 281.089996
463546.159973 4831430.350006 281.109985
463546.159973 4831430.309998 280.920013
463546.239990 4831430.290009 280.570007
463546.169983 4831430.269989 280.720001
463546.510010 4831429.760010 281.260010
463546.500000 4831429.760010 281.459991
463546.500000 4831429.779999 281.279999
463546.530029 4831429.760010 281.239990
463546.440002 4831429.850006 281.200012
463546.450012 4831429.850006 281.279999
463546.479980 4831429.820007 281.200012
463546.510010 4831429.799988 281.170013
463546.400024 4831429.839996 281.489990
463546.520020 4831429.739990 281.350006
463546.530029 4831429.730011 281.220001
463546.340027 4831429.940002 281.399994
463546.400024 4831429.929993 280.880005
463546.409973 4831430.040009 280.839996
463546.409973 4831429.989990 281.359985
463546.330017 4831430.049988 281.089996
463546.270020 4831430.119995 281.179993
463546.349976 4831429.950012 281.290009
463546.369995 4831429.970001 281.170013
463546.289978 4831430.079987 281.140015
463546.309998 4831430.049988 281.089996
463546.330017 4831430.019989 281.049988
463546.400024 4831430.029999 280.899994
463546.450012 4831429.980011 280.839996
463546.200012 4831430.429993 280.920013
463546.159973 4831430.429993 280.859985
463546.210022 4831430.410004 280.880005
463546.169983 4831430.410004 280.720001
463546.200012 4831430.440002 280.859985
463546.200012 4831430.440002 280.690002
463546.440002 4831429.809998 281.130005
463546.450012 4831429.760010 281.220001
463546.429993 4831429.769989 281.250000
463546.390015 4831429.940002 281.380005
463546.250000 4831430.040009 281.160004
463546.359985 4831430.459991 281.059998
463546.369995 4831430.429993 281.070007
463546.349976 4831430.450012 281.049988
463546.330017 4831430.440002 281.049988
463546.340027 4831430.399994 281.119995
463546.340027 4831430.410004 280.970001
463546.250000 4831430.350006 280.470001
463546.229980 4831430.369995 280.519989
463546.219971 4831430.380005 280.609985
463546.179993 4831430.350006 280.829987
463546.169983 4831430.369995 280.890015
463546.150024 4831430.380005 280.950012
463546.140015 4831430.399994 281.000000
463546.229980 4831430.309998 280.529999
463546.210022 4831430.309998 280.579987
463546.190002 4831430.309998 280.679993
463546.169983 4831430.320007 280.739990
463546.140015 4831430.320007 280.880005
463546.229980 4831430.049988 281.179993
463546.150024 4831430.299988 280.929993
463546.309998 4831429.829987 281.320007
463546.340027 4831429.890015 281.480011
463546.380005 4831429.890015 281.239990
463546.409973 4831429.890015 281.119995
463546.429993 4831429.869995 281.100006
463546.440002 4831429.820007 281.220001
463546.450012 4831429.799988 281.109985
463546.479980 4831429.790009 281.130005
463546.460022 4831429.820007 281.109985
463546.489990 4831429.799988 281.119995
463546.450012 4831429.820007 281.100006
463546.460022 4831429.829987 281.100006
463546.380005 4831429.929993 281.100006
463546.390015 4831429.920013 281.079987
463546.390015 4831429.890015 281.290009
463546.390015 4831429.920013 281.260010
463546.400024 4831429.910004 281.230011
463546.409973 4831429.890015 281.200012
463546.380005 4831429.940002 281.209991
463546.400024 4831429.920013 281.190002
463546.409973 4831429.929993 281.149994
463546.289978 4831430.049988 281.200012
463546.299988 4831430.049988 281.170013
463546.289978 4831430.359985 280.459991
463546.320007 4831430.339996 280.459991
463546.359985 4831429.950012 281.500000
463546.320007 4831430.019989 281.130005
463546.390015 4831429.989990 281.230011
463546.440002 4831429.980011 280.929993
463546.429993 4831429.970001 280.820007
463546.289978 4831430.350006 280.579987
463546.309998 4831430.070007 281.170013
463546.210022 4831430.320007 280.679993
463546.200012 4831430.000000 281.390015
463546.200012 4831430.000000 281.369995
463547.549988 4831429.730011 280.549988
463547.630005 4831429.779999 280.410004
463547.650024 4831430.450012 280.700012
463547.669983 4831430.450012 279.769989
463547.700012 4831429.779999 280.269989
463547.700012 4831429.779999 280.269989
463547.690002 4831429.790009 280.279999
463547.650024 4831429.799988 280.329987
463547.700012 4831430.429993 280.549988
463547.659973 4831430.450012 280.600006
463547.650024 4831430.459991 280.679993
463547.700012 4831429.790009 280.230011
463547.700012 4831430.459991 280.529999
463547.650024 4831429.809998 280.299988
463547.690002 4831430.450012 281.410004
463547.659973 4831429.829987 280.290009
463547.669983 4831430.459991 280.540009
463547.510010 4831430.450012 279.779999
463547.630005 4831430.459991 280.700012
463547.580017 4831430.459991 279.820007
463547.650024 4831430.410004 279.720001
463547.640015 4831430.399994 280.559998
463547.619995 4831430.420013 280.540009
463547.650024 4831430.440002 280.630005
463547.630005 4831430.459991 280.779999
463547.640015 4831430.450012 280.739990
463547.659973 4831430.450012 280.700012
463547.669983 4831430.450012 280.649994
463547.669983 4831430.450012 280.589996
463547.690002 4831430.429993 280.609985
463546.380005 4831430.480011 280.890015
463546.140015 4831430.899994 280.899994
463546.239990 4831430.549988 280.220001
463546.239990 4831430.570007 280.250000
463546.239990 4831430.579987 280.290009
463546.179993 4831430.730011 280.500000
463546.179993 4831430.739990 280.549988
463546.169983 4831430.829987 280.489990
463546.219971 4831430.559998 280.209991
463546.229980 4831430.579987 280.250000
463546.210022 4831430.579987 280.309998
463546.219971 4831430.600006 280.329987
463546.229980 4831430.570007 280.239990
463546.219971 4831430.589996 280.329987
463546.219971 4831430.549988 280.230011
463546.229980 4831430.570007 280.260010
463546.229980 4831430.589996 280.290009
463546.219971 4831430.600006 280.339996
463546.210022 4831430.529999 280.239990
463546.229980 4831430.559998 280.269989
463546.229980 4831430.549988 280.250000
463546.250000 4831430.549988 280.230011
463546.229980 4831430.549988 280.239990
463546.229980 4831430.570007 280.279999
463546.219971 4831430.549988 280.230011
463546.229980 4831430.579987 280.260010
463546.229980 4831430.589996 280.309998
463546.229980 4831430.609985 280.350006
463546.219971 4831430.619995 280.269989
463546.210022 4831430.640015 280.369995
463546.150024 4831430.690002 280.510010
463546.159973 4831430.720001 280.540009
463546.140015 4831430.750000 280.480011
463546.169983 4831430.790009 280.480011
463546.140015 4831430.829987 280.489990
463546.289978 4831430.549988 280.290009
463546.309998 4831430.489990 280.260010
463546.270020 4831430.720001 280.589996
463546.270020 4831430.720001 280.549988
463546.299988 4831430.600006 280.329987
463546.320007 4831430.549988 280.260010
463546.320007 4831430.549988 280.209991
463546.369995 4831431.179993 281.190002
463546.359985 4831431.179993 281.140015
463546.309998 4831430.600006 280.320007
463546.320007 4831430.510010 280.339996
463546.320007 4831430.549988 280.230011
463546.309998 4831430.540009 280.190002
463546.179993 4831430.880005 280.980011
463546.159973 4831430.859985 280.970001
463546.169983 4831430.859985 280.859985
463546.229980 4831430.880005 280.559998
463546.210022 4831430.790009 280.760010
463546.250000 4831430.709991 280.510010
463546.150024 4831430.950012 280.929993
463546.190002 4831430.899994 280.980011
463546.179993 4831430.899994 280.940002
463546.210022 4831430.850006 280.899994
463546.200012 4831430.859985 280.850006
463546.190002 4831430.869995 280.790009
463546.250000 4831430.700012 280.529999
463546.369995 4831430.480011 280.950012
463546.340027 4831430.480011 280.989990
463546.159973 4831430.640015 280.559998
463546.140015 4831430.750000 280.540009
463546.150024 4831430.769989 280.579987
463546.210022 4831430.559998 280.209991
463546.219971 4831430.579987 280.250000
463546.219971 4831430.600006 280.290009
463546.219971 4831430.609985 280.329987
463546.169983 4831430.630005 280.279999
463546.150024 4831430.700012 280.470001
463546.159973 4831430.720001 280.510010
463546.210022 4831430.529999 280.250000
463546.210022 4831430.549988 280.279999
463546.210022 4831430.570007 280.329987
463546.159973 4831430.619995 280.369995
463546.150024 4831430.679993 280.489990
463546.150024 4831430.700012 280.529999
463546.159973 4831430.739990 280.459991
463546.140015 4831430.760010 280.470001
463546.150024 4831430.790009 280.489990
463546.510010 4831431.359985 281.119995
463546.260010 4831430.559998 280.190002
463546.190002 4831430.609985 280.329987
463546.229980 4831430.579987 280.279999
463546.219971 4831430.559998 280.260010
463546.130005 4831430.829987 280.730011
463546.169983 4831430.750000 280.540009
463546.169983 4831430.540009 281.059998
463546.210022 4831430.640015 280.329987
463546.340027 4831430.489990 280.950012
463546.299988 4831430.519989 280.959991
463546.219971 4831430.589996 280.239990
463546.140015 4831430.510010 281.170013
463546.159973 4831430.739990 280.470001
463546.229980 4831430.480011 280.839996
463546.530029 4831431.390015 281.190002
463546.349976 4831430.489990 280.980011
463546.369995 4831430.519989 281.000000
463546.169983 4831430.720001 280.470001
463546.150024 4831430.709991 280.489990
463546.150024 4831430.769989 280.440002
463546.150024 4831430.760010 280.510010
463546.140015 4831430.739990 280.519989
463546.210022 4831430.670013 280.299988
463546.200012 4831430.640015 280.309998
463546.219971 4831430.609985 280.220001
463546.210022 4831430.600006 280.239990
463546.390015 4831430.510010 281.010010
463546.250000 4831430.630005 280.230011
463546.330017 4831430.470001 280.869995
463546.429993 4831430.510010 281.029999
463546.289978 4831430.470001 281.420013
463546.390015 4831430.480011 281.049988
463546.150024 4831430.880005 280.720001
463546.219971 4831430.630005 280.299988
463546.190002 4831430.750000 280.480011
463546.179993 4831430.790009 280.529999
463546.140015 4831430.859985 280.709991
463546.140015 4831430.839996 280.619995
463546.159973 4831430.839996 280.470001
463546.140015 4831430.910004 280.510010
463546.229980 4831430.619995 280.209991
463546.270020 4831430.649994 280.299988
463546.159973 4831430.660004 280.299988
463546.190002 4831430.600006 280.200012
463546.200012 4831430.619995 280.269989
463546.200012 4831430.630005 280.279999
463546.159973 4831430.750000 280.459991
463546.320007 4831430.480011 280.880005
463546.150024 4831430.720001 280.480011
463546.200012 4831430.570007 280.309998
463546.169983 4831430.589996 280.320007
463546.140015 4831430.809998 280.540009
463546.169983 4831430.720001 280.470001
463546.150024 4831430.739990 280.470001
463546.169983 4831430.660004 280.540009
463546.169983 4831430.660004 280.470001
463546.190002 4831430.600006 280.369995
463546.210022 4831430.600006 280.260010
463546.239990 4831430.529999 280.309998
463546.210022 4831430.540009 280.320007
463546.200012 4831430.549988 280.299988
463546.140015 4831430.839996 280.549988
463546.169983 4831430.529999 281.440002
463546.150024 4831430.720001 280.690002
463546.130005 4831430.739990 280.679993
463546.169983 4831430.760010 280.500000
463546.140015 4831430.779999 280.510010
463546.169983 4831430.720001 280.480011
463546.150024 4831430.739990 280.470001
463546.159973 4831430.660004 280.519989
463546.210022 4831430.529999 280.350006
463546.190002 4831430.549988 280.320007
463546.150024 4831430.559998 280.339996
463546.229980 4831430.609985 280.250000
463546.190002 4831430.630005 280.279999
463546.219971 4831430.609985 280.239990
463546.130005 4831430.790009 280.570007
463546.159973 4831430.769989 280.519989
463546.169983 4831430.820007 280.510010
463546.159973 4831430.799988 280.559998
463546.179993 4831430.760010 280.480011
463546.229980 4831430.679993 280.309998
463546.130005 4831430.859985 280.480011
463546.340027 4831430.470001 280.970001
463546.469971 4831430.470001 280.709991
463546.340027 4831430.470001 281.010010
463546.150024 4831430.760010 280.510010
463546.200012 4831430.630005 280.290009
463546.179993 4831430.640015 280.329987
463546.169983 4831430.649994 280.369995
463546.169983 4831430.570007 280.250000
463546.159973 4831430.589996 280.339996
463546.150024 4831430.769989 280.459991
463546.150024 4831430.730011 280.470001
463546.130005 4831430.690002 280.500000
463546.200012 4831430.570007 280.269989
463546.169983 4831430.579987 280.299988
463546.219971 4831430.600006 280.279999
463546.219971 4831430.640015 280.359985
463546.229980 4831430.640015 280.320007
463546.150024 4831430.720001 280.519989
463546.169983 4831430.700012 280.500000
463546.190002 4831430.690002 280.489990
463546.140015 4831430.760010 280.609985
463546.159973 4831430.750000 280.609985
463546.150024 4831430.790009 280.700012
463546.169983 4831430.779999 280.679993
463546.159973 4831430.809998 280.480011
463546.140015 4831430.850006 280.790009
463546.150024 4831430.839996 280.760010
463546.210022 4831430.730011 280.510010
463547.700012 4831430.480011 280.579987
463547.700012 4831430.459991 280.649994
463547.659973 4831430.540009 279.760010
463547.669983 4831430.559998 279.779999
463547.590027 4831430.510010 279.850006
463547.690002 4831430.470001 279.790009
463547.669983 4831430.519989 279.869995
463547.679993 4831430.500000 279.809998
463547.690002 4831430.489990 279.779999
463547.700012 4831430.500000 279.750000
463547.630005 4831430.500000 279.739990
463547.650024 4831430.529999 279.739990
463547.570007 4831430.549988 279.839996
463547.619995 4831430.489990 279.750000
463547.609985 4831430.540009 279.739990
463547.609985 4831430.540009 279.750000
463547.619995 4831430.529999 279.750000
463547.630005 4831430.510010 279.720001
463547.549988 4831430.559998 279.809998
463547.630005 4831430.470001 280.570007
463547.599976 4831430.559998 279.769989
463547.580017 4831430.540009 279.769989
463547.690002 4831430.470001 280.640015
463547.700012 4831430.480011 280.619995
463547.700012 4831430.489990 280.579987
463547.679993 4831430.489990 280.640015
463547.679993 4831430.489990 280.589996
463547.640015 4831430.519989 279.720001
463547.609985 4831430.529999 279.750000
463547.659973 4831430.500000 280.570007
463547.570007 4831430.570007 279.769989
463547.599976 4831430.519989 279.730011
463547.630005 4831430.480011 280.619995
463547.559998 4831430.570007 279.790009
463547.559998 4831430.559998 279.820007
463547.590027 4831430.540009 279.760010
463547.619995 4831430.529999 279.730011
463547.590027 4831430.510010 280.769989
463547.650024 4831430.510010 280.730011
463547.570007 4831430.570007 279.799988
463547.679993 4831430.480011 280.549988
463547.599976 4831430.529999 279.730011
463547.580017 4831430.529999 279.820007
463547.580017 4831430.489990 279.820007
463547.619995 4831430.559998 279.750000
463547.640015 4831430.540009 279.730011
463547.659973 4831430.510010 280.630005
463547.609985 4831430.470001 279.720001
463547.619995 4831430.510010 279.809998
463547.640015 4831430.500000 279.809998
463547.609985 4831430.519989 279.799988
463547.650024 4831430.500000 279.839996
463547.650024 4831430.500000 279.760010
463547.679993 4831430.480011 279.760010
463547.640015 4831430.510010 279.829987
463547.640015 4831430.519989 279.760010
463547.679993 4831430.500000 279.720001
463547.619995 4831430.519989 279.799988
463547.630005 4831430.510010 279.769989
463547.659973 4831430.489990 279.779999
463547.669983 4831430.489990 279.720001
463547.619995 4831430.510010 279.820007
463547.640015 4831430.489990 279.809998
463547.650024 4831430.489990 279.790009
463547.659973 4831430.500000 279.799988
463547.700012 4831430.470001 280.640015
463547.659973 4831430.500000 279.720001
