2.799599910000000023e+02 4.831434690001999959e+06 4.635477999880000134e+05
2.798999939999999924e+02 4.831434739989999682e+06 4.635478499760000268e+05
2.798500060000000076e+02 4.831434750000000000e+06 4.635478400269999984e+05
2.799200129999999831e+02 4.831434809998000041e+06 4.635478400269999984e+05
2.799400019999999927e+02 4.831434820007000118e+06 4.635477199709999841e+05
2.799299930000000245e+02 4.831434850006000139e+06 4.635477399899999727e+05
2.798699950000000172e+02 4.831434920013000257e+06 4.635477999880000134e+05
2.799500120000000152e+02 4.831434760010000318e+06 4.635477399899999727e+05
2.798900150000000053e+02 4.831434609985000454e+06 4.635477399899999727e+05
2.800199890000000096e+02 4.831434779999000020e+06 4.635477299800000037e+05
2.799599910000000023e+02 4.831434760010000318e+06 4.635477199709999841e+05
2.799800109999999904e+02 4.831434750000000000e+06 4.635477700199999963e+05
2.798900150000000053e+02 4.831434649993999861e+06 4.635477500000000000e+05
2.800499879999999848e+02 4.831434839995999821e+06 4.635477299800000037e+05
2.799899899999999775e+02 4.831434809998000041e+06 4.635477100220000139e+05
2.799200129999999831e+02 4.831434850006000139e+06 4.635477399899999727e+05
2.800100100000000225e+02 4.831434790009000339e+06 4.635477299800000037e+05
2.800299989999999752e+02 4.831434839995999821e+06 4.635477600100000273e+05
2.800499879999999848e+02 4.831434829986999743e+06 4.635477100220000139e+05
2.800499879999999848e+02 4.831434829986999743e+06 4.635477100220000139e+05
2.800499879999999848e+02 4.831434850006000139e+06 4.635477100220000139e+05
2.800299989999999752e+02 4.831434829986999743e+06 4.635477500000000000e+05
2.800100100000000225e+02 4.831434839995999821e+06 4.635477199709999841e+05
2.800299989999999752e+02 4.831434869994999841e+06 4.635477199709999841e+05
2.799899899999999775e+02 4.831434790009000339e+06 4.635477399899999727e+05
2.799800109999999904e+02 4.831434820007000118e+06 4.635477199709999841e+05
2.799400019999999927e+02 4.831434790009000339e+06 4.635477600100000273e+05
2.799299930000000245e+02 4.831434820007000118e+06 4.635477500000000000e+05
2.798900150000000053e+02 4.831434890014999546e+06 4.635477800290000159e+05
2.798999939999999924e+02 4.831434739989999682e+06 4.635477399899999727e+05
2.799299930000000245e+02 4.831434820007000118e+06 4.635477299800000037e+05
2.799599910000000023e+02 4.831434839995999821e+06 4.635477199709999841e+05
2.798800049999999828e+02 4.831434880005000159e+06 4.635477299800000037e+05
2.799400019999999927e+02 4.831434790009000339e+06 4.635478099979999824e+05
2.799800109999999904e+02 4.831434769988999702e+06 4.635477399899999727e+05
2.800199890000000096e+02 4.831434790009000339e+06 4.635477299800000037e+05
2.799200129999999831e+02 4.831434839995999821e+06 4.635477600100000273e+05
2.799500120000000152e+02 4.831434859985000454e+06 4.635477500000000000e+05
2.800599980000000073e+02 4.831434850006000139e+06 4.635477500000000000e+05
2.799800109999999904e+02 4.831434730011000298e+06 4.635478099979999824e+05
2.798999939999999924e+02 4.831434760010000318e+06 4.635477199709999841e+05
2.799800109999999904e+02 4.831434720000999980e+06 4.635478499760000268e+05
2.798900150000000053e+02 4.831434730011000298e+06 4.635478599849999882e+05
2.799100040000000149e+02 4.831434790009000339e+06 4.635477299800000037e+05
2.798999939999999924e+02 4.831434709990999661e+06 4.635477899779999861e+05
2.800599980000000073e+02 4.831434809998000041e+06 4.635477199709999841e+05
2.798599849999999947e+02 4.831434750000000000e+06 4.635478200070000021e+05
2.799100040000000149e+02 4.831434730011000298e+06 4.635478699950000155e+05
2.798500060000000076e+02 4.831434769988999702e+06 4.635478400269999984e+05
2.800000000000000000e+02 4.831434850006000139e+06 4.635477899779999861e+05
2.799299930000000245e+02 4.831434839995999821e+06 4.635478300169999711e+05
2.798900150000000053e+02 4.831434609985000454e+06 4.635477299800000037e+05
2.799200129999999831e+02 4.831434720000999980e+06 4.635477800290000159e+05
2.800400089999999977e+02 4.831434799987999722e+06 4.635477600100000273e+05
2.799899899999999775e+02 4.831434820007000118e+06 4.635477600100000273e+05
2.800000000000000000e+02 4.831434829986999743e+06 4.635477899779999861e+05
2.800400089999999977e+02 4.831434829986999743e+06 4.635478099979999824e+05
2.798800049999999828e+02 4.831434829986999743e+06 4.635477100220000139e+05
2.798599849999999947e+02 4.831434769988999702e+06 4.635477100220000139e+05
2.799800109999999904e+02 4.831434760010000318e+06 4.635477899779999861e+05
2.798599849999999947e+02 4.831434859985000454e+06 4.635477399899999727e+05
2.800400089999999977e+02 4.831433459990999661e+06 4.635481699830000289e+05
2.800400089999999977e+02 4.831433440001999959e+06 4.635481500239999732e+05
2.799599910000000023e+02 4.831433450012000278e+06 4.635481599730000016e+05
2.799500120000000152e+02 4.831433470000999980e+06 4.635481799929999979e+05
2.798800049999999828e+02 4.831433420013000257e+06 4.635481699830000289e+05
2.800199890000000096e+02 4.831433440001999959e+06 4.635481699830000289e+05
2.799800109999999904e+02 4.831433420013000257e+06 4.635481799929999979e+05
2.800299989999999752e+02 4.831433350006000139e+06 4.635481500239999732e+05
2.800100100000000225e+02 4.831433399993999861e+06 4.635482299800000037e+05
2.799299930000000245e+02 4.831433399993999861e+06 4.635482000119999866e+05
2.799400019999999927e+02 4.831433350006000139e+06 4.635482100220000139e+05
2.798999939999999924e+02 4.831433429992999882e+06 4.635482000119999866e+05
2.800199890000000096e+02 4.831433529999000020e+06 4.635481599730000016e+05
2.800499879999999848e+02 4.831433739989999682e+06 4.635481300049999845e+05
2.800400089999999977e+02 4.831433679992999882e+06 4.635481699830000289e+05
2.800499879999999848e+02 4.831433720000999980e+06 4.635481500239999732e+05
2.800100100000000225e+02 4.831433700012000278e+06 4.635481400150000118e+05
2.799700010000000248e+02 4.831433690001999959e+06 4.635481599730000016e+05
2.800499879999999848e+02 4.831433690001999959e+06 4.635481599730000016e+05
2.800299989999999752e+02 4.831433760010000318e+06 4.635481500239999732e+05
2.800299989999999752e+02 4.831433690001999959e+06 4.635481599730000016e+05
2.800599980000000073e+02 4.831433730011000298e+06 4.635481400150000118e+05
2.801099849999999947e+02 4.831433679992999882e+06 4.635481300049999845e+05
2.800000000000000000e+02 4.831433779999000020e+06 4.635481599730000016e+05
2.798699950000000172e+02 4.831433670013000257e+06 4.635480700070000021e+05
2.799800109999999904e+02 4.831433760010000318e+06 4.635481199950000155e+05
2.799500120000000152e+02 4.831433720000999980e+06 4.635481699830000289e+05
2.800199890000000096e+02 4.831433720000999980e+06 4.635481199950000155e+05
2.800400089999999977e+02 4.831433630005000159e+06 4.635481799929999979e+05
2.800499879999999848e+02 4.831433709990999661e+06 4.635481599730000016e+05
2.800599980000000073e+02 4.831433730011000298e+06 4.635481199950000155e+05
2.803099980000000073e+02 4.831433540009000339e+06 4.635481699830000289e+05
2.800599980000000073e+02 4.831433739989999682e+06 4.635481699830000289e+05
2.798999939999999924e+02 4.831433690001999959e+06 4.635481699830000289e+05
2.800299989999999752e+02 4.831433750000000000e+06 4.635481699830000289e+05
2.798900150000000053e+02 4.831433480011000298e+06 4.635481900020000176e+05
2.798999939999999924e+02 4.831433500000000000e+06 4.635482000119999866e+05
2.799100040000000149e+02 4.831433510010000318e+06 4.635482100220000139e+05
2.798900150000000053e+02 4.831433470000999980e+06 4.635481900020000176e+05
2.798999939999999924e+02 4.831433529999000020e+06 4.635482399899999727e+05
2.799400019999999927e+02 4.831433510010000318e+06 4.635482299800000037e+05
2.799700010000000248e+02 4.831433510010000318e+06 4.635482399899999727e+05
2.799200129999999831e+02 4.831433510010000318e+06 4.635482000119999866e+05
2.799299930000000245e+02 4.831433519988999702e+06 4.635482199709999841e+05
2.799400019999999927e+02 4.831433480011000298e+06 4.635481900020000176e+05
2.799100040000000149e+02 4.831433480011000298e+06 4.635482100220000139e+05
2.800400089999999977e+02 4.831433709990999661e+06 4.635482100220000139e+05
2.800700069999999755e+02 4.831433649993999861e+06 4.635482100220000139e+05
2.800599980000000073e+02 4.831433649993999861e+06 4.635482199709999841e+05
2.800400089999999977e+02 4.831433649993999861e+06 4.635482000119999866e+05
2.799599910000000023e+02 4.831433679992999882e+06 4.635481799929999979e+05
2.799700010000000248e+02 4.831433549987999722e+06 4.635482299800000037e+05
2.799500120000000152e+02 4.831433549987999722e+06 4.635482399899999727e+05
2.800400089999999977e+02 4.831433720000999980e+06 4.635481900020000176e+05
2.799200129999999831e+02 4.831433579986999743e+06 4.635482600100000273e+05
2.799599910000000023e+02 4.831433649993999861e+06 4.635482299800000037e+05
2.800700069999999755e+02 4.831433690001999959e+06 4.635481900020000176e+05
2.800799870000000169e+02 4.831433670013000257e+06 4.635482100220000139e+05
2.800599980000000073e+02 4.831433480011000298e+06 4.635485599979999824e+05
2.802099910000000023e+02 4.831433470000999980e+06 4.635484400020000176e+05
2.799599910000000023e+02 4.831433390014999546e+06 4.635483699950000155e+05
2.802000120000000152e+02 4.831433390014999546e+06 4.635485200199999963e+05
2.806499939999999924e+02 4.831433390014999546e+06 4.635491099849999882e+05
2.801900019999999927e+02 4.831433470000999980e+06 4.635484099730000016e+05
2.802600100000000225e+02 4.831433350006000139e+06 4.635481900020000176e+05
2.802600100000000225e+02 4.831433399993999861e+06 4.635482199709999841e+05
2.802900089999999977e+02 4.831433339995999821e+06 4.635482199709999841e+05
2.802699890000000096e+02 4.831433399993999861e+06 4.635482299800000037e+05
2.802799989999999752e+02 4.831433450012000278e+06 4.635482600100000273e+05
2.802200010000000248e+02 4.831433339995999821e+06 4.635481900020000176e+05
2.802300109999999904e+02 4.831433359985000454e+06 4.635482000119999866e+05
2.802600100000000225e+02 4.831433399993999861e+06 4.635482100220000139e+05
2.802200010000000248e+02 4.831433350006000139e+06 4.635482000119999866e+05
2.802399899999999775e+02 4.831433380005000159e+06 4.635482000119999866e+05
2.802900089999999977e+02 4.831433359985000454e+06 4.635482000119999866e+05
2.802699890000000096e+02 4.831433339995999821e+06 4.635482000119999866e+05
2.802799989999999752e+02 4.831433390014999546e+06 4.635482199709999841e+05
2.802799989999999752e+02 4.831433350006000139e+06 4.635482100220000139e+05
2.802999879999999848e+02 4.831433450012000278e+06 4.635482600100000273e+05
2.802399899999999775e+02 4.831433350006000139e+06 4.635481900020000176e+05
2.802699890000000096e+02 4.831433390014999546e+06 4.635482000119999866e+05
2.806700129999999831e+02 4.831433339995999821e+06 4.635490900269999984e+05
2.806600040000000149e+02 4.831433369994999841e+06 4.635491099849999882e+05
2.802099910000000023e+02 4.831433459990999661e+06 4.635484199830000289e+05
2.802900089999999977e+02 4.831433459990999661e+06 4.635483200070000021e+05
2.808900150000000053e+02 4.831433339995999821e+06 4.635489199830000289e+05
2.802300109999999904e+02 4.831433399993999861e+06 4.635482199709999841e+05
2.801700129999999831e+02 4.831433459990999661e+06 4.635484299929999979e+05
2.806400150000000053e+02 4.831433410004000179e+06 4.635491099849999882e+05
2.801300049999999828e+02 4.831433459990999661e+06 4.635484899899999727e+05
2.798699950000000172e+02 4.831433410004000179e+06 4.635483200070000021e+05
2.806600040000000149e+02 4.831433390014999546e+06 4.635491099849999882e+05
2.802699890000000096e+02 4.831433369994999841e+06 4.635482399899999727e+05
2.802500000000000000e+02 4.831433339995999821e+06 4.635482299800000037e+05
2.801700129999999831e+02 4.831433429992999882e+06 4.635485000000000000e+05
2.799299930000000245e+02 4.831433440001999959e+06 4.635483099979999824e+05
2.799299930000000245e+02 4.831433350006000139e+06 4.635483300169999711e+05
2.802799989999999752e+02 4.831433380005000159e+06 4.635482399899999727e+05
2.801799930000000245e+02 4.831433470000999980e+06 4.635484600220000139e+05
2.801400150000000053e+02 4.831433480011000298e+06 4.635491500239999732e+05
2.802600100000000225e+02 4.831433339995999821e+06 4.635482299800000037e+05
2.800299989999999752e+02 4.831433470000999980e+06 4.635485000000000000e+05
2.808099980000000073e+02 4.831433339995999821e+06 4.635489699709999841e+05
2.802699890000000096e+02 4.831433459990999661e+06 4.635482999880000134e+05
2.801799930000000245e+02 4.831433399993999861e+06 4.635495000000000000e+05
2.800400089999999977e+02 4.831433410004000179e+06 4.635495000000000000e+05
2.802000120000000152e+02 4.831433399993999861e+06 4.635494199830000289e+05
2.801199950000000172e+02 4.831433410004000179e+06 4.635494899899999727e+05
2.801900019999999927e+02 4.831433399993999861e+06 4.635494799800000037e+05
2.801600040000000149e+02 4.831433410004000179e+06 4.635495000000000000e+05
2.801300049999999828e+02 4.831433440001999959e+06 4.635494199830000289e+05
2.801099849999999947e+02 4.831433519988999702e+06 4.635494000239999732e+05
2.801099849999999947e+02 4.831433529999000020e+06 4.635494400020000176e+05
2.802300109999999904e+02 4.831433420013000257e+06 4.635494799800000037e+05
2.801199950000000172e+02 4.831433420013000257e+06 4.635494400020000176e+05
2.802099910000000023e+02 4.831433470000999980e+06 4.635484199830000289e+05
2.803200069999999755e+02 4.831433470000999980e+06 4.635482999880000134e+05
2.802200010000000248e+02 4.831433470000999980e+06 4.635484500119999866e+05
2.803599849999999947e+02 4.831433489989999682e+06 4.635482600100000273e+05
2.802600100000000225e+02 4.831433510010000318e+06 4.635482600100000273e+05
2.802099910000000023e+02 4.831433500000000000e+06 4.635484000239999732e+05
2.803599849999999947e+02 4.831433489989999682e+06 4.635482500000000000e+05
2.802699890000000096e+02 4.831433480011000298e+06 4.635483099979999824e+05
2.803699950000000172e+02 4.831433500000000000e+06 4.635482500000000000e+05
2.803200069999999755e+02 4.831433489989999682e+06 4.635482399899999727e+05
2.803399959999999851e+02 4.831433470000999980e+06 4.635482500000000000e+05
2.803599849999999947e+02 4.831433489989999682e+06 4.635482500000000000e+05
2.803599849999999947e+02 4.831433489989999682e+06 4.635482700199999963e+05
2.803699950000000172e+02 4.831433500000000000e+06 4.635482600100000273e+05
2.802699890000000096e+02 4.831433489989999682e+06 4.635482899779999861e+05
2.802300109999999904e+02 4.831433510010000318e+06 4.635484299929999979e+05
2.799100040000000149e+02 4.831433529999000020e+06 4.635482800290000159e+05
2.803299870000000169e+02 4.831433500000000000e+06 4.635482700199999963e+05
2.803299870000000169e+02 4.831433529999000020e+06 4.635482700199999963e+05
2.801700129999999831e+02 4.831433500000000000e+06 4.635484600220000139e+05
2.802799989999999752e+02 4.831433480011000298e+06 4.635483400269999984e+05
2.802500000000000000e+02 4.831433489989999682e+06 4.635483499760000268e+05
2.802900089999999977e+02 4.831433500000000000e+06 4.635482399899999727e+05
2.802500000000000000e+02 4.831433529999000020e+06 4.635484000239999732e+05
2.802999879999999848e+02 4.831433489989999682e+06 4.635483300169999711e+05
2.802600100000000225e+02 4.831433500000000000e+06 4.635483400269999984e+05
2.803200069999999755e+02 4.831433500000000000e+06 4.635482800290000159e+05
2.803500060000000076e+02 4.831433529999000020e+06 4.635482500000000000e+05
2.803200069999999755e+02 4.831433510010000318e+06 4.635482399899999727e+05
2.802999879999999848e+02 4.831433529999000020e+06 4.635482500000000000e+05
2.803399959999999851e+02 4.831433519988999702e+06 4.635482299800000037e+05
2.802699890000000096e+02 4.831433510010000318e+06 4.635482500000000000e+05
2.802399899999999775e+02 4.831433500000000000e+06 4.635484099730000016e+05
2.802900089999999977e+02 4.831433519988999702e+06 4.635482899779999861e+05
2.802900089999999977e+02 4.831433470000999980e+06 4.635483300169999711e+05
2.802699890000000096e+02 4.831433510010000318e+06 4.635483400269999984e+05
2.802900089999999977e+02 4.831433529999000020e+06 4.635484799800000037e+05
2.801799930000000245e+02 4.831433500000000000e+06 4.635484299929999979e+05
2.802500000000000000e+02 4.831433480011000298e+06 4.635484899899999727e+05
2.803299870000000169e+02 4.831433470000999980e+06 4.635482800290000159e+05
2.801600040000000149e+02 4.831433480011000298e+06 4.635484400020000176e+05
2.802600100000000225e+02 4.831433500000000000e+06 4.635484799800000037e+05
2.798999939999999924e+02 4.831433529999000020e+06 4.635483499760000268e+05
2.799299930000000245e+02 4.831433519988999702e+06 4.635483599849999882e+05
2.799200129999999831e+02 4.831433529999000020e+06 4.635483300169999711e+05
2.803099980000000073e+02 4.831433470000999980e+06 4.635482999880000134e+05
2.802999879999999848e+02 4.831433519988999702e+06 4.635482999880000134e+05
2.803500060000000076e+02 4.831433510010000318e+06 4.635483099979999824e+05
2.802799989999999752e+02 4.831433500000000000e+06 4.635483400269999984e+05
2.802000120000000152e+02 4.831433519988999702e+06 4.635484099730000016e+05
2.802799989999999752e+02 4.831433470000999980e+06 4.635482899779999861e+05
2.802200010000000248e+02 4.831433489989999682e+06 4.635484299929999979e+05
2.799200129999999831e+02 4.831433480011000298e+06 4.635483300169999711e+05
2.803200069999999755e+02 4.831433489989999682e+06 4.635482700199999963e+05
2.797600100000000225e+02 4.831433589995999821e+06 4.635491400150000118e+05
2.799100040000000149e+02 4.831433559998000041e+06 4.635483400269999984e+05
2.806099849999999947e+02 4.831433679992999882e+06 4.635485300290000159e+05
2.797999879999999848e+02 4.831433619994999841e+06 4.635483599849999882e+05
2.800199890000000096e+02 4.831433600006000139e+06 4.635482999880000134e+05
2.798299870000000169e+02 4.831433609985000454e+06 4.635483400269999984e+05
2.797900089999999977e+02 4.831433619994999841e+06 4.635483599849999882e+05
2.802799989999999752e+02 4.831433559998000041e+06 4.635484000239999732e+05
2.797900089999999977e+02 4.831433589995999821e+06 4.635483400269999984e+05
2.799899899999999775e+02 4.831433540009000339e+06 4.635483099979999824e+05
2.802500000000000000e+02 4.831433559998000041e+06 4.635484199830000289e+05
2.802099910000000023e+02 4.831433570007000118e+06 4.635484299929999979e+05
2.797200010000000248e+02 4.831433640014999546e+06 4.635483800049999845e+05
2.797900089999999977e+02 4.831433609985000454e+06 4.635483300169999711e+05
2.797300109999999904e+02 4.831433640014999546e+06 4.635483599849999882e+05
2.797999879999999848e+02 4.831433640014999546e+06 4.635483200070000021e+05
2.797200010000000248e+02 4.831433619994999841e+06 4.635483300169999711e+05
2.804899899999999775e+02 4.831433660004000179e+06 4.635487999880000134e+05
2.800499879999999848e+02 4.831433600006000139e+06 4.635483200070000021e+05
2.802699890000000096e+02 4.831433540009000339e+06 4.635482500000000000e+05
2.803599849999999947e+02 4.831433549987999722e+06 4.635481900020000176e+05
2.798299870000000169e+02 4.831433609985000454e+06 4.635483499760000268e+05
2.799599910000000023e+02 4.831433619994999841e+06 4.635482999880000134e+05
2.799599910000000023e+02 4.831433609985000454e+06 4.635483200070000021e+05
2.798500060000000076e+02 4.831433559998000041e+06 4.635483800049999845e+05
2.798599849999999947e+02 4.831433540009000339e+06 4.635483400269999984e+05
2.799700010000000248e+02 4.831433600006000139e+06 4.635483099979999824e+05
2.798399959999999851e+02 4.831433619994999841e+06 4.635483499760000268e+05
2.798800049999999828e+02 4.831433609985000454e+06 4.635483699950000155e+05
2.802699890000000096e+02 4.831433559998000041e+06 4.635484600220000139e+05
2.802799989999999752e+02 4.831433559998000041e+06 4.635484400020000176e+05
2.800299989999999752e+02 4.831433570007000118e+06 4.635483400269999984e+05
2.800000000000000000e+02 4.831433549987999722e+06 4.635483599849999882e+05
2.799400019999999927e+02 4.831433609985000454e+06 4.635483200070000021e+05
2.798999939999999924e+02 4.831433609985000454e+06 4.635483400269999984e+05
2.798699950000000172e+02 4.831433589995999821e+06 4.635483900150000118e+05
2.800599980000000073e+02 4.831433579986999743e+06 4.635494299929999979e+05
2.800599980000000073e+02 4.831433600006000139e+06 4.635494299929999979e+05
2.798500060000000076e+02 4.831433750000000000e+06 4.635493099979999824e+05
2.798599849999999947e+02 4.831433720000999980e+06 4.635492399899999727e+05
2.797399899999999775e+02 4.831433640014999546e+06 4.635494899899999727e+05
2.800899959999999851e+02 4.831433609985000454e+06 4.635493599849999882e+05
2.801700129999999831e+02 4.831433609985000454e+06 4.635492700199999963e+05
2.802000120000000152e+02 4.831433589995999821e+06 4.635492600100000273e+05
2.797600100000000225e+02 4.831433640014999546e+06 4.635494799800000037e+05
2.797699890000000096e+02 4.831433649993999861e+06 4.635494500119999866e+05
2.797399899999999775e+02 4.831433640014999546e+06 4.635494799800000037e+05
2.797600100000000225e+02 4.831433640014999546e+06 4.635494899899999727e+05
2.815000000000000000e+02 4.831434109985000454e+06 4.635485800169999711e+05
2.815000000000000000e+02 4.831433750000000000e+06 4.635491599730000016e+05
2.815000000000000000e+02 4.831433779999000020e+06 4.635491599730000016e+05
2.814899899999999775e+02 4.831433769988999702e+06 4.635491400150000118e+05
2.804700010000000248e+02 4.831433609985000454e+06 4.635477500000000000e+05
2.804200129999999831e+02 4.831433670013000257e+06 4.635478599849999882e+05
2.804200129999999831e+02 4.831433690001999959e+06 4.635478400269999984e+05
2.805100100000000225e+02 4.831433720000999980e+06 4.635478499760000268e+05
2.804800109999999904e+02 4.831433630005000159e+06 4.635477299800000037e+05
2.804700010000000248e+02 4.831433600006000139e+06 4.635477999880000134e+05
2.805100100000000225e+02 4.831433619994999841e+06 4.635477800290000159e+05
2.804299930000000245e+02 4.831433660004000179e+06 4.635477999880000134e+05
2.805199890000000096e+02 4.831433690001999959e+06 4.635478200070000021e+05
2.804299930000000245e+02 4.831433700012000278e+06 4.635478300169999711e+05
2.805000000000000000e+02 4.831433679992999882e+06 4.635478499760000268e+05
2.804100040000000149e+02 4.831433690001999959e+06 4.635478699950000155e+05
2.804100040000000149e+02 4.831433709990999661e+06 4.635478800049999845e+05
2.804599910000000023e+02 4.831433679992999882e+06 4.635478599849999882e+05
2.804599910000000023e+02 4.831433589995999821e+06 4.635477299800000037e+05
2.805199890000000096e+02 4.831433589995999821e+06 4.635477199709999841e+05
2.805100100000000225e+02 4.831433589995999821e+06 4.635477199709999841e+05
2.805000000000000000e+02 4.831433670013000257e+06 4.635478300169999711e+05
2.805199890000000096e+02 4.831433630005000159e+06 4.635477299800000037e+05
2.805299989999999752e+02 4.831433609985000454e+06 4.635477399899999727e+05
2.805299989999999752e+02 4.831433640014999546e+06 4.635477600100000273e+05
2.805299989999999752e+02 4.831433670013000257e+06 4.635477899779999861e+05
2.805299989999999752e+02 4.831433700012000278e+06 4.635478099979999824e+05
2.805100100000000225e+02 4.831433720000999980e+06 4.635478200070000021e+05
2.804800109999999904e+02 4.831433670013000257e+06 4.635478499760000268e+05
2.804500120000000152e+02 4.831433679992999882e+06 4.635478599849999882e+05
2.804299930000000245e+02 4.831433709990999661e+06 4.635478800049999845e+05
2.805199890000000096e+02 4.831433619994999841e+06 4.635477600100000273e+05
2.805100100000000225e+02 4.831433649993999861e+06 4.635477800290000159e+05
2.805000000000000000e+02 4.831433670013000257e+06 4.635477899779999861e+05
2.804500120000000152e+02 4.831433670013000257e+06 4.635477999880000134e+05
2.804599910000000023e+02 4.831433709990999661e+06 4.635478200070000021e+05
2.805000000000000000e+02 4.831433640014999546e+06 4.635477199709999841e+05
2.804700010000000248e+02 4.831433649993999861e+06 4.635477299800000037e+05
2.805100100000000225e+02 4.831433679992999882e+06 4.635478200070000021e+05
2.804800109999999904e+02 4.831433690001999959e+06 4.635478400269999984e+05
2.804299930000000245e+02 4.831433690001999959e+06 4.635478499760000268e+05
2.804299930000000245e+02 4.831433720000999980e+06 4.635478699950000155e+05
2.805199890000000096e+02 4.831433619994999841e+06 4.635477199709999841e+05
2.805000000000000000e+02 4.831433640014999546e+06 4.635477399899999727e+05
2.804899899999999775e+02 4.831433670013000257e+06 4.635477500000000000e+05
2.804599910000000023e+02 4.831433679992999882e+06 4.635477600100000273e+05
2.804899899999999775e+02 4.831433640014999546e+06 4.635477700199999963e+05
2.805199890000000096e+02 4.831433619994999841e+06 4.635477600100000273e+05
2.805400089999999977e+02 4.831433589995999821e+06 4.635477399899999727e+05
2.804500120000000152e+02 4.831433660004000179e+06 4.635478300169999711e+05
2.804500120000000152e+02 4.831433670013000257e+06 4.635477600100000273e+05
2.804599910000000023e+02 4.831433640014999546e+06 4.635477399899999727e+05
2.805000000000000000e+02 4.831433630005000159e+06 4.635477399899999727e+05
2.805199890000000096e+02 4.831433649993999861e+06 4.635478099979999824e+05
2.804200129999999831e+02 4.831433690001999959e+06 4.635478900150000118e+05
2.804500120000000152e+02 4.831433679992999882e+06 4.635478699950000155e+05
2.804800109999999904e+02 4.831433670013000257e+06 4.635478099979999824e+05
2.805100100000000225e+02 4.831433649993999861e+06 4.635477899779999861e+05
2.805199890000000096e+02 4.831433609985000454e+06 4.635477700199999963e+05
2.804500120000000152e+02 4.831433679992999882e+06 4.635478800049999845e+05
2.804500120000000152e+02 4.831433709990999661e+06 4.635478800049999845e+05
2.804899899999999775e+02 4.831433679992999882e+06 4.635478200070000021e+05
2.804899899999999775e+02 4.831433709990999661e+06 4.635478099979999824e+05
2.805199890000000096e+02 4.831433730011000298e+06 4.635478099979999824e+05
2.805199890000000096e+02 4.831433750000000000e+06 4.635478099979999824e+05
2.805299989999999752e+02 4.831433630005000159e+06 4.635477700199999963e+05
2.805400089999999977e+02 4.831433609985000454e+06 4.635477199709999841e+05
2.805299989999999752e+02 4.831433640014999546e+06 4.635477199709999841e+05
2.805199890000000096e+02 4.831433630005000159e+06 4.635477299800000037e+05
2.804700010000000248e+02 4.831433640014999546e+06 4.635477500000000000e+05
2.804700010000000248e+02 4.831433630005000159e+06 4.635477899779999861e+05
2.804599910000000023e+02 4.831433700012000278e+06 4.635478400269999984e+05
2.804800109999999904e+02 4.831433619994999841e+06 4.635477100220000139e+05
2.804899899999999775e+02 4.831433600006000139e+06 4.635477399899999727e+05
2.805400089999999977e+02 4.831433609985000454e+06 4.635477500000000000e+05
2.804400019999999927e+02 4.831433660004000179e+06 4.635477800290000159e+05
2.805000000000000000e+02 4.831433649993999861e+06 4.635478099979999824e+05
2.804299930000000245e+02 4.831433700012000278e+06 4.635478800049999845e+05
2.804800109999999904e+02 4.831433709990999661e+06 4.635478900150000118e+05
2.804899899999999775e+02 4.831433579986999743e+06 4.635477199709999841e+05
2.804700010000000248e+02 4.831433630005000159e+06 4.635477299800000037e+05
2.804800109999999904e+02 4.831433609985000454e+06 4.635477600100000273e+05
2.804800109999999904e+02 4.831433609985000454e+06 4.635477199709999841e+05
2.805100100000000225e+02 4.831433609985000454e+06 4.635477399899999727e+05
2.804899899999999775e+02 4.831433579986999743e+06 4.635477199709999841e+05
2.805000000000000000e+02 4.831433579986999743e+06 4.635477199709999841e+05
2.804700010000000248e+02 4.831433600006000139e+06 4.635477100220000139e+05
2.804899899999999775e+02 4.831433600006000139e+06 4.635477299800000037e+05
2.805400089999999977e+02 4.831433600006000139e+06 4.635477399899999727e+05
2.804599910000000023e+02 4.831433640014999546e+06 4.635477500000000000e+05
2.804700010000000248e+02 4.831433619994999841e+06 4.635477800290000159e+05
2.804200129999999831e+02 4.831433670013000257e+06 4.635478599849999882e+05
2.804599910000000023e+02 4.831433619994999841e+06 4.635478099979999824e+05
2.804599910000000023e+02 4.831433589995999821e+06 4.635477899779999861e+05
2.804500120000000152e+02 4.831433609985000454e+06 4.635477700199999963e+05
2.804899899999999775e+02 4.831433640014999546e+06 4.635477299800000037e+05
2.805499879999999848e+02 4.831433630005000159e+06 4.635477500000000000e+05
2.805299989999999752e+02 4.831433600006000139e+06 4.635477199709999841e+05
2.805100100000000225e+02 4.831433640014999546e+06 4.635477500000000000e+05
2.805100100000000225e+02 4.831433619994999841e+06 4.635477700199999963e+05
2.804400019999999927e+02 4.831433660004000179e+06 4.635477800290000159e+05
2.804299930000000245e+02 4.831433700012000278e+06 4.635477999880000134e+05
2.804800109999999904e+02 4.831433579986999743e+06 4.635477100220000139e+05
2.805100100000000225e+02 4.831433619994999841e+06 4.635477299800000037e+05
2.805199890000000096e+02 4.831433609985000454e+06 4.635477500000000000e+05
2.805000000000000000e+02 4.831433630005000159e+06 4.635477299800000037e+05
2.805100100000000225e+02 4.831433619994999841e+06 4.635477500000000000e+05
2.804800109999999904e+02 4.831433630005000159e+06 4.635477399899999727e+05
2.805100100000000225e+02 4.831433619994999841e+06 4.635477700199999963e+05
2.804500120000000152e+02 4.831433640014999546e+06 4.635477500000000000e+05
2.804800109999999904e+02 4.831433630005000159e+06 4.635477700199999963e+05
2.804899899999999775e+02 4.831433619994999841e+06 4.635477999880000134e+05
2.804700010000000248e+02 4.831433640014999546e+06 4.635477700199999963e+05
2.804899899999999775e+02 4.831433640014999546e+06 4.635477999880000134e+05
2.804800109999999904e+02 4.831433649993999861e+06 4.635477999880000134e+05
2.805100100000000225e+02 4.831433649993999861e+06 4.635478200070000021e+05
2.805100100000000225e+02 4.831433679992999882e+06 4.635478499760000268e+05
2.804200129999999831e+02 4.831433690001999959e+06 4.635478699950000155e+05
2.804299930000000245e+02 4.831433679992999882e+06 4.635478900150000118e+05
2.804700010000000248e+02 4.831433619994999841e+06 4.635477800290000159e+05
2.804500120000000152e+02 4.831433649993999861e+06 4.635478300169999711e+05
2.805000000000000000e+02 4.831433649993999861e+06 4.635478099979999824e+05
2.804800109999999904e+02 4.831433670013000257e+06 4.635477800290000159e+05
2.805100100000000225e+02 4.831433649993999861e+06 4.635477600100000273e+05
2.804700010000000248e+02 4.831433649993999861e+06 4.635477700199999963e+05
2.804400019999999927e+02 4.831433679992999882e+06 4.635478699950000155e+05
2.804500120000000152e+02 4.831433630005000159e+06 4.635477899779999861e+05
2.804800109999999904e+02 4.831433679992999882e+06 4.635478499760000268e+05
2.805000000000000000e+02 4.831433589995999821e+06 4.635477299800000037e+05
2.804700010000000248e+02 4.831433609985000454e+06 4.635477199709999841e+05
2.804599910000000023e+02 4.831433709990999661e+06 4.635478699950000155e+05
2.806600040000000149e+02 4.831433369994999841e+06 4.635492000119999866e+05
2.811199950000000172e+02 4.831433410004000179e+06 4.635488400269999984e+05
2.807699890000000096e+02 4.831433450012000278e+06 4.635491900020000176e+05
2.807500000000000000e+02 4.831433450012000278e+06 4.635492000119999866e+05
2.807600100000000225e+02 4.831433359985000454e+06 4.635492000119999866e+05
2.807000120000000152e+02 4.831433429992999882e+06 4.635491500239999732e+05
2.806900019999999927e+02 4.831433440001999959e+06 4.635492000119999866e+05
2.806900019999999927e+02 4.831433470000999980e+06 4.635491799929999979e+05
2.810100100000000225e+02 4.831433420013000257e+06 4.635488599849999882e+05
2.806400150000000053e+02 4.831433390014999546e+06 4.635491799929999979e+05
2.806700129999999831e+02 4.831433450012000278e+06 4.635490399779999861e+05
2.806099849999999947e+02 4.831433410004000179e+06 4.635491699830000289e+05
2.806900019999999927e+02 4.831433459990999661e+06 4.635491799929999979e+05
2.807399899999999775e+02 4.831433500000000000e+06 4.635491900020000176e+05
2.806900019999999927e+02 4.831433399993999861e+06 4.635492100220000139e+05
2.807300109999999904e+02 4.831433470000999980e+06 4.635492399899999727e+05
2.806600040000000149e+02 4.831433440001999959e+06 4.635492100220000139e+05
2.806499939999999924e+02 4.831433480011000298e+06 4.635492100220000139e+05
2.809200129999999831e+02 4.831433480011000298e+06 4.635488400269999984e+05
2.810700069999999755e+02 4.831433510010000318e+06 4.635488400269999984e+05
2.810299989999999752e+02 4.831433519988999702e+06 4.635488900150000118e+05
2.811400150000000053e+02 4.831433529999000020e+06 4.635494699709999841e+05
2.807600100000000225e+02 4.831433519988999702e+06 4.635492399899999727e+05
2.807600100000000225e+02 4.831433500000000000e+06 4.635492199709999841e+05
2.812699890000000096e+02 4.831433769988999702e+06 4.635487399899999727e+05
2.812999879999999848e+02 4.831433720000999980e+06 4.635487000119999866e+05
2.808900150000000053e+02 4.831433609985000454e+06 4.635486699830000289e+05
2.808699950000000172e+02 4.831433790009000339e+06 4.635486900020000176e+05
2.812500000000000000e+02 4.831433799987999722e+06 4.635486599730000016e+05
2.812399899999999775e+02 4.831433760010000318e+06 4.635486400150000118e+05
2.812300109999999904e+02 4.831433890014999546e+06 4.635487700199999963e+05
2.813299870000000169e+02 4.831433859985000454e+06 4.635487299800000037e+05
2.812200010000000248e+02 4.831433769988999702e+06 4.635486900020000176e+05
2.808699950000000172e+02 4.831433670013000257e+06 4.635487100220000139e+05
2.809200129999999831e+02 4.831433769988999702e+06 4.635488800049999845e+05
2.809400019999999927e+02 4.831433910004000179e+06 4.635490999760000268e+05
2.812099910000000023e+02 4.831433859985000454e+06 4.635487100220000139e+05
2.813699950000000172e+02 4.831433790009000339e+06 4.635487500000000000e+05
2.810000000000000000e+02 4.831433649993999861e+06 4.635486400150000118e+05
2.810899959999999851e+02 4.831433920013000257e+06 4.635491300049999845e+05
2.811900019999999927e+02 4.831433790009000339e+06 4.635486199950000155e+05
2.808599849999999947e+02 4.831433799987999722e+06 4.635488499760000268e+05
2.813800049999999828e+02 4.831434029999000020e+06 4.635488800049999845e+05
2.810700069999999755e+02 4.831433980011000298e+06 4.635491400150000118e+05
2.808800049999999828e+02 4.831433700012000278e+06 4.635486599730000016e+05
2.812000120000000152e+02 4.831433809998000041e+06 4.635486699830000289e+05
2.813200069999999755e+02 4.831433920013000257e+06 4.635487100220000139e+05
2.810899959999999851e+02 4.831433839995999821e+06 4.635485599979999824e+05
2.813299870000000169e+02 4.831433779999000020e+06 4.635487999880000134e+05
2.809299930000000245e+02 4.831433690001999959e+06 4.635486900020000176e+05
2.808699950000000172e+02 4.831433700012000278e+06 4.635487000119999866e+05
2.809500120000000152e+02 4.831433570007000118e+06 4.635487800290000159e+05
2.809400019999999927e+02 4.831433670013000257e+06 4.635487999880000134e+05
2.812799989999999752e+02 4.831433850006000139e+06 4.635487800290000159e+05
2.813099980000000073e+02 4.831433850006000139e+06 4.635487600100000273e+05
2.809400019999999927e+02 4.831433619994999841e+06 4.635487800290000159e+05
2.811900019999999927e+02 4.831433829986999743e+06 4.635487899779999861e+05
2.813399959999999851e+02 4.831433809998000041e+06 4.635487000119999866e+05
2.812600100000000225e+02 4.831433829986999743e+06 4.635487500000000000e+05
2.812200010000000248e+02 4.831433750000000000e+06 4.635486300049999845e+05
2.808699950000000172e+02 4.831433850006000139e+06 4.635486599730000016e+05
2.808800049999999828e+02 4.831433899993999861e+06 4.635486099849999882e+05
2.811000060000000076e+02 4.831433929992999882e+06 4.635491500239999732e+05
2.811900019999999927e+02 4.831433940001999959e+06 4.635491300049999845e+05
2.807200010000000248e+02 4.831434070007000118e+06 4.635491599730000016e+05
2.807200010000000248e+02 4.831434089995999821e+06 4.635491500239999732e+05
2.807200010000000248e+02 4.831434059998000041e+06 4.635490900269999984e+05
2.811700129999999831e+02 4.831433970000999980e+06 4.635490999760000268e+05
2.807500000000000000e+02 4.831434079986999743e+06 4.635490700070000021e+05
2.810700069999999755e+02 4.831433929992999882e+06 4.635490599979999824e+05
2.813800049999999828e+02 4.831433970000999980e+06 4.635489099730000016e+05
2.813699950000000172e+02 4.831434000000000000e+06 4.635489299929999979e+05
2.810400089999999977e+02 4.831433940001999959e+06 4.635490100100000273e+05
2.806900019999999927e+02 4.831433929992999882e+06 4.635490700070000021e+05
2.807600100000000225e+02 4.831434049987999722e+06 4.635491099849999882e+05
2.807500000000000000e+02 4.831434070007000118e+06 4.635491300049999845e+05
2.807000120000000152e+02 4.831434079986999743e+06 4.635491500239999732e+05
2.807200010000000248e+02 4.831434059998000041e+06 4.635490999760000268e+05
2.807500000000000000e+02 4.831434070007000118e+06 4.635490800169999711e+05
2.808999939999999924e+02 4.831433970000999980e+06 4.635487899779999861e+05
2.811099849999999947e+02 4.831433829986999743e+06 4.635485700070000021e+05
2.811600040000000149e+02 4.831433829986999743e+06 4.635485599979999824e+05
2.811400150000000053e+02 4.831433920013000257e+06 4.635490200199999963e+05
2.810199890000000096e+02 4.831433850006000139e+06 4.635491900020000176e+05
2.811700129999999831e+02 4.831433869994999841e+06 4.635485700070000021e+05
2.808200069999999755e+02 4.831433890014999546e+06 4.635486799929999979e+05
2.812500000000000000e+02 4.831433910004000179e+06 4.635487600100000273e+05
2.808800049999999828e+02 4.831433850006000139e+06 4.635487500000000000e+05
2.812399899999999775e+02 4.831433809998000041e+06 4.635487800290000159e+05
2.813599849999999947e+02 4.831433799987999722e+06 4.635487500000000000e+05
2.808900150000000053e+02 4.831433899993999861e+06 4.635487700199999963e+05
2.813699950000000172e+02 4.831433730011000298e+06 4.635487600100000273e+05
2.808399959999999851e+02 4.831433839995999821e+06 4.635487600100000273e+05
2.809599910000000023e+02 4.831433850006000139e+06 4.635487899779999861e+05
2.813099980000000073e+02 4.831433730011000298e+06 4.635488300169999711e+05
2.812799989999999752e+02 4.831433700012000278e+06 4.635487999880000134e+05
2.811300049999999828e+02 4.831433920013000257e+06 4.635490200199999963e+05
2.809599910000000023e+02 4.831433880005000159e+06 4.635491900020000176e+05
2.808099980000000073e+02 4.831433579986999743e+06 4.635491900020000176e+05
2.806900019999999927e+02 4.831434059998000041e+06 4.635491599730000016e+05
2.813500060000000076e+02 4.831433950012000278e+06 4.635489299929999979e+05
2.807600100000000225e+02 4.831434059998000041e+06 4.635490900269999984e+05
2.811199950000000172e+02 4.831433950012000278e+06 4.635490300290000159e+05
2.807399899999999775e+02 4.831434040009000339e+06 4.635491199950000155e+05
2.812799989999999752e+02 4.831433980011000298e+06 4.635488599849999882e+05
2.813699950000000172e+02 4.831433970000999980e+06 4.635488800049999845e+05
2.812099910000000023e+02 4.831433950012000278e+06 4.635488699950000155e+05
2.813399959999999851e+02 4.831433940001999959e+06 4.635489799800000037e+05
2.812300109999999904e+02 4.831434040009000339e+06 4.635490700070000021e+05
2.807799989999999752e+02 4.831434070007000118e+06 4.635490900269999984e+05
2.807300109999999904e+02 4.831434059998000041e+06 4.635491199950000155e+05
2.811000060000000076e+02 4.831433959990999661e+06 4.635491400150000118e+05
2.811400150000000053e+02 4.831433940001999959e+06 4.635491300049999845e+05
2.812000120000000152e+02 4.831433929992999882e+06 4.635491300049999845e+05
2.807300109999999904e+02 4.831434089995999821e+06 4.635491900020000176e+05
2.807399899999999775e+02 4.831434059998000041e+06 4.635491799929999979e+05
2.810799870000000169e+02 4.831433940001999959e+06 4.635491599730000016e+05
2.812300109999999904e+02 4.831433950012000278e+06 4.635492000119999866e+05
2.808900150000000053e+02 4.831433760010000318e+06 4.635488200070000021e+05
2.809100040000000149e+02 4.831433839995999821e+06 4.635487999880000134e+05
2.808200069999999755e+02 4.831433880005000159e+06 4.635487500000000000e+05
2.812399899999999775e+02 4.831433829986999743e+06 4.635488099979999824e+05
2.812000120000000152e+02 4.831433820007000118e+06 4.635487899779999861e+05
2.809100040000000149e+02 4.831433839995999821e+06 4.635488099979999824e+05
2.808999939999999924e+02 4.831433839995999821e+06 4.635487399899999727e+05
2.808599849999999947e+02 4.831433850006000139e+06 4.635487600100000273e+05
2.812000120000000152e+02 4.831433920013000257e+06 4.635487000119999866e+05
2.807999879999999848e+02 4.831433899993999861e+06 4.635487399899999727e+05
2.814899899999999775e+02 4.831433820007000118e+06 4.635485399779999861e+05
2.811099849999999947e+02 4.831433910004000179e+06 4.635485599979999824e+05
2.811199950000000172e+02 4.831433579986999743e+06 4.635490200199999963e+05
2.810799870000000169e+02 4.831433910004000179e+06 4.635491799929999979e+05
2.810100100000000225e+02 4.831433910004000179e+06 4.635491500239999732e+05
2.809100040000000149e+02 4.831433809998000041e+06 4.635487199709999841e+05
2.809200129999999831e+02 4.831433850006000139e+06 4.635487399899999727e+05
2.808999939999999924e+02 4.831433869994999841e+06 4.635487500000000000e+05
2.808699950000000172e+02 4.831433890014999546e+06 4.635487700199999963e+05
2.808399959999999851e+02 4.831433880005000159e+06 4.635487000119999866e+05
2.810700069999999755e+02 4.831433880005000159e+06 4.635485700070000021e+05
2.809200129999999831e+02 4.831433869994999841e+06 4.635486099849999882e+05
2.811700129999999831e+02 4.831433970000999980e+06 4.635491400150000118e+05
2.811499939999999924e+02 4.831433989989999682e+06 4.635491500239999732e+05
2.807399899999999775e+02 4.831434070007000118e+06 4.635492000119999866e+05
2.811600040000000149e+02 4.831434019988999702e+06 4.635491099849999882e+05
2.807699890000000096e+02 4.831434089995999821e+06 4.635491500239999732e+05
2.807300109999999904e+02 4.831434089995999821e+06 4.635491500239999732e+05
2.806700129999999831e+02 4.831434089995999821e+06 4.635491500239999732e+05
2.813900150000000053e+02 4.831433980011000298e+06 4.635489199830000289e+05
2.813200069999999755e+02 4.831433970000999980e+06 4.635489099730000016e+05
2.809200129999999831e+02 4.831433989989999682e+06 4.635487700199999963e+05
2.811900019999999927e+02 4.831433950012000278e+06 4.635486799929999979e+05
2.810899959999999851e+02 4.831433950012000278e+06 4.635492000119999866e+05
2.811600040000000149e+02 4.831433970000999980e+06 4.635491400150000118e+05
2.807200010000000248e+02 4.831434079986999743e+06 4.635491900020000176e+05
2.810700069999999755e+02 4.831433980011000298e+06 4.635490300290000159e+05
2.807699890000000096e+02 4.831434079986999743e+06 4.635491300049999845e+05
2.807000120000000152e+02 4.831434070007000118e+06 4.635491400150000118e+05
2.806700129999999831e+02 4.831434079986999743e+06 4.635491500239999732e+05
2.813900150000000053e+02 4.831433980011000298e+06 4.635489500119999866e+05
2.813599849999999947e+02 4.831433989989999682e+06 4.635489600220000139e+05
2.807500000000000000e+02 4.831434059998000041e+06 4.635490900269999984e+05
2.807399899999999775e+02 4.831434089995999821e+06 4.635490999760000268e+05
2.806499939999999924e+02 4.831434100006000139e+06 4.635491199950000155e+05
2.813800049999999828e+02 4.831434000000000000e+06 4.635489299929999979e+05
2.813800049999999828e+02 4.831433989989999682e+06 4.635489099730000016e+05
2.813200069999999755e+02 4.831433980011000298e+06 4.635489099730000016e+05
2.813500060000000076e+02 4.831434010010000318e+06 4.635489000239999732e+05
2.813800049999999828e+02 4.831434010010000318e+06 4.635488800049999845e+05
2.812200010000000248e+02 4.831434010010000318e+06 4.635487999880000134e+05
2.812200010000000248e+02 4.831433940001999959e+06 4.635491500239999732e+05
2.810799870000000169e+02 4.831433929992999882e+06 4.635491699830000289e+05
2.811600040000000149e+02 4.831433950012000278e+06 4.635491199950000155e+05
2.811300049999999828e+02 4.831433970000999980e+06 4.635491400150000118e+05
2.811799930000000245e+02 4.831433959990999661e+06 4.635490999760000268e+05
2.811400150000000053e+02 4.831433970000999980e+06 4.635491199950000155e+05
2.811099849999999947e+02 4.831433980011000298e+06 4.635491400150000118e+05
2.811600040000000149e+02 4.831433959990999661e+06 4.635491099849999882e+05
2.811300049999999828e+02 4.831433970000999980e+06 4.635491199950000155e+05
2.811400150000000053e+02 4.831433959990999661e+06 4.635491099849999882e+05
2.811099849999999947e+02 4.831433970000999980e+06 4.635491199950000155e+05
2.810799870000000169e+02 4.831433980011000298e+06 4.635491400150000118e+05
2.813599849999999947e+02 4.831433950012000278e+06 4.635490000000000000e+05
2.813900150000000053e+02 4.831433980011000298e+06 4.635489600220000139e+05
2.813599849999999947e+02 4.831433989989999682e+06 4.635489799800000037e+05
2.811400150000000053e+02 4.831433959990999661e+06 4.635490300290000159e+05
2.811400150000000053e+02 4.831433989989999682e+06 4.635490399779999861e+05
2.807200010000000248e+02 4.831434070007000118e+06 4.635492000119999866e+05
2.813800049999999828e+02 4.831433970000999980e+06 4.635489099730000016e+05
2.813699950000000172e+02 4.831433989989999682e+06 4.635489299929999979e+05
2.813299870000000169e+02 4.831434000000000000e+06 4.635489400020000176e+05
2.811000060000000076e+02 4.831433980011000298e+06 4.635490000000000000e+05
2.807500000000000000e+02 4.831434070007000118e+06 4.635491400150000118e+05
2.807099910000000023e+02 4.831434089995999821e+06 4.635491599730000016e+05
2.806300049999999828e+02 4.831434089995999821e+06 4.635491900020000176e+05
2.805899959999999851e+02 4.831434089995999821e+06 4.635492000119999866e+05
2.813800049999999828e+02 4.831434040009000339e+06 4.635488800049999845e+05
2.807600100000000225e+02 4.831434040009000339e+06 4.635490599979999824e+05
2.807699890000000096e+02 4.831434079986999743e+06 4.635490700070000021e+05
2.807200010000000248e+02 4.831434089995999821e+06 4.635490900269999984e+05
2.806400150000000053e+02 4.831434109985000454e+06 4.635491199950000155e+05
2.811300049999999828e+02 4.831433839995999821e+06 4.635485200199999963e+05
2.808900150000000053e+02 4.831433750000000000e+06 4.635487299800000037e+05
2.810100100000000225e+02 4.831433570007000118e+06 4.635487999880000134e+05
2.810400089999999977e+02 4.831433700012000278e+06 4.635492000119999866e+05
2.810599980000000073e+02 4.831433859985000454e+06 4.635485399779999861e+05
2.809200129999999831e+02 4.831433820007000118e+06 4.635487500000000000e+05
2.811000060000000076e+02 4.831433859985000454e+06 4.635490300290000159e+05
2.811700129999999831e+02 4.831433920013000257e+06 4.635491300049999845e+05
2.808999939999999924e+02 4.831433799987999722e+06 4.635487600100000273e+05
2.812300109999999904e+02 4.831433779999000020e+06 4.635487999880000134e+05
2.808900150000000053e+02 4.831433700012000278e+06 4.635487399899999727e+05
2.810100100000000225e+02 4.831433890014999546e+06 4.635489699709999841e+05
2.807000120000000152e+02 4.831434040009000339e+06 4.635491400150000118e+05
2.807600100000000225e+02 4.831434040009000339e+06 4.635491300049999845e+05
2.807000120000000152e+02 4.831434059998000041e+06 4.635492000119999866e+05
2.807000120000000152e+02 4.831434059998000041e+06 4.635491500239999732e+05
2.807200010000000248e+02 4.831434029999000020e+06 4.635491300049999845e+05
2.811400150000000053e+02 4.831433940001999959e+06 4.635491400150000118e+05
2.807000120000000152e+02 4.831434070007000118e+06 4.635491799929999979e+05
2.807300109999999904e+02 4.831434059998000041e+06 4.635491799929999979e+05
2.807399899999999775e+02 4.831434029999000020e+06 4.635491500239999732e+05
2.808900150000000053e+02 4.831433730011000298e+06 4.635488099979999824e+05
2.811799930000000245e+02 4.831433790009000339e+06 4.635485900269999984e+05
2.808800049999999828e+02 4.831433779999000020e+06 4.635487100220000139e+05
2.808599849999999947e+02 4.831433660004000179e+06 4.635486599730000016e+05
2.809500120000000152e+02 4.831433670013000257e+06 4.635486199950000155e+05
2.811600040000000149e+02 4.831433820007000118e+06 4.635485900269999984e+05
2.808599849999999947e+02 4.831433700012000278e+06 4.635485999760000268e+05
2.808699950000000172e+02 4.831433779999000020e+06 4.635485700070000021e+05
2.811799930000000245e+02 4.831433940001999959e+06 4.635491900020000176e+05
2.811900019999999927e+02 4.831433959990999661e+06 4.635491699830000289e+05
2.810700069999999755e+02 4.831433970000999980e+06 4.635490499880000134e+05
2.809800109999999904e+02 4.831433899993999861e+06 4.635491300049999845e+05
2.809500120000000152e+02 4.831433880005000159e+06 4.635491799929999979e+05
2.810100100000000225e+02 4.831433899993999861e+06 4.635491699830000289e+05
2.810700069999999755e+02 4.831433910004000179e+06 4.635490800169999711e+05
2.809599910000000023e+02 4.831433829986999743e+06 4.635487999880000134e+05
2.810899959999999851e+02 4.831433920013000257e+06 4.635491900020000176e+05
2.807200010000000248e+02 4.831433929992999882e+06 4.635490900269999984e+05
2.813599849999999947e+02 4.831433989989999682e+06 4.635488599849999882e+05
2.813599849999999947e+02 4.831433959990999661e+06 4.635489299929999979e+05
2.807300109999999904e+02 4.831433950012000278e+06 4.635490999760000268e+05
2.807099910000000023e+02 4.831434010010000318e+06 4.635491599730000016e+05
2.807300109999999904e+02 4.831434029999000020e+06 4.635491599730000016e+05
2.807099910000000023e+02 4.831434040009000339e+06 4.635491699830000289e+05
2.806900019999999927e+02 4.831434070007000118e+06 4.635491799929999979e+05
2.807099910000000023e+02 4.831434070007000118e+06 4.635491500239999732e+05
2.806900019999999927e+02 4.831434059998000041e+06 4.635492000119999866e+05
2.806900019999999927e+02 4.831434059998000041e+06 4.635491900020000176e+05
2.806900019999999927e+02 4.831434059998000041e+06 4.635491799929999979e+05
2.806400150000000053e+02 4.831433890014999546e+06 4.635490800169999711e+05
2.809200129999999831e+02 4.831433739989999682e+06 4.635488200070000021e+05
2.811700129999999831e+02 4.831433839995999821e+06 4.635486199950000155e+05
2.807099910000000023e+02 4.831433890014999546e+06 4.635491599730000016e+05
2.806900019999999927e+02 4.831433899993999861e+06 4.635491400150000118e+05
2.806700129999999831e+02 4.831433910004000179e+06 4.635491199950000155e+05
2.805100100000000225e+02 4.831433899993999861e+06 4.635491500239999732e+05
2.811000060000000076e+02 4.831433809998000041e+06 4.635492000119999866e+05
2.804400019999999927e+02 4.831433859985000454e+06 4.635491699830000289e+05
2.809700010000000248e+02 4.831433839995999821e+06 4.635491900020000176e+05
2.806400150000000053e+02 4.831433869994999841e+06 4.635491799929999979e+05
2.806700129999999831e+02 4.831433890014999546e+06 4.635491400150000118e+05
2.806499939999999924e+02 4.831433899993999861e+06 4.635491300049999845e+05
2.805100100000000225e+02 4.831433890014999546e+06 4.635491599730000016e+05
2.809500120000000152e+02 4.831433890014999546e+06 4.635491400150000118e+05
2.807300109999999904e+02 4.831433880005000159e+06 4.635491799929999979e+05
2.807399899999999775e+02 4.831433899993999861e+06 4.635491400150000118e+05
2.807600100000000225e+02 4.831433920013000257e+06 4.635491099849999882e+05
2.807399899999999775e+02 4.831433899993999861e+06 4.635491599730000016e+05
2.806900019999999927e+02 4.831433920013000257e+06 4.635491199950000155e+05
2.807300109999999904e+02 4.831433880005000159e+06 4.635491799929999979e+05
2.807000120000000152e+02 4.831433890014999546e+06 4.635491599730000016e+05
2.807099910000000023e+02 4.831433880005000159e+06 4.635491599730000016e+05
2.807200010000000248e+02 4.831433899993999861e+06 4.635491300049999845e+05
2.807000120000000152e+02 4.831433910004000179e+06 4.635491099849999882e+05
2.806199950000000172e+02 4.831433869994999841e+06 4.635491500239999732e+05
2.805799870000000169e+02 4.831433880005000159e+06 4.635491400150000118e+05
2.809400019999999927e+02 4.831433859985000454e+06 4.635490999760000268e+05
2.813699950000000172e+02 4.831433890014999546e+06 4.635486599730000016e+05
2.808699950000000172e+02 4.831433809998000041e+06 4.635488400269999984e+05
2.810599980000000073e+02 4.831433579986999743e+06 4.635488400269999984e+05
2.811400150000000053e+02 4.831433559998000041e+06 4.635488200070000021e+05
2.811199950000000172e+02 4.831433549987999722e+06 4.635488400269999984e+05
2.809700010000000248e+02 4.831433570007000118e+06 4.635488200070000021e+05
2.807099910000000023e+02 4.831433880005000159e+06 4.635491300049999845e+05
2.806600040000000149e+02 4.831433910004000179e+06 4.635491099849999882e+05
2.809400019999999927e+02 4.831433679992999882e+06 4.635487899779999861e+05
2.810000000000000000e+02 4.831433540009000339e+06 4.635488599849999882e+05
2.806900019999999927e+02 4.831433950012000278e+06 4.635490999760000268e+05
2.813200069999999755e+02 4.831433929992999882e+06 4.635489500119999866e+05
2.807000120000000152e+02 4.831433959990999661e+06 4.635490999760000268e+05
2.809400019999999927e+02 4.831433679992999882e+06 4.635486099849999882e+05
2.809800109999999904e+02 4.831433859985000454e+06 4.635491500239999732e+05
2.810400089999999977e+02 4.831433910004000179e+06 4.635491400150000118e+05
2.810499879999999848e+02 4.831433920013000257e+06 4.635491400150000118e+05
2.808999939999999924e+02 4.831433660004000179e+06 4.635486799929999979e+05
2.808800049999999828e+02 4.831433679992999882e+06 4.635487299800000037e+05
2.809400019999999927e+02 4.831433739989999682e+06 4.635487199709999841e+05
2.813500060000000076e+02 4.831433750000000000e+06 4.635487800290000159e+05
2.811799930000000245e+02 4.831433859985000454e+06 4.635486099849999882e+05
2.812900089999999977e+02 4.831433799987999722e+06 4.635487299800000037e+05
2.813399959999999851e+02 4.831433790009000339e+06 4.635487600100000273e+05
2.812399899999999775e+02 4.831433760010000318e+06 4.635487899779999861e+05
2.813800049999999828e+02 4.831433829986999743e+06 4.635487299800000037e+05
2.809100040000000149e+02 4.831433829986999743e+06 4.635487500000000000e+05
2.811199950000000172e+02 4.831433920013000257e+06 4.635490900269999984e+05
2.808399959999999851e+02 4.831433630005000159e+06 4.635486500239999732e+05
2.809500120000000152e+02 4.831433640014999546e+06 4.635487000119999866e+05
2.809200129999999831e+02 4.831433540009000339e+06 4.635488400269999984e+05
2.809500120000000152e+02 4.831433709990999661e+06 4.635487100220000139e+05
2.811600040000000149e+02 4.831433890014999546e+06 4.635485900269999984e+05
2.812500000000000000e+02 4.831433809998000041e+06 4.635487600100000273e+05
2.812699890000000096e+02 4.831433839995999821e+06 4.635487800290000159e+05
2.811000060000000076e+02 4.831433600006000139e+06 4.635490800169999711e+05
2.808699950000000172e+02 4.831433769988999702e+06 4.635487000119999866e+05
2.812000120000000152e+02 4.831433829986999743e+06 4.635487899779999861e+05
2.808299870000000169e+02 4.831433899993999861e+06 4.635486799929999979e+05
2.808900150000000053e+02 4.831433859985000454e+06 4.635487700199999963e+05
2.813699950000000172e+02 4.831433970000999980e+06 4.635489299929999979e+05
2.812699890000000096e+02 4.831433989989999682e+06 4.635489600220000139e+05
2.811300049999999828e+02 4.831433950012000278e+06 4.635490599979999824e+05
2.810799870000000169e+02 4.831433920013000257e+06 4.635491799929999979e+05
2.807399899999999775e+02 4.831434049987999722e+06 4.635490700070000021e+05
2.810799870000000169e+02 4.831433959990999661e+06 4.635491699830000289e+05
2.813999939999999924e+02 4.831433989989999682e+06 4.635489600220000139e+05
2.810100100000000225e+02 4.831433929992999882e+06 4.635490599979999824e+05
2.811300049999999828e+02 4.831433940001999959e+06 4.635490700070000021e+05
2.811099849999999947e+02 4.831433950012000278e+06 4.635491199950000155e+05
2.806900019999999927e+02 4.831434079986999743e+06 4.635491199950000155e+05
2.807099910000000023e+02 4.831434079986999743e+06 4.635491400150000118e+05
2.807099910000000023e+02 4.831434089995999821e+06 4.635491699830000289e+05
2.813999939999999924e+02 4.831433970000999980e+06 4.635489500119999866e+05
2.811900019999999927e+02 4.831433929992999882e+06 4.635491400150000118e+05
2.807600100000000225e+02 4.831434070007000118e+06 4.635490900269999984e+05
2.807500000000000000e+02 4.831434059998000041e+06 4.635491099849999882e+05
2.807500000000000000e+02 4.831434049987999722e+06 4.635491300049999845e+05
2.807099910000000023e+02 4.831434059998000041e+06 4.635491199950000155e+05
2.807200010000000248e+02 4.831434070007000118e+06 4.635491300049999845e+05
2.807000120000000152e+02 4.831434079986999743e+06 4.635491300049999845e+05
2.807000120000000152e+02 4.831434070007000118e+06 4.635491500239999732e+05
2.807399899999999775e+02 4.831434070007000118e+06 4.635491799929999979e+05
2.806900019999999927e+02 4.831434100006000139e+06 4.635491699830000289e+05
2.811700129999999831e+02 4.831433920013000257e+06 4.635491799929999979e+05
2.810199890000000096e+02 4.831433850006000139e+06 4.635491300049999845e+05
2.808800049999999828e+02 4.831433880005000159e+06 4.635487999880000134e+05
2.812600100000000225e+02 4.831433869994999841e+06 4.635487000119999866e+05
2.811199950000000172e+02 4.831433820007000118e+06 4.635485700070000021e+05
2.811000060000000076e+02 4.831433829986999743e+06 4.635485499880000134e+05
2.809700010000000248e+02 4.831433910004000179e+06 4.635490399779999861e+05
2.810599980000000073e+02 4.831433910004000179e+06 4.635490200199999963e+05
2.811099849999999947e+02 4.831433899993999861e+06 4.635490100100000273e+05
2.810000000000000000e+02 4.831433920013000257e+06 4.635490399779999861e+05
2.809800109999999904e+02 4.831433899993999861e+06 4.635491199950000155e+05
2.809700010000000248e+02 4.831433920013000257e+06 4.635491599730000016e+05
2.810899959999999851e+02 4.831433910004000179e+06 4.635491599730000016e+05
2.810100100000000225e+02 4.831433920013000257e+06 4.635491599730000016e+05
2.810700069999999755e+02 4.831433899993999861e+06 4.635491799929999979e+05
2.810700069999999755e+02 4.831433910004000179e+06 4.635491599730000016e+05
2.809899899999999775e+02 4.831433899993999861e+06 4.635490399779999861e+05
2.811799930000000245e+02 4.831433809998000041e+06 4.635486400150000118e+05
2.811000060000000076e+02 4.831433799987999722e+06 4.635485300290000159e+05
2.806900019999999927e+02 4.831434059998000041e+06 4.635491599730000016e+05
2.810199890000000096e+02 4.831433929992999882e+06 4.635490999760000268e+05
2.810599980000000073e+02 4.831433940001999959e+06 4.635490399779999861e+05
2.811799930000000245e+02 4.831433970000999980e+06 4.635490300290000159e+05
2.809899899999999775e+02 4.831433940001999959e+06 4.635491300049999845e+05
2.811499939999999924e+02 4.831433980011000298e+06 4.635490300290000159e+05
2.811199950000000172e+02 4.831433970000999980e+06 4.635490499880000134e+05
2.810100100000000225e+02 4.831433929992999882e+06 4.635491300049999845e+05
2.811600040000000149e+02 4.831433970000999980e+06 4.635490499880000134e+05
2.810100100000000225e+02 4.831433929992999882e+06 4.635491400150000118e+05
2.811099849999999947e+02 4.831433959990999661e+06 4.635490599979999824e+05
2.809700010000000248e+02 4.831433950012000278e+06 4.635490700070000021e+05
2.809899899999999775e+02 4.831433950012000278e+06 4.635492000119999866e+05
2.809500120000000152e+02 4.831433709990999661e+06 4.635489500119999866e+05
2.815000000000000000e+02 4.831433829986999743e+06 4.635485000000000000e+05
2.813399959999999851e+02 4.831433769988999702e+06 4.635487899779999861e+05
2.812900089999999977e+02 4.831433799987999722e+06 4.635487399899999727e+05
2.812799989999999752e+02 4.831433760010000318e+06 4.635488200070000021e+05
2.812500000000000000e+02 4.831433809998000041e+06 4.635487299800000037e+05
2.813399959999999851e+02 4.831433809998000041e+06 4.635487700199999963e+05
2.812699890000000096e+02 4.831433790009000339e+06 4.635487600100000273e+05
2.813299870000000169e+02 4.831433779999000020e+06 4.635488200070000021e+05
2.812000120000000152e+02 4.831433799987999722e+06 4.635487100220000139e+05
2.813099980000000073e+02 4.831433779999000020e+06 4.635488200070000021e+05
2.812699890000000096e+02 4.831433779999000020e+06 4.635488800049999845e+05
2.809700010000000248e+02 4.831433779999000020e+06 4.635488200070000021e+05
2.808900150000000053e+02 4.831433750000000000e+06 4.635488300169999711e+05
2.812000120000000152e+02 4.831433899993999861e+06 4.635488400269999984e+05
2.807500000000000000e+02 4.831434079986999743e+06 4.635490999760000268e+05
2.807200010000000248e+02 4.831434059998000041e+06 4.635491099849999882e+05
2.806400150000000053e+02 4.831434089995999821e+06 4.635491500239999732e+05
2.812799989999999752e+02 4.831433929992999882e+06 4.635489099730000016e+05
2.807300109999999904e+02 4.831434100006000139e+06 4.635491199950000155e+05
2.807200010000000248e+02 4.831434070007000118e+06 4.635491699830000289e+05
2.813299870000000169e+02 4.831433940001999959e+06 4.635489199830000289e+05
2.813200069999999755e+02 4.831433929992999882e+06 4.635489400020000176e+05
2.814200129999999831e+02 4.831433989989999682e+06 4.635489500119999866e+05
2.812600100000000225e+02 4.831433970000999980e+06 4.635489000239999732e+05
2.812000120000000152e+02 4.831433929992999882e+06 4.635491900020000176e+05
2.811600040000000149e+02 4.831433950012000278e+06 4.635491799929999979e+05
2.810000000000000000e+02 4.831433950012000278e+06 4.635491799929999979e+05
2.810899959999999851e+02 4.831433790009000339e+06 4.635493200070000021e+05
2.810400089999999977e+02 4.831433649993999861e+06 4.635492199709999841e+05
2.810199890000000096e+02 4.831433700012000278e+06 4.635492600100000273e+05
2.810700069999999755e+02 4.831433720000999980e+06 4.635493699950000155e+05
2.811499939999999924e+02 4.831433850006000139e+06 4.635493400269999984e+05
2.811499939999999924e+02 4.831433829986999743e+06 4.635493200070000021e+05
2.810400089999999977e+02 4.831433790009000339e+06 4.635493599849999882e+05
2.811300049999999828e+02 4.831433880005000159e+06 4.635493400269999984e+05
2.810799870000000169e+02 4.831433869994999841e+06 4.635493200070000021e+05
2.810299989999999752e+02 4.831433859985000454e+06 4.635492999880000134e+05
2.811000060000000076e+02 4.831433739989999682e+06 4.635493099979999824e+05
2.809700010000000248e+02 4.831433950012000278e+06 4.635492800290000159e+05
2.810700069999999755e+02 4.831433970000999980e+06 4.635492700199999963e+05
2.809800109999999904e+02 4.831433950012000278e+06 4.635492299800000037e+05
2.801400150000000053e+02 4.831433559998000041e+06 4.635494500119999866e+05
2.801300049999999828e+02 4.831433649993999861e+06 4.635495000000000000e+05
2.810899959999999851e+02 4.831433609985000454e+06 4.635492399899999727e+05
2.811099849999999947e+02 4.831433619994999841e+06 4.635492399899999727e+05
2.811199950000000172e+02 4.831433690001999959e+06 4.635492800290000159e+05
2.810199890000000096e+02 4.831433760010000318e+06 4.635492600100000273e+05
2.809899899999999775e+02 4.831433779999000020e+06 4.635492700199999963e+05
2.809899899999999775e+02 4.831433880005000159e+06 4.635493300169999711e+05
2.810299989999999752e+02 4.831433910004000179e+06 4.635492899779999861e+05
2.800700069999999755e+02 4.831433660004000179e+06 4.635494699709999841e+05
2.810299989999999752e+02 4.831433839995999821e+06 4.635492199709999841e+05
2.810400089999999977e+02 4.831433950012000278e+06 4.635492399899999727e+05
2.807000120000000152e+02 4.831434070007000118e+06 4.635492100220000139e+05
2.807300109999999904e+02 4.831434070007000118e+06 4.635492199709999841e+05
2.807000120000000152e+02 4.831434070007000118e+06 4.635492800290000159e+05
2.810299989999999752e+02 4.831433899993999861e+06 4.635492199709999841e+05
2.810700069999999755e+02 4.831433679992999882e+06 4.635492600100000273e+05
2.801400150000000053e+02 4.831433619994999841e+06 4.635495000000000000e+05
2.810599980000000073e+02 4.831433880005000159e+06 4.635492700199999963e+05
2.810899959999999851e+02 4.831433839995999821e+06 4.635492500000000000e+05
2.811000060000000076e+02 4.831433609985000454e+06 4.635492800290000159e+05
2.802300109999999904e+02 4.831433619994999841e+06 4.635492999880000134e+05
2.802500000000000000e+02 4.831433649993999861e+06 4.635494799800000037e+05
2.801799930000000245e+02 4.831433630005000159e+06 4.635495000000000000e+05
2.802300109999999904e+02 4.831433619994999841e+06 4.635495000000000000e+05
2.809599910000000023e+02 4.831433910004000179e+06 4.635492600100000273e+05
2.811000060000000076e+02 4.831433920013000257e+06 4.635492999880000134e+05
2.810700069999999755e+02 4.831433730011000298e+06 4.635492500000000000e+05
2.810499879999999848e+02 4.831433609985000454e+06 4.635492600100000273e+05
2.802200010000000248e+02 4.831433640014999546e+06 4.635493300169999711e+05
2.802099910000000023e+02 4.831433609985000454e+06 4.635493099979999824e+05
2.802399899999999775e+02 4.831433670013000257e+06 4.635494299929999979e+05
2.800899959999999851e+02 4.831433649993999861e+06 4.635494400020000176e+05
2.801799930000000245e+02 4.831433600006000139e+06 4.635495000000000000e+05
2.806400150000000053e+02 4.831434070007000118e+06 4.635492800290000159e+05
2.804400019999999927e+02 4.831433959990999661e+06 4.635492500000000000e+05
2.810499879999999848e+02 4.831433940001999959e+06 4.635492399899999727e+05
2.806900019999999927e+02 4.831434079986999743e+06 4.635492199709999841e+05
2.807000120000000152e+02 4.831434059998000041e+06 4.635492100220000139e+05
2.810899959999999851e+02 4.831433970000999980e+06 4.635492399899999727e+05
2.812399899999999775e+02 4.831433950012000278e+06 4.635492600100000273e+05
2.801799930000000245e+02 4.831433670013000257e+06 4.635494699709999841e+05
2.801700129999999831e+02 4.831433690001999959e+06 4.635494899899999727e+05
2.806300049999999828e+02 4.831433640014999546e+06 4.635492700199999963e+05
2.806099849999999947e+02 4.831433589995999821e+06 4.635492100220000139e+05
2.810799870000000169e+02 4.831433790009000339e+06 4.635492999880000134e+05
2.810700069999999755e+02 4.831433809998000041e+06 4.635493099979999824e+05
2.802099910000000023e+02 4.831433640014999546e+06 4.635494500119999866e+05
2.800799870000000169e+02 4.831433619994999841e+06 4.635494600220000139e+05
2.802399899999999775e+02 4.831433640014999546e+06 4.635494000239999732e+05
2.802600100000000225e+02 4.831433690001999959e+06 4.635494299929999979e+05
2.802500000000000000e+02 4.831433670013000257e+06 4.635494099730000016e+05
2.802200010000000248e+02 4.831433690001999959e+06 4.635494199830000289e+05
2.802600100000000225e+02 4.831433679992999882e+06 4.635494199830000289e+05
2.802200010000000248e+02 4.831433690001999959e+06 4.635494299929999979e+05
2.807200010000000248e+02 4.831433559998000041e+06 4.635492600100000273e+05
2.802200010000000248e+02 4.831433579986999743e+06 4.635493400269999984e+05
2.802099910000000023e+02 4.831433660004000179e+06 4.635493900150000118e+05
2.810199890000000096e+02 4.831433649993999861e+06 4.635492399899999727e+05
2.810400089999999977e+02 4.831433739989999682e+06 4.635492899779999861e+05
2.810299989999999752e+02 4.831433760010000318e+06 4.635493099979999824e+05
2.811300049999999828e+02 4.831433850006000139e+06 4.635493099979999824e+05
2.809899899999999775e+02 4.831433850006000139e+06 4.635493300169999711e+05
2.802900089999999977e+02 4.831433709990999661e+06 4.635493400269999984e+05
2.810100100000000225e+02 4.831433820007000118e+06 4.635492700199999963e+05
2.810799870000000169e+02 4.831433890014999546e+06 4.635492999880000134e+05
2.810499879999999848e+02 4.831433899993999861e+06 4.635493099979999824e+05
2.809700010000000248e+02 4.831433839995999821e+06 4.635492999880000134e+05
2.802500000000000000e+02 4.831433660004000179e+06 4.635494299929999979e+05
2.801499939999999924e+02 4.831433619994999841e+06 4.635494400020000176e+05
2.801199950000000172e+02 4.831433670013000257e+06 4.635494699709999841e+05
2.809800109999999904e+02 4.831433829986999743e+06 4.635492299800000037e+05
2.802399899999999775e+02 4.831433660004000179e+06 4.635493699950000155e+05
2.802099910000000023e+02 4.831433670013000257e+06 4.635493800049999845e+05
2.801600040000000149e+02 4.831433640014999546e+06 4.635493300169999711e+05
2.811300049999999828e+02 4.831433950012000278e+06 4.635493099979999824e+05
2.810899959999999851e+02 4.831433959990999661e+06 4.635493200070000021e+05
2.811000060000000076e+02 4.831434010010000318e+06 4.635492700199999963e+05
2.812200010000000248e+02 4.831433920013000257e+06 4.635492999880000134e+05
2.807099910000000023e+02 4.831434049987999722e+06 4.635492399899999727e+05
2.812399899999999775e+02 4.831433929992999882e+06 4.635492700199999963e+05
2.802900089999999977e+02 4.831433640014999546e+06 4.635492999880000134e+05
2.807399899999999775e+02 4.831433540009000339e+06 4.635492100220000139e+05
2.802200010000000248e+02 4.831433640014999546e+06 4.635494699709999841e+05
2.807900089999999977e+02 4.831433559998000041e+06 4.635492100220000139e+05
2.802300109999999904e+02 4.831433619994999841e+06 4.635492899779999861e+05
2.811099849999999947e+02 4.831433910004000179e+06 4.635493400269999984e+05
2.807000120000000152e+02 4.831433570007000118e+06 4.635492399899999727e+05
2.802500000000000000e+02 4.831433660004000179e+06 4.635494400020000176e+05
2.801900019999999927e+02 4.831433679992999882e+06 4.635495000000000000e+05
2.802000120000000152e+02 4.831433649993999861e+06 4.635494699709999841e+05
2.806600040000000149e+02 4.831434070007000118e+06 4.635492500000000000e+05
2.806900019999999927e+02 4.831434040009000339e+06 4.635492299800000037e+05
2.810799870000000169e+02 4.831433989989999682e+06 4.635492600100000273e+05
2.800700069999999755e+02 4.831433709990999661e+06 4.635494699709999841e+05
2.810400089999999977e+02 4.831433859985000454e+06 4.635492800290000159e+05
2.809599910000000023e+02 4.831433910004000179e+06 4.635492500000000000e+05
2.806199950000000172e+02 4.831433549987999722e+06 4.635492500000000000e+05
2.802300109999999904e+02 4.831433640014999546e+06 4.635493200070000021e+05
2.809899899999999775e+02 4.831433970000999980e+06 4.635492700199999963e+05
2.812300109999999904e+02 4.831433929992999882e+06 4.635492500000000000e+05
2.810700069999999755e+02 4.831433940001999959e+06 4.635492299800000037e+05
2.812000120000000152e+02 4.831433940001999959e+06 4.635492199709999841e+05
2.811300049999999828e+02 4.831433980011000298e+06 4.635492199709999841e+05
2.810799870000000169e+02 4.831433589995999821e+06 4.635492700199999963e+05
2.810000000000000000e+02 4.831433880005000159e+06 4.635492700199999963e+05
2.809899899999999775e+02 4.831433910004000179e+06 4.635493099979999824e+05
2.810100100000000225e+02 4.831433809998000041e+06 4.635492999880000134e+05
2.811300049999999828e+02 4.831433790009000339e+06 4.635493699950000155e+05
2.812399899999999775e+02 4.831433929992999882e+06 4.635492700199999963e+05
2.812699890000000096e+02 4.831433950012000278e+06 4.635492700199999963e+05
2.806900019999999927e+02 4.831434049987999722e+06 4.635492199709999841e+05
2.807200010000000248e+02 4.831434040009000339e+06 4.635492199709999841e+05
2.806700129999999831e+02 4.831434049987999722e+06 4.635492199709999841e+05
2.807099910000000023e+02 4.831434049987999722e+06 4.635492199709999841e+05
2.807200010000000248e+02 4.831434059998000041e+06 4.635492299800000037e+05
2.807000120000000152e+02 4.831434049987999722e+06 4.635492199709999841e+05
2.807000120000000152e+02 4.831434049987999722e+06 4.635492100220000139e+05
2.807000120000000152e+02 4.831434059998000041e+06 4.635492299800000037e+05
2.806700129999999831e+02 4.831434079986999743e+06 4.635492399899999727e+05
2.806799930000000245e+02 4.831434079986999743e+06 4.635492100220000139e+05
2.811600040000000149e+02 4.831433829986999743e+06 4.635493800049999845e+05
2.810799870000000169e+02 4.831433859985000454e+06 4.635493200070000021e+05
2.810000000000000000e+02 4.831433750000000000e+06 4.635493599849999882e+05
2.802699890000000096e+02 4.831433600006000139e+06 4.635492600100000273e+05
2.810700069999999755e+02 4.831433809998000041e+06 4.635493499760000268e+05
2.811099849999999947e+02 4.831433839995999821e+06 4.635492999880000134e+05
2.810400089999999977e+02 4.831433839995999821e+06 4.635492100220000139e+05
2.809700010000000248e+02 4.831433839995999821e+06 4.635492100220000139e+05
2.811300049999999828e+02 4.831433750000000000e+06 4.635492399899999727e+05
2.810199890000000096e+02 4.831433739989999682e+06 4.635492800290000159e+05
2.810199890000000096e+02 4.831433809998000041e+06 4.635492500000000000e+05
2.810100100000000225e+02 4.831433820007000118e+06 4.635492500000000000e+05
2.810299989999999752e+02 4.831433850006000139e+06 4.635492100220000139e+05
2.809599910000000023e+02 4.831433799987999722e+06 4.635492700199999963e+05
2.810899959999999851e+02 4.831433739989999682e+06 4.635492299800000037e+05
2.810799870000000169e+02 4.831433739989999682e+06 4.635492500000000000e+05
2.811099849999999947e+02 4.831433730011000298e+06 4.635492500000000000e+05
2.810400089999999977e+02 4.831433730011000298e+06 4.635492500000000000e+05
2.810599980000000073e+02 4.831433609985000454e+06 4.635492800290000159e+05
2.810100100000000225e+02 4.831433799987999722e+06 4.635492500000000000e+05
2.809800109999999904e+02 4.831433859985000454e+06 4.635492899779999861e+05
2.810499879999999848e+02 4.831433869994999841e+06 4.635492899779999861e+05
2.812500000000000000e+02 4.831433920013000257e+06 4.635492999880000134e+05
2.811000060000000076e+02 4.831433679992999882e+06 4.635492899779999861e+05
2.810899959999999851e+02 4.831433839995999821e+06 4.635492299800000037e+05
2.810400089999999977e+02 4.831433850006000139e+06 4.635492700199999963e+05
2.810700069999999755e+02 4.831433850006000139e+06 4.635492899779999861e+05
2.810499879999999848e+02 4.831433829986999743e+06 4.635493099979999824e+05
2.810499879999999848e+02 4.831433820007000118e+06 4.635493300169999711e+05
2.802399899999999775e+02 4.831433670013000257e+06 4.635494299929999979e+05
2.802399899999999775e+02 4.831433660004000179e+06 4.635494600220000139e+05
2.809599910000000023e+02 4.831433910004000179e+06 4.635492299800000037e+05
2.811000060000000076e+02 4.831433920013000257e+06 4.635492399899999727e+05
2.810299989999999752e+02 4.831433899993999861e+06 4.635493099979999824e+05
2.812099910000000023e+02 4.831433920013000257e+06 4.635493200070000021e+05
2.810799870000000169e+02 4.831433619994999841e+06 4.635492700199999963e+05
2.811300049999999828e+02 4.831433670013000257e+06 4.635492999880000134e+05
2.810100100000000225e+02 4.831433760010000318e+06 4.635492100220000139e+05
2.810599980000000073e+02 4.831433829986999743e+06 4.635492299800000037e+05
2.811400150000000053e+02 4.831433829986999743e+06 4.635492899779999861e+05
2.811600040000000149e+02 4.831433809998000041e+06 4.635493300169999711e+05
2.810100100000000225e+02 4.831433869994999841e+06 4.635492700199999963e+05
2.802200010000000248e+02 4.831433640014999546e+06 4.635494699709999841e+05
2.801900019999999927e+02 4.831433609985000454e+06 4.635494899899999727e+05
2.801799930000000245e+02 4.831433640014999546e+06 4.635494699709999841e+05
2.802000120000000152e+02 4.831433640014999546e+06 4.635494899899999727e+05
2.811000060000000076e+02 4.831433929992999882e+06 4.635492999880000134e+05
2.810299989999999752e+02 4.831433950012000278e+06 4.635492600100000273e+05
2.809899899999999775e+02 4.831433929992999882e+06 4.635492899779999861e+05
2.812000120000000152e+02 4.831433940001999959e+06 4.635493200070000021e+05
2.810199890000000096e+02 4.831433959990999661e+06 4.635492700199999963e+05
2.810700069999999755e+02 4.831433959990999661e+06 4.635492500000000000e+05
2.801700129999999831e+02 4.831433660004000179e+06 4.635494299929999979e+05
2.809500120000000152e+02 4.831433720000999980e+06 4.635492100220000139e+05
2.810799870000000169e+02 4.831433570007000118e+06 4.635492800290000159e+05
2.810299989999999752e+02 4.831433899993999861e+06 4.635492399899999727e+05
2.809700010000000248e+02 4.831433790009000339e+06 4.635492500000000000e+05
2.810700069999999755e+02 4.831433760010000318e+06 4.635492500000000000e+05
2.810700069999999755e+02 4.831433799987999722e+06 4.635492700199999963e+05
2.810000000000000000e+02 4.831433859985000454e+06 4.635492500000000000e+05
2.811000060000000076e+02 4.831433859985000454e+06 4.635492500000000000e+05
2.809800109999999904e+02 4.831433859985000454e+06 4.635492500000000000e+05
2.809700010000000248e+02 4.831433799987999722e+06 4.635492700199999963e+05
2.809700010000000248e+02 4.831433779999000020e+06 4.635492500000000000e+05
2.810799870000000169e+02 4.831433869994999841e+06 4.635492899779999861e+05
2.805499879999999848e+02 4.831434049987999722e+06 4.635492800290000159e+05
2.809800109999999904e+02 4.831433799987999722e+06 4.635492700199999963e+05
2.801400150000000053e+02 4.831433720000999980e+06 4.635495000000000000e+05
2.810799870000000169e+02 4.831433869994999841e+06 4.635492800290000159e+05
2.811600040000000149e+02 4.831433829986999743e+06 4.635493400269999984e+05
2.810799870000000169e+02 4.831433839995999821e+06 4.635493300169999711e+05
2.809700010000000248e+02 4.831433820007000118e+06 4.635492600100000273e+05
2.809800109999999904e+02 4.831433809998000041e+06 4.635492899779999861e+05
2.810400089999999977e+02 4.831433880005000159e+06 4.635492299800000037e+05
2.810700069999999755e+02 4.831433850006000139e+06 4.635492899779999861e+05
2.810199890000000096e+02 4.831433839995999821e+06 4.635492999880000134e+05
2.810100100000000225e+02 4.831433880005000159e+06 4.635492199709999841e+05
2.811099849999999947e+02 4.831433839995999821e+06 4.635493200070000021e+05
2.809599910000000023e+02 4.831433869994999841e+06 4.635492500000000000e+05
2.800599980000000073e+02 4.831433640014999546e+06 4.635495000000000000e+05
2.811000060000000076e+02 4.831433899993999861e+06 4.635492700199999963e+05
2.809899899999999775e+02 4.831433880005000159e+06 4.635492899779999861e+05
2.800899959999999851e+02 4.831433690001999959e+06 4.635494600220000139e+05
2.812900089999999977e+02 4.831433920013000257e+06 4.635493099979999824e+05
2.811499939999999924e+02 4.831433890014999546e+06 4.635493400269999984e+05
2.809599910000000023e+02 4.831433899993999861e+06 4.635492899779999861e+05
2.811300049999999828e+02 4.831433910004000179e+06 4.635493200070000021e+05
2.811400150000000053e+02 4.831433890014999546e+06 4.635493499760000268e+05
2.809800109999999904e+02 4.831433920013000257e+06 4.635493300169999711e+05
2.811000060000000076e+02 4.831433839995999821e+06 4.635493099979999824e+05
2.811300049999999828e+02 4.831433920013000257e+06 4.635493300169999711e+05
2.809800109999999904e+02 4.831433890014999546e+06 4.635492899779999861e+05
2.802099910000000023e+02 4.831433640014999546e+06 4.635493300169999711e+05
2.807099910000000023e+02 4.831434070007000118e+06 4.635492399899999727e+05
2.812699890000000096e+02 4.831433920013000257e+06 4.635493200070000021e+05
2.811000060000000076e+02 4.831433959990999661e+06 4.635492899779999861e+05
2.810700069999999755e+02 4.831433929992999882e+06 4.635493400269999984e+05
2.810199890000000096e+02 4.831433929992999882e+06 4.635493499760000268e+05
2.810499879999999848e+02 4.831433929992999882e+06 4.635492399899999727e+05
2.809800109999999904e+02 4.831433929992999882e+06 4.635492399899999727e+05
2.812300109999999904e+02 4.831433929992999882e+06 4.635492999880000134e+05
2.810499879999999848e+02 4.831433929992999882e+06 4.635492600100000273e+05
2.810700069999999755e+02 4.831433970000999980e+06 4.635492500000000000e+05
2.811000060000000076e+02 4.831433950012000278e+06 4.635492899779999861e+05
2.813099980000000073e+02 4.831433929992999882e+06 4.635493200070000021e+05
2.813099980000000073e+02 4.831433940001999959e+06 4.635493200070000021e+05
2.812200010000000248e+02 4.831433950012000278e+06 4.635493300169999711e+05
2.812200010000000248e+02 4.831433980011000298e+06 4.635493499760000268e+05
2.807699890000000096e+02 4.831434130005000159e+06 4.635491799929999979e+05
2.807600100000000225e+02 4.831434140014999546e+06 4.635491599730000016e+05
2.807000120000000152e+02 4.831434109985000454e+06 4.635491599730000016e+05
2.807000120000000152e+02 4.831434130005000159e+06 4.635491799929999979e+05
2.807500000000000000e+02 4.831434109985000454e+06 4.635491799929999979e+05
2.807500000000000000e+02 4.831434119994999841e+06 4.635491699830000289e+05
2.806700129999999831e+02 4.831434119994999841e+06 4.635491500239999732e+05
2.806499939999999924e+02 4.831434109985000454e+06 4.635491599730000016e+05
2.806600040000000149e+02 4.831434109985000454e+06 4.635491699830000289e+05
2.806199950000000172e+02 4.831434119994999841e+06 4.635491400150000118e+05
2.807200010000000248e+02 4.831434119994999841e+06 4.635491799929999979e+05
2.806799930000000245e+02 4.831434100006000139e+06 4.635492000119999866e+05
2.807600100000000225e+02 4.831434140014999546e+06 4.635491500239999732e+05
2.807699890000000096e+02 4.831434119994999841e+06 4.635491500239999732e+05
2.807600100000000225e+02 4.831434149993999861e+06 4.635491500239999732e+05
2.807699890000000096e+02 4.831434109985000454e+06 4.635491400150000118e+05
2.807399899999999775e+02 4.831434140014999546e+06 4.635491500239999732e+05
2.806799930000000245e+02 4.831434089995999821e+06 4.635492899779999861e+05
2.807200010000000248e+02 4.831434089995999821e+06 4.635492100220000139e+05
2.806700129999999831e+02 4.831434089995999821e+06 4.635493200070000021e+05
2.807200010000000248e+02 4.831434100006000139e+06 4.635492199709999841e+05
2.806700129999999831e+02 4.831434109985000454e+06 4.635492299800000037e+05
2.806700129999999831e+02 4.831434079986999743e+06 4.635493300169999711e+05
2.805799870000000169e+02 4.831434089995999821e+06 4.635493499760000268e+05
2.807099910000000023e+02 4.831434100006000139e+06 4.635492100220000139e+05
2.806700129999999831e+02 4.831434109985000454e+06 4.635492199709999841e+05
2.806199950000000172e+02 4.831434109985000454e+06 4.635492299800000037e+05
2.806300049999999828e+02 4.831434100006000139e+06 4.635493300169999711e+05
2.806799930000000245e+02 4.831434089995999821e+06 4.635493400269999984e+05
2.805299989999999752e+02 4.831434089995999821e+06 4.635493099979999824e+05
2.806900019999999927e+02 4.831434100006000139e+06 4.635493599849999882e+05
2.807099910000000023e+02 4.831434089995999821e+06 4.635493300169999711e+05
2.807200010000000248e+02 4.831434079986999743e+06 4.635493200070000021e+05
2.807099910000000023e+02 4.831434100006000139e+06 4.635493699950000155e+05
2.806799930000000245e+02 4.831434109985000454e+06 4.635493499760000268e+05
2.807000120000000152e+02 4.831434079986999743e+06 4.635492899779999861e+05
2.807000120000000152e+02 4.831434100006000139e+06 4.635493599849999882e+05
2.806799930000000245e+02 4.831434089995999821e+06 4.635493800049999845e+05
2.807099910000000023e+02 4.831434070007000118e+06 4.635493699950000155e+05
