463546.539978 4831429.980011 276.649994
463546.479980 4831429.989990 276.670013
463546.479980 4831429.989990 276.709991
463546.590027 4831429.970001 276.519989
463546.500000 4831429.970001 276.649994
463546.500000 4831429.980011 276.700012
463546.539978 4831429.929993 276.720001
463546.570007 4831429.929993 276.519989
463546.510010 4831429.950012 276.799988
463546.539978 4831429.989990 276.459991
463546.530029 4831430.000000 276.540009
463546.440002 4831430.000000 276.660004
463546.479980 4831430.019989 276.709991
463546.530029 4831429.980011 276.649994
463546.390015 4831430.079987 276.739990
463546.409973 4831430.059998 276.519989
463546.450012 4831430.049988 276.640015
463546.440002 4831430.029999 276.679993
463546.429993 4831430.029999 276.739990
463546.549988 4831429.989990 276.510010
463546.400024 4831430.059998 276.779999
463546.409973 4831430.059998 276.799988
463546.429993 4831430.079987 276.769989
463546.469971 4831430.059998 276.760010
463546.469971 4831430.059998 276.690002
463546.409973 4831430.059998 276.739990
463546.429993 4831430.079987 276.700012
463546.440002 4831430.079987 276.649994
463546.400024 4831430.079987 276.739990
463546.369995 4831430.070007 276.779999
463546.369995 4831430.079987 276.739990
463546.450012 4831430.059998 276.709991
463546.469971 4831430.049988 276.649994
463546.390015 4831430.089996 276.720001
463546.429993 4831430.059998 276.799988
463546.489990 4831430.000000 276.549988
463546.469971 4831430.070007 276.619995
463546.539978 4831430.000000 276.480011
463546.520020 4831430.000000 276.470001
463546.520020 4831430.010010 276.529999
463546.489990 4831430.010010 276.540009
463546.489990 4831430.029999 276.619995
463546.489990 4831430.059998 276.600006
463546.460022 4831430.019989 276.640015
463546.460022 4831430.040009 276.649994
463546.429993 4831430.019989 276.700012
463546.429993 4831430.049988 276.709991
463546.460022 4831430.010010 276.649994
463546.460022 4831430.040009 276.660004
463546.510010 4831430.029999 276.600006
463546.520020 4831429.970001 276.529999
463546.489990 4831429.980011 276.579987
463546.469971 4831429.989990 276.630005
463546.450012 4831429.989990 276.690002
463546.469971 4831430.029999 276.709991
463546.489990 4831430.019989 276.679993
463546.510010 4831430.010010 276.649994
463546.520020 4831430.010010 276.609985
463546.539978 4831430.000000 276.570007
463546.549988 4831429.989990 276.519989
463546.460022 4831430.049988 276.769989
463546.469971 4831430.040009 276.739990
463546.479980 4831430.019989 276.700012
463546.489990 4831430.000000 276.660004
463547.020020 4831430.089996 276.209991
463547.030029 4831430.109985 276.290009
463546.989990 4831430.089996 276.149994
463546.989990 4831430.100006 276.200012
463547.010010 4831430.119995 276.299988
463547.010010 4831430.130005 276.440002
463546.969971 4831430.089996 276.119995
463546.979980 4831430.109985 276.149994
463546.969971 4831430.100006 276.130005
463546.969971 4831430.109985 276.179993
463546.969971 4831430.089996 276.130005
463546.979980 4831430.109985 276.160004
463547.000000 4831430.149994 276.459991
463546.979980 4831430.079987 276.140015
463546.989990 4831430.109985 276.170013
463546.989990 4831430.109985 276.269989
463546.960022 4831430.109985 276.119995
463546.979980 4831430.149994 276.239990
463546.929993 4831430.100006 276.130005
463546.950012 4831430.149994 276.230011
463546.919983 4831430.160004 276.500000
463546.880005 4831430.179993 276.720001
463546.630005 4831429.989990 276.399994
463546.630005 4831429.989990 276.450012
463547.010010 4831430.029999 276.089996
463547.020020 4831430.049988 276.119995
463547.020020 4831430.059998 276.170013
463547.020020 4831430.070007 276.209991
463547.030029 4831430.089996 276.239990
463546.950012 4831430.000000 276.100006
463546.969971 4831430.029999 276.109985
463546.979980 4831430.059998 276.140015
463546.979980 4831430.070007 276.190002
463546.979980 4831430.079987 276.239990
463546.979980 4831430.089996 276.290009
463546.919983 4831430.109985 276.679993
463546.950012 4831430.029999 276.040009
463546.940002 4831430.040009 276.089996
463546.950012 4831430.059998 276.130005
463546.960022 4831430.079987 276.149994
463546.950012 4831430.089996 276.200012
463546.960022 4831430.109985 276.239990
463546.950012 4831430.119995 276.350006
463546.919983 4831430.130005 276.540009
463546.940002 4831430.049988 276.040009
463546.940002 4831430.070007 276.079987
463546.950012 4831430.089996 276.119995
463546.960022 4831430.109985 276.149994
463546.940002 4831430.130005 276.309998
463546.909973 4831430.140015 276.540009
463546.859985 4831430.170013 276.649994
463546.859985 4831430.179993 276.679993
463546.849976 4831430.179993 276.750000
463546.849976 4831430.190002 276.799988
463546.830017 4831430.190002 276.739990
463546.830017 4831430.209991 276.769989
463546.739990 4831429.959991 276.200012
463546.729980 4831429.959991 276.260010
463546.719971 4831429.959991 276.329987
463546.710022 4831429.970001 276.190002
463546.679993 4831429.959991 276.320007
463546.690002 4831429.980011 276.350006
463546.590027 4831429.959991 276.480011
463546.919983 4831430.119995 276.519989
463546.900024 4831430.119995 276.579987
463546.840027 4831430.109985 276.750000
463546.880005 4831430.140015 276.489990
463546.890015 4831430.160004 276.529999
463546.869995 4831430.209991 276.670013
463546.710022 4831429.929993 276.260010
463546.770020 4831429.929993 276.179993
463546.950012 4831429.929993 275.940002
463546.710022 4831429.940002 276.429993
463546.710022 4831429.929993 276.380005
463546.840027 4831429.929993 276.190002
463546.650024 4831429.940002 276.459991
463546.659973 4831429.940002 276.369995
463546.820007 4831430.049988 275.859985
463546.799988 4831429.940002 276.089996
463546.900024 4831430.140015 276.750000
463546.909973 4831430.140015 276.679993
463546.909973 4831430.130005 276.619995
463546.929993 4831430.140015 276.529999
463546.890015 4831430.000000 276.059998
463546.919983 4831430.109985 276.739990
463546.919983 4831430.100006 276.700012
463546.929993 4831430.100006 276.619995
463546.940002 4831430.109985 276.549988
463546.950012 4831430.100006 276.500000
463546.989990 4831430.049988 276.010010
463546.989990 4831430.040009 275.980011
463546.969971 4831430.019989 275.959991
463546.950012 4831430.089996 276.790009
463546.940002 4831430.070007 276.760010
463546.960022 4831430.079987 276.670013
463546.969971 4831430.079987 276.600006
463546.979980 4831430.070007 276.519989
463546.979980 4831430.070007 276.470001
463547.039978 4831430.070007 276.489990
463547.030029 4831430.059998 276.440002
463547.039978 4831430.049988 276.380005
463547.039978 4831430.040009 276.329987
463546.669983 4831429.940002 276.339996
463546.909973 4831430.149994 276.799988
463546.909973 4831430.160004 276.720001
463546.760010 4831429.940002 276.320007
463546.929993 4831430.130005 276.750000
463546.940002 4831430.140015 276.660004
463546.940002 4831430.140015 276.589996
463546.809998 4831429.950012 276.200012
463546.969971 4831430.109985 276.769989
463546.960022 4831430.100006 276.739990
463546.960022 4831430.100006 276.670013
463546.960022 4831430.109985 276.609985
463546.969971 4831430.119995 276.519989
463546.969971 4831430.130005 276.440002
463547.020020 4831430.140015 276.750000
463547.010010 4831430.119995 276.730011
463546.989990 4831430.100006 276.640015
463546.989990 4831430.089996 276.579987
463546.989990 4831430.100006 276.510010
463546.989990 4831430.100006 276.450012
463546.989990 4831430.100006 276.399994
463547.000000 4831430.109985 276.309998
463546.979980 4831430.089996 276.290009
463547.049988 4831430.119995 276.690002
463547.030029 4831430.100006 276.670013
463547.030029 4831430.100006 276.600006
463547.030029 4831430.089996 276.559998
463547.020020 4831430.089996 276.519989
463547.020020 4831430.089996 276.440002
463547.010010 4831430.070007 276.410004
463547.010010 4831430.079987 276.329987
463547.010010 4831430.070007 276.279999
463547.010010 4831430.079987 276.209991
463547.010010 4831430.079987 276.149994
463547.000000 4831430.079987 276.100006
463546.989990 4831430.059998 276.079987
463546.989990 4831430.059998 276.010010
463546.979980 4831430.040009 275.980011
463547.070007 4831430.109985 276.549988
463547.070007 4831430.109985 276.510010
463547.059998 4831430.089996 276.480011
463547.049988 4831430.089996 276.429993
463547.039978 4831430.070007 276.399994
463547.030029 4831430.059998 276.299988
463547.020020 4831430.049988 276.260010
463547.020020 4831430.049988 276.119995
463547.010010 4831430.040009 276.079987
463547.010010 4831430.029999 276.019989
463547.090027 4831430.100006 276.450012
463547.080017 4831430.089996 276.399994
463547.059998 4831430.049988 276.410004
463547.059998 4831430.059998 276.279999
463547.049988 4831430.049988 276.239990
463547.030029 4831430.019989 276.029999
463547.080017 4831430.059998 276.239990
463547.059998 4831430.040009 276.230011
463547.090027 4831430.049988 276.230011
463547.099976 4831430.040009 276.190002
463547.099976 4831430.019989 276.059998
463547.090027 4831430.010010 275.959991
463546.929993 4831430.149994 276.700012
463546.919983 4831430.149994 276.640015
463546.969971 4831430.130005 276.609985
463547.049988 4831430.029999 276.149994
463547.090027 4831430.019989 276.000000
463547.070007 4831430.000000 275.970001
463546.979980 4831430.040009 275.859985
463546.979980 4831430.049988 275.899994
463546.989990 4831430.070007 275.929993
463547.000000 4831430.070007 276.010010
463547.000000 4831430.079987 276.049988
463547.030029 4831430.130005 276.170013
463546.909973 4831430.029999 275.899994
463546.950012 4831430.089996 276.149994
463546.960022 4831430.100006 276.190002
463546.969971 4831430.119995 276.220001
463546.969971 4831430.119995 276.359985
463546.909973 4831430.119995 276.059998
463546.919983 4831430.149994 276.160004
463546.929993 4831430.149994 276.239990
463546.929993 4831430.140015 276.399994
463546.929993 4831430.160004 276.440002
463546.950012 4831430.170013 276.640015
463546.890015 4831430.140015 276.040009
463546.890015 4831430.149994 276.089996
463546.909973 4831430.170013 276.209991
463546.909973 4831430.160004 276.380005
463546.909973 4831430.160004 276.480011
463546.909973 4831430.160004 276.570007
463546.900024 4831430.119995 276.739990
463546.919983 4831430.170013 276.670013
463546.919983 4831430.170013 276.750000
463546.940002 4831430.200012 276.739990
463546.869995 4831430.170013 275.910004
463546.880005 4831430.160004 276.299988
463546.890015 4831430.179993 276.339996
463546.890015 4831430.179993 276.429993
463546.859985 4831430.100006 276.720001
463546.900024 4831430.170013 276.779999
463546.919983 4831430.209991 276.799988
463546.880005 4831430.200012 276.329987
463546.859985 4831430.160004 276.589996
463546.869995 4831430.170013 276.640015
463546.869995 4831430.160004 276.750000
463546.869995 4831430.170013 276.790009
463546.760010 4831429.989990 276.160004
463546.869995 4831430.179993 276.579987
463546.859985 4831430.160004 276.720001
463546.859985 4831430.170013 276.779999
463546.869995 4831430.190002 276.799988
463546.760010 4831430.000000 276.160004
463546.859985 4831430.170013 276.540009
463546.869995 4831430.179993 276.600006
463546.859985 4831430.160004 276.730011
463546.869995 4831430.170013 276.790009
463546.770020 4831430.000000 276.149994
463546.869995 4831430.200012 276.320007
463546.880005 4831430.200012 276.390015
463546.869995 4831430.179993 276.519989
463546.869995 4831430.170013 276.609985
463546.859985 4831430.149994 276.750000
463546.869995 4831430.160004 276.779999
463546.880005 4831430.190002 276.799988
463546.770020 4831430.000000 276.149994
463546.869995 4831430.200012 276.380005
463546.869995 4831430.190002 276.489990
463546.869995 4831430.179993 276.600006
463546.869995 4831430.160004 276.730011
463546.869995 4831430.170013 276.779999
463546.770020 4831430.000000 276.130005
463546.770020 4831430.010010 276.190002
463546.869995 4831430.200012 276.380005
463546.869995 4831430.179993 276.579987
463546.859985 4831430.160004 276.720001
463546.869995 4831430.160004 276.779999
463546.880005 4831430.190002 276.790009
463546.739990 4831430.000000 276.130005
463546.739990 4831430.010010 276.179993
463546.750000 4831430.029999 276.179993
463546.840027 4831430.179993 276.630005
463546.840027 4831430.179993 276.720001
463546.849976 4831430.179993 276.779999
463546.700012 4831430.000000 276.209991
463546.700012 4831430.019989 276.250000
463546.659973 4831430.019989 276.239990
463546.609985 4831430.019989 276.429993
463546.619995 4831430.049988 276.410004
463546.969971 4831430.119995 276.350006
463546.909973 4831430.130005 276.230011
463546.909973 4831430.140015 276.299988
463546.890015 4831430.149994 276.459991
463546.750000 4831429.980011 276.079987
463546.750000 4831430.000000 276.130005
463546.630005 4831430.000000 276.369995
463546.669983 4831430.040009 276.309998
463546.559998 4831430.040009 276.500000
463547.099976 4831429.980011 275.859985
463546.859985 4831430.130005 276.799988
463546.979980 4831430.049988 276.160004
463546.940002 4831430.100006 276.369995
463546.849976 4831430.130005 276.700012
463546.929993 4831430.049988 276.089996
463546.919983 4831430.070007 276.130005
463546.919983 4831430.089996 276.190002
463546.909973 4831430.109985 276.239990
463546.890015 4831430.140015 276.359985
463546.859985 4831430.170013 276.500000
463546.590027 4831430.010010 276.420013
463546.710022 4831430.019989 276.239990
463546.690002 4831430.000000 276.250000
463546.729980 4831430.010010 276.200012
463546.710022 4831429.980011 276.200012
463546.789978 4831430.010010 276.100006
463546.760010 4831429.980011 276.140015
463546.750000 4831429.959991 276.130005
463546.599976 4831429.980011 276.450012
463546.650024 4831429.970001 276.369995
463546.950012 4831430.200012 276.709991
463546.880005 4831430.149994 275.829987
463547.000000 4831430.190002 276.450012
463546.979980 4831430.160004 276.549988
463546.969971 4831430.140015 276.529999
463546.940002 4831430.109985 276.369995
463546.989990 4831430.079987 276.290009
463546.599976 4831430.019989 276.470001
463546.849976 4831430.160004 276.769989
463546.659973 4831430.029999 276.359985
463546.650024 4831430.000000 276.390015
463546.640015 4831429.970001 276.380005
463546.619995 4831429.950012 276.380005
463546.960022 4831430.230011 276.700012
463546.940002 4831430.170013 276.750000
463546.919983 4831430.140015 276.739990
463546.719971 4831430.040009 276.200012
463546.710022 4831430.000000 276.279999
463546.690002 4831429.980011 276.239990
463546.960022 4831430.140015 276.529999
463546.780029 4831430.040009 276.100006
463546.770020 4831430.000000 276.160004
463546.760010 4831429.980011 276.140015
463546.979980 4831430.130005 276.350006
463546.909973 4831430.160004 275.980011
463546.869995 4831430.160004 275.839996
463547.010010 4831430.100006 276.179993
463546.989990 4831430.079987 276.170013
463546.969971 4831430.070007 276.100006
463546.950012 4831430.059998 276.029999
463546.960022 4831429.989990 275.929993
463546.619995 4831430.029999 276.410004
463546.580017 4831430.019989 276.459991
463546.849976 4831430.140015 276.799988
463546.869995 4831430.160004 276.779999
463546.880005 4831430.190002 276.779999
463546.900024 4831430.200012 276.739990
463546.919983 4831430.209991 276.649994
463546.940002 4831430.220001 276.549988
463546.960022 4831430.220001 276.429993
463546.979980 4831430.220001 276.329987
463546.880005 4831430.279999 276.730011
463546.900024 4831430.279999 276.570007
463546.929993 4831430.260010 276.380005
463546.960022 4831430.190002 275.910004
463546.710022 4831430.049988 276.220001
463546.549988 4831430.040009 276.489990
463546.559998 4831430.059998 276.440002
463546.570007 4831430.029999 276.529999
463546.840027 4831430.149994 275.809998
463546.760010 4831430.040009 275.890015
463546.719971 4831430.010010 276.089996
463546.710022 4831430.019989 276.179993
463546.700012 4831430.010010 276.209991
463546.690002 4831430.000000 276.250000
463546.900024 4831430.140015 276.000000
463546.890015 4831430.130005 276.049988
463546.869995 4831430.109985 276.059998
463546.859985 4831430.089996 276.079987
463546.849976 4831430.079987 276.149994
463546.859985 4831430.209991 276.529999
463546.859985 4831430.239990 276.630005
463546.859985 4831430.260010 276.750000
463546.849976 4831430.260010 276.799988
463546.989990 4831430.130005 276.040009
463546.989990 4831430.190002 276.239990
463546.979980 4831430.200012 276.309998
463546.969971 4831430.190002 276.359985
463546.969971 4831430.200012 276.440002
463546.960022 4831430.200012 276.500000
463546.940002 4831430.190002 276.570007
463546.940002 4831430.200012 276.630005
463546.919983 4831430.190002 276.700012
463546.909973 4831430.190002 276.760010
463546.900024 4831430.160004 276.779999
463546.880005 4831430.140015 276.790009
463546.869995 4831430.119995 276.790009
463546.880005 4831430.260010 276.720001
463546.880005 4831430.260010 276.790009
463546.830017 4831430.140015 275.829987
463546.770020 4831430.049988 275.809998
463546.909973 4831430.239990 276.450012
463546.919983 4831430.250000 276.549988
463546.929993 4831430.250000 276.630005
463546.919983 4831430.239990 276.690002
463546.919983 4831430.230011 276.739990
463546.909973 4831430.209991 276.779999
463546.869995 4831430.149994 276.779999
463546.940002 4831430.209991 276.220001
463546.960022 4831430.230011 276.350006
463546.960022 4831430.220001 276.440002
463546.950012 4831430.220001 276.510010
463546.950012 4831430.209991 276.559998
463546.950012 4831430.200012 276.589996
463546.940002 4831430.190002 276.640015
463546.929993 4831430.160004 276.649994
463546.909973 4831430.130005 276.649994
463546.940002 4831430.149994 275.820007
463546.950012 4831430.160004 275.899994
463546.960022 4831430.170013 276.029999
463546.989990 4831430.209991 276.209991
463547.000000 4831430.209991 276.290009
463546.989990 4831430.190002 276.339996
463546.979980 4831430.179993 276.390015
463546.969971 4831430.160004 276.420013
463546.960022 4831430.140015 276.440002
463546.979980 4831430.140015 275.839996
463546.979980 4831430.140015 275.899994
463546.989990 4831430.140015 276.010010
463547.020020 4831430.179993 276.200012
463547.010010 4831430.160004 276.239990
463547.000000 4831430.149994 276.279999
463546.989990 4831430.119995 276.309998
463547.000000 4831430.089996 276.040009
463546.989990 4831430.070007 276.049988
463546.859985 4831430.170013 276.769989
463546.669983 4831430.029999 276.339996
463546.940002 4831430.170013 275.910004
463546.989990 4831430.140015 275.809998
463546.989990 4831430.119995 275.859985
463547.000000 4831430.100006 275.929993
463546.989990 4831430.109985 276.130005
463547.000000 4831430.119995 276.089996
463547.020020 4831430.149994 276.070007
463547.010010 4831430.130005 275.989990
463546.909973 4831430.119995 276.470001
463546.960022 4831430.200012 276.540009
463546.969971 4831430.209991 276.489990
463546.979980 4831430.230011 276.459991
463546.979980 4831430.230011 276.420013
463546.989990 4831430.239990 276.250000
463546.979980 4831430.230011 276.190002
463546.969971 4831430.220001 276.109985
463546.940002 4831430.179993 275.910004
463546.950012 4831430.200012 275.869995
463546.880005 4831430.279999 276.779999
463546.739990 4831430.130005 275.839996
463546.849976 4831430.290009 276.799988
463546.840027 4831430.279999 276.730011
463546.609985 4831430.049988 276.420013
463546.599976 4831430.040009 276.329987
463546.590027 4831430.059998 276.500000
463546.570007 4831430.040009 276.410004
463546.580017 4831430.059998 276.380005
463546.580017 4831430.059998 276.480011
463546.890015 4831430.160004 276.790009
463546.909973 4831430.190002 276.779999
463546.919983 4831430.209991 276.750000
463546.929993 4831430.209991 276.690002
463546.940002 4831430.209991 276.640015
463546.950012 4831430.209991 276.570007
463546.950012 4831430.209991 276.519989
463546.960022 4831430.209991 276.480011
463546.969971 4831430.209991 276.429993
463546.979980 4831430.220001 276.390015
463546.979980 4831430.220001 276.329987
463546.989990 4831430.220001 276.279999
463546.989990 4831430.190002 276.179993
463546.989990 4831430.190002 276.119995
463546.989990 4831430.160004 276.019989
463546.869995 4831430.299988 276.760010
463546.869995 4831430.290009 276.700012
463546.880005 4831430.279999 276.630005
463546.880005 4831430.269989 276.559998
463546.880005 4831430.250000 276.470001
463546.890015 4831430.260010 276.420013
463546.880005 4831430.209991 276.279999
463546.900024 4831430.260010 276.309998
463546.859985 4831430.119995 276.059998
463546.909973 4831430.230011 276.170013
463546.909973 4831430.200012 276.010010
463546.909973 4831430.179993 275.929993
463546.919983 4831430.170013 275.869995
463546.919983 4831430.170013 275.809998
463546.669983 4831429.980011 276.209991
463546.690002 4831430.040009 276.220001
463546.710022 4831430.059998 276.209991
463546.719971 4831430.059998 276.170013
463546.729980 4831430.070007 276.130005
463546.820007 4831430.160004 275.809998
463546.559998 4831430.010010 276.470001
463546.559998 4831430.000000 276.410004
463546.590027 4831430.040009 276.429993
463546.599976 4831430.059998 276.390015
463546.609985 4831430.070007 276.350006
463546.609985 4831430.049988 276.269989
463547.090027 4831429.959991 275.899994
463546.919983 4831430.260010 276.630005
463546.929993 4831430.260010 276.579987
463546.950012 4831430.260010 276.519989
463546.960022 4831430.220001 276.420013
463546.979980 4831430.209991 276.359985
463546.989990 4831430.200012 276.299988
463546.840027 4831430.299988 276.570007
463546.859985 4831430.269989 276.489990
463546.869995 4831430.269989 276.440002
463546.880005 4831430.269989 276.390015
463546.900024 4831430.260010 276.339996
463546.909973 4831430.260010 276.279999
463546.929993 4831430.260010 276.230011
463546.940002 4831430.239990 276.160004
463546.950012 4831430.239990 276.100006
463546.960022 4831430.179993 275.970001
463546.979980 4831430.140015 275.869995
463546.719971 4831430.019989 276.149994
463546.729980 4831430.040009 276.109985
463546.750000 4831430.059998 276.089996
463546.770020 4831430.070007 276.059998
463546.539978 4831430.040009 276.429993
463546.539978 4831430.040009 276.480011
463546.590027 4831430.029999 276.339996
463546.580017 4831430.040009 276.399994
463546.570007 4831430.019989 276.450012
463546.650024 4831430.029999 276.209991
463546.650024 4831430.040009 276.269989
463546.640015 4831430.029999 276.309998
463546.630005 4831430.000000 276.329987
463546.789978 4831430.130005 275.809998
463546.770020 4831430.079987 275.820007
463546.719971 4831430.049988 276.140015
463546.710022 4831430.040009 276.179993
463546.690002 4831430.000000 276.200012
463546.679993 4831429.989990 276.250000
463546.729980 4831429.970001 276.070007
463546.820007 4831430.250000 276.589996
463546.809998 4831430.260010 276.660004
463546.809998 4831430.269989 276.730011
463546.809998 4831430.269989 276.790009
463546.890015 4831430.160004 275.959991
463546.890015 4831430.160004 276.029999
463546.869995 4831430.140015 276.049988
463546.890015 4831430.209991 276.239990
463546.890015 4831430.220001 276.299988
463546.890015 4831430.239990 276.380005
463546.880005 4831430.239990 276.429993
463546.880005 4831430.250000 276.510010
463546.880005 4831430.250000 276.559998
463546.869995 4831430.250000 276.609985
463546.869995 4831430.250000 276.660004
463546.869995 4831430.260010 276.720001
463546.859985 4831430.269989 276.779999
463546.950012 4831430.140015 275.820007
463546.940002 4831430.130005 275.869995
463546.940002 4831430.190002 276.089996
463546.940002 4831430.200012 276.149994
463546.950012 4831430.230011 276.239990
463546.940002 4831430.239990 276.350006
463546.940002 4831430.239990 276.399994
463546.929993 4831430.230011 276.450012
463546.919983 4831430.230011 276.510010
463546.919983 4831430.230011 276.570007
463546.909973 4831430.230011 276.619995
463546.909973 4831430.239990 276.679993
463546.900024 4831430.230011 276.720001
463546.890015 4831430.220001 276.760010
463546.880005 4831430.209991 276.790009
463546.979980 4831430.109985 275.809998
463546.969971 4831430.100006 275.850006
463546.969971 4831430.119995 275.920013
463546.979980 4831430.170013 276.160004
463546.979980 4831430.200012 276.250000
463546.969971 4831430.190002 276.279999
463546.969971 4831430.200012 276.339996
463546.960022 4831430.190002 276.380005
463546.960022 4831430.190002 276.429993
463546.950012 4831430.190002 276.480011
463546.940002 4831430.190002 276.529999
463546.940002 4831430.190002 276.589996
463546.929993 4831430.179993 276.700012
463546.520020 4831430.049988 276.450012
463546.520020 4831430.049988 276.500000
463546.590027 4831430.059998 276.350006
463546.590027 4831430.059998 276.410004
463546.580017 4831430.040009 276.440002
463546.559998 4831430.000000 276.459991
463546.640015 4831430.059998 276.299988
463546.630005 4831430.040009 276.369995
463546.619995 4831430.010010 276.390015
463546.679993 4831430.049988 276.269989
463546.679993 4831430.029999 276.309998
463546.859985 4831430.290009 276.750000
463546.849976 4831430.279999 276.799988
463546.770020 4831430.130005 275.820007
463546.739990 4831430.059998 276.190002
463546.890015 4831430.269989 276.579987
463546.890015 4831430.269989 276.640015
463546.900024 4831430.279999 276.700012
463546.890015 4831430.260010 276.739990
463546.880005 4831430.250000 276.790009
463546.869995 4831430.179993 276.309998
463546.929993 4831430.260010 276.540009
463546.919983 4831430.239990 276.570007
463546.919983 4831430.220001 276.709991
463546.909973 4831430.209991 276.750000
463546.900024 4831430.190002 276.790009
463546.880005 4831430.160004 276.799988
463546.929993 4831430.190002 276.089996
463546.950012 4831430.149994 275.809998
463546.960022 4831430.160004 275.880005
463546.960022 4831430.160004 275.929993
463546.969971 4831430.160004 276.000000
463546.979980 4831430.179993 276.079987
463547.000000 4831430.190002 276.220001
463547.010010 4831430.209991 276.309998
463546.979980 4831430.109985 275.809998
463546.989990 4831430.109985 275.880005
463546.530029 4831430.089996 276.600006
463546.859985 4831430.299988 276.750000
463546.880005 4831430.290009 276.619995
463546.880005 4831430.279999 276.670013
463546.900024 4831430.279999 276.739990
463546.929993 4831430.279999 276.570007
463546.739990 4831430.149994 275.839996
463546.950012 4831430.260010 276.450012
463546.950012 4831430.250000 276.510010
463546.950012 4831430.239990 276.549988
463546.940002 4831430.200012 276.619995
463546.929993 4831430.190002 276.660004
463546.969971 4831430.200012 276.470001
463546.969971 4831430.170013 275.899994
463547.020020 4831430.179993 276.109985
463547.010010 4831430.160004 276.140015
463546.989990 4831430.140015 275.820007
463546.880005 4831430.179993 276.739990
463546.780029 4831430.029999 276.049988
463546.710022 4831430.029999 275.880005
463546.719971 4831430.029999 276.170013
463546.719971 4831430.059998 276.140015
463546.669983 4831430.010010 276.269989
463546.609985 4831430.010010 276.369995
463546.609985 4831430.040009 276.380005
463546.549988 4831430.029999 276.510010
463546.539978 4831430.059998 276.500000
463546.919983 4831430.140015 276.209991
463546.869995 4831430.130005 276.130005
463546.869995 4831430.160004 276.130005
463546.830017 4831430.149994 275.829987
463546.830017 4831430.170013 275.869995
463546.739990 4831430.019989 276.100006
463546.739990 4831430.040009 276.119995
463546.849976 4831430.149994 276.779999
463546.840027 4831430.140015 276.510010
463546.830017 4831430.160004 276.540009
463546.799988 4831430.179993 276.670013
463546.869995 4831430.089996 276.140015
463546.729980 4831430.010010 276.119995
463546.869995 4831430.010010 276.329987
463546.830017 4831430.029999 276.309998
463546.890015 4831430.130005 276.250000
463546.849976 4831430.040009 276.309998
463546.849976 4831430.059998 276.209991
463546.909973 4831430.200012 276.579987
463546.880005 4831430.220001 276.589996
463546.809998 4831430.149994 276.679993
463546.869995 4831430.130005 276.480011
463546.880005 4831430.140015 276.390015
463546.890015 4831430.140015 276.290009
463546.909973 4831430.130005 276.170013
463546.880005 4831430.079987 276.450012
463546.880005 4831430.079987 276.359985
463546.869995 4831430.089996 276.309998
463546.890015 4831430.089996 276.220001
463546.890015 4831430.089996 276.130005
463546.900024 4831430.100006 276.049988
463546.919983 4831430.019989 276.140015
463546.880005 4831430.070007 275.869995
463546.840027 4831430.209991 276.769989
463546.859985 4831430.170013 276.619995
463546.859985 4831430.070007 276.760010
463546.809998 4831430.100006 276.730011
463546.919983 4831430.059998 276.410004
463546.890015 4831430.079987 276.410004
463546.880005 4831430.089996 276.380005
463546.690002 4831430.010010 276.269989
463546.859985 4831430.220001 275.859985
463546.679993 4831430.019989 276.290009
463546.989990 4831430.130005 276.309998
463546.869995 4831430.299988 276.779999
463546.909973 4831430.279999 276.799988
463546.950012 4831430.239990 276.640015
463546.989990 4831430.200012 276.480011
463546.950012 4831430.200012 275.869995
463546.919983 4831430.290009 276.609985
463546.969971 4831430.250000 276.500000
463547.010010 4831430.220001 276.359985
463547.070007 4831430.119995 275.839996
463546.510010 4831430.089996 276.519989
463546.539978 4831430.070007 276.529999
463546.570007 4831430.049988 276.510010
463546.630005 4831430.059998 276.380005
463546.650024 4831430.029999 276.320007
463546.700012 4831430.070007 276.250000
463546.719971 4831430.059998 276.260010
463546.770020 4831430.079987 276.140015
463546.909973 4831430.209991 276.790009
463546.869995 4831430.299988 276.700012
463546.890015 4831430.299988 276.739990
463546.919983 4831430.269989 276.720001
463546.940002 4831430.239990 276.670013
463546.969971 4831430.200012 276.579987
463546.760010 4831430.160004 275.829987
463546.919983 4831430.290009 276.529999
463546.940002 4831430.279999 276.540009
463546.969971 4831430.260010 276.540009
463546.909973 4831430.179993 275.980011
463546.940002 4831430.200012 276.109985
463546.859985 4831430.209991 275.829987
463546.940002 4831430.220001 276.019989
463546.969971 4831430.200012 275.980011
463546.989990 4831430.140015 276.239990
463546.979980 4831430.160004 276.329987
463546.969971 4831430.170013 276.429993
463546.900024 4831430.100006 276.149994
463546.960022 4831430.209991 276.519989
463546.950012 4831430.119995 276.410004
463546.929993 4831430.130005 276.459991
463546.909973 4831430.130005 276.549988
463546.890015 4831430.140015 276.600006
463546.869995 4831430.140015 276.660004
463546.849976 4831430.140015 276.769989
463546.989990 4831430.070007 275.880005
463546.969971 4831430.059998 276.040009
463546.950012 4831430.070007 276.119995
463546.929993 4831430.079987 276.160004
463546.830017 4831430.170013 275.850006
463546.969971 4831430.029999 275.880005
463546.950012 4831430.029999 275.970001
463546.929993 4831430.040009 276.040009
463546.909973 4831430.049988 276.059998
463546.820007 4831430.119995 275.859985
463546.799988 4831430.140015 275.859985
463546.960022 4831430.010010 275.820007
463546.940002 4831430.010010 275.950012
463546.789978 4831430.000000 276.049988
463546.770020 4831430.010010 276.070007
463546.750000 4831430.019989 276.079987
463546.729980 4831430.029999 276.089996
463546.760010 4831429.980011 276.089996
463546.739990 4831429.989990 276.149994
463546.710022 4831430.000000 276.200012
463546.690002 4831430.010010 276.250000
463546.669983 4831430.019989 276.279999
463546.650024 4831430.029999 276.309998
463546.630005 4831430.029999 276.359985
463546.739990 4831429.980011 275.940002
463546.729980 4831429.970001 276.109985
463546.710022 4831429.980011 276.179993
463546.679993 4831429.989990 276.239990
463546.659973 4831429.989990 276.290009
463546.630005 4831430.000000 276.329987
463546.609985 4831430.010010 276.369995
463546.590027 4831430.019989 276.380005
463546.570007 4831430.029999 276.440002
463546.940002 4831430.170013 276.679993
463546.909973 4831430.170013 276.750000
463547.020020 4831430.130005 276.290009
463546.989990 4831430.140015 276.339996
463546.960022 4831430.119995 276.450012
463546.940002 4831430.119995 276.500000
463546.859985 4831430.079987 276.799988
463546.840027 4831430.109985 276.750000
463547.020020 4831430.089996 276.130005
463546.989990 4831430.079987 276.230011
463546.969971 4831430.079987 276.279999
463546.940002 4831430.089996 276.309998
463546.909973 4831430.100006 276.329987
463546.890015 4831430.119995 276.309998
463546.859985 4831430.089996 276.480011
463547.000000 4831430.059998 276.070007
463546.969971 4831430.059998 276.140015
463546.919983 4831430.070007 276.179993
463546.989990 4831430.040009 276.010010
463546.969971 4831430.040009 276.070007
463546.940002 4831430.049988 276.089996
463547.010010 4831430.079987 275.850006
463546.979980 4831430.049988 276.029999
463546.960022 4831430.049988 276.079987
463546.940002 4831430.049988 276.109985
463546.890015 4831430.089996 276.059998
463546.989990 4831430.059998 276.089996
463546.969971 4831430.059998 276.130005
463547.020020 4831430.079987 276.119995
463546.989990 4831430.079987 276.179993
463546.960022 4831430.070007 276.279999
463546.929993 4831430.079987 276.290009
463546.890015 4831430.089996 276.320007
463546.859985 4831430.109985 276.320007
463547.010010 4831430.089996 276.170013
463546.979980 4831430.079987 276.260010
463546.950012 4831430.089996 276.299988
463546.919983 4831430.089996 276.359985
463546.900024 4831430.100006 276.359985
463546.880005 4831430.130005 276.320007
463547.000000 4831430.100006 276.279999
463546.979980 4831430.100006 276.339996
463546.950012 4831430.100006 276.410004
463546.919983 4831430.100006 276.470001
463546.890015 4831430.100006 276.510010
463546.859985 4831430.049988 276.739990
463547.020020 4831430.109985 276.230011
463546.989990 4831430.109985 276.309998
463546.969971 4831430.109985 276.359985
463546.940002 4831430.100006 276.429993
463546.919983 4831430.100006 276.480011
463546.890015 4831430.109985 276.519989
463546.859985 4831430.079987 276.660004
463547.010010 4831430.089996 276.200012
463546.989990 4831430.079987 276.279999
463546.950012 4831430.089996 276.329987
463546.900024 4831430.089996 276.410004
463546.880005 4831430.109985 276.410004
463546.989990 4831430.040009 276.079987
463546.960022 4831430.040009 276.119995
463546.940002 4831430.049988 276.149994
463546.909973 4831430.070007 276.149994
463546.890015 4831430.079987 276.140015
463546.570007 4831429.980011 276.489990
463546.590027 4831429.980011 276.450012
463546.630005 4831430.059998 276.380005
463546.659973 4831430.049988 276.359985
463546.679993 4831430.040009 276.320007
463546.690002 4831430.029999 276.299988
463546.710022 4831430.029999 276.269989
463546.729980 4831430.019989 276.230011
463546.739990 4831430.010010 276.200012
463546.760010 4831430.010010 276.160004
463546.770020 4831430.000000 276.109985
463546.770020 4831430.010010 276.019989
463546.780029 4831430.130005 275.880005
463546.929993 4831430.029999 275.959991
463546.950012 4831430.019989 275.950012
463546.960022 4831430.010010 275.890015
463546.929993 4831430.109985 276.149994
463546.960022 4831430.089996 276.149994
463546.979980 4831430.079987 276.109985
463546.989990 4831430.070007 276.079987
463547.000000 4831430.070007 276.019989
463547.010010 4831430.079987 275.950012
463547.010010 4831430.079987 275.869995
463546.890015 4831430.160004 276.790009
463546.900024 4831430.149994 276.750000
463546.909973 4831430.160004 276.670013
463546.919983 4831430.149994 276.619995
463546.940002 4831430.149994 276.570007
463546.950012 4831430.149994 276.519989
463546.960022 4831430.140015 276.459991
463546.969971 4831430.140015 276.410004
463546.989990 4831430.140015 276.369995
463547.000000 4831430.130005 276.320007
463547.010010 4831430.130005 276.279999
463547.020020 4831430.130005 276.220001
463547.030029 4831430.130005 276.160004
463547.039978 4831430.130005 276.089996
463547.039978 4831430.140015 275.989990
463546.929993 4831430.220001 276.760010
463546.950012 4831430.220001 276.709991
463546.960022 4831430.220001 276.670013
463546.960022 4831430.220001 276.609985
463546.969971 4831430.220001 276.549988
463546.989990 4831430.209991 276.500000
463547.000000 4831430.209991 276.450012
463547.010010 4831430.209991 276.399994
463547.010010 4831430.209991 276.320007
463547.039978 4831430.200012 276.309998
463546.929993 4831430.190002 276.779999
463546.950012 4831430.170013 276.730011
463546.960022 4831430.149994 276.609985
463546.989990 4831430.089996 276.119995
463547.010010 4831430.070007 276.089996
463546.900024 4831430.269989 276.790009
463546.929993 4831430.250000 276.769989
463546.950012 4831430.239990 276.769989
463547.010010 4831430.160004 276.329987
463547.020020 4831430.119995 275.989990
463547.039978 4831430.100006 275.970001
463546.900024 4831430.119995 276.799988
463546.710022 4831430.049988 276.250000
463546.940002 4831430.179993 276.739990
463547.000000 4831430.190002 276.459991
463547.010010 4831430.079987 276.119995
463547.020020 4831430.239990 276.309998
463547.020020 4831430.220001 276.250000
463547.030029 4831430.200012 276.200012
463547.049988 4831430.190002 276.190002
463547.049988 4831430.170013 276.130005
463546.890015 4831430.230011 275.809998
