463548.090027 4831434.420013 278.929993
463548.070007 4831434.380005 279.140015
463548.080017 4831434.399994 279.160004
463548.049988 4831434.369995 278.980011
463548.080017 4831434.420013 279.040009
463548.099976 4831434.369995 279.109985
463548.010010 4831434.380005 279.230011
463547.729980 4831434.420013 278.649994
463548.070007 4831434.359985 279.019989
463548.020020 4831434.399994 279.200012
463548.010010 4831434.380005 279.209991
463548.099976 4831434.369995 279.170013
463548.010010 4831434.390015 279.250000
463548.039978 4831434.359985 279.130005
463547.770020 4831434.399994 278.760010
463548.049988 4831434.410004 279.019989
463547.739990 4831434.369995 278.709991
463547.729980 4831434.410004 278.769989
463548.049988 4831434.369995 279.209991
463548.080017 4831434.359985 279.049988
463548.059998 4831434.410004 279.190002
463548.070007 4831434.369995 279.089996
463548.450012 4831433.450012 278.950012
463548.419983 4831433.450012 279.019989
463548.440002 4831433.510010 279.019989
463548.400024 4831433.450012 279.010010
463548.440002 4831433.459991 278.540009
463548.369995 4831433.429993 278.980011
463548.409973 4831433.429993 278.929993
463548.489990 4831433.510010 278.829987
463548.479980 4831433.489990 278.859985
463548.489990 4831433.480011 278.730011
463548.489990 4831433.429993 278.579987
463548.520020 4831433.440002 278.559998
463548.479980 4831433.470001 278.640015
463548.479980 4831433.470001 278.589996
463548.500000 4831433.500000 278.559998
463548.419983 4831433.440002 278.670013
463548.460022 4831433.510010 278.739990
463548.460022 4831433.500000 278.670013
463548.460022 4831433.470001 278.570007
463548.349976 4831433.429993 279.000000
463548.359985 4831433.450012 278.989990
463548.380005 4831433.470001 278.950012
463548.390015 4831433.480011 278.920013
463548.409973 4831433.510010 278.920013
463548.469971 4831433.510010 278.709991
463548.510010 4831433.510010 278.570007
463548.349976 4831433.429993 278.980011
463548.369995 4831433.470001 278.980011
463548.380005 4831433.480011 278.940002
463548.400024 4831433.500000 278.920013
463548.409973 4831433.519989 278.899994
463548.469971 4831433.519989 278.709991
463548.349976 4831433.429993 279.000000
463548.359985 4831433.440002 278.970001
463548.380005 4831433.459991 278.940002
463548.390015 4831433.500000 278.940002
463548.409973 4831433.510010 278.899994
463548.469971 4831433.519989 278.720001
463548.489990 4831433.459991 278.549988
463548.510010 4831433.510010 278.570007
463548.340027 4831433.440002 279.000000
463548.359985 4831433.440002 278.959991
463548.369995 4831433.470001 278.950012
463548.390015 4831433.489990 278.929993
463548.400024 4831433.500000 278.899994
463548.460022 4831433.519989 278.720001
463548.469971 4831433.450012 278.570007
463548.489990 4831433.489990 278.570007
463548.380005 4831433.459991 278.950012
463548.400024 4831433.500000 278.950012
463548.359985 4831433.459991 279.010010
463548.369995 4831433.459991 278.959991
463548.390015 4831433.489990 278.940002
463548.409973 4831433.510010 278.929993
463548.330017 4831433.429993 279.010010
463548.349976 4831433.440002 278.980011
463548.359985 4831433.459991 278.959991
463548.380005 4831433.480011 278.940002
463548.390015 4831433.500000 278.920013
463548.409973 4831433.519989 278.899994
463548.469971 4831433.510010 278.690002
463548.479980 4831433.450012 278.559998
463548.500000 4831433.500000 278.570007
463548.340027 4831433.429993 279.000000
463548.359985 4831433.450012 278.980011
463548.369995 4831433.470001 278.950012
463548.390015 4831433.489990 278.920013
463548.409973 4831433.510010 278.910004
463548.460022 4831433.540009 278.750000
463548.510010 4831433.510010 278.570007
463548.340027 4831433.429993 279.000000
463548.349976 4831433.450012 278.980011
463548.369995 4831433.470001 278.970001
463548.380005 4831433.489990 278.940002
463548.400024 4831433.510010 278.910004
463548.419983 4831433.529999 278.890015
463548.469971 4831433.529999 278.730011
463548.479980 4831433.470001 278.609985
463548.500000 4831433.500000 278.559998
463548.409973 4831433.429993 278.570007
463548.429993 4831433.459991 278.570007
463548.440002 4831433.450012 278.510010
463548.390015 4831433.459991 278.859985
463548.390015 4831433.480011 278.929993
463548.380005 4831433.470001 278.970001
463548.369995 4831433.450012 279.000000
463548.349976 4831433.429993 279.029999
463548.349976 4831433.450012 279.109985
463548.440002 4831433.440002 278.640015
463548.429993 4831433.450012 278.700012
463548.450012 4831433.500000 278.820007
463548.489990 4831433.429993 278.570007
463548.489990 4831433.429993 278.619995
463548.369995 4831433.429993 278.910004
463548.460022 4831433.489990 278.670013
463548.469971 4831433.500000 278.739990
463548.460022 4831433.480011 278.779999
463548.479980 4831433.440002 278.529999
463548.479980 4831433.440002 278.589996
463548.479980 4831433.440002 278.660004
463548.419983 4831433.489990 278.910004
463548.369995 4831433.440002 278.899994
463548.479980 4831433.529999 278.739990
463548.479980 4831433.510010 278.779999
463548.460022 4831433.459991 278.579987
463548.469971 4831433.450012 278.630005
463548.469971 4831433.429993 278.450012
463548.489990 4831433.429993 278.510010
463548.500000 4831433.429993 278.579987
463548.450012 4831433.459991 278.760010
463548.450012 4831433.500000 278.829987
463548.340027 4831433.440002 278.989990
463548.429993 4831433.440002 278.709991
463548.400024 4831433.450012 278.959991
463548.400024 4831433.440002 278.839996
463548.409973 4831433.500000 279.179993
463548.419983 4831433.500000 279.119995
463548.390015 4831433.450012 279.070007
463548.409973 4831433.450012 279.000000
463548.400024 4831433.459991 278.959991
463548.429993 4831433.440002 278.980011
463548.409973 4831433.459991 278.950012
463548.510010 4831433.440002 278.589996
463548.479980 4831433.450012 278.690002
463548.479980 4831433.450012 278.739990
463548.460022 4831433.440002 278.570007
463548.469971 4831433.450012 278.640015
463548.460022 4831433.459991 278.720001
463548.479980 4831433.429993 278.779999
463548.469971 4831433.459991 278.859985
463548.510010 4831433.459991 278.649994
463548.460022 4831433.529999 278.850006
463548.510010 4831433.470001 278.609985
463548.419983 4831433.440002 278.670013
463548.460022 4831433.459991 278.829987
463548.409973 4831433.470001 278.920013
463548.450012 4831433.470001 278.970001
463548.510010 4831433.489990 278.730011
463548.500000 4831433.470001 278.649994
463548.520020 4831433.450012 278.630005
463548.469971 4831433.540009 278.769989
463547.619995 4831433.500000 278.750000
463547.969971 4831433.880005 278.880005
463547.630005 4831434.019989 278.500000
463547.719971 4831434.029999 278.459991
463547.700012 4831433.619995 278.890015
463547.820007 4831433.869995 279.000000
463547.619995 4831433.809998 278.380005
463547.710022 4831433.869995 279.119995
463547.929993 4831433.950012 278.829987
463547.780029 4831433.950012 278.540009
463547.719971 4831434.000000 278.540009
463547.650024 4831434.049988 278.519989
463547.710022 4831434.010010 278.529999
463547.679993 4831434.010010 278.500000
463547.659973 4831434.029999 278.510010
463547.630005 4831434.040009 278.540009
463547.880005 4831434.040009 278.940002
463547.630005 4831433.769989 278.350006
463547.630005 4831433.630005 278.440002
463547.630005 4831433.540009 278.820007
463547.650024 4831434.029999 278.500000
463547.890015 4831434.100006 278.859985
463547.929993 4831434.070007 278.899994
463547.909973 4831434.049988 278.940002
463547.619995 4831434.029999 278.489990
463547.659973 4831434.000000 278.589996
463547.830017 4831434.109985 278.940002
463547.710022 4831433.959991 278.529999
463547.890015 4831434.059998 278.970001
463547.880005 4831434.049988 278.910004
463547.940002 4831434.070007 278.929993
463547.890015 4831434.010010 278.910004
463547.919983 4831434.049988 278.940002
463547.729980 4831433.679993 278.929993
463547.630005 4831433.579987 278.820007
463547.650024 4831433.600006 278.760010
463547.659973 4831433.640015 278.869995
463547.809998 4831433.920013 278.899994
463547.609985 4831433.839996 278.369995
463547.669983 4831433.709991 279.010010
463547.789978 4831433.910004 278.989990
463547.739990 4831433.989990 278.549988
463547.700012 4831434.010010 278.540009
463547.669983 4831434.040009 278.640015
463547.809998 4831434.220001 279.250000
463547.619995 4831434.059998 278.529999
463547.780029 4831433.959991 278.549988
463547.650024 4831434.029999 278.630005
463547.659973 4831434.040009 278.559998
463547.659973 4831434.029999 278.579987
463547.700012 4831434.019989 278.540009
463547.700012 4831433.989990 278.529999
463547.719971 4831433.989990 278.529999
463547.719971 4831433.980011 278.529999
463547.729980 4831433.989990 278.540009
463547.630005 4831434.040009 278.519989
463547.799988 4831433.950012 278.540009
463547.830017 4831433.880005 278.880005
463547.809998 4831433.869995 278.929993
463547.799988 4831433.850006 278.970001
463547.809998 4831433.720001 278.820007
463547.650024 4831433.619995 278.890015
463547.619995 4831433.589996 278.859985
463547.729980 4831433.679993 278.799988
463547.909973 4831434.040009 278.970001
463547.659973 4831434.049988 278.540009
463547.789978 4831434.109985 278.950012
463547.849976 4831434.029999 278.980011
463547.900024 4831434.040009 278.920013
463547.919983 4831433.989990 278.809998
463547.909973 4831434.079987 278.970001
463547.929993 4831434.019989 278.899994
463548.179993 4831434.010010 278.390015
463547.739990 4831433.670013 278.730011
463547.809998 4831433.890015 279.100006
463547.809998 4831433.890015 279.040009
463547.820007 4831433.899994 279.010010
463547.830017 4831433.910004 278.980011
463547.830017 4831433.920013 278.929993
463547.760010 4831433.690002 278.739990
463547.630005 4831433.850006 278.320007
463547.729980 4831433.700012 278.809998
463547.750000 4831433.739990 278.829987
463547.950012 4831434.079987 278.859985
463547.890015 4831434.160004 278.929993
463548.169983 4831434.049988 278.450012
463547.859985 4831434.040009 278.940002
463547.859985 4831434.059998 278.959991
463547.609985 4831433.839996 278.429993
463547.760010 4831433.709991 278.869995
463547.770020 4831433.760010 278.980011
463547.739990 4831433.839996 278.420013
463547.809998 4831433.929993 278.920013
463547.840027 4831433.869995 278.929993
463547.820007 4831433.850006 278.950012
463547.729980 4831433.709991 278.829987
463547.690002 4831433.649994 278.859985
463547.679993 4831433.619995 278.890015
463547.809998 4831433.750000 278.809998
463547.760010 4831433.679993 278.779999
463547.669983 4831433.839996 278.339996
463547.830017 4831433.880005 278.959991
463547.820007 4831433.859985 278.980011
463547.809998 4831433.839996 279.029999
463547.679993 4831433.640015 278.799988
463547.650024 4831433.600006 278.790009
463547.669983 4831433.609985 278.859985
463547.909973 4831434.019989 278.850006
463547.869995 4831434.019989 278.980011
463548.169983 4831434.019989 278.390015
463547.750000 4831433.690002 278.839996
463547.750000 4831433.709991 278.850006
463547.710022 4831433.670013 278.859985
463547.659973 4831433.609985 278.880005
463547.659973 4831433.630005 278.890015
463547.609985 4831433.609985 278.869995
463547.890015 4831434.049988 278.910004
463547.890015 4831434.070007 278.929993
463547.890015 4831434.049988 278.929993
463547.890015 4831434.079987 278.959991
463547.880005 4831434.059998 278.929993
463547.880005 4831434.079987 278.970001
463547.890015 4831434.040009 278.899994
463547.890015 4831434.070007 278.910004
463547.890015 4831434.049988 278.899994
463547.900024 4831434.070007 278.929993
463548.000000 4831434.130005 278.880005
463547.919983 4831433.989990 278.809998
463547.919983 4831433.989990 278.820007
463547.919983 4831434.070007 278.929993
463547.890015 4831434.049988 278.950012
463547.890015 4831434.109985 278.950012
463547.859985 4831434.089996 278.869995
463547.679993 4831434.019989 278.970001
463547.609985 4831434.040009 278.670013
463548.169983 4831434.029999 278.410004
463547.940002 4831434.109985 278.899994
463547.869995 4831434.089996 278.920013
463547.859985 4831434.109985 278.950012
463547.719971 4831433.989990 278.529999
463547.669983 4831433.980011 278.510010
463547.650024 4831434.000000 278.579987
463547.760010 4831433.799988 278.899994
463547.780029 4831433.829987 278.880005
463547.770020 4831433.769989 278.899994
463547.760010 4831433.559998 278.799988
463547.789978 4831433.809998 278.899994
463547.659973 4831433.869995 278.500000
463547.869995 4831434.160004 278.899994
463547.809998 4831434.019989 279.019989
463547.820007 4831434.000000 278.970001
463547.830017 4831433.980011 278.959991
463547.830017 4831433.989990 278.980011
463547.799988 4831434.000000 278.989990
463547.840027 4831433.959991 278.970001
463547.830017 4831433.970001 278.929993
463547.609985 4831433.570007 278.750000
463547.700012 4831433.630005 278.869995
463547.849976 4831433.890015 278.929993
463547.659973 4831433.640015 278.890015
463547.770020 4831433.709991 278.829987
463547.619995 4831433.600006 278.880005
463547.700012 4831433.640015 278.869995
463547.760010 4831433.690002 278.850006
463547.770020 4831433.950012 278.549988
463547.919983 4831433.970001 278.820007
463547.940002 4831433.959991 278.839996
463547.909973 4831434.059998 278.950012
463547.609985 4831434.089996 278.540009
463548.150024 4831433.790009 278.350006
463547.830017 4831433.809998 278.940002
463547.609985 4831433.779999 278.399994
463547.710022 4831433.619995 278.959991
463547.710022 4831433.630005 278.989990
463547.719971 4831433.619995 278.929993
463547.830017 4831433.899994 279.010010
463547.799988 4831433.899994 278.450012
463547.890015 4831434.029999 278.970001
463547.820007 4831434.230011 279.279999
463547.799988 4831434.239990 279.260010
463547.929993 4831434.019989 278.880005
463547.919983 4831433.970001 278.839996
463547.679993 4831434.140015 278.619995
463547.770020 4831433.679993 278.869995
463547.630005 4831433.559998 278.709991
463547.659973 4831433.619995 278.899994
463547.700012 4831433.589996 278.760010
463547.710022 4831433.660004 278.940002
463547.619995 4831433.839996 278.420013
463547.640015 4831433.820007 278.329987
463547.750000 4831433.700012 278.950012
463547.640015 4831434.040009 278.540009
463547.669983 4831434.029999 278.540009
463547.679993 4831434.019989 278.619995
463547.700012 4831434.000000 278.619995
463547.760010 4831433.980011 278.549988
463547.859985 4831434.010010 278.940002
463547.929993 4831433.989990 278.820007
463547.890015 4831434.040009 278.920013
463547.909973 4831434.100006 278.929993
463547.950012 4831434.079987 278.910004
463547.840027 4831433.929993 278.940002
463547.940002 4831433.970001 278.799988
463547.890015 4831434.059998 278.950012
463547.830017 4831434.239990 279.269989
463548.179993 4831434.029999 278.420013
463547.659973 4831434.059998 278.529999
463547.679993 4831434.049988 278.540009
463547.909973 4831434.040009 278.929993
463547.750000 4831433.700012 278.769989
463547.840027 4831434.100006 278.950012
463547.840027 4831433.989990 278.980011
463547.700012 4831433.920013 279.010010
463547.840027 4831433.839996 279.010010
463547.859985 4831433.859985 278.959991
463547.840027 4831434.239990 279.290009
463547.869995 4831434.230011 279.290009
463547.609985 4831434.000000 278.649994
463548.419983 4831433.540009 279.170013
463548.450012 4831433.540009 279.019989
463548.239990 4831433.869995 278.429993
463548.210022 4831433.950012 278.440002
463548.250000 4831433.989990 278.399994
463548.200012 4831434.010010 278.429993
463548.210022 4831434.040009 278.440002
463548.239990 4831433.920013 278.440002
463548.219971 4831433.899994 278.440002
463548.250000 4831433.799988 278.410004
463548.210022 4831434.010010 278.369995
463548.229980 4831433.950012 278.440002
463548.200012 4831434.029999 278.399994
463548.219971 4831433.959991 278.369995
463548.260010 4831433.750000 278.369995
463548.219971 4831433.899994 278.440002
463548.409973 4831433.619995 279.040009
463548.419983 4831433.649994 279.100006
463548.239990 4831433.769989 278.390015
463548.260010 4831433.790009 278.390015
463548.460022 4831433.589996 278.970001
463548.239990 4831433.739990 278.390015
463548.210022 4831433.890015 278.420013
463548.229980 4831433.929993 278.440002
463548.190002 4831433.980011 278.459991
463548.210022 4831433.950012 278.440002
463548.250000 4831433.790009 278.410004
463548.229980 4831433.880005 278.399994
463548.250000 4831433.829987 278.410004
463548.260010 4831433.760010 278.380005
463548.239990 4831433.739990 278.380005
463548.270020 4831433.739990 278.369995
463548.270020 4831433.720001 278.369995
463548.200012 4831433.920013 278.380005
463548.219971 4831433.869995 278.380005
463548.229980 4831433.829987 278.390015
463548.229980 4831433.790009 278.329987
463548.250000 4831433.739990 278.329987
463548.190002 4831433.989990 278.459991
463548.219971 4831433.940002 278.429993
463548.200012 4831433.970001 278.429993
463548.479980 4831433.570007 278.850006
463548.450012 4831433.609985 279.010010
463548.270020 4831433.739990 278.359985
463548.250000 4831433.799988 278.359985
463548.229980 4831433.839996 278.420013
463548.239990 4831433.859985 278.390015
463548.229980 4831433.920013 278.429993
463548.429993 4831433.540009 279.079987
463548.460022 4831433.549988 278.899994
463548.250000 4831433.760010 278.339996
463548.239990 4831433.750000 278.339996
463548.239990 4831433.779999 278.339996
463548.229980 4831433.850006 278.420013
463548.210022 4831433.890015 278.359985
463548.460022 4831433.600006 278.989990
463548.489990 4831433.579987 278.869995
463548.429993 4831433.540009 278.899994
463548.450012 4831433.600006 278.940002
463548.460022 4831433.559998 278.820007
463548.429993 4831433.579987 278.929993
463548.450012 4831433.570007 278.880005
463548.460022 4831433.540009 278.790009
463548.429993 4831433.559998 278.920013
463548.450012 4831433.579987 278.890015
463548.460022 4831433.549988 278.809998
463548.419983 4831433.540009 278.899994
463548.440002 4831433.609985 278.950012
463548.450012 4831433.549988 278.809998
463548.429993 4831433.559998 278.929993
463548.450012 4831433.600006 278.940002
463548.469971 4831433.570007 278.850006
463548.450012 4831433.589996 278.959991
463548.460022 4831433.579987 278.899994
463548.479980 4831433.570007 278.839996
463548.429993 4831433.540009 278.910004
463548.450012 4831433.600006 278.940002
463548.460022 4831433.570007 278.850006
463548.429993 4831433.570007 278.929993
463548.440002 4831433.589996 278.899994
463548.460022 4831433.540009 278.779999
463548.419983 4831433.540009 278.899994
463548.440002 4831433.600006 278.929993
463548.450012 4831433.559998 278.839996
463548.440002 4831433.609985 278.950012
463548.450012 4831433.559998 278.820007
463548.200012 4831434.000000 278.459991
463548.210022 4831434.019989 278.510010
463548.179993 4831433.970001 278.399994
463548.460022 4831433.559998 278.980011
463548.460022 4831433.559998 278.980011
463548.229980 4831433.899994 278.410004
463548.250000 4831433.869995 278.390015
463548.179993 4831434.040009 278.459991
463548.200012 4831433.970001 278.429993
463548.200012 4831433.989990 278.440002
463548.219971 4831433.950012 278.429993
463548.250000 4831433.820007 278.429993
463548.190002 4831433.950012 278.359985
463548.250000 4831433.779999 278.420013
463548.460022 4831433.609985 279.019989
463548.239990 4831433.820007 278.420013
463548.270020 4831433.799988 278.420013
463548.239990 4831433.899994 278.450012
463548.270020 4831433.739990 278.380005
463548.289978 4831433.720001 278.369995
463548.270020 4831433.769989 278.390015
463548.239990 4831433.799988 278.399994
463548.270020 4831433.790009 278.399994
463548.229980 4831433.839996 278.420013
463548.260010 4831433.820007 278.410004
463548.250000 4831433.880005 278.429993
463548.250000 4831433.920013 278.450012
463548.250000 4831433.750000 278.339996
463548.270020 4831433.750000 278.380005
463548.250000 4831433.799988 278.399994
463548.239990 4831433.829987 278.410004
463548.260010 4831433.820007 278.399994
463548.219971 4831433.869995 278.390015
463548.239990 4831433.890015 278.429993
463548.219971 4831433.920013 278.440002
463548.250000 4831433.899994 278.429993
463548.200012 4831433.980011 278.480011
463548.210022 4831433.980011 278.459991
463548.229980 4831433.970001 278.450012
463548.200012 4831434.029999 278.470001
463548.219971 4831434.010010 278.470001
463548.190002 4831434.070007 278.429993
463548.219971 4831433.959991 278.450012
463548.250000 4831433.940002 278.440002
463548.210022 4831434.029999 278.500000
463548.229980 4831433.820007 278.420013
463548.440002 4831433.559998 278.989990
463548.280029 4831433.760010 278.380005
463548.270020 4831433.850006 278.410004
463548.260010 4831433.839996 278.339996
463548.229980 4831433.970001 278.450012
463548.250000 4831433.959991 278.440002
463548.500000 4831433.459991 278.859985
463548.530029 4831433.470001 278.899994
463548.469971 4831433.470001 278.950012
463548.580017 4831433.529999 279.029999
463548.590027 4831433.510010 278.970001
463548.500000 4831433.519989 278.859985
463548.400024 4831433.500000 279.239990
463548.469971 4831433.510010 279.029999
463548.460022 4831433.510010 278.980011
463548.460022 4831433.480011 278.980011
463548.489990 4831433.500000 279.000000
463548.520020 4831433.500000 278.890015
463548.520020 4831433.519989 278.859985
463548.510010 4831433.510010 278.790009
463548.489990 4831433.540009 278.929993
463548.530029 4831433.540009 278.829987
463548.419983 4831433.529999 279.160004
463548.500000 4831433.570007 279.230011
463548.489990 4831433.549988 279.079987
463548.590027 4831433.540009 279.130005
463548.500000 4831433.549988 278.970001
463548.510010 4831433.559998 279.019989
463548.469971 4831433.589996 279.010010
463548.469971 4831433.589996 279.070007
463548.559998 4831433.709991 279.179993
463548.489990 4831433.549988 278.980011
463548.489990 4831433.549988 279.010010
463548.520020 4831433.549988 278.890015
463548.489990 4831433.579987 279.000000
463548.500000 4831433.589996 278.950012
463548.469971 4831433.640015 279.000000
463548.460022 4831433.600006 279.119995
463548.479980 4831433.640015 279.130005
463548.469971 4831433.670013 279.230011
463548.479980 4831433.670013 279.190002
463548.460022 4831433.670013 279.239990
463548.479980 4831433.690002 279.209991
463548.440002 4831433.670013 279.220001
463548.450012 4831433.670013 279.170013
463548.469971 4831433.640015 279.089996
463548.479980 4831433.589996 278.980011
463548.440002 4831433.660004 279.149994
463548.450012 4831433.630005 279.070007
463548.450012 4831433.559998 279.029999
463548.460022 4831433.570007 279.100006
463548.460022 4831433.600006 279.170013
463548.489990 4831433.619995 279.130005
463548.479980 4831433.559998 278.959991
463548.460022 4831433.579987 279.019989
463548.510010 4831433.589996 279.070007
463548.469971 4831433.570007 279.190002
463548.469971 4831433.559998 279.109985
463548.450012 4831433.549988 279.190002
463548.489990 4831433.540009 278.950012
463548.489990 4831433.579987 279.100006
463548.510010 4831433.540009 278.910004
463548.520020 4831433.559998 278.880005
463547.979980 4831433.869995 279.160004
463547.609985 4831434.089996 278.510010
463547.739990 4831434.290009 279.269989
463548.049988 4831434.350006 278.940002
463547.679993 4831434.329987 279.250000
463547.989990 4831434.279999 279.279999
463548.010010 4831434.329987 279.239990
463547.760010 4831434.279999 279.290009
463547.809998 4831433.880005 279.149994
463547.780029 4831433.779999 279.049988
463547.780029 4831433.769989 279.130005
463547.700012 4831433.690002 279.109985
463547.820007 4831433.730011 279.109985
463547.650024 4831434.220001 279.250000
463547.799988 4831434.260010 279.290009
463548.030029 4831434.329987 279.209991
463547.780029 4831434.269989 279.299988
463547.750000 4831433.730011 279.010010
463547.669983 4831434.149994 278.609985
463547.770020 4831434.290009 279.269989
463547.780029 4831434.250000 279.250000
463547.719971 4831433.670013 279.059998
463548.080017 4831434.339996 278.920013
463547.979980 4831434.320007 279.290009
463548.059998 4831434.320007 279.260010
463547.750000 4831434.250000 279.299988
463547.840027 4831433.839996 279.109985
463547.840027 4831433.859985 279.059998
463547.719971 4831434.309998 279.299988
463548.359985 4831434.299988 279.119995
