2.756700129999999831e+02 4.831430040009000339e+06 4.635471099849999882e+05
2.751099849999999947e+02 4.831430089995999821e+06 4.635471099849999882e+05
2.757600100000000225e+02 4.831430049987999722e+06 4.635471099849999882e+05
2.757500000000000000e+02 4.831430059998000041e+06 4.635471099849999882e+05
2.750100100000000225e+02 4.831430100006000139e+06 4.635471199950000155e+05
2.748399959999999851e+02 4.831430079986999743e+06 4.635471099849999882e+05
2.749899899999999775e+02 4.831430079986999743e+06 4.635471099849999882e+05
2.751400150000000053e+02 4.831430130005000159e+06 4.635471300049999845e+05
2.753900150000000053e+02 4.831430070007000118e+06 4.635471099849999882e+05
2.756099849999999947e+02 4.831429989989999682e+06 4.635471300049999845e+05
2.750100100000000225e+02 4.831430049987999722e+06 4.635471500239999732e+05
2.748699950000000172e+02 4.831430049987999722e+06 4.635471400150000118e+05
2.752300109999999904e+02 4.831430160004000179e+06 4.635471099849999882e+05
2.753699950000000172e+02 4.831430109985000454e+06 4.635471099849999882e+05
2.749500120000000152e+02 4.831430070007000118e+06 4.635471300049999845e+05
2.749599910000000023e+02 4.831430130005000159e+06 4.635471599730000016e+05
2.749500120000000152e+02 4.831430190001999959e+06 4.635471199950000155e+05
2.748299870000000169e+02 4.831430190001999959e+06 4.635471400150000118e+05
2.750199890000000096e+02 4.831430140014999546e+06 4.635471400150000118e+05
2.749299930000000245e+02 4.831430130005000159e+06 4.635471500239999732e+05
2.750100100000000225e+02 4.831430130005000159e+06 4.635471400150000118e+05
2.751199950000000172e+02 4.831430109985000454e+06 4.635471099849999882e+05
2.748200069999999755e+02 4.831430200012000278e+06 4.635471300049999845e+05
2.748800049999999828e+02 4.831430190001999959e+06 4.635471199950000155e+05
2.749400019999999927e+02 4.831430170013000257e+06 4.635471199950000155e+05
2.750599980000000073e+02 4.831430160004000179e+06 4.635471099849999882e+05
2.751099849999999947e+02 4.831430160004000179e+06 4.635471099849999882e+05
2.751700129999999831e+02 4.831430149993999861e+06 4.635471099849999882e+05
2.748099980000000073e+02 4.831430190001999959e+06 4.635471500239999732e+05
2.748599849999999947e+02 4.831430179992999882e+06 4.635471400150000118e+05
2.749299930000000245e+02 4.831430170013000257e+06 4.635471400150000118e+05
2.750499879999999848e+02 4.831430149993999861e+06 4.635471300049999845e+05
2.751499939999999924e+02 4.831430130005000159e+06 4.635471199950000155e+05
2.751799930000000245e+02 4.831430109985000454e+06 4.635471099849999882e+05
2.752099910000000023e+02 4.831430100006000139e+06 4.635471099849999882e+05
2.749700010000000248e+02 4.831430140014999546e+06 4.635471599730000016e+05
2.750100100000000225e+02 4.831430130005000159e+06 4.635471500239999732e+05
2.748099980000000073e+02 4.831430220000999980e+06 4.635471099849999882e+05
2.748599849999999947e+02 4.831430209990999661e+06 4.635471199950000155e+05
2.748900150000000053e+02 4.831430190001999959e+06 4.635471099849999882e+05
2.750499879999999848e+02 4.831430149993999861e+06 4.635471500239999732e+05
2.750799870000000169e+02 4.831430209990999661e+06 4.635471199950000155e+05
2.750100100000000225e+02 4.831430200012000278e+06 4.635471099849999882e+05
2.749500120000000152e+02 4.831430200012000278e+06 4.635471099849999882e+05
2.749200129999999831e+02 4.831430220000999980e+06 4.635471199950000155e+05
2.748699950000000172e+02 4.831430220000999980e+06 4.635471199950000155e+05
2.748299870000000169e+02 4.831430230011000298e+06 4.635471199950000155e+05
2.750299989999999752e+02 4.831430160004000179e+06 4.635471199950000155e+05
2.748800049999999828e+02 4.831430170013000257e+06 4.635471500239999732e+05
2.750299989999999752e+02 4.831430179992999882e+06 4.635471099849999882e+05
2.749899899999999775e+02 4.831430179992999882e+06 4.635471300049999845e+05
2.749299930000000245e+02 4.831430179992999882e+06 4.635471400150000118e+05
2.748699950000000172e+02 4.831430170013000257e+06 4.635471599730000016e+05
2.748299870000000169e+02 4.831430200012000278e+06 4.635471199950000155e+05
2.748699950000000172e+02 4.831430179992999882e+06 4.635471099849999882e+05
2.748599849999999947e+02 4.831430149993999861e+06 4.635471500239999732e+05
2.748999939999999924e+02 4.831430140014999546e+06 4.635471400150000118e+05
2.749500120000000152e+02 4.831430140014999546e+06 4.635471300049999845e+05
2.750000000000000000e+02 4.831430130005000159e+06 4.635471199950000155e+05
2.751099849999999947e+02 4.831430119994999841e+06 4.635471099849999882e+05
2.748200069999999755e+02 4.831430200012000278e+06 4.635471300049999845e+05
2.748599849999999947e+02 4.831430190001999959e+06 4.635471300049999845e+05
2.748999939999999924e+02 4.831430179992999882e+06 4.635471300049999845e+05
2.749599910000000023e+02 4.831430179992999882e+06 4.635471300049999845e+05
2.750000000000000000e+02 4.831430170013000257e+06 4.635471199950000155e+05
2.750400089999999977e+02 4.831430160004000179e+06 4.635471099849999882e+05
2.750799870000000169e+02 4.831430140014999546e+06 4.635471099849999882e+05
2.748800049999999828e+02 4.831430160004000179e+06 4.635471500239999732e+05
2.749200129999999831e+02 4.831430149993999861e+06 4.635471400150000118e+05
2.749800109999999904e+02 4.831430149993999861e+06 4.635471500239999732e+05
2.750299989999999752e+02 4.831430130005000159e+06 4.635471400150000118e+05
2.748399959999999851e+02 4.831430230011000298e+06 4.635471300049999845e+05
2.749200129999999831e+02 4.831430200012000278e+06 4.635471199950000155e+05
2.749700010000000248e+02 4.831430190001999959e+06 4.635471199950000155e+05
2.750199890000000096e+02 4.831430179992999882e+06 4.635471300049999845e+05
2.750599980000000073e+02 4.831430160004000179e+06 4.635471199950000155e+05
2.757999879999999848e+02 4.831430010010000318e+06 4.635471400150000118e+05
2.748399959999999851e+02 4.831430190001999959e+06 4.635471400150000118e+05
2.748900150000000053e+02 4.831430179992999882e+06 4.635471400150000118e+05
2.749500120000000152e+02 4.831430179992999882e+06 4.635471599730000016e+05
2.750100100000000225e+02 4.831430149993999861e+06 4.635471400150000118e+05
2.750799870000000169e+02 4.831430100006000139e+06 4.635471199950000155e+05
2.748999939999999924e+02 4.831430119994999841e+06 4.635471500239999732e+05
2.748900150000000053e+02 4.831430070007000118e+06 4.635471099849999882e+05
2.749200129999999831e+02 4.831430109985000454e+06 4.635471300049999845e+05
2.748999939999999924e+02 4.831430190001999959e+06 4.635471199950000155e+05
2.757900089999999977e+02 4.831430040009000339e+06 4.635471300049999845e+05
2.751700129999999831e+02 4.831430140014999546e+06 4.635471300049999845e+05
2.750899959999999851e+02 4.831430200012000278e+06 4.635471099849999882e+05
2.750400089999999977e+02 4.831430179992999882e+06 4.635471400150000118e+05
2.748299870000000169e+02 4.831430230011000298e+06 4.635471500239999732e+05
2.751900019999999927e+02 4.831430149993999861e+06 4.635471199950000155e+05
2.750899959999999851e+02 4.831430200012000278e+06 4.635471099849999882e+05
2.750599980000000073e+02 4.831430179992999882e+06 4.635471300049999845e+05
2.750199890000000096e+02 4.831430149993999861e+06 4.635471599730000016e+05
2.749200129999999831e+02 4.831430230011000298e+06 4.635471099849999882e+05
2.749400019999999927e+02 4.831430220000999980e+06 4.635471400150000118e+05
2.749500120000000152e+02 4.831430010010000318e+06 4.635471099849999882e+05
2.752399899999999775e+02 4.831430079986999743e+06 4.635471099849999882e+05
2.751700129999999831e+02 4.831430079986999743e+06 4.635471099849999882e+05
2.751099849999999947e+02 4.831430089995999821e+06 4.635471199950000155e+05
2.750299989999999752e+02 4.831430089995999821e+06 4.635471300049999845e+05
2.749700010000000248e+02 4.831430089995999821e+06 4.635471400150000118e+05
2.748999939999999924e+02 4.831430089995999821e+06 4.635471400150000118e+05
2.752200010000000248e+02 4.831430160004000179e+06 4.635471199950000155e+05
2.751499939999999924e+02 4.831430160004000179e+06 4.635471300049999845e+05
2.751000060000000076e+02 4.831430160004000179e+06 4.635471400150000118e+05
2.753399959999999851e+02 4.831430119994999841e+06 4.635471099849999882e+05
2.753200069999999755e+02 4.831430149993999861e+06 4.635471300049999845e+05
2.752300109999999904e+02 4.831430109985000454e+06 4.635471400150000118e+05
2.756499939999999924e+02 4.831430320007000118e+06 4.635480300290000159e+05
2.755599980000000073e+02 4.831430260010000318e+06 4.635480300290000159e+05
2.754899899999999775e+02 4.831430220000999980e+06 4.635480499880000134e+05
2.754800109999999904e+02 4.831430250000000000e+06 4.635480399779999861e+05
2.754500120000000152e+02 4.831430239989999682e+06 4.635479899899999727e+05
2.754800109999999904e+02 4.831430269988999702e+06 4.635480000000000000e+05
2.754500120000000152e+02 4.831430290009000339e+06 4.635479799800000037e+05
2.755100100000000225e+02 4.831430279999000020e+06 4.635479600220000139e+05
2.752600100000000225e+02 4.831430309998000041e+06 4.635480300290000159e+05
2.753500060000000076e+02 4.831430269988999702e+06 4.635480300290000159e+05
2.756799930000000245e+02 4.831430299987999722e+06 4.635480499880000134e+05
2.756300049999999828e+02 4.831430290009000339e+06 4.635480499880000134e+05
2.755799870000000169e+02 4.831430279999000020e+06 4.635480499880000134e+05
2.755299989999999752e+02 4.831430269988999702e+06 4.635480499880000134e+05
2.754899899999999775e+02 4.831430260010000318e+06 4.635480499880000134e+05
2.753900150000000053e+02 4.831430239989999682e+06 4.635480499880000134e+05
2.756300049999999828e+02 4.831430250000000000e+06 4.635480800169999711e+05
2.757799989999999752e+02 4.831430200012000278e+06 4.635480800169999711e+05
2.757000120000000152e+02 4.831430209990999661e+06 4.635480999760000268e+05
2.756799930000000245e+02 4.831430190001999959e+06 4.635480800169999711e+05
2.757600100000000225e+02 4.831429950012000278e+06 4.635472000119999866e+05
2.757999879999999848e+02 4.831430230011000298e+06 4.635480900269999984e+05
2.755700069999999755e+02 4.831430260010000318e+06 4.635480999760000268e+05
2.754500120000000152e+02 4.831430359985000454e+06 4.635479699709999841e+05
2.754899899999999775e+02 4.831430380005000159e+06 4.635479799800000037e+05
2.753800049999999828e+02 4.831430290009000339e+06 4.635480499880000134e+05
2.755299989999999752e+02 4.831430279999000020e+06 4.635480200199999963e+05
2.756499939999999924e+02 4.831430299987999722e+06 4.635480200199999963e+05
2.752500000000000000e+02 4.831430290009000339e+06 4.635479899899999727e+05
2.753200069999999755e+02 4.831430299987999722e+06 4.635479899899999727e+05
2.753999939999999924e+02 4.831430309998000041e+06 4.635479799800000037e+05
2.754800109999999904e+02 4.831430320007000118e+06 4.635479699709999841e+05
2.755299989999999752e+02 4.831430329986999743e+06 4.635479699709999841e+05
2.756000060000000076e+02 4.831430350006000139e+06 4.635479699709999841e+05
2.756600040000000149e+02 4.831430359985000454e+06 4.635479699709999841e+05
2.757300109999999904e+02 4.831430359985000454e+06 4.635479600220000139e+05
2.752000120000000152e+02 4.831430309998000041e+06 4.635479600220000139e+05
2.752600100000000225e+02 4.831430320007000118e+06 4.635479500119999866e+05
2.753200069999999755e+02 4.831430329986999743e+06 4.635479500119999866e+05
2.753699950000000172e+02 4.831430350006000139e+06 4.635479500119999866e+05
2.754299930000000245e+02 4.831430359985000454e+06 4.635479500119999866e+05
2.754800109999999904e+02 4.831430380005000159e+06 4.635479600220000139e+05
2.755000000000000000e+02 4.831430399993999861e+06 4.635479699709999841e+05
2.755199890000000096e+02 4.831430420013000257e+06 4.635479799800000037e+05
2.756099849999999947e+02 4.831430459990999661e+06 4.635479899899999727e+05
2.751799930000000245e+02 4.831430390014999546e+06 4.635479400020000176e+05
2.752399899999999775e+02 4.831430410004000179e+06 4.635479400020000176e+05
2.752399899999999775e+02 4.831430429992999882e+06 4.635479500119999866e+05
2.757000120000000152e+02 4.831430339995999821e+06 4.635479699709999841e+05
2.754800109999999904e+02 4.831430329986999743e+06 4.635479400020000176e+05
2.754899899999999775e+02 4.831430359985000454e+06 4.635479600220000139e+05
2.755299989999999752e+02 4.831430429992999882e+06 4.635479899899999727e+05
2.753299870000000169e+02 4.831430420013000257e+06 4.635479500119999866e+05
2.754100040000000149e+02 4.831430390014999546e+06 4.635479899899999727e+05
2.753800049999999828e+02 4.831430369994999841e+06 4.635479799800000037e+05
2.753599849999999947e+02 4.831430339995999821e+06 4.635479699709999841e+05
2.753299870000000169e+02 4.831430320007000118e+06 4.635479500119999866e+05
2.751900019999999927e+02 4.831430299987999722e+06 4.635479600220000139e+05
2.757500000000000000e+02 4.831430420013000257e+06 4.635480399779999861e+05
2.757200010000000248e+02 4.831430390014999546e+06 4.635480200199999963e+05
2.754200129999999831e+02 4.831430269988999702e+06 4.635479899899999727e+05
2.752300109999999904e+02 4.831430250000000000e+06 4.635480000000000000e+05
2.755400089999999977e+02 4.831430239989999682e+06 4.635480300290000159e+05
2.755400089999999977e+02 4.831430220000999980e+06 4.635480200199999963e+05
2.748200069999999755e+02 4.831430140014999546e+06 4.635472000119999866e+05
2.749700010000000248e+02 4.831430100006000139e+06 4.635471799929999979e+05
2.749899899999999775e+02 4.831430140014999546e+06 4.635471799929999979e+05
2.750199890000000096e+02 4.831430109985000454e+06 4.635471699830000289e+05
2.750299989999999752e+02 4.831430079986999743e+06 4.635471599730000016e+05
2.748299870000000169e+02 4.831430100006000139e+06 4.635472000119999866e+05
2.752699890000000096e+02 4.831430329986999743e+06 4.635479600220000139e+05
2.755499879999999848e+02 4.831430260010000318e+06 4.635480399779999861e+05
2.755000000000000000e+02 4.831430329986999743e+06 4.635479400020000176e+05
2.755899959999999851e+02 4.831430380005000159e+06 4.635479400020000176e+05
2.756400150000000053e+02 4.831430420013000257e+06 4.635479400020000176e+05
2.756199950000000172e+02 4.831430450012000278e+06 4.635479600220000139e+05
2.753500060000000076e+02 4.831430390014999546e+06 4.635479199830000289e+05
2.753699950000000172e+02 4.831430429992999882e+06 4.635479299929999979e+05
2.753699950000000172e+02 4.831430450012000278e+06 4.635479400020000176e+05
2.748299870000000169e+02 4.831430140014999546e+06 4.635471699830000289e+05
2.748699950000000172e+02 4.831430130005000159e+06 4.635471599730000016e+05
2.753699950000000172e+02 4.831430420013000257e+06 4.635479699709999841e+05
2.753800049999999828e+02 4.831430399993999861e+06 4.635479600220000139e+05
2.754299930000000245e+02 4.831430390014999546e+06 4.635479500119999866e+05
2.757699890000000096e+02 4.831430440001999959e+06 4.635480200199999963e+05
2.749100040000000149e+02 4.831430149993999861e+06 4.635471599730000016e+05
2.749100040000000149e+02 4.831430109985000454e+06 4.635471699830000289e+05
2.749700010000000248e+02 4.831430100006000139e+06 4.635471599730000016e+05
2.757900089999999977e+02 4.831430420013000257e+06 4.635480100100000273e+05
2.748299870000000169e+02 4.831430170013000257e+06 4.635471599730000016e+05
2.750299989999999752e+02 4.831430170013000257e+06 4.635471599730000016e+05
2.748599849999999947e+02 4.831430220000999980e+06 4.635471900020000176e+05
2.757999879999999848e+02 4.831430450012000278e+06 4.635480000000000000e+05
2.757600100000000225e+02 4.831430450012000278e+06 4.635480100100000273e+05
2.757799989999999752e+02 4.831430450012000278e+06 4.635479799800000037e+05
2.757900089999999977e+02 4.831430440001999959e+06 4.635479500119999866e+05
2.757600100000000225e+02 4.831430450012000278e+06 4.635479699709999841e+05
2.757500000000000000e+02 4.831430459990999661e+06 4.635479600220000139e+05
2.756000060000000076e+02 4.831430440001999959e+06 4.635479400020000176e+05
2.755700069999999755e+02 4.831430450012000278e+06 4.635479500119999866e+05
2.748299870000000169e+02 4.831430170013000257e+06 4.635471599730000016e+05
2.753299870000000169e+02 4.831430420013000257e+06 4.635479400020000176e+05
2.753800049999999828e+02 4.831430420013000257e+06 4.635479299929999979e+05
2.757999879999999848e+02 4.831430440001999959e+06 4.635479899899999727e+05
2.748099980000000073e+02 4.831430149993999861e+06 4.635471900020000176e+05
2.752300109999999904e+02 4.831430440001999959e+06 4.635479199830000289e+05
2.752900089999999977e+02 4.831430429992999882e+06 4.635479199830000289e+05
2.748299870000000169e+02 4.831430170013000257e+06 4.635471699830000289e+05
2.748699950000000172e+02 4.831430149993999861e+06 4.635471599730000016e+05
2.754500120000000152e+02 4.831430290009000339e+06 4.635479899899999727e+05
2.753900150000000053e+02 4.831430320007000118e+06 4.635479400020000176e+05
2.755299989999999752e+02 4.831430260010000318e+06 4.635480499880000134e+05
2.755299989999999752e+02 4.831430299987999722e+06 4.635479699709999841e+05
2.755899959999999851e+02 4.831430320007000118e+06 4.635479600220000139e+05
2.755499879999999848e+02 4.831430450012000278e+06 4.635479600220000139e+05
2.751900019999999927e+02 4.831430309998000041e+06 4.635479299929999979e+05
2.752699890000000096e+02 4.831430329986999743e+06 4.635479199830000289e+05
2.753299870000000169e+02 4.831430350006000139e+06 4.635479199830000289e+05
2.753299870000000169e+02 4.831430390014999546e+06 4.635479099730000016e+05
2.752900089999999977e+02 4.831430420013000257e+06 4.635479199830000289e+05
2.752500000000000000e+02 4.831430450012000278e+06 4.635479199830000289e+05
2.757699890000000096e+02 4.831430420013000257e+06 4.635479500119999866e+05
2.757000120000000152e+02 4.831430450012000278e+06 4.635479699709999841e+05
2.751300049999999828e+02 4.831430320007000118e+06 4.635479000239999732e+05
2.752399899999999775e+02 4.831430320007000118e+06 4.635478800049999845e+05
2.752099910000000023e+02 4.831430350006000139e+06 4.635479699709999841e+05
2.757099910000000023e+02 4.831430359985000454e+06 4.635479799800000037e+05
2.757300109999999904e+02 4.831430380005000159e+06 4.635479600220000139e+05
2.756099849999999947e+02 4.831430269988999702e+06 4.635479899899999727e+05
2.757000120000000152e+02 4.831430299987999722e+06 4.635479799800000037e+05
2.756900019999999927e+02 4.831430320007000118e+06 4.635479899899999727e+05
2.753399959999999851e+02 4.831430329986999743e+06 4.635479299929999979e+05
2.753999939999999924e+02 4.831430339995999821e+06 4.635479299929999979e+05
2.754599910000000023e+02 4.831430359985000454e+06 4.635479400020000176e+05
2.755400089999999977e+02 4.831430369994999841e+06 4.635479400020000176e+05
2.756000060000000076e+02 4.831430390014999546e+06 4.635479500119999866e+05
2.756600040000000149e+02 4.831430390014999546e+06 4.635479600220000139e+05
2.757200010000000248e+02 4.831430410004000179e+06 4.635479699709999841e+05
2.757600100000000225e+02 4.831430399993999861e+06 4.635479899899999727e+05
2.751400150000000053e+02 4.831430309998000041e+06 4.635479099730000016e+05
2.752200010000000248e+02 4.831430329986999743e+06 4.635479199830000289e+05
2.752600100000000225e+02 4.831430329986999743e+06 4.635479299929999979e+05
2.753099980000000073e+02 4.831430329986999743e+06 4.635479400020000176e+05
2.753800049999999828e+02 4.831430359985000454e+06 4.635479400020000176e+05
2.754400019999999927e+02 4.831430369994999841e+06 4.635479500119999866e+05
2.755000000000000000e+02 4.831430380005000159e+06 4.635479600220000139e+05
2.755599980000000073e+02 4.831430390014999546e+06 4.635479600220000139e+05
2.756300049999999828e+02 4.831430399993999861e+06 4.635479699709999841e+05
2.756799930000000245e+02 4.831430410004000179e+06 4.635479799800000037e+05
2.757500000000000000e+02 4.831430429992999882e+06 4.635479899899999727e+05
2.757900089999999977e+02 4.831430420013000257e+06 4.635480100100000273e+05
2.751000060000000076e+02 4.831430299987999722e+06 4.635479099730000016e+05
2.752000120000000152e+02 4.831430329986999743e+06 4.635479099730000016e+05
2.752200010000000248e+02 4.831430320007000118e+06 4.635479299929999979e+05
2.753099980000000073e+02 4.831430339995999821e+06 4.635479299929999979e+05
2.753599849999999947e+02 4.831430350006000139e+06 4.635479400020000176e+05
2.754299930000000245e+02 4.831430369994999841e+06 4.635479400020000176e+05
2.754599910000000023e+02 4.831430369994999841e+06 4.635479600220000139e+05
2.755499879999999848e+02 4.831430399993999861e+06 4.635479600220000139e+05
2.755899959999999851e+02 4.831430399993999861e+06 4.635479699709999841e+05
2.756600040000000149e+02 4.831430410004000179e+06 4.635479799800000037e+05
2.757200010000000248e+02 4.831430420013000257e+06 4.635479899899999727e+05
2.757600100000000225e+02 4.831430420013000257e+06 4.635480000000000000e+05
2.753099980000000073e+02 4.831430320007000118e+06 4.635479400020000176e+05
2.754100040000000149e+02 4.831430359985000454e+06 4.635479400020000176e+05
2.754500120000000152e+02 4.831430359985000454e+06 4.635479500119999866e+05
2.755400089999999977e+02 4.831430380005000159e+06 4.635479500119999866e+05
2.756000060000000076e+02 4.831430390014999546e+06 4.635479600220000139e+05
2.756600040000000149e+02 4.831430410004000179e+06 4.635479699709999841e+05
2.757200010000000248e+02 4.831430420013000257e+06 4.635479799800000037e+05
2.757600100000000225e+02 4.831430420013000257e+06 4.635480000000000000e+05
2.751099849999999947e+02 4.831430309998000041e+06 4.635479099730000016e+05
2.751900019999999927e+02 4.831430329986999743e+06 4.635479099730000016e+05
2.752300109999999904e+02 4.831430329986999743e+06 4.635479400020000176e+05
2.753099980000000073e+02 4.831430350006000139e+06 4.635479400020000176e+05
2.753500060000000076e+02 4.831430350006000139e+06 4.635479500119999866e+05
2.754200129999999831e+02 4.831430380005000159e+06 4.635479500119999866e+05
2.754800109999999904e+02 4.831430380005000159e+06 4.635479600220000139e+05
2.755299989999999752e+02 4.831430390014999546e+06 4.635479699709999841e+05
2.755799870000000169e+02 4.831430399993999861e+06 4.635479799800000037e+05
2.756499939999999924e+02 4.831430420013000257e+06 4.635479799800000037e+05
2.757099910000000023e+02 4.831430429992999882e+06 4.635479899899999727e+05
2.757500000000000000e+02 4.831430429992999882e+06 4.635480100100000273e+05
2.751300049999999828e+02 4.831430339995999821e+06 4.635479099730000016e+05
2.752000120000000152e+02 4.831430359985000454e+06 4.635479199830000289e+05
2.752300109999999904e+02 4.831430350006000139e+06 4.635479400020000176e+05
2.753299870000000169e+02 4.831430390014999546e+06 4.635479299929999979e+05
2.753900150000000053e+02 4.831430399993999861e+06 4.635479400020000176e+05
2.754599910000000023e+02 4.831430410004000179e+06 4.635479500119999866e+05
2.755000000000000000e+02 4.831430410004000179e+06 4.635479699709999841e+05
2.755499879999999848e+02 4.831430420013000257e+06 4.635479699709999841e+05
2.755899959999999851e+02 4.831430420013000257e+06 4.635479899899999727e+05
2.756400150000000053e+02 4.831430429992999882e+06 4.635480000000000000e+05
2.751600040000000149e+02 4.831430359985000454e+06 4.635479199830000289e+05
2.752200010000000248e+02 4.831430369994999841e+06 4.635479299929999979e+05
2.752900089999999977e+02 4.831430390014999546e+06 4.635479299929999979e+05
2.753299870000000169e+02 4.831430390014999546e+06 4.635479500119999866e+05
2.753900150000000053e+02 4.831430410004000179e+06 4.635479500119999866e+05
2.754500120000000152e+02 4.831430420013000257e+06 4.635479600220000139e+05
2.755000000000000000e+02 4.831430420013000257e+06 4.635479699709999841e+05
2.755599980000000073e+02 4.831430429992999882e+06 4.635479799800000037e+05
2.756000060000000076e+02 4.831430429992999882e+06 4.635480000000000000e+05
2.751700129999999831e+02 4.831430359985000454e+06 4.635479299929999979e+05
2.752300109999999904e+02 4.831430369994999841e+06 4.635479400020000176e+05
2.752999879999999848e+02 4.831430390014999546e+06 4.635479400020000176e+05
2.753699950000000172e+02 4.831430399993999861e+06 4.635479500119999866e+05
2.754400019999999927e+02 4.831430410004000179e+06 4.635479600220000139e+05
2.754800109999999904e+02 4.831430420013000257e+06 4.635479699709999841e+05
2.755299989999999752e+02 4.831430420013000257e+06 4.635479799800000037e+05
2.755799870000000169e+02 4.831430429992999882e+06 4.635479899899999727e+05
2.756199950000000172e+02 4.831430429992999882e+06 4.635480100100000273e+05
2.752200010000000248e+02 4.831430420013000257e+06 4.635479299929999979e+05
2.752600100000000225e+02 4.831430420013000257e+06 4.635479500119999866e+05
2.753200069999999755e+02 4.831430429992999882e+06 4.635479600220000139e+05
2.753599849999999947e+02 4.831430429992999882e+06 4.635479699709999841e+05
2.754899899999999775e+02 4.831430420013000257e+06 4.635479899899999727e+05
2.754400019999999927e+02 4.831430429992999882e+06 4.635479799800000037e+05
2.753599849999999947e+02 4.831430420013000257e+06 4.635479799800000037e+05
2.752600100000000225e+02 4.831430420013000257e+06 4.635479600220000139e+05
2.757900089999999977e+02 4.831430390014999546e+06 4.635479699709999841e+05
2.757099910000000023e+02 4.831430380005000159e+06 4.635479600220000139e+05
2.756199950000000172e+02 4.831430369994999841e+06 4.635479600220000139e+05
2.755199890000000096e+02 4.831430359985000454e+06 4.635479500119999866e+05
2.754800109999999904e+02 4.831430369994999841e+06 4.635479400020000176e+05
2.755299989999999752e+02 4.831430260010000318e+06 4.635479600220000139e+05
2.755299989999999752e+02 4.831430279999000020e+06 4.635479299929999979e+05
2.754899899999999775e+02 4.831430290009000339e+06 4.635479199830000289e+05
2.755700069999999755e+02 4.831430399993999861e+06 4.635480100100000273e+05
2.755199890000000096e+02 4.831430359985000454e+06 4.635479699709999841e+05
2.753900150000000053e+02 4.831430369994999841e+06 4.635480000000000000e+05
2.756700129999999831e+02 4.831430250000000000e+06 4.635479699709999841e+05
2.756199950000000172e+02 4.831430269988999702e+06 4.635479699709999841e+05
2.755299989999999752e+02 4.831430279999000020e+06 4.635479799800000037e+05
2.755000000000000000e+02 4.831430290009000339e+06 4.635479699709999841e+05
2.753299870000000169e+02 4.831430339995999821e+06 4.635479600220000139e+05
2.753500060000000076e+02 4.831430279999000020e+06 4.635479600220000139e+05
2.753099980000000073e+02 4.831430290009000339e+06 4.635479500119999866e+05
2.752300109999999904e+02 4.831430320007000118e+06 4.635479299929999979e+05
2.752799989999999752e+02 4.831430250000000000e+06 4.635479500119999866e+05
2.752399899999999775e+02 4.831430269988999702e+06 4.635479500119999866e+05
2.752099910000000023e+02 4.831430279999000020e+06 4.635479299929999979e+05
2.751900019999999927e+02 4.831430290009000339e+06 4.635479199830000289e+05
2.752399899999999775e+02 4.831430239989999682e+06 4.635479600220000139e+05
2.752000120000000152e+02 4.831430250000000000e+06 4.635479500119999866e+05
2.752000120000000152e+02 4.831430269988999702e+06 4.635479199830000289e+05
2.751900019999999927e+02 4.831430239989999682e+06 4.635479199830000289e+05
2.753299870000000169e+02 4.831430380005000159e+06 4.635479500119999866e+05
2.754500120000000152e+02 4.831430359985000454e+06 4.635479600220000139e+05
2.754800109999999904e+02 4.831430350006000139e+06 4.635479799800000037e+05
2.755400089999999977e+02 4.831430339995999821e+06 4.635479899899999727e+05
2.755899959999999851e+02 4.831430329986999743e+06 4.635480000000000000e+05
2.757099910000000023e+02 4.831430309998000041e+06 4.635480000000000000e+05
2.757699890000000096e+02 4.831430299987999722e+06 4.635480200199999963e+05
2.757999879999999848e+02 4.831430290009000339e+06 4.635480399779999861e+05
2.753500060000000076e+02 4.831430429992999882e+06 4.635479699709999841e+05
2.755000000000000000e+02 4.831430420013000257e+06 4.635479699709999841e+05
2.756000060000000076e+02 4.831430399993999861e+06 4.635479699709999841e+05
2.757699890000000096e+02 4.831430390014999546e+06 4.635479699709999841e+05
2.756499939999999924e+02 4.831430440001999959e+06 4.635479899899999727e+05
2.749800109999999904e+02 4.831430160004000179e+06 4.635471699830000289e+05
2.748200069999999755e+02 4.831430209990999661e+06 4.635471699830000289e+05
2.756900019999999927e+02 4.831430410004000179e+06 4.635479799800000037e+05
2.750199890000000096e+02 4.831430140014999546e+06 4.635471799929999979e+05
2.749299930000000245e+02 4.831430200012000278e+06 4.635471599730000016e+05
2.748399959999999851e+02 4.831430160004000179e+06 4.635471900020000176e+05
2.752399899999999775e+02 4.831430390014999546e+06 4.635479500119999866e+05
2.755499879999999848e+02 4.831430269988999702e+06 4.635480300290000159e+05
2.755599980000000073e+02 4.831430250000000000e+06 4.635480599979999824e+05
2.755199890000000096e+02 4.831430320007000118e+06 4.635479600220000139e+05
2.753099980000000073e+02 4.831430260010000318e+06 4.635480100100000273e+05
2.752999879999999848e+02 4.831430290009000339e+06 4.635479600220000139e+05
2.752699890000000096e+02 4.831430309998000041e+06 4.635479400020000176e+05
2.751900019999999927e+02 4.831430350006000139e+06 4.635479099730000016e+05
2.751700129999999831e+02 4.831430269988999702e+06 4.635479600220000139e+05
2.751400150000000053e+02 4.831430290009000339e+06 4.635479299929999979e+05
2.752500000000000000e+02 4.831430260010000318e+06 4.635479899899999727e+05
2.752500000000000000e+02 4.831430269988999702e+06 4.635479600220000139e+05
2.752000120000000152e+02 4.831430299987999722e+06 4.635479400020000176e+05
2.752999879999999848e+02 4.831430279999000020e+06 4.635479699709999841e+05
2.752799989999999752e+02 4.831430299987999722e+06 4.635479400020000176e+05
2.751400150000000053e+02 4.831430350006000139e+06 4.635479199830000289e+05
2.752699890000000096e+02 4.831430260010000318e+06 4.635479899899999727e+05
2.752799989999999752e+02 4.831430269988999702e+06 4.635479699709999841e+05
2.752300109999999904e+02 4.831430299987999722e+06 4.635479400020000176e+05
2.751700129999999831e+02 4.831430320007000118e+06 4.635479199830000289e+05
2.751900019999999927e+02 4.831430230011000298e+06 4.635479799800000037e+05
2.751300049999999828e+02 4.831430269988999702e+06 4.635479500119999866e+05
2.748399959999999851e+02 4.831430089995999821e+06 4.635471599730000016e+05
2.750499879999999848e+02 4.831430149993999861e+06 4.635471599730000016e+05
2.750100100000000225e+02 4.831430149993999861e+06 4.635471699830000289e+05
2.749200129999999831e+02 4.831430160004000179e+06 4.635471699830000289e+05
2.748900150000000053e+02 4.831430149993999861e+06 4.635471900020000176e+05
2.748399959999999851e+02 4.831430149993999861e+06 4.635472000119999866e+05
2.756300049999999828e+02 4.831430290009000339e+06 4.635480700070000021e+05
2.755700069999999755e+02 4.831430279999000020e+06 4.635480800169999711e+05
2.748900150000000053e+02 4.831430160004000179e+06 4.635471900020000176e+05
2.748299870000000169e+02 4.831430140014999546e+06 4.635471900020000176e+05
2.749700010000000248e+02 4.831430859985000454e+06 4.635472800290000159e+05
2.757699890000000096e+02 4.831430459990999661e+06 4.635479699709999841e+05
2.751700129999999831e+02 4.831430290009000339e+06 4.635480100100000273e+05
2.749700010000000248e+02 4.831430320007000118e+06 4.635480000000000000e+05
2.749599910000000023e+02 4.831430260010000318e+06 4.635480000000000000e+05
2.748500060000000076e+02 4.831430239989999682e+06 4.635480000000000000e+05
2.748200069999999755e+02 4.831430230011000298e+06 4.635479899899999727e+05
2.751499939999999924e+02 4.831430269988999702e+06 4.635480100100000273e+05
2.752099910000000023e+02 4.831430250000000000e+06 4.635480399779999861e+05
2.751799930000000245e+02 4.831430230011000298e+06 4.635480300290000159e+05
2.751400150000000053e+02 4.831430220000999980e+06 4.635480200199999963e+05
2.750000000000000000e+02 4.831430220000999980e+06 4.635480399779999861e+05
2.749700010000000248e+02 4.831430200012000278e+06 4.635480300290000159e+05
2.751600040000000149e+02 4.831430200012000278e+06 4.635480599979999824e+05
2.750700069999999755e+02 4.831430209990999661e+06 4.635480800169999711e+05
2.750400089999999977e+02 4.831430200012000278e+06 4.635480700070000021e+05
2.750000000000000000e+02 4.831430190001999959e+06 4.635480700070000021e+05
2.750899959999999851e+02 4.831430329986999743e+06 4.635480200199999963e+05
2.748699950000000172e+02 4.831430309998000041e+06 4.635480000000000000e+05
2.751600040000000149e+02 4.831430309998000041e+06 4.635480399779999861e+05
2.751199950000000172e+02 4.831430290009000339e+06 4.635480200199999963e+05
2.748699950000000172e+02 4.831430290009000339e+06 4.635480100100000273e+05
2.752200010000000248e+02 4.831430290009000339e+06 4.635480499880000134e+05
2.751600040000000149e+02 4.831430290009000339e+06 4.635480399779999861e+05
2.751400150000000053e+02 4.831430269988999702e+06 4.635480300290000159e+05
2.748099980000000073e+02 4.831430250000000000e+06 4.635480000000000000e+05
2.751900019999999927e+02 4.831430269988999702e+06 4.635480599979999824e+05
2.751700129999999831e+02 4.831430250000000000e+06 4.635480499880000134e+05
2.750400089999999977e+02 4.831430250000000000e+06 4.635480399779999861e+05
2.750100100000000225e+02 4.831430230011000298e+06 4.635480300290000159e+05
2.751600040000000149e+02 4.831430250000000000e+06 4.635480700070000021e+05
2.750499879999999848e+02 4.831430239989999682e+06 4.635480599979999824e+05
2.750000000000000000e+02 4.831430230011000298e+06 4.635480599979999824e+05
2.749599910000000023e+02 4.831430220000999980e+06 4.635480499880000134e+05
2.748900150000000053e+02 4.831430230011000298e+06 4.635480499880000134e+05
2.748200069999999755e+02 4.831430200012000278e+06 4.635480300290000159e+05
2.752099910000000023e+02 4.831430230011000298e+06 4.635480999760000268e+05
2.751600040000000149e+02 4.831430230011000298e+06 4.635480900269999984e+05
2.749700010000000248e+02 4.831430230011000298e+06 4.635480900269999984e+05
2.748699950000000172e+02 4.831430220000999980e+06 4.635480800169999711e+05
2.752699890000000096e+02 4.831430290009000339e+06 4.635480700070000021e+05
2.749299930000000245e+02 4.831430269988999702e+06 4.635480200199999963e+05
2.749899899999999775e+02 4.831430279999000020e+06 4.635480200199999963e+05
2.750700069999999755e+02 4.831430279999000020e+06 4.635480100100000273e+05
2.751600040000000149e+02 4.831430290009000339e+06 4.635480000000000000e+05
2.748200069999999755e+02 4.831430269988999702e+06 4.635479899899999727e+05
2.749100040000000149e+02 4.831430279999000020e+06 4.635479799800000037e+05
2.750100100000000225e+02 4.831430290009000339e+06 4.635479699709999841e+05
2.750799870000000169e+02 4.831430290009000339e+06 4.635479600220000139e+05
2.751400150000000053e+02 4.831430299987999722e+06 4.635479600220000139e+05
2.755400089999999977e+02 4.831430450012000278e+06 4.635479899899999727e+05
2.748399959999999851e+02 4.831430279999000020e+06 4.635479199830000289e+05
2.748900150000000053e+02 4.831430299987999722e+06 4.635479199830000289e+05
2.749500120000000152e+02 4.831430309998000041e+06 4.635479199830000289e+05
2.750000000000000000e+02 4.831430320007000118e+06 4.635479199830000289e+05
2.750499879999999848e+02 4.831430339995999821e+06 4.635479299929999979e+05
2.751000060000000076e+02 4.831430350006000139e+06 4.635479199830000289e+05
2.751400150000000053e+02 4.831430369994999841e+06 4.635479299929999979e+05
2.752300109999999904e+02 4.831430459990999661e+06 4.635479699709999841e+05
2.748500060000000076e+02 4.831430339995999821e+06 4.635478900150000118e+05
2.749100040000000149e+02 4.831430350006000139e+06 4.635478900150000118e+05
2.749200129999999831e+02 4.831430380005000159e+06 4.635479099730000016e+05
2.749299930000000245e+02 4.831430399993999861e+06 4.635479199830000289e+05
2.749700010000000248e+02 4.831430420013000257e+06 4.635479199830000289e+05
2.750199890000000096e+02 4.831430429992999882e+06 4.635479199830000289e+05
2.750199890000000096e+02 4.831430279999000020e+06 4.635479699709999841e+05
2.748299870000000169e+02 4.831430250000000000e+06 4.635479299929999979e+05
2.748599849999999947e+02 4.831430269988999702e+06 4.635479400020000176e+05
2.749500120000000152e+02 4.831430290009000339e+06 4.635479199830000289e+05
2.750499879999999848e+02 4.831430359985000454e+06 4.635479299929999979e+05
2.750499879999999848e+02 4.831430410004000179e+06 4.635479699709999841e+05
2.751000060000000076e+02 4.831430429992999882e+06 4.635479600220000139e+05
2.748099980000000073e+02 4.831430290009000339e+06 4.635479000239999732e+05
2.748599849999999947e+02 4.831430309998000041e+06 4.635479000239999732e+05
2.748900150000000053e+02 4.831430329986999743e+06 4.635479000239999732e+05
2.749200129999999831e+02 4.831430350006000139e+06 4.635479000239999732e+05
2.749299930000000245e+02 4.831430380005000159e+06 4.635479199830000289e+05
2.748299870000000169e+02 4.831430339995999821e+06 4.635478800049999845e+05
2.748599849999999947e+02 4.831430369994999841e+06 4.635478800049999845e+05
2.748699950000000172e+02 4.831430390014999546e+06 4.635479000239999732e+05
2.748599849999999947e+02 4.831430420013000257e+06 4.635479199830000289e+05
2.748999939999999924e+02 4.831430440001999959e+06 4.635479199830000289e+05
2.748099980000000073e+02 4.831430399993999861e+06 4.635479000239999732e+05
2.750199890000000096e+02 4.831430339995999821e+06 4.635479299929999979e+05
2.750000000000000000e+02 4.831430320007000118e+06 4.635479199830000289e+05
2.749700010000000248e+02 4.831430290009000339e+06 4.635479099730000016e+05
2.754299930000000245e+02 4.831430410004000179e+06 4.635480000000000000e+05
2.751300049999999828e+02 4.831430279999000020e+06 4.635479600220000139e+05
2.750000000000000000e+02 4.831430250000000000e+06 4.635479600220000139e+05
2.748599849999999947e+02 4.831430239989999682e+06 4.635479699709999841e+05
2.751300049999999828e+02 4.831430230011000298e+06 4.635480000000000000e+05
2.757900089999999977e+02 4.831430440001999959e+06 4.635480700070000021e+05
2.750599980000000073e+02 4.831430309998000041e+06 4.635479799800000037e+05
2.750000000000000000e+02 4.831430299987999722e+06 4.635479600220000139e+05
2.749400019999999927e+02 4.831430269988999702e+06 4.635480100100000273e+05
2.748099980000000073e+02 4.831430269988999702e+06 4.635479799800000037e+05
2.750499879999999848e+02 4.831430429992999882e+06 4.635478900150000118e+05
2.750000000000000000e+02 4.831430440001999959e+06 4.635479099730000016e+05
2.749700010000000248e+02 4.831430459990999661e+06 4.635479400020000176e+05
2.749599910000000023e+02 4.831430420013000257e+06 4.635479400020000176e+05
2.749700010000000248e+02 4.831430399993999861e+06 4.635479199830000289e+05
2.749899899999999775e+02 4.831430369994999841e+06 4.635479099730000016e+05
2.751099849999999947e+02 4.831430429992999882e+06 4.635480200199999963e+05
2.751799930000000245e+02 4.831430440001999959e+06 4.635480100100000273e+05
2.752600100000000225e+02 4.831430429992999882e+06 4.635480000000000000e+05
2.753599849999999947e+02 4.831430450012000278e+06 4.635479899899999727e+05
2.753900150000000053e+02 4.831430420013000257e+06 4.635480700070000021e+05
2.756700129999999831e+02 4.831430450012000278e+06 4.635480499880000134e+05
2.749400019999999927e+02 4.831430450012000278e+06 4.635479899899999727e+05
2.751600040000000149e+02 4.831430440001999959e+06 4.635479899899999727e+05
2.748900150000000053e+02 4.831430429992999882e+06 4.635480200199999963e+05
2.751900019999999927e+02 4.831430450012000278e+06 4.635480499880000134e+05
2.748900150000000053e+02 4.831430390014999546e+06 4.635480399779999861e+05
2.749700010000000248e+02 4.831430390014999546e+06 4.635480399779999861e+05
2.751499939999999924e+02 4.831430420013000257e+06 4.635480700070000021e+05
2.752300109999999904e+02 4.831430420013000257e+06 4.635480700070000021e+05
2.753200069999999755e+02 4.831430420013000257e+06 4.635480800169999711e+05
2.753900150000000053e+02 4.831430420013000257e+06 4.635480800169999711e+05
2.748599849999999947e+02 4.831430350006000139e+06 4.635480599979999824e+05
2.749800109999999904e+02 4.831430359985000454e+06 4.635480700070000021e+05
2.751099849999999947e+02 4.831430380005000159e+06 4.635480900269999984e+05
2.752000120000000152e+02 4.831430380005000159e+06 4.635480900269999984e+05
2.752099910000000023e+02 4.831430450012000278e+06 4.635480700070000021e+05
2.748200069999999755e+02 4.831430410004000179e+06 4.635480300290000159e+05
2.750100100000000225e+02 4.831430399993999861e+06 4.635480700070000021e+05
2.752500000000000000e+02 4.831430369994999841e+06 4.635480999760000268e+05
2.752999879999999848e+02 4.831430359985000454e+06 4.635480999760000268e+05
2.748299870000000169e+02 4.831430359985000454e+06 4.635480300290000159e+05
2.748800049999999828e+02 4.831430450012000278e+06 4.635480000000000000e+05
2.748099980000000073e+02 4.831430450012000278e+06 4.635480000000000000e+05
2.751300049999999828e+02 4.831430440001999959e+06 4.635480399779999861e+05
2.750299989999999752e+02 4.831430420013000257e+06 4.635480399779999861e+05
2.749500120000000152e+02 4.831430410004000179e+06 4.635480499880000134e+05
2.748699950000000172e+02 4.831430390014999546e+06 4.635480499880000134e+05
2.749299930000000245e+02 4.831430459990999661e+06 4.635480100100000273e+05
2.748500060000000076e+02 4.831430450012000278e+06 4.635480100100000273e+05
2.755000000000000000e+02 4.831430459990999661e+06 4.635480900269999984e+05
2.754899899999999775e+02 4.831430450012000278e+06 4.635480900269999984e+05
2.753800049999999828e+02 4.831430450012000278e+06 4.635480800169999711e+05
2.753200069999999755e+02 4.831430429992999882e+06 4.635480900269999984e+05
2.753299870000000169e+02 4.831430450012000278e+06 4.635480700070000021e+05
2.753699950000000172e+02 4.831430450012000278e+06 4.635480499880000134e+05
2.753299870000000169e+02 4.831430459990999661e+06 4.635480700070000021e+05
2.753399959999999851e+02 4.831430450012000278e+06 4.635480599979999824e+05
2.753299870000000169e+02 4.831430440001999959e+06 4.635480800169999711e+05
2.753900150000000053e+02 4.831430459990999661e+06 4.635480800169999711e+05
2.752900089999999977e+02 4.831430420013000257e+06 4.635480900269999984e+05
2.753200069999999755e+02 4.831430429992999882e+06 4.635480800169999711e+05
2.753500060000000076e+02 4.831430450012000278e+06 4.635480700070000021e+05
2.753599849999999947e+02 4.831430459990999661e+06 4.635480700070000021e+05
2.751000060000000076e+02 4.831430459990999661e+06 4.635480399779999861e+05
2.748599849999999947e+02 4.831430429992999882e+06 4.635480300290000159e+05
2.750400089999999977e+02 4.831430410004000179e+06 4.635478900150000118e+05
2.750400089999999977e+02 4.831430459990999661e+06 4.635479099730000016e+05
2.748399959999999851e+02 4.831430459990999661e+06 4.635479799800000037e+05
2.749200129999999831e+02 4.831430440001999959e+06 4.635479899899999727e+05
2.750599980000000073e+02 4.831430459990999661e+06 4.635479799800000037e+05
2.752000120000000152e+02 4.831430450012000278e+06 4.635479699709999841e+05
2.748399959999999851e+02 4.831430390014999546e+06 4.635480200199999963e+05
2.748999939999999924e+02 4.831430390014999546e+06 4.635480200199999963e+05
2.753500060000000076e+02 4.831430459990999661e+06 4.635480000000000000e+05
2.753999939999999924e+02 4.831430450012000278e+06 4.635479899899999727e+05
2.754500120000000152e+02 4.831430450012000278e+06 4.635479899899999727e+05
2.754200129999999831e+02 4.831430459990999661e+06 4.635480399779999861e+05
2.754599910000000023e+02 4.831430459990999661e+06 4.635480300290000159e+05
2.755100100000000225e+02 4.831430459990999661e+06 4.635480300290000159e+05
2.755599980000000073e+02 4.831430459990999661e+06 4.635480200199999963e+05
2.756600040000000149e+02 4.831430459990999661e+06 4.635480100100000273e+05
2.754100040000000149e+02 4.831430429992999882e+06 4.635480700070000021e+05
2.754899899999999775e+02 4.831430450012000278e+06 4.635480800169999711e+05
2.755299989999999752e+02 4.831430440001999959e+06 4.635480700070000021e+05
2.756000060000000076e+02 4.831430450012000278e+06 4.635480599979999824e+05
2.755400089999999977e+02 4.831430429992999882e+06 4.635480999760000268e+05
2.755799870000000169e+02 4.831430420013000257e+06 4.635480900269999984e+05
2.756499939999999924e+02 4.831430440001999959e+06 4.635480999760000268e+05
2.748599849999999947e+02 4.831430429992999882e+06 4.635479000239999732e+05
2.749100040000000149e+02 4.831430420013000257e+06 4.635479000239999732e+05
2.750000000000000000e+02 4.831430450012000278e+06 4.635479199830000289e+05
2.750199890000000096e+02 4.831430420013000257e+06 4.635479000239999732e+05
2.750799870000000169e+02 4.831430420013000257e+06 4.635479000239999732e+05
2.749200129999999831e+02 4.831430450012000278e+06 4.635479899899999727e+05
2.749800109999999904e+02 4.831430450012000278e+06 4.635479899899999727e+05
2.750400089999999977e+02 4.831430450012000278e+06 4.635479899899999727e+05
2.751000060000000076e+02 4.831430450012000278e+06 4.635480000000000000e+05
2.751600040000000149e+02 4.831430450012000278e+06 4.635480000000000000e+05
2.752200010000000248e+02 4.831430450012000278e+06 4.635480000000000000e+05
2.753099980000000073e+02 4.831430440001999959e+06 4.635480000000000000e+05
2.754500120000000152e+02 4.831430459990999661e+06 4.635480200199999963e+05
2.755199890000000096e+02 4.831430459990999661e+06 4.635480200199999963e+05
2.755799870000000169e+02 4.831430459990999661e+06 4.635480200199999963e+05
2.748500060000000076e+02 4.831430390014999546e+06 4.635480200199999963e+05
2.749500120000000152e+02 4.831430420013000257e+06 4.635480399779999861e+05
2.750799870000000169e+02 4.831430429992999882e+06 4.635480499880000134e+05
2.751400150000000053e+02 4.831430429992999882e+06 4.635480499880000134e+05
2.752099910000000023e+02 4.831430429992999882e+06 4.635480599979999824e+05
2.752699890000000096e+02 4.831430429992999882e+06 4.635480599979999824e+05
2.753900150000000053e+02 4.831430440001999959e+06 4.635480700070000021e+05
2.754500120000000152e+02 4.831430450012000278e+06 4.635480800169999711e+05
2.755199890000000096e+02 4.831430450012000278e+06 4.635480800169999711e+05
2.755599980000000073e+02 4.831430440001999959e+06 4.635480800169999711e+05
2.756400150000000053e+02 4.831430459990999661e+06 4.635480900269999984e+05
2.748200069999999755e+02 4.831430339995999821e+06 4.635480399779999861e+05
2.748999939999999924e+02 4.831430350006000139e+06 4.635480499880000134e+05
2.752799989999999752e+02 4.831430380005000159e+06 4.635480900269999984e+05
2.753399959999999851e+02 4.831430390014999546e+06 4.635480999760000268e+05
2.752799989999999752e+02 4.831430459990999661e+06 4.635479899899999727e+05
2.748299870000000169e+02 4.831430450012000278e+06 4.635479500119999866e+05
2.748999939999999924e+02 4.831430450012000278e+06 4.635479699709999841e+05
2.749800109999999904e+02 4.831430459990999661e+06 4.635479899899999727e+05
2.750299989999999752e+02 4.831430450012000278e+06 4.635479899899999727e+05
2.751099849999999947e+02 4.831430450012000278e+06 4.635480100100000273e+05
2.751799930000000245e+02 4.831430459990999661e+06 4.635480300290000159e+05
2.752900089999999977e+02 4.831430459990999661e+06 4.635480499880000134e+05
2.753399959999999851e+02 4.831430450012000278e+06 4.635480499880000134e+05
2.754299930000000245e+02 4.831430459990999661e+06 4.635480800169999711e+05
2.754899899999999775e+02 4.831430459990999661e+06 4.635480900269999984e+05
2.755400089999999977e+02 4.831430450012000278e+06 4.635480900269999984e+05
2.748299870000000169e+02 4.831430440001999959e+06 4.635480100100000273e+05
2.748900150000000053e+02 4.831430440001999959e+06 4.635480200199999963e+05
2.749599910000000023e+02 4.831430440001999959e+06 4.635480300290000159e+05
2.750199890000000096e+02 4.831430440001999959e+06 4.635480399779999861e+05
2.750700069999999755e+02 4.831430429992999882e+06 4.635480499880000134e+05
2.751300049999999828e+02 4.831430420013000257e+06 4.635480499880000134e+05
2.752000120000000152e+02 4.831430429992999882e+06 4.635480700070000021e+05
2.752500000000000000e+02 4.831430429992999882e+06 4.635480800169999711e+05
2.753800049999999828e+02 4.831430420013000257e+06 4.635480999760000268e+05
2.748200069999999755e+02 4.831430390014999546e+06 4.635480399779999861e+05
2.748800049999999828e+02 4.831430390014999546e+06 4.635480499880000134e+05
2.749299930000000245e+02 4.831430380005000159e+06 4.635480599979999824e+05
2.749899899999999775e+02 4.831430369994999841e+06 4.635480599979999824e+05
2.750499879999999848e+02 4.831430359985000454e+06 4.635480700070000021e+05
2.753099980000000073e+02 4.831430329986999743e+06 4.635480999760000268e+05
2.748200069999999755e+02 4.831430339995999821e+06 4.635480599979999824e+05
2.748500060000000076e+02 4.831430320007000118e+06 4.635480499880000134e+05
2.748999939999999924e+02 4.831430309998000041e+06 4.635480499880000134e+05
2.751600040000000149e+02 4.831430279999000020e+06 4.635480100100000273e+05
2.748900150000000053e+02 4.831430279999000020e+06 4.635479699709999841e+05
2.750599980000000073e+02 4.831430290009000339e+06 4.635479500119999866e+05
2.748699950000000172e+02 4.831430309998000041e+06 4.635478900150000118e+05
2.749299930000000245e+02 4.831430329986999743e+06 4.635478800049999845e+05
2.749599910000000023e+02 4.831430359985000454e+06 4.635478699950000155e+05
2.749299930000000245e+02 4.831430390014999546e+06 4.635478800049999845e+05
2.748299870000000169e+02 4.831430429992999882e+06 4.635478900150000118e+05
2.748500060000000076e+02 4.831430290009000339e+06 4.635478800049999845e+05
2.748800049999999828e+02 4.831430320007000118e+06 4.635478699950000155e+05
2.748999939999999924e+02 4.831430320007000118e+06 4.635478400269999984e+05
2.748599849999999947e+02 4.831430290009000339e+06 4.635478699950000155e+05
2.748299870000000169e+02 4.831430299987999722e+06 4.635478499760000268e+05
2.748399959999999851e+02 4.831430279999000020e+06 4.635478599849999882e+05
2.748299870000000169e+02 4.831430269988999702e+06 4.635478599849999882e+05
2.748599849999999947e+02 4.831430239989999682e+06 4.635478699950000155e+05
2.748299870000000169e+02 4.831430250000000000e+06 4.635478499760000268e+05
2.748699950000000172e+02 4.831430230011000298e+06 4.635478400269999984e+05
2.748200069999999755e+02 4.831430239989999682e+06 4.635478300169999711e+05
2.751799930000000245e+02 4.831430450012000278e+06 4.635479799800000037e+05
2.755100100000000225e+02 4.831430459990999661e+06 4.635480200199999963e+05
2.756000060000000076e+02 4.831430459990999661e+06 4.635480399779999861e+05
2.748699950000000172e+02 4.831430299987999722e+06 4.635478599849999882e+05
2.748999939999999924e+02 4.831430299987999722e+06 4.635478800049999845e+05
2.749599910000000023e+02 4.831430309998000041e+06 4.635478900150000118e+05
2.750199890000000096e+02 4.831430320007000118e+06 4.635478900150000118e+05
2.750700069999999755e+02 4.831430329986999743e+06 4.635479099730000016e+05
2.757699890000000096e+02 4.831430459990999661e+06 4.635480100100000273e+05
2.757999879999999848e+02 4.831430450012000278e+06 4.635480300290000159e+05
2.748200069999999755e+02 4.831430290009000339e+06 4.635478900150000118e+05
2.748999939999999924e+02 4.831430309998000041e+06 4.635478900150000118e+05
2.749599910000000023e+02 4.831430320007000118e+06 4.635478900150000118e+05
2.750199890000000096e+02 4.831430329986999743e+06 4.635479000239999732e+05
2.750899959999999851e+02 4.831430339995999821e+06 4.635479199830000289e+05
2.756600040000000149e+02 4.831430450012000278e+06 4.635480000000000000e+05
2.757300109999999904e+02 4.831430459990999661e+06 4.635480100100000273e+05
2.757699890000000096e+02 4.831430459990999661e+06 4.635480300290000159e+05
2.748699950000000172e+02 4.831430299987999722e+06 4.635478900150000118e+05
2.749400019999999927e+02 4.831430320007000118e+06 4.635478900150000118e+05
2.749899899999999775e+02 4.831430329986999743e+06 4.635479000239999732e+05
2.750400089999999977e+02 4.831430329986999743e+06 4.635479199830000289e+05
2.751099849999999947e+02 4.831430350006000139e+06 4.635479199830000289e+05
2.756700129999999831e+02 4.831430440001999959e+06 4.635480200199999963e+05
2.757500000000000000e+02 4.831430459990999661e+06 4.635480200199999963e+05
2.757900089999999977e+02 4.831430459990999661e+06 4.635480399779999861e+05
2.748699950000000172e+02 4.831430359985000454e+06 4.635478800049999845e+05
2.749400019999999927e+02 4.831430369994999841e+06 4.635478900150000118e+05
2.749899899999999775e+02 4.831430380005000159e+06 4.635479000239999732e+05
2.750400089999999977e+02 4.831430380005000159e+06 4.635479099730000016e+05
2.750899959999999851e+02 4.831430390014999546e+06 4.635479199830000289e+05
2.751499939999999924e+02 4.831430399993999861e+06 4.635479299929999979e+05
2.754400019999999927e+02 4.831430450012000278e+06 4.635479799800000037e+05
2.754899899999999775e+02 4.831430450012000278e+06 4.635479899899999727e+05
2.755400089999999977e+02 4.831430459990999661e+06 4.635480100100000273e+05
2.755799870000000169e+02 4.831430459990999661e+06 4.635480200199999963e+05
2.748299870000000169e+02 4.831430429992999882e+06 4.635479000239999732e+05
2.748699950000000172e+02 4.831430429992999882e+06 4.635479199830000289e+05
2.749200129999999831e+02 4.831430440001999959e+06 4.635479299929999979e+05
2.749700010000000248e+02 4.831430440001999959e+06 4.635479400020000176e+05
2.750100100000000225e+02 4.831430450012000278e+06 4.635479600220000139e+05
2.750599980000000073e+02 4.831430450012000278e+06 4.635479699709999841e+05
2.751099849999999947e+02 4.831430450012000278e+06 4.635479899899999727e+05
2.751600040000000149e+02 4.831430459990999661e+06 4.635480000000000000e+05
2.752099910000000023e+02 4.831430459990999661e+06 4.635480100100000273e+05
2.752500000000000000e+02 4.831430459990999661e+06 4.635480300290000159e+05
2.752900089999999977e+02 4.831430450012000278e+06 4.635480499880000134e+05
2.753299870000000169e+02 4.831430459990999661e+06 4.635480599979999824e+05
2.748299870000000169e+02 4.831430450012000278e+06 4.635479600220000139e+05
2.748699950000000172e+02 4.831430450012000278e+06 4.635479799800000037e+05
2.749100040000000149e+02 4.831430450012000278e+06 4.635479899899999727e+05
2.749500120000000152e+02 4.831430450012000278e+06 4.635480100100000273e+05
2.749899899999999775e+02 4.831430450012000278e+06 4.635480200199999963e+05
2.750299989999999752e+02 4.831430450012000278e+06 4.635480399779999861e+05
2.757799989999999752e+02 4.831430450012000278e+06 4.635480200199999963e+05
2.756799930000000245e+02 4.831430429992999882e+06 4.635480300290000159e+05
2.756300049999999828e+02 4.831430429992999882e+06 4.635480100100000273e+05
2.755499879999999848e+02 4.831430420013000257e+06 4.635480100100000273e+05
2.751600040000000149e+02 4.831430399993999861e+06 4.635479600220000139e+05
2.751099849999999947e+02 4.831430399993999861e+06 4.635479500119999866e+05
2.751900019999999927e+02 4.831430380005000159e+06 4.635479600220000139e+05
2.750499879999999848e+02 4.831430250000000000e+06 4.635479600220000139e+05
2.750599980000000073e+02 4.831430279999000020e+06 4.635479000239999732e+05
2.750799870000000169e+02 4.831430230011000298e+06 4.635479500119999866e+05
2.750799870000000169e+02 4.831430250000000000e+06 4.635479199830000289e+05
2.748900150000000053e+02 4.831430279999000020e+06 4.635478800049999845e+05
2.748200069999999755e+02 4.831430260010000318e+06 4.635478499760000268e+05
2.751000060000000076e+02 4.831430320007000118e+06 4.635479600220000139e+05
2.750599980000000073e+02 4.831430299987999722e+06 4.635480000000000000e+05
2.751099849999999947e+02 4.831430290009000339e+06 4.635480100100000273e+05
2.750899959999999851e+02 4.831430459990999661e+06 4.635479699709999841e+05
2.754200129999999831e+02 4.831430459990999661e+06 4.635479899899999727e+05
2.755199890000000096e+02 4.831430450012000278e+06 4.635479899899999727e+05
2.750499879999999848e+02 4.831430359985000454e+06 4.635479400020000176e+05
2.751099849999999947e+02 4.831430359985000454e+06 4.635479600220000139e+05
2.754800109999999904e+02 4.831430450012000278e+06 4.635480000000000000e+05
2.751000060000000076e+02 4.831430359985000454e+06 4.635479199830000289e+05
2.750000000000000000e+02 4.831430359985000454e+06 4.635479000239999732e+05
2.751300049999999828e+02 4.831430390014999546e+06 4.635479299929999979e+05
2.748699950000000172e+02 4.831430369994999841e+06 4.635478800049999845e+05
2.749700010000000248e+02 4.831430380005000159e+06 4.635479099730000016e+05
2.751400150000000053e+02 4.831430420013000257e+06 4.635479400020000176e+05
2.748900150000000053e+02 4.831430399993999861e+06 4.635479099730000016e+05
2.750299989999999752e+02 4.831430429992999882e+06 4.635479299929999979e+05
2.750299989999999752e+02 4.831430279999000020e+06 4.635479400020000176e+05
2.750299989999999752e+02 4.831430299987999722e+06 4.635479199830000289e+05
2.748299870000000169e+02 4.831430250000000000e+06 4.635479600220000139e+05
2.748800049999999828e+02 4.831430290009000339e+06 4.635478900150000118e+05
2.749899899999999775e+02 4.831430250000000000e+06 4.635480300290000159e+05
2.750199890000000096e+02 4.831430260010000318e+06 4.635480100100000273e+05
2.750899959999999851e+02 4.831430260010000318e+06 4.635479799800000037e+05
2.750799870000000169e+02 4.831430279999000020e+06 4.635479500119999866e+05
2.750199890000000096e+02 4.831430309998000041e+06 4.635479199830000289e+05
2.749700010000000248e+02 4.831430339995999821e+06 4.635479000239999732e+05
2.748699950000000172e+02 4.831430250000000000e+06 4.635480200199999963e+05
2.749599910000000023e+02 4.831430239989999682e+06 4.635479899899999727e+05
2.750000000000000000e+02 4.831430239989999682e+06 4.635479600220000139e+05
2.749800109999999904e+02 4.831430260010000318e+06 4.635479400020000176e+05
2.749599910000000023e+02 4.831430279999000020e+06 4.635479199830000289e+05
2.749200129999999831e+02 4.831430309998000041e+06 4.635478900150000118e+05
2.748099980000000073e+02 4.831430260010000318e+06 4.635479799800000037e+05
2.748599849999999947e+02 4.831430260010000318e+06 4.635479600220000139e+05
2.748900150000000053e+02 4.831430260010000318e+06 4.635479299929999979e+05
2.748900150000000053e+02 4.831430279999000020e+06 4.635479099730000016e+05
2.748399959999999851e+02 4.831430260010000318e+06 4.635479799800000037e+05
2.748900150000000053e+02 4.831430260010000318e+06 4.635479500119999866e+05
2.749100040000000149e+02 4.831430269988999702e+06 4.635479199830000289e+05
2.749200129999999831e+02 4.831430279999000020e+06 4.635479000239999732e+05
2.750000000000000000e+02 4.831430239989999682e+06 4.635479699709999841e+05
2.749899899999999775e+02 4.831430260010000318e+06 4.635479400020000176e+05
2.749700010000000248e+02 4.831430279999000020e+06 4.635479199830000289e+05
2.749899899999999775e+02 4.831430239989999682e+06 4.635480499880000134e+05
2.750000000000000000e+02 4.831430250000000000e+06 4.635480200199999963e+05
2.750799870000000169e+02 4.831430239989999682e+06 4.635479899899999727e+05
2.750700069999999755e+02 4.831430260010000318e+06 4.635479600220000139e+05
2.750899959999999851e+02 4.831430279999000020e+06 4.635479299929999979e+05
2.750299989999999752e+02 4.831430299987999722e+06 4.635479199830000289e+05
2.749200129999999831e+02 4.831430350006000139e+06 4.635479000239999732e+05
2.750100100000000225e+02 4.831430269988999702e+06 4.635480499880000134e+05
2.751000060000000076e+02 4.831430260010000318e+06 4.635480200199999963e+05
2.751199950000000172e+02 4.831430269988999702e+06 4.635479899899999727e+05
2.750700069999999755e+02 4.831430329986999743e+06 4.635479099730000016e+05
2.749700010000000248e+02 4.831430369994999841e+06 4.635478900150000118e+05
2.751300049999999828e+02 4.831430260010000318e+06 4.635480399779999861e+05
2.751000060000000076e+02 4.831430339995999821e+06 4.635479199830000289e+05
2.752000120000000152e+02 4.831430260010000318e+06 4.635480399779999861e+05
2.751600040000000149e+02 4.831430260010000318e+06 4.635480399779999861e+05
2.750100100000000225e+02 4.831430329986999743e+06 4.635479000239999732e+05
2.748699950000000172e+02 4.831430250000000000e+06 4.635480000000000000e+05
2.749400019999999927e+02 4.831430239989999682e+06 4.635479799800000037e+05
2.749800109999999904e+02 4.831430250000000000e+06 4.635479500119999866e+05
2.749400019999999927e+02 4.831430290009000339e+06 4.635479799800000037e+05
2.749299930000000245e+02 4.831430269988999702e+06 4.635480000000000000e+05
2.748099980000000073e+02 4.831430290009000339e+06 4.635480000000000000e+05
2.749800109999999904e+02 4.831430320007000118e+06 4.635480599979999824e+05
2.749400019999999927e+02 4.831430309998000041e+06 4.635480700070000021e+05
2.748399959999999851e+02 4.831430320007000118e+06 4.635480700070000021e+05
2.749800109999999904e+02 4.831430369994999841e+06 4.635480900269999984e+05
2.748599849999999947e+02 4.831430320007000118e+06 4.635480599979999824e+05
2.748599849999999947e+02 4.831430380005000159e+06 4.635480800169999711e+05
2.748800049999999828e+02 4.831430410004000179e+06 4.635480800169999711e+05
2.750199890000000096e+02 4.831430320007000118e+06 4.635480800169999711e+05
2.748500060000000076e+02 4.831430299987999722e+06 4.635480300290000159e+05
2.750700069999999755e+02 4.831430450012000278e+06 4.635480599979999824e+05
2.750499879999999848e+02 4.831430440001999959e+06 4.635480800169999711e+05
2.750000000000000000e+02 4.831430420013000257e+06 4.635480900269999984e+05
2.749299930000000245e+02 4.831430399993999861e+06 4.635480900269999984e+05
2.748500060000000076e+02 4.831430380005000159e+06 4.635480800169999711e+05
2.755000000000000000e+02 4.831430470000999980e+06 4.635480100100000273e+05
2.755899959999999851e+02 4.831430470000999980e+06 4.635479799800000037e+05
2.755599980000000073e+02 4.831430480011000298e+06 4.635480000000000000e+05
2.755400089999999977e+02 4.831430500000000000e+06 4.635480200199999963e+05
2.753299870000000169e+02 4.831430470000999980e+06 4.635479600220000139e+05
2.752900089999999977e+02 4.831430480011000298e+06 4.635479799800000037e+05
2.748999939999999924e+02 4.831430459990999661e+06 4.635479600220000139e+05
2.757399899999999775e+02 4.831430489989999682e+06 4.635480499880000134e+05
2.756700129999999831e+02 4.831430480011000298e+06 4.635480399779999861e+05
2.756000060000000076e+02 4.831430480011000298e+06 4.635480399779999861e+05
2.754400019999999927e+02 4.831430489989999682e+06 4.635480399779999861e+05
2.755700069999999755e+02 4.831430489989999682e+06 4.635480700070000021e+05
2.754299930000000245e+02 4.831430489989999682e+06 4.635480300290000159e+05
2.752799989999999752e+02 4.831430470000999980e+06 4.635480399779999861e+05
2.750000000000000000e+02 4.831430459990999661e+06 4.635480000000000000e+05
2.749299930000000245e+02 4.831430470000999980e+06 4.635479400020000176e+05
2.748699950000000172e+02 4.831430470000999980e+06 4.635479500119999866e+05
2.748099980000000073e+02 4.831430459990999661e+06 4.635479500119999866e+05
2.757099910000000023e+02 4.831430500000000000e+06 4.635480999760000268e+05
2.756700129999999831e+02 4.831430489989999682e+06 4.635480900269999984e+05
2.756300049999999828e+02 4.831430500000000000e+06 4.635480999760000268e+05
2.756600040000000149e+02 4.831430500000000000e+06 4.635480700070000021e+05
2.756099849999999947e+02 4.831430500000000000e+06 4.635480800169999711e+05
2.756600040000000149e+02 4.831430489989999682e+06 4.635480599979999824e+05
2.756099849999999947e+02 4.831430489989999682e+06 4.635480800169999711e+05
2.756199950000000172e+02 4.831430470000999980e+06 4.635480399779999861e+05
2.756199950000000172e+02 4.831430510010000318e+06 4.635480599979999824e+05
2.753500060000000076e+02 4.831430459990999661e+06 4.635480700070000021e+05
2.753900150000000053e+02 4.831430470000999980e+06 4.635480499880000134e+05
2.755700069999999755e+02 4.831430500000000000e+06 4.635480300290000159e+05
2.755499879999999848e+02 4.831430529999000020e+06 4.635480499880000134e+05
2.755499879999999848e+02 4.831430500000000000e+06 4.635480499880000134e+05
2.755400089999999977e+02 4.831430540009000339e+06 4.635480700070000021e+05
2.754100040000000149e+02 4.831430480011000298e+06 4.635480599979999824e+05
2.755799870000000169e+02 4.831430559998000041e+06 4.635480499880000134e+05
2.754100040000000149e+02 4.831430470000999980e+06 4.635480599979999824e+05
2.754700010000000248e+02 4.831430489989999682e+06 4.635480000000000000e+05
2.754400019999999927e+02 4.831430500000000000e+06 4.635480100100000273e+05
2.754299930000000245e+02 4.831430529999000020e+06 4.635480300290000159e+05
2.751700129999999831e+02 4.831430480011000298e+06 4.635479600220000139e+05
2.751499939999999924e+02 4.831430500000000000e+06 4.635479699709999841e+05
2.750199890000000096e+02 4.831430480011000298e+06 4.635479299929999979e+05
2.749599910000000023e+02 4.831430480011000298e+06 4.635479400020000176e+05
2.749200129999999831e+02 4.831430480011000298e+06 4.635479600220000139e+05
2.755299989999999752e+02 4.831430470000999980e+06 4.635479899899999727e+05
2.756199950000000172e+02 4.831430470000999980e+06 4.635480200199999963e+05
2.757799989999999752e+02 4.831430459990999661e+06 4.635480000000000000e+05
2.756799930000000245e+02 4.831430470000999980e+06 4.635480599979999824e+05
2.757500000000000000e+02 4.831430480011000298e+06 4.635480599979999824e+05
2.757999879999999848e+02 4.831430480011000298e+06 4.635480599979999824e+05
2.753999939999999924e+02 4.831430459990999661e+06 4.635480200199999963e+05
2.756700129999999831e+02 4.831430480011000298e+06 4.635480399779999861e+05
2.757200010000000248e+02 4.831430470000999980e+06 4.635480399779999861e+05
2.757900089999999977e+02 4.831430480011000298e+06 4.635480399779999861e+05
2.750299989999999752e+02 4.831430470000999980e+06 4.635479500119999866e+05
2.751000060000000076e+02 4.831430470000999980e+06 4.635479600220000139e+05
2.751600040000000149e+02 4.831430470000999980e+06 4.635479799800000037e+05
2.752200010000000248e+02 4.831430470000999980e+06 4.635479799800000037e+05
2.753599849999999947e+02 4.831430470000999980e+06 4.635480100100000273e+05
2.754599910000000023e+02 4.831430489989999682e+06 4.635480499880000134e+05
2.755100100000000225e+02 4.831430480011000298e+06 4.635480499880000134e+05
2.755899959999999851e+02 4.831430480011000298e+06 4.635480700070000021e+05
2.756499939999999924e+02 4.831430480011000298e+06 4.635480800169999711e+05
2.757999879999999848e+02 4.831430480011000298e+06 4.635480000000000000e+05
2.757999879999999848e+02 4.831430489989999682e+06 4.635480000000000000e+05
2.757900089999999977e+02 4.831430480011000298e+06 4.635480000000000000e+05
2.754100040000000149e+02 4.831430470000999980e+06 4.635480000000000000e+05
2.756099849999999947e+02 4.831430480011000298e+06 4.635480100100000273e+05
2.756799930000000245e+02 4.831430480011000298e+06 4.635480300290000159e+05
2.757200010000000248e+02 4.831430470000999980e+06 4.635480499880000134e+05
2.757799989999999752e+02 4.831430480011000298e+06 4.635480499880000134e+05
2.756300049999999828e+02 4.831430470000999980e+06 4.635480300290000159e+05
2.756799930000000245e+02 4.831430470000999980e+06 4.635480399779999861e+05
2.753900150000000053e+02 4.831430470000999980e+06 4.635480700070000021e+05
2.755100100000000225e+02 4.831430519988999702e+06 4.635480499880000134e+05
2.757999879999999848e+02 4.831430489989999682e+06 4.635480800169999711e+05
2.752099910000000023e+02 4.831430489989999682e+06 4.635479799800000037e+05
2.752699890000000096e+02 4.831430470000999980e+06 4.635480000000000000e+05
2.755000000000000000e+02 4.831430489989999682e+06 4.635480300290000159e+05
2.755499879999999848e+02 4.831430480011000298e+06 4.635480499880000134e+05
2.757900089999999977e+02 4.831430470000999980e+06 4.635480200199999963e+05
2.755000000000000000e+02 4.831430470000999980e+06 4.635479699709999841e+05
2.754299930000000245e+02 4.831430489989999682e+06 4.635480300290000159e+05
2.748699950000000172e+02 4.831430470000999980e+06 4.635479600220000139e+05
2.750199890000000096e+02 4.831430489989999682e+06 4.635480200199999963e+05
