2.770199890000000096e+02 4.831430429992999882e+06 4.635479199830000289e+05
2.767300109999999904e+02 4.831430429992999882e+06 4.635479600220000139e+05
2.764700010000000248e+02 4.831430429992999882e+06 4.635479699709999841e+05
2.764700010000000248e+02 4.831430429992999882e+06 4.635479500119999866e+05
2.763999939999999924e+02 4.831430429992999882e+06 4.635479799800000037e+05
2.764700010000000248e+02 4.831430429992999882e+06 4.635479799800000037e+05
2.765799870000000169e+02 4.831430429992999882e+06 4.635479600220000139e+05
2.764500120000000152e+02 4.831430429992999882e+06 4.635479699709999841e+05
2.771000060000000076e+02 4.831430429992999882e+06 4.635479099730000016e+05
2.768800049999999828e+02 4.831430429992999882e+06 4.635479299929999979e+05
2.769100040000000149e+02 4.831430429992999882e+06 4.635479500119999866e+05
2.768599849999999947e+02 4.831430429992999882e+06 4.635479199830000289e+05
2.767000120000000152e+02 4.831430429992999882e+06 4.635479699709999841e+05
2.765599980000000073e+02 4.831430429992999882e+06 4.635479299929999979e+05
2.765000000000000000e+02 4.831430429992999882e+06 4.635479400020000176e+05
2.764700010000000248e+02 4.831430429992999882e+06 4.635479299929999979e+05
2.763999939999999924e+02 4.831430450012000278e+06 4.635479500119999866e+05
2.765000000000000000e+02 4.831430429992999882e+06 4.635479699709999841e+05
2.763299870000000169e+02 4.831430429992999882e+06 4.635480000000000000e+05
2.769500120000000152e+02 4.831430429992999882e+06 4.635480800169999711e+05
2.770899959999999851e+02 4.831430450012000278e+06 4.635480900269999984e+05
2.769899899999999775e+02 4.831430450012000278e+06 4.635480900269999984e+05
2.771099849999999947e+02 4.831430440001999959e+06 4.635479799800000037e+05
2.772799989999999752e+02 4.831430440001999959e+06 4.635479299929999979e+05
2.772300109999999904e+02 4.831430450012000278e+06 4.635479500119999866e+05
2.769800109999999904e+02 4.831430440001999959e+06 4.635479500119999866e+05
2.764500120000000152e+02 4.831430429992999882e+06 4.635479899899999727e+05
2.771400150000000053e+02 4.831430440001999959e+06 4.635480200199999963e+05
2.771799930000000245e+02 4.831430429992999882e+06 4.635480399779999861e+05
2.770700069999999755e+02 4.831430429992999882e+06 4.635480399779999861e+05
2.768299870000000169e+02 4.831430429992999882e+06 4.635480300290000159e+05
2.767799989999999752e+02 4.831430429992999882e+06 4.635480300290000159e+05
2.772500000000000000e+02 4.831430450012000278e+06 4.635479699709999841e+05
2.771700129999999831e+02 4.831430440001999959e+06 4.635479600220000139e+05
2.771099849999999947e+02 4.831430450012000278e+06 4.635479600220000139e+05
2.772600100000000225e+02 4.831430429992999882e+06 4.635480399779999861e+05
2.772699890000000096e+02 4.831430440001999959e+06 4.635479899899999727e+05
2.772099910000000023e+02 4.831430440001999959e+06 4.635479899899999727e+05
2.771600040000000149e+02 4.831430440001999959e+06 4.635480000000000000e+05
2.771099849999999947e+02 4.831430440001999959e+06 4.635480100100000273e+05
2.772699890000000096e+02 4.831430450012000278e+06 4.635479699709999841e+05
2.772200010000000248e+02 4.831430450012000278e+06 4.635479799800000037e+05
2.771799930000000245e+02 4.831430450012000278e+06 4.635479799800000037e+05
2.771099849999999947e+02 4.831430440001999959e+06 4.635479899899999727e+05
2.770899959999999851e+02 4.831430459990999661e+06 4.635480000000000000e+05
2.771799930000000245e+02 4.831430429992999882e+06 4.635479500119999866e+05
2.771900019999999927e+02 4.831430440001999959e+06 4.635479400020000176e+05
2.769899899999999775e+02 4.831430459990999661e+06 4.635479699709999841e+05
2.772699890000000096e+02 4.831430450012000278e+06 4.635479500119999866e+05
2.772099910000000023e+02 4.831430440001999959e+06 4.635479600220000139e+05
2.771600040000000149e+02 4.831430450012000278e+06 4.635479600220000139e+05
2.770700069999999755e+02 4.831430440001999959e+06 4.635479500119999866e+05
2.769500120000000152e+02 4.831430429992999882e+06 4.635479600220000139e+05
2.764899899999999775e+02 4.831430429992999882e+06 4.635480100100000273e+05
2.770700069999999755e+02 4.831430450012000278e+06 4.635479199830000289e+05
2.765700069999999755e+02 4.831430440001999959e+06 4.635479799800000037e+05
2.764599910000000023e+02 4.831430450012000278e+06 4.635480000000000000e+05
2.772600100000000225e+02 4.831430450012000278e+06 4.635480000000000000e+05
2.771199950000000172e+02 4.831430429992999882e+06 4.635480300290000159e+05
2.772799989999999752e+02 4.831430429992999882e+06 4.635479000239999732e+05
2.772399899999999775e+02 4.831430440001999959e+06 4.635479199830000289e+05
2.771700129999999831e+02 4.831430459990999661e+06 4.635479500119999866e+05
2.771300049999999828e+02 4.831430459990999661e+06 4.635479600220000139e+05
2.770700069999999755e+02 4.831430459990999661e+06 4.635479699709999841e+05
2.770100100000000225e+02 4.831430450012000278e+06 4.635479899899999727e+05
2.769500120000000152e+02 4.831430440001999959e+06 4.635480000000000000e+05
2.767699890000000096e+02 4.831430440001999959e+06 4.635479899899999727e+05
2.771799930000000245e+02 4.831430440001999959e+06 4.635479299929999979e+05
2.772300109999999904e+02 4.831430440001999959e+06 4.635479299929999979e+05
2.772799989999999752e+02 4.831430429992999882e+06 4.635479199830000289e+05
2.767399899999999775e+02 4.831430429992999882e+06 4.635479799800000037e+05
2.771900019999999927e+02 4.831430429992999882e+06 4.635479899899999727e+05
2.772600100000000225e+02 4.831430429992999882e+06 4.635479899899999727e+05
2.772999879999999848e+02 4.831430440001999959e+06 4.635480100100000273e+05
2.768200069999999755e+02 4.831430450012000278e+06 4.635479899899999727e+05
2.769800109999999904e+02 4.831430429992999882e+06 4.635480100100000273e+05
2.764800109999999904e+02 4.831430440001999959e+06 4.635479899899999727e+05
2.763800049999999828e+02 4.831430459990999661e+06 4.635480499880000134e+05
2.771900019999999927e+02 4.831430429992999882e+06 4.635479600220000139e+05
2.772500000000000000e+02 4.831430440001999959e+06 4.635479699709999841e+05
2.772799989999999752e+02 4.831430429992999882e+06 4.635479899899999727e+05
2.771000060000000076e+02 4.831430440001999959e+06 4.635479500119999866e+05
2.772799989999999752e+02 4.831430450012000278e+06 4.635479600220000139e+05
2.770899959999999851e+02 4.831430540009000339e+06 4.635480800169999711e+05
2.770599980000000073e+02 4.831430519988999702e+06 4.635480800169999711e+05
2.770100100000000225e+02 4.831430470000999980e+06 4.635480999760000268e+05
2.770899959999999851e+02 4.831430570007000118e+06 4.635480900269999984e+05
2.770199890000000096e+02 4.831430519988999702e+06 4.635480900269999984e+05
2.770199890000000096e+02 4.831430470000999980e+06 4.635480999760000268e+05
2.772099910000000023e+02 4.831430489989999682e+06 4.635479500119999866e+05
2.771099849999999947e+02 4.831430510010000318e+06 4.635479699709999841e+05
2.771499939999999924e+02 4.831430500000000000e+06 4.635479600220000139e+05
2.770000000000000000e+02 4.831430549987999722e+06 4.635479699709999841e+05
2.769899899999999775e+02 4.831430500000000000e+06 4.635479799800000037e+05
2.769299930000000245e+02 4.831430480011000298e+06 4.635480000000000000e+05
2.769500120000000152e+02 4.831430519988999702e+06 4.635479799800000037e+05
2.769800109999999904e+02 4.831430510010000318e+06 4.635479699709999841e+05
2.769400019999999927e+02 4.831430500000000000e+06 4.635479799800000037e+05
2.769200129999999831e+02 4.831430500000000000e+06 4.635480000000000000e+05
2.771900019999999927e+02 4.831430470000999980e+06 4.635479699709999841e+05
2.771700129999999831e+02 4.831430459990999661e+06 4.635479600220000139e+05
2.769100040000000149e+02 4.831430470000999980e+06 4.635479799800000037e+05
2.769400019999999927e+02 4.831430500000000000e+06 4.635480000000000000e+05
2.768099980000000073e+02 4.831430480011000298e+06 4.635479600220000139e+05
2.770100100000000225e+02 4.831430510010000318e+06 4.635479799800000037e+05
2.766700129999999831e+02 4.831430529999000020e+06 4.635481799929999979e+05
2.766900019999999927e+02 4.831430459990999661e+06 4.635483800049999845e+05
2.764200129999999831e+02 4.831430440001999959e+06 4.635482800290000159e+05
2.763099980000000073e+02 4.831430450012000278e+06 4.635483900150000118e+05
2.764299930000000245e+02 4.831430450012000278e+06 4.635482100220000139e+05
2.772900089999999977e+02 4.831430619994999841e+06 4.635484299929999979e+05
2.770000000000000000e+02 4.831430600006000139e+06 4.635484299929999979e+05
2.772600100000000225e+02 4.831430640014999546e+06 4.635484199830000289e+05
2.772699890000000096e+02 4.831430679992999882e+06 4.635484400020000176e+05
2.769200129999999831e+02 4.831430579986999743e+06 4.635484000239999732e+05
2.769899899999999775e+02 4.831430619994999841e+06 4.635484099730000016e+05
2.772600100000000225e+02 4.831430679992999882e+06 4.635484000239999732e+05
2.768399959999999851e+02 4.831430589995999821e+06 4.635483900150000118e+05
2.769100040000000149e+02 4.831430579986999743e+06 4.635483800049999845e+05
2.769400019999999927e+02 4.831430600006000139e+06 4.635483800049999845e+05
2.769899899999999775e+02 4.831430619994999841e+06 4.635483800049999845e+05
2.766799930000000245e+02 4.831430549987999722e+06 4.635483699950000155e+05
2.767699890000000096e+02 4.831430559998000041e+06 4.635483599849999882e+05
2.767999879999999848e+02 4.831430579986999743e+06 4.635483699950000155e+05
2.769299930000000245e+02 4.831430609985000454e+06 4.635483699950000155e+05
2.769800109999999904e+02 4.831430619994999841e+06 4.635483699950000155e+05
2.765799870000000169e+02 4.831430510010000318e+06 4.635483400269999984e+05
2.766499939999999924e+02 4.831430549987999722e+06 4.635483599849999882e+05
2.766900019999999927e+02 4.831430570007000118e+06 4.635483599849999882e+05
2.767399899999999775e+02 4.831430579986999743e+06 4.635483599849999882e+05
2.767900089999999977e+02 4.831430579986999743e+06 4.635483499760000268e+05
2.769500120000000152e+02 4.831430609985000454e+06 4.635483499760000268e+05
2.766099849999999947e+02 4.831430480011000298e+06 4.635482999880000134e+05
2.765899959999999851e+02 4.831430549987999722e+06 4.635483499760000268e+05
2.766799930000000245e+02 4.831430570007000118e+06 4.635483499760000268e+05
2.767500000000000000e+02 4.831430570007000118e+06 4.635483400269999984e+05
2.768200069999999755e+02 4.831430570007000118e+06 4.635483200070000021e+05
2.765499879999999848e+02 4.831430529999000020e+06 4.635483300169999711e+05
2.765899959999999851e+02 4.831430549987999722e+06 4.635483400269999984e+05
2.766400150000000053e+02 4.831430559998000041e+06 4.635483300169999711e+05
2.766799930000000245e+02 4.831430570007000118e+06 4.635483300169999711e+05
2.767399899999999775e+02 4.831430570007000118e+06 4.635483300169999711e+05
2.767900089999999977e+02 4.831430579986999743e+06 4.635483200070000021e+05
2.763500060000000076e+02 4.831430500000000000e+06 4.635483400269999984e+05
2.765799870000000169e+02 4.831430519988999702e+06 4.635483099979999824e+05
2.766000060000000076e+02 4.831430549987999722e+06 4.635483200070000021e+05
2.767099910000000023e+02 4.831430519988999702e+06 4.635482899779999861e+05
2.768399959999999851e+02 4.831430470000999980e+06 4.635482399899999727e+05
2.763099980000000073e+02 4.831430549987999722e+06 4.635482899779999861e+05
2.763399959999999851e+02 4.831430510010000318e+06 4.635483400269999984e+05
2.765899959999999851e+02 4.831430519988999702e+06 4.635482999880000134e+05
2.766099849999999947e+02 4.831430540009000339e+06 4.635483099979999824e+05
2.765299989999999752e+02 4.831430529999000020e+06 4.635483400269999984e+05
2.765799870000000169e+02 4.831430549987999722e+06 4.635483400269999984e+05
2.766400150000000053e+02 4.831430549987999722e+06 4.635483400269999984e+05
2.766900019999999927e+02 4.831430559998000041e+06 4.635483300169999711e+05
2.767500000000000000e+02 4.831430559998000041e+06 4.635483200070000021e+05
2.768099980000000073e+02 4.831430559998000041e+06 4.635483099979999824e+05
2.765700069999999755e+02 4.831430540009000339e+06 4.635483699950000155e+05
2.766300049999999828e+02 4.831430549987999722e+06 4.635483599849999882e+05
2.766799930000000245e+02 4.831430559998000041e+06 4.635483599849999882e+05
2.767200010000000248e+02 4.831430570007000118e+06 4.635483599849999882e+05
2.767600100000000225e+02 4.831430579986999743e+06 4.635483599849999882e+05
2.768200069999999755e+02 4.831430589995999821e+06 4.635483499760000268e+05
2.768200069999999755e+02 4.831430559998000041e+06 4.635483800049999845e+05
2.769400019999999927e+02 4.831430600006000139e+06 4.635483900150000118e+05
2.769899899999999775e+02 4.831430609985000454e+06 4.635483900150000118e+05
2.772500000000000000e+02 4.831430660004000179e+06 4.635484299929999979e+05
2.772799989999999752e+02 4.831430679992999882e+06 4.635484400020000176e+05
2.769400019999999927e+02 4.831430579986999743e+06 4.635484299929999979e+05
2.769899899999999775e+02 4.831430589995999821e+06 4.635484299929999979e+05
2.772200010000000248e+02 4.831430660004000179e+06 4.635484299929999979e+05
2.772600100000000225e+02 4.831430679992999882e+06 4.635484400020000176e+05
2.769100040000000149e+02 4.831430589995999821e+06 4.635484099730000016e+05
2.770000000000000000e+02 4.831430619994999841e+06 4.635484099730000016e+05
2.772000120000000152e+02 4.831430630005000159e+06 4.635483900150000118e+05
2.772000120000000152e+02 4.831430679992999882e+06 4.635484099730000016e+05
2.772600100000000225e+02 4.831430679992999882e+06 4.635484000239999732e+05
2.766600040000000149e+02 4.831430549987999722e+06 4.635483900150000118e+05
2.767000120000000152e+02 4.831430549987999722e+06 4.635483800049999845e+05
2.767500000000000000e+02 4.831430559998000041e+06 4.635483800049999845e+05
2.767999879999999848e+02 4.831430570007000118e+06 4.635483800049999845e+05
2.768399959999999851e+02 4.831430589995999821e+06 4.635483800049999845e+05
2.769599910000000023e+02 4.831430589995999821e+06 4.635483599849999882e+05
2.765499879999999848e+02 4.831430540009000339e+06 4.635483499760000268e+05
2.766600040000000149e+02 4.831430549987999722e+06 4.635483400269999984e+05
2.767099910000000023e+02 4.831430570007000118e+06 4.635483400269999984e+05
2.767699890000000096e+02 4.831430570007000118e+06 4.635483300169999711e+05
2.768200069999999755e+02 4.831430579986999743e+06 4.635483300169999711e+05
2.765000000000000000e+02 4.831430470000999980e+06 4.635482600100000273e+05
2.765899959999999851e+02 4.831430470000999980e+06 4.635484000239999732e+05
2.767099910000000023e+02 4.831430500000000000e+06 4.635484400020000176e+05
2.772000120000000152e+02 4.831430600006000139e+06 4.635484699709999841e+05
2.771099849999999947e+02 4.831430570007000118e+06 4.635484699709999841e+05
2.770700069999999755e+02 4.831430559998000041e+06 4.635484600220000139e+05
2.771099849999999947e+02 4.831430510010000318e+06 4.635484099730000016e+05
2.772799989999999752e+02 4.831430600006000139e+06 4.635485000000000000e+05
2.772500000000000000e+02 4.831430589995999821e+06 4.635484899899999727e+05
2.772099910000000023e+02 4.831430579986999743e+06 4.635484899899999727e+05
2.771099849999999947e+02 4.831430559998000041e+06 4.635484899899999727e+05
2.770799870000000169e+02 4.831430549987999722e+06 4.635484899899999727e+05
2.772699890000000096e+02 4.831430579986999743e+06 4.635485200199999963e+05
2.772099910000000023e+02 4.831430570007000118e+06 4.635485300290000159e+05
2.772799989999999752e+02 4.831430559998000041e+06 4.635485499880000134e+05
2.767900089999999977e+02 4.831430600006000139e+06 4.635483900150000118e+05
2.765499879999999848e+02 4.831430570007000118e+06 4.635483699950000155e+05
2.765199890000000096e+02 4.831430559998000041e+06 4.635483499760000268e+05
2.764100040000000149e+02 4.831430549987999722e+06 4.635483499760000268e+05
2.763900150000000053e+02 4.831430529999000020e+06 4.635483300169999711e+05
2.772699890000000096e+02 4.831430630005000159e+06 4.635484799800000037e+05
2.769200129999999831e+02 4.831430579986999743e+06 4.635484400020000176e+05
2.768999939999999924e+02 4.831430570007000118e+06 4.635484299929999979e+05
2.767799989999999752e+02 4.831430570007000118e+06 4.635484199830000289e+05
2.767399899999999775e+02 4.831430549987999722e+06 4.635484099730000016e+05
2.767099910000000023e+02 4.831430540009000339e+06 4.635484000239999732e+05
2.766499939999999924e+02 4.831430529999000020e+06 4.635484000239999732e+05
2.766000060000000076e+02 4.831430529999000020e+06 4.635483900150000118e+05
2.765400089999999977e+02 4.831430519988999702e+06 4.635483900150000118e+05
2.765199890000000096e+02 4.831430500000000000e+06 4.635483699950000155e+05
2.764299930000000245e+02 4.831430489989999682e+06 4.635483599849999882e+05
2.763900150000000053e+02 4.831430480011000298e+06 4.635483499760000268e+05
2.763200069999999755e+02 4.831430489989999682e+06 4.635483499760000268e+05
2.772900089999999977e+02 4.831430609985000454e+06 4.635485300290000159e+05
2.770299989999999752e+02 4.831430559998000041e+06 4.635484799800000037e+05
2.769800109999999904e+02 4.831430559998000041e+06 4.635484799800000037e+05
2.768900150000000053e+02 4.831430570007000118e+06 4.635484899899999727e+05
2.767399899999999775e+02 4.831430549987999722e+06 4.635484699709999841e+05
2.766600040000000149e+02 4.831430529999000020e+06 4.635484500119999866e+05
2.766300049999999828e+02 4.831430519988999702e+06 4.635484400020000176e+05
2.765899959999999851e+02 4.831430510010000318e+06 4.635484299929999979e+05
2.765199890000000096e+02 4.831430519988999702e+06 4.635484400020000176e+05
2.764899899999999775e+02 4.831430500000000000e+06 4.635484199830000289e+05
2.764200129999999831e+02 4.831430500000000000e+06 4.635484199830000289e+05
2.763800049999999828e+02 4.831430489989999682e+06 4.635484099730000016e+05
2.763299870000000169e+02 4.831430480011000298e+06 4.635484099730000016e+05
2.772900089999999977e+02 4.831430609985000454e+06 4.635485200199999963e+05
2.772200010000000248e+02 4.831430619994999841e+06 4.635485100100000273e+05
2.770400089999999977e+02 4.831430600006000139e+06 4.635484600220000139e+05
2.767500000000000000e+02 4.831430589995999821e+06 4.635484000239999732e+05
2.766900019999999927e+02 4.831430579986999743e+06 4.635483900150000118e+05
2.766400150000000053e+02 4.831430579986999743e+06 4.635483800049999845e+05
2.772699890000000096e+02 4.831430600006000139e+06 4.635485700070000021e+05
2.771900019999999927e+02 4.831430630005000159e+06 4.635485700070000021e+05
2.770299989999999752e+02 4.831430589995999821e+06 4.635485200199999963e+05
2.769800109999999904e+02 4.831430589995999821e+06 4.635485100100000273e+05
2.769200129999999831e+02 4.831430579986999743e+06 4.635485000000000000e+05
2.768900150000000053e+02 4.831430570007000118e+06 4.635484799800000037e+05
2.767999879999999848e+02 4.831430559998000041e+06 4.635484600220000139e+05
2.767699890000000096e+02 4.831430549987999722e+06 4.635484500119999866e+05
2.767200010000000248e+02 4.831430549987999722e+06 4.635484400020000176e+05
2.766799930000000245e+02 4.831430540009000339e+06 4.635484299929999979e+05
2.766300049999999828e+02 4.831430529999000020e+06 4.635484199830000289e+05
2.766000060000000076e+02 4.831430519988999702e+06 4.635484099730000016e+05
2.765299989999999752e+02 4.831430529999000020e+06 4.635484000239999732e+05
2.764899899999999775e+02 4.831430519988999702e+06 4.635483800049999845e+05
2.764400019999999927e+02 4.831430510010000318e+06 4.635483699950000155e+05
2.763699950000000172e+02 4.831430519988999702e+06 4.635483599849999882e+05
2.763599849999999947e+02 4.831430500000000000e+06 4.635483499760000268e+05
2.766099849999999947e+02 4.831430540009000339e+06 4.635484799800000037e+05
2.765499879999999848e+02 4.831430540009000339e+06 4.635484699709999841e+05
2.765199890000000096e+02 4.831430519988999702e+06 4.635484600220000139e+05
2.764800109999999904e+02 4.831430519988999702e+06 4.635484400020000176e+05
2.764200129999999831e+02 4.831430519988999702e+06 4.635484299929999979e+05
2.763699950000000172e+02 4.831430510010000318e+06 4.635484199830000289e+05
2.763399959999999851e+02 4.831430489989999682e+06 4.635484000239999732e+05
2.763599849999999947e+02 4.831430549987999722e+06 4.635482800290000159e+05
2.764200129999999831e+02 4.831430559998000041e+06 4.635482899779999861e+05
2.765199890000000096e+02 4.831430579986999743e+06 4.635482999880000134e+05
2.766799930000000245e+02 4.831430609985000454e+06 4.635483200070000021e+05
2.767600100000000225e+02 4.831430609985000454e+06 4.635483200070000021e+05
2.767999879999999848e+02 4.831430619994999841e+06 4.635483300169999711e+05
2.770899959999999851e+02 4.831430679992999882e+06 4.635483699950000155e+05
2.771300049999999828e+02 4.831430690001999959e+06 4.635483800049999845e+05
2.771700129999999831e+02 4.831430700012000278e+06 4.635483900150000118e+05
2.772799989999999752e+02 4.831430720000999980e+06 4.635484000239999732e+05
2.764700010000000248e+02 4.831430630005000159e+06 4.635482399899999727e+05
2.771700129999999831e+02 4.831430649993999861e+06 4.635485100100000273e+05
2.772900089999999977e+02 4.831430640014999546e+06 4.635484400020000176e+05
2.771900019999999927e+02 4.831430640014999546e+06 4.635484299929999979e+05
2.772699890000000096e+02 4.831430649993999861e+06 4.635484199830000289e+05
2.771700129999999831e+02 4.831430640014999546e+06 4.635484099730000016e+05
2.772500000000000000e+02 4.831430649993999861e+06 4.635484000239999732e+05
2.769899899999999775e+02 4.831430619994999841e+06 4.635484000239999732e+05
2.772500000000000000e+02 4.831430670013000257e+06 4.635483900150000118e+05
2.772900089999999977e+02 4.831430690001999959e+06 4.635484000239999732e+05
2.769800109999999904e+02 4.831430619994999841e+06 4.635483800049999845e+05
2.770199890000000096e+02 4.831430630005000159e+06 4.635483800049999845e+05
2.770799870000000169e+02 4.831430640014999546e+06 4.635483800049999845e+05
2.771900019999999927e+02 4.831430670013000257e+06 4.635483800049999845e+05
2.772900089999999977e+02 4.831430700012000278e+06 4.635483800049999845e+05
2.769599910000000023e+02 4.831430619994999841e+06 4.635483699950000155e+05
2.770299989999999752e+02 4.831430630005000159e+06 4.635483599849999882e+05
2.770599980000000073e+02 4.831430649993999861e+06 4.635483699950000155e+05
2.771700129999999831e+02 4.831430670013000257e+06 4.635483599849999882e+05
2.771900019999999927e+02 4.831430690001999959e+06 4.635483699950000155e+05
2.772699890000000096e+02 4.831430640014999546e+06 4.635484199830000289e+05
2.771499939999999924e+02 4.831430619994999841e+06 4.635483900150000118e+05
2.772099910000000023e+02 4.831430640014999546e+06 4.635483800049999845e+05
2.772300109999999904e+02 4.831430660004000179e+06 4.635483900150000118e+05
2.772699890000000096e+02 4.831430679992999882e+06 4.635483900150000118e+05
2.772799989999999752e+02 4.831430709990999661e+06 4.635484000239999732e+05
2.769700010000000248e+02 4.831430579986999743e+06 4.635483599849999882e+05
2.770499879999999848e+02 4.831430619994999841e+06 4.635483599849999882e+05
2.770799870000000169e+02 4.831430640014999546e+06 4.635483599849999882e+05
2.771300049999999828e+02 4.831430670013000257e+06 4.635483599849999882e+05
2.771499939999999924e+02 4.831430690001999959e+06 4.635483699950000155e+05
2.771499939999999924e+02 4.831430720000999980e+06 4.635483900150000118e+05
2.768900150000000053e+02 4.831430589995999821e+06 4.635483499760000268e+05
2.769400019999999927e+02 4.831430609985000454e+06 4.635483499760000268e+05
2.770000000000000000e+02 4.831430630005000159e+06 4.635483300169999711e+05
2.770299989999999752e+02 4.831430640014999546e+06 4.635483400269999984e+05
2.770599980000000073e+02 4.831430670013000257e+06 4.635483400269999984e+05
2.770799870000000169e+02 4.831430690001999959e+06 4.635483499760000268e+05
2.771400150000000053e+02 4.831430709990999661e+06 4.635483400269999984e+05
2.768699950000000172e+02 4.831430589995999821e+06 4.635483300169999711e+05
2.769100040000000149e+02 4.831430609985000454e+06 4.635483300169999711e+05
2.769500120000000152e+02 4.831430630005000159e+06 4.635483300169999711e+05
2.769800109999999904e+02 4.831430660004000179e+06 4.635483300169999711e+05
2.770100100000000225e+02 4.831430679992999882e+06 4.635483400269999984e+05
2.768599849999999947e+02 4.831430600006000139e+06 4.635483200070000021e+05
2.768900150000000053e+02 4.831430619994999841e+06 4.635483200070000021e+05
2.769400019999999927e+02 4.831430640014999546e+06 4.635483200070000021e+05
2.769700010000000248e+02 4.831430660004000179e+06 4.635483200070000021e+05
2.769800109999999904e+02 4.831430690001999959e+06 4.635483300169999711e+05
2.768699950000000172e+02 4.831430619994999841e+06 4.635483099979999824e+05
2.768999939999999924e+02 4.831430640014999546e+06 4.635483099979999824e+05
2.769400019999999927e+02 4.831430649993999861e+06 4.635483099979999824e+05
2.769500120000000152e+02 4.831430679992999882e+06 4.635483200070000021e+05
2.769700010000000248e+02 4.831430700012000278e+06 4.635483300169999711e+05
2.768800049999999828e+02 4.831430640014999546e+06 4.635483099979999824e+05
2.769299930000000245e+02 4.831430660004000179e+06 4.635483099979999824e+05
2.769500120000000152e+02 4.831430679992999882e+06 4.635483200070000021e+05
2.767699890000000096e+02 4.831430589995999821e+06 4.635482999880000134e+05
2.768200069999999755e+02 4.831430609985000454e+06 4.635482999880000134e+05
2.768599849999999947e+02 4.831430649993999861e+06 4.635483099979999824e+05
2.769500120000000152e+02 4.831430660004000179e+06 4.635482899779999861e+05
2.769500120000000152e+02 4.831430690001999959e+06 4.635483099979999824e+05
2.767500000000000000e+02 4.831430600006000139e+06 4.635482899779999861e+05
2.767900089999999977e+02 4.831430630005000159e+06 4.635482899779999861e+05
2.768299870000000169e+02 4.831430679992999882e+06 4.635483099979999824e+05
2.766499939999999924e+02 4.831430619994999841e+06 4.635482800290000159e+05
2.764500120000000152e+02 4.831430510010000318e+06 4.635482199709999841e+05
2.764500120000000152e+02 4.831430540009000339e+06 4.635482399899999727e+05
2.764700010000000248e+02 4.831430559998000041e+06 4.635482500000000000e+05
2.764899899999999775e+02 4.831430589995999821e+06 4.635482500000000000e+05
2.765400089999999977e+02 4.831430609985000454e+06 4.635482500000000000e+05
2.765599980000000073e+02 4.831430630005000159e+06 4.635482600100000273e+05
2.766099849999999947e+02 4.831430649993999861e+06 4.635482600100000273e+05
2.763299870000000169e+02 4.831430559998000041e+06 4.635482100220000139e+05
2.763599849999999947e+02 4.831430579986999743e+06 4.635482199709999841e+05
2.764500120000000152e+02 4.831430549987999722e+06 4.635482600100000273e+05
2.763999939999999924e+02 4.831430529999000020e+06 4.635482500000000000e+05
2.763200069999999755e+02 4.831430510010000318e+06 4.635482500000000000e+05
2.763500060000000076e+02 4.831430489989999682e+06 4.635482999880000134e+05
2.771400150000000053e+02 4.831430670013000257e+06 4.635483599849999882e+05
2.768900150000000053e+02 4.831430579986999743e+06 4.635483400269999984e+05
2.766199950000000172e+02 4.831430529999000020e+06 4.635483400269999984e+05
2.772900089999999977e+02 4.831430690001999959e+06 4.635484099730000016e+05
2.772099910000000023e+02 4.831430640014999546e+06 4.635484000239999732e+05
2.769299930000000245e+02 4.831430579986999743e+06 4.635484000239999732e+05
2.770499879999999848e+02 4.831430679992999882e+06 4.635483499760000268e+05
2.769500120000000152e+02 4.831430660004000179e+06 4.635483400269999984e+05
2.769299930000000245e+02 4.831430640014999546e+06 4.635483300169999711e+05
2.767600100000000225e+02 4.831430619994999841e+06 4.635482999880000134e+05
2.772999879999999848e+02 4.831430679992999882e+06 4.635484199830000289e+05
2.772500000000000000e+02 4.831430660004000179e+06 4.635484099730000016e+05
2.771900019999999927e+02 4.831430649993999861e+06 4.635484000239999732e+05
2.771199950000000172e+02 4.831430630005000159e+06 4.635483900150000118e+05
2.770499879999999848e+02 4.831430619994999841e+06 4.635483699950000155e+05
2.769599910000000023e+02 4.831430609985000454e+06 4.635483599849999882e+05
2.772600100000000225e+02 4.831430619994999841e+06 4.635484500119999866e+05
2.770299989999999752e+02 4.831430600006000139e+06 4.635484199830000289e+05
2.769299930000000245e+02 4.831430589995999821e+06 4.635484099730000016e+05
2.772399899999999775e+02 4.831430630005000159e+06 4.635484699709999841e+05
2.771400150000000053e+02 4.831430679992999882e+06 4.635483400269999984e+05
2.771700129999999831e+02 4.831430709990999661e+06 4.635483499760000268e+05
2.771900019999999927e+02 4.831430750000000000e+06 4.635483599849999882e+05
2.771900019999999927e+02 4.831430769988999702e+06 4.635483699950000155e+05
2.770100100000000225e+02 4.831430679992999882e+06 4.635483099979999824e+05
2.770499879999999848e+02 4.831430720000999980e+06 4.635483200070000021e+05
2.770199890000000096e+02 4.831430739989999682e+06 4.635483400269999984e+05
2.770100100000000225e+02 4.831430760010000318e+06 4.635483499760000268e+05
2.769100040000000149e+02 4.831430690001999959e+06 4.635482899779999861e+05
2.769200129999999831e+02 4.831430720000999980e+06 4.635482999880000134e+05
2.768900150000000053e+02 4.831430739989999682e+06 4.635483200070000021e+05
2.767500000000000000e+02 4.831430670013000257e+06 4.635482399899999727e+05
2.767200010000000248e+02 4.831430690001999959e+06 4.635482600100000273e+05
2.763999939999999924e+02 4.831430579986999743e+06 4.635482199709999841e+05
2.765100100000000225e+02 4.831430640014999546e+06 4.635482199709999841e+05
2.764400019999999927e+02 4.831430660004000179e+06 4.635482500000000000e+05
2.763500060000000076e+02 4.831430660004000179e+06 4.635482199709999841e+05
2.763099980000000073e+02 4.831430640014999546e+06 4.635481900020000176e+05
2.772099910000000023e+02 4.831430709990999661e+06 4.635484099730000016e+05
2.772999879999999848e+02 4.831430720000999980e+06 4.635484000239999732e+05
2.772399899999999775e+02 4.831430709990999661e+06 4.635484400020000176e+05
2.768200069999999755e+02 4.831430679992999882e+06 4.635483099979999824e+05
2.767399899999999775e+02 4.831430679992999882e+06 4.635483499760000268e+05
2.768599849999999947e+02 4.831430690001999959e+06 4.635483599849999882e+05
2.772399899999999775e+02 4.831430730011000298e+06 4.635484000239999732e+05
2.766700129999999831e+02 4.831430609985000454e+06 4.635483699950000155e+05
2.768999939999999924e+02 4.831430709990999661e+06 4.635483499760000268e+05
2.763299870000000169e+02 4.831430640014999546e+06 4.635482399899999727e+05
2.767099910000000023e+02 4.831430679992999882e+06 4.635483499760000268e+05
2.764200129999999831e+02 4.831430630005000159e+06 4.635483099979999824e+05
2.765100100000000225e+02 4.831430619994999841e+06 4.635483300169999711e+05
2.767099910000000023e+02 4.831430619994999841e+06 4.635483699950000155e+05
2.768299870000000169e+02 4.831430619994999841e+06 4.635484000239999732e+05
2.771799930000000245e+02 4.831430730011000298e+06 4.635484500119999866e+05
2.769700010000000248e+02 4.831430690001999959e+06 4.635484199830000289e+05
2.768999939999999924e+02 4.831430679992999882e+06 4.635484099730000016e+05
2.769899899999999775e+02 4.831430739989999682e+06 4.635483499760000268e+05
2.769100040000000149e+02 4.831430730011000298e+06 4.635483400269999984e+05
2.764400019999999927e+02 4.831430660004000179e+06 4.635482899779999861e+05
2.763800049999999828e+02 4.831430660004000179e+06 4.635482800290000159e+05
2.772900089999999977e+02 4.831430760010000318e+06 4.635484500119999866e+05
2.771799930000000245e+02 4.831430720000999980e+06 4.635483599849999882e+05
2.771600040000000149e+02 4.831430750000000000e+06 4.635483699950000155e+05
2.771000060000000076e+02 4.831430739989999682e+06 4.635483800049999845e+05
2.770299989999999752e+02 4.831430739989999682e+06 4.635483900150000118e+05
2.769599910000000023e+02 4.831430730011000298e+06 4.635483900150000118e+05
2.772600100000000225e+02 4.831430750000000000e+06 4.635483800049999845e+05
2.772200010000000248e+02 4.831430760010000318e+06 4.635484000239999732e+05
2.771900019999999927e+02 4.831430779999000020e+06 4.635484199830000289e+05
2.771199950000000172e+02 4.831430760010000318e+06 4.635484299929999979e+05
2.771400150000000053e+02 4.831430730011000298e+06 4.635483300169999711e+05
2.771199950000000172e+02 4.831430760010000318e+06 4.635483499760000268e+05
2.770899959999999851e+02 4.831430779999000020e+06 4.635483599849999882e+05
2.770000000000000000e+02 4.831430720000999980e+06 4.635482999880000134e+05
2.769899899999999775e+02 4.831430750000000000e+06 4.635483200070000021e+05
2.767200010000000248e+02 4.831430679992999882e+06 4.635482600100000273e+05
2.767000120000000152e+02 4.831430700012000278e+06 4.635482800290000159e+05
2.764700010000000248e+02 4.831430690001999959e+06 4.635482600100000273e+05
2.764400019999999927e+02 4.831430709990999661e+06 4.635482700199999963e+05
2.763500060000000076e+02 4.831430700012000278e+06 4.635482299800000037e+05
2.763800049999999828e+02 4.831430630005000159e+06 4.635482899779999861e+05
2.766000060000000076e+02 4.831430670013000257e+06 4.635482899779999861e+05
2.770799870000000169e+02 4.831430750000000000e+06 4.635484000239999732e+05
2.771199950000000172e+02 4.831430739989999682e+06 4.635483900150000118e+05
2.763399959999999851e+02 4.831430630005000159e+06 4.635482299800000037e+05
2.763999939999999924e+02 4.831430640014999546e+06 4.635482399899999727e+05
2.765199890000000096e+02 4.831430690001999959e+06 4.635482700199999963e+05
2.763500060000000076e+02 4.831430619994999841e+06 4.635482800290000159e+05
2.764299930000000245e+02 4.831430640014999546e+06 4.635482999880000134e+05
2.765100100000000225e+02 4.831430649993999861e+06 4.635483099979999824e+05
2.766600040000000149e+02 4.831430670013000257e+06 4.635483300169999711e+05
2.767099910000000023e+02 4.831430670013000257e+06 4.635483300169999711e+05
2.767699890000000096e+02 4.831430679992999882e+06 4.635483400269999984e+05
2.768599849999999947e+02 4.831430709990999661e+06 4.635483599849999882e+05
2.769200129999999831e+02 4.831430709990999661e+06 4.635483599849999882e+05
2.770000000000000000e+02 4.831430720000999980e+06 4.635483800049999845e+05
2.770599980000000073e+02 4.831430730011000298e+06 4.635483800049999845e+05
2.771199950000000172e+02 4.831430730011000298e+06 4.635483800049999845e+05
2.772000120000000152e+02 4.831430739989999682e+06 4.635484000239999732e+05
2.772699890000000096e+02 4.831430750000000000e+06 4.635484000239999732e+05
2.769200129999999831e+02 4.831430670013000257e+06 4.635484000239999732e+05
2.769700010000000248e+02 4.831430670013000257e+06 4.635484000239999732e+05
2.770400089999999977e+02 4.831430679992999882e+06 4.635484199830000289e+05
2.771900019999999927e+02 4.831430709990999661e+06 4.635484400020000176e+05
2.772999879999999848e+02 4.831430760010000318e+06 4.635484199830000289e+05
2.768200069999999755e+02 4.831430700012000278e+06 4.635483400269999984e+05
2.770100100000000225e+02 4.831430739989999682e+06 4.635484099730000016e+05
2.770599980000000073e+02 4.831430730011000298e+06 4.635484099730000016e+05
2.771199950000000172e+02 4.831430739989999682e+06 4.635484299929999979e+05
2.772099910000000023e+02 4.831430750000000000e+06 4.635484600220000139e+05
2.767099910000000023e+02 4.831430679992999882e+06 4.635483800049999845e+05
2.767399899999999775e+02 4.831430660004000179e+06 4.635483699950000155e+05
2.768800049999999828e+02 4.831430660004000179e+06 4.635484000239999732e+05
2.771499939999999924e+02 4.831430679992999882e+06 4.635483499760000268e+05
2.763800049999999828e+02 4.831430549987999722e+06 4.635482500000000000e+05
2.764500120000000152e+02 4.831430570007000118e+06 4.635482500000000000e+05
2.765499879999999848e+02 4.831430589995999821e+06 4.635482299800000037e+05
2.763999939999999924e+02 4.831430579986999743e+06 4.635482000119999866e+05
2.772999879999999848e+02 4.831430730011000298e+06 4.635483900150000118e+05
2.771700129999999831e+02 4.831430670013000257e+06 4.635483400269999984e+05
2.771799930000000245e+02 4.831430700012000278e+06 4.635483400269999984e+05
2.771600040000000149e+02 4.831430720000999980e+06 4.635483400269999984e+05
2.770100100000000225e+02 4.831430660004000179e+06 4.635482999880000134e+05
2.770199890000000096e+02 4.831430690001999959e+06 4.635482999880000134e+05
2.768900150000000053e+02 4.831430630005000159e+06 4.635482899779999861e+05
2.766000060000000076e+02 4.831430640014999546e+06 4.635482399899999727e+05
2.765899959999999851e+02 4.831430670013000257e+06 4.635482399899999727e+05
2.764500120000000152e+02 4.831430549987999722e+06 4.635482299800000037e+05
2.767699890000000096e+02 4.831430529999000020e+06 4.635482199709999841e+05
2.766700129999999831e+02 4.831430540009000339e+06 4.635482100220000139e+05
2.765400089999999977e+02 4.831430540009000339e+06 4.635482199709999841e+05
2.770100100000000225e+02 4.831430549987999722e+06 4.635483099979999824e+05
2.771099849999999947e+02 4.831430690001999959e+06 4.635483699950000155e+05
2.763699950000000172e+02 4.831430549987999722e+06 4.635482100220000139e+05
2.764400019999999927e+02 4.831430570007000118e+06 4.635482199709999841e+05
2.764700010000000248e+02 4.831430559998000041e+06 4.635482399899999727e+05
2.765499879999999848e+02 4.831430579986999743e+06 4.635482399899999727e+05
2.771900019999999927e+02 4.831430670013000257e+06 4.635483699950000155e+05
2.772500000000000000e+02 4.831430679992999882e+06 4.635483800049999845e+05
2.772699890000000096e+02 4.831430670013000257e+06 4.635483900150000118e+05
2.763500060000000076e+02 4.831430630005000159e+06 4.635482299800000037e+05
2.763999939999999924e+02 4.831430640014999546e+06 4.635482399899999727e+05
2.764599910000000023e+02 4.831430649993999861e+06 4.635482500000000000e+05
2.765199890000000096e+02 4.831430649993999861e+06 4.635482700199999963e+05
2.765700069999999755e+02 4.831430660004000179e+06 4.635482700199999963e+05
2.766300049999999828e+02 4.831430679992999882e+06 4.635482800290000159e+05
2.767999879999999848e+02 4.831430690001999959e+06 4.635483300169999711e+05
2.769299930000000245e+02 4.831430720000999980e+06 4.635483499760000268e+05
2.769800109999999904e+02 4.831430720000999980e+06 4.635483599849999882e+05
2.770499879999999848e+02 4.831430730011000298e+06 4.635483699950000155e+05
2.770899959999999851e+02 4.831430730011000298e+06 4.635483800049999845e+05
2.771300049999999828e+02 4.831430730011000298e+06 4.635484000239999732e+05
2.771799930000000245e+02 4.831430739989999682e+06 4.635484099730000016e+05
2.772200010000000248e+02 4.831430739989999682e+06 4.635484199830000289e+05
2.772799989999999752e+02 4.831430750000000000e+06 4.635484299929999979e+05
2.772999879999999848e+02 4.831430750000000000e+06 4.635484500119999866e+05
2.763200069999999755e+02 4.831430660004000179e+06 4.635482700199999963e+05
2.765899959999999851e+02 4.831430690001999959e+06 4.635483200070000021e+05
2.772699890000000096e+02 4.831430700012000278e+06 4.635483900150000118e+05
2.772099910000000023e+02 4.831430700012000278e+06 4.635483900150000118e+05
2.771499939999999924e+02 4.831430700012000278e+06 4.635483800049999845e+05
2.770799870000000169e+02 4.831430690001999959e+06 4.635483699950000155e+05
2.770400089999999977e+02 4.831430690001999959e+06 4.635483599849999882e+05
2.769700010000000248e+02 4.831430690001999959e+06 4.635483499760000268e+05
2.769500120000000152e+02 4.831430700012000278e+06 4.635483200070000021e+05
2.772600100000000225e+02 4.831430660004000179e+06 4.635483699950000155e+05
2.772200010000000248e+02 4.831430670013000257e+06 4.635483499760000268e+05
2.771499939999999924e+02 4.831430660004000179e+06 4.635483400269999984e+05
2.770799870000000169e+02 4.831430660004000179e+06 4.635483300169999711e+05
2.770299989999999752e+02 4.831430660004000179e+06 4.635483200070000021e+05
2.769800109999999904e+02 4.831430660004000179e+06 4.635483200070000021e+05
2.769200129999999831e+02 4.831430660004000179e+06 4.635483099979999824e+05
2.768599849999999947e+02 4.831430649993999861e+06 4.635482999880000134e+05
2.767799989999999752e+02 4.831430640014999546e+06 4.635482899779999861e+05
2.767000120000000152e+02 4.831430630005000159e+06 4.635482899779999861e+05
2.765799870000000169e+02 4.831430630005000159e+06 4.635482700199999963e+05
2.764899899999999775e+02 4.831430619994999841e+06 4.635482700199999963e+05
2.769299930000000245e+02 4.831430579986999743e+06 4.635482999880000134e+05
2.768599849999999947e+02 4.831430579986999743e+06 4.635482899779999861e+05
2.767999879999999848e+02 4.831430579986999743e+06 4.635482800290000159e+05
2.767399899999999775e+02 4.831430579986999743e+06 4.635482700199999963e+05
2.766900019999999927e+02 4.831430579986999743e+06 4.635482600100000273e+05
2.766499939999999924e+02 4.831430579986999743e+06 4.635482500000000000e+05
2.765899959999999851e+02 4.831430579986999743e+06 4.635482399899999727e+05
2.765400089999999977e+02 4.831430579986999743e+06 4.635482299800000037e+05
2.765499879999999848e+02 4.831430600006000139e+06 4.635482000119999866e+05
2.764599910000000023e+02 4.831430589995999821e+06 4.635482000119999866e+05
2.763599849999999947e+02 4.831430570007000118e+06 4.635482000119999866e+05
2.767200010000000248e+02 4.831430589995999821e+06 4.635482999880000134e+05
2.767000120000000152e+02 4.831430559998000041e+06 4.635482800290000159e+05
2.764899899999999775e+02 4.831430549987999722e+06 4.635482199709999841e+05
2.763399959999999851e+02 4.831430559998000041e+06 4.635482299800000037e+05
2.763800049999999828e+02 4.831430489989999682e+06 4.635482199709999841e+05
2.772699890000000096e+02 4.831430640014999546e+06 4.635484099730000016e+05
2.772200010000000248e+02 4.831430649993999861e+06 4.635484000239999732e+05
2.772799989999999752e+02 4.831430570007000118e+06 4.635484299929999979e+05
2.772099910000000023e+02 4.831430600006000139e+06 4.635484000239999732e+05
2.771000060000000076e+02 4.831430609985000454e+06 4.635483699950000155e+05
2.770400089999999977e+02 4.831430630005000159e+06 4.635483599849999882e+05
2.769899899999999775e+02 4.831430640014999546e+06 4.635483599849999882e+05
2.770799870000000169e+02 4.831430570007000118e+06 4.635483900150000118e+05
2.770700069999999755e+02 4.831430589995999821e+06 4.635483599849999882e+05
2.770299989999999752e+02 4.831430600006000139e+06 4.635483499760000268e+05
2.769800109999999904e+02 4.831430619994999841e+06 4.635483400269999984e+05
2.769299930000000245e+02 4.831430630005000159e+06 4.635483300169999711e+05
2.770400089999999977e+02 4.831430559998000041e+06 4.635483599849999882e+05
2.770000000000000000e+02 4.831430579986999743e+06 4.635483499760000268e+05
2.769700010000000248e+02 4.831430589995999821e+06 4.635483300169999711e+05
2.769500120000000152e+02 4.831430609985000454e+06 4.635483099979999824e+05
2.769700010000000248e+02 4.831430540009000339e+06 4.635483499760000268e+05
2.769200129999999831e+02 4.831430570007000118e+06 4.635483200070000021e+05
2.768800049999999828e+02 4.831430589995999821e+06 4.635483099979999824e+05
2.768200069999999755e+02 4.831430600006000139e+06 4.635483099979999824e+05
2.767399899999999775e+02 4.831430619994999841e+06 4.635483200070000021e+05
2.768599849999999947e+02 4.831430529999000020e+06 4.635483400269999984e+05
2.768500060000000076e+02 4.831430540009000339e+06 4.635483300169999711e+05
2.768299870000000169e+02 4.831430559998000041e+06 4.635483099979999824e+05
2.767900089999999977e+02 4.831430570007000118e+06 4.635482999880000134e+05
2.767300109999999904e+02 4.831430589995999821e+06 4.635482999880000134e+05
2.767099910000000023e+02 4.831430519988999702e+06 4.635483099979999824e+05
2.766799930000000245e+02 4.831430540009000339e+06 4.635482899779999861e+05
2.766600040000000149e+02 4.831430570007000118e+06 4.635482500000000000e+05
2.765700069999999755e+02 4.831430489989999682e+06 4.635482899779999861e+05
2.766000060000000076e+02 4.831430510010000318e+06 4.635482399899999727e+05
2.764599910000000023e+02 4.831430540009000339e+06 4.635482500000000000e+05
2.764400019999999927e+02 4.831430559998000041e+06 4.635482299800000037e+05
2.764200129999999831e+02 4.831430489989999682e+06 4.635482399899999727e+05
2.763299870000000169e+02 4.831430519988999702e+06 4.635482199709999841e+05
2.763399959999999851e+02 4.831430559998000041e+06 4.635482600100000273e+05
2.763500060000000076e+02 4.831430630005000159e+06 4.635482299800000037e+05
2.766900019999999927e+02 4.831430619994999841e+06 4.635482999880000134e+05
2.764100040000000149e+02 4.831430660004000179e+06 4.635482399899999727e+05
2.770599980000000073e+02 4.831430679992999882e+06 4.635483499760000268e+05
2.771300049999999828e+02 4.831430679992999882e+06 4.635483699950000155e+05
2.772300109999999904e+02 4.831430700012000278e+06 4.635484000239999732e+05
2.767300109999999904e+02 4.831430640014999546e+06 4.635482999880000134e+05
2.769599910000000023e+02 4.831430690001999959e+06 4.635483200070000021e+05
2.770599980000000073e+02 4.831430709990999661e+06 4.635483499760000268e+05
2.771600040000000149e+02 4.831430720000999980e+06 4.635483800049999845e+05
2.772799989999999752e+02 4.831430739989999682e+06 4.635484099730000016e+05
2.766700129999999831e+02 4.831430649993999861e+06 4.635482800290000159e+05
2.769599910000000023e+02 4.831430709990999661e+06 4.635483300169999711e+05
2.770499879999999848e+02 4.831430720000999980e+06 4.635483499760000268e+05
2.771499939999999924e+02 4.831430739989999682e+06 4.635483800049999845e+05
2.772399899999999775e+02 4.831430750000000000e+06 4.635484000239999732e+05
2.766000060000000076e+02 4.831430670013000257e+06 4.635482700199999963e+05
2.767200010000000248e+02 4.831430690001999959e+06 4.635482899779999861e+05
2.767999879999999848e+02 4.831430700012000278e+06 4.635483200070000021e+05
2.769200129999999831e+02 4.831430730011000298e+06 4.635483400269999984e+05
2.770199890000000096e+02 4.831430739989999682e+06 4.635483599849999882e+05
2.771099849999999947e+02 4.831430750000000000e+06 4.635483900150000118e+05
2.771600040000000149e+02 4.831430760010000318e+06 4.635484099730000016e+05
2.772200010000000248e+02 4.831430760010000318e+06 4.635484400020000176e+05
2.765199890000000096e+02 4.831430679992999882e+06 4.635482899779999861e+05
2.766900019999999927e+02 4.831430709990999661e+06 4.635483099979999824e+05
2.767699890000000096e+02 4.831430720000999980e+06 4.635483400269999984e+05
2.768399959999999851e+02 4.831430730011000298e+06 4.635483599849999882e+05
2.769500120000000152e+02 4.831430739989999682e+06 4.635483900150000118e+05
2.770599980000000073e+02 4.831430760010000318e+06 4.635484199830000289e+05
2.768299870000000169e+02 4.831430600006000139e+06 4.635483300169999711e+05
2.769200129999999831e+02 4.831430609985000454e+06 4.635483099979999824e+05
2.769899899999999775e+02 4.831430630005000159e+06 4.635482999880000134e+05
2.765599980000000073e+02 4.831430549987999722e+06 4.635482899779999861e+05
2.765700069999999755e+02 4.831430559998000041e+06 4.635482700199999963e+05
2.770199890000000096e+02 4.831430609985000454e+06 4.635484000239999732e+05
2.769700010000000248e+02 4.831430660004000179e+06 4.635483300169999711e+05
2.769500120000000152e+02 4.831430589995999821e+06 4.635483300169999711e+05
2.768599849999999947e+02 4.831430559998000041e+06 4.635483400269999984e+05
2.767699890000000096e+02 4.831430609985000454e+06 4.635482899779999861e+05
2.765599980000000073e+02 4.831430529999000020e+06 4.635483099979999824e+05
2.763200069999999755e+02 4.831430540009000339e+06 4.635482700199999963e+05
2.764700010000000248e+02 4.831430559998000041e+06 4.635482999880000134e+05
2.763500060000000076e+02 4.831430559998000041e+06 4.635483200070000021e+05
2.766400150000000053e+02 4.831430579986999743e+06 4.635483200070000021e+05
2.766600040000000149e+02 4.831430600006000139e+06 4.635483499760000268e+05
2.769200129999999831e+02 4.831430619994999841e+06 4.635483599849999882e+05
2.768800049999999828e+02 4.831430609985000454e+06 4.635483800049999845e+05
2.769100040000000149e+02 4.831430630005000159e+06 4.635483699950000155e+05
2.772500000000000000e+02 4.831430660004000179e+06 4.635484699709999841e+05
2.771199950000000172e+02 4.831430730011000298e+06 4.635484799800000037e+05
2.772300109999999904e+02 4.831430649993999861e+06 4.635484799800000037e+05
2.771000060000000076e+02 4.831430739989999682e+06 4.635484500119999866e+05
2.769200129999999831e+02 4.831430700012000278e+06 4.635484199830000289e+05
2.768099980000000073e+02 4.831430679992999882e+06 4.635484099730000016e+05
2.767200010000000248e+02 4.831430660004000179e+06 4.635484000239999732e+05
2.766600040000000149e+02 4.831430640014999546e+06 4.635483900150000118e+05
2.765899959999999851e+02 4.831430619994999841e+06 4.635483900150000118e+05
2.764599910000000023e+02 4.831430600006000139e+06 4.635483499760000268e+05
2.763500060000000076e+02 4.831430579986999743e+06 4.635483300169999711e+05
