2.740700069999999755e+02 4.831430239989999682e+06 4.635479299929999979e+05
2.740599980000000073e+02 4.831430320007000118e+06 4.635478300169999711e+05
2.741600040000000149e+02 4.831430279999000020e+06 4.635480000000000000e+05
2.742000120000000152e+02 4.831430239989999682e+06 4.635479299929999979e+05
2.742799989999999752e+02 4.831430260010000318e+06 4.635479400020000176e+05
2.743399959999999851e+02 4.831430260010000318e+06 4.635479400020000176e+05
2.744899899999999775e+02 4.831430260010000318e+06 4.635479400020000176e+05
2.742200010000000248e+02 4.831430269988999702e+06 4.635478800049999845e+05
2.742699890000000096e+02 4.831430279999000020e+06 4.635478800049999845e+05
2.743200069999999755e+02 4.831430290009000339e+06 4.635478900150000118e+05
2.743999939999999924e+02 4.831430299987999722e+06 4.635479000239999732e+05
2.741499939999999924e+02 4.831430329986999743e+06 4.635478400269999984e+05
2.741900019999999927e+02 4.831430339995999821e+06 4.635478400269999984e+05
2.741600040000000149e+02 4.831430369994999841e+06 4.635478400269999984e+05
2.742699890000000096e+02 4.831430359985000454e+06 4.635478300169999711e+05
2.737900089999999977e+02 4.831430290009000339e+06 4.635479500119999866e+05
2.739899899999999775e+02 4.831430260010000318e+06 4.635479400020000176e+05
2.739100040000000149e+02 4.831430239989999682e+06 4.635478599849999882e+05
2.740000000000000000e+02 4.831430260010000318e+06 4.635478699950000155e+05
2.739200129999999831e+02 4.831430299987999722e+06 4.635478200070000021e+05
2.739599910000000023e+02 4.831430309998000041e+06 4.635478300169999711e+05
2.739200129999999831e+02 4.831430320007000118e+06 4.635478099979999824e+05
2.739800109999999904e+02 4.831430320007000118e+06 4.635478099979999824e+05
2.739200129999999831e+02 4.831430369994999841e+06 4.635477999880000134e+05
2.739899899999999775e+02 4.831430359985000454e+06 4.635477899779999861e+05
2.744299930000000245e+02 4.831430239989999682e+06 4.635479000239999732e+05
2.745199890000000096e+02 4.831430239989999682e+06 4.635479299929999979e+05
2.744500120000000152e+02 4.831430239989999682e+06 4.635479400020000176e+05
2.742900089999999977e+02 4.831430179992999882e+06 4.635479199830000289e+05
2.745100100000000225e+02 4.831430209990999661e+06 4.635479500119999866e+05
2.742399899999999775e+02 4.831430179992999882e+06 4.635479699709999841e+05
2.741400150000000053e+02 4.831430160004000179e+06 4.635480100100000273e+05
2.744100040000000149e+02 4.831430279999000020e+06 4.635479299929999979e+05
2.743800049999999828e+02 4.831430269988999702e+06 4.635479099730000016e+05
2.743099980000000073e+02 4.831430269988999702e+06 4.635479099730000016e+05
2.744299930000000245e+02 4.831430269988999702e+06 4.635479400020000176e+05
2.743900150000000053e+02 4.831430260010000318e+06 4.635479299929999979e+05
2.743099980000000073e+02 4.831430269988999702e+06 4.635479299929999979e+05
2.742900089999999977e+02 4.831430250000000000e+06 4.635479199830000289e+05
2.743299870000000169e+02 4.831430239989999682e+06 4.635479299929999979e+05
2.743599849999999947e+02 4.831430230011000298e+06 4.635479600220000139e+05
2.743699950000000172e+02 4.831430220000999980e+06 4.635479699709999841e+05
2.742799989999999752e+02 4.831430299987999722e+06 4.635479199830000289e+05
2.733399959999999851e+02 4.831429980011000298e+06 4.635473900150000118e+05
2.737500000000000000e+02 4.831430000000000000e+06 4.635474000239999732e+05
2.733200069999999755e+02 4.831430269988999702e+06 4.635477299800000037e+05
2.736700129999999831e+02 4.831430239989999682e+06 4.635477800290000159e+05
2.736099849999999947e+02 4.831430230011000298e+06 4.635477899779999861e+05
2.735700069999999755e+02 4.831430220000999980e+06 4.635477800290000159e+05
2.734899899999999775e+02 4.831430220000999980e+06 4.635477899779999861e+05
2.734400019999999927e+02 4.831430209990999661e+06 4.635477999880000134e+05
2.733699950000000172e+02 4.831430209990999661e+06 4.635478099979999824e+05
2.736799930000000245e+02 4.831430220000999980e+06 4.635478200070000021e+05
2.736300049999999828e+02 4.831430209990999661e+06 4.635478200070000021e+05
2.735799870000000169e+02 4.831430200012000278e+06 4.635478200070000021e+05
2.733699950000000172e+02 4.831430190001999959e+06 4.635478400269999984e+05
2.736000060000000076e+02 4.831430190001999959e+06 4.635478599849999882e+05
2.735400089999999977e+02 4.831430179992999882e+06 4.635478699950000155e+05
2.735100100000000225e+02 4.831430190001999959e+06 4.635479199830000289e+05
2.735299989999999752e+02 4.831430000000000000e+06 4.635473699950000155e+05
2.736900019999999927e+02 4.831429980011000298e+06 4.635473800049999845e+05
2.733200069999999755e+02 4.831430010010000318e+06 4.635473900150000118e+05
2.733299870000000169e+02 4.831430010010000318e+06 4.635474199830000289e+05
2.734599910000000023e+02 4.831429989989999682e+06 4.635474299929999979e+05
2.733999939999999924e+02 4.831429989989999682e+06 4.635474299929999979e+05
2.739100040000000149e+02 4.831430269988999702e+06 4.635478499760000268e+05
2.738599849999999947e+02 4.831430260010000318e+06 4.635478499760000268e+05
2.737999879999999848e+02 4.831430260010000318e+06 4.635478499760000268e+05
2.736400150000000053e+02 4.831430239989999682e+06 4.635478300169999711e+05
2.738800049999999828e+02 4.831430260010000318e+06 4.635478699950000155e+05
2.738500060000000076e+02 4.831430230011000298e+06 4.635478499760000268e+05
2.738099980000000073e+02 4.831430230011000298e+06 4.635478499760000268e+05
2.736600040000000149e+02 4.831430209990999661e+06 4.635478300169999711e+05
2.738500060000000076e+02 4.831430209990999661e+06 4.635478599849999882e+05
2.736700129999999831e+02 4.831430209990999661e+06 4.635478499760000268e+05
2.736799930000000245e+02 4.831430209990999661e+06 4.635478699950000155e+05
2.736499939999999924e+02 4.831430190001999959e+06 4.635478599849999882e+05
2.735499879999999848e+02 4.831430209990999661e+06 4.635478599849999882e+05
2.737099910000000023e+02 4.831430200012000278e+06 4.635478900150000118e+05
2.736300049999999828e+02 4.831430209990999661e+06 4.635478900150000118e+05
2.735599980000000073e+02 4.831430200012000278e+06 4.635478800049999845e+05
2.735299989999999752e+02 4.831430190001999959e+06 4.635478699950000155e+05
2.737399899999999775e+02 4.831430200012000278e+06 4.635479099730000016e+05
2.737000120000000152e+02 4.831430179992999882e+06 4.635479000239999732e+05
2.735499879999999848e+02 4.831430200012000278e+06 4.635479000239999732e+05
2.734800109999999904e+02 4.831430209990999661e+06 4.635479099730000016e+05
2.737500000000000000e+02 4.831430190001999959e+06 4.635479199830000289e+05
2.737099910000000023e+02 4.831430170013000257e+06 4.635479099730000016e+05
2.735400089999999977e+02 4.831430200012000278e+06 4.635479199830000289e+05
2.734500120000000152e+02 4.831430209990999661e+06 4.635479299929999979e+05
2.737600100000000225e+02 4.831430170013000257e+06 4.635479400020000176e+05
2.736700129999999831e+02 4.831430190001999959e+06 4.635479500119999866e+05
2.740899959999999851e+02 4.831430250000000000e+06 4.635478599849999882e+05
2.740799870000000169e+02 4.831430299987999722e+06 4.635478099979999824e+05
2.740899959999999851e+02 4.831430290009000339e+06 4.635477700199999963e+05
2.741000060000000076e+02 4.831430260010000318e+06 4.635477999880000134e+05
2.742399899999999775e+02 4.831430299987999722e+06 4.635478200070000021e+05
2.744800109999999904e+02 4.831430269988999702e+06 4.635479600220000139e+05
2.741300049999999828e+02 4.831430250000000000e+06 4.635479400020000176e+05
2.743099980000000073e+02 4.831430260010000318e+06 4.635479199830000289e+05
2.743800049999999828e+02 4.831430269988999702e+06 4.635479199830000289e+05
2.744700010000000248e+02 4.831430269988999702e+06 4.635479099730000016e+05
2.745400089999999977e+02 4.831430279999000020e+06 4.635479000239999732e+05
2.741400150000000053e+02 4.831430209990999661e+06 4.635478599849999882e+05
2.742500000000000000e+02 4.831430260010000318e+06 4.635478800049999845e+05
2.743599849999999947e+02 4.831430269988999702e+06 4.635478699950000155e+05
2.744299930000000245e+02 4.831430279999000020e+06 4.635478599849999882e+05
2.744800109999999904e+02 4.831430290009000339e+06 4.635478599849999882e+05
2.745299989999999752e+02 4.831430299987999722e+06 4.635478599849999882e+05
2.741400150000000053e+02 4.831430230011000298e+06 4.635478400269999984e+05
2.741700129999999831e+02 4.831430250000000000e+06 4.635478499760000268e+05
2.742099910000000023e+02 4.831430260010000318e+06 4.635478499760000268e+05
2.742799989999999752e+02 4.831430269988999702e+06 4.635478400269999984e+05
2.743200069999999755e+02 4.831430290009000339e+06 4.635478499760000268e+05
2.744100040000000149e+02 4.831430290009000339e+06 4.635478400269999984e+05
2.744599910000000023e+02 4.831430309998000041e+06 4.635478400269999984e+05
2.745100100000000225e+02 4.831430329986999743e+06 4.635478400269999984e+05
2.745499879999999848e+02 4.831430339995999821e+06 4.635478499760000268e+05
2.741499939999999924e+02 4.831430269988999702e+06 4.635477999880000134e+05
2.741799930000000245e+02 4.831430290009000339e+06 4.635478099979999824e+05
2.742600100000000225e+02 4.831430299987999722e+06 4.635477999880000134e+05
2.742999879999999848e+02 4.831430320007000118e+06 4.635478099979999824e+05
2.743500060000000076e+02 4.831430339995999821e+06 4.635478099979999824e+05
2.743800049999999828e+02 4.831430359985000454e+06 4.635478200070000021e+05
2.744200129999999831e+02 4.831430380005000159e+06 4.635478300169999711e+05
2.744299930000000245e+02 4.831430410004000179e+06 4.635478400269999984e+05
2.744700010000000248e+02 4.831430420013000257e+06 4.635478499760000268e+05
2.744599910000000023e+02 4.831430450012000278e+06 4.635478599849999882e+05
2.741300049999999828e+02 4.831430309998000041e+06 4.635477800290000159e+05
2.742300109999999904e+02 4.831430350006000139e+06 4.635477899779999861e+05
2.742699890000000096e+02 4.831430359985000454e+06 4.635477899779999861e+05
2.742699890000000096e+02 4.831430390014999546e+06 4.635477999880000134e+05
2.742900089999999977e+02 4.831430410004000179e+06 4.635478099979999824e+05
2.742999879999999848e+02 4.831430429992999882e+06 4.635478200070000021e+05
2.743500060000000076e+02 4.831430440001999959e+06 4.635478300169999711e+05
2.745100100000000225e+02 4.831430250000000000e+06 4.635479299929999979e+05
2.744400019999999927e+02 4.831430239989999682e+06 4.635479199830000289e+05
2.744899899999999775e+02 4.831430260010000318e+06 4.635479099730000016e+05
2.743699950000000172e+02 4.831430239989999682e+06 4.635479000239999732e+05
2.744500120000000152e+02 4.831430250000000000e+06 4.635478800049999845e+05
2.745199890000000096e+02 4.831430269988999702e+06 4.635478699950000155e+05
2.743599849999999947e+02 4.831430250000000000e+06 4.635478800049999845e+05
2.744299930000000245e+02 4.831430260010000318e+06 4.635478699950000155e+05
2.745000000000000000e+02 4.831430279999000020e+06 4.635478499760000268e+05
2.742900089999999977e+02 4.831430239989999682e+06 4.635478699950000155e+05
2.743599849999999947e+02 4.831430260010000318e+06 4.635478499760000268e+05
2.743800049999999828e+02 4.831430279999000020e+06 4.635478599849999882e+05
2.745100100000000225e+02 4.831430309998000041e+06 4.635478400269999984e+05
2.745499879999999848e+02 4.831430329986999743e+06 4.635478300169999711e+05
2.742699890000000096e+02 4.831430239989999682e+06 4.635478400269999984e+05
2.743099980000000073e+02 4.831430260010000318e+06 4.635478400269999984e+05
2.743599849999999947e+02 4.831430279999000020e+06 4.635478300169999711e+05
2.744200129999999831e+02 4.831430299987999722e+06 4.635478300169999711e+05
2.744700010000000248e+02 4.831430320007000118e+06 4.635478200070000021e+05
2.744899899999999775e+02 4.831430350006000139e+06 4.635478300169999711e+05
2.745100100000000225e+02 4.831430399993999861e+06 4.635478599849999882e+05
2.745000000000000000e+02 4.831430429992999882e+06 4.635478900150000118e+05
2.741799930000000245e+02 4.831430239989999682e+06 4.635478099979999824e+05
2.742300109999999904e+02 4.831430260010000318e+06 4.635478099979999824e+05
2.742900089999999977e+02 4.831430269988999702e+06 4.635477999880000134e+05
2.742999879999999848e+02 4.831430299987999722e+06 4.635478099979999824e+05
2.741700129999999831e+02 4.831430299987999722e+06 4.635477800290000159e+05
2.742099910000000023e+02 4.831430329986999743e+06 4.635477800290000159e+05
2.738599849999999947e+02 4.831430279999000020e+06 4.635478699950000155e+05
2.739299930000000245e+02 4.831430279999000020e+06 4.635478699950000155e+05
2.739800109999999904e+02 4.831430269988999702e+06 4.635477999880000134e+05
2.740299989999999752e+02 4.831430290009000339e+06 4.635477999880000134e+05
2.736300049999999828e+02 4.831430309998000041e+06 4.635477399899999727e+05
2.734200129999999831e+02 4.831430320007000118e+06 4.635477100220000139e+05
2.734700010000000248e+02 4.831430329986999743e+06 4.635477199709999841e+05
2.734400019999999927e+02 4.831430329986999743e+06 4.635477100220000139e+05
2.735199890000000096e+02 4.831430329986999743e+06 4.635477100220000139e+05
2.736300049999999828e+02 4.831430309998000041e+06 4.635477299800000037e+05
2.734800109999999904e+02 4.831430299987999722e+06 4.635477299800000037e+05
2.738399959999999851e+02 4.831430309998000041e+06 4.635477399899999727e+05
2.740000000000000000e+02 4.831430239989999682e+06 4.635478599849999882e+05
2.738099980000000073e+02 4.831430260010000318e+06 4.635478400269999984e+05
2.739100040000000149e+02 4.831430260010000318e+06 4.635478300169999711e+05
2.740000000000000000e+02 4.831430260010000318e+06 4.635478200070000021e+05
2.737200010000000248e+02 4.831430239989999682e+06 4.635477999880000134e+05
2.738500060000000076e+02 4.831430269988999702e+06 4.635477899779999861e+05
2.739299930000000245e+02 4.831430269988999702e+06 4.635477899779999861e+05
2.740000000000000000e+02 4.831430279999000020e+06 4.635477800290000159e+05
2.736700129999999831e+02 4.831430269988999702e+06 4.635477600100000273e+05
2.737399899999999775e+02 4.831430279999000020e+06 4.635477600100000273e+05
2.738299870000000169e+02 4.831430290009000339e+06 4.635477500000000000e+05
2.738900150000000053e+02 4.831430309998000041e+06 4.635477500000000000e+05
2.739400019999999927e+02 4.831430320007000118e+06 4.635477500000000000e+05
2.739899899999999775e+02 4.831430329986999743e+06 4.635477500000000000e+05
2.735599980000000073e+02 4.831430279999000020e+06 4.635477299800000037e+05
2.735899959999999851e+02 4.831430299987999722e+06 4.635477299800000037e+05
2.737600100000000225e+02 4.831430339995999821e+06 4.635477299800000037e+05
2.738299870000000169e+02 4.831430350006000139e+06 4.635477299800000037e+05
2.738900150000000053e+02 4.831430420013000257e+06 4.635477600100000273e+05
2.737399899999999775e+02 4.831430230011000298e+06 4.635477999880000134e+05
2.738099980000000073e+02 4.831430250000000000e+06 4.635477800290000159e+05
2.739100040000000149e+02 4.831430269988999702e+06 4.635477600100000273e+05
2.739700010000000248e+02 4.831430290009000339e+06 4.635477500000000000e+05
2.736400150000000053e+02 4.831430250000000000e+06 4.635477500000000000e+05
2.737200010000000248e+02 4.831430269988999702e+06 4.635477399899999727e+05
2.740499879999999848e+02 4.831430329986999743e+06 4.635477800290000159e+05
2.744800109999999904e+02 4.831430329986999743e+06 4.635478499760000268e+05
2.745299989999999752e+02 4.831430279999000020e+06 4.635479099730000016e+05
2.744100040000000149e+02 4.831430279999000020e+06 4.635478800049999845e+05
2.742699890000000096e+02 4.831430279999000020e+06 4.635478499760000268e+05
2.741400150000000053e+02 4.831430290009000339e+06 4.635478200070000021e+05
2.745499879999999848e+02 4.831430269988999702e+06 4.635480000000000000e+05
2.744700010000000248e+02 4.831430250000000000e+06 4.635479699709999841e+05
2.743500060000000076e+02 4.831430250000000000e+06 4.635479400020000176e+05
2.742600100000000225e+02 4.831430250000000000e+06 4.635479199830000289e+05
2.741900019999999927e+02 4.831430239989999682e+06 4.635479000239999732e+05
2.741400150000000053e+02 4.831430230011000298e+06 4.635478800049999845e+05
2.741099849999999947e+02 4.831430279999000020e+06 4.635480000000000000e+05
2.741099849999999947e+02 4.831430260010000318e+06 4.635479799800000037e+05
2.741000060000000076e+02 4.831430230011000298e+06 4.635479600220000139e+05
2.734100040000000149e+02 4.831430380005000159e+06 4.635477000119999866e+05
2.735100100000000225e+02 4.831430350006000139e+06 4.635477000119999866e+05
2.735899959999999851e+02 4.831430380005000159e+06 4.635477399899999727e+05
2.735899959999999851e+02 4.831430350006000139e+06 4.635477199709999841e+05
2.735400089999999977e+02 4.831430329986999743e+06 4.635477100220000139e+05
2.736499939999999924e+02 4.831430339995999821e+06 4.635477399899999727e+05
2.736499939999999924e+02 4.831430320007000118e+06 4.635477199709999841e+05
2.735799870000000169e+02 4.831430290009000339e+06 4.635477199709999841e+05
2.738299870000000169e+02 4.831430329986999743e+06 4.635477600100000273e+05
2.739899899999999775e+02 4.831430299987999722e+06 4.635477700199999963e+05
2.739299930000000245e+02 4.831430279999000020e+06 4.635477600100000273e+05
2.738599849999999947e+02 4.831430260010000318e+06 4.635477600100000273e+05
2.737000120000000152e+02 4.831430239989999682e+06 4.635477700199999963e+05
2.736799930000000245e+02 4.831430220000999980e+06 4.635477600100000273e+05
2.739400019999999927e+02 4.831430239989999682e+06 4.635477999880000134e+05
2.737699890000000096e+02 4.831430220000999980e+06 4.635478099979999824e+05
2.737099910000000023e+02 4.831430200012000278e+06 4.635478099979999824e+05
2.736600040000000149e+02 4.831430109985000454e+06 4.635473599849999882e+05
2.735599980000000073e+02 4.831430100006000139e+06 4.635473900150000118e+05
2.736400150000000053e+02 4.831430070007000118e+06 4.635473699950000155e+05
2.733900150000000053e+02 4.831430089995999821e+06 4.635474199830000289e+05
2.734299930000000245e+02 4.831430059998000041e+06 4.635474000239999732e+05
2.733699950000000172e+02 4.831430040009000339e+06 4.635473800049999845e+05
2.733299870000000169e+02 4.831430350006000139e+06 4.635477000119999866e+05
2.735299989999999752e+02 4.831430309998000041e+06 4.635477199709999841e+05
2.734299930000000245e+02 4.831430299987999722e+06 4.635477100220000139e+05
2.735700069999999755e+02 4.831430290009000339e+06 4.635477500000000000e+05
2.734200129999999831e+02 4.831430290009000339e+06 4.635477299800000037e+05
2.733099980000000073e+02 4.831430269988999702e+06 4.635477199709999841e+05
2.733599849999999947e+02 4.831430230011000298e+06 4.635477899779999861e+05
2.736600040000000149e+02 4.831430149993999861e+06 4.635473599849999882e+05
2.737699890000000096e+02 4.831430100006000139e+06 4.635473599849999882e+05
2.734299930000000245e+02 4.831430170013000257e+06 4.635474000239999732e+05
2.735299989999999752e+02 4.831430119994999841e+06 4.635474000239999732e+05
2.735899959999999851e+02 4.831430079986999743e+06 4.635473900150000118e+05
2.733299870000000169e+02 4.831430119994999841e+06 4.635474299929999979e+05
2.733599849999999947e+02 4.831430089995999821e+06 4.635474199830000289e+05
2.733500060000000076e+02 4.831430070007000118e+06 4.635474099730000016e+05
2.740000000000000000e+02 4.831430290009000339e+06 4.635477899779999861e+05
2.739899899999999775e+02 4.831430230011000298e+06 4.635478400269999984e+05
2.738200069999999755e+02 4.831430250000000000e+06 4.635478099979999824e+05
2.738500060000000076e+02 4.831430260010000318e+06 4.635479099730000016e+05
2.744599910000000023e+02 4.831430339995999821e+06 4.635477899779999861e+05
2.744700010000000248e+02 4.831430369994999841e+06 4.635478099979999824e+05
2.744899899999999775e+02 4.831430399993999861e+06 4.635478200070000021e+05
2.744899899999999775e+02 4.831430429992999882e+06 4.635478300169999711e+05
2.744700010000000248e+02 4.831430450012000278e+06 4.635478499760000268e+05
2.741099849999999947e+02 4.831430260010000318e+06 4.635477700199999963e+05
2.741499939999999924e+02 4.831430299987999722e+06 4.635477800290000159e+05
2.742900089999999977e+02 4.831430369994999841e+06 4.635477700199999963e+05
2.742900089999999977e+02 4.831430390014999546e+06 4.635477800290000159e+05
2.742799989999999752e+02 4.831430440001999959e+06 4.635478099979999824e+05
2.740199890000000096e+02 4.831430390014999546e+06 4.635477399899999727e+05
2.734299930000000245e+02 4.831430459990999661e+06 4.635477399899999727e+05
2.733699950000000172e+02 4.831430100006000139e+06 4.635473699950000155e+05
2.733200069999999755e+02 4.831430119994999841e+06 4.635473800049999845e+05
2.733099980000000073e+02 4.831430149993999861e+06 4.635473900150000118e+05
2.733200069999999755e+02 4.831430179992999882e+06 4.635474099730000016e+05
2.735000000000000000e+02 4.831430170013000257e+06 4.635473599849999882e+05
2.734299930000000245e+02 4.831430190001999959e+06 4.635473699950000155e+05
2.733200069999999755e+02 4.831430220000999980e+06 4.635473800049999845e+05
2.736400150000000053e+02 4.831430350006000139e+06 4.635476799929999979e+05
2.734299930000000245e+02 4.831430160004000179e+06 4.635473599849999882e+05
2.738099980000000073e+02 4.831430359985000454e+06 4.635476900020000176e+05
2.736799930000000245e+02 4.831430359985000454e+06 4.635476500239999732e+05
2.736499939999999924e+02 4.831430380005000159e+06 4.635476699830000289e+05
2.736600040000000149e+02 4.831430410004000179e+06 4.635476900020000176e+05
2.736600040000000149e+02 4.831430440001999959e+06 4.635477000119999866e+05
2.736099849999999947e+02 4.831430450012000278e+06 4.635477199709999841e+05
2.734700010000000248e+02 4.831430440001999959e+06 4.635476799929999979e+05
2.734299930000000245e+02 4.831430459990999661e+06 4.635477000119999866e+05
2.741099849999999947e+02 4.831430410004000179e+06 4.635478400269999984e+05
2.742099910000000023e+02 4.831430390014999546e+06 4.635478099979999824e+05
2.742200010000000248e+02 4.831430369994999841e+06 4.635477999880000134e+05
2.741900019999999927e+02 4.831430320007000118e+06 4.635477800290000159e+05
2.741799930000000245e+02 4.831430279999000020e+06 4.635477600100000273e+05
2.741000060000000076e+02 4.831430420013000257e+06 4.635478200070000021e+05
2.741000060000000076e+02 4.831430429992999882e+06 4.635478599849999882e+05
2.742099910000000023e+02 4.831430440001999959e+06 4.635478699950000155e+05
2.741400150000000053e+02 4.831430420013000257e+06 4.635479000239999732e+05
2.742000120000000152e+02 4.831430420013000257e+06 4.635478900150000118e+05
2.742000120000000152e+02 4.831430410004000179e+06 4.635479299929999979e+05
2.742900089999999977e+02 4.831430410004000179e+06 4.635479400020000176e+05
2.744100040000000149e+02 4.831430420013000257e+06 4.635479500119999866e+05
2.741499939999999924e+02 4.831430369994999841e+06 4.635479500119999866e+05
2.743399959999999851e+02 4.831430410004000179e+06 4.635479799800000037e+05
2.743999939999999924e+02 4.831430399993999861e+06 4.635479799800000037e+05
2.742300109999999904e+02 4.831430299987999722e+06 4.635479500119999866e+05
2.745199890000000096e+02 4.831430369994999841e+06 4.635480100100000273e+05
2.745000000000000000e+02 4.831430450012000278e+06 4.635479099730000016e+05
2.741000060000000076e+02 4.831430440001999959e+06 4.635478900150000118e+05
2.742099910000000023e+02 4.831430429992999882e+06 4.635479099730000016e+05
2.743200069999999755e+02 4.831430429992999882e+06 4.635479299929999979e+05
2.741400150000000053e+02 4.831430390014999546e+06 4.635479500119999866e+05
2.742900089999999977e+02 4.831430380005000159e+06 4.635479699709999841e+05
2.743500060000000076e+02 4.831430369994999841e+06 4.635479799800000037e+05
2.744400019999999927e+02 4.831430359985000454e+06 4.635480000000000000e+05
2.741000060000000076e+02 4.831430299987999722e+06 4.635479600220000139e+05
2.741300049999999828e+02 4.831430260010000318e+06 4.635479299929999979e+05
2.741199950000000172e+02 4.831430209990999661e+06 4.635478900150000118e+05
2.735000000000000000e+02 4.831430160004000179e+06 4.635473800049999845e+05
2.735199890000000096e+02 4.831430390014999546e+06 4.635477100220000139e+05
2.738800049999999828e+02 4.831430200012000278e+06 4.635473599849999882e+05
2.739500120000000152e+02 4.831430190001999959e+06 4.635473599849999882e+05
2.733299870000000169e+02 4.831430429992999882e+06 4.635476900020000176e+05
2.734400019999999927e+02 4.831430429992999882e+06 4.635477000119999866e+05
2.733399959999999851e+02 4.831430440001999959e+06 4.635477500000000000e+05
2.734100040000000149e+02 4.831430440001999959e+06 4.635477500000000000e+05
2.735100100000000225e+02 4.831430440001999959e+06 4.635477500000000000e+05
2.735700069999999755e+02 4.831430429992999882e+06 4.635477500000000000e+05
2.736300049999999828e+02 4.831430420013000257e+06 4.635477500000000000e+05
2.737500000000000000e+02 4.831430420013000257e+06 4.635477600100000273e+05
2.733500060000000076e+02 4.831430429992999882e+06 4.635477999880000134e+05
2.734200129999999831e+02 4.831430429992999882e+06 4.635477999880000134e+05
2.735199890000000096e+02 4.831430429992999882e+06 4.635478099979999824e+05
2.735899959999999851e+02 4.831430429992999882e+06 4.635478099979999824e+05
2.737900089999999977e+02 4.831430440001999959e+06 4.635478200070000021e+05
2.738800049999999828e+02 4.831430429992999882e+06 4.635478200070000021e+05
2.739800109999999904e+02 4.831430440001999959e+06 4.635478300169999711e+05
2.740299989999999752e+02 4.831430429992999882e+06 4.635478200070000021e+05
2.733500060000000076e+02 4.831430420013000257e+06 4.635478300169999711e+05
2.734100040000000149e+02 4.831430410004000179e+06 4.635478200070000021e+05
2.737799989999999752e+02 4.831430429992999882e+06 4.635478499760000268e+05
2.738200069999999755e+02 4.831430420013000257e+06 4.635478499760000268e+05
2.739299930000000245e+02 4.831430429992999882e+06 4.635478599849999882e+05
2.740000000000000000e+02 4.831430420013000257e+06 4.635478599849999882e+05
2.734100040000000149e+02 4.831430399993999861e+06 4.635478499760000268e+05
2.737000120000000152e+02 4.831430399993999861e+06 4.635478599849999882e+05
2.737900089999999977e+02 4.831430399993999861e+06 4.635478699950000155e+05
2.739899899999999775e+02 4.831430429992999882e+06 4.635479000239999732e+05
2.740499879999999848e+02 4.831430420013000257e+06 4.635478900150000118e+05
2.734500120000000152e+02 4.831430339995999821e+06 4.635478599849999882e+05
2.735400089999999977e+02 4.831430350006000139e+06 4.635478599849999882e+05
2.736600040000000149e+02 4.831430359985000454e+06 4.635478699950000155e+05
2.739599910000000023e+02 4.831430390014999546e+06 4.635479099730000016e+05
2.740299989999999752e+02 4.831430390014999546e+06 4.635479099730000016e+05
2.740299989999999752e+02 4.831430369994999841e+06 4.635479400020000176e+05
2.734599910000000023e+02 4.831430450012000278e+06 4.635477600100000273e+05
2.736300049999999828e+02 4.831430459990999661e+06 4.635477999880000134e+05
2.736799930000000245e+02 4.831430450012000278e+06 4.635477999880000134e+05
2.737699890000000096e+02 4.831430440001999959e+06 4.635478200070000021e+05
2.738699950000000172e+02 4.831430440001999959e+06 4.635478400269999984e+05
2.739800109999999904e+02 4.831430440001999959e+06 4.635478599849999882e+05
2.736600040000000149e+02 4.831430429992999882e+06 4.635478699950000155e+05
2.737099910000000023e+02 4.831430410004000179e+06 4.635478699950000155e+05
2.737999879999999848e+02 4.831430399993999861e+06 4.635478800049999845e+05
2.739100040000000149e+02 4.831430399993999861e+06 4.635479000239999732e+05
2.739700010000000248e+02 4.831430380005000159e+06 4.635479099730000016e+05
2.733500060000000076e+02 4.831430390014999546e+06 4.635478499760000268e+05
2.733999939999999924e+02 4.831430369994999841e+06 4.635478499760000268e+05
2.735100100000000225e+02 4.831430369994999841e+06 4.635478800049999845e+05
2.735400089999999977e+02 4.831430350006000139e+06 4.635478699950000155e+05
2.736300049999999828e+02 4.831430339995999821e+06 4.635478800049999845e+05
2.737300109999999904e+02 4.831430339995999821e+06 4.635479000239999732e+05
2.737699890000000096e+02 4.831430320007000118e+06 4.635479000239999732e+05
2.738299870000000169e+02 4.831430299987999722e+06 4.635479000239999732e+05
2.739400019999999927e+02 4.831430299987999722e+06 4.635479199830000289e+05
2.740499879999999848e+02 4.831430440001999959e+06 4.635479199830000289e+05
2.745299989999999752e+02 4.831430359985000454e+06 4.635480200199999963e+05
2.745100100000000225e+02 4.831430429992999882e+06 4.635479699709999841e+05
2.741499939999999924e+02 4.831430390014999546e+06 4.635479400020000176e+05
2.745299989999999752e+02 4.831430459990999661e+06 4.635479099730000016e+05
2.744400019999999927e+02 4.831430410004000179e+06 4.635479699709999841e+05
2.745000000000000000e+02 4.831430459990999661e+06 4.635479299929999979e+05
2.744599910000000023e+02 4.831430429992999882e+06 4.635479699709999841e+05
2.745000000000000000e+02 4.831430399993999861e+06 4.635478200070000021e+05
2.744800109999999904e+02 4.831430429992999882e+06 4.635478300169999711e+05
2.744700010000000248e+02 4.831430450012000278e+06 4.635478499760000268e+05
2.741499939999999924e+02 4.831430420013000257e+06 4.635479299929999979e+05
2.742799989999999752e+02 4.831430410004000179e+06 4.635477700199999963e+05
2.742799989999999752e+02 4.831430440001999959e+06 4.635477899779999861e+05
2.742500000000000000e+02 4.831430459990999661e+06 4.635478099979999824e+05
2.739400019999999927e+02 4.831430359985000454e+06 4.635479099730000016e+05
2.737900089999999977e+02 4.831430339995999821e+06 4.635478900150000118e+05
2.736900019999999927e+02 4.831430320007000118e+06 4.635478800049999845e+05
2.736499939999999924e+02 4.831430339995999821e+06 4.635478900150000118e+05
2.740400089999999977e+02 4.831430429992999882e+06 4.635478800049999845e+05
2.739899899999999775e+02 4.831430440001999959e+06 4.635478800049999845e+05
2.738299870000000169e+02 4.831430420013000257e+06 4.635478699950000155e+05
2.737699890000000096e+02 4.831430429992999882e+06 4.635478699950000155e+05
2.737099910000000023e+02 4.831430429992999882e+06 4.635478599849999882e+05
2.736300049999999828e+02 4.831430420013000257e+06 4.635478599849999882e+05
2.735499879999999848e+02 4.831430410004000179e+06 4.635478499760000268e+05
2.734700010000000248e+02 4.831430410004000179e+06 4.635478499760000268e+05
2.733999939999999924e+02 4.831430410004000179e+06 4.635478400269999984e+05
2.733299870000000169e+02 4.831430399993999861e+06 4.635478400269999984e+05
2.739100040000000149e+02 4.831430440001999959e+06 4.635477899779999861e+05
2.738500060000000076e+02 4.831430450012000278e+06 4.635477899779999861e+05
2.737799989999999752e+02 4.831430440001999959e+06 4.635477800290000159e+05
2.737399899999999775e+02 4.831430450012000278e+06 4.635477899779999861e+05
2.737000120000000152e+02 4.831430459990999661e+06 4.635477899779999861e+05
2.736400150000000053e+02 4.831430459990999661e+06 4.635477899779999861e+05
2.735799870000000169e+02 4.831430459990999661e+06 4.635477899779999861e+05
2.735100100000000225e+02 4.831430459990999661e+06 4.635477899779999861e+05
2.734400019999999927e+02 4.831430459990999661e+06 4.635477800290000159e+05
2.733800049999999828e+02 4.831430459990999661e+06 4.635477800290000159e+05
2.733099980000000073e+02 4.831430459990999661e+06 4.635477800290000159e+05
2.737600100000000225e+02 4.831430459990999661e+06 4.635477399899999727e+05
2.736799930000000245e+02 4.831430450012000278e+06 4.635477299800000037e+05
2.736199950000000172e+02 4.831430450012000278e+06 4.635477299800000037e+05
2.735700069999999755e+02 4.831430459990999661e+06 4.635477299800000037e+05
2.734400019999999927e+02 4.831430459990999661e+06 4.635477299800000037e+05
2.733800049999999828e+02 4.831430149993999861e+06 4.635473699950000155e+05
2.733500060000000076e+02 4.831430170013000257e+06 4.635473800049999845e+05
2.733099980000000073e+02 4.831430179992999882e+06 4.635473900150000118e+05
2.733500060000000076e+02 4.831430200012000278e+06 4.635473699950000155e+05
2.738200069999999755e+02 4.831430420013000257e+06 4.635478599849999882e+05
2.737600100000000225e+02 4.831430410004000179e+06 4.635478699950000155e+05
2.738599849999999947e+02 4.831430429992999882e+06 4.635478599849999882e+05
2.737799989999999752e+02 4.831430420013000257e+06 4.635478599849999882e+05
2.739400019999999927e+02 4.831430440001999959e+06 4.635478400269999984e+05
2.738999939999999924e+02 4.831430450012000278e+06 4.635478499760000268e+05
2.737900089999999977e+02 4.831430420013000257e+06 4.635478400269999984e+05
2.739700010000000248e+02 4.831430450012000278e+06 4.635478200070000021e+05
2.739100040000000149e+02 4.831430459990999661e+06 4.635478300169999711e+05
2.737699890000000096e+02 4.831430429992999882e+06 4.635478300169999711e+05
2.739899899999999775e+02 4.831430429992999882e+06 4.635477700199999963e+05
2.739599910000000023e+02 4.831430440001999959e+06 4.635477899779999861e+05
2.739299930000000245e+02 4.831430459990999661e+06 4.635477999880000134e+05
2.738699950000000172e+02 4.831430459990999661e+06 4.635478099979999824e+05
2.738099980000000073e+02 4.831430459990999661e+06 4.635478200070000021e+05
2.736000060000000076e+02 4.831430450012000278e+06 4.635478400269999984e+05
2.739599910000000023e+02 4.831430429992999882e+06 4.635477500000000000e+05
2.739400019999999927e+02 4.831430450012000278e+06 4.635477700199999963e+05
2.736099849999999947e+02 4.831430450012000278e+06 4.635478099979999824e+05
2.735599980000000073e+02 4.831430450012000278e+06 4.635478200070000021e+05
2.736700129999999831e+02 4.831430390014999546e+06 4.635476799929999979e+05
2.737099910000000023e+02 4.831430450012000278e+06 4.635477100220000139e+05
2.734700010000000248e+02 4.831430220000999980e+06 4.635473699950000155e+05
2.734200129999999831e+02 4.831430209990999661e+06 4.635473699950000155e+05
2.740199890000000096e+02 4.831430450012000278e+06 4.635478699950000155e+05
2.737300109999999904e+02 4.831430429992999882e+06 4.635478599849999882e+05
2.740799870000000169e+02 4.831430459990999661e+06 4.635478300169999711e+05
2.740700069999999755e+02 4.831430420013000257e+06 4.635478599849999882e+05
2.740499879999999848e+02 4.831430429992999882e+06 4.635478699950000155e+05
2.740599980000000073e+02 4.831430380005000159e+06 4.635479099730000016e+05
2.740599980000000073e+02 4.831430329986999743e+06 4.635479500119999866e+05
2.740700069999999755e+02 4.831430420013000257e+06 4.635479099730000016e+05
2.740899959999999851e+02 4.831430440001999959e+06 4.635478099979999824e+05
2.741000060000000076e+02 4.831430429992999882e+06 4.635478099979999824e+05
2.741600040000000149e+02 4.831430429992999882e+06 4.635478099979999824e+05
2.742000120000000152e+02 4.831430420013000257e+06 4.635477999880000134e+05
2.742600100000000225e+02 4.831430410004000179e+06 4.635477899779999861e+05
2.743099980000000073e+02 4.831430399993999861e+06 4.635477800290000159e+05
2.741199950000000172e+02 4.831430420013000257e+06 4.635478599849999882e+05
2.742900089999999977e+02 4.831430440001999959e+06 4.635478499760000268e+05
2.743399959999999851e+02 4.831430429992999882e+06 4.635478400269999984e+05
2.744200129999999831e+02 4.831430459990999661e+06 4.635478499760000268e+05
2.744299930000000245e+02 4.831430420013000257e+06 4.635478200070000021e+05
2.744700010000000248e+02 4.831430399993999861e+06 4.635478099979999824e+05
2.745100100000000225e+02 4.831430380005000159e+06 4.635477999880000134e+05
2.741499939999999924e+02 4.831430410004000179e+06 4.635479099730000016e+05
2.742099910000000023e+02 4.831430420013000257e+06 4.635479000239999732e+05
2.742699890000000096e+02 4.831430420013000257e+06 4.635479000239999732e+05
2.743299870000000169e+02 4.831430429992999882e+06 4.635479000239999732e+05
2.743800049999999828e+02 4.831430429992999882e+06 4.635478900150000118e+05
2.744500120000000152e+02 4.831430450012000278e+06 4.635478900150000118e+05
2.745000000000000000e+02 4.831430440001999959e+06 4.635478900150000118e+05
2.745499879999999848e+02 4.831430429992999882e+06 4.635478800049999845e+05
2.742399899999999775e+02 4.831430390014999546e+06 4.635479500119999866e+05
2.742699890000000096e+02 4.831430380005000159e+06 4.635479400020000176e+05
2.743599849999999947e+02 4.831430399993999861e+06 4.635479400020000176e+05
2.744299930000000245e+02 4.831430420013000257e+06 4.635479400020000176e+05
2.745000000000000000e+02 4.831430420013000257e+06 4.635479400020000176e+05
2.742399899999999775e+02 4.831430329986999743e+06 4.635479600220000139e+05
2.743299870000000169e+02 4.831430369994999841e+06 4.635479699709999841e+05
2.743900150000000053e+02 4.831430369994999841e+06 4.635479600220000139e+05
2.744599910000000023e+02 4.831430390014999546e+06 4.635479600220000139e+05
2.745499879999999848e+02 4.831430420013000257e+06 4.635479699709999841e+05
2.741300049999999828e+02 4.831430429992999882e+06 4.635477999880000134e+05
2.741499939999999924e+02 4.831430399993999861e+06 4.635477800290000159e+05
2.742399899999999775e+02 4.831430420013000257e+06 4.635477999880000134e+05
2.743200069999999755e+02 4.831430440001999959e+06 4.635478099979999824e+05
2.741099849999999947e+02 4.831430429992999882e+06 4.635478699950000155e+05
2.741600040000000149e+02 4.831430429992999882e+06 4.635478699950000155e+05
2.742300109999999904e+02 4.831430440001999959e+06 4.635478800049999845e+05
2.742799989999999752e+02 4.831430440001999959e+06 4.635478800049999845e+05
2.743500060000000076e+02 4.831430450012000278e+06 4.635478900150000118e+05
2.744100040000000149e+02 4.831430440001999959e+06 4.635478900150000118e+05
2.744800109999999904e+02 4.831430450012000278e+06 4.635479000239999732e+05
2.745499879999999848e+02 4.831430459990999661e+06 4.635479099730000016e+05
2.741300049999999828e+02 4.831430390014999546e+06 4.635479199830000289e+05
2.742000120000000152e+02 4.831430399993999861e+06 4.635479299929999979e+05
2.742799989999999752e+02 4.831430410004000179e+06 4.635479400020000176e+05
2.743599849999999947e+02 4.831430420013000257e+06 4.635479500119999866e+05
2.744100040000000149e+02 4.831430420013000257e+06 4.635479500119999866e+05
2.744700010000000248e+02 4.831430429992999882e+06 4.635479600220000139e+05
2.745499879999999848e+02 4.831430440001999959e+06 4.635479699709999841e+05
2.742300109999999904e+02 4.831430320007000118e+06 4.635479500119999866e+05
2.743200069999999755e+02 4.831430339995999821e+06 4.635479600220000139e+05
2.743900150000000053e+02 4.831430350006000139e+06 4.635479699709999841e+05
2.744599910000000023e+02 4.831430359985000454e+06 4.635479799800000037e+05
2.745400089999999977e+02 4.831430359985000454e+06 4.635479899899999727e+05
2.741400150000000053e+02 4.831430440001999959e+06 4.635477999880000134e+05
2.741900019999999927e+02 4.831430420013000257e+06 4.635477999880000134e+05
2.742900089999999977e+02 4.831430440001999959e+06 4.635478300169999711e+05
2.743800049999999828e+02 4.831430450012000278e+06 4.635478599849999882e+05
2.744599910000000023e+02 4.831430459990999661e+06 4.635478800049999845e+05
2.741000060000000076e+02 4.831430440001999959e+06 4.635478599849999882e+05
2.741700129999999831e+02 4.831430440001999959e+06 4.635478800049999845e+05
2.742399899999999775e+02 4.831430440001999959e+06 4.635478900150000118e+05
2.742900089999999977e+02 4.831430429992999882e+06 4.635478900150000118e+05
2.743800049999999828e+02 4.831430450012000278e+06 4.635479199830000289e+05
2.745000000000000000e+02 4.831430440001999959e+06 4.635479400020000176e+05
2.741300049999999828e+02 4.831430420013000257e+06 4.635479299929999979e+05
2.741900019999999927e+02 4.831430410004000179e+06 4.635479400020000176e+05
2.742600100000000225e+02 4.831430410004000179e+06 4.635479500119999866e+05
2.743200069999999755e+02 4.831430399993999861e+06 4.635479500119999866e+05
2.744100040000000149e+02 4.831430410004000179e+06 4.635479799800000037e+05
2.745299989999999752e+02 4.831430410004000179e+06 4.635480000000000000e+05
2.741000060000000076e+02 4.831430380005000159e+06 4.635479500119999866e+05
2.741499939999999924e+02 4.831430369994999841e+06 4.635479500119999866e+05
2.742000120000000152e+02 4.831430359985000454e+06 4.635479600220000139e+05
2.742500000000000000e+02 4.831430359985000454e+06 4.635479600220000139e+05
2.742799989999999752e+02 4.831430339995999821e+06 4.635479500119999866e+05
2.743800049999999828e+02 4.831430359985000454e+06 4.635479899899999727e+05
2.741300049999999828e+02 4.831430279999000020e+06 4.635479299929999979e+05
2.741400150000000053e+02 4.831430230011000298e+06 4.635478900150000118e+05
2.733500060000000076e+02 4.831430140014999546e+06 4.635473900150000118e+05
2.733699950000000172e+02 4.831430119994999841e+06 4.635473800049999845e+05
2.734200129999999831e+02 4.831430119994999841e+06 4.635473699950000155e+05
2.736000060000000076e+02 4.831430140014999546e+06 4.635473599849999882e+05
2.737300109999999904e+02 4.831430440001999959e+06 4.635477500000000000e+05
2.737500000000000000e+02 4.831430420013000257e+06 4.635477399899999727e+05
2.735499879999999848e+02 4.831430429992999882e+06 4.635478099979999824e+05
2.736499939999999924e+02 4.831430459990999661e+06 4.635478200070000021e+05
2.736799930000000245e+02 4.831430450012000278e+06 4.635478099979999824e+05
2.737300109999999904e+02 4.831430440001999959e+06 4.635477999880000134e+05
2.737799989999999752e+02 4.831430429992999882e+06 4.635477899779999861e+05
2.738399959999999851e+02 4.831430429992999882e+06 4.635477899779999861e+05
2.738900150000000053e+02 4.831430420013000257e+06 4.635477800290000159e+05
2.740100100000000225e+02 4.831430429992999882e+06 4.635477700199999963e+05
2.740299989999999752e+02 4.831430399993999861e+06 4.635477500000000000e+05
2.734400019999999927e+02 4.831430170013000257e+06 4.635473599849999882e+05
2.736700129999999831e+02 4.831430260010000318e+06 4.635474199830000289e+05
2.734800109999999904e+02 4.831430459990999661e+06 4.635477199709999841e+05
2.735700069999999755e+02 4.831430350006000139e+06 4.635476599730000016e+05
2.733099980000000073e+02 4.831430440001999959e+06 4.635477800290000159e+05
2.733800049999999828e+02 4.831430450012000278e+06 4.635477800290000159e+05
2.734299930000000245e+02 4.831430450012000278e+06 4.635477899779999861e+05
2.734899899999999775e+02 4.831430440001999959e+06 4.635477800290000159e+05
2.735599980000000073e+02 4.831430450012000278e+06 4.635477899779999861e+05
2.736099849999999947e+02 4.831430440001999959e+06 4.635477899779999861e+05
2.736700129999999831e+02 4.831430440001999959e+06 4.635477899779999861e+05
2.737399899999999775e+02 4.831430440001999959e+06 4.635477999880000134e+05
2.738099980000000073e+02 4.831430450012000278e+06 4.635477999880000134e+05
2.738699950000000172e+02 4.831430440001999959e+06 4.635477999880000134e+05
2.739100040000000149e+02 4.831430440001999959e+06 4.635477999880000134e+05
2.740199890000000096e+02 4.831430429992999882e+06 4.635477999880000134e+05
2.733500060000000076e+02 4.831430399993999861e+06 4.635478200070000021e+05
2.734100040000000149e+02 4.831430399993999861e+06 4.635478300169999711e+05
2.734599910000000023e+02 4.831430399993999861e+06 4.635478300169999711e+05
2.735299989999999752e+02 4.831430410004000179e+06 4.635478300169999711e+05
2.735899959999999851e+02 4.831430410004000179e+06 4.635478400269999984e+05
2.736400150000000053e+02 4.831430410004000179e+06 4.635478400269999984e+05
2.737099910000000023e+02 4.831430410004000179e+06 4.635478400269999984e+05
2.737699890000000096e+02 4.831430410004000179e+06 4.635478499760000268e+05
2.738399959999999851e+02 4.831430420013000257e+06 4.635478599849999882e+05
2.739200129999999831e+02 4.831430429992999882e+06 4.635478699950000155e+05
2.740000000000000000e+02 4.831430440001999959e+06 4.635478800049999845e+05
2.733200069999999755e+02 4.831430329986999743e+06 4.635478499760000268e+05
2.736400150000000053e+02 4.831430329986999743e+06 4.635478599849999882e+05
2.737600100000000225e+02 4.831430339995999821e+06 4.635478699950000155e+05
2.738500060000000076e+02 4.831430369994999841e+06 4.635479000239999732e+05
2.739200129999999831e+02 4.831430369994999841e+06 4.635479000239999732e+05
2.739899899999999775e+02 4.831430380005000159e+06 4.635479099730000016e+05
2.737699890000000096e+02 4.831430329986999743e+06 4.635475000000000000e+05
2.738900150000000053e+02 4.831430160004000179e+06 4.635473800049999845e+05
2.733399959999999851e+02 4.831430190001999959e+06 4.635473800049999845e+05
2.733900150000000053e+02 4.831430179992999882e+06 4.635473800049999845e+05
2.734299930000000245e+02 4.831430160004000179e+06 4.635473699950000155e+05
2.734700010000000248e+02 4.831430149993999861e+06 4.635473699950000155e+05
2.735499879999999848e+02 4.831430149993999861e+06 4.635473900150000118e+05
2.736000060000000076e+02 4.831430130005000159e+06 4.635473800049999845e+05
2.733099980000000073e+02 4.831430160004000179e+06 4.635474000239999732e+05
2.733399959999999851e+02 4.831430140014999546e+06 4.635473900150000118e+05
2.733800049999999828e+02 4.831430119994999841e+06 4.635473900150000118e+05
2.733900150000000053e+02 4.831430079986999743e+06 4.635473599849999882e+05
2.734299930000000245e+02 4.831430070007000118e+06 4.635473599849999882e+05
2.733299870000000169e+02 4.831430420013000257e+06 4.635476900020000176e+05
2.734400019999999927e+02 4.831430440001999959e+06 4.635477299800000037e+05
2.735199890000000096e+02 4.831430450012000278e+06 4.635477500000000000e+05
2.735899959999999851e+02 4.831430450012000278e+06 4.635477600100000273e+05
2.736499939999999924e+02 4.831430440001999959e+06 4.635477700199999963e+05
2.737099910000000023e+02 4.831430450012000278e+06 4.635477899779999861e+05
2.737699890000000096e+02 4.831430450012000278e+06 4.635477999880000134e+05
2.738299870000000169e+02 4.831430450012000278e+06 4.635478099979999824e+05
2.738999939999999924e+02 4.831430440001999959e+06 4.635478200070000021e+05
2.739599910000000023e+02 4.831430440001999959e+06 4.635478300169999711e+05
2.740299989999999752e+02 4.831430440001999959e+06 4.635478499760000268e+05
2.733200069999999755e+02 4.831430450012000278e+06 4.635477899779999861e+05
2.733800049999999828e+02 4.831430440001999959e+06 4.635477999880000134e+05
2.734400019999999927e+02 4.831430440001999959e+06 4.635478099979999824e+05
2.735000000000000000e+02 4.831430440001999959e+06 4.635478200070000021e+05
2.735700069999999755e+02 4.831430440001999959e+06 4.635478300169999711e+05
2.736300049999999828e+02 4.831430429992999882e+06 4.635478400269999984e+05
2.737000120000000152e+02 4.831430429992999882e+06 4.635478499760000268e+05
2.737699890000000096e+02 4.831430429992999882e+06 4.635478599849999882e+05
2.738200069999999755e+02 4.831430420013000257e+06 4.635478699950000155e+05
2.738800049999999828e+02 4.831430420013000257e+06 4.635478800049999845e+05
2.739400019999999927e+02 4.831430420013000257e+06 4.635478900150000118e+05
2.740000000000000000e+02 4.831430410004000179e+06 4.635479000239999732e+05
2.733599849999999947e+02 4.831430420013000257e+06 4.635478300169999711e+05
2.734200129999999831e+02 4.831430410004000179e+06 4.635478400269999984e+05
2.734800109999999904e+02 4.831430410004000179e+06 4.635478499760000268e+05
2.735299989999999752e+02 4.831430410004000179e+06 4.635478599849999882e+05
2.735899959999999851e+02 4.831430399993999861e+06 4.635478699950000155e+05
2.736400150000000053e+02 4.831430390014999546e+06 4.635478699950000155e+05
2.737099910000000023e+02 4.831430390014999546e+06 4.635478800049999845e+05
2.737699890000000096e+02 4.831430390014999546e+06 4.635478900150000118e+05
2.738200069999999755e+02 4.831430380005000159e+06 4.635479000239999732e+05
2.738900150000000053e+02 4.831430380005000159e+06 4.635479099730000016e+05
2.739700010000000248e+02 4.831430380005000159e+06 4.635479199830000289e+05
2.733200069999999755e+02 4.831430359985000454e+06 4.635478300169999711e+05
2.735199890000000096e+02 4.831430350006000139e+06 4.635478599849999882e+05
2.736300049999999828e+02 4.831430339995999821e+06 4.635478800049999845e+05
2.737300109999999904e+02 4.831430329986999743e+06 4.635478900150000118e+05
2.737799989999999752e+02 4.831430320007000118e+06 4.635478900150000118e+05
2.738299870000000169e+02 4.831430309998000041e+06 4.635478900150000118e+05
2.740700069999999755e+02 4.831430230011000298e+06 4.635478499760000268e+05
2.741199950000000172e+02 4.831430230011000298e+06 4.635478499760000268e+05
2.742099910000000023e+02 4.831430269988999702e+06 4.635477999880000134e+05
2.742600100000000225e+02 4.831430290009000339e+06 4.635477999880000134e+05
2.744500120000000152e+02 4.831430299987999722e+06 4.635478099979999824e+05
2.744599910000000023e+02 4.831430269988999702e+06 4.635479400020000176e+05
2.741499939999999924e+02 4.831430239989999682e+06 4.635478900150000118e+05
2.743800049999999828e+02 4.831430269988999702e+06 4.635478599849999882e+05
2.745100100000000225e+02 4.831430290009000339e+06 4.635478499760000268e+05
2.745100100000000225e+02 4.831430440001999959e+06 4.635478400269999984e+05
2.741400150000000053e+02 4.831430220000999980e+06 4.635478099979999824e+05
2.741700129999999831e+02 4.831430250000000000e+06 4.635478099979999824e+05
2.742200010000000248e+02 4.831430279999000020e+06 4.635477999880000134e+05
2.742799989999999752e+02 4.831430299987999722e+06 4.635477899779999861e+05
2.743099980000000073e+02 4.831430320007000118e+06 4.635477899779999861e+05
2.743299870000000169e+02 4.831430350006000139e+06 4.635477800290000159e+05
2.743200069999999755e+02 4.831430380005000159e+06 4.635477800290000159e+05
2.742300109999999904e+02 4.831430420013000257e+06 4.635477899779999861e+05
2.741900019999999927e+02 4.831430450012000278e+06 4.635477999880000134e+05
2.745100100000000225e+02 4.831430269988999702e+06 4.635478800049999845e+05
2.743800049999999828e+02 4.831430260010000318e+06 4.635478400269999984e+05
2.744400019999999927e+02 4.831430279999000020e+06 4.635478200070000021e+05
2.744700010000000248e+02 4.831430309998000041e+06 4.635478099979999824e+05
2.745000000000000000e+02 4.831430329986999743e+06 4.635477999880000134e+05
2.745000000000000000e+02 4.831430359985000454e+06 4.635477999880000134e+05
2.744500120000000152e+02 4.831430390014999546e+06 4.635478200070000021e+05
2.744100040000000149e+02 4.831430429992999882e+06 4.635478300169999711e+05
2.741300049999999828e+02 4.831430230011000298e+06 4.635478699950000155e+05
2.743399959999999851e+02 4.831430279999000020e+06 4.635478099979999824e+05
2.743500060000000076e+02 4.831430309998000041e+06 4.635477999880000134e+05
2.743800049999999828e+02 4.831430329986999743e+06 4.635477899779999861e+05
2.743599849999999947e+02 4.831430359985000454e+06 4.635477999880000134e+05
2.742099910000000023e+02 4.831430260010000318e+06 4.635478300169999711e+05
2.743099980000000073e+02 4.831430279999000020e+06 4.635477999880000134e+05
2.743500060000000076e+02 4.831430309998000041e+06 4.635477899779999861e+05
2.743900150000000053e+02 4.831430329986999743e+06 4.635477700199999963e+05
2.743599849999999947e+02 4.831430369994999841e+06 4.635477800290000159e+05
2.742699890000000096e+02 4.831430309998000041e+06 4.635477899779999861e+05
2.741300049999999828e+02 4.831430220000999980e+06 4.635478300169999711e+05
2.743399959999999851e+02 4.831430290009000339e+06 4.635477600100000273e+05
2.742999879999999848e+02 4.831430329986999743e+06 4.635477700199999963e+05
2.742099910000000023e+02 4.831430230011000298e+06 4.635478200070000021e+05
2.743099980000000073e+02 4.831430309998000041e+06 4.635477800290000159e+05
2.743299870000000169e+02 4.831430309998000041e+06 4.635477800290000159e+05
2.742099910000000023e+02 4.831430279999000020e+06 4.635477800290000159e+05
2.741600040000000149e+02 4.831430369994999841e+06 4.635477500000000000e+05
2.740400089999999977e+02 4.831430239989999682e+06 4.635478499760000268e+05
2.738500060000000076e+02 4.831430309998000041e+06 4.635477000119999866e+05
2.737200010000000248e+02 4.831430239989999682e+06 4.635477700199999963e+05
2.737799989999999752e+02 4.831430260010000318e+06 4.635477600100000273e+05
2.739100040000000149e+02 4.831430279999000020e+06 4.635477500000000000e+05
2.739800109999999904e+02 4.831430299987999722e+06 4.635477399899999727e+05
2.740199890000000096e+02 4.831430329986999743e+06 4.635477299800000037e+05
2.739700010000000248e+02 4.831430399993999861e+06 4.635477299800000037e+05
2.733900150000000053e+02 4.831430269988999702e+06 4.635477199709999841e+05
2.735899959999999851e+02 4.831430279999000020e+06 4.635477000119999866e+05
2.736600040000000149e+02 4.831430309998000041e+06 4.635476900020000176e+05
2.736799930000000245e+02 4.831430369994999841e+06 4.635476799929999979e+05
2.735400089999999977e+02 4.831430440001999959e+06 4.635477000119999866e+05
2.743500060000000076e+02 4.831430239989999682e+06 4.635477299800000037e+05
2.742999879999999848e+02 4.831430239989999682e+06 4.635477299800000037e+05
2.745499879999999848e+02 4.831430350006000139e+06 4.635478800049999845e+05
2.743800049999999828e+02 4.831430320007000118e+06 4.635477999880000134e+05
2.743800049999999828e+02 4.831430279999000020e+06 4.635477899779999861e+05
2.742099910000000023e+02 4.831430309998000041e+06 4.635477899779999861e+05
2.738599849999999947e+02 4.831430320007000118e+06 4.635477899779999861e+05
2.739200129999999831e+02 4.831430299987999722e+06 4.635477700199999963e+05
2.745400089999999977e+02 4.831430309998000041e+06 4.635478400269999984e+05
2.742399899999999775e+02 4.831430350006000139e+06 4.635477800290000159e+05
2.742699890000000096e+02 4.831430339995999821e+06 4.635477999880000134e+05
2.743399959999999851e+02 4.831430369994999841e+06 4.635477999880000134e+05
2.743900150000000053e+02 4.831430369994999841e+06 4.635478099979999824e+05
2.744500120000000152e+02 4.831430380005000159e+06 4.635478200070000021e+05
2.745000000000000000e+02 4.831430380005000159e+06 4.635478400269999984e+05
2.742500000000000000e+02 4.831430399993999861e+06 4.635477999880000134e+05
2.742999879999999848e+02 4.831430399993999861e+06 4.635478099979999824e+05
2.743399959999999851e+02 4.831430410004000179e+06 4.635478200070000021e+05
2.743999939999999924e+02 4.831430420013000257e+06 4.635478300169999711e+05
2.744500120000000152e+02 4.831430420013000257e+06 4.635478499760000268e+05
2.745000000000000000e+02 4.831430429992999882e+06 4.635478599849999882e+05
2.745499879999999848e+02 4.831430429992999882e+06 4.635478699950000155e+05
2.741799930000000245e+02 4.831430429992999882e+06 4.635478499760000268e+05
2.742399899999999775e+02 4.831430440001999959e+06 4.635478599849999882e+05
2.742799989999999752e+02 4.831430440001999959e+06 4.635478800049999845e+05
2.743200069999999755e+02 4.831430440001999959e+06 4.635478900150000118e+05
2.743699950000000172e+02 4.831430440001999959e+06 4.635479099730000016e+05
2.744299930000000245e+02 4.831430450012000278e+06 4.635479199830000289e+05
2.744599910000000023e+02 4.831430450012000278e+06 4.635479400020000176e+05
2.745100100000000225e+02 4.831430450012000278e+06 4.635479500119999866e+05
2.745499879999999848e+02 4.831430459990999661e+06 4.635479699709999841e+05
2.740100100000000225e+02 4.831430309998000041e+06 4.635477399899999727e+05
2.739800109999999904e+02 4.831430369994999841e+06 4.635477299800000037e+05
2.740899959999999851e+02 4.831430279999000020e+06 4.635477600100000273e+05
2.740799870000000169e+02 4.831430209990999661e+06 4.635477800290000159e+05
2.740899959999999851e+02 4.831430420013000257e+06 4.635478400269999984e+05
2.745000000000000000e+02 4.831430309998000041e+06 4.635478200070000021e+05
2.745299989999999752e+02 4.831430369994999841e+06 4.635478800049999845e+05
2.745100100000000225e+02 4.831430350006000139e+06 4.635478599849999882e+05
2.745000000000000000e+02 4.831430339995999821e+06 4.635478499760000268e+05
2.744400019999999927e+02 4.831430350006000139e+06 4.635478499760000268e+05
2.743800049999999828e+02 4.831430359985000454e+06 4.635478599849999882e+05
2.745499879999999848e+02 4.831430299987999722e+06 4.635478499760000268e+05
2.744899899999999775e+02 4.831430309998000041e+06 4.635478499760000268e+05
2.744400019999999927e+02 4.831430329986999743e+06 4.635478400269999984e+05
2.743900150000000053e+02 4.831430350006000139e+06 4.635478300169999711e+05
2.745499879999999848e+02 4.831430250000000000e+06 4.635478499760000268e+05
2.745000000000000000e+02 4.831430260010000318e+06 4.635478400269999984e+05
2.744700010000000248e+02 4.831430279999000020e+06 4.635478300169999711e+05
2.744299930000000245e+02 4.831430290009000339e+06 4.635478200070000021e+05
2.743900150000000053e+02 4.831430309998000041e+06 4.635478099979999824e+05
2.743399959999999851e+02 4.831430320007000118e+06 4.635478099979999824e+05
2.742699890000000096e+02 4.831430329986999743e+06 4.635478099979999824e+05
2.744400019999999927e+02 4.831430170013000257e+06 4.635479199830000289e+05
2.744500120000000152e+02 4.831430190001999959e+06 4.635478900150000118e+05
2.744500120000000152e+02 4.831430209990999661e+06 4.635478599849999882e+05
2.744200129999999831e+02 4.831430220000999980e+06 4.635478400269999984e+05
2.743999939999999924e+02 4.831430239989999682e+06 4.635478200070000021e+05
2.742500000000000000e+02 4.831430279999000020e+06 4.635477899779999861e+05
2.741600040000000149e+02 4.831430239989999682e+06 4.635477800290000159e+05
2.733399959999999851e+02 4.831430410004000179e+06 4.635476900020000176e+05
2.733099980000000073e+02 4.831430420013000257e+06 4.635476699830000289e+05
2.734899899999999775e+02 4.831430369994999841e+06 4.635476599730000016e+05
2.740299989999999752e+02 4.831430290009000339e+06 4.635477500000000000e+05
2.733500060000000076e+02 4.831430250000000000e+06 4.635476699830000289e+05
2.740799870000000169e+02 4.831430429992999882e+06 4.635477999880000134e+05
2.741400150000000053e+02 4.831430459990999661e+06 4.635478599849999882e+05
2.741499939999999924e+02 4.831430260010000318e+06 4.635478400269999984e+05
2.741300049999999828e+02 4.831430350006000139e+06 4.635477899779999861e+05
2.742099910000000023e+02 4.831430350006000139e+06 4.635478099979999824e+05
2.742799989999999752e+02 4.831430339995999821e+06 4.635478200070000021e+05
2.743299870000000169e+02 4.831430350006000139e+06 4.635477999880000134e+05
2.744700010000000248e+02 4.831430380005000159e+06 4.635478300169999711e+05
2.743299870000000169e+02 4.831430399993999861e+06 4.635478099979999824e+05
2.744100040000000149e+02 4.831430399993999861e+06 4.635478400269999984e+05
2.741600040000000149e+02 4.831430420013000257e+06 4.635477999880000134e+05
2.742600100000000225e+02 4.831430429992999882e+06 4.635478300169999711e+05
2.743500060000000076e+02 4.831430440001999959e+06 4.635478499760000268e+05
2.741099849999999947e+02 4.831430459990999661e+06 4.635478300169999711e+05
2.741700129999999831e+02 4.831430459990999661e+06 4.635478599849999882e+05
2.735499879999999848e+02 4.831430320007000118e+06 4.635477299800000037e+05
2.735299989999999752e+02 4.831430459990999661e+06 4.635477399899999727e+05
2.739400019999999927e+02 4.831430399993999861e+06 4.635477600100000273e+05
2.738399959999999851e+02 4.831430450012000278e+06 4.635477999880000134e+05
2.735199890000000096e+02 4.831430089995999821e+06 4.635473800049999845e+05
2.735499879999999848e+02 4.831430140014999546e+06 4.635473800049999845e+05
2.734899899999999775e+02 4.831430200012000278e+06 4.635473599849999882e+05
2.734100040000000149e+02 4.831430179992999882e+06 4.635473900150000118e+05
2.733500060000000076e+02 4.831430149993999861e+06 4.635474199830000289e+05
2.734700010000000248e+02 4.831430239989999682e+06 4.635473800049999845e+05
2.739100040000000149e+02 4.831430339995999821e+06 4.635477600100000273e+05
2.740100100000000225e+02 4.831430339995999821e+06 4.635477700199999963e+05
2.733900150000000053e+02 4.831430399993999861e+06 4.635476900020000176e+05
2.734400019999999927e+02 4.831430390014999546e+06 4.635477100220000139e+05
2.733800049999999828e+02 4.831430459990999661e+06 4.635477199709999841e+05
2.734500120000000152e+02 4.831430459990999661e+06 4.635477399899999727e+05
2.738399959999999851e+02 4.831430459990999661e+06 4.635478099979999824e+05
2.739299930000000245e+02 4.831430459990999661e+06 4.635478200070000021e+05
2.740000000000000000e+02 4.831430459990999661e+06 4.635478400269999984e+05
2.735899959999999851e+02 4.831430140014999546e+06 4.635473699950000155e+05
2.735599980000000073e+02 4.831430160004000179e+06 4.635473699950000155e+05
2.733800049999999828e+02 4.831430089995999821e+06 4.635473900150000118e+05
2.735400089999999977e+02 4.831430179992999882e+06 4.635473800049999845e+05
2.738800049999999828e+02 4.831430260010000318e+06 4.635474099730000016e+05
2.735000000000000000e+02 4.831430200012000278e+06 4.635473699950000155e+05
2.734299930000000245e+02 4.831430170013000257e+06 4.635474000239999732e+05
2.734599910000000023e+02 4.831430220000999980e+06 4.635473599849999882e+05
2.734400019999999927e+02 4.831430200012000278e+06 4.635473800049999845e+05
2.733900150000000053e+02 4.831430170013000257e+06 4.635474000239999732e+05
2.734299930000000245e+02 4.831430230011000298e+06 4.635473599849999882e+05
2.733800049999999828e+02 4.831430200012000278e+06 4.635473900150000118e+05
2.733099980000000073e+02 4.831430230011000298e+06 4.635473800049999845e+05
2.733900150000000053e+02 4.831430239989999682e+06 4.635474099730000016e+05
2.739400019999999927e+02 4.831430380005000159e+06 4.635477500000000000e+05
2.737099910000000023e+02 4.831430399993999861e+06 4.635477199709999841e+05
2.739500120000000152e+02 4.831430440001999959e+06 4.635477800290000159e+05
2.740400089999999977e+02 4.831430450012000278e+06 4.635478099979999824e+05
2.734899899999999775e+02 4.831430420013000257e+06 4.635477000119999866e+05
2.736199950000000172e+02 4.831430440001999959e+06 4.635477299800000037e+05
2.737200010000000248e+02 4.831430450012000278e+06 4.635477600100000273e+05
2.737900089999999977e+02 4.831430459990999661e+06 4.635477899779999861e+05
2.738399959999999851e+02 4.831430459990999661e+06 4.635478099979999824e+05
2.738900150000000053e+02 4.831430459990999661e+06 4.635478400269999984e+05
2.735599980000000073e+02 4.831430459990999661e+06 4.635477800290000159e+05
2.736700129999999831e+02 4.831430459990999661e+06 4.635478400269999984e+05
2.736600040000000149e+02 4.831430440001999959e+06 4.635478599849999882e+05
2.736300049999999828e+02 4.831430420013000257e+06 4.635478800049999845e+05
2.734400019999999927e+02 4.831430450012000278e+06 4.635478200070000021e+05
2.734200129999999831e+02 4.831430429992999882e+06 4.635478499760000268e+05
2.734800109999999904e+02 4.831430440001999959e+06 4.635478800049999845e+05
2.741000060000000076e+02 4.831430209990999661e+06 4.635478300169999711e+05
2.742600100000000225e+02 4.831430329986999743e+06 4.635477800290000159e+05
2.745400089999999977e+02 4.831430269988999702e+06 4.635480000000000000e+05
2.744500120000000152e+02 4.831430230011000298e+06 4.635479500119999866e+05
2.744899899999999775e+02 4.831430230011000298e+06 4.635479199830000289e+05
2.745199890000000096e+02 4.831430239989999682e+06 4.635479000239999732e+05
2.745400089999999977e+02 4.831430250000000000e+06 4.635478699950000155e+05
2.745000000000000000e+02 4.831430269988999702e+06 4.635478499760000268e+05
2.742600100000000225e+02 4.831430230011000298e+06 4.635478499760000268e+05
2.742500000000000000e+02 4.831430250000000000e+06 4.635478300169999711e+05
2.741199950000000172e+02 4.831430309998000041e+06 4.635477899779999861e+05
2.741199950000000172e+02 4.831430200012000278e+06 4.635478400269999984e+05
2.741700129999999831e+02 4.831430220000999980e+06 4.635478699950000155e+05
2.741799930000000245e+02 4.831430230011000298e+06 4.635478400269999984e+05
2.741300049999999828e+02 4.831430209990999661e+06 4.635479099730000016e+05
2.741900019999999927e+02 4.831430220000999980e+06 4.635478599849999882e+05
2.741799930000000245e+02 4.831430239989999682e+06 4.635478400269999984e+05
2.741099849999999947e+02 4.831430179992999882e+06 4.635479000239999732e+05
2.741300049999999828e+02 4.831430190001999959e+06 4.635478800049999845e+05
2.741499939999999924e+02 4.831430209990999661e+06 4.635478499760000268e+05
2.733099980000000073e+02 4.831430149993999861e+06 4.635473900150000118e+05
2.734400019999999927e+02 4.831430079986999743e+06 4.635473599849999882e+05
2.739299930000000245e+02 4.831430299987999722e+06 4.635477299800000037e+05
2.733900150000000053e+02 4.831430269988999702e+06 4.635477100220000139e+05
2.733699950000000172e+02 4.831430279999000020e+06 4.635476799929999979e+05
2.739800109999999904e+02 4.831430220000999980e+06 4.635478599849999882e+05
2.738500060000000076e+02 4.831430220000999980e+06 4.635478200070000021e+05
2.738900150000000053e+02 4.831430230011000298e+06 4.635477899779999861e+05
2.737999879999999848e+02 4.831430279999000020e+06 4.635477399899999727e+05
2.737000120000000152e+02 4.831430209990999661e+06 4.635478400269999984e+05
2.737000120000000152e+02 4.831430230011000298e+06 4.635478200070000021e+05
2.737200010000000248e+02 4.831430209990999661e+06 4.635478300169999711e+05
2.738599849999999947e+02 4.831430220000999980e+06 4.635478200070000021e+05
2.738399959999999851e+02 4.831430269988999702e+06 4.635477399899999727e+05
2.739400019999999927e+02 4.831430220000999980e+06 4.635478599849999882e+05
2.739899899999999775e+02 4.831430220000999980e+06 4.635478300169999711e+05
2.740299989999999752e+02 4.831430220000999980e+06 4.635478099979999824e+05
2.738299870000000169e+02 4.831430320007000118e+06 4.635477399899999727e+05
2.740400089999999977e+02 4.831430190001999959e+06 4.635479000239999732e+05
2.740299989999999752e+02 4.831430209990999661e+06 4.635478699950000155e+05
2.739100040000000149e+02 4.831430309998000041e+06 4.635477500000000000e+05
2.738500060000000076e+02 4.831430350006000139e+06 4.635477299800000037e+05
2.738999939999999924e+02 4.831430339995999821e+06 4.635477399899999727e+05
2.735700069999999755e+02 4.831430230011000298e+06 4.635477299800000037e+05
2.735299989999999752e+02 4.831430260010000318e+06 4.635477100220000139e+05
2.734899899999999775e+02 4.831430279999000020e+06 4.635476900020000176e+05
2.740799870000000169e+02 4.831430260010000318e+06 4.635479299929999979e+05
2.740599980000000073e+02 4.831430380005000159e+06 4.635479799800000037e+05
2.740899959999999851e+02 4.831430309998000041e+06 4.635479699709999841e+05
2.740700069999999755e+02 4.831430410004000179e+06 4.635479500119999866e+05
2.743399959999999851e+02 4.831430309998000041e+06 4.635478400269999984e+05
2.744100040000000149e+02 4.831430279999000020e+06 4.635478800049999845e+05
2.742399899999999775e+02 4.831430309998000041e+06 4.635479500119999866e+05
2.742300109999999904e+02 4.831430290009000339e+06 4.635479799800000037e+05
2.744599910000000023e+02 4.831430309998000041e+06 4.635480200199999963e+05
2.742600100000000225e+02 4.831430350006000139e+06 4.635479899899999727e+05
2.741600040000000149e+02 4.831430359985000454e+06 4.635479899899999727e+05
2.741400150000000053e+02 4.831430230011000298e+06 4.635479099730000016e+05
2.744899899999999775e+02 4.831430290009000339e+06 4.635479600220000139e+05
2.744200129999999831e+02 4.831430279999000020e+06 4.635479699709999841e+05
2.742200010000000248e+02 4.831430279999000020e+06 4.635479199830000289e+05
2.741700129999999831e+02 4.831430269988999702e+06 4.635479299929999979e+05
2.745299989999999752e+02 4.831430309998000041e+06 4.635480200199999963e+05
2.743599849999999947e+02 4.831430309998000041e+06 4.635479799800000037e+05
2.742600100000000225e+02 4.831430309998000041e+06 4.635479699709999841e+05
2.741600040000000149e+02 4.831430299987999722e+06 4.635479600220000139e+05
2.745400089999999977e+02 4.831430329986999743e+06 4.635480399779999861e+05
2.743800049999999828e+02 4.831430329986999743e+06 4.635480100100000273e+05
2.742399899999999775e+02 4.831430320007000118e+06 4.635479899899999727e+05
2.741600040000000149e+02 4.831430359985000454e+06 4.635479799800000037e+05
2.743800049999999828e+02 4.831430390014999546e+06 4.635480100100000273e+05
2.742799989999999752e+02 4.831430390014999546e+06 4.635480000000000000e+05
2.741199950000000172e+02 4.831430390014999546e+06 4.635479699709999841e+05
2.743800049999999828e+02 4.831430290009000339e+06 4.635479899899999727e+05
2.742200010000000248e+02 4.831430269988999702e+06 4.635479400020000176e+05
2.741400150000000053e+02 4.831430260010000318e+06 4.635479199830000289e+05
2.741300049999999828e+02 4.831430239989999682e+06 4.635479500119999866e+05
2.745100100000000225e+02 4.831430390014999546e+06 4.635480399779999861e+05
2.743500060000000076e+02 4.831430359985000454e+06 4.635480000000000000e+05
2.742799989999999752e+02 4.831430350006000139e+06 4.635480000000000000e+05
2.741799930000000245e+02 4.831430329986999743e+06 4.635479799800000037e+05
2.741700129999999831e+02 4.831430450012000278e+06 4.635479099730000016e+05
2.741700129999999831e+02 4.831430440001999959e+06 4.635479500119999866e+05
2.741300049999999828e+02 4.831430420013000257e+06 4.635479500119999866e+05
2.737799989999999752e+02 4.831430290009000339e+06 4.635478900150000118e+05
2.739200129999999831e+02 4.831430299987999722e+06 4.635479199830000289e+05
2.738200069999999755e+02 4.831430309998000041e+06 4.635479199830000289e+05
2.734500120000000152e+02 4.831430209990999661e+06 4.635473699950000155e+05
2.738099980000000073e+02 4.831430269988999702e+06 4.635478599849999882e+05
2.737399899999999775e+02 4.831430269988999702e+06 4.635478599849999882e+05
2.733299870000000169e+02 4.831430279999000020e+06 4.635477700199999963e+05
2.737999879999999848e+02 4.831430299987999722e+06 4.635478900150000118e+05
2.737399899999999775e+02 4.831430290009000339e+06 4.635479000239999732e+05
2.739800109999999904e+02 4.831430320007000118e+06 4.635479500119999866e+05
2.735899959999999851e+02 4.831430309998000041e+06 4.635478800049999845e+05
2.734299930000000245e+02 4.831430309998000041e+06 4.635478499760000268e+05
2.733200069999999755e+02 4.831430309998000041e+06 4.635478400269999984e+05
2.737500000000000000e+02 4.831430350006000139e+06 4.635479199830000289e+05
2.736600040000000149e+02 4.831430339995999821e+06 4.635479099730000016e+05
2.734200129999999831e+02 4.831430369994999841e+06 4.635478800049999845e+05
2.734599910000000023e+02 4.831430429992999882e+06 4.635478499760000268e+05
2.734299930000000245e+02 4.831430420013000257e+06 4.635478599849999882e+05
2.738699950000000172e+02 4.831430450012000278e+06 4.635478900150000118e+05
2.734800109999999904e+02 4.831430429992999882e+06 4.635478599849999882e+05
2.734500120000000152e+02 4.831430410004000179e+06 4.635478699950000155e+05
2.734800109999999904e+02 4.831430429992999882e+06 4.635478599849999882e+05
2.734100040000000149e+02 4.831430420013000257e+06 4.635478699950000155e+05
2.736199950000000172e+02 4.831430160004000179e+06 4.635473699950000155e+05
2.735899959999999851e+02 4.831430149993999861e+06 4.635473800049999845e+05
2.735599980000000073e+02 4.831430130005000159e+06 4.635473900150000118e+05
2.735000000000000000e+02 4.831430109985000454e+06 4.635473900150000118e+05
2.734400019999999927e+02 4.831430100006000139e+06 4.635473900150000118e+05
2.733699950000000172e+02 4.831430079986999743e+06 4.635473900150000118e+05
2.734899899999999775e+02 4.831430220000999980e+06 4.635473900150000118e+05
2.734400019999999927e+02 4.831430200012000278e+06 4.635474000239999732e+05
2.733999939999999924e+02 4.831430190001999959e+06 4.635474099730000016e+05
2.733500060000000076e+02 4.831430170013000257e+06 4.635474199830000289e+05
2.740100100000000225e+02 4.831430390014999546e+06 4.635479500119999866e+05
2.739299930000000245e+02 4.831430369994999841e+06 4.635479400020000176e+05
2.738500060000000076e+02 4.831430350006000139e+06 4.635479299929999979e+05
2.737799989999999752e+02 4.831430329986999743e+06 4.635479299929999979e+05
2.736199950000000172e+02 4.831430309998000041e+06 4.635478900150000118e+05
2.738800049999999828e+02 4.831430459990999661e+06 4.635478699950000155e+05
2.738900150000000053e+02 4.831430450012000278e+06 4.635479000239999732e+05
2.738299870000000169e+02 4.831430429992999882e+06 4.635479099730000016e+05
2.737699890000000096e+02 4.831430410004000179e+06 4.635479199830000289e+05
2.737099910000000023e+02 4.831430390014999546e+06 4.635479099730000016e+05
2.736400150000000053e+02 4.831430380005000159e+06 4.635479099730000016e+05
2.735899959999999851e+02 4.831430359985000454e+06 4.635479099730000016e+05
2.733999939999999924e+02 4.831430329986999743e+06 4.635478599849999882e+05
2.736000060000000076e+02 4.831430450012000278e+06 4.635478499760000268e+05
2.735199890000000096e+02 4.831430429992999882e+06 4.635478499760000268e+05
2.735000000000000000e+02 4.831430420013000257e+06 4.635478699950000155e+05
2.734400019999999927e+02 4.831430399993999861e+06 4.635478699950000155e+05
2.733699950000000172e+02 4.831430380005000159e+06 4.635478699950000155e+05
2.734700010000000248e+02 4.831430459990999661e+06 4.635478499760000268e+05
2.734500120000000152e+02 4.831430450012000278e+06 4.635478699950000155e+05
2.734200129999999831e+02 4.831430429992999882e+06 4.635478800049999845e+05
2.733299870000000169e+02 4.831430410004000179e+06 4.635478800049999845e+05
2.736400150000000053e+02 4.831430910004000179e+06 4.635481300049999845e+05
2.744400019999999927e+02 4.831430470000999980e+06 4.635478699950000155e+05
2.743599849999999947e+02 4.831430470000999980e+06 4.635479000239999732e+05
2.742999879999999848e+02 4.831430470000999980e+06 4.635478200070000021e+05
2.735700069999999755e+02 4.831430920013000257e+06 4.635479500119999866e+05
2.735899959999999851e+02 4.831430470000999980e+06 4.635477399899999727e+05
2.734100040000000149e+02 4.831430480011000298e+06 4.635477199709999841e+05
2.733500060000000076e+02 4.831430510010000318e+06 4.635476699830000289e+05
2.733399959999999851e+02 4.831430470000999980e+06 4.635477700199999963e+05
2.740499879999999848e+02 4.831430470000999980e+06 4.635477800290000159e+05
2.744800109999999904e+02 4.831430470000999980e+06 4.635479099730000016e+05
2.745000000000000000e+02 4.831430470000999980e+06 4.635478800049999845e+05
2.745499879999999848e+02 4.831430459990999661e+06 4.635479600220000139e+05
2.744400019999999927e+02 4.831430470000999980e+06 4.635478699950000155e+05
2.743800049999999828e+02 4.831430470000999980e+06 4.635478800049999845e+05
2.743200069999999755e+02 4.831430470000999980e+06 4.635479000239999732e+05
2.742099910000000023e+02 4.831430470000999980e+06 4.635478200070000021e+05
2.741600040000000149e+02 4.831430470000999980e+06 4.635478400269999984e+05
2.741099849999999947e+02 4.831430470000999980e+06 4.635478599849999882e+05
2.735299989999999752e+02 4.831430470000999980e+06 4.635477399899999727e+05
2.733999939999999924e+02 4.831430470000999980e+06 4.635477399899999727e+05
2.733200069999999755e+02 4.831430470000999980e+06 4.635477299800000037e+05
2.733200069999999755e+02 4.831430489989999682e+06 4.635477500000000000e+05
2.739100040000000149e+02 4.831430470000999980e+06 4.635477800290000159e+05
2.738900150000000053e+02 4.831430480011000298e+06 4.635477999880000134e+05
2.738099980000000073e+02 4.831430470000999980e+06 4.635477999880000134e+05
2.736099849999999947e+02 4.831430470000999980e+06 4.635477800290000159e+05
2.735799870000000169e+02 4.831430489989999682e+06 4.635477999880000134e+05
2.734700010000000248e+02 4.831430480011000298e+06 4.635477600100000273e+05
2.736499939999999924e+02 4.831430480011000298e+06 4.635477899779999861e+05
2.734100040000000149e+02 4.831430549987999722e+06 4.635477199709999841e+05
2.733800049999999828e+02 4.831430500000000000e+06 4.635477299800000037e+05
2.733399959999999851e+02 4.831430489989999682e+06 4.635477700199999963e+05
2.736499939999999924e+02 4.831430480011000298e+06 4.635477399899999727e+05
2.737500000000000000e+02 4.831430649993999861e+06 4.635478499760000268e+05
2.736099849999999947e+02 4.831430480011000298e+06 4.635477800290000159e+05
2.737300109999999904e+02 4.831430519988999702e+06 4.635477700199999963e+05
2.737600100000000225e+02 4.831430660004000179e+06 4.635478400269999984e+05
2.734899899999999775e+02 4.831430940001999959e+06 4.635480200199999963e+05
2.735199890000000096e+02 4.831430959990999661e+06 4.635480000000000000e+05
2.735199890000000096e+02 4.831430959990999661e+06 4.635480300290000159e+05
2.742900089999999977e+02 4.831430470000999980e+06 4.635478699950000155e+05
2.737600100000000225e+02 4.831430470000999980e+06 4.635477899779999861e+05
2.737799989999999752e+02 4.831430470000999980e+06 4.635477899779999861e+05
2.735899959999999851e+02 4.831430519988999702e+06 4.635477000119999866e+05
2.737799989999999752e+02 4.831430559998000041e+06 4.635477299800000037e+05
2.735400089999999977e+02 4.831430470000999980e+06 4.635477500000000000e+05
2.736199950000000172e+02 4.831430459990999661e+06 4.635478099979999824e+05
2.733800049999999828e+02 4.831430519988999702e+06 4.635477000119999866e+05
2.735499879999999848e+02 4.831430529999000020e+06 4.635477600100000273e+05
2.733999939999999924e+02 4.831430470000999980e+06 4.635477800290000159e+05
2.734299930000000245e+02 4.831430470000999980e+06 4.635477999880000134e+05
2.733800049999999828e+02 4.831430489989999682e+06 4.635478200070000021e+05
2.742200010000000248e+02 4.831430470000999980e+06 4.635479000239999732e+05
2.739299930000000245e+02 4.831430480011000298e+06 4.635478599849999882e+05
2.735499879999999848e+02 4.831430459990999661e+06 4.635477999880000134e+05
2.734400019999999927e+02 4.831430480011000298e+06 4.635478099979999824e+05
2.740499879999999848e+02 4.831431170013000257e+06 4.635482600100000273e+05
2.736099849999999947e+02 4.831431029999000020e+06 4.635481500239999732e+05
2.734400019999999927e+02 4.831430980011000298e+06 4.635480999760000268e+05
2.736099849999999947e+02 4.831431059998000041e+06 4.635481400150000118e+05
2.733399959999999851e+02 4.831431010010000318e+06 4.635480800169999711e+05
2.734100040000000149e+02 4.831430940001999959e+06 4.635481699830000289e+05
2.733999939999999924e+02 4.831430910004000179e+06 4.635481599730000016e+05
2.733200069999999755e+02 4.831430970000999980e+06 4.635480599979999824e+05
2.735299989999999752e+02 4.831431010010000318e+06 4.635480900269999984e+05
2.733099980000000073e+02 4.831431010010000318e+06 4.635480499880000134e+05
2.733200069999999755e+02 4.831430970000999980e+06 4.635480599979999824e+05
2.733800049999999828e+02 4.831431019988999702e+06 4.635480399779999861e+05
2.735000000000000000e+02 4.831431070007000118e+06 4.635480700070000021e+05
2.735199890000000096e+02 4.831431000000000000e+06 4.635480800169999711e+05
2.734200129999999831e+02 4.831430989989999682e+06 4.635481599730000016e+05
2.734100040000000149e+02 4.831430970000999980e+06 4.635481500239999732e+05
2.735499879999999848e+02 4.831431109985000454e+06 4.635480200199999963e+05
2.735799870000000169e+02 4.831431059998000041e+06 4.635480599979999824e+05
2.733900150000000053e+02 4.831431029999000020e+06 4.635481300049999845e+05
2.733200069999999755e+02 4.831431019988999702e+06 4.635481300049999845e+05
2.736199950000000172e+02 4.831431149993999861e+06 4.635481799929999979e+05
2.735400089999999977e+02 4.831431140014999546e+06 4.635481699830000289e+05
2.734299930000000245e+02 4.831431119994999841e+06 4.635481500239999732e+05
2.736499939999999924e+02 4.831431170013000257e+06 4.635481599730000016e+05
2.735700069999999755e+02 4.831431160004000179e+06 4.635481500239999732e+05
2.734599910000000023e+02 4.831431130005000159e+06 4.635481300049999845e+05
2.733399959999999851e+02 4.831431100006000139e+06 4.635481099849999882e+05
2.734200129999999831e+02 4.831431130005000159e+06 4.635480800169999711e+05
2.733299870000000169e+02 4.831431119994999841e+06 4.635480599979999824e+05
2.736300049999999828e+02 4.831431140014999546e+06 4.635481699830000289e+05
2.734100040000000149e+02 4.831431040009000339e+06 4.635481400150000118e+05
2.734899899999999775e+02 4.831431170013000257e+06 4.635480900269999984e+05
2.733500060000000076e+02 4.831431119994999841e+06 4.635480800169999711e+05
2.733800049999999828e+02 4.831431089995999821e+06 4.635480200199999963e+05
2.733599849999999947e+02 4.831431079986999743e+06 4.635480499880000134e+05
2.734299930000000245e+02 4.831431100006000139e+06 4.635480599979999824e+05
2.735199890000000096e+02 4.831431140014999546e+06 4.635480599979999824e+05
2.733399959999999851e+02 4.831431070007000118e+06 4.635480900269999984e+05
2.734299930000000245e+02 4.831431100006000139e+06 4.635480999760000268e+05
2.735499879999999848e+02 4.831431149993999861e+06 4.635481099849999882e+05
2.735199890000000096e+02 4.831431100006000139e+06 4.635481400150000118e+05
2.736099849999999947e+02 4.831431140014999546e+06 4.635481500239999732e+05
2.733699950000000172e+02 4.831431100006000139e+06 4.635480599979999824e+05
2.735100100000000225e+02 4.831431149993999861e+06 4.635480999760000268e+05
2.733200069999999755e+02 4.831431070007000118e+06 4.635481099849999882e+05
2.735100100000000225e+02 4.831431119994999841e+06 4.635481500239999732e+05
2.735899959999999851e+02 4.831431130005000159e+06 4.635481599730000016e+05
2.736600040000000149e+02 4.831431140014999546e+06 4.635481699830000289e+05
2.737399899999999775e+02 4.831431149993999861e+06 4.635481799929999979e+05
2.733500060000000076e+02 4.831431000000000000e+06 4.635481400150000118e+05
2.734800109999999904e+02 4.831431010010000318e+06 4.635481500239999732e+05
2.734100040000000149e+02 4.831431109985000454e+06 4.635481500239999732e+05
2.735599980000000073e+02 4.831431079986999743e+06 4.635481500239999732e+05
2.733999939999999924e+02 4.831431059998000041e+06 4.635481599730000016e+05
2.734500120000000152e+02 4.831431049987999722e+06 4.635481599730000016e+05
2.734800109999999904e+02 4.831431019988999702e+06 4.635481500239999732e+05
2.734599910000000023e+02 4.831431010010000318e+06 4.635481500239999732e+05
2.734700010000000248e+02 4.831430929992999882e+06 4.635480399779999861e+05
2.734100040000000149e+02 4.831431000000000000e+06 4.635480499880000134e+05
2.733999939999999924e+02 4.831431010010000318e+06 4.635480399779999861e+05
2.734599910000000023e+02 4.831430980011000298e+06 4.635480999760000268e+05
2.733999939999999924e+02 4.831430980011000298e+06 4.635480800169999711e+05
2.733599849999999947e+02 4.831430970000999980e+06 4.635480999760000268e+05
2.733500060000000076e+02 4.831430959990999661e+06 4.635481199950000155e+05
2.735000000000000000e+02 4.831431019988999702e+06 4.635480700070000021e+05
2.734200129999999831e+02 4.831431019988999702e+06 4.635480800169999711e+05
2.734299930000000245e+02 4.831431000000000000e+06 4.635481099849999882e+05
2.733399959999999851e+02 4.831430989989999682e+06 4.635481400150000118e+05
2.735299989999999752e+02 4.831431010010000318e+06 4.635481400150000118e+05
2.733999939999999924e+02 4.831431010010000318e+06 4.635481599730000016e+05
2.733599849999999947e+02 4.831431010010000318e+06 4.635481699830000289e+05
2.733200069999999755e+02 4.831430970000999980e+06 4.635481400150000118e+05
2.734100040000000149e+02 4.831431040009000339e+06 4.635481799929999979e+05
2.733599849999999947e+02 4.831430989989999682e+06 4.635481799929999979e+05
2.740499879999999848e+02 4.831431140014999546e+06 4.635482999880000134e+05
2.737099910000000023e+02 4.831431040009000339e+06 4.635482100220000139e+05
2.737900089999999977e+02 4.831431040009000339e+06 4.635482500000000000e+05
2.737999879999999848e+02 4.831430959990999661e+06 4.635482399899999727e+05
2.735000000000000000e+02 4.831430989989999682e+06 4.635481900020000176e+05
2.736099849999999947e+02 4.831431130005000159e+06 4.635481900020000176e+05
2.736600040000000149e+02 4.831431109985000454e+06 4.635481900020000176e+05
2.736400150000000053e+02 4.831431130005000159e+06 4.635482000119999866e+05
2.737699890000000096e+02 4.831430959990999661e+06 4.635482500000000000e+05
2.737500000000000000e+02 4.831431170013000257e+06 4.635481900020000176e+05
2.737300109999999904e+02 4.831430989989999682e+06 4.635482399899999727e+05
2.733999939999999924e+02 4.831431029999000020e+06 4.635481900020000176e+05
2.734299930000000245e+02 4.831431040009000339e+06 4.635481900020000176e+05
2.737099910000000023e+02 4.831431079986999743e+06 4.635482100220000139e+05
2.737699890000000096e+02 4.831430959990999661e+06 4.635482500000000000e+05
2.735400089999999977e+02 4.831430970000999980e+06 4.635481900020000176e+05
2.737699890000000096e+02 4.831431029999000020e+06 4.635482500000000000e+05
2.735100100000000225e+02 4.831431040009000339e+06 4.635481799929999979e+05
2.733500060000000076e+02 4.831431029999000020e+06 4.635481799929999979e+05
2.736300049999999828e+02 4.831431089995999821e+06 4.635482199709999841e+05
2.737200010000000248e+02 4.831431140014999546e+06 4.635482500000000000e+05
2.733399959999999851e+02 4.831430869994999841e+06 4.635481699830000289e+05
2.735400089999999977e+02 4.831430950012000278e+06 4.635482299800000037e+05
2.733500060000000076e+02 4.831430890014999546e+06 4.635481900020000176e+05
2.738200069999999755e+02 4.831430929992999882e+06 4.635482999880000134e+05
2.737999879999999848e+02 4.831430899993999861e+06 4.635482899779999861e+05
2.733200069999999755e+02 4.831430880005000159e+06 4.635485300290000159e+05
2.733900150000000053e+02 4.831430839995999821e+06 4.635485700070000021e+05
2.733399959999999851e+02 4.831430829986999743e+06 4.635485499880000134e+05
2.735400089999999977e+02 4.831430959990999661e+06 4.635485999760000268e+05
2.734100040000000149e+02 4.831430959990999661e+06 4.635484899899999727e+05
2.734200129999999831e+02 4.831430899993999861e+06 4.635485000000000000e+05
2.734400019999999927e+02 4.831430920013000257e+06 4.635485000000000000e+05
2.734500120000000152e+02 4.831430940001999959e+06 4.635485200199999963e+05
2.734599910000000023e+02 4.831430959990999661e+06 4.635485300290000159e+05
2.733399959999999851e+02 4.831430880005000159e+06 4.635484299929999979e+05
2.733599849999999947e+02 4.831430899993999861e+06 4.635484400020000176e+05
2.733800049999999828e+02 4.831430929992999882e+06 4.635484600220000139e+05
2.733999939999999924e+02 4.831430950012000278e+06 4.635484699709999841e+05
2.733099980000000073e+02 4.831430890014999546e+06 4.635483900150000118e+05
2.733099980000000073e+02 4.831430910004000179e+06 4.635484000239999732e+05
2.733500060000000076e+02 4.831430859985000454e+06 4.635484400020000176e+05
2.733500060000000076e+02 4.831430880005000159e+06 4.635484600220000139e+05
2.733900150000000053e+02 4.831430910004000179e+06 4.635484600220000139e+05
2.733900150000000053e+02 4.831430929992999882e+06 4.635484799800000037e+05
2.734200129999999831e+02 4.831430959990999661e+06 4.635484799800000037e+05
2.733099980000000073e+02 4.831430890014999546e+06 4.635483900150000118e+05
2.733599849999999947e+02 4.831430890014999546e+06 4.635484600220000139e+05
2.733999939999999924e+02 4.831430869994999841e+06 4.635485100100000273e+05
2.735400089999999977e+02 4.831430959990999661e+06 4.635485700070000021e+05
2.734299930000000245e+02 4.831430929992999882e+06 4.635484699709999841e+05
2.734400019999999927e+02 4.831430959990999661e+06 4.635484899899999727e+05
2.733599849999999947e+02 4.831430950012000278e+06 4.635484199830000289e+05
2.733599849999999947e+02 4.831430899993999861e+06 4.635484600220000139e+05
2.735299989999999752e+02 4.831430980011000298e+06 4.635485999760000268e+05
2.734899899999999775e+02 4.831430959990999661e+06 4.635485300290000159e+05
2.734800109999999904e+02 4.831430989989999682e+06 4.635485499880000134e+05
2.733299870000000169e+02 4.831430920013000257e+06 4.635483900150000118e+05
2.733200069999999755e+02 4.831430950012000278e+06 4.635484199830000289e+05
2.733200069999999755e+02 4.831430980011000298e+06 4.635484400020000176e+05
2.735400089999999977e+02 4.831430980011000298e+06 4.635485599979999824e+05
2.735299989999999752e+02 4.831431010010000318e+06 4.635485800169999711e+05
2.734400019999999927e+02 4.831430950012000278e+06 4.635484899899999727e+05
2.734299930000000245e+02 4.831430980011000298e+06 4.635485100100000273e+05
2.733699950000000172e+02 4.831430980011000298e+06 4.635485100100000273e+05
2.733500060000000076e+02 4.831430940001999959e+06 4.635484199830000289e+05
2.733200069999999755e+02 4.831430970000999980e+06 4.635484400020000176e+05
2.734700010000000248e+02 4.831430980011000298e+06 4.635485200199999963e+05
2.734599910000000023e+02 4.831431000000000000e+06 4.635485300290000159e+05
2.733299870000000169e+02 4.831430959990999661e+06 4.635484299929999979e+05
2.733200069999999755e+02 4.831430899993999861e+06 4.635483699950000155e+05
2.733399959999999851e+02 4.831430929992999882e+06 4.635484299929999979e+05
2.733599849999999947e+02 4.831430910004000179e+06 4.635484199830000289e+05
2.733800049999999828e+02 4.831430940001999959e+06 4.635484699709999841e+05
2.734200129999999831e+02 4.831430920013000257e+06 4.635484600220000139e+05
2.734500120000000152e+02 4.831430959990999661e+06 4.635485200199999963e+05
2.734800109999999904e+02 4.831430940001999959e+06 4.635485100100000273e+05
2.734899899999999775e+02 4.831430970000999980e+06 4.635485700070000021e+05
2.735400089999999977e+02 4.831430950012000278e+06 4.635485499880000134e+05
2.733699950000000172e+02 4.831430959990999661e+06 4.635485100100000273e+05
2.734400019999999927e+02 4.831430959990999661e+06 4.635485200199999963e+05
2.734599910000000023e+02 4.831430929992999882e+06 4.635485000000000000e+05
2.734899899999999775e+02 4.831430989989999682e+06 4.635485900269999984e+05
2.735499879999999848e+02 4.831430989989999682e+06 4.635485999760000268e+05
2.734200129999999831e+02 4.831430920013000257e+06 4.635484500119999866e+05
2.734200129999999831e+02 4.831430899993999861e+06 4.635484899899999727e+05
2.734500120000000152e+02 4.831430980011000298e+06 4.635485399779999861e+05
2.734899899999999775e+02 4.831430980011000298e+06 4.635485599979999824e+05
2.735299989999999752e+02 4.831430980011000298e+06 4.635485800169999711e+05
2.735700069999999755e+02 4.831430970000999980e+06 4.635485999760000268e+05
2.733900150000000053e+02 4.831430970000999980e+06 4.635485000000000000e+05
2.734299930000000245e+02 4.831430959990999661e+06 4.635485100100000273e+05
2.734800109999999904e+02 4.831430970000999980e+06 4.635485300290000159e+05
2.735299989999999752e+02 4.831430980011000298e+06 4.635485399779999861e+05
2.734100040000000149e+02 4.831430989989999682e+06 4.635484699709999841e+05
2.734200129999999831e+02 4.831430970000999980e+06 4.635485000000000000e+05
2.735400089999999977e+02 4.831431019988999702e+06 4.635484899899999727e+05
2.735100100000000225e+02 4.831430970000999980e+06 4.635485399779999861e+05
2.735599980000000073e+02 4.831430929992999882e+06 4.635485800169999711e+05
2.735400089999999977e+02 4.831430940001999959e+06 4.635485499880000134e+05
2.735299989999999752e+02 4.831430899993999861e+06 4.635485599979999824e+05
2.734299930000000245e+02 4.831430940001999959e+06 4.635484899899999727e+05
2.734200129999999831e+02 4.831430920013000257e+06 4.635484799800000037e+05
2.733800049999999828e+02 4.831430920013000257e+06 4.635484699709999841e+05
2.735499879999999848e+02 4.831430880005000159e+06 4.635485499880000134e+05
2.734200129999999831e+02 4.831430910004000179e+06 4.635484699709999841e+05
2.734500120000000152e+02 4.831430890014999546e+06 4.635484899899999727e+05
2.734500120000000152e+02 4.831430890014999546e+06 4.635484799800000037e+05
2.734400019999999927e+02 4.831430890014999546e+06 4.635484799800000037e+05
2.734500120000000152e+02 4.831430880005000159e+06 4.635484699709999841e+05
2.734100040000000149e+02 4.831430899993999861e+06 4.635484299929999979e+05
2.733599849999999947e+02 4.831430869994999841e+06 4.635484099730000016e+05
2.733399959999999851e+02 4.831430929992999882e+06 4.635484400020000176e+05
2.733599849999999947e+02 4.831430920013000257e+06 4.635484600220000139e+05
2.733800049999999828e+02 4.831430970000999980e+06 4.635485000000000000e+05
2.734200129999999831e+02 4.831430959990999661e+06 4.635484899899999727e+05
2.734500120000000152e+02 4.831430950012000278e+06 4.635485200199999963e+05
2.734700010000000248e+02 4.831430929992999882e+06 4.635485499880000134e+05
2.734500120000000152e+02 4.831430959990999661e+06 4.635485100100000273e+05
2.734700010000000248e+02 4.831430950012000278e+06 4.635485399779999861e+05
2.733699950000000172e+02 4.831430970000999980e+06 4.635484799800000037e+05
2.734299930000000245e+02 4.831430970000999980e+06 4.635485100100000273e+05
2.734599910000000023e+02 4.831430959990999661e+06 4.635485300290000159e+05
2.734899899999999775e+02 4.831430959990999661e+06 4.635485499880000134e+05
2.735100100000000225e+02 4.831430950012000278e+06 4.635485800169999711e+05
2.733800049999999828e+02 4.831430970000999980e+06 4.635485000000000000e+05
2.734500120000000152e+02 4.831430980011000298e+06 4.635485300290000159e+05
2.734899899999999775e+02 4.831430970000999980e+06 4.635485599979999824e+05
2.735299989999999752e+02 4.831430970000999980e+06 4.635485800169999711e+05
2.734700010000000248e+02 4.831430989989999682e+06 4.635485499880000134e+05
2.735000000000000000e+02 4.831430980011000298e+06 4.635485800169999711e+05
2.734899899999999775e+02 4.831430989989999682e+06 4.635485900269999984e+05
2.734599910000000023e+02 4.831430929992999882e+06 4.635485200199999963e+05
2.733299870000000169e+02 4.831430890014999546e+06 4.635484400020000176e+05
2.733399959999999851e+02 4.831430899993999861e+06 4.635484400020000176e+05
2.733399959999999851e+02 4.831430880005000159e+06 4.635484699709999841e+05
2.733299870000000169e+02 4.831430910004000179e+06 4.635484400020000176e+05
2.733500060000000076e+02 4.831430899993999861e+06 4.635484600220000139e+05
2.733500060000000076e+02 4.831430910004000179e+06 4.635484600220000139e+05
2.733399959999999851e+02 4.831430890014999546e+06 4.635484799800000037e+05
2.733599849999999947e+02 4.831430929992999882e+06 4.635484500119999866e+05
2.733699950000000172e+02 4.831430910004000179e+06 4.635484799800000037e+05
2.733500060000000076e+02 4.831430890014999546e+06 4.635485100100000273e+05
2.733699950000000172e+02 4.831430950012000278e+06 4.635484699709999841e+05
2.733999939999999924e+02 4.831430929992999882e+06 4.635485000000000000e+05
2.733999939999999924e+02 4.831430910004000179e+06 4.635485300290000159e+05
2.735199890000000096e+02 4.831430950012000278e+06 4.635485800169999711e+05
2.733399959999999851e+02 4.831430929992999882e+06 4.635484600220000139e+05
2.733800049999999828e+02 4.831430910004000179e+06 4.635485000000000000e+05
2.733500060000000076e+02 4.831430899993999861e+06 4.635485100100000273e+05
2.734400019999999927e+02 4.831430959990999661e+06 4.635485200199999963e+05
2.734800109999999904e+02 4.831430940001999959e+06 4.635485700070000021e+05
2.734500120000000152e+02 4.831430920013000257e+06 4.635485900269999984e+05
