463547.109985 4831430.140015 274.350006
463547.109985 4831430.160004 274.269989
463547.159973 4831430.190002 274.799988
463547.119995 4831430.029999 274.790009
463547.109985 4831430.029999 274.579987
463547.119995 4831430.200012 274.269989
463547.150024 4831430.160004 274.350006
463547.140015 4831430.170013 274.440002
463547.130005 4831430.170013 274.510010
463547.130005 4831430.170013 274.589996
463547.119995 4831430.179993 274.670013
463547.109985 4831430.200012 274.779999
463547.119995 4831430.200012 274.630005
463547.130005 4831430.209991 274.739990
463547.109985 4831430.160004 274.380005
463547.130005 4831430.179993 274.510010
463547.140015 4831430.200012 274.649994
463547.140015 4831430.170013 274.269989
463547.150024 4831430.170013 274.359985
463547.159973 4831430.179993 274.480011
463547.130005 4831430.250000 274.790009
463547.140015 4831430.220001 274.570007
463547.140015 4831430.200012 274.619995
463547.119995 4831430.230011 274.760010
463547.109985 4831430.220001 274.679993
463547.119995 4831430.200012 274.450012
463547.130005 4831430.209991 274.420013
463547.140015 4831430.209991 274.359985
463547.150024 4831430.230011 274.350006
463547.150024 4831430.209991 274.250000
463547.119995 4831430.239990 274.720001
463547.150024 4831430.209991 274.579987
463547.159973 4831430.149994 274.230011
463547.150024 4831430.170013 274.369995
463547.140015 4831430.160004 274.420013
463547.140015 4831430.179993 274.489990
463547.130005 4831430.170013 274.579987
463547.130005 4831430.190002 274.709991
463547.109985 4831430.230011 274.799988
463547.130005 4831430.200012 274.630005
463547.150024 4831430.220001 274.779999
463547.130005 4831430.170013 274.230011
463547.150024 4831430.170013 274.660004
463547.130005 4831430.250000 274.750000
463547.119995 4831430.230011 274.790009
463547.130005 4831430.230011 274.609985
463547.119995 4831430.209991 274.660004
463547.150024 4831430.220001 274.739990
463547.150024 4831430.209991 274.799988
463547.119995 4831430.200012 274.450012
463547.140015 4831430.209991 274.510010
463547.140015 4831430.200012 274.559998
463547.140015 4831430.190002 274.309998
463547.109985 4831430.170013 274.540009
463547.109985 4831430.200012 274.630005
463547.109985 4831430.170013 274.320007
463547.119995 4831430.179993 274.380005
463547.140015 4831430.179993 274.429993
463547.150024 4831430.190002 274.489990
463547.119995 4831430.209991 274.500000
463547.119995 4831430.239990 274.799988
463547.109985 4831430.200012 274.559998
463547.130005 4831430.239990 274.720001
463547.140015 4831430.179993 274.250000
463547.260010 4831430.049988 274.239990
463547.250000 4831430.040009 274.480011
463547.210022 4831430.059998 274.709991
463547.159973 4831430.149994 274.429993
463547.179993 4831430.019989 274.559998
463547.229980 4831430.119995 274.630005
463547.210022 4831430.079987 274.760010
463547.200012 4831430.049988 274.739990
463547.179993 4831430.040009 274.630005
463547.250000 4831430.059998 274.359985
463547.229980 4831430.029999 274.399994
463547.200012 4831430.200012 274.570007
463547.210022 4831430.130005 274.799988
463547.229980 4831430.109985 274.570007
463547.229980 4831430.059998 274.709991
463547.260010 4831430.149994 274.250000
463547.260010 4831430.100006 274.390015
463547.250000 4831430.049988 274.470001
463547.200012 4831430.059998 274.440002
463547.179993 4831430.130005 274.790009
463547.200012 4831430.149994 274.750000
463547.159973 4831430.190002 274.700012
463547.200012 4831430.149994 274.359985
463547.169983 4831430.160004 274.230011
463547.159973 4831430.160004 274.299988
463547.229980 4831430.100006 274.260010
463547.219971 4831430.109985 274.350006
463547.210022 4831430.100006 274.420013
463547.200012 4831430.100006 274.470001
463547.190002 4831430.109985 274.570007
463547.190002 4831430.130005 274.670013
463547.179993 4831430.149994 274.769989
463547.159973 4831430.209991 274.779999
463547.179993 4831430.190002 274.779999
463547.190002 4831430.179993 274.339996
463547.179993 4831430.170013 274.399994
463547.179993 4831430.160004 274.459991
463547.190002 4831430.160004 274.660004
463547.179993 4831430.140015 274.790009
463547.210022 4831430.130005 274.380005
463547.219971 4831430.140015 274.559998
463547.210022 4831430.119995 274.579987
463547.200012 4831430.100006 274.700012
463547.200012 4831430.100006 274.779999
463547.250000 4831430.149994 274.209991
463547.229980 4831430.119995 274.220001
463547.229980 4831430.119995 274.290009
463547.229980 4831430.109985 274.359985
463547.200012 4831430.070007 274.410004
463547.169983 4831430.200012 274.730011
463547.169983 4831430.190002 274.799988
463547.169983 4831430.179993 274.459991
463547.179993 4831430.179993 274.559998
463547.190002 4831430.160004 274.609985
463547.190002 4831430.149994 274.660004
463547.179993 4831430.130005 274.700012
463547.179993 4831430.109985 274.720001
463547.159973 4831430.089996 274.730011
463547.200012 4831430.179993 274.250000
463547.210022 4831430.170013 274.329987
463547.210022 4831430.160004 274.369995
463547.219971 4831430.149994 274.450012
463547.210022 4831430.130005 274.480011
463547.200012 4831430.109985 274.510010
463547.179993 4831430.079987 274.510010
463547.229980 4831430.140015 274.230011
463547.239990 4831430.130005 274.299988
463547.239990 4831430.109985 274.329987
463547.229980 4831430.100006 274.359985
463547.169983 4831430.019989 274.369995
463547.229980 4831430.160004 274.529999
463547.219971 4831430.149994 274.390015
463547.219971 4831430.149994 274.320007
463547.229980 4831430.160004 274.279999
463547.169983 4831430.190002 274.679993
463547.179993 4831430.200012 274.640015
463547.179993 4831430.200012 274.600006
463547.169983 4831430.200012 274.519989
463547.179993 4831430.209991 274.480011
463547.169983 4831430.179993 274.779999
463547.169983 4831430.170013 274.690002
463547.179993 4831430.170013 274.640015
463547.179993 4831430.140015 274.559998
463547.179993 4831430.130005 274.489990
463547.190002 4831430.140015 274.440002
463547.200012 4831430.149994 274.399994
463547.210022 4831430.160004 274.359985
463547.219971 4831430.149994 274.290009
463547.169983 4831430.190002 274.459991
463547.200012 4831430.160004 274.309998
463547.219971 4831430.170013 274.260010
463547.159973 4831430.179993 274.329987
463547.210022 4831430.149994 274.209991
463547.200012 4831430.140015 274.250000
463547.200012 4831430.149994 274.309998
463547.190002 4831430.140015 274.359985
463547.179993 4831430.130005 274.399994
463547.179993 4831430.140015 274.480011
463547.169983 4831430.119995 274.510010
463547.159973 4831430.170013 274.769989
463547.169983 4831430.190002 274.790009
463547.159973 4831430.200012 274.630005
463547.159973 4831430.190002 274.670013
463547.179993 4831430.200012 274.750000
463547.179993 4831430.179993 274.790009
463547.159973 4831430.190002 274.390015
463547.169983 4831430.190002 274.459991
463547.179993 4831430.190002 274.510010
463547.179993 4831430.179993 274.570007
463547.190002 4831430.170013 274.630005
463547.190002 4831430.149994 274.670013
463547.190002 4831430.140015 274.720001
463547.179993 4831430.130005 274.750000
463547.179993 4831430.179993 274.260010
463547.190002 4831430.179993 274.329987
463547.200012 4831430.170013 274.390015
463547.200012 4831430.160004 274.450012
463547.210022 4831430.160004 274.500000
463547.210022 4831430.140015 274.529999
463547.190002 4831430.119995 274.559998
463547.200012 4831430.109985 274.619995
463547.190002 4831430.089996 274.640015
463547.200012 4831430.089996 274.709991
463547.229980 4831430.160004 274.230011
463547.219971 4831430.140015 274.269989
463547.210022 4831430.119995 274.299988
463547.210022 4831430.109985 274.350006
463547.210022 4831430.089996 274.410004
463547.200012 4831430.170013 274.230011
463547.179993 4831430.179993 274.760010
463547.190002 4831430.239990 274.239990
463547.179993 4831430.190002 274.779999
463547.159973 4831430.190002 274.540009
463547.159973 4831430.209991 274.609985
463547.190002 4831430.179993 274.339996
463547.200012 4831430.190002 274.790009
463547.190002 4831430.209991 274.269989
463547.210022 4831430.200012 274.309998
463547.239990 4831430.179993 274.239990
463547.159973 4831430.239990 274.790009
463547.179993 4831430.230011 274.779999
463547.210022 4831430.190002 274.700012
463547.229980 4831430.140015 274.609985
463547.169983 4831430.200012 274.369995
463547.190002 4831430.190002 274.390015
463547.219971 4831430.170013 274.369995
463547.250000 4831430.130005 274.299988
463547.200012 4831430.089996 274.589996
463547.210022 4831430.079987 274.529999
463547.219971 4831430.079987 274.470001
463547.229980 4831430.079987 274.410004
463547.239990 4831430.079987 274.350006
463547.239990 4831430.089996 274.279999
463547.210022 4831430.140015 274.790009
463547.210022 4831430.149994 274.700012
463547.219971 4831430.149994 274.630005
463547.210022 4831430.170013 274.500000
463547.210022 4831430.179993 274.380005
463547.219971 4831430.179993 274.329987
463547.219971 4831430.190002 274.209991
463547.219971 4831430.070007 274.200012
463547.210022 4831430.130005 274.790009
463547.210022 4831430.109985 274.730011
463547.190002 4831430.089996 274.640015
463547.179993 4831430.070007 274.559998
463547.190002 4831430.059998 274.519989
463547.229980 4831430.190002 274.779999
463547.219971 4831430.170013 274.690002
463547.229980 4831430.149994 274.649994
463547.229980 4831430.130005 274.570007
463547.210022 4831430.200012 274.510010
463547.229980 4831430.179993 274.480011
463547.229980 4831430.140015 274.329987
463547.929993 4831430.239990 274.070007
463547.830017 4831430.320007 274.059998
463548.000000 4831430.279999 274.160004
463547.929993 4831430.239990 274.200012
463547.940002 4831430.260010 274.279999
463547.940002 4831430.260010 274.339996
463547.940002 4831430.260010 274.489990
463547.880005 4831430.269989 274.220001
463547.880005 4831430.279999 274.269989
463547.890015 4831430.290009 274.320007
463547.900024 4831430.299988 274.399994
463547.840027 4831430.329987 274.149994
463547.840027 4831430.339996 274.190002
463547.840027 4831430.369995 274.160004
463547.830017 4831430.359985 274.269989
463547.250000 4831430.049988 274.200012
463547.909973 4831430.320007 274.619995
463547.940002 4831430.260010 273.989990
463547.859985 4831430.239990 273.910004
463547.869995 4831430.260010 274.000000
463547.820007 4831430.299988 273.920013
463547.830017 4831430.309998 273.959991
463547.809998 4831430.320007 273.920013
463547.809998 4831430.320007 273.980011
463547.799988 4831430.369995 273.920013
463547.789978 4831430.359985 273.989990
463547.330017 4831429.980011 274.089996
463547.900024 4831430.239990 274.429993
463547.929993 4831430.239990 274.519989
463547.940002 4831430.239990 274.450012
463547.919983 4831430.179993 274.290009
463547.950012 4831430.209991 274.510010
463547.969971 4831430.179993 274.239990
463548.010010 4831430.160004 274.140015
463547.979980 4831430.209991 274.790009
463547.929993 4831430.279999 274.410004
463547.909973 4831430.269989 274.380005
463547.909973 4831430.269989 274.309998
463547.940002 4831430.269989 274.429993
463547.929993 4831430.260010 274.390015
463547.929993 4831430.269989 274.309998
463547.919983 4831430.250000 274.290009
463547.929993 4831430.239990 274.329987
463547.960022 4831430.230011 274.359985
463547.969971 4831430.220001 274.369995
463548.030029 4831430.239990 274.799988
463548.010010 4831430.220001 274.709991
463548.039978 4831430.220001 274.730011
463548.010010 4831430.190002 274.589996
463548.070007 4831430.220001 274.750000
463548.049988 4831430.190002 274.720001
463547.919983 4831430.299988 274.279999
463547.250000 4831430.019989 273.850006
463547.280029 4831430.000000 273.880005
463547.280029 4831429.989990 273.820007
463547.280029 4831429.970001 274.040009
463547.260010 4831430.220001 273.829987
463547.239990 4831430.190002 273.820007
463547.270020 4831430.000000 274.000000
463547.330017 4831429.989990 273.880005
463547.849976 4831430.269989 273.910004
463547.849976 4831430.260010 273.859985
463547.869995 4831430.260010 273.880005
463547.849976 4831430.230011 273.850006
463547.849976 4831430.230011 273.809998
463547.859985 4831430.209991 273.850006
463547.859985 4831430.250000 274.089996
463547.809998 4831430.299988 274.079987
463547.770020 4831430.290009 274.089996
463547.799988 4831430.260010 274.100006
463548.000000 4831430.290009 274.589996
463547.820007 4831430.299988 274.239990
463547.979980 4831430.250000 274.790009
463547.960022 4831430.269989 274.480011
463547.950012 4831430.269989 274.589996
463547.929993 4831430.269989 274.690002
463547.929993 4831430.279999 274.779999
463547.940002 4831430.250000 274.130005
463547.919983 4831430.260010 274.309998
463547.919983 4831430.269989 274.380005
463547.909973 4831430.269989 274.470001
463547.900024 4831430.279999 274.540009
463547.890015 4831430.290009 274.609985
463547.890015 4831430.299988 274.679993
463547.880005 4831430.299988 274.779999
463547.890015 4831430.320007 274.790009
463547.859985 4831430.209991 274.140015
463547.880005 4831430.260010 274.250000
463547.869995 4831430.269989 274.359985
463547.859985 4831430.279999 274.429993
463547.859985 4831430.290009 274.480011
463547.859985 4831430.299988 274.529999
463547.859985 4831430.309998 274.589996
463547.859985 4831430.329987 274.630005
463547.869995 4831430.350006 274.660004
463547.869995 4831430.359985 274.709991
463547.880005 4831430.380005 274.750000
463547.890015 4831430.410004 274.760010
463547.840027 4831430.230011 274.140015
463547.849976 4831430.250000 274.170013
463547.849976 4831430.260010 274.209991
463547.840027 4831430.269989 274.279999
463547.849976 4831430.290009 274.320007
463547.840027 4831430.290009 274.410004
463547.840027 4831430.309998 274.459991
463547.840027 4831430.329987 274.510010
463547.849976 4831430.339996 274.549988
463547.849976 4831430.359985 274.609985
463547.859985 4831430.380005 274.640015
463547.859985 4831430.399994 274.700012
463547.869995 4831430.420013 274.700012
463547.799988 4831430.269989 274.149994
463547.809998 4831430.290009 274.179993
463547.799988 4831430.299988 274.260010
463547.809998 4831430.320007 274.299988
463547.809998 4831430.339996 274.350006
463547.820007 4831430.359985 274.380005
463547.830017 4831430.380005 274.420013
463547.840027 4831430.410004 274.429993
463547.849976 4831430.420013 274.470001
463547.859985 4831430.450012 274.459991
463547.780029 4831430.309998 274.130005
463547.789978 4831430.350006 274.230011
463547.789978 4831430.359985 274.269989
463547.799988 4831430.390015 274.269989
463547.809998 4831430.410004 274.290009
463547.820007 4831430.429993 274.299988
463547.830017 4831430.440002 274.350006
463547.940002 4831430.239990 274.600006
463547.919983 4831430.260010 274.679993
463547.909973 4831430.279999 274.769989
463547.929993 4831430.250000 274.510010
463547.900024 4831430.260010 274.609985
463547.890015 4831430.279999 274.679993
463547.880005 4831430.299988 274.750000
463547.880005 4831430.320007 274.790009
463547.919983 4831430.239990 274.440002
463547.909973 4831430.260010 274.489990
463547.890015 4831430.269989 274.579987
463547.880005 4831430.279999 274.649994
463547.869995 4831430.299988 274.690002
463547.869995 4831430.320007 274.739990
463547.869995 4831430.350006 274.790009
463547.880005 4831430.369995 274.799988
463547.919983 4831430.429993 274.799988
463547.900024 4831430.239990 274.369995
463547.880005 4831430.250000 274.450012
463547.869995 4831430.269989 274.519989
463547.859985 4831430.290009 274.589996
463547.859985 4831430.309998 274.630005
463547.859985 4831430.329987 274.649994
463547.869995 4831430.350006 274.690002
463547.880005 4831430.250000 274.359985
463547.869995 4831430.260010 274.429993
463547.849976 4831430.279999 274.500000
463547.849976 4831430.299988 274.559998
463547.840027 4831430.320007 274.609985
463547.849976 4831430.339996 274.630005
463547.859985 4831430.369995 274.640015
463547.869995 4831430.239990 274.290009
463547.849976 4831430.260010 274.359985
463547.859985 4831430.279999 274.380005
463547.840027 4831430.309998 274.510010
463547.830017 4831430.329987 274.549988
463547.830017 4831430.350006 274.600006
463547.840027 4831430.369995 274.609985
463547.859985 4831430.399994 274.609985
463547.840027 4831430.239990 274.269989
463547.840027 4831430.260010 274.309998
463547.830017 4831430.279999 274.359985
463547.830017 4831430.299988 274.420013
463547.820007 4831430.320007 274.470001
463547.830017 4831430.350006 274.489990
463547.859985 4831430.399994 274.510010
463547.890015 4831430.429993 274.500000
463547.809998 4831430.239990 274.179993
463547.809998 4831430.260010 274.230011
463547.799988 4831430.269989 274.290009
463547.809998 4831430.299988 274.299988
463547.780029 4831430.299988 274.170013
463547.780029 4831430.329987 274.209991
463547.869995 4831430.279999 273.859985
463547.869995 4831430.279999 273.929993
463547.799988 4831430.269989 273.980011
463547.799988 4831430.290009 274.029999
463547.739990 4831430.309998 273.839996
463547.859985 4831430.239990 274.000000
463547.840027 4831430.260010 273.809998
463547.830017 4831430.260010 273.910004
463547.820007 4831430.260010 274.000000
463547.789978 4831430.269989 273.850006
463547.789978 4831430.269989 273.929993
463547.780029 4831430.279999 274.000000
463547.750000 4831430.290009 273.829987
463547.750000 4831430.309998 273.890015
463547.750000 4831430.320007 273.940002
463547.750000 4831430.329987 273.989990
463547.729980 4831430.350006 273.829987
463547.760010 4831430.420013 273.890015
463547.780029 4831430.250000 273.809998
463547.760010 4831430.269989 273.910004
463547.750000 4831430.290009 273.970001
463547.780029 4831430.329987 274.049988
463547.309998 4831430.070007 274.049988
463547.909973 4831430.380005 274.799988
463547.270020 4831430.100006 274.140015
463547.289978 4831430.119995 274.119995
463547.280029 4831430.079987 274.179993
463547.270020 4831430.059998 274.170013
463547.250000 4831430.040009 274.160004
463547.880005 4831430.320007 274.630005
463547.849976 4831430.329987 274.480011
463547.940002 4831430.269989 274.640015
463547.909973 4831430.279999 274.529999
463547.880005 4831430.279999 274.410004
463547.849976 4831430.279999 274.269989
463547.820007 4831430.290009 274.140015
463548.049988 4831430.299988 274.660004
463548.030029 4831430.269989 274.640015
463548.000000 4831430.269989 274.549988
463547.969971 4831430.250000 274.470001
463547.940002 4831430.250000 274.350006
463547.919983 4831430.250000 274.260010
463547.900024 4831430.239990 274.190002
463547.880005 4831430.230011 274.140015
463548.000000 4831430.279999 274.109985
463547.979980 4831430.260010 274.109985
463547.960022 4831430.230011 274.100006
463547.760010 4831430.329987 273.829987
463547.770020 4831430.299988 273.989990
463547.760010 4831430.279999 273.929993
463547.760010 4831430.260010 273.859985
463547.799988 4831430.239990 273.940002
463547.260010 4831430.010010 273.959991
463547.299988 4831430.019989 273.809998
463547.309998 4831430.179993 274.040009
463547.330017 4831430.140015 273.880005
463547.320007 4831430.089996 273.940002
463547.309998 4831430.070007 273.959991
463547.289978 4831430.049988 273.940002
463547.280029 4831430.029999 273.920013
463547.250000 4831430.029999 273.829987
463547.789978 4831430.290009 274.000000
463547.840027 4831430.230011 273.989990
463547.809998 4831430.250000 273.820007
463547.909973 4831430.260010 273.850006
463547.239990 4831430.130005 274.049988
463547.820007 4831430.359985 274.570007
463547.849976 4831430.399994 274.739990
463547.859985 4831430.420013 274.690002
463547.859985 4831430.429993 274.600006
463547.880005 4831430.459991 274.619995
463547.219971 4831430.140015 274.179993
463547.830017 4831430.380005 274.730011
463547.840027 4831430.399994 274.739990
463547.859985 4831430.420013 274.730011
463547.880005 4831430.450012 274.720001
463547.900024 4831430.459991 274.690002
463547.789978 4831430.339996 274.459991
463547.809998 4831430.369995 274.470001
463547.820007 4831430.399994 274.489990
463547.830017 4831430.429993 274.489990
463547.849976 4831430.450012 274.470001
463547.770020 4831430.260010 274.109985
463547.780029 4831430.299988 274.149994
463547.770020 4831430.369995 274.290009
463547.780029 4831430.390015 274.290009
463547.809998 4831430.440002 274.279999
463547.739990 4831430.390015 274.019989
463547.289978 4831430.119995 273.880005
463547.280029 4831430.250000 274.029999
463547.260010 4831430.140015 273.970001
463547.280029 4831430.140015 273.859985
463547.690002 4831430.359985 273.809998
463547.250000 4831430.140015 274.079987
463547.250000 4831430.089996 274.100006
463547.260010 4831430.109985 274.089996
463547.239990 4831430.100006 274.179993
463547.840027 4831430.410004 274.109985
463547.809998 4831430.390015 274.209991
463547.799988 4831430.369995 274.220001
463547.780029 4831430.320007 274.190002
463547.760010 4831430.279999 274.179993
463547.859985 4831430.380005 274.640015
463547.840027 4831430.359985 274.640015
463547.830017 4831430.329987 274.640015
463547.250000 4831430.100006 274.119995
463547.820007 4831430.420013 274.100006
463547.859985 4831430.429993 274.100006
463547.869995 4831430.440002 274.209991
463547.900024 4831430.420013 274.140015
463547.890015 4831430.420013 274.200012
463547.929993 4831430.450012 274.559998
463547.919983 4831430.429993 274.750000
463547.929993 4831430.410004 274.200012
463547.940002 4831430.410004 274.290009
463547.950012 4831430.420013 274.410004
463547.979980 4831430.440002 274.739990
463547.969971 4831430.429993 274.790009
463547.950012 4831430.369995 274.149994
463547.979980 4831430.410004 274.339996
463547.979980 4831430.399994 274.399994
463548.010010 4831430.420013 274.750000
463547.950012 4831430.299988 274.230011
463548.010010 4831430.369995 274.519989
463548.020020 4831430.380005 274.660004
463548.030029 4831430.390015 274.779999
463548.039978 4831430.339996 274.570007
463548.039978 4831430.329987 274.630005
463548.049988 4831430.350006 274.760010
463547.250000 4831430.119995 274.109985
463547.909973 4831430.450012 274.500000
463547.890015 4831430.440002 274.100006
463547.909973 4831430.429993 274.209991
463547.929993 4831430.429993 274.320007
463548.030029 4831430.420013 274.769989
463547.950012 4831430.390015 274.140015
463547.969971 4831430.380005 274.290009
463547.979980 4831430.369995 274.350006
463548.000000 4831430.359985 274.440002
463548.020020 4831430.339996 274.609985
463548.030029 4831430.329987 274.679993
463548.030029 4831430.320007 274.750000
463547.960022 4831430.299988 274.100006
463547.929993 4831430.260010 274.130005
463547.890015 4831430.209991 274.119995
463547.299988 4831430.109985 273.859985
463547.289978 4831430.100006 273.920013
463547.280029 4831430.100006 273.980011
463547.260010 4831430.100006 274.040009
463547.280029 4831430.209991 273.980011
463547.270020 4831430.200012 274.029999
463547.250000 4831430.170013 274.010010
463547.239990 4831430.149994 274.049988
463547.280029 4831430.160004 273.859985
463547.280029 4831430.149994 273.920013
463547.260010 4831430.109985 274.019989
463547.359985 4831430.200012 273.880005
463547.359985 4831430.190002 273.950012
463547.309998 4831430.119995 273.809998
463547.289978 4831430.089996 273.890015
463547.289978 4831430.079987 273.940002
463547.289978 4831430.070007 274.019989
463547.820007 4831430.429993 273.880005
463547.830017 4831430.440002 273.980011
463547.820007 4831430.429993 274.029999
463547.849976 4831430.420013 273.820007
463547.859985 4831430.429993 273.929993
463547.859985 4831430.420013 274.000000
463547.900024 4831430.429993 273.989990
463547.890015 4831430.420013 274.049988
463547.909973 4831430.390015 273.959991
463547.909973 4831430.390015 274.029999
463547.940002 4831430.369995 274.029999
463547.190002 4831430.220001 273.820007
463547.239990 4831430.200012 273.859985
463547.270020 4831430.200012 273.970001
463547.250000 4831430.170013 273.989990
463547.260010 4831430.160004 274.040009
463547.289978 4831430.190002 273.839996
463547.280029 4831430.160004 273.859985
463547.280029 4831430.149994 273.910004
463547.280029 4831430.130005 273.959991
463547.280029 4831430.109985 274.010010
463547.260010 4831430.079987 274.029999
463547.309998 4831430.130005 273.809998
463547.309998 4831430.119995 273.859985
463547.309998 4831430.100006 273.899994
463547.299988 4831430.079987 273.910004
463547.299988 4831430.059998 273.970001
463547.840027 4831430.440002 273.869995
463547.859985 4831430.440002 273.980011
463547.900024 4831430.399994 273.910004
463547.909973 4831430.380005 273.970001
463547.900024 4831430.299988 273.829987
463547.919983 4831430.299988 273.940002
463547.919983 4831430.440002 274.049988
463548.030029 4831430.359985 274.769989
463548.030029 4831430.359985 274.720001
463548.020020 4831430.350006 274.640015
463548.020020 4831430.359985 274.589996
463548.020020 4831430.359985 274.529999
463548.000000 4831430.450012 274.750000
463547.989990 4831430.450012 274.670013
463547.989990 4831430.450012 274.609985
463547.969971 4831430.429993 274.510010
463547.940002 4831430.390015 274.149994
463547.869995 4831430.399994 274.769989
463547.890015 4831430.420013 274.750000
463547.900024 4831430.440002 274.730011
463547.900024 4831430.440002 274.679993
463547.909973 4831430.450012 274.640015
463547.909973 4831430.459991 274.589996
463547.909973 4831430.459991 274.529999
463548.010010 4831430.440002 274.779999
463548.010010 4831430.410004 274.690002
463548.020020 4831430.410004 274.609985
463547.969971 4831430.410004 274.440002
463547.880005 4831430.429993 274.790009
463547.929993 4831430.459991 274.500000
463547.849976 4831430.440002 274.630005
463548.039978 4831430.410004 274.790009
463547.989990 4831430.450012 274.769989
463548.010010 4831430.440002 274.700012
463547.859985 4831430.410004 274.799988
463547.880005 4831430.450012 274.790009
463547.890015 4831430.450012 274.750000
463547.969971 4831430.429993 274.459991
463547.820007 4831430.399994 274.500000
463547.830017 4831430.429993 274.480011
463547.849976 4831430.450012 274.470001
463547.929993 4831430.420013 274.149994
463547.770020 4831430.410004 274.279999
463547.789978 4831430.440002 274.279999
463547.809998 4831430.459991 274.250000
463547.909973 4831430.359985 273.940002
463547.880005 4831430.429993 274.040009
463547.880005 4831430.440002 273.989990
463547.869995 4831430.420013 273.829987
463547.789978 4831430.440002 273.910004
463547.789978 4831430.450012 273.850006
463547.309998 4831430.109985 273.859985
463547.270020 4831430.089996 273.899994
463547.280029 4831430.109985 273.869995
463547.309998 4831430.149994 273.880005
463547.250000 4831430.200012 273.869995
463547.179993 4831430.350006 273.859985
463547.859985 4831430.420013 273.820007
463547.859985 4831430.429993 273.859985
463547.840027 4831430.440002 273.940002
463547.849976 4831430.450012 273.899994
463547.820007 4831430.450012 273.970001
463547.830017 4831430.459991 273.910004
463547.770020 4831430.429993 273.989990
463547.789978 4831430.440002 273.959991
463547.799988 4831430.459991 273.929993
463547.809998 4831430.459991 273.869995
463547.820007 4831430.459991 273.809998
463547.750000 4831430.429993 273.959991
463547.770020 4831430.450012 273.940002
463547.270020 4831430.149994 273.890015
463547.280029 4831430.160004 273.850006
463547.289978 4831430.170013 273.820007
463547.869995 4831430.450012 274.019989
463547.280029 4831430.119995 273.989990
463547.830017 4831430.459991 274.079987
463547.859985 4831430.420013 274.070007
463547.869995 4831430.429993 274.049988
463547.909973 4831430.380005 274.059998
463547.950012 4831430.329987 274.059998
463547.250000 4831430.140015 274.070007
463547.909973 4831430.420013 274.070007
463547.809998 4831430.440002 274.089996
463547.809998 4831430.429993 274.100006
463547.809998 4831430.429993 274.160004
463547.799988 4831430.420013 274.200012
463547.789978 4831430.410004 274.260010
463547.780029 4831430.399994 274.309998
463547.859985 4831430.420013 274.119995
463547.849976 4831430.440002 274.290009
463547.840027 4831430.429993 274.339996
463547.849976 4831430.459991 274.420013
463547.820007 4831430.420013 274.429993
463547.809998 4831430.399994 274.470001
463547.799988 4831430.380005 274.510010
463547.909973 4831430.410004 274.149994
463547.900024 4831430.420013 274.209991
463547.900024 4831430.420013 274.269989
463547.900024 4831430.429993 274.329987
463547.890015 4831430.429993 274.380005
463547.890015 4831430.450012 274.450012
463547.890015 4831430.440002 274.500000
463547.880005 4831430.429993 274.549988
463547.869995 4831430.429993 274.589996
463547.859985 4831430.420013 274.640015
463547.840027 4831430.390015 274.660004
463547.950012 4831430.390015 274.239990
463547.940002 4831430.380005 274.269989
463547.940002 4831430.399994 274.359985
463547.940002 4831430.420013 274.429993
463547.940002 4831430.420013 274.500000
463547.940002 4831430.440002 274.579987
463547.929993 4831430.440002 274.619995
463547.919983 4831430.440002 274.670013
463547.919983 4831430.440002 274.720001
463547.960022 4831430.329987 274.239990
463547.969971 4831430.369995 274.329987
463547.960022 4831430.369995 274.390015
463547.960022 4831430.390015 274.459991
463547.969971 4831430.420013 274.549988
463547.960022 4831430.420013 274.609985
463547.950012 4831430.410004 274.660004
463547.989990 4831430.380005 274.570007
463547.989990 4831430.390015 274.640015
463547.989990 4831430.399994 274.709991
463547.989990 4831430.420013 274.779999
463548.030029 4831430.359985 274.649994
463548.020020 4831430.359985 274.700012
463548.020020 4831430.359985 274.760010
463547.799988 4831430.429993 274.130005
463547.780029 4831430.399994 274.149994
463547.799988 4831430.420013 274.239990
463547.809998 4831430.440002 274.320007
463547.869995 4831430.429993 274.109985
463547.869995 4831430.429993 274.160004
463547.880005 4831430.440002 274.230011
463547.880005 4831430.440002 274.279999
463547.890015 4831430.450012 274.350006
463547.890015 4831430.440002 274.410004
463547.900024 4831430.450012 274.480011
463547.909973 4831430.459991 274.549988
463547.900024 4831430.450012 274.600006
463547.909973 4831430.450012 274.660004
463547.890015 4831430.420013 274.799988
463547.919983 4831430.390015 274.130005
463547.929993 4831430.399994 274.200012
463547.940002 4831430.410004 274.279999
463547.950012 4831430.420013 274.359985
463547.950012 4831430.420013 274.410004
463547.960022 4831430.429993 274.470001
463547.969971 4831430.440002 274.549988
463547.969971 4831430.429993 274.600006
463547.969971 4831430.440002 274.660004
463547.979980 4831430.440002 274.720001
463547.979980 4831430.429993 274.779999
463547.950012 4831430.320007 274.230011
463547.960022 4831430.339996 274.320007
463547.969971 4831430.350006 274.390015
463547.979980 4831430.359985 274.459991
463547.989990 4831430.359985 274.540009
463548.010010 4831430.390015 274.630005
463548.010010 4831430.390015 274.679993
463548.020020 4831430.399994 274.739990
463548.020020 4831430.399994 274.799988
463548.049988 4831430.339996 274.760010
463547.219971 4831430.160004 274.179993
463547.250000 4831430.119995 274.109985
463547.229980 4831430.100006 274.140015
463547.799988 4831430.440002 274.140015
463547.799988 4831430.420013 274.190002
463547.830017 4831430.440002 274.290009
463547.859985 4831430.450012 274.380005
463547.880005 4831430.459991 274.459991
463547.900024 4831430.450012 274.570007
463547.909973 4831430.450012 274.619995
463547.919983 4831430.450012 274.690002
463547.940002 4831430.450012 274.760010
463547.859985 4831430.440002 274.100006
463547.880005 4831430.440002 274.170013
463547.890015 4831430.440002 274.239990
463547.890015 4831430.429993 274.290009
463547.919983 4831430.450012 274.380005
463547.940002 4831430.440002 274.500000
463547.960022 4831430.450012 274.570007
463547.969971 4831430.450012 274.630005
463547.979980 4831430.450012 274.690002
463547.989990 4831430.440002 274.750000
463547.929993 4831430.420013 274.130005
463547.940002 4831430.410004 274.190002
463547.950012 4831430.410004 274.260010
463547.950012 4831430.399994 274.320007
463547.979980 4831430.410004 274.410004
463548.000000 4831430.410004 274.529999
463548.010010 4831430.410004 274.589996
463548.010010 4831430.399994 274.640015
463548.039978 4831430.410004 274.709991
463548.039978 4831430.399994 274.760010
463547.950012 4831430.380005 274.100006
463547.950012 4831430.369995 274.149994
463547.960022 4831430.359985 274.200012
463547.960022 4831430.359985 274.250000
463547.950012 4831430.339996 274.279999
463547.989990 4831430.359985 274.380005
463548.030029 4831430.359985 274.579987
463548.030029 4831430.350006 274.630005
463547.929993 4831430.279999 274.130005
463547.890015 4831430.230011 274.140015
463547.210022 4831430.190002 273.899994
463547.270020 4831430.200012 273.820007
463547.260010 4831430.170013 273.850006
463547.250000 4831430.160004 273.899994
463547.789978 4831430.429993 273.839996
463547.780029 4831430.420013 273.890015
463547.770020 4831430.429993 274.010010
463547.750000 4831430.399994 274.029999
463547.229980 4831430.190002 273.850006
463547.229980 4831430.190002 273.899994
463547.260010 4831430.160004 273.950012
463547.340027 4831430.209991 273.880005
463547.289978 4831430.130005 273.899994
463547.280029 4831430.109985 273.940002
463547.270020 4831430.100006 273.980011
463547.799988 4831430.450012 273.809998
463547.799988 4831430.440002 273.869995
463547.799988 4831430.440002 273.910004
463547.799988 4831430.429993 274.019989
463547.859985 4831430.420013 273.839996
463547.869995 4831430.429993 273.920013
463547.880005 4831430.440002 274.000000
463547.900024 4831430.369995 273.850006
463547.900024 4831430.369995 273.920013
463547.909973 4831430.380005 273.989990
463547.260010 4831430.179993 273.929993
463547.260010 4831430.170013 273.980011
463547.260010 4831430.160004 274.019989
463547.330017 4831430.179993 273.940002
463547.289978 4831430.130005 273.920013
463547.280029 4831430.109985 273.950012
463547.250000 4831430.079987 273.970001
463547.380005 4831430.160004 273.890015
463547.809998 4831430.450012 273.829987
463547.820007 4831430.440002 273.899994
463547.830017 4831430.440002 273.959991
463547.849976 4831430.440002 274.029999
463547.869995 4831430.420013 273.820007
463547.880005 4831430.420013 273.880005
463547.890015 4831430.420013 273.940002
463547.900024 4831430.410004 274.000000
463547.900024 4831430.380005 273.820007
463547.909973 4831430.380005 273.890015
463547.919983 4831430.380005 273.970001
463547.890015 4831430.309998 273.829987
463547.849976 4831430.230011 274.070007
463547.229980 4831430.119995 274.059998
463547.849976 4831430.230011 274.119995
463547.799988 4831430.269989 274.209991
463547.799988 4831430.290009 274.260010
463547.809998 4831430.299988 274.450012
463547.940002 4831430.269989 274.459991
463547.919983 4831430.279999 274.619995
463547.900024 4831430.290009 274.799988
463547.890015 4831430.239990 274.149994
463547.859985 4831430.269989 274.380005
463547.849976 4831430.290009 274.510010
463547.830017 4831430.309998 274.589996
463547.830017 4831430.339996 274.630005
463547.830017 4831430.369995 274.640015
463547.830017 4831430.399994 274.589996
463547.840027 4831430.440002 274.510010
463547.809998 4831430.220001 274.140015
463547.809998 4831430.250000 274.170013
463547.799988 4831430.279999 274.220001
463547.789978 4831430.299988 274.279999
463547.789978 4831430.320007 274.309998
463547.780029 4831430.350006 274.329987
463547.780029 4831430.380005 274.320007
463547.789978 4831430.420013 274.230011
463547.799988 4831430.450012 274.190002
463547.880005 4831430.269989 274.510010
463547.849976 4831430.290009 274.589996
463547.840027 4831430.309998 274.619995
463547.840027 4831430.339996 274.640015
463547.840027 4831430.260010 274.380005
463547.820007 4831430.279999 274.440002
463547.809998 4831430.309998 274.470001
463547.799988 4831430.329987 274.500000
463547.799988 4831430.359985 274.500000
463547.820007 4831430.390015 274.450012
463547.830017 4831430.429993 274.410004
463547.869995 4831430.230011 274.130005
463547.809998 4831430.279999 274.339996
463547.799988 4831430.309998 274.350006
463547.789978 4831430.329987 274.380005
463547.799988 4831430.359985 274.359985
463547.830017 4831430.260010 274.209991
463547.799988 4831430.279999 274.309998
463547.789978 4831430.309998 274.350006
463547.770020 4831430.329987 274.390015
463547.780029 4831430.369995 274.359985
463547.789978 4831430.309998 274.269989
463547.830017 4831430.220001 274.130005
463547.760010 4831430.290009 274.339996
463547.770020 4831430.329987 274.299988
463547.820007 4831430.230011 274.209991
463547.780029 4831430.309998 274.309998
463547.780029 4831430.309998 274.329987
463547.780029 4831430.279999 274.209991
463547.750000 4831430.369995 274.160004
463547.849976 4831430.239990 274.040009
463547.700012 4831430.309998 273.850006
463547.270020 4831430.100006 273.890015
463547.229980 4831430.089996 274.049988
463547.750000 4831430.279999 273.910004
463547.739990 4831430.299988 273.980011
463547.729980 4831430.329987 274.019989
463547.729980 4831430.399994 273.970001
463547.729980 4831430.239990 274.350006
463547.729980 4831430.239990 274.299988
463547.909973 4831430.339996 274.739990
463547.859985 4831430.309998 274.769989
463547.869995 4831430.329987 274.660004
463547.890015 4831430.329987 274.589996
463547.880005 4831430.350006 274.549988
463547.859985 4831430.290009 274.790009
463547.849976 4831430.309998 274.739990
463547.859985 4831430.309998 274.670013
463547.840027 4831430.339996 274.579987
463547.849976 4831430.290009 274.739990
463547.849976 4831430.299988 274.690002
463547.840027 4831430.320007 274.589996
463547.830017 4831430.279999 274.730011
463547.840027 4831430.290009 274.670013
463547.830017 4831430.299988 274.640015
463547.830017 4831430.260010 274.720001
463547.830017 4831430.279999 274.609985
463547.849976 4831430.220001 274.790009
463547.820007 4831430.230011 274.769989
463547.830017 4831430.239990 274.720001
463547.799988 4831430.320007 274.380005
463547.789978 4831430.279999 274.380005
463547.789978 4831430.309998 274.209991
463547.789978 4831430.320007 273.859985
463547.770020 4831430.299988 273.920013
463547.840027 4831430.309998 274.540009
463547.869995 4831430.269989 274.769989
463547.869995 4831430.290009 274.779999
463547.859985 4831430.299988 274.790009
463547.890015 4831430.279999 274.799988
463547.820007 4831430.329987 274.609985
463547.840027 4831430.309998 274.630005
463547.849976 4831430.320007 274.679993
463547.859985 4831430.339996 274.750000
463547.880005 4831430.339996 274.799988
463547.780029 4831430.350006 274.239990
463547.799988 4831430.339996 274.269989
463547.799988 4831430.369995 274.339996
463547.809998 4831430.369995 274.390015
463547.820007 4831430.380005 274.450012
463547.840027 4831430.380005 274.500000
463547.849976 4831430.390015 274.559998
463547.859985 4831430.399994 274.609985
463547.869995 4831430.410004 274.670013
463547.880005 4831430.410004 274.720001
463547.900024 4831430.420013 274.779999
463547.799988 4831430.399994 274.250000
463547.809998 4831430.399994 274.299988
463547.820007 4831430.410004 274.339996
463547.830017 4831430.420013 274.399994
463547.849976 4831430.420013 274.450012
463547.859985 4831430.429993 274.500000
463547.869995 4831430.429993 274.549988
463547.890015 4831430.429993 274.589996
463547.900024 4831430.440002 274.649994
463547.919983 4831430.440002 274.700012
463547.940002 4831430.450012 274.750000
463547.950012 4831430.450012 274.790009
463547.849976 4831430.429993 274.179993
463547.859985 4831430.440002 274.239990
463547.880005 4831430.440002 274.279999
463547.890015 4831430.440002 274.320007
463547.909973 4831430.440002 274.369995
463547.919983 4831430.450012 274.429993
463547.940002 4831430.450012 274.459991
463547.950012 4831430.450012 274.510010
463547.969971 4831430.459991 274.549988
463547.979980 4831430.450012 274.589996
463547.739990 4831430.309998 274.010010
463547.729980 4831430.369995 273.980011
463547.760010 4831430.279999 274.089996
463547.780029 4831430.209991 274.079987
463547.840027 4831430.420013 274.089996
463547.849976 4831430.390015 274.570007
463547.820007 4831430.309998 274.500000
463547.859985 4831430.260010 274.630005
463547.919983 4831430.359985 274.690002
463547.909973 4831430.380005 274.640015
463547.909973 4831430.390015 274.589996
463547.900024 4831430.350006 274.679993
463547.900024 4831430.369995 274.609985
463547.890015 4831430.309998 274.760010
463547.880005 4831430.320007 274.730011
463547.880005 4831430.339996 274.660004
463547.880005 4831430.350006 274.600006
463547.880005 4831430.369995 274.529999
463547.869995 4831430.309998 274.679993
463547.869995 4831430.320007 274.619995
463547.859985 4831430.339996 274.579987
463547.859985 4831430.350006 274.510010
463547.900024 4831430.239990 274.779999
463547.869995 4831430.290009 274.660004
463547.859985 4831430.299988 274.619995
463547.849976 4831430.320007 274.559998
463547.849976 4831430.339996 274.500000
463547.849976 4831430.350006 274.440002
463547.859985 4831430.359985 274.380005
463547.869995 4831430.230011 274.790009
463547.859985 4831430.269989 274.640015
463547.849976 4831430.279999 274.600006
463547.849976 4831430.299988 274.549988
463547.849976 4831430.309998 274.489990
463547.840027 4831430.329987 274.440002
463547.830017 4831430.350006 274.390015
463547.869995 4831430.230011 274.579987
463547.849976 4831430.250000 274.549988
463547.840027 4831430.260010 274.500000
463547.830017 4831430.279999 274.470001
463547.820007 4831430.290009 274.429993
463547.809998 4831430.309998 274.390015
463547.809998 4831430.320007 274.339996
463547.809998 4831430.329987 274.269989
463547.919983 4831430.170013 274.440002
463547.890015 4831430.190002 274.450012
463547.859985 4831430.209991 274.450012
463547.840027 4831430.220001 274.420013
463547.820007 4831430.239990 274.399994
463547.789978 4831430.279999 274.250000
463547.780029 4831430.239990 274.160004
463547.750000 4831430.290009 274.029999
463547.799988 4831430.429993 274.079987
463547.280029 4831430.140015 274.059998
463547.280029 4831430.130005 274.049988
463547.859985 4831430.459991 274.140015
463547.840027 4831430.260010 274.149994
463547.789978 4831430.350006 274.130005
463547.809998 4831430.350006 274.209991
463547.820007 4831430.339996 274.279999
463547.890015 4831430.359985 274.750000
463547.869995 4831430.420013 274.570007
463547.900024 4831430.429993 274.779999
463547.799988 4831430.350006 274.329987
463547.830017 4831430.380005 274.470001
463547.849976 4831430.399994 274.589996
463547.880005 4831430.420013 274.690002
463547.809998 4831430.399994 274.329987
463547.840027 4831430.399994 274.410004
463547.799988 4831430.420013 274.160004
463547.830017 4831430.429993 274.260010
463547.849976 4831430.440002 274.350006
463548.010010 4831430.450012 274.679993
463547.830017 4831430.459991 274.109985
463547.859985 4831430.459991 274.170013
463547.760010 4831430.399994 273.940002
463547.799988 4831430.450012 273.839996
463547.309998 4831430.109985 273.989990
463547.270020 4831430.200012 273.959991
463547.309998 4831430.160004 273.839996
463547.760010 4831430.339996 273.910004
463547.770020 4831430.339996 274.010010
463547.809998 4831430.459991 273.839996
463547.820007 4831430.459991 273.929993
463547.840027 4831430.459991 274.000000
463547.280029 4831430.179993 273.950012
463547.309998 4831430.140015 273.880005
463547.409973 4831430.260010 273.880005
463547.750000 4831430.380005 273.940002
463547.780029 4831430.440002 273.950012
463547.809998 4831430.450012 274.040009
463547.809998 4831430.459991 273.839996
463547.840027 4831430.459991 273.890015
463547.830017 4831430.209991 274.100006
463548.010010 4831430.279999 274.690002
463547.979980 4831430.239990 274.799988
463547.859985 4831430.290009 274.630005
463547.780029 4831430.329987 274.260010
463547.869995 4831430.359985 274.760010
463548.020020 4831430.279999 274.649994
463547.859985 4831430.359985 274.700012
463548.030029 4831430.279999 274.660004
463547.859985 4831430.359985 274.730011
463547.880005 4831430.359985 274.769989
463548.030029 4831430.260010 274.779999
463548.000000 4831430.269989 274.540009
463547.950012 4831430.239990 274.760010
463547.919983 4831430.250000 274.779999
463547.900024 4831430.269989 274.769989
463547.869995 4831430.290009 274.739990
463547.950012 4831430.230011 274.450012
463547.919983 4831430.230011 274.489990
463547.900024 4831430.239990 274.519989
463547.869995 4831430.250000 274.540009
463547.849976 4831430.269989 274.500000
463547.849976 4831430.230011 274.260010
463547.830017 4831430.250000 274.250000
463547.789978 4831430.309998 274.119995
463547.840027 4831430.200012 274.119995
463547.869995 4831430.220001 274.170013
463547.840027 4831430.230011 274.179993
463547.909973 4831430.209991 274.130005
463547.859985 4831430.220001 274.190002
463547.840027 4831430.239990 274.179993
463547.900024 4831430.179993 274.109985
463547.880005 4831430.190002 274.130005
463547.849976 4831430.209991 274.149994
463547.289978 4831430.089996 273.880005
463547.250000 4831430.119995 274.010010
463547.729980 4831430.299988 273.929993
463547.859985 4831430.220001 273.980011
463547.820007 4831430.220001 273.850006
463547.789978 4831430.230011 273.890015
463547.820007 4831430.220001 273.859985
463547.739990 4831430.269989 273.839996
463547.859985 4831430.220001 273.940002
463547.830017 4831430.220001 273.989990
463547.809998 4831430.220001 274.029999
463547.739990 4831430.320007 273.829987
463547.900024 4831430.190002 274.040009
463547.869995 4831430.209991 274.029999
463547.750000 4831430.309998 273.910004
463547.729980 4831430.350006 273.850006
463547.739990 4831430.339996 273.899994
463547.270020 4831430.089996 274.070007
463547.929993 4831430.260010 274.079987
463547.979980 4831430.380005 274.059998
463547.969971 4831430.309998 274.089996
463547.950012 4831430.410004 274.070007
463547.250000 4831430.089996 274.209991
463547.260010 4831430.089996 274.130005
463547.270020 4831430.160004 274.220001
463547.840027 4831430.309998 274.339996
463547.880005 4831430.279999 274.410004
463547.950012 4831430.309998 274.239990
463547.979980 4831430.290009 274.230011
463548.010010 4831430.290009 274.750000
463548.010010 4831430.299988 274.649994
463548.020020 4831430.309998 274.459991
463547.989990 4831430.350006 274.260010
463547.989990 4831430.359985 274.160004
463548.030029 4831430.359985 274.619995
463548.049988 4831430.359985 274.579987
463548.059998 4831430.399994 274.799988
463547.229980 4831430.059998 274.160004
463547.260010 4831430.149994 274.160004
463547.909973 4831430.230011 274.140015
463547.960022 4831430.290009 274.489990
463547.969971 4831430.279999 274.420013
463547.919983 4831430.279999 274.220001
463547.929993 4831430.269989 274.170013
463548.039978 4831430.320007 274.730011
463548.030029 4831430.309998 274.619995
463548.020020 4831430.309998 274.529999
463547.979980 4831430.309998 274.359985
463547.969971 4831430.309998 274.260010
463547.960022 4831430.299988 274.160004
463548.070007 4831430.329987 274.779999
463548.039978 4831430.329987 274.630005
463548.039978 4831430.329987 274.540009
463548.010010 4831430.329987 274.380005
463547.989990 4831430.320007 274.239990
463547.979980 4831430.359985 274.160004
463548.070007 4831430.399994 274.790009
463548.080017 4831430.390015 274.730011
463548.049988 4831430.390015 274.559998
463548.010010 4831430.390015 274.380005
463548.000000 4831430.390015 274.279999
463547.969971 4831430.390015 274.119995
463548.030029 4831430.279999 274.779999
463548.080017 4831430.369995 274.779999
463548.049988 4831430.339996 274.670013
463548.070007 4831430.329987 274.630005
463547.989990 4831430.290009 274.380005
463547.940002 4831430.269989 274.220001
463547.919983 4831430.260010 274.140015
463547.950012 4831430.239990 274.130005
463548.000000 4831430.450012 274.670013
463548.039978 4831430.440002 274.670013
463548.049988 4831430.420013 274.640015
463548.039978 4831430.410004 274.570007
463548.039978 4831430.390015 274.510010
463548.000000 4831430.359985 274.350006
463548.000000 4831430.350006 274.279999
463547.979980 4831430.329987 274.179993
463547.909973 4831430.450012 274.170013
463547.950012 4831430.440002 274.170013
463547.950012 4831430.420013 274.130005
463547.289978 4831430.079987 274.000000
463547.299988 4831430.079987 273.970001
463547.239990 4831430.200012 273.989990
463547.270020 4831430.170013 274.029999
463547.919983 4831430.299988 273.920013
463547.919983 4831430.309998 273.820007
463547.330017 4831430.100006 273.950012
463547.859985 4831430.269989 273.809998
463547.950012 4831430.320007 273.980011
463547.890015 4831430.450012 273.869995
463547.950012 4831430.390015 274.010010
463547.940002 4831430.369995 273.929993
463547.929993 4831430.350006 273.850006
463547.869995 4831430.459991 273.880005
463547.900024 4831430.450012 273.890015
463547.909973 4831430.429993 273.829987
463548.000000 4831430.459991 274.799988
463547.919983 4831430.459991 274.609985
463547.940002 4831430.489990 274.589996
463547.869995 4831430.470001 274.440002
463547.900024 4831430.470001 274.359985
463547.820007 4831430.470001 274.299988
463547.780029 4831430.470001 274.049988
463547.909973 4831430.470001 274.480011
463547.960022 4831430.470001 274.760010
463547.969971 4831430.470001 274.709991
463547.900024 4831430.470001 274.790009
463547.919983 4831430.489990 274.700012
463547.929993 4831430.489990 274.649994
463547.940002 4831430.489990 274.600006
463547.880005 4831430.470001 274.500000
463547.909973 4831430.489990 274.739990
463547.929993 4831430.480011 274.670013
463547.950012 4831430.470001 274.600006
463547.960022 4831430.459991 274.549988
463547.869995 4831430.470001 274.440002
463547.880005 4831430.470001 274.380005
463547.900024 4831430.470001 274.320007
463547.820007 4831430.470001 274.209991
463547.840027 4831430.470001 274.160004
463547.859985 4831430.470001 274.109985
463547.780029 4831430.470001 273.910004
463547.799988 4831430.480011 273.890015
463547.799988 4831430.470001 273.809998
463547.869995 4831430.470001 274.290009
463547.929993 4831430.470001 274.559998
463547.900024 4831430.470001 274.220001
463547.859985 4831430.480011 273.929993
