463548.650024 4831431.299988 277.260010
463548.630005 4831431.670013 277.059998
463548.630005 4831431.679993 277.100006
463548.630005 4831431.690002 277.140015
463548.630005 4831431.709991 277.179993
463548.630005 4831431.720001 277.230011
463548.640015 4831431.739990 277.260010
463548.640015 4831431.609985 277.089996
463548.619995 4831431.670013 277.170013
463548.609985 4831431.700012 277.269989
463548.630005 4831431.730011 277.279999
463548.729980 4831431.619995 277.070007
463548.650024 4831431.730011 277.260010
463548.669983 4831431.750000 277.399994
463548.619995 4831431.790009 277.339996
463548.619995 4831431.670013 277.130005
463548.630005 4831431.750000 277.429993
463548.619995 4831431.709991 277.200012
463548.609985 4831431.799988 277.440002
463548.619995 4831431.829987 277.440002
463548.650024 4831431.829987 277.350006
463548.669983 4831431.850006 277.350006
463548.679993 4831431.869995 277.350006
463548.690002 4831431.899994 277.369995
463548.619995 4831431.700012 277.089996
463548.619995 4831431.739990 277.250000
463548.669983 4831431.799988 277.309998
463548.669983 4831431.799988 277.399994
463548.650024 4831431.769989 277.200012
463548.650024 4831431.739990 277.290009
463548.679993 4831431.730011 277.190002
463548.659973 4831431.739990 277.160004
463548.659973 4831431.799988 277.359985
463548.669983 4831431.820007 277.329987
463548.679993 4831431.829987 277.279999
463548.659973 4831431.850006 277.489990
463548.640015 4831431.829987 277.390015
463548.609985 4831431.790009 277.260010
463548.640015 4831431.829987 277.429993
463548.640015 4831431.829987 277.369995
463548.650024 4831431.829987 277.329987
463548.679993 4831431.880005 277.339996
463548.619995 4831431.839996 277.320007
463548.609985 4831431.750000 277.179993
463548.609985 4831431.760010 277.239990
463548.619995 4831431.790009 277.320007
463548.609985 4831431.790009 277.369995
463548.609985 4831431.799988 277.440002
463548.630005 4831431.690002 277.059998
463548.650024 4831431.750000 277.190002
463548.679993 4831431.839996 277.339996
463548.650024 4831431.779999 277.339996
463548.640015 4831431.779999 277.380005
463548.650024 4831431.809998 277.459991
463548.650024 4831431.820007 277.529999
463548.640015 4831431.769989 277.170013
463548.679993 4831431.820007 277.359985
463548.659973 4831431.790009 277.380005
463548.659973 4831431.839996 277.459991
463548.609985 4831431.779999 277.170013
463548.679993 4831431.820007 277.309998
463548.659973 4831431.799988 277.329987
463548.669983 4831431.799988 277.390015
463548.659973 4831431.760010 277.179993
463548.659973 4831431.750000 277.239990
463548.619995 4831431.809998 277.619995
463548.650024 4831431.839996 277.339996
463548.669983 4831431.790009 277.390015
463548.640015 4831431.809998 277.369995
463548.619995 4831431.779999 277.630005
463548.630005 4831431.779999 277.570007
463548.630005 4831431.760010 277.350006
463548.609985 4831431.760010 277.690002
463548.609985 4831431.760010 277.640015
463548.609985 4831431.760010 277.579987
463548.619995 4831431.739990 277.500000
463548.630005 4831431.730011 277.420013
463548.609985 4831431.739990 277.649994
463548.619995 4831431.709991 277.420013
463548.609985 4831431.720001 277.660004
463548.619995 4831431.739990 277.649994
463548.619995 4831431.750000 277.670013
463548.609985 4831431.750000 277.630005
463548.609985 4831431.750000 277.630005
463548.609985 4831431.700012 277.640015
463548.609985 4831431.750000 277.339996
463548.619995 4831431.760010 277.429993
463548.619995 4831431.799988 277.269989
463548.630005 4831431.799988 277.329987
463548.630005 4831431.809998 277.390015
463548.630005 4831431.809998 277.459991
463548.640015 4831431.809998 277.510010
463548.650024 4831431.829987 277.320007
463548.669983 4831431.820007 277.339996
463548.659973 4831431.839996 277.489990
463548.659973 4831431.859985 277.329987
463548.690002 4831431.850006 277.350006
463548.669983 4831431.859985 277.329987
463548.679993 4831431.850006 277.320007
463548.690002 4831431.859985 277.339996
463548.609985 4831431.750000 277.200012
463548.609985 4831431.760010 277.260010
463548.619995 4831431.779999 277.329987
463548.630005 4831431.790009 277.369995
463548.630005 4831431.799988 277.429993
463548.640015 4831431.809998 277.489990
463548.650024 4831431.820007 277.549988
463548.640015 4831431.809998 277.260010
463548.650024 4831431.809998 277.320007
463548.659973 4831431.839996 277.459991
463548.669983 4831431.880005 277.339996
463548.669983 4831431.829987 277.329987
463548.619995 4831431.739990 277.059998
463548.630005 4831431.769989 277.200012
463548.640015 4831431.790009 277.269989
463548.640015 4831431.799988 277.329987
463548.659973 4831431.799988 277.359985
463548.659973 4831431.820007 277.429993
463548.619995 4831431.730011 277.059998
463548.619995 4831431.750000 277.130005
463548.630005 4831431.769989 277.200012
463548.630005 4831431.779999 277.260010
463548.630005 4831431.799988 277.329987
463548.650024 4831431.799988 277.359985
463548.650024 4831431.820007 277.429993
463548.659973 4831431.829987 277.489990
463548.609985 4831431.750000 277.119995
463548.619995 4831431.760010 277.190002
463548.619995 4831431.779999 277.260010
463548.619995 4831431.799988 277.329987
463548.630005 4831431.809998 277.390015
463548.640015 4831431.820007 277.450012
463548.650024 4831431.829987 277.519989
463548.619995 4831431.750000 277.100006
463548.640015 4831431.769989 277.220001
463548.630005 4831431.799988 277.309998
463548.650024 4831431.799988 277.350006
463548.650024 4831431.820007 277.420013
463548.640015 4831431.799988 277.290009
463548.650024 4831431.809998 277.329987
463548.659973 4831431.820007 277.390015
463548.669983 4831431.829987 277.450012
463548.669983 4831431.859985 277.329987
463548.650024 4831431.779999 277.359985
463548.630005 4831431.750000 277.529999
463548.619995 4831431.760010 277.500000
463548.609985 4831431.730011 277.239990
463548.650024 4831431.700012 277.459991
463548.630005 4831431.709991 277.420013
463548.619995 4831431.609985 277.179993
463548.609985 4831431.630005 277.160004
463548.609985 4831431.649994 277.109985
463548.630005 4831431.649994 277.070007
463548.609985 4831431.640015 277.140015
463548.609985 4831431.709991 277.160004
463548.619995 4831431.720001 277.250000
463548.609985 4831431.750000 277.200012
463548.630005 4831431.730011 277.239990
463548.609985 4831431.769989 277.239990
463548.619995 4831431.760010 277.329987
463548.630005 4831431.790009 277.359985
463548.640015 4831431.769989 277.390015
463548.619995 4831431.660004 277.089996
463548.679993 4831431.709991 277.200012
463548.619995 4831431.739990 277.239990
463548.659973 4831431.720001 277.260010
463548.669983 4831431.709991 277.209991
463548.700012 4831431.739990 277.230011
463548.789978 4831431.950012 278.109985
463548.809998 4831431.980011 278.279999
463548.809998 4831431.950012 278.230011
463548.809998 4831431.959991 278.279999
463548.770020 4831431.929993 278.140015
463548.770020 4831431.950012 278.179993
463548.770020 4831431.959991 278.230011
463548.770020 4831431.980011 278.269989
463548.770020 4831431.970001 278.220001
463548.840027 4831432.040009 278.170013
463549.049988 4831432.209991 277.940002
463549.059998 4831432.230011 277.970001
463549.099976 4831432.329987 278.029999
463548.960022 4831432.130005 277.790009
463548.989990 4831432.179993 278.010010
463548.950012 4831432.109985 277.779999
463548.960022 4831432.149994 277.859985
463548.979980 4831432.179993 277.869995
463549.010010 4831432.250000 277.950012
463549.130005 4831432.320007 278.059998
463548.820007 4831431.970001 278.299988
463548.820007 4831431.959991 278.260010
463548.840027 4831431.940002 278.279999
463548.840027 4831431.920013 278.239990
463548.840027 4831431.959991 278.290009
463548.840027 4831431.959991 278.239990
463548.820007 4831431.929993 278.109985
463548.869995 4831431.950012 278.299988
463548.859985 4831431.929993 278.260010
463548.849976 4831431.929993 278.220001
463548.890015 4831431.920013 278.290009
463548.729980 4831431.970001 278.190002
463548.729980 4831431.989990 278.230011
463548.739990 4831432.010010 278.260010
463548.739990 4831431.980011 278.269989
463548.729980 4831431.980011 278.269989
463548.739990 4831432.000000 278.290009
463548.719971 4831431.989990 278.279999
463548.729980 4831432.019989 278.290009
463549.000000 4831432.230011 277.970001
463549.020020 4831432.260010 277.950012
463549.030029 4831432.290009 277.970001
463549.039978 4831432.309998 277.989990
463548.979980 4831432.250000 277.940002
463548.789978 4831431.950012 278.239990
463548.809998 4831431.950012 278.230011
463549.049988 4831432.290009 277.989990
463549.030029 4831432.260010 277.980011
463549.010010 4831432.230011 277.920013
463548.979980 4831432.179993 277.869995
463548.960022 4831432.160004 277.829987
463548.950012 4831432.140015 277.809998
463548.929993 4831432.119995 277.779999
463548.880005 4831432.049988 277.660004
463548.849976 4831431.989990 277.940002
463548.849976 4831432.010010 277.600006
463548.900024 4831432.010010 277.859985
463548.770020 4831432.089996 277.730011
463548.989990 4831432.160004 277.820007
463549.010010 4831432.369995 278.049988
463548.719971 4831431.970001 278.179993
463548.710022 4831432.010010 278.140015
463549.000000 4831432.339996 278.029999
463548.940002 4831432.309998 277.929993
463548.690002 4831431.950012 277.880005
463548.770020 4831432.059998 278.269989
463548.760010 4831432.040009 278.299988
463548.929993 4831432.170013 277.799988
463549.039978 4831432.410004 278.059998
463548.770020 4831432.040009 278.170013
463548.739990 4831432.029999 278.170013
463548.729980 4831432.040009 278.179993
463548.719971 4831432.019989 278.160004
463548.729980 4831432.040009 278.130005
463548.729980 4831432.049988 278.179993
463548.700012 4831432.029999 278.190002
463548.710022 4831432.019989 278.140015
463548.729980 4831432.049988 278.130005
463548.750000 4831431.959991 277.980011
463548.750000 4831431.970001 277.929993
463549.049988 4831432.380005 278.040009
463548.719971 4831431.980011 277.959991
463548.710022 4831431.959991 277.869995
463548.820007 4831432.130005 277.640015
463548.710022 4831431.989990 277.899994
463548.840027 4831432.079987 277.600006
463548.830017 4831432.079987 277.600006
463548.840027 4831432.109985 277.589996
463548.859985 4831432.100006 277.640015
463548.830017 4831432.109985 277.619995
463548.830017 4831432.170013 277.660004
463548.989990 4831432.350006 278.019989
463549.010010 4831432.399994 278.029999
463548.739990 4831432.019989 278.029999
463548.750000 4831432.029999 278.010010
463548.659973 4831431.970001 277.940002
463548.679993 4831431.959991 277.890015
463548.690002 4831431.959991 277.839996
463548.700012 4831431.959991 277.799988
463548.820007 4831432.109985 277.630005
463548.750000 4831431.980011 278.079987
463548.739990 4831432.040009 278.160004
463548.739990 4831432.059998 278.230011
463548.719971 4831432.019989 278.119995
463548.739990 4831432.029999 278.130005
463548.760010 4831432.040009 278.209991
463548.780029 4831432.040009 278.279999
463548.760010 4831431.980011 278.100006
463548.770020 4831431.970001 278.149994
463548.830017 4831432.140015 277.750000
463548.869995 4831432.140015 277.809998
463548.979980 4831432.299988 277.959991
463548.989990 4831432.329987 278.040009
463548.729980 4831431.950012 277.950012
463548.830017 4831432.040009 277.589996
463548.989990 4831432.269989 277.940002
463549.039978 4831432.339996 278.010010
463548.739990 4831431.980011 277.970001
463548.750000 4831431.980011 278.040009
463548.929993 4831432.170013 277.809998
463548.849976 4831432.049988 277.579987
463548.719971 4831431.959991 278.160004
463548.700012 4831431.989990 278.220001
463548.729980 4831431.989990 277.880005
463548.809998 4831432.049988 277.609985
463548.640015 4831431.920013 278.049988
463548.739990 4831432.010010 278.299988
463548.840027 4831432.070007 277.829987
463548.820007 4831432.010010 277.709991
463548.799988 4831432.019989 277.679993
463548.969971 4831432.239990 278.040009
463548.890015 4831432.089996 277.829987
463548.880005 4831432.040009 277.779999
463548.859985 4831432.040009 277.760010
463548.859985 4831432.010010 277.720001
463548.710022 4831431.950012 278.070007
463548.669983 4831431.970001 278.070007
463548.650024 4831431.989990 278.059998
463548.669983 4831431.989990 278.059998
463548.619995 4831432.019989 278.070007
463548.650024 4831432.019989 278.079987
463548.630005 4831431.970001 278.079987
463548.719971 4831431.980011 278.070007
463548.710022 4831431.970001 278.079987
463548.710022 4831431.970001 278.070007
463548.700012 4831431.959991 278.070007
463548.710022 4831431.970001 278.059998
463548.729980 4831431.940002 278.100006
463548.710022 4831431.959991 278.170013
463548.719971 4831431.959991 278.209991
463548.710022 4831431.959991 278.179993
463548.690002 4831431.980011 278.170013
463548.710022 4831431.970001 278.149994
463548.719971 4831431.959991 278.190002
463548.710022 4831431.959991 278.149994
463548.669983 4831432.000000 278.209991
463548.719971 4831431.970001 278.190002
463548.710022 4831431.980011 278.170013
463548.719971 4831431.980011 278.209991
463548.719971 4831431.989990 278.269989
463548.750000 4831431.980011 278.290009
463548.710022 4831431.989990 278.179993
463548.719971 4831431.989990 278.220001
463548.719971 4831431.989990 278.279999
463548.710022 4831431.980011 278.160004
463548.710022 4831431.989990 278.209991
463548.719971 4831431.989990 278.279999
463548.739990 4831431.980011 278.299988
463548.710022 4831431.980011 278.170013
463548.719971 4831431.980011 278.220001
463548.719971 4831431.989990 278.290009
463548.659973 4831432.019989 278.140015
463548.700012 4831432.000000 278.200012
463548.719971 4831432.000000 278.220001
463548.729980 4831431.989990 278.260010
463548.739990 4831431.989990 278.299988
463548.710022 4831432.010010 278.209991
463548.719971 4831432.000000 278.239990
463548.729980 4831432.010010 278.299988
463548.710022 4831432.010010 278.209991
463548.719971 4831432.019989 278.269989
463548.700012 4831432.010010 278.200012
463548.729980 4831432.000000 278.230011
463548.729980 4831432.010010 278.290009
463548.710022 4831432.019989 278.179993
463548.719971 4831432.019989 278.230011
463548.729980 4831432.029999 278.290009
463548.700012 4831432.040009 278.190002
463548.719971 4831432.029999 278.209991
463548.729980 4831432.029999 278.269989
463548.719971 4831432.019989 278.200012
463548.729980 4831432.019989 278.250000
463548.719971 4831432.000000 278.209991
463548.729980 4831432.000000 278.260010
463548.739990 4831432.000000 278.299988
463548.710022 4831432.010010 278.220001
463548.729980 4831432.010010 278.260010
463548.679993 4831432.000000 278.190002
463548.719971 4831431.980011 278.179993
463548.729980 4831431.980011 278.220001
463548.729980 4831431.989990 278.279999
463548.739990 4831431.959991 278.299988
463548.710022 4831431.989990 278.190002
463548.719971 4831431.989990 278.230011
463548.729980 4831432.000000 278.290009
463548.719971 4831432.010010 278.160004
463548.719971 4831432.029999 278.230011
463548.719971 4831432.040009 278.279999
463548.700012 4831432.010010 278.179993
463548.710022 4831432.010010 278.220001
463548.690002 4831432.010010 278.170013
463548.710022 4831432.010010 278.209991
463548.700012 4831431.989990 278.160004
463548.710022 4831432.010010 278.220001
463548.710022 4831432.019989 278.190002
463548.739990 4831432.010010 278.200012
463548.830017 4831432.040009 277.600006
463548.849976 4831432.029999 277.630005
463548.659973 4831431.940002 277.940002
463548.679993 4831431.929993 277.970001
463548.669983 4831431.950012 277.920013
463548.669983 4831431.959991 278.000000
463548.679993 4831431.950012 277.980011
463548.669983 4831431.970001 278.040009
463548.669983 4831431.959991 277.890015
463548.679993 4831431.970001 278.000000
463548.690002 4831431.950012 277.880005
463548.690002 4831431.950012 277.929993
463548.669983 4831431.970001 278.029999
463548.690002 4831431.959991 278.019989
463548.690002 4831431.950012 277.859985
463548.690002 4831431.959991 277.929993
463548.690002 4831431.970001 277.899994
463548.700012 4831431.970001 278.000000
463548.700012 4831431.970001 278.000000
463548.700012 4831431.959991 277.869995
463548.640015 4831432.010010 278.049988
463548.700012 4831431.950012 277.880005
463548.679993 4831431.980011 278.029999
463548.690002 4831431.989990 278.010010
463548.679993 4831432.000000 278.019989
463548.690002 4831432.000000 278.029999
463548.669983 4831431.980011 277.940002
463548.669983 4831431.989990 278.010010
463548.690002 4831431.950012 278.000000
463548.630005 4831431.970001 278.049988
463548.669983 4831431.950012 277.989990
463548.669983 4831431.959991 278.019989
463548.690002 4831431.980011 277.980011
463548.700012 4831431.980011 278.019989
463548.909973 4831432.170013 277.820007
463548.969971 4831432.299988 277.920013
463548.989990 4831432.290009 277.940002
463549.000000 4831432.299988 278.000000
463549.010010 4831432.359985 278.040009
463548.710022 4831431.940002 277.929993
463548.710022 4831431.970001 278.019989
463548.690002 4831431.970001 278.029999
463548.690002 4831431.940002 278.000000
463548.989990 4831432.290009 277.940002
463548.780029 4831432.019989 278.299988
463548.750000 4831432.040009 278.290009
463548.719971 4831431.950012 278.290009
463548.710022 4831431.950012 278.239990
463548.710022 4831431.950012 278.190002
463548.700012 4831431.929993 278.109985
463548.770020 4831431.989990 278.279999
463548.750000 4831431.970001 278.269989
463548.739990 4831431.959991 278.290009
463548.739990 4831431.940002 278.290009
463548.739990 4831431.929993 278.209991
463548.780029 4831431.989990 278.290009
463548.979980 4831432.279999 278.019989
463548.929993 4831432.160004 277.850006
463548.890015 4831432.100006 277.779999
463548.869995 4831432.040009 277.720001
463548.849976 4831432.040009 277.679993
463548.840027 4831431.989990 277.649994
463548.820007 4831432.000000 277.619995
463548.750000 4831432.010010 278.040009
463549.030029 4831432.230011 278.010010
463549.010010 4831432.250000 277.980011
463548.960022 4831432.119995 277.859985
463548.940002 4831432.130005 277.839996
463548.869995 4831432.029999 277.679993
463548.929993 4831432.119995 277.799988
463548.710022 4831431.940002 277.929993
463548.750000 4831431.950012 278.220001
463548.989990 4831432.279999 278.000000
463549.020020 4831432.260010 278.000000
463549.000000 4831432.260010 278.040009
463548.809998 4831431.980011 278.059998
463548.820007 4831431.980011 278.220001
463548.809998 4831431.989990 278.200012
463548.780029 4831432.000000 278.299988
463548.770020 4831431.980011 278.220001
463548.770020 4831431.959991 278.149994
463548.840027 4831432.019989 277.559998
463548.869995 4831432.059998 277.640015
463548.960022 4831432.040009 277.920013
463548.950012 4831432.170013 277.809998
463548.950012 4831432.260010 277.760010
463548.789978 4831431.940002 278.040009
463548.869995 4831432.029999 277.609985
463548.960022 4831432.160004 277.790009
463549.039978 4831432.269989 277.929993
463549.059998 4831432.320007 277.980011
463548.770020 4831432.019989 278.040009
463548.869995 4831432.029999 277.579987
463548.900024 4831432.079987 277.660004
463548.960022 4831432.190002 277.799988
463549.039978 4831432.279999 277.989990
463549.020020 4831432.290009 277.950012
463549.030029 4831432.279999 277.920013
463549.340027 4831431.989990 278.109985
463549.270020 4831432.019989 278.070007
463549.289978 4831432.049988 278.070007
463549.349976 4831432.010010 278.109985
463549.309998 4831431.959991 278.089996
463549.289978 4831431.980011 278.079987
463549.320007 4831431.980011 278.089996
463549.280029 4831432.000000 278.089996
463549.280029 4831431.980011 278.109985
463549.299988 4831431.980011 278.079987
463549.289978 4831432.000000 278.109985
463549.289978 4831431.989990 278.079987
463549.289978 4831432.010010 278.130005
463549.799988 4831431.440002 278.279999
463549.799988 4831431.420013 278.290009
463549.799988 4831431.399994 278.299988
463549.789978 4831431.399994 278.290009
463549.780029 4831431.429993 278.250000
463549.799988 4831431.399994 278.290009
463549.770020 4831431.410004 278.299988
463549.809998 4831431.440002 278.279999
463549.820007 4831431.399994 278.290009
463549.789978 4831431.380005 278.299988
463549.809998 4831431.429993 278.250000
463548.739990 4831431.869995 278.049988
463549.190002 4831431.720001 277.130005
463548.900024 4831432.000000 277.549988
463548.789978 4831431.880005 277.559998
463548.809998 4831431.910004 277.579987
463548.799988 4831431.899994 277.660004
463548.780029 4831431.850006 277.820007
463548.789978 4831431.869995 277.850006
463548.799988 4831431.880005 277.890015
463548.799988 4831431.890015 277.940002
463548.809998 4831431.899994 277.970001
463548.799988 4831431.880005 278.040009
463548.700012 4831431.760010 277.450012
463548.719971 4831431.799988 277.579987
463548.729980 4831431.820007 277.649994
463548.729980 4831431.829987 277.690002
463548.739990 4831431.850006 277.730011
463548.760010 4831431.890015 277.739990
463548.750000 4831431.859985 277.820007
463548.760010 4831431.880005 277.850006
463548.760010 4831431.890015 277.890015
463548.760010 4831431.890015 277.959991
463548.770020 4831431.899994 278.000000
463548.760010 4831431.779999 277.670013
463548.760010 4831431.799988 277.709991
463548.760010 4831431.809998 277.760010
463548.760010 4831431.820007 277.809998
463548.760010 4831431.839996 277.850006
463548.760010 4831431.859985 277.890015
463548.760010 4831431.869995 277.980011
463548.750000 4831431.880005 278.029999
463548.700012 4831431.730011 277.410004
463548.700012 4831431.739990 277.450012
463548.700012 4831431.760010 277.489990
463548.700012 4831431.769989 277.540009
463548.700012 4831431.790009 277.579987
463548.799988 4831431.959991 277.600006
463548.719971 4831431.869995 277.779999
463548.719971 4831431.890015 277.859985
463548.760010 4831431.839996 277.890015
463548.760010 4831431.850006 277.940002
463548.760010 4831431.869995 277.989990
463548.719971 4831431.730011 277.579987
463548.729980 4831431.750000 277.609985
463548.729980 4831431.850006 277.839996
463548.729980 4831431.869995 277.880005
463548.729980 4831431.880005 277.940002
463548.729980 4831431.899994 277.980011
463548.700012 4831431.720001 277.440002
463548.700012 4831431.730011 277.480011
463548.700012 4831431.750000 277.519989
463548.710022 4831431.779999 277.549988
463548.719971 4831431.859985 277.709991
463548.669983 4831431.720001 277.410004
463548.669983 4831431.739990 277.450012
463548.669983 4831431.760010 277.500000
463548.690002 4831431.779999 277.519989
463548.679993 4831431.779999 277.410004
463548.830017 4831431.899994 278.079987
463548.859985 4831431.880005 278.089996
463548.840027 4831431.910004 278.119995
463548.869995 4831431.890015 278.130005
463548.739990 4831431.670013 277.299988
463548.719971 4831431.649994 277.279999
463548.820007 4831431.850006 277.989990
463548.809998 4831431.839996 277.959991
463549.190002 4831431.690002 277.140015
463549.190002 4831431.679993 277.100006
463549.200012 4831431.640015 277.100006
463548.820007 4831431.890015 278.040009
463548.809998 4831431.869995 278.010010
463548.869995 4831431.899994 278.010010
463548.840027 4831431.859985 278.019989
463548.830017 4831431.850006 277.980011
463548.830017 4831431.839996 277.920013
463548.820007 4831431.829987 277.890015
463548.799988 4831431.809998 277.690002
463548.789978 4831431.790009 277.660004
463548.780029 4831431.779999 277.630005
463548.770020 4831431.769989 277.579987
463548.760010 4831431.750000 277.549988
463548.750000 4831431.750000 277.500000
463548.739990 4831431.730011 277.410004
463548.719971 4831431.700012 277.290009
463548.710022 4831431.690002 277.250000
463548.890015 4831431.890015 277.730011
463548.919983 4831431.940002 277.589996
463548.799988 4831431.750000 277.660004
463548.799988 4831431.750000 277.609985
463548.789978 4831431.739990 277.570007
463548.780029 4831431.730011 277.529999
463548.780029 4831431.720001 277.480011
463548.770020 4831431.709991 277.450012
463548.750000 4831431.679993 277.369995
463548.750000 4831431.679993 277.309998
463548.739990 4831431.679993 277.260010
463548.729980 4831431.660004 277.220001
463548.809998 4831431.709991 277.549988
463548.780029 4831431.679993 277.279999
463548.770020 4831431.670013 277.239990
463548.760010 4831431.649994 277.200012
463548.760010 4831431.640015 277.149994
463549.200012 4831431.700012 277.109985
463549.179993 4831431.589996 277.059998
463548.780029 4831431.880005 277.809998
463548.840027 4831431.809998 277.929993
463548.830017 4831431.820007 277.809998
463548.809998 4831431.809998 277.769989
463548.799988 4831431.799988 277.720001
463548.780029 4831431.769989 277.700012
463548.780029 4831431.790009 277.640015
463548.770020 4831431.779999 277.609985
463548.760010 4831431.779999 277.549988
463548.739990 4831431.760010 277.529999
463548.950012 4831432.010010 277.529999
463548.929993 4831431.980011 277.519989
463548.799988 4831431.750000 277.459991
463548.719971 4831431.660004 277.239990
463548.780029 4831431.679993 277.149994
463548.760010 4831431.640015 277.149994
463548.690002 4831431.779999 277.459991
463548.710022 4831431.809998 277.679993
463548.719971 4831431.829987 277.709991
463548.719971 4831431.829987 277.779999
463549.109985 4831431.750000 277.190002
463548.719971 4831431.869995 277.850006
463549.190002 4831431.730011 277.200012
463548.679993 4831431.799988 277.609985
463548.719971 4831431.850006 277.380005
463548.729980 4831431.869995 277.390015
463549.190002 4831431.760010 277.290009
463549.159973 4831431.720001 277.230011
463549.150024 4831431.700012 277.190002
463548.780029 4831431.959991 277.459991
463549.049988 4831431.730011 277.079987
463549.059998 4831431.760010 277.100006
463549.070007 4831431.799988 277.149994
463548.760010 4831431.980011 277.480011
463549.099976 4831431.779999 277.200012
463549.130005 4831431.779999 277.109985
463549.090027 4831431.769989 277.200012
463549.090027 4831431.779999 277.209991
463549.080017 4831431.790009 277.200012
463549.059998 4831431.769989 277.179993
463549.080017 4831431.790009 277.170013
463549.099976 4831431.799988 277.109985
463549.080017 4831431.790009 277.149994
463549.099976 4831431.799988 277.100006
463549.030029 4831431.779999 277.100006
463548.679993 4831431.869995 277.790009
463548.669983 4831431.920013 277.880005
463548.650024 4831431.809998 277.600006
463548.650024 4831431.850006 277.679993
463548.650024 4831431.890015 277.709991
463548.650024 4831431.929993 277.769989
463548.700012 4831431.929993 277.369995
463549.099976 4831431.739990 277.140015
463549.130005 4831431.760010 277.230011
463548.780029 4831431.959991 277.450012
463548.750000 4831431.910004 277.399994
463548.719971 4831431.880005 277.369995
463548.710022 4831431.839996 277.609985
463548.780029 4831431.899994 277.820007
463548.710022 4831431.829987 277.679993
463549.109985 4831431.790009 277.089996
463548.750000 4831431.910004 277.850006
463548.739990 4831431.899994 277.769989
463548.700012 4831431.859985 277.579987
463548.739990 4831431.910004 277.369995
463548.729980 4831431.940002 277.820007
463548.719971 4831431.929993 277.750000
463548.679993 4831431.869995 277.579987
463549.159973 4831431.820007 277.220001
463549.070007 4831431.790009 277.079987
463548.710022 4831431.899994 277.690002
463548.770020 4831431.959991 277.450012
463548.690002 4831431.899994 277.630005
463548.679993 4831431.869995 277.519989
463548.710022 4831431.890015 277.380005
463548.729980 4831431.929993 277.399994
463549.190002 4831431.829987 277.429993
463549.200012 4831431.859985 277.429993
463549.159973 4831431.839996 277.209991
463549.080017 4831431.799988 277.160004
463549.099976 4831431.820007 277.140015
463548.669983 4831431.880005 278.040009
463548.710022 4831431.929993 277.709991
463548.669983 4831431.899994 277.589996
463548.700012 4831431.899994 278.109985
463548.650024 4831431.839996 277.589996
463548.650024 4831431.850006 277.649994
463548.679993 4831431.790009 277.519989
463548.700012 4831431.869995 277.720001
463548.710022 4831431.910004 277.869995
463549.059998 4831431.739990 277.079987
463549.130005 4831431.779999 277.209991
463548.669983 4831431.799988 277.459991
463548.700012 4831431.829987 277.559998
463548.710022 4831431.850006 277.640015
463548.719971 4831431.859985 277.709991
463548.729980 4831431.869995 277.769989
463548.739990 4831431.890015 277.850006
463549.109985 4831431.769989 277.130005
463549.130005 4831431.790009 277.209991
463548.690002 4831431.910004 277.709991
463548.729980 4831431.929993 277.799988
463548.739990 4831431.920013 277.859985
463548.739990 4831431.920013 277.920013
463548.710022 4831431.859985 277.609985
463548.719971 4831431.859985 277.670013
463548.760010 4831431.890015 277.769989
463548.760010 4831431.880005 277.809998
463548.700012 4831431.809998 277.480011
463548.710022 4831431.809998 277.540009
463549.080017 4831431.790009 277.100006
463549.150024 4831431.779999 277.160004
463549.200012 4831431.809998 277.269989
463549.169983 4831431.750000 277.149994
463548.690002 4831431.880005 277.890015
463548.679993 4831431.910004 277.920013
463548.679993 4831431.929993 277.929993
463548.700012 4831431.850006 277.760010
463548.669983 4831431.869995 277.829987
463548.669983 4831431.890015 277.850006
463548.679993 4831431.920013 277.809998
463548.760010 4831431.989990 277.510010
463548.690002 4831431.850006 277.760010
463548.659973 4831431.869995 277.820007
463548.659973 4831431.899994 277.839996
463548.710022 4831431.950012 277.660004
463548.669983 4831431.850006 277.709991
463548.669983 4831431.890015 277.700012
463548.739990 4831431.950012 277.450012
463548.640015 4831431.829987 277.739990
463548.640015 4831431.859985 277.730011
463548.729980 4831431.929993 277.440002
463548.729980 4831431.950012 277.429993
463548.659973 4831431.809998 277.619995
463548.650024 4831431.839996 277.640015
463548.710022 4831431.899994 277.420013
463548.710022 4831431.929993 277.410004
463548.690002 4831431.869995 277.399994
463548.700012 4831431.899994 277.380005
463549.200012 4831431.709991 277.589996
463549.190002 4831431.709991 277.549988
463549.169983 4831431.720001 277.519989
463549.169983 4831431.730011 277.480011
463549.159973 4831431.730011 277.440002
463549.140015 4831431.739990 277.399994
463549.130005 4831431.690002 277.410004
463549.119995 4831431.690002 277.369995
463549.109985 4831431.700012 277.339996
463549.090027 4831431.700012 277.299988
463548.799988 4831431.940002 277.579987
463549.080017 4831431.649994 277.260010
463549.059998 4831431.660004 277.220001
463549.020020 4831431.679993 277.200012
463548.789978 4831431.880005 277.440002
463549.000000 4831431.700012 277.119995
463548.690002 4831431.829987 277.359985
463548.630005 4831431.869995 278.010010
463548.659973 4831431.839996 277.850006
463548.619995 4831431.809998 277.929993
463548.630005 4831431.799988 277.859985
463548.619995 4831431.799988 277.809998
463548.619995 4831431.799988 277.760010
463548.619995 4831431.790009 277.690002
463548.619995 4831431.760010 277.779999
463548.630005 4831431.750000 277.720001
463548.659973 4831431.700012 277.640015
463548.750000 4831431.559998 277.329987
463548.690002 4831431.589996 277.350006
463548.619995 4831431.839996 278.019989
463548.640015 4831431.750000 277.790009
463548.630005 4831431.760010 277.739990
463548.630005 4831431.760010 277.690002
463548.630005 4831431.769989 277.640015
463548.609985 4831431.720001 277.720001
463548.630005 4831431.720001 277.720001
463548.619995 4831431.739990 277.720001
463548.619995 4831431.739990 277.670013
463548.770020 4831431.910004 277.500000
463548.659973 4831431.829987 278.149994
463548.710022 4831431.829987 277.760010
463549.099976 4831431.750000 277.070007
463548.799988 4831431.920013 277.820007
463548.750000 4831431.940002 277.950012
463548.659973 4831431.809998 277.529999
463548.679993 4831431.799988 277.570007
463548.669983 4831431.839996 277.529999
463548.669983 4831431.850006 277.609985
463548.669983 4831431.859985 277.670013
463548.679993 4831431.859985 277.730011
463548.669983 4831431.880005 277.820007
463548.700012 4831431.859985 277.369995
463548.679993 4831431.910004 277.709991
463548.700012 4831431.890015 277.730011
463548.679993 4831431.920013 277.839996
463548.710022 4831431.869995 277.359985
463548.679993 4831431.940002 277.850006
463548.700012 4831431.880005 277.359985
463548.690002 4831431.940002 277.839996
463548.700012 4831431.929993 277.869995
463548.700012 4831431.869995 277.359985
463548.679993 4831431.940002 277.839996
463548.700012 4831431.929993 277.859985
463548.710022 4831431.880005 277.369995
463548.710022 4831431.929993 277.880005
463548.719971 4831431.869995 277.369995
463548.700012 4831431.880005 277.359985
463548.700012 4831431.940002 277.859985
463548.710022 4831431.880005 277.369995
463548.840027 4831431.790009 277.109985
463548.750000 4831431.899994 277.380005
463548.700012 4831431.859985 277.350006
463548.690002 4831431.910004 277.730011
463548.690002 4831431.929993 277.869995
463548.690002 4831431.880005 277.609985
463548.690002 4831431.890015 277.670013
463548.690002 4831431.899994 277.730011
463548.669983 4831431.920013 277.839996
463548.679993 4831431.920013 277.880005
463548.700012 4831431.910004 277.899994
463548.690002 4831431.850006 277.359985
463548.700012 4831431.890015 277.700012
463548.690002 4831431.899994 277.769989
463548.679993 4831431.920013 277.839996
463548.679993 4831431.929993 277.899994
463548.700012 4831431.850006 277.359985
463548.690002 4831431.890015 277.709991
463548.690002 4831431.910004 277.779999
463548.679993 4831431.920013 277.839996
463548.669983 4831431.940002 277.920013
463548.700012 4831431.899994 277.730011
463548.679993 4831431.929993 277.820007
463548.679993 4831431.929993 277.880005
463548.780029 4831431.910004 277.359985
463548.809998 4831431.959991 277.390015
463549.080017 4831431.769989 277.119995
463548.650024 4831431.829987 277.609985
463548.669983 4831431.829987 277.649994
463548.669983 4831431.859985 277.739990
463548.679993 4831431.869995 277.790009
463548.679993 4831431.890015 277.869995
463548.690002 4831431.910004 277.970001
463548.690002 4831431.899994 277.739990
463548.700012 4831431.910004 277.799988
463548.700012 4831431.929993 277.869995
463548.700012 4831431.869995 277.359985
463548.729980 4831431.920013 277.399994
463548.760010 4831431.920013 277.420013
463548.770020 4831431.980011 277.480011
463548.760010 4831431.950012 277.420013
463548.770020 4831431.940002 277.459991
463548.729980 4831431.920013 277.390015
463548.729980 4831431.920013 277.410004
463548.690002 4831431.829987 277.369995
463548.659973 4831431.829987 277.500000
463548.679993 4831431.850006 277.600006
463548.690002 4831431.859985 277.660004
463548.679993 4831431.899994 277.760010
463548.690002 4831431.899994 277.809998
463548.700012 4831431.920013 277.880005
463548.679993 4831431.850006 277.600006
463548.679993 4831431.890015 277.750000
463548.690002 4831431.899994 277.809998
463548.700012 4831431.920013 277.880005
463548.659973 4831431.839996 277.570007
463548.669983 4831431.850006 277.609985
463548.679993 4831431.880005 277.730011
463548.679993 4831431.890015 277.799988
463548.690002 4831431.910004 277.869995
463548.659973 4831431.829987 277.489990
463548.679993 4831431.850006 277.589996
463548.690002 4831431.859985 277.649994
463548.669983 4831431.899994 277.750000
463548.690002 4831431.899994 277.790009
463548.690002 4831431.920013 277.850006
463548.710022 4831431.920013 277.890015
463548.830017 4831431.640015 277.230011
463548.700012 4831431.850006 277.609985
463548.700012 4831431.890015 277.709991
463548.700012 4831431.910004 277.779999
463548.700012 4831431.929993 277.850006
463548.700012 4831431.940002 277.899994
463548.700012 4831431.850006 277.350006
463548.729980 4831431.920013 277.399994
463548.780029 4831431.980011 277.480011
463549.070007 4831431.760010 277.059998
463548.710022 4831431.899994 278.160004
463548.859985 4831431.899994 278.220001
463548.760010 4831431.910004 277.440002
463548.750000 4831431.890015 277.420013
463548.719971 4831431.910004 277.420013
463548.719971 4831431.859985 277.390015
463548.700012 4831431.920013 278.029999
463548.690002 4831431.920013 277.959991
463548.690002 4831431.839996 277.399994
463548.690002 4831431.890015 278.029999
463548.690002 4831431.880005 277.940002
463548.690002 4831431.869995 277.850006
463548.669983 4831431.880005 277.839996
463548.679993 4831431.839996 277.950012
463548.710022 4831431.790009 277.769989
463548.679993 4831431.809998 277.769989
463548.669983 4831431.820007 277.730011
463549.200012 4831431.730011 277.309998
463548.799988 4831431.950012 277.519989
463549.179993 4831431.700012 277.339996
463549.169983 4831431.709991 277.220001
463548.739990 4831431.910004 278.000000
463548.719971 4831431.859985 278.019989
463548.710022 4831431.869995 277.970001
463548.700012 4831431.880005 277.929993
463548.710022 4831431.809998 277.880005
463548.700012 4831431.820007 277.850006
463548.700012 4831431.820007 277.760010
463548.719971 4831431.839996 277.390015
463548.700012 4831431.760010 277.750000
463548.690002 4831431.769989 277.709991
463548.690002 4831431.720001 277.630005
463548.669983 4831431.739990 277.600006
463548.659973 4831431.739990 277.559998
463548.669983 4831431.750000 277.489990
463548.659973 4831431.690002 277.489990
463549.190002 4831431.730011 277.320007
463548.739990 4831431.820007 277.839996
463549.130005 4831431.660004 277.309998
463549.150024 4831431.679993 277.220001
463549.109985 4831431.649994 277.089996
463549.070007 4831431.760010 277.089996
463549.070007 4831431.779999 277.070007
463549.119995 4831431.790009 277.200012
463549.070007 4831431.790009 277.070007
463549.090027 4831431.790009 277.109985
463549.119995 4831431.790009 277.170013
463549.119995 4831431.790009 277.079987
463549.150024 4831431.809998 277.220001
463548.690002 4831431.890015 277.950012
463548.669983 4831431.779999 277.500000
463548.679993 4831431.769989 277.470001
463548.700012 4831431.769989 277.429993
463548.710022 4831431.820007 277.709991
463548.729980 4831431.820007 277.670013
463548.739990 4831431.809998 277.630005
463548.750000 4831431.869995 277.859985
463548.760010 4831431.869995 277.799988
463548.700012 4831431.790009 277.540009
463548.710022 4831431.779999 277.489990
463548.710022 4831431.779999 277.410004
463548.739990 4831431.869995 277.850006
463548.750000 4831431.859985 277.809998
463548.760010 4831431.850006 277.760010
463548.760010 4831431.839996 277.679993
463548.789978 4831431.929993 277.989990
463548.799988 4831431.920013 277.950012
463548.789978 4831431.910004 277.869995
463548.799988 4831431.899994 277.820007
463549.179993 4831431.750000 277.230011
463549.200012 4831431.739990 277.200012
463548.729980 4831431.910004 277.890015
463549.690002 4831431.649994 278.250000
463549.690002 4831431.609985 278.279999
463549.469971 4831431.799988 277.940002
463549.489990 4831431.829987 277.959991
463549.489990 4831431.829987 278.019989
463549.419983 4831431.820007 277.829987
463549.429993 4831431.820007 277.880005
463549.570007 4831431.769989 277.880005
463549.479980 4831431.820007 278.000000
463549.479980 4831431.839996 278.040009
463549.409973 4831431.769989 277.709991
463549.419983 4831431.799988 277.799988
463549.340027 4831431.739990 277.540009
463549.299988 4831431.739990 277.410004
463549.299988 4831431.779999 277.540009
463549.219971 4831431.700012 277.250000
463549.229980 4831431.720001 277.299988
463549.229980 4831431.739990 277.339996
463549.239990 4831431.760010 277.369995
463549.219971 4831431.709991 277.209991
463549.219971 4831431.730011 277.290009
463549.270020 4831431.730011 277.369995
463549.280029 4831431.769989 277.480011
463549.280029 4831431.790009 277.510010
463549.309998 4831431.760010 277.519989
463549.330017 4831431.760010 277.510010
463549.289978 4831431.730011 277.399994
463549.289978 4831431.750000 277.440002
463549.289978 4831431.760010 277.489990
463549.299988 4831431.779999 277.519989
463549.239990 4831431.690002 277.320007
463549.260010 4831431.720001 277.339996
463549.260010 4831431.739990 277.390015
463549.270020 4831431.769989 277.459991
463549.270020 4831431.779999 277.500000
463549.679993 4831431.600006 278.019989
463549.450012 4831431.799988 278.000000
463549.229980 4831431.700012 277.279999
463549.229980 4831431.730011 277.350006
463549.590027 4831431.790009 278.049988
463549.210022 4831431.660004 277.140015
463549.260010 4831431.709991 277.299988
463549.250000 4831431.679993 277.239990
463549.229980 4831431.660004 277.230011
463549.229980 4831431.649994 277.179993
463549.219971 4831431.630005 277.140015
463549.330017 4831431.720001 277.480011
463549.340027 4831431.700012 277.619995
463549.390015 4831431.700012 277.600006
463549.210022 4831431.709991 277.149994
463549.289978 4831431.739990 277.390015
463549.289978 4831431.739990 277.339996
463549.280029 4831431.730011 277.299988
463549.270020 4831431.709991 277.260010
463549.260010 4831431.700012 277.220001
463549.250000 4831431.679993 277.190002
463549.239990 4831431.670013 277.140015
463549.229980 4831431.660004 277.100006
463549.369995 4831431.769989 277.450012
463549.340027 4831431.720001 277.459991
463549.340027 4831431.720001 277.369995
463549.330017 4831431.700012 277.339996
463549.309998 4831431.679993 277.309998
463549.309998 4831431.690002 277.250000
463549.270020 4831431.720001 277.279999
463549.260010 4831431.709991 277.250000
463549.250000 4831431.700012 277.209991
463549.239990 4831431.709991 277.140015
463549.219971 4831431.679993 277.119995
463549.380005 4831431.730011 277.510010
463549.369995 4831431.709991 277.480011
463549.580017 4831431.779999 278.019989
463549.549988 4831431.769989 277.880005
463549.520020 4831431.739990 277.820007
463549.619995 4831431.760010 277.850006
463549.659973 4831431.609985 278.089996
463549.690002 4831431.649994 278.290009
463549.640015 4831431.880005 277.760010
463549.650024 4831431.890015 277.790009
463549.330017 4831431.790009 277.660004
463549.270020 4831431.790009 277.540009
463549.289978 4831431.790009 277.630005
463549.630005 4831431.679993 278.220001
463549.609985 4831431.649994 278.230011
463549.229980 4831431.720001 277.410004
463549.260010 4831431.720001 277.130005
463549.750000 4831431.529999 278.040009
463549.239990 4831431.730011 277.390015
463549.229980 4831431.720001 277.329987
463549.219971 4831431.709991 277.170013
463549.460022 4831431.880005 277.880005
463549.440002 4831431.820007 277.940002
463549.400024 4831431.809998 277.809998
463549.669983 4831431.619995 278.299988
463549.619995 4831431.660004 278.250000
463549.640015 4831431.690002 278.260010
463549.599976 4831431.679993 278.250000
463549.780029 4831431.540009 278.260010
463549.619995 4831431.929993 278.299988
463549.530029 4831431.890015 278.269989
463549.539978 4831431.910004 278.279999
463549.520020 4831431.899994 278.260010
463549.530029 4831431.929993 278.260010
463549.539978 4831431.899994 278.279999
463549.559998 4831431.929993 278.269989
463549.590027 4831431.920013 278.279999
463549.650024 4831431.929993 278.290009
463549.669983 4831431.630005 278.239990
463549.669983 4831431.619995 278.239990
463549.659973 4831431.619995 278.260010
463549.679993 4831431.640015 278.119995
463549.669983 4831431.619995 278.269989
463549.760010 4831431.549988 278.279999
463549.710022 4831431.570007 278.230011
463549.590027 4831431.709991 278.220001
463549.500000 4831431.730011 277.980011
463549.500000 4831431.739990 277.970001
463549.469971 4831431.739990 277.970001
463549.530029 4831431.890015 277.820007
463549.780029 4831431.540009 278.019989
463549.659973 4831431.570007 277.920013
463549.380005 4831431.859985 278.010010
463549.479980 4831431.899994 277.769989
463549.590027 4831431.679993 278.220001
463549.630005 4831431.640015 278.260010
463549.599976 4831431.720001 278.220001
463549.640015 4831431.660004 278.260010
463549.630005 4831431.709991 278.239990
463549.719971 4831431.589996 278.299988
463549.460022 4831431.850006 277.799988
463549.479980 4831431.839996 277.779999
463549.309998 4831431.829987 277.630005
463549.380005 4831431.880005 277.829987
463549.830017 4831431.540009 278.059998
463549.710022 4831431.640015 278.049988
463549.619995 4831431.660004 278.059998
463549.630005 4831431.920013 278.299988
463549.669983 4831431.920013 278.279999
463549.619995 4831431.920013 278.299988
463549.640015 4831431.929993 278.269989
463549.679993 4831431.640015 278.299988
463549.650024 4831431.670013 278.269989
463549.609985 4831431.709991 278.239990
463549.619995 4831431.910004 278.279999
463549.640015 4831431.940002 278.260010
463549.840027 4831431.559998 278.040009
463549.750000 4831431.589996 278.049988
463549.479980 4831431.890015 277.959991
463549.419983 4831431.910004 277.890015
463549.390015 4831431.869995 277.760010
463549.280029 4831431.859985 277.549988
463549.280029 4831431.859985 277.489990
463549.260010 4831431.839996 277.390015
463549.690002 4831431.910004 277.750000
463549.590027 4831431.920013 277.809998
463549.479980 4831431.890015 278.019989
463549.479980 4831431.869995 277.929993
463549.510010 4831431.880005 277.779999
463549.440002 4831431.899994 277.970001
463549.450012 4831431.890015 277.899994
463549.440002 4831431.859985 277.799988
463549.369995 4831431.869995 277.809998
463549.380005 4831431.869995 277.769989
463549.390015 4831431.859985 277.690002
463549.390015 4831431.850006 277.600006
463549.400024 4831431.859985 277.579987
463549.309998 4831431.850006 277.670013
463549.320007 4831431.859985 277.619995
463549.250000 4831431.859985 277.489990
463549.250000 4831431.850006 277.420013
463549.700012 4831431.880005 277.679993
463549.619995 4831431.920013 277.730011
463549.390015 4831431.920013 277.899994
463549.299988 4831431.869995 277.649994
463549.320007 4831431.890015 277.630005
463549.260010 4831431.890015 277.600006
463549.260010 4831431.890015 277.559998
463549.229980 4831431.829987 277.470001
463549.250000 4831431.880005 277.470001
463549.260010 4831431.859985 277.399994
463549.210022 4831431.839996 277.480011
463549.229980 4831431.869995 277.459991
463549.239990 4831431.850006 277.390015
463549.229980 4831431.859985 277.459991
463549.239990 4831431.859985 277.420013
463549.250000 4831431.859985 277.380005
463549.219971 4831431.859985 277.470001
463549.229980 4831431.839996 277.399994
463549.679993 4831431.600006 278.049988
463549.640015 4831431.899994 278.290009
463549.650024 4831431.649994 278.299988
463549.679993 4831431.589996 278.290009
463549.580017 4831431.730011 278.239990
463549.640015 4831431.670013 278.260010
463549.700012 4831431.649994 278.299988
463549.729980 4831431.589996 278.279999
463549.760010 4831431.559998 278.299988
463549.340027 4831431.839996 277.790009
463549.330017 4831431.839996 277.839996
463549.409973 4831431.910004 277.869995
463549.390015 4831431.859985 277.869995
463549.390015 4831431.859985 277.929993
463549.390015 4831431.869995 277.989990
463549.429993 4831431.839996 277.880005
463549.429993 4831431.850006 277.940002
463549.429993 4831431.869995 278.019989
463549.690002 4831431.899994 277.769989
463549.229980 4831431.829987 277.459991
463549.299988 4831431.839996 277.619995
463549.280029 4831431.820007 277.630005
463549.299988 4831431.839996 277.709991
463549.340027 4831431.820007 277.649994
463549.359985 4831431.850006 277.750000
463549.369995 4831431.859985 277.820007
463549.390015 4831431.880005 277.910004
463549.419983 4831431.869995 277.790009
463549.419983 4831431.869995 277.850006
463549.440002 4831431.890015 277.940002
463549.440002 4831431.880005 277.989990
463549.500000 4831431.899994 277.850006
463549.659973 4831431.880005 277.750000
463549.750000 4831431.589996 278.040009
463549.229980 4831431.829987 277.369995
463549.260010 4831431.839996 277.440002
463549.260010 4831431.829987 277.489990
463549.260010 4831431.820007 277.529999
463549.469971 4831431.890015 277.950012
463549.760010 4831431.549988 278.279999
463549.750000 4831431.570007 278.290009
463549.700012 4831431.589996 278.149994
463549.669983 4831431.619995 278.299988
463549.619995 4831431.690002 278.260010
463549.419983 4831431.829987 277.989990
463549.419983 4831431.859985 278.019989
463549.369995 4831431.839996 277.940002
463549.359985 4831431.859985 278.040009
463549.260010 4831431.779999 277.630005
463549.440002 4831431.790009 277.790009
463549.309998 4831431.799988 277.839996
463549.280029 4831431.809998 277.820007
463549.340027 4831431.750000 277.549988
463549.549988 4831431.540009 277.940002
463549.500000 4831431.579987 277.929993
463549.289978 4831431.730011 277.859985
463549.289978 4831431.730011 277.799988
463549.280029 4831431.739990 277.769989
463549.239990 4831431.760010 277.760010
463549.260010 4831431.750000 277.690002
463549.250000 4831431.750000 277.649994
463549.229980 4831431.760010 277.559998
463549.219971 4831431.760010 277.510010
463549.299988 4831431.670013 277.119995
463549.280029 4831431.690002 277.089996
463549.219971 4831431.690002 277.619995
463549.210022 4831431.660004 277.079987
463549.739990 4831431.929993 277.730011
463549.750000 4831431.910004 277.730011
463549.760010 4831431.910004 277.720001
463549.780029 4831431.910004 277.700012
463549.659973 4831431.760010 277.769989
463549.299988 4831431.709991 277.809998
463549.289978 4831431.720001 277.769989
463549.280029 4831431.720001 277.730011
463549.260010 4831431.739990 277.700012
463549.299988 4831431.720001 277.600006
463549.719971 4831431.589996 278.049988
463549.340027 4831431.929993 278.070007
463549.299988 4831431.959991 278.059998
463549.419983 4831431.890015 278.070007
463549.659973 4831431.649994 278.279999
463549.690002 4831431.630005 278.299988
463549.710022 4831431.609985 278.140015
463549.750000 4831431.579987 278.140015
463549.809998 4831431.540009 278.100006
463549.619995 4831431.910004 278.279999
463549.609985 4831431.660004 278.100006
463549.619995 4831431.670013 278.149994
463549.650024 4831431.660004 278.170013
463549.650024 4831431.679993 278.260010
463549.549988 4831431.890015 278.250000
463549.570007 4831431.890015 278.290009
463549.559998 4831431.910004 278.250000
463549.580017 4831431.910004 278.290009
463549.619995 4831431.920013 278.279999
463549.330017 4831431.829987 277.670013
463549.359985 4831431.809998 277.739990
463549.219971 4831431.799988 277.459991
463549.280029 4831431.779999 277.619995
463549.599976 4831431.630005 277.880005
463549.619995 4831431.630005 277.920013
463549.280029 4831431.859985 277.579987
463549.299988 4831431.850006 277.609985
463549.320007 4831431.850006 277.640015
463549.330017 4831431.850006 277.679993
463549.340027 4831431.839996 277.730011
463549.349976 4831431.850006 277.790009
463549.349976 4831431.859985 277.850006
463549.520020 4831431.679993 277.940002
463549.239990 4831431.820007 277.459991
463549.309998 4831431.829987 277.670013
463549.349976 4831431.839996 277.799988
463549.229980 4831431.829987 277.459991
463549.359985 4831431.829987 277.779999
463549.380005 4831431.820007 277.809998
463549.650024 4831431.690002 278.040009
463549.250000 4831431.829987 277.440002
463549.320007 4831431.850006 277.670013
463549.340027 4831431.839996 277.700012
463549.359985 4831431.850006 277.799988
463549.369995 4831431.899994 278.000000
463549.250000 4831431.839996 277.410004
463549.250000 4831431.850006 277.470001
463549.330017 4831431.850006 277.679993
463549.359985 4831431.869995 277.790009
463549.390015 4831431.899994 277.989990
463549.710022 4831431.899994 277.760010
463549.570007 4831431.690002 278.200012
463549.669983 4831431.559998 278.269989
463549.609985 4831431.630005 278.220001
463549.599976 4831431.700012 278.179993
463549.580017 4831431.709991 278.170013
463549.669983 4831431.600006 278.269989
463549.619995 4831431.630005 278.239990
463549.609985 4831431.649994 278.200012
463549.590027 4831431.660004 278.179993
463549.419983 4831431.820007 277.839996
463549.260010 4831431.880005 278.010010
463549.289978 4831431.809998 277.649994
463549.679993 4831431.500000 277.899994
463549.280029 4831431.739990 277.619995
463549.239990 4831431.760010 277.559998
463549.229980 4831431.760010 277.510010
463549.330017 4831431.760010 277.730011
463549.369995 4831431.750000 277.480011
463549.320007 4831431.709991 277.619995
463549.299988 4831431.730011 277.619995
463549.270020 4831431.750000 277.529999
463549.340027 4831431.730011 277.250000
463549.250000 4831431.730011 277.549988
463549.239990 4831431.739990 277.480011
463549.250000 4831431.720001 277.470001
463549.219971 4831431.730011 277.470001
463549.260010 4831431.700012 277.540009
463549.250000 4831431.709991 277.489990
463549.229980 4831431.730011 277.470001
463549.250000 4831431.700012 277.510010
463549.239990 4831431.720001 277.470001
463549.219971 4831431.730011 277.440002
463549.250000 4831431.700012 277.459991
463549.229980 4831431.720001 277.450012
463549.210022 4831431.730011 277.359985
463549.229980 4831431.700012 277.440002
463549.210022 4831431.709991 277.410004
463549.210022 4831431.720001 277.350006
463549.210022 4831431.679993 277.350006
463549.650024 4831431.570007 277.970001
463549.609985 4831431.600006 277.940002
463549.289978 4831431.769989 277.929993
463549.340027 4831431.779999 277.769989
463549.270020 4831431.730011 277.519989
463549.250000 4831431.750000 277.489990
463549.299988 4831431.690002 277.239990
463549.210022 4831431.709991 277.350006
463549.739990 4831431.589996 278.049988
463549.760010 4831431.579987 278.049988
463549.780029 4831431.559998 278.089996
463549.750000 4831431.600006 278.049988
463549.760010 4831431.589996 278.140015
463549.760010 4831431.579987 278.279999
463549.570007 4831431.920013 278.260010
463549.320007 4831431.820007 277.799988
463549.330017 4831431.839996 277.920013
463549.280029 4831431.869995 277.649994
463549.330017 4831431.869995 277.920013
463549.390015 4831431.890015 277.950012
463549.409973 4831431.880005 277.989990
463549.630005 4831431.910004 277.730011
463549.390015 4831431.890015 277.799988
463549.419983 4831431.920013 277.769989
463549.700012 4831431.859985 277.600006
463549.799988 4831431.559998 278.070007
463549.820007 4831431.549988 278.049988
463549.690002 4831431.660004 278.290009
463549.700012 4831431.619995 278.130005
463549.630005 4831431.730011 278.190002
463549.710022 4831431.640015 278.279999
463549.719971 4831431.630005 278.250000
463549.229980 4831431.750000 277.279999
463549.250000 4831431.799988 277.450012
463549.419983 4831431.809998 277.859985
463549.440002 4831431.799988 277.829987
463549.500000 4831431.769989 277.910004
463549.489990 4831431.820007 277.929993
463549.690002 4831431.890015 277.760010
463549.710022 4831431.880005 277.750000
