2.806400150000000053e+02 4.831430890014999546e+06 4.635491300049999845e+05
2.807000120000000152e+02 4.831430890014999546e+06 4.635491199950000155e+05
2.803999939999999924e+02 4.831430910004000179e+06 4.635491699830000289e+05
2.804400019999999927e+02 4.831430920013000257e+06 4.635491599730000016e+05
2.806000060000000076e+02 4.831430880005000159e+06 4.635491099849999882e+05
2.806600040000000149e+02 4.831430880005000159e+06 4.635490999760000268e+05
2.807000120000000152e+02 4.831430890014999546e+06 4.635490999760000268e+05
2.804400019999999927e+02 4.831430929992999882e+06 4.635491599730000016e+05
2.806000060000000076e+02 4.831430890014999546e+06 4.635491099849999882e+05
2.806600040000000149e+02 4.831430880005000159e+06 4.635490900269999984e+05
2.807000120000000152e+02 4.831430890014999546e+06 4.635490900269999984e+05
2.804599910000000023e+02 4.831430890014999546e+06 4.635491099849999882e+05
2.805400089999999977e+02 4.831430880005000159e+06 4.635490900269999984e+05
2.806199950000000172e+02 4.831430869994999841e+06 4.635490700070000021e+05
2.806199950000000172e+02 4.831430920013000257e+06 4.635490999760000268e+05
2.803699950000000172e+02 4.831430839995999821e+06 4.635490599979999824e+05
2.804100040000000149e+02 4.831430859985000454e+06 4.635490599979999824e+05
2.804700010000000248e+02 4.831430859985000454e+06 4.635490499880000134e+05
2.803999939999999924e+02 4.831430859985000454e+06 4.635490399779999861e+05
2.805199890000000096e+02 4.831430910004000179e+06 4.635490499880000134e+05
2.804500120000000152e+02 4.831430910004000179e+06 4.635490200199999963e+05
2.809700010000000248e+02 4.831430899993999861e+06 4.635491699830000289e+05
2.810299989999999752e+02 4.831430899993999861e+06 4.635491500239999732e+05
2.805799870000000169e+02 4.831430839995999821e+06 4.635490999760000268e+05
2.806199950000000172e+02 4.831430859985000454e+06 4.635490999760000268e+05
2.806799930000000245e+02 4.831430859985000454e+06 4.635490800169999711e+05
2.807099910000000023e+02 4.831430890014999546e+06 4.635490999760000268e+05
2.805000000000000000e+02 4.831430839995999821e+06 4.635490499880000134e+05
2.805400089999999977e+02 4.831430859985000454e+06 4.635490499880000134e+05
2.805799870000000169e+02 4.831430880005000159e+06 4.635490499880000134e+05
2.806199950000000172e+02 4.831430899993999861e+06 4.635490599979999824e+05
2.808999939999999924e+02 4.831431040009000339e+06 4.635490800169999711e+05
2.809400019999999927e+02 4.831431059998000041e+06 4.635490800169999711e+05
2.803699950000000172e+02 4.831430850006000139e+06 4.635490200199999963e+05
2.803999939999999924e+02 4.831430869994999841e+06 4.635490200199999963e+05
2.804400019999999927e+02 4.831430890014999546e+06 4.635490300290000159e+05
2.804700010000000248e+02 4.831430910004000179e+06 4.635490300290000159e+05
2.803599849999999947e+02 4.831430890014999546e+06 4.635489899899999727e+05
2.809500120000000152e+02 4.831431029999000020e+06 4.635491400150000118e+05
2.808999939999999924e+02 4.831431029999000020e+06 4.635491500239999732e+05
2.808999939999999924e+02 4.831430989989999682e+06 4.635491799929999979e+05
2.808699950000000172e+02 4.831430970000999980e+06 4.635491699830000289e+05
2.804899899999999775e+02 4.831430839995999821e+06 4.635491199950000155e+05
2.804500120000000152e+02 4.831430829986999743e+06 4.635491199950000155e+05
2.804100040000000149e+02 4.831430820007000118e+06 4.635491199950000155e+05
2.803800049999999828e+02 4.831430809998000041e+06 4.635491099849999882e+05
2.806900019999999927e+02 4.831430859985000454e+06 4.635491699830000289e+05
2.806600040000000149e+02 4.831430850006000139e+06 4.635491599730000016e+05
2.811799930000000245e+02 4.831430779999000020e+06 4.635491799929999979e+05
2.811799930000000245e+02 4.831431220000999980e+06 4.635491799929999979e+05
2.805799870000000169e+02 4.831430880005000159e+06 4.635491400150000118e+05
2.805499879999999848e+02 4.831430869994999841e+06 4.635491300049999845e+05
2.805899959999999851e+02 4.831430829986999743e+06 4.635491699830000289e+05
2.810599980000000073e+02 4.831431230011000298e+06 4.635490700070000021e+05
2.810599980000000073e+02 4.831431089995999821e+06 4.635491500239999732e+05
2.810599980000000073e+02 4.831431059998000041e+06 4.635491300049999845e+05
2.806099849999999947e+02 4.831430850006000139e+06 4.635491400150000118e+05
2.805499879999999848e+02 4.831430859985000454e+06 4.635491300049999845e+05
2.805199890000000096e+02 4.831430839995999821e+06 4.635491199950000155e+05
2.804100040000000149e+02 4.831430839995999821e+06 4.635490999760000268e+05
2.805499879999999848e+02 4.831430829986999743e+06 4.635491799929999979e+05
2.803599849999999947e+02 4.831430829986999743e+06 4.635491400150000118e+05
2.807200010000000248e+02 4.831430890014999546e+06 4.635491900020000176e+05
2.807500000000000000e+02 4.831430910004000179e+06 4.635492000119999866e+05
2.808900150000000053e+02 4.831430910004000179e+06 4.635491599730000016e+05
2.809599910000000023e+02 4.831430899993999861e+06 4.635491599730000016e+05
2.810000000000000000e+02 4.831430910004000179e+06 4.635491699830000289e+05
2.810499879999999848e+02 4.831430920013000257e+06 4.635491699830000289e+05
2.812200010000000248e+02 4.831430899993999861e+06 4.635491699830000289e+05
2.806799930000000245e+02 4.831430910004000179e+06 4.635491300049999845e+05
2.809700010000000248e+02 4.831430910004000179e+06 4.635491400150000118e+05
2.810199890000000096e+02 4.831430920013000257e+06 4.635491400150000118e+05
2.810299989999999752e+02 4.831430940001999959e+06 4.635491500239999732e+05
2.810700069999999755e+02 4.831430950012000278e+06 4.635491599730000016e+05
2.809599910000000023e+02 4.831430940001999959e+06 4.635491199950000155e+05
2.812399899999999775e+02 4.831431239989999682e+06 4.635491400150000118e+05
2.811900019999999927e+02 4.831431230011000298e+06 4.635490800169999711e+05
2.810799870000000169e+02 4.831430880005000159e+06 4.635491500239999732e+05
2.810899959999999851e+02 4.831430910004000179e+06 4.635491599730000016e+05
2.806000060000000076e+02 4.831430859985000454e+06 4.635490599979999824e+05
2.804100040000000149e+02 4.831430850006000139e+06 4.635490200199999963e+05
2.804500120000000152e+02 4.831430859985000454e+06 4.635490200199999963e+05
2.804800109999999904e+02 4.831430869994999841e+06 4.635490300290000159e+05
2.803299870000000169e+02 4.831430869994999841e+06 4.635489899899999727e+05
2.807799989999999752e+02 4.831430850006000139e+06 4.635491300049999845e+05
2.809800109999999904e+02 4.831430910004000179e+06 4.635490999760000268e+05
2.807600100000000225e+02 4.831430859985000454e+06 4.635490800169999711e+05
2.807900089999999977e+02 4.831430880005000159e+06 4.635490800169999711e+05
2.806799930000000245e+02 4.831430899993999861e+06 4.635490499880000134e+05
2.807300109999999904e+02 4.831430910004000179e+06 4.635490499880000134e+05
2.808999939999999924e+02 4.831431010010000318e+06 4.635490599979999824e+05
2.809200129999999831e+02 4.831431040009000339e+06 4.635490599979999824e+05
2.809700010000000248e+02 4.831431049987999722e+06 4.635490599979999824e+05
2.810199890000000096e+02 4.831431089995999821e+06 4.635490599979999824e+05
2.810700069999999755e+02 4.831431109985000454e+06 4.635490599979999824e+05
2.810899959999999851e+02 4.831431130005000159e+06 4.635490700070000021e+05
2.811099849999999947e+02 4.831431149993999861e+06 4.635490800169999711e+05
2.811400150000000053e+02 4.831431170013000257e+06 4.635490800169999711e+05
2.811700129999999831e+02 4.831431190001999959e+06 4.635490800169999711e+05
2.804899899999999775e+02 4.831430869994999841e+06 4.635490100100000273e+05
2.805299989999999752e+02 4.831430890014999546e+06 4.635490100100000273e+05
2.805499879999999848e+02 4.831430920013000257e+06 4.635490200199999963e+05
2.803200069999999755e+02 4.831430850006000139e+06 4.635489799800000037e+05
2.803399959999999851e+02 4.831430869994999841e+06 4.635489799800000037e+05
2.811300049999999828e+02 4.831431220000999980e+06 4.635490000000000000e+05
2.812300109999999904e+02 4.831431239989999682e+06 4.635490800169999711e+05
2.811799930000000245e+02 4.831431220000999980e+06 4.635490700070000021e+05
2.811499939999999924e+02 4.831431200012000278e+06 4.635490499880000134e+05
2.810700069999999755e+02 4.831431190001999959e+06 4.635490399779999861e+05
2.811600040000000149e+02 4.831431140014999546e+06 4.635490700070000021e+05
2.810599980000000073e+02 4.831431140014999546e+06 4.635490599979999824e+05
2.810400089999999977e+02 4.831431119994999841e+06 4.635490499880000134e+05
2.810299989999999752e+02 4.831431109985000454e+06 4.635490900269999984e+05
2.809800109999999904e+02 4.831431089995999821e+06 4.635490800169999711e+05
2.809500120000000152e+02 4.831431070007000118e+06 4.635490599979999824e+05
2.809200129999999831e+02 4.831431040009000339e+06 4.635490999760000268e+05
2.808699950000000172e+02 4.831431000000000000e+06 4.635490700070000021e+05
2.809500120000000152e+02 4.831430910004000179e+06 4.635490700070000021e+05
2.807099910000000023e+02 4.831430920013000257e+06 4.635490700070000021e+05
2.806300049999999828e+02 4.831430910004000179e+06 4.635490499880000134e+05
2.805599980000000073e+02 4.831430890014999546e+06 4.635490399779999861e+05
2.805100100000000225e+02 4.831430869994999841e+06 4.635490300290000159e+05
2.804599910000000023e+02 4.831430859985000454e+06 4.635490200199999963e+05
2.811799930000000245e+02 4.831430910004000179e+06 4.635491400150000118e+05
2.810499879999999848e+02 4.831430899993999861e+06 4.635491300049999845e+05
2.809400019999999927e+02 4.831430890014999546e+06 4.635491199950000155e+05
2.808500060000000076e+02 4.831430880005000159e+06 4.635491099849999882e+05
2.807699890000000096e+02 4.831430869994999841e+06 4.635490999760000268e+05
2.806600040000000149e+02 4.831430859985000454e+06 4.635490900269999984e+05
2.805499879999999848e+02 4.831430850006000139e+06 4.635490800169999711e+05
2.812600100000000225e+02 4.831430880005000159e+06 4.635491799929999979e+05
2.811099849999999947e+02 4.831430869994999841e+06 4.635491699830000289e+05
2.807900089999999977e+02 4.831430850006000139e+06 4.635491400150000118e+05
2.811499939999999924e+02 4.831431200012000278e+06 4.635490900269999984e+05
2.811799930000000245e+02 4.831430910004000179e+06 4.635491400150000118e+05
2.809100040000000149e+02 4.831430890014999546e+06 4.635491300049999845e+05
2.808699950000000172e+02 4.831430880005000159e+06 4.635491099849999882e+05
2.807200010000000248e+02 4.831430890014999546e+06 4.635490800169999711e+05
2.805799870000000169e+02 4.831430899993999861e+06 4.635490499880000134e+05
2.804400019999999927e+02 4.831430899993999861e+06 4.635490200199999963e+05
2.804400019999999927e+02 4.831430890014999546e+06 4.635490900269999984e+05
2.803800049999999828e+02 4.831430859985000454e+06 4.635490599979999824e+05
2.804400019999999927e+02 4.831430899993999861e+06 4.635490000000000000e+05
2.805599980000000073e+02 4.831430929992999882e+06 4.635490300290000159e+05
2.811099849999999947e+02 4.831431179992999882e+06 4.635490800169999711e+05
2.807000120000000152e+02 4.831430910004000179e+06 4.635490499880000134e+05
2.807699890000000096e+02 4.831430940001999959e+06 4.635490599979999824e+05
2.808099980000000073e+02 4.831430970000999980e+06 4.635490700070000021e+05
2.805499879999999848e+02 4.831430910004000179e+06 4.635490200199999963e+05
2.806199950000000172e+02 4.831430940001999959e+06 4.635490300290000159e+05
2.805299989999999752e+02 4.831430959990999661e+06 4.635490000000000000e+05
2.803200069999999755e+02 4.831430959990999661e+06 4.635490399779999861e+05
2.810400089999999977e+02 4.831431170013000257e+06 4.635490399779999861e+05
2.803200069999999755e+02 4.831430910004000179e+06 4.635489500119999866e+05
2.803200069999999755e+02 4.831430929992999882e+06 4.635489600220000139e+05
2.803500060000000076e+02 4.831430910004000179e+06 4.635489600220000139e+05
2.803900150000000053e+02 4.831430950012000278e+06 4.635489699709999841e+05
2.803299870000000169e+02 4.831430899993999861e+06 4.635489600220000139e+05
2.804299930000000245e+02 4.831430970000999980e+06 4.635489799800000037e+05
2.803200069999999755e+02 4.831430940001999959e+06 4.635489600220000139e+05
2.803399959999999851e+02 4.831430899993999861e+06 4.635489400020000176e+05
2.803299870000000169e+02 4.831430920013000257e+06 4.635489600220000139e+05
2.803399959999999851e+02 4.831430920013000257e+06 4.635489699709999841e+05
2.803900150000000053e+02 4.831430890014999546e+06 4.635489799800000037e+05
2.804800109999999904e+02 4.831430929992999882e+06 4.635489899899999727e+05
2.805199890000000096e+02 4.831430959990999661e+06 4.635490000000000000e+05
2.803299870000000169e+02 4.831430970000999980e+06 4.635490399779999861e+05
2.810400089999999977e+02 4.831431160004000179e+06 4.635490300290000159e+05
2.810899959999999851e+02 4.831431200012000278e+06 4.635490399779999861e+05
2.811400150000000053e+02 4.831431239989999682e+06 4.635490499880000134e+05
2.803399959999999851e+02 4.831430869994999841e+06 4.635489899899999727e+05
2.804599910000000023e+02 4.831430920013000257e+06 4.635490000000000000e+05
2.804899899999999775e+02 4.831430940001999959e+06 4.635490100100000273e+05
2.810299989999999752e+02 4.831431170013000257e+06 4.635490399779999861e+05
2.810899959999999851e+02 4.831431200012000278e+06 4.635490499880000134e+05
2.808900150000000053e+02 4.831431079986999743e+06 4.635490599979999824e+05
2.807000120000000152e+02 4.831430920013000257e+06 4.635490300290000159e+05
2.807300109999999904e+02 4.831430950012000278e+06 4.635490499880000134e+05
2.807999879999999848e+02 4.831430980011000298e+06 4.635490599979999824e+05
2.808900150000000053e+02 4.831431070007000118e+06 4.635490499880000134e+05
2.805199890000000096e+02 4.831430920013000257e+06 4.635490100100000273e+05
2.806199950000000172e+02 4.831430959990999661e+06 4.635490100100000273e+05
2.808900150000000053e+02 4.831431079986999743e+06 4.635490300290000159e+05
2.810499879999999848e+02 4.831431160004000179e+06 4.635490499880000134e+05
2.811000060000000076e+02 4.831431200012000278e+06 4.635490599979999824e+05
2.804400019999999927e+02 4.831430899993999861e+06 4.635489799800000037e+05
2.805199890000000096e+02 4.831430940001999959e+06 4.635489899899999727e+05
2.805299989999999752e+02 4.831430970000999980e+06 4.635490100100000273e+05
2.810700069999999755e+02 4.831431170013000257e+06 4.635490300290000159e+05
2.810899959999999851e+02 4.831431200012000278e+06 4.635490399779999861e+05
2.803299870000000169e+02 4.831430899993999861e+06 4.635489600220000139e+05
2.804400019999999927e+02 4.831430970000999980e+06 4.635489799800000037e+05
2.809500120000000152e+02 4.831430910004000179e+06 4.635491500239999732e+05
2.811099849999999947e+02 4.831430980011000298e+06 4.635491300049999845e+05
2.810899959999999851e+02 4.831431000000000000e+06 4.635491500239999732e+05
2.810000000000000000e+02 4.831430980011000298e+06 4.635490900269999984e+05
2.809599910000000023e+02 4.831430899993999861e+06 4.635491400150000118e+05
2.811300049999999828e+02 4.831430980011000298e+06 4.635491199950000155e+05
2.811099849999999947e+02 4.831431000000000000e+06 4.635491400150000118e+05
2.812999879999999848e+02 4.831430929992999882e+06 4.635490800169999711e+05
2.812600100000000225e+02 4.831430940001999959e+06 4.635490999760000268e+05
2.810799870000000169e+02 4.831430910004000179e+06 4.635491500239999732e+05
2.812099910000000023e+02 4.831430970000999980e+06 4.635491400150000118e+05
2.812000120000000152e+02 4.831431000000000000e+06 4.635491500239999732e+05
2.811600040000000149e+02 4.831431000000000000e+06 4.635491500239999732e+05
2.810499879999999848e+02 4.831430970000999980e+06 4.635491099849999882e+05
2.810599980000000073e+02 4.831431000000000000e+06 4.635491199950000155e+05
2.805899959999999851e+02 4.831430970000999980e+06 4.635490000000000000e+05
2.805899959999999851e+02 4.831431000000000000e+06 4.635490100100000273e+05
2.811799930000000245e+02 4.831430970000999980e+06 4.635491699830000289e+05
2.812399899999999775e+02 4.831430970000999980e+06 4.635491699830000289e+05
2.808900150000000053e+02 4.831430859985000454e+06 4.635491799929999979e+05
2.810400089999999977e+02 4.831430899993999861e+06 4.635491799929999979e+05
2.808900150000000053e+02 4.831430829986999743e+06 4.635492000119999866e+05
2.812399899999999775e+02 4.831430929992999882e+06 4.635492000119999866e+05
2.803599849999999947e+02 4.831430940001999959e+06 4.635490200199999963e+05
2.809700010000000248e+02 4.831431000000000000e+06 4.635491599730000016e+05
2.808599849999999947e+02 4.831430989989999682e+06 4.635491500239999732e+05
2.806499939999999924e+02 4.831430970000999980e+06 4.635491300049999845e+05
2.811400150000000053e+02 4.831431220000999980e+06 4.635491099849999882e+05
2.811000060000000076e+02 4.831431089995999821e+06 4.635491099849999882e+05
2.809400019999999927e+02 4.831431000000000000e+06 4.635491199950000155e+05
2.808099980000000073e+02 4.831431010010000318e+06 4.635490499880000134e+05
2.808399959999999851e+02 4.831431070007000118e+06 4.635490700070000021e+05
2.807399899999999775e+02 4.831431029999000020e+06 4.635490800169999711e+05
2.805400089999999977e+02 4.831430980011000298e+06 4.635490300290000159e+05
2.804899899999999775e+02 4.831430970000999980e+06 4.635490399779999861e+05
2.811400150000000053e+02 4.831431339995999821e+06 4.635489400020000176e+05
2.804800109999999904e+02 4.831430970000999980e+06 4.635489699709999841e+05
2.804200129999999831e+02 4.831430970000999980e+06 4.635489799800000037e+05
2.803900150000000053e+02 4.831430980011000298e+06 4.635490000000000000e+05
2.803399959999999851e+02 4.831430970000999980e+06 4.635490100100000273e+05
2.803099980000000073e+02 4.831430980011000298e+06 4.635490200199999963e+05
2.803999939999999924e+02 4.831430989989999682e+06 4.635489600220000139e+05
2.803500060000000076e+02 4.831430989989999682e+06 4.635489699709999841e+05
2.811000060000000076e+02 4.831431279999000020e+06 4.635489600220000139e+05
2.803099980000000073e+02 4.831430940001999959e+06 4.635489199830000289e+05
2.803299870000000169e+02 4.831430940001999959e+06 4.635489799800000037e+05
2.803800049999999828e+02 4.831430940001999959e+06 4.635489699709999841e+05
2.804400019999999927e+02 4.831430940001999959e+06 4.635489699709999841e+05
2.804500120000000152e+02 4.831430920013000257e+06 4.635490300290000159e+05
2.805199890000000096e+02 4.831430940001999959e+06 4.635490300290000159e+05
2.805700069999999755e+02 4.831430950012000278e+06 4.635490300290000159e+05
2.806400150000000053e+02 4.831430970000999980e+06 4.635490300290000159e+05
2.809899899999999775e+02 4.831430959990999661e+06 4.635491199950000155e+05
2.809299930000000245e+02 4.831430839995999821e+06 4.635492000119999866e+05
2.809899899999999775e+02 4.831431130005000159e+06 4.635490700070000021e+05
2.803200069999999755e+02 4.831430989989999682e+06 4.635490100100000273e+05
2.803599849999999947e+02 4.831430970000999980e+06 4.635490000000000000e+05
2.804599910000000023e+02 4.831430959990999661e+06 4.635490000000000000e+05
2.808099980000000073e+02 4.831431029999000020e+06 4.635490599979999824e+05
2.805299989999999752e+02 4.831430940001999959e+06 4.635490499880000134e+05
2.807900089999999977e+02 4.831430980011000298e+06 4.635490900269999984e+05
2.809800109999999904e+02 4.831431010010000318e+06 4.635491099849999882e+05
2.808399959999999851e+02 4.831430940001999959e+06 4.635491099849999882e+05
2.809299930000000245e+02 4.831430959990999661e+06 4.635491300049999845e+05
2.809899899999999775e+02 4.831430970000999980e+06 4.635491400150000118e+05
2.810499879999999848e+02 4.831430980011000298e+06 4.635491500239999732e+05
2.812000120000000152e+02 4.831430959990999661e+06 4.635492000119999866e+05
2.812999879999999848e+02 4.831430959990999661e+06 4.635492000119999866e+05
2.808599849999999947e+02 4.831430859985000454e+06 4.635491900020000176e+05
2.808999939999999924e+02 4.831430850006000139e+06 4.635491799929999979e+05
2.810499879999999848e+02 4.831431220000999980e+06 4.635490599979999824e+05
2.811199950000000172e+02 4.831431230011000298e+06 4.635490800169999711e+05
2.809800109999999904e+02 4.831431149993999861e+06 4.635490599979999824e+05
2.808900150000000053e+02 4.831431119994999841e+06 4.635490700070000021e+05
2.808099980000000073e+02 4.831431010010000318e+06 4.635490599979999824e+05
2.804899899999999775e+02 4.831430970000999980e+06 4.635490200199999963e+05
2.805499879999999848e+02 4.831430980011000298e+06 4.635490399779999861e+05
2.806199950000000172e+02 4.831430980011000298e+06 4.635490499880000134e+05
2.806900019999999927e+02 4.831430989989999682e+06 4.635490800169999711e+05
2.807600100000000225e+02 4.831430989989999682e+06 4.635490900269999984e+05
2.808200069999999755e+02 4.831430980011000298e+06 4.635490999760000268e+05
2.808800049999999828e+02 4.831430980011000298e+06 4.635491099849999882e+05
2.809299930000000245e+02 4.831430980011000298e+06 4.635491199950000155e+05
2.809899899999999775e+02 4.831430980011000298e+06 4.635491400150000118e+05
2.810400089999999977e+02 4.831430980011000298e+06 4.635491400150000118e+05
2.811199950000000172e+02 4.831430989989999682e+06 4.635491699830000289e+05
2.811600040000000149e+02 4.831430980011000298e+06 4.635491699830000289e+05
2.812900089999999977e+02 4.831430980011000298e+06 4.635491900020000176e+05
2.805499879999999848e+02 4.831430950012000278e+06 4.635490800169999711e+05
2.806600040000000149e+02 4.831430950012000278e+06 4.635490999760000268e+05
2.807300109999999904e+02 4.831430950012000278e+06 4.635491199950000155e+05
2.807799989999999752e+02 4.831430950012000278e+06 4.635491199950000155e+05
2.808200069999999755e+02 4.831430940001999959e+06 4.635491300049999845e+05
2.808900150000000053e+02 4.831430950012000278e+06 4.635491400150000118e+05
2.809700010000000248e+02 4.831430959990999661e+06 4.635491699830000289e+05
2.810299989999999752e+02 4.831430959990999661e+06 4.635491799929999979e+05
2.810899959999999851e+02 4.831430950012000278e+06 4.635491900020000176e+05
2.811499939999999924e+02 4.831430940001999959e+06 4.635491900020000176e+05
2.807099910000000023e+02 4.831430920013000257e+06 4.635490300290000159e+05
2.807300109999999904e+02 4.831430940001999959e+06 4.635490300290000159e+05
2.808399959999999851e+02 4.831430980011000298e+06 4.635490300290000159e+05
2.809700010000000248e+02 4.831431130005000159e+06 4.635490300290000159e+05
2.804400019999999927e+02 4.831430899993999861e+06 4.635489699709999841e+05
2.804599910000000023e+02 4.831430929992999882e+06 4.635489699709999841e+05
2.809800109999999904e+02 4.831430799987999722e+06 4.635492000119999866e+05
2.809299930000000245e+02 4.831430839995999821e+06 4.635492000119999866e+05
2.808699950000000172e+02 4.831430869994999841e+06 4.635491400150000118e+05
2.810599980000000073e+02 4.831430920013000257e+06 4.635491199950000155e+05
2.811600040000000149e+02 4.831430940001999959e+06 4.635490999760000268e+05
2.811900019999999927e+02 4.831430929992999882e+06 4.635490499880000134e+05
2.809700010000000248e+02 4.831430989989999682e+06 4.635490700070000021e+05
2.811099849999999947e+02 4.831431209990999661e+06 4.635490399779999861e+05
2.811400150000000053e+02 4.831431230011000298e+06 4.635490399779999861e+05
2.811700129999999831e+02 4.831431260010000318e+06 4.635490300290000159e+05
2.812000120000000152e+02 4.831431279999000020e+06 4.635490300290000159e+05
2.808500060000000076e+02 4.831431019988999702e+06 4.635490200199999963e+05
2.808500060000000076e+02 4.831431049987999722e+06 4.635490200199999963e+05
2.808599849999999947e+02 4.831431070007000118e+06 4.635490100100000273e+05
2.809100040000000149e+02 4.831431089995999821e+06 4.635490100100000273e+05
2.809200129999999831e+02 4.831431109985000454e+06 4.635490000000000000e+05
2.809700010000000248e+02 4.831431130005000159e+06 4.635490000000000000e+05
2.809800109999999904e+02 4.831431160004000179e+06 4.635490000000000000e+05
2.811199950000000172e+02 4.831431230011000298e+06 4.635489799800000037e+05
2.803500060000000076e+02 4.831430910004000179e+06 4.635489500119999866e+05
2.811000060000000076e+02 4.831431179992999882e+06 4.635490200199999963e+05
2.804700010000000248e+02 4.831430920013000257e+06 4.635489400020000176e+05
2.803999939999999924e+02 4.831430890014999546e+06 4.635490300290000159e+05
2.804899899999999775e+02 4.831430899993999861e+06 4.635490000000000000e+05
2.805100100000000225e+02 4.831430880005000159e+06 4.635490300290000159e+05
2.806300049999999828e+02 4.831430899993999861e+06 4.635489699709999841e+05
2.808099980000000073e+02 4.831430970000999980e+06 4.635490800169999711e+05
2.809299930000000245e+02 4.831430950012000278e+06 4.635491099849999882e+05
2.812099910000000023e+02 4.831430910004000179e+06 4.635491699830000289e+05
2.812600100000000225e+02 4.831430910004000179e+06 4.635491699830000289e+05
2.812999879999999848e+02 4.831430899993999861e+06 4.635491799929999979e+05
2.809500120000000152e+02 4.831431079986999743e+06 4.635490700070000021e+05
2.803200069999999755e+02 4.831430929992999882e+06 4.635489799800000037e+05
2.803800049999999828e+02 4.831430940001999959e+06 4.635489799800000037e+05
2.804100040000000149e+02 4.831430940001999959e+06 4.635489899899999727e+05
2.806099849999999947e+02 4.831430950012000278e+06 4.635490100100000273e+05
2.806400150000000053e+02 4.831430940001999959e+06 4.635490300290000159e+05
2.807000120000000152e+02 4.831430940001999959e+06 4.635490300290000159e+05
2.807099910000000023e+02 4.831430929992999882e+06 4.635490599979999824e+05
2.810599980000000073e+02 4.831430929992999882e+06 4.635491400150000118e+05
2.810100100000000225e+02 4.831430880005000159e+06 4.635492000119999866e+05
2.811700129999999831e+02 4.831430940001999959e+06 4.635491400150000118e+05
2.811900019999999927e+02 4.831430920013000257e+06 4.635491699830000289e+05
2.812799989999999752e+02 4.831430940001999959e+06 4.635491500239999732e+05
2.812300109999999904e+02 4.831430950012000278e+06 4.635491699830000289e+05
2.812799989999999752e+02 4.831430950012000278e+06 4.635491799929999979e+05
2.804100040000000149e+02 4.831430899993999861e+06 4.635489799800000037e+05
2.805799870000000169e+02 4.831430910004000179e+06 4.635490300290000159e+05
2.806300049999999828e+02 4.831430920013000257e+06 4.635490399779999861e+05
2.803999939999999924e+02 4.831430910004000179e+06 4.635489899899999727e+05
2.805700069999999755e+02 4.831430929992999882e+06 4.635490399779999861e+05
2.806199950000000172e+02 4.831430940001999959e+06 4.635490499880000134e+05
2.811199950000000172e+02 4.831431230011000298e+06 4.635489699709999841e+05
2.812200010000000248e+02 4.831431170013000257e+06 4.635490599979999824e+05
2.810400089999999977e+02 4.831431089995999821e+06 4.635490399779999861e+05
2.806300049999999828e+02 4.831430890014999546e+06 4.635490399779999861e+05
2.812200010000000248e+02 4.831431260010000318e+06 4.635491900020000176e+05
2.812200010000000248e+02 4.831430829986999743e+06 4.635492000119999866e+05
2.810499879999999848e+02 4.831430829986999743e+06 4.635491699830000289e+05
2.803599849999999947e+02 4.831430890014999546e+06 4.635491599730000016e+05
2.807500000000000000e+02 4.831430850006000139e+06 4.635490999760000268e+05
2.807000120000000152e+02 4.831430859985000454e+06 4.635490900269999984e+05
2.806400150000000053e+02 4.831430869994999841e+06 4.635490900269999984e+05
2.803500060000000076e+02 4.831430869994999841e+06 4.635491400150000118e+05
2.808099980000000073e+02 4.831430760010000318e+06 4.635491699830000289e+05
2.807900089999999977e+02 4.831430790009000339e+06 4.635491300049999845e+05
2.807699890000000096e+02 4.831430799987999722e+06 4.635491099849999882e+05
2.807399899999999775e+02 4.831430809998000041e+06 4.635490900269999984e+05
2.806700129999999831e+02 4.831430829986999743e+06 4.635490700070000021e+05
2.805599980000000073e+02 4.831430850006000139e+06 4.635490599979999824e+05
2.805499879999999848e+02 4.831430859985000454e+06 4.635490399779999861e+05
2.807999879999999848e+02 4.831430739989999682e+06 4.635491599730000016e+05
2.807900089999999977e+02 4.831430769988999702e+06 4.635491099849999882e+05
2.807500000000000000e+02 4.831430779999000020e+06 4.635490999760000268e+05
2.806799930000000245e+02 4.831430790009000339e+06 4.635490999760000268e+05
2.806499939999999924e+02 4.831430799987999722e+06 4.635490800169999711e+05
2.806300049999999828e+02 4.831430809998000041e+06 4.635490700070000021e+05
2.805400089999999977e+02 4.831430829986999743e+06 4.635490499880000134e+05
2.805100100000000225e+02 4.831430839995999821e+06 4.635490399779999861e+05
2.805199890000000096e+02 4.831430799987999722e+06 4.635490499880000134e+05
2.804800109999999904e+02 4.831430809998000041e+06 4.635490399779999861e+05
2.804500120000000152e+02 4.831430820007000118e+06 4.635490300290000159e+05
2.804299930000000245e+02 4.831430829986999743e+06 4.635490100100000273e+05
2.803200069999999755e+02 4.831430850006000139e+06 4.635490000000000000e+05
2.805000000000000000e+02 4.831430769988999702e+06 4.635490399779999861e+05
2.804500120000000152e+02 4.831430779999000020e+06 4.635490300290000159e+05
2.804100040000000149e+02 4.831430790009000339e+06 4.635490200199999963e+05
2.803099980000000073e+02 4.831430779999000020e+06 4.635490100100000273e+05
2.811000060000000076e+02 4.831431079986999743e+06 4.635490800169999711e+05
2.809599910000000023e+02 4.831431040009000339e+06 4.635490999760000268e+05
2.808800049999999828e+02 4.831430980011000298e+06 4.635490999760000268e+05
2.810000000000000000e+02 4.831430809998000041e+06 4.635491900020000176e+05
2.809500120000000152e+02 4.831430829986999743e+06 4.635491799929999979e+05
2.809200129999999831e+02 4.831430859985000454e+06 4.635491400150000118e+05
2.807399899999999775e+02 4.831430809998000041e+06 4.635491400150000118e+05
2.805299989999999752e+02 4.831430809998000041e+06 4.635490700070000021e+05
2.805100100000000225e+02 4.831430829986999743e+06 4.635490499880000134e+05
2.804400019999999927e+02 4.831430839995999821e+06 4.635490599979999824e+05
2.803200069999999755e+02 4.831430779999000020e+06 4.635490599979999824e+05
2.803099980000000073e+02 4.831430799987999722e+06 4.635490300290000159e+05
2.803200069999999755e+02 4.831430970000999980e+06 4.635489899899999727e+05
2.803900150000000053e+02 4.831430970000999980e+06 4.635490000000000000e+05
2.804899899999999775e+02 4.831430970000999980e+06 4.635490100100000273e+05
2.805599980000000073e+02 4.831430970000999980e+06 4.635490200199999963e+05
2.806499939999999924e+02 4.831430970000999980e+06 4.635490399779999861e+05
2.807300109999999904e+02 4.831430970000999980e+06 4.635490499880000134e+05
2.807999879999999848e+02 4.831430970000999980e+06 4.635490700070000021e+05
2.809400019999999927e+02 4.831430959990999661e+06 4.635490999760000268e+05
2.810400089999999977e+02 4.831430970000999980e+06 4.635491199950000155e+05
2.811099849999999947e+02 4.831430959990999661e+06 4.635491400150000118e+05
2.804599910000000023e+02 4.831431000000000000e+06 4.635490900269999984e+05
2.809500120000000152e+02 4.831431130005000159e+06 4.635490599979999824e+05
2.810599980000000073e+02 4.831431190001999959e+06 4.635490700070000021e+05
2.809700010000000248e+02 4.831430970000999980e+06 4.635491099849999882e+05
2.810499879999999848e+02 4.831430980011000298e+06 4.635491300049999845e+05
2.811400150000000053e+02 4.831430989989999682e+06 4.635491599730000016e+05
2.804299930000000245e+02 4.831430959990999661e+06 4.635490100100000273e+05
2.806099849999999947e+02 4.831431000000000000e+06 4.635490399779999861e+05
2.808500060000000076e+02 4.831431059998000041e+06 4.635490599979999824e+05
2.810599980000000073e+02 4.831431220000999980e+06 4.635490399779999861e+05
2.811199950000000172e+02 4.831431230011000298e+06 4.635490599979999824e+05
2.812300109999999904e+02 4.831430910004000179e+06 4.635491099849999882e+05
2.808900150000000053e+02 4.831430869994999841e+06 4.635490700070000021e+05
2.807900089999999977e+02 4.831430910004000179e+06 4.635490200199999963e+05
2.804800109999999904e+02 4.831430839995999821e+06 4.635490200199999963e+05
2.805199890000000096e+02 4.831430850006000139e+06 4.635490000000000000e+05
2.805199890000000096e+02 4.831430859985000454e+06 4.635489799800000037e+05
2.804299930000000245e+02 4.831430890014999546e+06 4.635489500119999866e+05
2.807699890000000096e+02 4.831430880005000159e+06 4.635490399779999861e+05
2.806000060000000076e+02 4.831430829986999743e+06 4.635490300290000159e+05
2.806000060000000076e+02 4.831430839995999821e+06 4.635490000000000000e+05
2.804800109999999904e+02 4.831430859985000454e+06 4.635490999760000268e+05
2.811099849999999947e+02 4.831431220000999980e+06 4.635490499880000134e+05
2.808900150000000053e+02 4.831430929992999882e+06 4.635491799929999979e+05
2.806499939999999924e+02 4.831430880005000159e+06 4.635491500239999732e+05
2.805000000000000000e+02 4.831430859985000454e+06 4.635490999760000268e+05
2.808599849999999947e+02 4.831431029999000020e+06 4.635491199950000155e+05
2.804599910000000023e+02 4.831430920013000257e+06 4.635490900269999984e+05
2.805599980000000073e+02 4.831430970000999980e+06 4.635492299800000037e+05
2.809800109999999904e+02 4.831430880005000159e+06 4.635492100220000139e+05
2.809299930000000245e+02 4.831430880005000159e+06 4.635492100220000139e+05
2.808900150000000053e+02 4.831430859985000454e+06 4.635492100220000139e+05
2.812900089999999977e+02 4.831430859985000454e+06 4.635492199709999841e+05
2.812300109999999904e+02 4.831430859985000454e+06 4.635492299800000037e+05
2.811300049999999828e+02 4.831430839995999821e+06 4.635492299800000037e+05
2.812799989999999752e+02 4.831430850006000139e+06 4.635492999880000134e+05
2.812300109999999904e+02 4.831430839995999821e+06 4.635493099979999824e+05
2.809400019999999927e+02 4.831430730011000298e+06 4.635493499760000268e+05
2.810199890000000096e+02 4.831430730011000298e+06 4.635494299929999979e+05
2.810000000000000000e+02 4.831430700012000278e+06 4.635494099730000016e+05
2.809800109999999904e+02 4.831430679992999882e+06 4.635494000239999732e+05
2.809800109999999904e+02 4.831430720000999980e+06 4.635494199830000289e+05
2.811199950000000172e+02 4.831430690001999959e+06 4.635494899899999727e+05
2.810799870000000169e+02 4.831430690001999959e+06 4.635494799800000037e+05
2.812300109999999904e+02 4.831430869994999841e+06 4.635492600100000273e+05
2.811600040000000149e+02 4.831430880005000159e+06 4.635492600100000273e+05
2.811400150000000053e+02 4.831430859985000454e+06 4.635492399899999727e+05
2.810400089999999977e+02 4.831430899993999861e+06 4.635492399899999727e+05
2.810199890000000096e+02 4.831430880005000159e+06 4.635492299800000037e+05
2.809599910000000023e+02 4.831430880005000159e+06 4.635492199709999841e+05
2.809200129999999831e+02 4.831430880005000159e+06 4.635492100220000139e+05
2.809400019999999927e+02 4.831430779999000020e+06 4.635493499760000268e+05
2.809700010000000248e+02 4.831430739989999682e+06 4.635494000239999732e+05
2.809400019999999927e+02 4.831430720000999980e+06 4.635493900150000118e+05
2.810700069999999755e+02 4.831430690001999959e+06 4.635494600220000139e+05
2.810100100000000225e+02 4.831430700012000278e+06 4.635494600220000139e+05
2.810799870000000169e+02 4.831430670013000257e+06 4.635495200199999963e+05
2.811199950000000172e+02 4.831430720000999980e+06 4.635494099730000016e+05
2.809599910000000023e+02 4.831430779999000020e+06 4.635492700199999963e+05
2.809400019999999927e+02 4.831430809998000041e+06 4.635492800290000159e+05
2.811099849999999947e+02 4.831430899993999861e+06 4.635492100220000139e+05
2.811900019999999927e+02 4.831430899993999861e+06 4.635492100220000139e+05
2.812999879999999848e+02 4.831430910004000179e+06 4.635492100220000139e+05
2.811600040000000149e+02 4.831430670013000257e+06 4.635494099730000016e+05
2.811700129999999831e+02 4.831430690001999959e+06 4.635494199830000289e+05
2.811199950000000172e+02 4.831430690001999959e+06 4.635493599849999882e+05
2.811300049999999828e+02 4.831430709990999661e+06 4.635493800049999845e+05
2.811600040000000149e+02 4.831430679992999882e+06 4.635494299929999979e+05
2.811199950000000172e+02 4.831430700012000278e+06 4.635493800049999845e+05
2.810499879999999848e+02 4.831430709990999661e+06 4.635493499760000268e+05
2.810599980000000073e+02 4.831430690001999959e+06 4.635493300169999711e+05
2.811700129999999831e+02 4.831430649993999861e+06 4.635494299929999979e+05
2.808999939999999924e+02 4.831430790009000339e+06 4.635492199709999841e+05
2.810499879999999848e+02 4.831430750000000000e+06 4.635493400269999984e+05
2.812900089999999977e+02 4.831430880005000159e+06 4.635492199709999841e+05
2.808599849999999947e+02 4.831430829986999743e+06 4.635492399899999727e+05
2.808800049999999828e+02 4.831430799987999722e+06 4.635492299800000037e+05
2.809800109999999904e+02 4.831430769988999702e+06 4.635493099979999824e+05
2.811300049999999828e+02 4.831430739989999682e+06 4.635493800049999845e+05
2.810599980000000073e+02 4.831430760010000318e+06 4.635493099979999824e+05
2.810799870000000169e+02 4.831430790009000339e+06 4.635493300169999711e+05
2.809599910000000023e+02 4.831430820007000118e+06 4.635492199709999841e+05
2.809200129999999831e+02 4.831430820007000118e+06 4.635492199709999841e+05
2.810199890000000096e+02 4.831430829986999743e+06 4.635492100220000139e+05
2.810199890000000096e+02 4.831430769988999702e+06 4.635492999880000134e+05
2.811300049999999828e+02 4.831430739989999682e+06 4.635494000239999732e+05
2.811400150000000053e+02 4.831430720000999980e+06 4.635494000239999732e+05
2.808999939999999924e+02 4.831430850006000139e+06 4.635492199709999841e+05
2.809400019999999927e+02 4.831430839995999821e+06 4.635492199709999841e+05
2.809400019999999927e+02 4.831430839995999821e+06 4.635492700199999963e+05
2.809800109999999904e+02 4.831430820007000118e+06 4.635492700199999963e+05
2.810700069999999755e+02 4.831430809998000041e+06 4.635493400269999984e+05
2.810599980000000073e+02 4.831430779999000020e+06 4.635493200070000021e+05
2.809400019999999927e+02 4.831430839995999821e+06 4.635492700199999963e+05
2.809100040000000149e+02 4.831430850006000139e+06 4.635492800290000159e+05
2.808800049999999828e+02 4.831430880005000159e+06 4.635492199709999841e+05
2.808500060000000076e+02 4.831430890014999546e+06 4.635492299800000037e+05
2.809200129999999831e+02 4.831430850006000139e+06 4.635492100220000139e+05
2.809200129999999831e+02 4.831430880005000159e+06 4.635492299800000037e+05
2.811000060000000076e+02 4.831430760010000318e+06 4.635493300169999711e+05
2.809299930000000245e+02 4.831430829986999743e+06 4.635492299800000037e+05
2.809500120000000152e+02 4.831430809998000041e+06 4.635492199709999841e+05
2.810000000000000000e+02 4.831430799987999722e+06 4.635492800290000159e+05
2.810599980000000073e+02 4.831430779999000020e+06 4.635493400269999984e+05
2.811199950000000172e+02 4.831430790009000339e+06 4.635493499760000268e+05
2.812300109999999904e+02 4.831430959990999661e+06 4.635492199709999841e+05
2.808500060000000076e+02 4.831430869994999841e+06 4.635492100220000139e+05
2.808900150000000053e+02 4.831430850006000139e+06 4.635492100220000139e+05
2.809700010000000248e+02 4.831430829986999743e+06 4.635492800290000159e+05
2.810499879999999848e+02 4.831430779999000020e+06 4.635492800290000159e+05
2.810499879999999848e+02 4.831430809998000041e+06 4.635492800290000159e+05
2.809800109999999904e+02 4.831430799987999722e+06 4.635492399899999727e+05
2.809599910000000023e+02 4.831430829986999743e+06 4.635492399899999727e+05
2.810899959999999851e+02 4.831430779999000020e+06 4.635493099979999824e+05
2.812799989999999752e+02 4.831430880005000159e+06 4.635492800290000159e+05
2.812699890000000096e+02 4.831430850006000139e+06 4.635492199709999841e+05
2.808999939999999924e+02 4.831430709990999661e+06 4.635492500000000000e+05
2.812000120000000152e+02 4.831430839995999821e+06 4.635492199709999841e+05
2.811600040000000149e+02 4.831430850006000139e+06 4.635492199709999841e+05
2.811000060000000076e+02 4.831430869994999841e+06 4.635492199709999841e+05
2.810599980000000073e+02 4.831430880005000159e+06 4.635492100220000139e+05
2.810499879999999848e+02 4.831430790009000339e+06 4.635492999880000134e+05
2.810499879999999848e+02 4.831430769988999702e+06 4.635493499760000268e+05
2.811099849999999947e+02 4.831430750000000000e+06 4.635493599849999882e+05
2.811400150000000053e+02 4.831430739989999682e+06 4.635493800049999845e+05
2.808999939999999924e+02 4.831430890014999546e+06 4.635492100220000139e+05
2.810799870000000169e+02 4.831430760010000318e+06 4.635492999880000134e+05
2.810100100000000225e+02 4.831430799987999722e+06 4.635492199709999841e+05
2.809899899999999775e+02 4.831430700012000278e+06 4.635492399899999727e+05
2.809500120000000152e+02 4.831430720000999980e+06 4.635492199709999841e+05
2.808800049999999828e+02 4.831430820007000118e+06 4.635492800290000159e+05
2.811499939999999924e+02 4.831430700012000278e+06 4.635494799800000037e+05
2.810899959999999851e+02 4.831430750000000000e+06 4.635494099730000016e+05
2.812099910000000023e+02 4.831430920013000257e+06 4.635492399899999727e+05
2.811400150000000053e+02 4.831430899993999861e+06 4.635492299800000037e+05
2.811000060000000076e+02 4.831430890014999546e+06 4.635492299800000037e+05
2.808900150000000053e+02 4.831430809998000041e+06 4.635492700199999963e+05
2.808900150000000053e+02 4.831430910004000179e+06 4.635492199709999841e+05
