2.812000120000000152e+02 4.831430410004000179e+06 4.635477500000000000e+05
2.813200069999999755e+02 4.831430429992999882e+06 4.635477199709999841e+05
2.813900150000000053e+02 4.831430429992999882e+06 4.635477299800000037e+05
2.814100040000000149e+02 4.831430410004000179e+06 4.635477100220000139e+05
2.814100040000000149e+02 4.831430450012000278e+06 4.635476900020000176e+05
2.816900019999999927e+02 4.831430670013000257e+06 4.635475100100000273e+05
2.808200069999999755e+02 4.831430910004000179e+06 4.635478800049999845e+05
2.808599849999999947e+02 4.831430920013000257e+06 4.635478800049999845e+05
2.808399959999999851e+02 4.831430899993999861e+06 4.635478900150000118e+05
2.816600040000000149e+02 4.831430670013000257e+06 4.635475200199999963e+05
2.808999939999999924e+02 4.831430910004000179e+06 4.635478499760000268e+05
2.808099980000000073e+02 4.831430890014999546e+06 4.635478400269999984e+05
2.809400019999999927e+02 4.831430850006000139e+06 4.635478599849999882e+05
2.809100040000000149e+02 4.831430890014999546e+06 4.635478499760000268e+05
2.808699950000000172e+02 4.831430880005000159e+06 4.635478699950000155e+05
2.808900150000000053e+02 4.831430859985000454e+06 4.635478699950000155e+05
2.808900150000000053e+02 4.831430869994999841e+06 4.635478499760000268e+05
2.808900150000000053e+02 4.831430859985000454e+06 4.635478599849999882e+05
2.808800049999999828e+02 4.831430859985000454e+06 4.635478499760000268e+05
2.808800049999999828e+02 4.831430850006000139e+06 4.635478499760000268e+05
2.809100040000000149e+02 4.831430839995999821e+06 4.635478400269999984e+05
2.810199890000000096e+02 4.831430790009000339e+06 4.635477500000000000e+05
2.808599849999999947e+02 4.831429959990999661e+06 4.635480100100000273e+05
2.808200069999999755e+02 4.831430320007000118e+06 4.635480300290000159e+05
2.811799930000000245e+02 4.831430369994999841e+06 4.635479899899999727e+05
2.811499939999999924e+02 4.831430359985000454e+06 4.635480599979999824e+05
2.811799930000000245e+02 4.831430369994999841e+06 4.635480700070000021e+05
2.813099980000000073e+02 4.831430359985000454e+06 4.635480399779999861e+05
2.813699950000000172e+02 4.831430359985000454e+06 4.635480300290000159e+05
2.814200129999999831e+02 4.831430369994999841e+06 4.635480200199999963e+05
2.814899899999999775e+02 4.831430369994999841e+06 4.635480100100000273e+05
2.810400089999999977e+02 4.831430369994999841e+06 4.635480100100000273e+05
2.811099849999999947e+02 4.831430359985000454e+06 4.635479899899999727e+05
2.811400150000000053e+02 4.831430369994999841e+06 4.635479899899999727e+05
2.811799930000000245e+02 4.831430380005000159e+06 4.635479899899999727e+05
2.812300109999999904e+02 4.831430390014999546e+06 4.635479899899999727e+05
2.812699890000000096e+02 4.831430399993999861e+06 4.635479899899999727e+05
2.813299870000000169e+02 4.831430399993999861e+06 4.635479799800000037e+05
2.813599849999999947e+02 4.831430410004000179e+06 4.635479799800000037e+05
2.812900089999999977e+02 4.831430399993999861e+06 4.635478400269999984e+05
2.812500000000000000e+02 4.831430380005000159e+06 4.635478400269999984e+05
2.813200069999999755e+02 4.831430369994999841e+06 4.635478300169999711e+05
2.808399959999999851e+02 4.831429940001999959e+06 4.635480100100000273e+05
2.817200010000000248e+02 4.831430359985000454e+06 4.635479899899999727e+05
2.815000000000000000e+02 4.831430350006000139e+06 4.635480000000000000e+05
2.815499879999999848e+02 4.831430359985000454e+06 4.635479899899999727e+05
2.816000060000000076e+02 4.831430359985000454e+06 4.635479699709999841e+05
2.811799930000000245e+02 4.831430359985000454e+06 4.635480499880000134e+05
2.812099910000000023e+02 4.831430369994999841e+06 4.635480499880000134e+05
2.812999879999999848e+02 4.831430359985000454e+06 4.635480100100000273e+05
2.813699950000000172e+02 4.831430359985000454e+06 4.635479899899999727e+05
2.814200129999999831e+02 4.831430359985000454e+06 4.635479799800000037e+05
2.814700010000000248e+02 4.831430369994999841e+06 4.635479699709999841e+05
2.811300049999999828e+02 4.831430339995999821e+06 4.635480000000000000e+05
2.811900019999999927e+02 4.831430339995999821e+06 4.635479799800000037e+05
2.812399899999999775e+02 4.831430350006000139e+06 4.635479699709999841e+05
2.812900089999999977e+02 4.831430359985000454e+06 4.635479699709999841e+05
2.813599849999999947e+02 4.831430359985000454e+06 4.635479400020000176e+05
2.813800049999999828e+02 4.831430399993999861e+06 4.635479600220000139e+05
2.814200129999999831e+02 4.831430410004000179e+06 4.635479600220000139e+05
2.811900019999999927e+02 4.831430339995999821e+06 4.635479299929999979e+05
2.812099910000000023e+02 4.831430369994999841e+06 4.635479400020000176e+05
2.813800049999999828e+02 4.831430290009000339e+06 4.635478499760000268e+05
2.813599849999999947e+02 4.831430380005000159e+06 4.635480499880000134e+05
2.812999879999999848e+02 4.831430369994999841e+06 4.635480599979999824e+05
2.812699890000000096e+02 4.831430359985000454e+06 4.635480499880000134e+05
2.812099910000000023e+02 4.831430350006000139e+06 4.635480499880000134e+05
2.811600040000000149e+02 4.831430350006000139e+06 4.635480599979999824e+05
2.811400150000000053e+02 4.831430329986999743e+06 4.635480399779999861e+05
2.817099910000000023e+02 4.831430309998000041e+06 4.635480300290000159e+05
2.816300049999999828e+02 4.831430329986999743e+06 4.635480499880000134e+05
2.816000060000000076e+02 4.831430309998000041e+06 4.635480399779999861e+05
2.815400089999999977e+02 4.831430309998000041e+06 4.635480499880000134e+05
2.814500120000000152e+02 4.831430320007000118e+06 4.635480700070000021e+05
2.813800049999999828e+02 4.831430320007000118e+06 4.635480800169999711e+05
2.813299870000000169e+02 4.831430320007000118e+06 4.635480900269999984e+05
2.812600100000000225e+02 4.831430320007000118e+06 4.635480999760000268e+05
2.812000120000000152e+02 4.831430309998000041e+06 4.635480999760000268e+05
2.808399959999999851e+02 4.831430049987999722e+06 4.635479500119999866e+05
2.814500120000000152e+02 4.831430359985000454e+06 4.635477999880000134e+05
2.813999939999999924e+02 4.831430380005000159e+06 4.635478400269999984e+05
2.813699950000000172e+02 4.831430369994999841e+06 4.635478300169999711e+05
2.813999939999999924e+02 4.831430359985000454e+06 4.635478499760000268e+05
2.815400089999999977e+02 4.831430239989999682e+06 4.635477800290000159e+05
2.812999879999999848e+02 4.831430350006000139e+06 4.635478900150000118e+05
2.811799930000000245e+02 4.831430359985000454e+06 4.635479799800000037e+05
2.813299870000000169e+02 4.831430350006000139e+06 4.635480599979999824e+05
2.811499939999999924e+02 4.831430359985000454e+06 4.635480700070000021e+05
2.813800049999999828e+02 4.831430329986999743e+06 4.635480999760000268e+05
2.813200069999999755e+02 4.831430329986999743e+06 4.635480900269999984e+05
2.812500000000000000e+02 4.831430339995999821e+06 4.635480999760000268e+05
2.812099910000000023e+02 4.831430329986999743e+06 4.635480900269999984e+05
2.808599849999999947e+02 4.831429989989999682e+06 4.635480399779999861e+05
2.814599910000000023e+02 4.831430410004000179e+06 4.635477899779999861e+05
2.814400019999999927e+02 4.831430380005000159e+06 4.635477700199999963e+05
2.812999879999999848e+02 4.831430380005000159e+06 4.635478699950000155e+05
2.817099910000000023e+02 4.831430329986999743e+06 4.635480599979999824e+05
2.816600040000000149e+02 4.831430329986999743e+06 4.635480499880000134e+05
2.815899959999999851e+02 4.831430320007000118e+06 4.635480900269999984e+05
2.814899899999999775e+02 4.831430359985000454e+06 4.635480900269999984e+05
2.814700010000000248e+02 4.831430339995999821e+06 4.635480800169999711e+05
2.813599849999999947e+02 4.831430380005000159e+06 4.635480300290000159e+05
2.813599849999999947e+02 4.831430369994999841e+06 4.635480200199999963e+05
2.813800049999999828e+02 4.831430380005000159e+06 4.635480200199999963e+05
2.814800109999999904e+02 4.831430369994999841e+06 4.635480200199999963e+05
2.813500060000000076e+02 4.831430390014999546e+06 4.635480399779999861e+05
2.811900019999999927e+02 4.831430369994999841e+06 4.635480100100000273e+05
2.813800049999999828e+02 4.831430369994999841e+06 4.635480200199999963e+05
2.812399899999999775e+02 4.831430380005000159e+06 4.635479699709999841e+05
2.812699890000000096e+02 4.831430390014999546e+06 4.635479799800000037e+05
2.813500060000000076e+02 4.831430390014999546e+06 4.635479799800000037e+05
2.814100040000000149e+02 4.831430380005000159e+06 4.635479799800000037e+05
2.815000000000000000e+02 4.831430380005000159e+06 4.635479799800000037e+05
2.817000120000000152e+02 4.831430329986999743e+06 4.635479600220000139e+05
2.815700069999999755e+02 4.831430350006000139e+06 4.635479899899999727e+05
2.816300049999999828e+02 4.831430359985000454e+06 4.635479799800000037e+05
2.813599849999999947e+02 4.831430359985000454e+06 4.635479400020000176e+05
2.813999939999999924e+02 4.831430380005000159e+06 4.635479400020000176e+05
2.814500120000000152e+02 4.831430390014999546e+06 4.635479400020000176e+05
2.814899899999999775e+02 4.831430410004000179e+06 4.635479500119999866e+05
2.817099910000000023e+02 4.831430440001999959e+06 4.635479299929999979e+05
2.808200069999999755e+02 4.831429940001999959e+06 4.635479799800000037e+05
2.816499939999999924e+02 4.831430350006000139e+06 4.635479299929999979e+05
2.817200010000000248e+02 4.831430369994999841e+06 4.635479099730000016e+05
2.814700010000000248e+02 4.831430350006000139e+06 4.635479400020000176e+05
2.815100100000000225e+02 4.831430369994999841e+06 4.635479400020000176e+05
2.815100100000000225e+02 4.831430390014999546e+06 4.635479299929999979e+05
2.810899959999999851e+02 4.831430350006000139e+06 4.635479500119999866e+05
2.811700129999999831e+02 4.831430390014999546e+06 4.635480499880000134e+05
2.814500120000000152e+02 4.831430339995999821e+06 4.635479899899999727e+05
2.813699950000000172e+02 4.831430399993999861e+06 4.635477500000000000e+05
2.812900089999999977e+02 4.831430410004000179e+06 4.635478099979999824e+05
2.813200069999999755e+02 4.831430380005000159e+06 4.635477999880000134e+05
2.812600100000000225e+02 4.831430380005000159e+06 4.635478699950000155e+05
2.811499939999999924e+02 4.831430390014999546e+06 4.635479299929999979e+05
2.811799930000000245e+02 4.831430399993999861e+06 4.635480300290000159e+05
2.812000120000000152e+02 4.831430369994999841e+06 4.635480200199999963e+05
2.810299989999999752e+02 4.831429940001999959e+06 4.635479799800000037e+05
2.810899959999999851e+02 4.831430380005000159e+06 4.635478200070000021e+05
2.809700010000000248e+02 4.831429940001999959e+06 4.635479500119999866e+05
2.808099980000000073e+02 4.831430000000000000e+06 4.635479299929999979e+05
2.811900019999999927e+02 4.831430410004000179e+06 4.635478200070000021e+05
2.808999939999999924e+02 4.831429929992999882e+06 4.635479799800000037e+05
2.809100040000000149e+02 4.831429929992999882e+06 4.635479899899999727e+05
2.810299989999999752e+02 4.831429929992999882e+06 4.635480100100000273e+05
2.816400150000000053e+02 4.831430420013000257e+06 4.635479299929999979e+05
2.808099980000000073e+02 4.831429959990999661e+06 4.635479500119999866e+05
2.808399959999999851e+02 4.831429970000999980e+06 4.635479699709999841e+05
2.808399959999999851e+02 4.831429929992999882e+06 4.635479500119999866e+05
2.808299870000000169e+02 4.831429959990999661e+06 4.635479799800000037e+05
2.808900150000000053e+02 4.831429950012000278e+06 4.635479699709999841e+05
2.808800049999999828e+02 4.831429959990999661e+06 4.635479899899999727e+05
2.808900150000000053e+02 4.831429940001999959e+06 4.635479799800000037e+05
2.808699950000000172e+02 4.831429929992999882e+06 4.635480000000000000e+05
2.813500060000000076e+02 4.831430410004000179e+06 4.635477600100000273e+05
2.813099980000000073e+02 4.831430429992999882e+06 4.635478300169999711e+05
2.812699890000000096e+02 4.831430390014999546e+06 4.635477999880000134e+05
2.810799870000000169e+02 4.831430440001999959e+06 4.635478699950000155e+05
2.812200010000000248e+02 4.831430410004000179e+06 4.635478599849999882e+05
2.817600100000000225e+02 4.831430440001999959e+06 4.635479000239999732e+05
2.817900089999999977e+02 4.831430429992999882e+06 4.635478900150000118e+05
2.812300109999999904e+02 4.831430420013000257e+06 4.635479199830000289e+05
2.817399899999999775e+02 4.831430459990999661e+06 4.635479600220000139e+05
2.810799870000000169e+02 4.831430459990999661e+06 4.635479899899999727e+05
2.814700010000000248e+02 4.831430450012000278e+06 4.635480000000000000e+05
2.815599980000000073e+02 4.831430429992999882e+06 4.635480000000000000e+05
2.810899959999999851e+02 4.831430320007000118e+06 4.635479600220000139e+05
2.808299870000000169e+02 4.831429959990999661e+06 4.635479899899999727e+05
2.809500120000000152e+02 4.831429929992999882e+06 4.635480300290000159e+05
2.810799870000000169e+02 4.831430450012000278e+06 4.635480499880000134e+05
2.817799989999999752e+02 4.831430450012000278e+06 4.635479199830000289e+05
2.809899899999999775e+02 4.831429929992999882e+06 4.635480000000000000e+05
2.809599910000000023e+02 4.831429940001999959e+06 4.635480100100000273e+05
2.814700010000000248e+02 4.831430459990999661e+06 4.635480100100000273e+05
2.812999879999999848e+02 4.831430450012000278e+06 4.635479400020000176e+05
2.811199950000000172e+02 4.831430410004000179e+06 4.635480300290000159e+05
2.810299989999999752e+02 4.831430459990999661e+06 4.635479899899999727e+05
2.812300109999999904e+02 4.831430429992999882e+06 4.635478200070000021e+05
2.810299989999999752e+02 4.831430440001999959e+06 4.635479299929999979e+05
2.810700069999999755e+02 4.831430440001999959e+06 4.635479299929999979e+05
2.812399899999999775e+02 4.831430440001999959e+06 4.635479799800000037e+05
2.811499939999999924e+02 4.831430399993999861e+06 4.635480100100000273e+05
2.814599910000000023e+02 4.831430390014999546e+06 4.635479099730000016e+05
2.815599980000000073e+02 4.831430410004000179e+06 4.635478800049999845e+05
2.813399959999999851e+02 4.831430410004000179e+06 4.635478699950000155e+05
2.812699890000000096e+02 4.831430429992999882e+06 4.635479699709999841e+05
2.813099980000000073e+02 4.831430420013000257e+06 4.635479799800000037e+05
2.813699950000000172e+02 4.831430420013000257e+06 4.635479699709999841e+05
2.814400019999999927e+02 4.831430420013000257e+06 4.635479699709999841e+05
2.810299989999999752e+02 4.831429929992999882e+06 4.635479699709999841e+05
2.816900019999999927e+02 4.831430450012000278e+06 4.635478800049999845e+05
2.811199950000000172e+02 4.831430440001999959e+06 4.635479500119999866e+05
2.812200010000000248e+02 4.831430440001999959e+06 4.635479600220000139e+05
2.812900089999999977e+02 4.831430450012000278e+06 4.635479600220000139e+05
2.813500060000000076e+02 4.831430459990999661e+06 4.635479600220000139e+05
2.813999939999999924e+02 4.831430459990999661e+06 4.635479699709999841e+05
2.814400019999999927e+02 4.831430459990999661e+06 4.635479799800000037e+05
2.814899899999999775e+02 4.831430459990999661e+06 4.635479799800000037e+05
2.811199950000000172e+02 4.831430290009000339e+06 4.635478400269999984e+05
2.811199950000000172e+02 4.831430269988999702e+06 4.635478699950000155e+05
2.816400150000000053e+02 4.831430380005000159e+06 4.635479299929999979e+05
2.811799930000000245e+02 4.831430350006000139e+06 4.635479699709999841e+05
2.812699890000000096e+02 4.831430390014999546e+06 4.635479500119999866e+05
2.813500060000000076e+02 4.831430410004000179e+06 4.635479500119999866e+05
2.813999939999999924e+02 4.831430420013000257e+06 4.635479600220000139e+05
2.814500120000000152e+02 4.831430429992999882e+06 4.635479699709999841e+05
2.808500060000000076e+02 4.831430410004000179e+06 4.635479400020000176e+05
2.810499879999999848e+02 4.831430429992999882e+06 4.635479799800000037e+05
2.810799870000000169e+02 4.831430429992999882e+06 4.635480000000000000e+05
2.811300049999999828e+02 4.831430429992999882e+06 4.635480100100000273e+05
2.811600040000000149e+02 4.831430399993999861e+06 4.635480700070000021e+05
2.812000120000000152e+02 4.831430399993999861e+06 4.635480800169999711e+05
2.811900019999999927e+02 4.831430369994999841e+06 4.635479299929999979e+05
2.811199950000000172e+02 4.831430359985000454e+06 4.635479299929999979e+05
2.808200069999999755e+02 4.831429950012000278e+06 4.635479600220000139e+05
2.812200010000000248e+02 4.831430339995999821e+06 4.635480999760000268e+05
2.814200129999999831e+02 4.831430339995999821e+06 4.635480000000000000e+05
2.812799989999999752e+02 4.831430309998000041e+06 4.635479699709999841e+05
2.812699890000000096e+02 4.831430320007000118e+06 4.635479500119999866e+05
2.810899959999999851e+02 4.831430320007000118e+06 4.635479799800000037e+05
2.813099980000000073e+02 4.831430359985000454e+06 4.635477700199999963e+05
2.812000120000000152e+02 4.831430450012000278e+06 4.635478099979999824e+05
2.813099980000000073e+02 4.831430440001999959e+06 4.635478099979999824e+05
2.808500060000000076e+02 4.831430459990999661e+06 4.635479400020000176e+05
2.811199950000000172e+02 4.831430440001999959e+06 4.635479400020000176e+05
2.811600040000000149e+02 4.831430429992999882e+06 4.635479500119999866e+05
2.812600100000000225e+02 4.831430420013000257e+06 4.635479600220000139e+05
2.813099980000000073e+02 4.831430399993999861e+06 4.635479699709999841e+05
2.813200069999999755e+02 4.831430390014999546e+06 4.635480900269999984e+05
2.812099910000000023e+02 4.831430369994999841e+06 4.635480700070000021e+05
2.812200010000000248e+02 4.831430380005000159e+06 4.635480499880000134e+05
2.815299989999999752e+02 4.831430329986999743e+06 4.635479699709999841e+05
2.817900089999999977e+02 4.831430290009000339e+06 4.635479099730000016e+05
2.811799930000000245e+02 4.831430329986999743e+06 4.635479799800000037e+05
2.812099910000000023e+02 4.831430329986999743e+06 4.635479600220000139e+05
2.812799989999999752e+02 4.831430339995999821e+06 4.635479099730000016e+05
2.808099980000000073e+02 4.831430170013000257e+06 4.635480200199999963e+05
2.813699950000000172e+02 4.831430410004000179e+06 4.635477600100000273e+05
2.813399959999999851e+02 4.831430390014999546e+06 4.635477999880000134e+05
2.813099980000000073e+02 4.831430380005000159e+06 4.635478200070000021e+05
2.812699890000000096e+02 4.831430380005000159e+06 4.635478400269999984e+05
2.812399899999999775e+02 4.831430359985000454e+06 4.635478599849999882e+05
2.812000120000000152e+02 4.831430390014999546e+06 4.635479000239999732e+05
2.811900019999999927e+02 4.831430380005000159e+06 4.635479199830000289e+05
2.811700129999999831e+02 4.831430369994999841e+06 4.635479400020000176e+05
2.811600040000000149e+02 4.831430350006000139e+06 4.635479600220000139e+05
2.811199950000000172e+02 4.831430350006000139e+06 4.635479799800000037e+05
2.815100100000000225e+02 4.831430350006000139e+06 4.635479899899999727e+05
2.813800049999999828e+02 4.831430369994999841e+06 4.635479799800000037e+05
2.813599849999999947e+02 4.831430359985000454e+06 4.635479899899999727e+05
2.812900089999999977e+02 4.831430359985000454e+06 4.635480000000000000e+05
2.812399899999999775e+02 4.831430359985000454e+06 4.635480100100000273e+05
2.812099910000000023e+02 4.831430350006000139e+06 4.635480300290000159e+05
2.815400089999999977e+02 4.831430359985000454e+06 4.635480300290000159e+05
2.814500120000000152e+02 4.831430369994999841e+06 4.635480300290000159e+05
2.813699950000000172e+02 4.831430380005000159e+06 4.635480300290000159e+05
2.811900019999999927e+02 4.831430380005000159e+06 4.635480499880000134e+05
2.816700129999999831e+02 4.831430329986999743e+06 4.635480300290000159e+05
2.817000120000000152e+02 4.831430359985000454e+06 4.635480900269999984e+05
2.816300049999999828e+02 4.831430359985000454e+06 4.635480900269999984e+05
2.814599910000000023e+02 4.831430350006000139e+06 4.635480700070000021e+05
2.813699950000000172e+02 4.831430339995999821e+06 4.635480599979999824e+05
2.812900089999999977e+02 4.831430399993999861e+06 4.635480399779999861e+05
2.811700129999999831e+02 4.831430380005000159e+06 4.635480499880000134e+05
2.814700010000000248e+02 4.831430410004000179e+06 4.635480200199999963e+05
2.814299930000000245e+02 4.831430380005000159e+06 4.635480599979999824e+05
2.813599849999999947e+02 4.831430359985000454e+06 4.635480499880000134e+05
2.808900150000000053e+02 4.831430920013000257e+06 4.635479299929999979e+05
2.811300049999999828e+02 4.831430519988999702e+06 4.635479299929999979e+05
2.808699950000000172e+02 4.831430890014999546e+06 4.635479000239999732e+05
2.809599910000000023e+02 4.831430869994999841e+06 4.635478699950000155e+05
2.810000000000000000e+02 4.831430920013000257e+06 4.635478900150000118e+05
2.808800049999999828e+02 4.831430880005000159e+06 4.635479099730000016e+05
2.809599910000000023e+02 4.831430869994999841e+06 4.635478900150000118e+05
2.810199890000000096e+02 4.831430920013000257e+06 4.635478800049999845e+05
2.808200069999999755e+02 4.831430529999000020e+06 4.635479500119999866e+05
2.808200069999999755e+02 4.831430529999000020e+06 4.635479699709999841e+05
2.810700069999999755e+02 4.831430470000999980e+06 4.635479400020000176e+05
2.808800049999999828e+02 4.831430470000999980e+06 4.635479299929999979e+05
2.811900019999999927e+02 4.831430470000999980e+06 4.635480000000000000e+05
2.814100040000000149e+02 4.831430489989999682e+06 4.635480200199999963e+05
2.812799989999999752e+02 4.831430470000999980e+06 4.635480599979999824e+05
2.814599910000000023e+02 4.831430480011000298e+06 4.635480800169999711e+05
2.814500120000000152e+02 4.831430470000999980e+06 4.635480200199999963e+05
2.813599849999999947e+02 4.831430559998000041e+06 4.635480000000000000e+05
2.811300049999999828e+02 4.831430470000999980e+06 4.635479799800000037e+05
2.812200010000000248e+02 4.831430500000000000e+06 4.635479600220000139e+05
2.811600040000000149e+02 4.831430500000000000e+06 4.635479699709999841e+05
2.810700069999999755e+02 4.831430470000999980e+06 4.635479799800000037e+05
2.809800109999999904e+02 4.831430489989999682e+06 4.635479199830000289e+05
2.808200069999999755e+02 4.831430920013000257e+06 4.635479099730000016e+05
2.808800049999999828e+02 4.831430920013000257e+06 4.635479000239999732e+05
2.810599980000000073e+02 4.831430470000999980e+06 4.635478800049999845e+05
2.814400019999999927e+02 4.831430500000000000e+06 4.635480900269999984e+05
2.808299870000000169e+02 4.831430529999000020e+06 4.635479600220000139e+05
2.808999939999999924e+02 4.831430880005000159e+06 4.635478900150000118e+05
2.810599980000000073e+02 4.831430489989999682e+06 4.635479899899999727e+05
2.812999879999999848e+02 4.831430480011000298e+06 4.635479600220000139e+05
2.812200010000000248e+02 4.831430920013000257e+06 4.635479199830000289e+05
2.815199890000000096e+02 4.831430480011000298e+06 4.635480399779999861e+05
2.808200069999999755e+02 4.831430920013000257e+06 4.635479500119999866e+05
2.809700010000000248e+02 4.831430839995999821e+06 4.635479099730000016e+05
