2.781799930000000245e+02 4.831431230011000298e+06 4.635461099849999882e+05
2.781099849999999947e+02 4.831431140014999546e+06 4.635461199950000155e+05
2.781499939999999924e+02 4.831431160004000179e+06 4.635461300049999845e+05
2.781199950000000172e+02 4.831431200012000278e+06 4.635461099849999882e+05
2.781099849999999947e+02 4.831431209990999661e+06 4.635461099849999882e+05
2.781000060000000076e+02 4.831431190001999959e+06 4.635461099849999882e+05
2.781000060000000076e+02 4.831431190001999959e+06 4.635461300049999845e+05
2.781000060000000076e+02 4.831431209990999661e+06 4.635461099849999882e+05
2.785499879999999848e+02 4.831431140014999546e+06 4.635461199950000155e+05
2.780400089999999977e+02 4.831431179992999882e+06 4.635461099849999882e+05
2.781300049999999828e+02 4.831431209990999661e+06 4.635461199950000155e+05
2.780700069999999755e+02 4.831431059998000041e+06 4.635462899779999861e+05
2.787200010000000248e+02 4.831430950012000278e+06 4.635465900269999984e+05
2.787900089999999977e+02 4.831430940001999959e+06 4.635465800169999711e+05
2.784599910000000023e+02 4.831431059998000041e+06 4.635462899779999861e+05
2.787300109999999904e+02 4.831430929992999882e+06 4.635466099849999882e+05
2.787500000000000000e+02 4.831430959990999661e+06 4.635465599979999824e+05
2.787799989999999752e+02 4.831430989989999682e+06 4.635465700070000021e+05
2.783099980000000073e+02 4.831430950012000278e+06 4.635463499760000268e+05
2.785199890000000096e+02 4.831430940001999959e+06 4.635462600100000273e+05
2.784400019999999927e+02 4.831431059998000041e+06 4.635462600100000273e+05
2.784800109999999904e+02 4.831431079986999743e+06 4.635462600100000273e+05
2.787399899999999775e+02 4.831430940001999959e+06 4.635465900269999984e+05
2.787900089999999977e+02 4.831430950012000278e+06 4.635465800169999711e+05
2.787200010000000248e+02 4.831430940001999959e+06 4.635465599979999824e+05
2.787600100000000225e+02 4.831430959990999661e+06 4.635465599979999824e+05
2.787999879999999848e+02 4.831430980011000298e+06 4.635465599979999824e+05
2.787099910000000023e+02 4.831430929992999882e+06 4.635465499880000134e+05
2.787399899999999775e+02 4.831430950012000278e+06 4.635465599979999824e+05
2.787799989999999752e+02 4.831430970000999980e+06 4.635465599979999824e+05
2.787600100000000225e+02 4.831430959990999661e+06 4.635465599979999824e+05
2.787999879999999848e+02 4.831430980011000298e+06 4.635465599979999824e+05
2.787399899999999775e+02 4.831430950012000278e+06 4.635465499880000134e+05
2.787699890000000096e+02 4.831430970000999980e+06 4.635465599979999824e+05
2.787399899999999775e+02 4.831430950012000278e+06 4.635465499880000134e+05
2.787699890000000096e+02 4.831430980011000298e+06 4.635465599979999824e+05
2.787200010000000248e+02 4.831430950012000278e+06 4.635465499880000134e+05
2.787600100000000225e+02 4.831430970000999980e+06 4.635465499880000134e+05
2.787900089999999977e+02 4.831430980011000298e+06 4.635465300290000159e+05
2.787999879999999848e+02 4.831431019988999702e+06 4.635465300290000159e+05
2.782900089999999977e+02 4.831430929992999882e+06 4.635463400269999984e+05
2.783999939999999924e+02 4.831431059998000041e+06 4.635462999880000134e+05
2.780799870000000169e+02 4.831431119994999841e+06 4.635462199709999841e+05
2.780499879999999848e+02 4.831431130005000159e+06 4.635462000119999866e+05
2.784899899999999775e+02 4.831430959990999661e+06 4.635462399899999727e+05
2.785499879999999848e+02 4.831431119994999841e+06 4.635462100220000139e+05
2.786000060000000076e+02 4.831431119994999841e+06 4.635462000119999866e+05
2.785199890000000096e+02 4.831431109985000454e+06 4.635462000119999866e+05
2.785599980000000073e+02 4.831431119994999841e+06 4.635462000119999866e+05
2.779899899999999775e+02 4.831431019988999702e+06 4.635462999880000134e+05
2.785599980000000073e+02 4.831431059998000041e+06 4.635462899779999861e+05
2.785599980000000073e+02 4.831431029999000020e+06 4.635462600100000273e+05
2.786300049999999828e+02 4.831431019988999702e+06 4.635462899779999861e+05
2.785199890000000096e+02 4.831431040009000339e+06 4.635463200070000021e+05
2.784800109999999904e+02 4.831431029999000020e+06 4.635463200070000021e+05
2.784299930000000245e+02 4.831431019988999702e+06 4.635463200070000021e+05
2.784599910000000023e+02 4.831431000000000000e+06 4.635463400269999984e+05
2.786099849999999947e+02 4.831431100006000139e+06 4.635462700199999963e+05
2.785199890000000096e+02 4.831431100006000139e+06 4.635463099979999824e+05
2.784899899999999775e+02 4.831431079986999743e+06 4.635462999880000134e+05
2.784599910000000023e+02 4.831431070007000118e+06 4.635463400269999984e+05
2.784299930000000245e+02 4.831431049987999722e+06 4.635463300169999711e+05
2.784200129999999831e+02 4.831431059998000041e+06 4.635463800049999845e+05
2.784100040000000149e+02 4.831431029999000020e+06 4.635463599849999882e+05
2.783999939999999924e+02 4.831431000000000000e+06 4.635463900150000118e+05
2.783399959999999851e+02 4.831431000000000000e+06 4.635464299929999979e+05
2.782699890000000096e+02 4.831430950012000278e+06 4.635464400020000176e+05
2.782300109999999904e+02 4.831430940001999959e+06 4.635464799800000037e+05
2.786600040000000149e+02 4.831431140014999546e+06 4.635462399899999727e+05
2.781099849999999947e+02 4.831431160004000179e+06 4.635462299800000037e+05
2.786700129999999831e+02 4.831431140014999546e+06 4.635462199709999841e+05
2.786099849999999947e+02 4.831431119994999841e+06 4.635462399899999727e+05
2.780499879999999848e+02 4.831431070007000118e+06 4.635462700199999963e+05
2.780499879999999848e+02 4.831431100006000139e+06 4.635463200070000021e+05
2.780199890000000096e+02 4.831431010010000318e+06 4.635463800049999845e+05
2.778500060000000076e+02 4.831430970000999980e+06 4.635465200199999963e+05
2.782500000000000000e+02 4.831430970000999980e+06 4.635463499760000268e+05
2.787600100000000225e+02 4.831431000000000000e+06 4.635465300290000159e+05
2.783699950000000172e+02 4.831431040009000339e+06 4.635462800290000159e+05
2.783900150000000053e+02 4.831431059998000041e+06 4.635462899779999861e+05
2.787900089999999977e+02 4.831430980011000298e+06 4.635465100100000273e+05
2.783900150000000053e+02 4.831431010010000318e+06 4.635462800290000159e+05
2.784200129999999831e+02 4.831431029999000020e+06 4.635462800290000159e+05
2.780700069999999755e+02 4.831431220000999980e+06 4.635461400150000118e+05
2.786600040000000149e+02 4.831431190001999959e+06 4.635461400150000118e+05
2.785000000000000000e+02 4.831431100006000139e+06 4.635462100220000139e+05
2.785700069999999755e+02 4.831431109985000454e+06 4.635462000119999866e+05
2.780400089999999977e+02 4.831431049987999722e+06 4.635462500000000000e+05
2.783699950000000172e+02 4.831431019988999702e+06 4.635462999880000134e+05
2.784400019999999927e+02 4.831431070007000118e+06 4.635462899779999861e+05
2.784100040000000149e+02 4.831431049987999722e+06 4.635462700199999963e+05
2.783599849999999947e+02 4.831431019988999702e+06 4.635463099979999824e+05
2.787999879999999848e+02 4.831431000000000000e+06 4.635465300290000159e+05
2.784500120000000152e+02 4.831431130005000159e+06 4.635462800290000159e+05
2.784599910000000023e+02 4.831431100006000139e+06 4.635462600100000273e+05
2.783699950000000172e+02 4.831431079986999743e+06 4.635462700199999963e+05
2.783900150000000053e+02 4.831431059998000041e+06 4.635462999880000134e+05
2.781199950000000172e+02 4.831431089995999821e+06 4.635462600100000273e+05
2.783599849999999947e+02 4.831431059998000041e+06 4.635463400269999984e+05
2.783500060000000076e+02 4.831431040009000339e+06 4.635463300169999711e+05
2.783299870000000169e+02 4.831431010010000318e+06 4.635463400269999984e+05
2.780899959999999851e+02 4.831431160004000179e+06 4.635462000119999866e+05
2.785299989999999752e+02 4.831431109985000454e+06 4.635462299800000037e+05
2.784599910000000023e+02 4.831431079986999743e+06 4.635462500000000000e+05
2.785799870000000169e+02 4.831431149993999861e+06 4.635462100220000139e+05
2.785899959999999851e+02 4.831431119994999841e+06 4.635462000119999866e+05
2.785499879999999848e+02 4.831431119994999841e+06 4.635462399899999727e+05
2.785100100000000225e+02 4.831431100006000139e+06 4.635462199709999841e+05
2.781099849999999947e+02 4.831431170013000257e+06 4.635461599730000016e+05
2.780199890000000096e+02 4.831431149993999861e+06 4.635461699830000289e+05
2.780299989999999752e+02 4.831431130005000159e+06 4.635462100220000139e+05
2.779700010000000248e+02 4.831431100006000139e+06 4.635462299800000037e+05
2.780899959999999851e+02 4.831430940001999959e+06 4.635464000239999732e+05
2.786600040000000149e+02 4.831430929992999882e+06 4.635465599979999824e+05
2.787900089999999977e+02 4.831431010010000318e+06 4.635465399779999861e+05
2.782300109999999904e+02 4.831430970000999980e+06 4.635463499760000268e+05
2.782200010000000248e+02 4.831430989989999682e+06 4.635463599849999882e+05
2.783999939999999924e+02 4.831431049987999722e+06 4.635463300169999711e+05
2.785499879999999848e+02 4.831431100006000139e+06 4.635462800290000159e+05
2.786700129999999831e+02 4.831430940001999959e+06 4.635465700070000021e+05
2.781799930000000245e+02 4.831430940001999959e+06 4.635463599849999882e+05
2.781700129999999831e+02 4.831430959990999661e+06 4.635463699950000155e+05
2.784599910000000023e+02 4.831431089995999821e+06 4.635462600100000273e+05
2.783699950000000172e+02 4.831431089995999821e+06 4.635462700199999963e+05
2.780599980000000073e+02 4.831431130005000159e+06 4.635462100220000139e+05
2.780499879999999848e+02 4.831431160004000179e+06 4.635461799929999979e+05
2.780599980000000073e+02 4.831431170013000257e+06 4.635461500239999732e+05
2.784700010000000248e+02 4.831431130005000159e+06 4.635462299800000037e+05
2.785799870000000169e+02 4.831431179992999882e+06 4.635461699830000289e+05
2.784599910000000023e+02 4.831431119994999841e+06 4.635462000119999866e+05
2.780000000000000000e+02 4.831431059998000041e+06 4.635463099979999824e+05
2.780299989999999752e+02 4.831431089995999821e+06 4.635462500000000000e+05
2.780000000000000000e+02 4.831431170013000257e+06 4.635461500239999732e+05
2.780299989999999752e+02 4.831431209990999661e+06 4.635461799929999979e+05
2.780199890000000096e+02 4.831431239989999682e+06 4.635461900020000176e+05
2.780400089999999977e+02 4.831431109985000454e+06 4.635462199709999841e+05
2.780100100000000225e+02 4.831431089995999821e+06 4.635462199709999841e+05
2.780199890000000096e+02 4.831431119994999841e+06 4.635462299800000037e+05
2.780299989999999752e+02 4.831431190001999959e+06 4.635461699830000289e+05
2.784200129999999831e+02 4.831431059998000041e+06 4.635462600100000273e+05
2.782999879999999848e+02 4.831430989989999682e+06 4.635463300169999711e+05
2.785700069999999755e+02 4.831431209990999661e+06 4.635462899779999861e+05
2.783900150000000053e+02 4.831431079986999743e+06 4.635462800290000159e+05
2.784200129999999831e+02 4.831431070007000118e+06 4.635462700199999963e+05
2.783999939999999924e+02 4.831431070007000118e+06 4.635463400269999984e+05
2.783399959999999851e+02 4.831431019988999702e+06 4.635463099979999824e+05
2.782600100000000225e+02 4.831430980011000298e+06 4.635463400269999984e+05
2.781700129999999831e+02 4.831430970000999980e+06 4.635463800049999845e+05
2.782000120000000152e+02 4.831430950012000278e+06 4.635463699950000155e+05
2.783699950000000172e+02 4.831431089995999821e+06 4.635462700199999963e+05
2.783999939999999924e+02 4.831431070007000118e+06 4.635462600100000273e+05
2.783500060000000076e+02 4.831431079986999743e+06 4.635462899779999861e+05
2.783699950000000172e+02 4.831431059998000041e+06 4.635462800290000159e+05
2.783399959999999851e+02 4.831431049987999722e+06 4.635463099979999824e+05
2.787699890000000096e+02 4.831431059998000041e+06 4.635465200199999963e+05
2.787699890000000096e+02 4.831431029999000020e+06 4.635465399779999861e+05
2.787900089999999977e+02 4.831431010010000318e+06 4.635465300290000159e+05
2.787099910000000023e+02 4.831430989989999682e+06 4.635465499880000134e+05
2.787099910000000023e+02 4.831430959990999661e+06 4.635465300290000159e+05
2.786900019999999927e+02 4.831430970000999980e+06 4.635465800169999711e+05
2.786700129999999831e+02 4.831430950012000278e+06 4.635465599979999824e+05
2.786400150000000053e+02 4.831430929992999882e+06 4.635465800169999711e+05
2.780599980000000073e+02 4.831431119994999841e+06 4.635462100220000139e+05
2.785700069999999755e+02 4.831431170013000257e+06 4.635461799929999979e+05
2.786000060000000076e+02 4.831431149993999861e+06 4.635461799929999979e+05
2.785000000000000000e+02 4.831431140014999546e+06 4.635462399899999727e+05
2.780100100000000225e+02 4.831431070007000118e+06 4.635462600100000273e+05
2.780899959999999851e+02 4.831430929992999882e+06 4.635464199830000289e+05
2.787200010000000248e+02 4.831430940001999959e+06 4.635465800169999711e+05
2.786799930000000245e+02 4.831430950012000278e+06 4.635465800169999711e+05
2.787900089999999977e+02 4.831431000000000000e+06 4.635465599979999824e+05
2.787399899999999775e+02 4.831431000000000000e+06 4.635465700070000021e+05
2.782000120000000152e+02 4.831430959990999661e+06 4.635464000239999732e+05
2.781600040000000149e+02 4.831430970000999980e+06 4.635464099730000016e+05
2.784100040000000149e+02 4.831431059998000041e+06 4.635463400269999984e+05
2.783599849999999947e+02 4.831431070007000118e+06 4.635463499760000268e+05
2.783999939999999924e+02 4.831431070007000118e+06 4.635462899779999861e+05
2.783699950000000172e+02 4.831431089995999821e+06 4.635462999880000134e+05
2.783399959999999851e+02 4.831431100006000139e+06 4.635463099979999824e+05
2.784599910000000023e+02 4.831431109985000454e+06 4.635462600100000273e+05
2.784200129999999831e+02 4.831431130005000159e+06 4.635462700199999963e+05
2.785400089999999977e+02 4.831431200012000278e+06 4.635462800290000159e+05
2.786099849999999947e+02 4.831430929992999882e+06 4.635465800169999711e+05
2.786499939999999924e+02 4.831430929992999882e+06 4.635465599979999824e+05
2.786300049999999828e+02 4.831430950012000278e+06 4.635465800169999711e+05
2.786600040000000149e+02 4.831430959990999661e+06 4.635465599979999824e+05
2.787399899999999775e+02 4.831430989989999682e+06 4.635465399779999861e+05
2.787099910000000023e+02 4.831431010010000318e+06 4.635465499880000134e+05
2.787999879999999848e+02 4.831431079986999743e+06 4.635465300290000159e+05
2.783900150000000053e+02 4.831431089995999821e+06 4.635462999880000134e+05
2.787699890000000096e+02 4.831431010010000318e+06 4.635465200199999963e+05
2.787200010000000248e+02 4.831431010010000318e+06 4.635465399779999861e+05
2.785299989999999752e+02 4.831431140014999546e+06 4.635462299800000037e+05
2.785299989999999752e+02 4.831431170013000257e+06 4.635462500000000000e+05
2.786300049999999828e+02 4.831431190001999959e+06 4.635461699830000289e+05
2.784500120000000152e+02 4.831431140014999546e+06 4.635462500000000000e+05
2.779599910000000023e+02 4.831430959990999661e+06 4.635463900150000118e+05
2.780000000000000000e+02 4.831431040009000339e+06 4.635463200070000021e+05
2.780000000000000000e+02 4.831431070007000118e+06 4.635463400269999984e+05
2.783800049999999828e+02 4.831431100006000139e+06 4.635462999880000134e+05
2.784100040000000149e+02 4.831431070007000118e+06 4.635462800290000159e+05
2.781799930000000245e+02 4.831430950012000278e+06 4.635463699950000155e+05
2.787699890000000096e+02 4.831431000000000000e+06 4.635465300290000159e+05
2.781700129999999831e+02 4.831430959990999661e+06 4.635463699950000155e+05
2.787799989999999752e+02 4.831431059998000041e+06 4.635465300290000159e+05
2.787999879999999848e+02 4.831431040009000339e+06 4.635465100100000273e+05
2.786900019999999927e+02 4.831430989989999682e+06 4.635465399779999861e+05
2.787399899999999775e+02 4.831430980011000298e+06 4.635465399779999861e+05
2.786199950000000172e+02 4.831430940001999959e+06 4.635465700070000021e+05
2.780599980000000073e+02 4.831431179992999882e+06 4.635462000119999866e+05
2.780799870000000169e+02 4.831431149993999861e+06 4.635461799929999979e+05
2.780599980000000073e+02 4.831431149993999861e+06 4.635461599730000016e+05
2.781799930000000245e+02 4.831431220000999980e+06 4.635461500239999732e+05
2.785100100000000225e+02 4.831431140014999546e+06 4.635462000119999866e+05
2.784100040000000149e+02 4.831431100006000139e+06 4.635462500000000000e+05
2.780000000000000000e+02 4.831431059998000041e+06 4.635462700199999963e+05
2.780000000000000000e+02 4.831431019988999702e+06 4.635462999880000134e+05
2.779700010000000248e+02 4.831431049987999722e+06 4.635462999880000134e+05
2.779800109999999904e+02 4.831431149993999861e+06 4.635461300049999845e+05
2.780400089999999977e+02 4.831431089995999821e+06 4.635462199709999841e+05
2.780299989999999752e+02 4.831431179992999882e+06 4.635461799929999979e+05
2.780499879999999848e+02 4.831431130005000159e+06 4.635462000119999866e+05
2.783500060000000076e+02 4.831431070007000118e+06 4.635462999880000134e+05
2.787000120000000152e+02 4.831430959990999661e+06 4.635465300290000159e+05
2.783500060000000076e+02 4.831431040009000339e+06 4.635462999880000134e+05
2.782099910000000023e+02 4.831430970000999980e+06 4.635462999880000134e+05
2.780899959999999851e+02 4.831431170013000257e+06 4.635461400150000118e+05
2.781900019999999927e+02 4.831431089995999821e+06 4.635462199709999841e+05
2.784100040000000149e+02 4.831431100006000139e+06 4.635462299800000037e+05
2.784400019999999927e+02 4.831431119994999841e+06 4.635462299800000037e+05
2.784899899999999775e+02 4.831431149993999861e+06 4.635461699830000289e+05
2.785700069999999755e+02 4.831431170013000257e+06 4.635461699830000289e+05
2.785799870000000169e+02 4.831431190001999959e+06 4.635461699830000289e+05
2.783800049999999828e+02 4.831431059998000041e+06 4.635462500000000000e+05
2.783900150000000053e+02 4.831431089995999821e+06 4.635462399899999727e+05
2.779899899999999775e+02 4.831431019988999702e+06 4.635462800290000159e+05
2.784100040000000149e+02 4.831430989989999682e+06 4.635462500000000000e+05
2.785199890000000096e+02 4.831431059998000041e+06 4.635462000119999866e+05
2.783299870000000169e+02 4.831431059998000041e+06 4.635463400269999984e+05
2.781199950000000172e+02 4.831430929992999882e+06 4.635464199830000289e+05
2.787500000000000000e+02 4.831430989989999682e+06 4.635465499880000134e+05
2.786900019999999927e+02 4.831430970000999980e+06 4.635465800169999711e+05
2.784100040000000149e+02 4.831431100006000139e+06 4.635462700199999963e+05
2.783900150000000053e+02 4.831431070007000118e+06 4.635462899779999861e+05
2.787099910000000023e+02 4.831431010010000318e+06 4.635465599979999824e+05
2.786799930000000245e+02 4.831430980011000298e+06 4.635465900269999984e+05
2.786900019999999927e+02 4.831430940001999959e+06 4.635465300290000159e+05
2.784200129999999831e+02 4.831431049987999722e+06 4.635462700199999963e+05
2.784200129999999831e+02 4.831431089995999821e+06 4.635462600100000273e+05
2.783399959999999851e+02 4.831431019988999702e+06 4.635462999880000134e+05
2.783800049999999828e+02 4.831431029999000020e+06 4.635462800290000159e+05
2.783900150000000053e+02 4.831431040009000339e+06 4.635462600100000273e+05
2.782600100000000225e+02 4.831430950012000278e+06 4.635463400269999984e+05
2.782600100000000225e+02 4.831430959990999661e+06 4.635463499760000268e+05
2.780799870000000169e+02 4.831431149993999861e+06 4.635461799929999979e+05
2.780700069999999755e+02 4.831431130005000159e+06 4.635461699830000289e+05
2.780599980000000073e+02 4.831431149993999861e+06 4.635461400150000118e+05
2.784100040000000149e+02 4.831431059998000041e+06 4.635462399899999727e+05
2.784800109999999904e+02 4.831431089995999821e+06 4.635462100220000139e+05
2.784599910000000023e+02 4.831431100006000139e+06 4.635462399899999727e+05
2.784899899999999775e+02 4.831431109985000454e+06 4.635462199709999841e+05
2.785199890000000096e+02 4.831431119994999841e+06 4.635462000119999866e+05
2.785499879999999848e+02 4.831431130005000159e+06 4.635461799929999979e+05
2.785799870000000169e+02 4.831431130005000159e+06 4.635461599730000016e+05
2.783500060000000076e+02 4.831431059998000041e+06 4.635462299800000037e+05
2.782600100000000225e+02 4.831431089995999821e+06 4.635462000119999866e+05
2.781099849999999947e+02 4.831431029999000020e+06 4.635462500000000000e+05
2.785299989999999752e+02 4.831431119994999841e+06 4.635462500000000000e+05
2.785000000000000000e+02 4.831431089995999821e+06 4.635461799929999979e+05
2.780100100000000225e+02 4.831431109985000454e+06 4.635462199709999841e+05
2.779299930000000245e+02 4.831431079986999743e+06 4.635462100220000139e+05
2.779800109999999904e+02 4.831431040009000339e+06 4.635462299800000037e+05
2.787999879999999848e+02 4.831430980011000298e+06 4.635465499880000134e+05
2.787500000000000000e+02 4.831430980011000298e+06 4.635465599979999824e+05
2.783200069999999755e+02 4.831430989989999682e+06 4.635463400269999984e+05
2.782500000000000000e+02 4.831430970000999980e+06 4.635463699950000155e+05
2.782399899999999775e+02 4.831430950012000278e+06 4.635464000239999732e+05
2.784899899999999775e+02 4.831431100006000139e+06 4.635462800290000159e+05
2.784100040000000149e+02 4.831431029999000020e+06 4.635463900150000118e+05
2.785100100000000225e+02 4.831431000000000000e+06 4.635464500119999866e+05
2.784100040000000149e+02 4.831431000000000000e+06 4.635464400020000176e+05
2.787099910000000023e+02 4.831430950012000278e+06 4.635465900269999984e+05
2.786499939999999924e+02 4.831430940001999959e+06 4.635465999760000268e+05
2.787999879999999848e+02 4.831431019988999702e+06 4.635465700070000021e+05
2.787399899999999775e+02 4.831431019988999702e+06 4.635465700070000021e+05
2.786300049999999828e+02 4.831431160004000179e+06 4.635461799929999979e+05
2.786000060000000076e+02 4.831431160004000179e+06 4.635461900020000176e+05
2.785700069999999755e+02 4.831431149993999861e+06 4.635462100220000139e+05
2.786700129999999831e+02 4.831431179992999882e+06 4.635461599730000016e+05
2.786099849999999947e+02 4.831431160004000179e+06 4.635461900020000176e+05
2.785899959999999851e+02 4.831431149993999861e+06 4.635462100220000139e+05
2.780199890000000096e+02 4.831430940001999959e+06 4.635464099730000016e+05
2.780000000000000000e+02 4.831430929992999882e+06 4.635464299929999979e+05
