2.780799870000000169e+02 4.831430429992999882e+06 4.635467000119999866e+05
2.781199950000000172e+02 4.831430450012000278e+06 4.635467100220000139e+05
2.773800049999999828e+02 4.831430429992999882e+06 4.635467500000000000e+05
2.774299930000000245e+02 4.831430440001999959e+06 4.635467600100000273e+05
2.773599849999999947e+02 4.831430429992999882e+06 4.635467199709999841e+05
2.774100040000000149e+02 4.831430440001999959e+06 4.635467199709999841e+05
2.774400019999999927e+02 4.831430459990999661e+06 4.635467299800000037e+05
2.774500120000000152e+02 4.831430429992999882e+06 4.635467199709999841e+05
2.774100040000000149e+02 4.831430459990999661e+06 4.635466900020000176e+05
2.774800109999999904e+02 4.831430459990999661e+06 4.635466699830000289e+05
2.781700129999999831e+02 4.831430450012000278e+06 4.635467199709999841e+05
2.782000120000000152e+02 4.831430440001999959e+06 4.635467600100000273e+05
2.775700069999999755e+02 4.831430450012000278e+06 4.635466900020000176e+05
2.774899899999999775e+02 4.831430459990999661e+06 4.635467700199999963e+05
2.774599910000000023e+02 4.831430440001999959e+06 4.635467600100000273e+05
2.775499879999999848e+02 4.831430459990999661e+06 4.635467399899999727e+05
2.774500120000000152e+02 4.831430440001999959e+06 4.635467600100000273e+05
2.781700129999999831e+02 4.831430429992999882e+06 4.635466199950000155e+05
2.781600040000000149e+02 4.831430459990999661e+06 4.635466400150000118e+05
2.780799870000000169e+02 4.831430450012000278e+06 4.635466599730000016e+05
2.773900150000000053e+02 4.831430440001999959e+06 4.635467000119999866e+05
2.780499879999999848e+02 4.831430429992999882e+06 4.635466400150000118e+05
2.780799870000000169e+02 4.831430429992999882e+06 4.635466599730000016e+05
2.780899959999999851e+02 4.831430450012000278e+06 4.635466699830000289e+05
2.781600040000000149e+02 4.831430440001999959e+06 4.635467399899999727e+05
2.773699950000000172e+02 4.831430450012000278e+06 4.635466799929999979e+05
2.774599910000000023e+02 4.831430440001999959e+06 4.635466599730000016e+05
2.773900150000000053e+02 4.831430459990999661e+06 4.635467199709999841e+05
2.780100100000000225e+02 4.831430440001999959e+06 4.635466900020000176e+05
2.774299930000000245e+02 4.831430459990999661e+06 4.635467000119999866e+05
2.773699950000000172e+02 4.831430459990999661e+06 4.635467000119999866e+05
2.773800049999999828e+02 4.831430450012000278e+06 4.635466799929999979e+05
2.773500060000000076e+02 4.831430450012000278e+06 4.635467000119999866e+05
2.780599980000000073e+02 4.831430429992999882e+06 4.635466300049999845e+05
2.773500060000000076e+02 4.831430429992999882e+06 4.635467000119999866e+05
2.773599849999999947e+02 4.831430429992999882e+06 4.635466699830000289e+05
2.773800049999999828e+02 4.831430459990999661e+06 4.635466599730000016e+05
2.780799870000000169e+02 4.831430459990999661e+06 4.635466799929999979e+05
2.781099849999999947e+02 4.831430450012000278e+06 4.635467000119999866e+05
2.774400019999999927e+02 4.831430450012000278e+06 4.635466900020000176e+05
2.774100040000000149e+02 4.831430450012000278e+06 4.635467100220000139e+05
2.773900150000000053e+02 4.831430429992999882e+06 4.635467299800000037e+05
2.781499939999999924e+02 4.831430470000999980e+06 4.635467100220000139e+05
2.781900019999999927e+02 4.831430489989999682e+06 4.635467199709999841e+05
2.781400150000000053e+02 4.831430470000999980e+06 4.635466799929999979e+05
2.781700129999999831e+02 4.831430500000000000e+06 4.635466900020000176e+05
2.782099910000000023e+02 4.831430510010000318e+06 4.635466900020000176e+05
2.782399899999999775e+02 4.831430529999000020e+06 4.635466900020000176e+05
2.781300049999999828e+02 4.831430470000999980e+06 4.635466699830000289e+05
2.781700129999999831e+02 4.831430489989999682e+06 4.635466699830000289e+05
2.782200010000000248e+02 4.831430500000000000e+06 4.635466699830000289e+05
2.774100040000000149e+02 4.831430510010000318e+06 4.635467199709999841e+05
2.774899899999999775e+02 4.831430489989999682e+06 4.635467100220000139e+05
2.776199950000000172e+02 4.831430549987999722e+06 4.635466699830000289e+05
2.775700069999999755e+02 4.831430570007000118e+06 4.635466500239999732e+05
2.776099849999999947e+02 4.831430589995999821e+06 4.635466599730000016e+05
2.776300049999999828e+02 4.831430609985000454e+06 4.635466699830000289e+05
2.776900019999999927e+02 4.831430609985000454e+06 4.635466400150000118e+05
2.776900019999999927e+02 4.831430609985000454e+06 4.635466199950000155e+05
2.776900019999999927e+02 4.831430660004000179e+06 4.635466400150000118e+05
2.777300109999999904e+02 4.831430630005000159e+06 4.635466099849999882e+05
2.777200010000000248e+02 4.831430690001999959e+06 4.635466300049999845e+05
2.777399899999999775e+02 4.831430670013000257e+06 4.635466199950000155e+05
2.774599910000000023e+02 4.831430480011000298e+06 4.635467399899999727e+05
2.774899899999999775e+02 4.831430489989999682e+06 4.635466799929999979e+05
2.775299989999999752e+02 4.831430500000000000e+06 4.635466699830000289e+05
2.775599980000000073e+02 4.831430519988999702e+06 4.635466799929999979e+05
2.775899959999999851e+02 4.831430540009000339e+06 4.635466199950000155e+05
2.776700129999999831e+02 4.831430570007000118e+06 4.635466300049999845e+05
2.773200069999999755e+02 4.831430470000999980e+06 4.635467299800000037e+05
2.775199890000000096e+02 4.831430480011000298e+06 4.635466699830000289e+05
2.775000000000000000e+02 4.831430489989999682e+06 4.635466400150000118e+05
2.775499879999999848e+02 4.831430500000000000e+06 4.635466300049999845e+05
2.776000060000000076e+02 4.831430510010000318e+06 4.635466199950000155e+05
2.776300049999999828e+02 4.831430540009000339e+06 4.635466300049999845e+05
2.782000120000000152e+02 4.831430470000999980e+06 4.635467299800000037e+05
2.782000120000000152e+02 4.831430470000999980e+06 4.635467500000000000e+05
2.778200069999999755e+02 4.831430649993999861e+06 4.635466099849999882e+05
2.777900089999999977e+02 4.831430609985000454e+06 4.635466500239999732e+05
2.776799930000000245e+02 4.831430549987999722e+06 4.635466199950000155e+05
2.776600040000000149e+02 4.831430519988999702e+06 4.635466699830000289e+05
2.776300049999999828e+02 4.831430500000000000e+06 4.635466599730000016e+05
2.776000060000000076e+02 4.831430459990999661e+06 4.635467000119999866e+05
2.777799989999999752e+02 4.831430640014999546e+06 4.635466400150000118e+05
2.775799870000000169e+02 4.831430500000000000e+06 4.635467000119999866e+05
2.775799870000000169e+02 4.831430489989999682e+06 4.635467399899999727e+05
2.775400089999999977e+02 4.831430480011000298e+06 4.635467299800000037e+05
2.778399959999999851e+02 4.831430779999000020e+06 4.635466099849999882e+05
2.777799989999999752e+02 4.831430769988999702e+06 4.635466300049999845e+05
2.778399959999999851e+02 4.831430690001999959e+06 4.635466099849999882e+05
2.777900089999999977e+02 4.831430660004000179e+06 4.635466199950000155e+05
2.777200010000000248e+02 4.831430670013000257e+06 4.635466099849999882e+05
2.777399899999999775e+02 4.831430640014999546e+06 4.635466500239999732e+05
2.776900019999999927e+02 4.831430589995999821e+06 4.635466699830000289e+05
2.776700129999999831e+02 4.831430570007000118e+06 4.635466599730000016e+05
2.776499939999999924e+02 4.831430589995999821e+06 4.635467000119999866e+05
2.776000060000000076e+02 4.831430540009000339e+06 4.635466699830000289e+05
2.775799870000000169e+02 4.831430519988999702e+06 4.635467199709999841e+05
2.775599980000000073e+02 4.831430500000000000e+06 4.635467000119999866e+05
2.781700129999999831e+02 4.831430500000000000e+06 4.635466699830000289e+05
2.782200010000000248e+02 4.831430510010000318e+06 4.635466500239999732e+05
2.776499939999999924e+02 4.831430579986999743e+06 4.635466099849999882e+05
2.774100040000000149e+02 4.831430480011000298e+06 4.635466599730000016e+05
2.775299989999999752e+02 4.831430489989999682e+06 4.635466300049999845e+05
2.775799870000000169e+02 4.831430510010000318e+06 4.635466199950000155e+05
2.776099849999999947e+02 4.831430529999000020e+06 4.635466300049999845e+05
2.773900150000000053e+02 4.831430600006000139e+06 4.635466599730000016e+05
2.782999879999999848e+02 4.831430570007000118e+06 4.635466300049999845e+05
2.782999879999999848e+02 4.831430559998000041e+06 4.635466400150000118e+05
2.781499939999999924e+02 4.831430500000000000e+06 4.635467100220000139e+05
2.781600040000000149e+02 4.831430480011000298e+06 4.635467000119999866e+05
2.775799870000000169e+02 4.831430570007000118e+06 4.635466300049999845e+05
2.774100040000000149e+02 4.831430570007000118e+06 4.635466199950000155e+05
2.775299989999999752e+02 4.831430500000000000e+06 4.635466599730000016e+05
2.773800049999999828e+02 4.831430500000000000e+06 4.635466500239999732e+05
2.780899959999999851e+02 4.831430480011000298e+06 4.635466799929999979e+05
2.781499939999999924e+02 4.831430510010000318e+06 4.635466699830000289e+05
2.781700129999999831e+02 4.831430519988999702e+06 4.635466500239999732e+05
2.782000120000000152e+02 4.831430540009000339e+06 4.635466199950000155e+05
2.782300109999999904e+02 4.831430559998000041e+06 4.635466400150000118e+05
2.774200129999999831e+02 4.831430489989999682e+06 4.635466799929999979e+05
2.774800109999999904e+02 4.831430510010000318e+06 4.635466300049999845e+05
2.775499879999999848e+02 4.831430540009000339e+06 4.635466500239999732e+05
2.775199890000000096e+02 4.831430540009000339e+06 4.635466300049999845e+05
2.773800049999999828e+02 4.831430500000000000e+06 4.635466699830000289e+05
2.780700069999999755e+02 4.831430470000999980e+06 4.635466699830000289e+05
2.782099910000000023e+02 4.831430540009000339e+06 4.635466500239999732e+05
2.781499939999999924e+02 4.831430510010000318e+06 4.635466699830000289e+05
2.782300109999999904e+02 4.831430579986999743e+06 4.635466599730000016e+05
2.781799930000000245e+02 4.831430529999000020e+06 4.635466699830000289e+05
2.774599910000000023e+02 4.831430470000999980e+06 4.635466699830000289e+05
2.775799870000000169e+02 4.831430570007000118e+06 4.635466199950000155e+05
2.775499879999999848e+02 4.831430540009000339e+06 4.635466300049999845e+05
2.775299989999999752e+02 4.831430510010000318e+06 4.635466500239999732e+05
2.774800109999999904e+02 4.831430559998000041e+06 4.635466099849999882e+05
2.775599980000000073e+02 4.831430559998000041e+06 4.635466199950000155e+05
2.775799870000000169e+02 4.831430540009000339e+06 4.635466099849999882e+05
2.775299989999999752e+02 4.831430519988999702e+06 4.635466500239999732e+05
2.774400019999999927e+02 4.831430480011000298e+06 4.635466699830000289e+05
2.781000060000000076e+02 4.831430519988999702e+06 4.635466099849999882e+05
2.781499939999999924e+02 4.831430519988999702e+06 4.635466799929999979e+05
2.781400150000000053e+02 4.831430540009000339e+06 4.635467000119999866e+05
2.782399899999999775e+02 4.831430570007000118e+06 4.635466500239999732e+05
2.782000120000000152e+02 4.831430579986999743e+06 4.635466599730000016e+05
2.775000000000000000e+02 4.831430510010000318e+06 4.635466699830000289e+05
2.774700010000000248e+02 4.831430519988999702e+06 4.635466699830000289e+05
2.773800049999999828e+02 4.831430510010000318e+06 4.635466599730000016e+05
2.776199950000000172e+02 4.831430579986999743e+06 4.635466099849999882e+05
2.775899959999999851e+02 4.831430589995999821e+06 4.635466199950000155e+05
2.775700069999999755e+02 4.831430540009000339e+06 4.635466300049999845e+05
2.775400089999999977e+02 4.831430549987999722e+06 4.635466500239999732e+05
2.774800109999999904e+02 4.831430549987999722e+06 4.635466500239999732e+05
2.775899959999999851e+02 4.831430589995999821e+06 4.635466099849999882e+05
2.775499879999999848e+02 4.831430609985000454e+06 4.635466199950000155e+05
2.780899959999999851e+02 4.831430500000000000e+06 4.635467000119999866e+05
2.782200010000000248e+02 4.831430579986999743e+06 4.635466199950000155e+05
2.782900089999999977e+02 4.831430600006000139e+06 4.635466199950000155e+05
2.781400150000000053e+02 4.831430510010000318e+06 4.635466400150000118e+05
2.782200010000000248e+02 4.831430549987999722e+06 4.635466500239999732e+05
2.782600100000000225e+02 4.831430609985000454e+06 4.635466500239999732e+05
2.781199950000000172e+02 4.831430540009000339e+06 4.635466500239999732e+05
2.781900019999999927e+02 4.831430549987999722e+06 4.635466699830000289e+05
2.775299989999999752e+02 4.831430549987999722e+06 4.635466300049999845e+05
2.775499879999999848e+02 4.831430519988999702e+06 4.635466199950000155e+05
2.774500120000000152e+02 4.831430489989999682e+06 4.635466500239999732e+05
2.775000000000000000e+02 4.831430489989999682e+06 4.635466500239999732e+05
2.774899899999999775e+02 4.831430540009000339e+06 4.635466199950000155e+05
2.775599980000000073e+02 4.831430549987999722e+06 4.635466300049999845e+05
2.773800049999999828e+02 4.831430489989999682e+06 4.635466300049999845e+05
2.774700010000000248e+02 4.831430510010000318e+06 4.635466500239999732e+05
2.774100040000000149e+02 4.831430480011000298e+06 4.635466699830000289e+05
2.773999939999999924e+02 4.831430480011000298e+06 4.635467000119999866e+05
2.781799930000000245e+02 4.831430519988999702e+06 4.635466199950000155e+05
2.782000120000000152e+02 4.831430549987999722e+06 4.635466099849999882e+05
2.775400089999999977e+02 4.831430559998000041e+06 4.635466199950000155e+05
2.774599910000000023e+02 4.831430589995999821e+06 4.635466199950000155e+05
2.775199890000000096e+02 4.831430500000000000e+06 4.635466099849999882e+05
2.774700010000000248e+02 4.831430570007000118e+06 4.635466300049999845e+05
2.781600040000000149e+02 4.831430519988999702e+06 4.635466500239999732e+05
2.782000120000000152e+02 4.831430510010000318e+06 4.635466599730000016e+05
2.782300109999999904e+02 4.831430549987999722e+06 4.635466500239999732e+05
2.782600100000000225e+02 4.831430549987999722e+06 4.635466599730000016e+05
2.782999879999999848e+02 4.831430579986999743e+06 4.635466500239999732e+05
2.782999879999999848e+02 4.831430589995999821e+06 4.635466500239999732e+05
2.782799989999999752e+02 4.831430589995999821e+06 4.635466400150000118e+05
2.780700069999999755e+02 4.831430480011000298e+06 4.635466599730000016e+05
2.781300049999999828e+02 4.831430519988999702e+06 4.635466599730000016e+05
2.781199950000000172e+02 4.831430500000000000e+06 4.635466900020000176e+05
2.782300109999999904e+02 4.831430570007000118e+06 4.635466699830000289e+05
2.782799989999999752e+02 4.831430589995999821e+06 4.635466500239999732e+05
2.775799870000000169e+02 4.831430559998000041e+06 4.635466400150000118e+05
2.775199890000000096e+02 4.831430540009000339e+06 4.635466599730000016e+05
2.773399959999999851e+02 4.831430519988999702e+06 4.635466699830000289e+05
2.773699950000000172e+02 4.831430519988999702e+06 4.635466900020000176e+05
2.782900089999999977e+02 4.831430579986999743e+06 4.635466400150000118e+05
2.781700129999999831e+02 4.831430489989999682e+06 4.635466500239999732e+05
2.773800049999999828e+02 4.831430470000999980e+06 4.635466699830000289e+05
2.774700010000000248e+02 4.831430470000999980e+06 4.635466500239999732e+05
2.781900019999999927e+02 4.831430519988999702e+06 4.635466500239999732e+05
2.781400150000000053e+02 4.831430559998000041e+06 4.635466699830000289e+05
2.782099910000000023e+02 4.831430589995999821e+06 4.635466799929999979e+05
2.781300049999999828e+02 4.831430470000999980e+06 4.635466799929999979e+05
2.782099910000000023e+02 4.831430540009000339e+06 4.635466900020000176e+05
2.781799930000000245e+02 4.831430529999000020e+06 4.635467000119999866e+05
