463548.119995 4831432.510010 279.089996
463548.150024 4831432.500000 279.130005
463548.109985 4831432.459991 279.130005
463548.049988 4831432.500000 279.149994
463548.169983 4831432.429993 278.929993
463548.070007 4831432.480011 279.130005
463548.179993 4831432.559998 279.079987
463548.150024 4831432.549988 279.079987
463548.130005 4831432.630005 279.070007
463548.130005 4831432.630005 279.070007
463548.140015 4831432.660004 279.049988
463548.150024 4831432.549988 279.079987
463548.070007 4831432.579987 279.100006
463548.109985 4831432.660004 279.059998
463548.130005 4831432.519989 279.119995
463548.090027 4831432.589996 279.100006
463548.090027 4831432.529999 279.109985
463548.140015 4831432.529999 279.059998
463548.140015 4831432.750000 279.079987
463548.080017 4831432.660004 279.070007
463548.070007 4831432.630005 279.100006
463548.049988 4831432.609985 279.070007
463548.119995 4831432.640015 279.040009
463548.080017 4831432.630005 279.109985
463548.090027 4831432.700012 279.100006
463548.099976 4831432.720001 279.100006
463548.030029 4831432.649994 279.109985
463548.039978 4831432.679993 279.140015
463548.020020 4831432.690002 279.100006
463548.169983 4831433.459991 280.040009
463548.010010 4831432.640015 279.130005
463548.039978 4831432.679993 279.130005
463548.090027 4831432.769989 279.100006
463548.179993 4831433.309998 280.190002
463548.150024 4831433.440002 280.040009
463548.159973 4831433.450012 279.959991
463548.179993 4831433.470001 279.950012
463548.109985 4831432.630005 279.100006
463548.030029 4831432.649994 279.070007
463548.039978 4831432.679993 279.100006
463548.049988 4831432.700012 279.079987
463548.080017 4831432.750000 279.089996
463548.030029 4831432.670013 279.119995
463548.070007 4831432.700012 279.089996
463548.049988 4831432.670013 279.079987
463548.150024 4831432.750000 279.059998
463548.080017 4831432.679993 279.119995
463548.109985 4831432.750000 279.109985
463548.020020 4831432.600006 279.089996
463548.059998 4831432.690002 279.100006
463548.070007 4831432.730011 279.109985
463548.169983 4831433.420013 279.880005
463548.049988 4831432.690002 279.119995
463548.059998 4831432.720001 279.119995
463548.030029 4831432.700012 279.119995
463548.039978 4831432.709991 279.079987
463548.010010 4831432.709991 279.070007
463548.070007 4831432.769989 279.089996
463548.010010 4831432.660004 279.119995
463548.080017 4831432.690002 279.089996
463548.070007 4831432.649994 279.109985
463548.039978 4831432.660004 279.119995
463548.030029 4831432.640015 279.140015
463548.070007 4831432.570007 279.100006
463548.099976 4831432.720001 279.140015
463548.130005 4831433.290009 280.000000
463548.070007 4831432.690002 279.089996
463548.059998 4831432.679993 279.070007
463548.059998 4831432.670013 279.100006
463548.169983 4831433.440002 280.019989
463548.090027 4831432.750000 279.119995
463548.020020 4831432.529999 279.140015
463548.030029 4831433.100006 279.549988
463548.109985 4831432.679993 279.119995
463548.090027 4831432.700012 279.100006
463548.140015 4831432.529999 279.119995
463548.109985 4831432.700012 279.070007
463548.090027 4831432.700012 279.109985
463548.119995 4831432.730011 279.100006
463548.099976 4831432.720001 279.109985
463548.130005 4831432.700012 279.040009
463548.130005 4831432.720001 279.070007
463548.109985 4831432.640015 279.089996
463548.090027 4831432.609985 279.089996
463548.109985 4831432.570007 279.109985
463548.049988 4831432.609985 279.070007
463548.059998 4831432.519989 279.109985
463548.140015 4831432.660004 279.040009
463548.099976 4831432.690002 279.059998
463548.140015 4831432.720001 279.070007
463548.070007 4831432.690002 279.059998
463548.099976 4831432.700012 279.140015
463548.159973 4831432.630005 279.070007
463548.119995 4831432.739990 279.059998
463548.179993 4831433.420013 279.980011
463548.150024 4831433.350006 280.029999
463548.219971 4831432.510010 279.079987
463548.179993 4831432.470001 279.029999
463548.200012 4831432.429993 279.079987
463548.219971 4831432.470001 279.029999
463548.520020 4831433.320007 278.459991
463548.190002 4831432.630005 279.059998
463548.510010 4831433.399994 278.589996
463548.510010 4831433.410004 278.640015
463548.510010 4831433.309998 278.429993
463548.520020 4831433.350006 278.500000
463548.510010 4831433.359985 278.549988
463548.500000 4831433.369995 278.589996
463548.530029 4831433.399994 278.609985
463548.539978 4831433.359985 278.450012
463548.510010 4831433.350006 278.529999
463548.510010 4831433.369995 278.570007
463548.510010 4831433.380005 278.600006
463548.520020 4831433.410004 278.640015
463548.489990 4831433.399994 278.709991
463548.369995 4831433.369995 279.019989
463548.500000 4831433.309998 278.429993
463548.510010 4831433.329987 278.450012
463548.510010 4831433.339996 278.500000
463548.500000 4831433.359985 278.540009
463548.500000 4831433.369995 278.589996
463548.510010 4831433.399994 278.619995
463548.520020 4831433.320007 278.410004
463548.539978 4831433.350006 278.440002
463548.510010 4831433.350006 278.510010
463548.489990 4831433.359985 278.579987
463548.510010 4831433.380005 278.600006
463548.520020 4831433.410004 278.619995
463548.450012 4831433.450012 278.950012
463548.520020 4831433.350006 278.440002
463548.510010 4831433.350006 278.500000
463548.489990 4831433.359985 278.559998
463548.510010 4831433.390015 278.589996
463548.510010 4831433.410004 278.630005
463548.500000 4831433.420013 278.679993
463548.419983 4831433.450012 279.019989
463548.510010 4831433.350006 278.500000
463548.500000 4831433.359985 278.549988
463548.500000 4831433.380005 278.589996
463548.510010 4831433.399994 278.619995
463548.510010 4831433.420013 278.660004
463548.489990 4831433.339996 278.450012
463548.489990 4831433.359985 278.489990
463548.469971 4831433.359985 278.549988
463548.489990 4831433.410004 278.600006
463548.489990 4831433.369995 278.459991
463548.479980 4831433.380005 278.510010
463548.219971 4831432.519989 279.019989
463548.489990 4831433.359985 278.489990
463548.469971 4831433.410004 278.540009
463548.440002 4831433.510010 279.019989
463548.229980 4831433.399994 280.010010
463548.429993 4831433.350006 278.750000
463548.479980 4831433.350006 278.549988
463548.479980 4831433.329987 278.450012
463548.200012 4831433.399994 279.929993
463548.210022 4831433.350006 279.940002
463548.369995 4831433.269989 278.739990
463548.179993 4831432.649994 279.059998
463548.179993 4831432.519989 279.100006
463548.400024 4831433.450012 279.010010
463548.179993 4831433.299988 280.179993
463548.190002 4831432.549988 279.079987
463548.190002 4831433.309998 280.190002
463548.179993 4831433.320007 280.200012
463548.429993 4831433.420013 278.510010
463548.440002 4831433.459991 278.540009
463548.320007 4831433.320007 278.869995
463548.369995 4831433.429993 278.980011
463548.349976 4831433.399994 278.989990
463548.330017 4831433.369995 278.970001
463548.289978 4831433.320007 278.890015
463548.320007 4831433.350006 279.070007
463548.409973 4831433.429993 278.929993
463548.359985 4831433.350006 278.779999
463548.489990 4831433.510010 278.829987
463548.479980 4831433.489990 278.859985
463548.489990 4831433.480011 278.730011
463548.489990 4831433.429993 278.579987
463548.299988 4831433.339996 278.910004
463548.289978 4831433.320007 278.950012
463548.520020 4831433.440002 278.559998
463548.489990 4831433.410004 278.540009
463548.479980 4831433.470001 278.640015
463548.479980 4831433.470001 278.589996
463548.500000 4831433.500000 278.559998
463548.320007 4831433.350006 278.959991
463548.250000 4831433.329987 278.829987
463548.419983 4831433.440002 278.670013
463548.460022 4831433.510010 278.739990
463548.460022 4831433.500000 278.670013
463548.460022 4831433.470001 278.570007
463548.250000 4831433.320007 279.140015
463548.309998 4831433.380005 279.070007
463548.320007 4831433.399994 279.049988
463548.330017 4831433.410004 279.019989
463548.349976 4831433.429993 279.000000
463548.359985 4831433.450012 278.989990
463548.380005 4831433.470001 278.950012
463548.390015 4831433.480011 278.920013
463548.409973 4831433.510010 278.920013
463548.469971 4831433.510010 278.709991
463548.479980 4831433.420013 278.540009
463548.510010 4831433.510010 278.570007
463548.299988 4831433.369995 279.059998
463548.320007 4831433.399994 279.040009
463548.340027 4831433.420013 279.019989
463548.349976 4831433.429993 278.980011
463548.369995 4831433.470001 278.980011
463548.380005 4831433.480011 278.940002
463548.400024 4831433.500000 278.920013
463548.409973 4831433.519989 278.899994
463548.469971 4831433.519989 278.709991
463548.299988 4831433.380005 279.070007
463548.320007 4831433.399994 279.049988
463548.330017 4831433.410004 279.029999
463548.349976 4831433.429993 279.000000
463548.359985 4831433.440002 278.970001
463548.380005 4831433.459991 278.940002
463548.390015 4831433.500000 278.940002
463548.409973 4831433.510010 278.899994
463548.469971 4831433.519989 278.720001
463548.489990 4831433.459991 278.549988
463548.510010 4831433.510010 278.570007
463548.289978 4831433.380005 279.070007
463548.309998 4831433.399994 279.040009
463548.330017 4831433.420013 279.019989
463548.340027 4831433.440002 279.000000
463548.359985 4831433.440002 278.959991
463548.369995 4831433.470001 278.950012
463548.390015 4831433.489990 278.929993
463548.400024 4831433.500000 278.899994
463548.460022 4831433.519989 278.720001
463548.469971 4831433.450012 278.570007
463548.489990 4831433.489990 278.570007
463548.380005 4831433.459991 278.950012
463548.400024 4831433.500000 278.950012
463548.309998 4831433.399994 279.070007
463548.330017 4831433.399994 279.029999
463548.340027 4831433.420013 279.000000
463548.359985 4831433.459991 279.010010
463548.369995 4831433.459991 278.959991
463548.390015 4831433.489990 278.940002
463548.409973 4831433.510010 278.929993
463548.280029 4831433.359985 279.079987
463548.299988 4831433.380005 279.049988
463548.320007 4831433.410004 279.040009
463548.330017 4831433.429993 279.010010
463548.349976 4831433.440002 278.980011
463548.359985 4831433.459991 278.959991
463548.380005 4831433.480011 278.940002
463548.390015 4831433.500000 278.920013
463548.409973 4831433.519989 278.899994
463548.469971 4831433.510010 278.690002
463548.479980 4831433.450012 278.559998
463548.500000 4831433.500000 278.570007
463548.309998 4831433.390015 279.049988
463548.330017 4831433.410004 279.029999
463548.340027 4831433.429993 279.000000
463548.359985 4831433.450012 278.980011
463548.369995 4831433.470001 278.950012
463548.390015 4831433.489990 278.920013
463548.409973 4831433.510010 278.910004
463548.460022 4831433.540009 278.750000
463548.510010 4831433.510010 278.570007
463548.299988 4831433.380005 279.079987
463548.309998 4831433.399994 279.059998
463548.320007 4831433.410004 279.029999
463548.340027 4831433.429993 279.000000
463548.349976 4831433.450012 278.980011
463548.369995 4831433.470001 278.970001
463548.380005 4831433.489990 278.940002
463548.400024 4831433.510010 278.910004
463548.419983 4831433.529999 278.890015
463548.469971 4831433.529999 278.730011
463548.479980 4831433.470001 278.609985
463548.500000 4831433.500000 278.559998
463548.380005 4831433.380005 278.609985
463548.390015 4831433.410004 278.600006
463548.409973 4831433.429993 278.570007
463548.429993 4831433.459991 278.570007
463548.440002 4831433.450012 278.510010
463548.270020 4831433.350006 278.739990
463548.380005 4831433.390015 278.619995
463548.359985 4831433.369995 278.649994
463548.390015 4831433.459991 278.859985
463548.390015 4831433.480011 278.929993
463548.380005 4831433.470001 278.970001
463548.369995 4831433.450012 279.000000
463548.349976 4831433.429993 279.029999
463548.349976 4831433.450012 279.109985
463548.429993 4831433.380005 278.410004
463548.429993 4831433.390015 278.480011
463548.440002 4831433.440002 278.640015
463548.429993 4831433.450012 278.700012
463548.450012 4831433.500000 278.820007
463548.479980 4831433.369995 278.459991
463548.489990 4831433.429993 278.570007
463548.489990 4831433.429993 278.619995
463548.369995 4831433.429993 278.910004
463548.359985 4831433.420013 278.959991
463548.460022 4831433.489990 278.670013
463548.469971 4831433.500000 278.739990
463548.460022 4831433.480011 278.779999
463548.419983 4831433.420013 278.760010
463548.380005 4831433.359985 278.739990
463548.479980 4831433.440002 278.529999
463548.479980 4831433.440002 278.589996
463548.479980 4831433.440002 278.660004
463548.419983 4831433.489990 278.910004
463548.369995 4831433.440002 278.899994
463548.270020 4831433.339996 278.799988
463548.479980 4831433.529999 278.739990
463548.479980 4831433.510010 278.779999
463548.460022 4831433.459991 278.579987
463548.469971 4831433.450012 278.630005
463548.429993 4831433.410004 278.619995
463548.469971 4831433.429993 278.450012
463548.489990 4831433.429993 278.510010
463548.500000 4831433.429993 278.579987
463548.489990 4831433.390015 278.470001
463548.450012 4831433.459991 278.760010
463548.450012 4831433.500000 278.829987
463548.340027 4831433.420013 278.970001
463548.340027 4831433.440002 278.989990
463548.440002 4831433.420013 278.660004
463548.429993 4831433.440002 278.709991
463548.400024 4831433.450012 278.959991
463548.400024 4831433.440002 278.839996
463548.380005 4831433.309998 278.589996
463548.380005 4831433.299988 278.529999
463548.380005 4831433.299988 278.480011
463548.270020 4831433.299988 279.000000
463548.409973 4831433.500000 279.179993
463548.419983 4831433.500000 279.119995
463548.390015 4831433.450012 279.070007
463548.409973 4831433.450012 279.000000
463548.400024 4831433.459991 278.959991
463548.419983 4831433.390015 278.839996
463548.419983 4831433.390015 278.790009
463548.330017 4831433.339996 278.940002
463548.260010 4831433.250000 279.070007
463548.260010 4831432.859985 279.390015
463548.429993 4831433.440002 278.980011
463548.409973 4831433.459991 278.950012
463548.419983 4831433.390015 278.779999
463548.400024 4831433.279999 278.500000
463548.419983 4831433.290009 278.440002
463548.349976 4831433.320007 278.720001
463548.390015 4831433.339996 278.670013
463548.479980 4831433.380005 278.489990
463548.469971 4831433.380005 278.549988
463548.510010 4831433.440002 278.589996
463548.479980 4831433.450012 278.690002
463548.479980 4831433.450012 278.739990
463548.479980 4831433.420013 278.480011
463548.460022 4831433.440002 278.570007
463548.469971 4831433.450012 278.640015
463548.460022 4831433.459991 278.720001
463548.369995 4831433.420013 279.000000
463548.380005 4831433.380005 279.010010
463548.349976 4831433.359985 279.010010
463548.479980 4831433.420013 278.829987
463548.479980 4831433.429993 278.779999
463548.520020 4831433.410004 278.600006
463548.479980 4831433.350006 278.600006
463548.440002 4831433.309998 278.579987
463548.469971 4831433.309998 278.440002
463548.419983 4831433.290009 278.559998
463548.440002 4831433.290009 278.450012
463548.469971 4831433.459991 278.859985
463548.460022 4831433.309998 278.459991
463548.419983 4831433.269989 278.470001
463548.510010 4831433.459991 278.649994
463548.460022 4831433.529999 278.850006
463548.510010 4831433.470001 278.609985
463548.289978 4831432.839996 279.339996
463548.200012 4831433.429993 279.899994
463548.349976 4831433.399994 279.040009
463548.349976 4831433.410004 279.040009
463548.330017 4831433.339996 278.769989
463548.349976 4831433.350006 278.700012
463548.369995 4831433.380005 278.730011
463548.419983 4831433.440002 278.670013
463548.429993 4831433.350006 278.420013
463548.460022 4831433.459991 278.829987
463548.409973 4831433.470001 278.920013
463548.469971 4831433.410004 278.609985
463548.380005 4831433.420013 278.980011
463548.349976 4831433.399994 278.950012
463548.340027 4831433.390015 278.910004
463548.330017 4831433.369995 279.029999
463548.330017 4831433.359985 279.059998
463548.469971 4831433.329987 278.410004
463548.320007 4831433.339996 279.049988
463548.349976 4831433.339996 278.540009
463548.289978 4831433.239990 278.869995
463548.179993 4831432.529999 279.100006
463548.510010 4831433.410004 278.579987
463548.320007 4831433.309998 278.799988
463548.450012 4831433.470001 278.970001
463548.460022 4831433.410004 278.549988
463548.510010 4831433.489990 278.730011
463548.500000 4831433.470001 278.649994
463548.520020 4831433.450012 278.630005
463548.469971 4831433.540009 278.769989
463548.159973 4831433.529999 280.019989
463548.190002 4831433.480011 279.890015
463548.200012 4831433.500000 279.899994
463548.210022 4831433.510010 279.910004
463548.190002 4831433.470001 279.890015
463548.239990 4831433.529999 279.899994
463548.229980 4831433.510010 279.940002
463548.239990 4831433.510010 279.970001
463548.200012 4831433.510010 279.920013
463548.219971 4831433.519989 279.929993
463548.190002 4831433.480011 279.940002
463548.419983 4831433.540009 279.170013
463548.210022 4831433.480011 279.910004
463548.450012 4831433.540009 279.019989
463548.409973 4831433.619995 279.040009
463548.460022 4831433.589996 278.970001
463548.229980 4831433.549988 279.970001
463548.239990 4831433.549988 279.950012
463548.479980 4831433.570007 278.850006
463548.450012 4831433.609985 279.010010
463548.260010 4831433.579987 279.920013
463548.429993 4831433.540009 279.079987
463548.460022 4831433.549988 278.899994
463548.330017 4831433.540009 279.489990
463548.460022 4831433.600006 278.989990
463548.489990 4831433.579987 278.869995
463548.429993 4831433.540009 278.899994
463548.450012 4831433.600006 278.940002
463548.460022 4831433.559998 278.820007
463548.429993 4831433.579987 278.929993
463548.450012 4831433.570007 278.880005
463548.460022 4831433.540009 278.790009
463548.429993 4831433.559998 278.920013
463548.450012 4831433.579987 278.890015
463548.460022 4831433.549988 278.809998
463548.419983 4831433.540009 278.899994
463548.440002 4831433.609985 278.950012
463548.450012 4831433.549988 278.809998
463548.429993 4831433.559998 278.929993
463548.450012 4831433.600006 278.940002
463548.469971 4831433.570007 278.850006
463548.450012 4831433.589996 278.959991
463548.460022 4831433.579987 278.899994
463548.479980 4831433.570007 278.839996
463548.429993 4831433.540009 278.910004
463548.450012 4831433.600006 278.940002
463548.460022 4831433.570007 278.850006
463548.429993 4831433.570007 278.929993
463548.440002 4831433.589996 278.899994
463548.460022 4831433.540009 278.779999
463548.419983 4831433.540009 278.899994
463548.440002 4831433.600006 278.929993
463548.450012 4831433.559998 278.839996
463548.440002 4831433.609985 278.950012
463548.450012 4831433.559998 278.820007
463548.460022 4831433.559998 278.980011
463548.460022 4831433.559998 278.980011
463548.460022 4831433.609985 279.019989
463548.440002 4831433.559998 278.989990
463548.900024 4831432.140015 278.959991
463548.909973 4831432.190002 279.079987
463548.909973 4831432.200012 279.130005
463548.900024 4831432.220001 279.269989
463548.909973 4831432.250000 279.299988
463548.909973 4831432.269989 279.380005
463548.820007 4831432.019989 278.410004
463548.830017 4831432.029999 278.459991
463548.840027 4831432.049988 278.489990
463548.869995 4831432.119995 278.720001
463548.900024 4831432.179993 279.040009
463548.909973 4831432.209991 279.100006
463548.789978 4831432.049988 278.450012
463548.840027 4831432.179993 278.410004
463548.890015 4831432.089996 278.839996
463548.909973 4831432.190002 279.079987
463548.909973 4831432.200012 279.119995
463548.909973 4831432.209991 279.160004
463548.909973 4831432.239990 279.250000
463548.909973 4831432.250000 279.290009
463548.909973 4831432.279999 279.369995
463548.909973 4831432.290009 279.429993
463548.900024 4831432.160004 279.100006
463548.929993 4831432.200012 279.109985
463548.900024 4831432.149994 279.019989
463548.909973 4831432.179993 279.049988
463548.909973 4831432.190002 279.100006
463548.919983 4831432.209991 279.130005
463548.859985 4831432.079987 278.720001
463548.859985 4831432.100006 278.760010
463548.859985 4831432.109985 278.809998
463548.869995 4831432.130005 278.839996
463548.869995 4831432.190002 279.010010
463548.890015 4831432.220001 279.029999
463548.880005 4831432.230011 279.079987
463548.890015 4831432.250000 279.109985
463548.880005 4831432.250000 279.160004
463548.880005 4831432.260010 279.200012
463548.809998 4831432.049988 278.579987
463548.820007 4831432.109985 278.450012
463548.750000 4831432.190002 278.679993
463548.900024 4831432.269989 279.399994
463548.890015 4831432.279999 279.459991
463548.890015 4831432.329987 279.579987
463548.849976 4831432.079987 278.760010
463548.869995 4831432.119995 278.799988
463548.799988 4831431.989990 278.410004
463548.780029 4831431.989990 278.470001
463548.659973 4831432.160004 278.730011
463548.960022 4831432.500000 279.890015
463548.979980 4831432.390015 279.790009
463548.950012 4831432.339996 279.630005
463548.859985 4831432.070007 278.869995
463548.900024 4831432.059998 278.500000
463548.849976 4831432.000000 278.559998
463548.859985 4831432.000000 278.489990
463548.849976 4831431.980011 278.459991
463548.849976 4831431.970001 278.420013
463548.979980 4831432.339996 279.779999
463549.000000 4831432.350006 279.700012
463548.979980 4831432.309998 279.649994
463548.960022 4831432.260010 279.489990
463548.960022 4831432.220001 279.250000
463548.929993 4831432.119995 278.920013
463548.929993 4831432.100006 278.890015
463548.929993 4831432.089996 278.850006
463548.919983 4831432.079987 278.809998
463548.900024 4831432.049988 278.809998
463548.909973 4831432.059998 278.730011
463548.909973 4831432.040009 278.690002
463548.890015 4831432.000000 278.570007
463548.890015 4831431.980011 278.470001
463548.880005 4831431.959991 278.450012
463548.880005 4831431.950012 278.410004
463548.960022 4831432.040009 278.649994
463548.659973 4831432.160004 278.679993
463548.880005 4831432.420013 279.829987
463548.690002 4831432.179993 278.750000
463548.960022 4831432.410004 279.730011
463548.979980 4831432.369995 279.940002
463548.979980 4831432.369995 279.880005
463548.960022 4831432.339996 279.869995
463548.979980 4831432.369995 279.709991
463548.969971 4831432.359985 279.660004
463548.950012 4831432.329987 279.660004
463548.989990 4831432.350006 279.929993
463548.969971 4831432.320007 279.869995
463549.000000 4831432.369995 279.739990
463548.989990 4831432.359985 279.700012
463548.979980 4831432.350006 279.670013
463548.969971 4831432.329987 279.630005
463548.940002 4831432.299988 279.450012
463549.000000 4831432.359985 279.690002
463548.989990 4831432.339996 279.660004
463548.960022 4831432.290009 279.470001
463548.960022 4831432.299988 279.399994
463548.950012 4831432.290009 279.350006
463548.940002 4831432.279999 279.239990
463549.000000 4831432.329987 279.679993
463548.969971 4831432.290009 279.459991
463548.960022 4831432.279999 279.429993
463548.960022 4831432.269989 279.390015
463548.950012 4831432.269989 279.329987
463548.950012 4831432.279999 279.260010
463548.940002 4831432.260010 279.239990
463549.020020 4831432.329987 279.700012
463548.979980 4831432.279999 279.450012
463548.969971 4831432.269989 279.410004
463548.960022 4831432.260010 279.359985
463548.960022 4831432.260010 279.290009
463548.950012 4831432.239990 279.269989
463548.960022 4831432.260010 279.200012
463548.950012 4831432.250000 279.160004
463548.820007 4831432.070007 278.769989
463549.000000 4831432.269989 279.470001
463549.000000 4831432.279999 279.390015
463548.979980 4831432.250000 279.279999
463548.960022 4831432.220001 279.250000
463548.960022 4831432.220001 279.200012
463548.940002 4831432.200012 279.070007
463548.929993 4831432.179993 279.040009
463548.909973 4831432.170013 278.959991
463549.039978 4831432.299988 279.470001
463548.969971 4831432.190002 279.200012
463548.969971 4831432.200012 279.140015
463548.960022 4831432.190002 279.079987
463548.950012 4831432.170013 279.049988
463548.940002 4831432.160004 279.010010
463548.940002 4831432.160004 278.959991
463548.900024 4831432.119995 278.809998
463548.869995 4831432.059998 278.850006
463549.059998 4831432.269989 279.750000
463548.979980 4831432.179993 279.059998
463548.969971 4831432.160004 279.029999
463548.960022 4831432.149994 278.989990
463548.950012 4831432.140015 278.950012
463548.940002 4831432.130005 278.910004
463548.940002 4831432.130005 278.850006
463548.890015 4831432.049988 278.760010
463548.989990 4831432.160004 279.000000
463548.960022 4831432.109985 278.920013
463548.919983 4831432.059998 278.690002
463548.799988 4831431.880005 278.609985
463548.940002 4831432.040009 278.720001
463548.940002 4831432.049988 278.640015
463548.869995 4831431.940002 278.429993
463548.960022 4831432.250000 279.910004
463548.969971 4831432.369995 279.700012
463549.000000 4831432.380005 279.359985
463548.969971 4831432.320007 279.399994
463548.960022 4831432.290009 279.390015
463548.940002 4831432.260010 279.359985
463548.940002 4831432.290009 279.290009
463549.000000 4831432.369995 278.970001
463548.960022 4831432.209991 279.140015
463548.950012 4831432.200012 279.109985
463548.929993 4831432.190002 279.070007
463548.940002 4831432.130005 278.859985
463548.929993 4831432.140015 278.790009
463548.929993 4831432.140015 278.730011
463548.880005 4831431.970001 278.559998
463548.780029 4831432.029999 278.410004
463548.799988 4831432.049988 278.489990
463548.890015 4831432.190002 279.040009
463548.760010 4831432.029999 278.410004
463548.770020 4831432.049988 278.440002
463548.780029 4831432.059998 278.489990
463548.880005 4831432.230011 279.109985
463548.750000 4831432.029999 278.429993
463548.760010 4831432.049988 278.450012
463548.770020 4831432.059998 278.500000
463548.869995 4831432.230011 279.130005
463548.760010 4831432.029999 278.420013
463548.770020 4831432.040009 278.450012
463548.780029 4831432.049988 278.500000
463548.820007 4831432.130005 278.769989
463548.869995 4831432.209991 279.029999
463548.890015 4831432.239990 279.109985
463548.770020 4831432.029999 278.420013
463548.770020 4831432.029999 278.480011
463548.789978 4831432.059998 278.500000
463548.890015 4831432.230011 279.119995
463548.770020 4831432.019989 278.410004
463548.780029 4831432.049988 278.420013
463548.780029 4831432.019989 278.559998
463548.830017 4831432.119995 278.720001
463548.849976 4831432.149994 278.799988
463548.780029 4831432.040009 278.429993
463548.770020 4831432.019989 278.549988
463548.760010 4831432.029999 278.410004
463548.760010 4831432.029999 278.489990
463548.890015 4831432.250000 279.119995
463548.849976 4831432.269989 279.140015
463548.869995 4831432.290009 279.359985
463548.919983 4831432.500000 280.000000
463548.809998 4831432.109985 278.709991
463548.789978 4831432.109985 278.799988
463548.830017 4831432.260010 279.140015
463548.830017 4831432.290009 279.279999
463548.840027 4831432.309998 279.299988
463548.840027 4831432.320007 279.369995
463548.830017 4831432.329987 279.420013
463548.840027 4831432.350006 279.440002
463548.739990 4831432.040009 278.410004
463549.030029 4831432.380005 279.670013
463548.890015 4831432.369995 279.709991
463548.849976 4831432.359985 279.589996
463548.840027 4831432.200012 279.089996
463548.840027 4831432.220001 279.130005
463548.799988 4831432.250000 279.290009
463548.789978 4831432.269989 279.339996
463548.859985 4831432.320007 279.079987
463548.789978 4831432.059998 278.600006
463548.750000 4831432.059998 278.470001
463548.900024 4831432.369995 279.730011
463548.840027 4831432.079987 278.820007
463548.950012 4831432.380005 279.950012
463549.000000 4831432.339996 279.890015
463548.909973 4831432.429993 279.929993
463548.859985 4831432.209991 279.130005
463548.809998 4831432.339996 279.470001
463548.830017 4831432.369995 279.529999
463548.809998 4831432.350006 279.420013
463548.900024 4831432.470001 279.799988
463548.840027 4831432.369995 279.559998
463548.830017 4831432.359985 279.489990
463548.840027 4831432.350006 279.600006
463548.820007 4831432.450012 279.769989
463548.840027 4831432.459991 279.709991
463548.729980 4831432.440002 279.720001
463548.840027 4831432.359985 279.089996
463548.659973 4831432.329987 279.679993
463548.859985 4831432.290009 279.230011
463548.849976 4831432.320007 279.359985
463548.909973 4831432.369995 279.519989
463548.909973 4831432.500000 280.010010
463549.039978 4831432.399994 279.589996
463548.609985 4831432.299988 279.660004
463548.849976 4831432.470001 279.649994
463548.789978 4831432.260010 279.140015
463548.880005 4831432.380005 279.600006
463548.849976 4831432.299988 279.070007
463548.909973 4831432.369995 279.519989
463548.840027 4831432.399994 279.489990
463548.890015 4831432.420013 279.679993
463548.890015 4831432.380005 279.500000
463548.950012 4831432.380005 279.450012
463548.859985 4831432.309998 279.269989
463548.780029 4831432.239990 279.100006
463548.880005 4831432.299988 279.040009
463548.869995 4831432.269989 279.109985
463548.849976 4831432.260010 279.079987
463548.799988 4831432.399994 279.589996
463548.710022 4831432.369995 279.540009
463548.929993 4831432.489990 280.010010
463548.900024 4831432.500000 279.760010
463548.880005 4831432.380005 279.440002
463548.880005 4831432.359985 279.350006
463548.880005 4831432.339996 279.269989
463548.869995 4831432.309998 279.160004
463548.869995 4831432.290009 279.079987
463548.869995 4831432.269989 279.000000
463548.799988 4831432.149994 278.589996
463548.789978 4831432.170013 278.570007
463548.760010 4831432.369995 279.559998
463548.729980 4831432.359985 279.570007
463548.770020 4831432.390015 279.589996
463548.890015 4831432.410004 279.489990
463548.890015 4831432.420013 279.489990
463548.890015 4831432.429993 279.489990
463548.859985 4831432.420013 279.470001
463548.789978 4831432.399994 279.489990
463548.840027 4831432.390015 279.320007
463548.849976 4831432.390015 279.269989
463548.809998 4831432.339996 279.160004
463548.830017 4831432.320007 279.079987
463548.619995 4831432.359985 279.619995
463548.760010 4831432.160004 278.510010
463548.669983 4831432.179993 278.700012
463548.729980 4831432.079987 278.470001
463548.780029 4831432.100006 278.529999
463548.820007 4831432.329987 279.309998
463548.820007 4831432.369995 279.450012
463548.820007 4831432.390015 279.529999
463548.859985 4831432.299988 279.260010
463548.869995 4831432.380005 279.510010
463548.869995 4831432.380005 279.559998
463548.859985 4831432.410004 279.750000
463548.880005 4831432.500000 279.989990
463548.940002 4831432.380005 279.549988
463548.869995 4831432.309998 279.829987
463548.900024 4831432.390015 279.970001
463548.609985 4831432.410004 279.859985
463548.659973 4831432.420013 279.839996
463548.690002 4831432.399994 279.760010
463548.750000 4831432.369995 279.540009
463548.799988 4831432.369995 279.540009
463548.849976 4831432.440002 279.679993
463548.869995 4831432.480011 279.779999
463548.809998 4831432.320007 279.309998
463548.849976 4831432.369995 279.420013
463548.859985 4831432.380005 279.510010
463548.880005 4831432.399994 279.589996
463548.880005 4831432.410004 279.660004
463548.890015 4831432.410004 279.709991
463548.900024 4831432.429993 279.779999
463548.919983 4831432.390015 279.540009
463548.849976 4831432.250000 279.019989
463548.770020 4831432.079987 278.420013
463548.830017 4831432.149994 278.739990
463548.820007 4831432.130005 278.760010
463548.809998 4831432.109985 278.799988
463548.919983 4831432.380005 279.709991
463548.880005 4831432.339996 279.359985
463548.849976 4831432.269989 279.029999
463548.869995 4831432.269989 279.100006
463548.799988 4831432.100006 278.450012
463548.869995 4831432.500000 279.989990
463548.809998 4831432.440002 279.779999
463548.859985 4831432.359985 279.510010
463548.840027 4831432.380005 279.589996
463548.840027 4831432.369995 279.540009
463548.809998 4831432.380005 279.589996
463548.830017 4831432.279999 279.230011
463548.809998 4831432.290009 279.290009
463548.789978 4831432.320007 279.329987
463548.780029 4831432.269989 279.190002
463548.739990 4831432.079987 278.529999
463548.690002 4831432.089996 278.440002
463548.669983 4831432.109985 278.510010
463548.929993 4831432.309998 279.559998
463548.780029 4831432.339996 279.709991
463548.719971 4831432.369995 279.549988
463548.760010 4831432.250000 279.410004
463548.760010 4831432.250000 279.359985
463548.770020 4831432.239990 279.290009
463548.770020 4831432.230011 279.230011
463548.669983 4831432.260010 279.529999
463548.760010 4831432.160004 279.200012
463548.750000 4831432.170013 279.149994
463548.760010 4831432.160004 279.100006
463548.609985 4831432.250000 279.589996
463548.700012 4831432.029999 278.600006
463548.710022 4831432.019989 278.540009
463548.700012 4831432.029999 278.500000
463548.650024 4831432.010010 278.519989
463548.429993 4831432.160004 279.850006
463548.789978 4831432.450012 278.670013
463548.719971 4831432.000000 278.619995
463548.669983 4831432.029999 278.630005
463548.760010 4831432.029999 278.420013
463548.840027 4831432.230011 279.089996
463548.849976 4831432.230011 279.130005
463548.869995 4831432.369995 279.089996
463548.859985 4831432.350006 279.579987
463548.909973 4831432.450012 279.940002
463548.739990 4831432.019989 278.410004
463548.739990 4831432.029999 278.440002
463548.750000 4831432.040009 278.440002
463548.710022 4831432.089996 278.739990
463548.750000 4831432.029999 278.420013
463548.760010 4831432.019989 278.450012
463548.690002 4831432.100006 278.750000
463548.719971 4831432.079987 278.440002
463548.739990 4831432.070007 278.450012
463548.760010 4831432.070007 278.489990
463548.770020 4831432.059998 278.519989
463548.760010 4831432.149994 278.690002
463548.640015 4831432.339996 279.640015
463548.830017 4831432.149994 278.529999
463548.849976 4831432.290009 279.040009
463548.869995 4831432.279999 279.059998
463548.840027 4831432.309998 279.170013
463548.830017 4831432.320007 279.250000
463548.830017 4831432.329987 279.309998
463548.830017 4831432.339996 279.369995
463548.820007 4831432.359985 279.529999
463548.900024 4831432.350006 279.750000
463548.859985 4831432.359985 279.059998
463548.909973 4831432.440002 280.010010
463548.640015 4831432.329987 279.640015
463548.750000 4831432.079987 278.510010
463548.770020 4831432.089996 278.600006
463548.830017 4831432.279999 279.149994
463548.830017 4831432.320007 279.250000
463548.820007 4831432.339996 279.320007
463548.830017 4831432.359985 279.429993
463548.840027 4831432.369995 279.489990
463548.840027 4831432.390015 279.549988
463548.849976 4831432.399994 279.609985
463548.859985 4831432.410004 279.670013
463548.900024 4831432.459991 279.959991
463548.859985 4831432.309998 279.059998
463548.900024 4831432.420013 279.549988
463549.000000 4831432.410004 279.579987
463548.859985 4831432.350006 279.070007
463548.859985 4831432.299988 279.040009
463548.869995 4831432.299988 279.049988
463548.890015 4831432.429993 279.579987
463548.859985 4831432.269989 279.070007
463548.859985 4831432.380005 279.440002
463548.869995 4831432.390015 279.489990
463548.890015 4831432.380005 279.519989
463548.859985 4831432.440002 279.660004
463548.869995 4831432.470001 279.769989
463548.809998 4831432.279999 279.209991
463548.840027 4831432.350006 279.510010
463548.840027 4831432.369995 279.570007
463548.890015 4831432.440002 279.959991
463548.929993 4831432.420013 279.959991
463548.640015 4831432.200012 278.730011
463548.690002 4831432.179993 278.760010
463548.729980 4831432.059998 278.440002
463548.729980 4831432.160004 278.750000
463548.780029 4831432.350006 279.519989
463548.780029 4831432.369995 279.519989
463548.820007 4831432.279999 279.109985
463548.820007 4831432.320007 279.269989
463548.830017 4831432.369995 279.450012
463548.840027 4831432.380005 279.500000
463548.849976 4831432.390015 279.559998
463548.849976 4831432.410004 279.630005
463548.849976 4831432.429993 279.690002
463548.909973 4831432.459991 279.940002
463548.859985 4831432.320007 279.059998
463548.890015 4831432.450012 279.589996
463548.880005 4831432.369995 279.140015
463548.859985 4831432.390015 279.140015
463548.929993 4831432.390015 279.950012
463548.859985 4831432.309998 279.079987
463548.809998 4831432.329987 279.440002
463548.820007 4831432.209991 279.109985
463548.770020 4831432.149994 278.420013
463548.750000 4831432.079987 278.549988
463548.719971 4831432.029999 278.540009
463548.729980 4831432.010010 278.450012
463548.710022 4831432.019989 278.410004
463548.669983 4831432.059998 278.470001
463548.950012 4831432.329987 279.970001
463548.900024 4831432.380005 279.679993
463548.880005 4831432.390015 279.670013
463548.869995 4831432.350006 279.750000
463548.840027 4831432.239990 279.429993
463548.849976 4831432.239990 279.339996
463548.859985 4831432.220001 278.429993
463548.770020 4831432.029999 278.540009
463548.950012 4831432.470001 280.040009
463548.929993 4831432.440002 279.980011
463548.919983 4831432.470001 279.890015
463549.140015 4831432.369995 279.630005
463548.940002 4831432.209991 279.799988
463548.869995 4831432.260010 279.450012
463548.849976 4831432.269989 279.440002
463548.849976 4831432.239990 279.329987
463548.659973 4831432.250000 279.630005
463548.849976 4831432.200012 279.160004
463548.859985 4831432.149994 279.040009
463548.840027 4831432.010010 278.769989
463548.799988 4831432.040009 278.570007
463548.780029 4831432.059998 278.529999
463548.789978 4831432.010010 278.540009
463548.780029 4831432.029999 278.489990
463548.750000 4831432.040009 278.489990
463548.729980 4831432.070007 278.420013
463548.799988 4831431.980011 278.500000
463548.780029 4831431.989990 278.470001
463548.760010 4831432.010010 278.450012
463548.840027 4831432.149994 278.760010
463548.830017 4831432.239990 279.079987
463549.080017 4831432.480011 279.679993
463548.599976 4831432.290009 279.579987
463548.669983 4831432.329987 279.579987
463548.929993 4831432.359985 279.940002
463548.929993 4831432.450012 279.989990
463548.909973 4831432.420013 279.570007
463548.859985 4831432.359985 279.239990
463548.770020 4831432.049988 278.600006
463548.799988 4831432.510010 279.440002
463548.840027 4831432.230011 279.279999
463548.799988 4831432.179993 278.690002
463548.799988 4831432.309998 279.649994
463548.780029 4831432.040009 278.450012
463548.789978 4831432.029999 278.420013
463548.849976 4831432.079987 278.529999
463548.880005 4831432.160004 278.829987
463548.919983 4831432.209991 278.970001
463548.929993 4831432.380005 279.679993
463548.929993 4831432.369995 279.619995
463548.880005 4831432.269989 278.420013
463548.940002 4831432.440002 279.799988
463548.950012 4831432.429993 279.750000
463548.960022 4831432.489990 279.920013
463548.919983 4831432.489990 279.750000
463548.929993 4831432.480011 279.720001
463548.979980 4831432.380005 280.000000
463548.789978 4831432.029999 278.429993
463548.809998 4831432.019989 278.410004
463548.919983 4831432.390015 279.640015
463548.929993 4831432.380005 279.589996
463548.900024 4831432.290009 279.230011
463548.859985 4831432.119995 278.570007
463549.780029 4831431.950012 278.839996
463549.780029 4831431.929993 278.829987
463549.799988 4831431.970001 278.869995
463549.799988 4831431.910004 278.850006
463549.799988 4831431.940002 278.790009
463549.799988 4831431.929993 278.859985
463549.750000 4831431.980011 278.809998
463549.710022 4831432.029999 278.730011
463549.700012 4831432.019989 278.720001
463549.700012 4831432.019989 278.730011
463549.719971 4831432.040009 278.739990
463549.679993 4831431.940002 278.640015
463549.739990 4831431.989990 278.820007
463549.770020 4831431.970001 278.910004
463549.780029 4831432.000000 278.920013
463549.780029 4831431.980011 278.940002
463549.770020 4831431.980011 278.869995
463549.770020 4831431.989990 278.869995
463549.650024 4831431.940002 278.459991
463549.780029 4831431.970001 278.760010
463549.719971 4831431.959991 278.559998
463549.799988 4831432.010010 278.920013
463549.760010 4831431.980011 278.880005
463549.780029 4831432.010010 278.869995
463549.789978 4831431.989990 278.799988
463549.750000 4831431.959991 278.769989
463549.770020 4831432.000000 278.779999
463549.739990 4831431.959991 278.750000
463549.760010 4831432.000000 278.750000
463549.690002 4831431.989990 278.630005
463549.640015 4831431.940002 278.500000
463549.690002 4831431.940002 278.630005
463549.739990 4831431.950012 278.790009
463549.789978 4831431.929993 278.820007
463549.799988 4831431.970001 278.929993
463549.789978 4831431.950012 278.959991
463549.750000 4831431.970001 278.779999
463549.760010 4831431.970001 278.829987
463549.780029 4831431.980011 278.779999
463549.700012 4831432.029999 278.720001
463549.659973 4831432.010010 278.790009
463549.760010 4831431.959991 278.760010
463549.770020 4831431.959991 278.809998
463549.780029 4831431.959991 278.850006
463549.799988 4831431.920013 278.899994
463549.679993 4831431.950012 278.519989
463549.780029 4831431.989990 278.899994
463549.739990 4831431.989990 278.730011
463549.729980 4831432.000000 278.750000
463549.739990 4831431.989990 278.730011
463549.780029 4831431.940002 278.829987
463549.659973 4831431.940002 278.500000
463549.679993 4831431.940002 278.529999
463549.750000 4831431.959991 278.750000
463549.780029 4831431.959991 278.799988
463549.789978 4831432.000000 278.779999
463549.690002 4831432.119995 278.809998
463549.479980 4831432.390015 280.049988
463549.690002 4831432.089996 278.799988
463549.690002 4831432.059998 278.790009
463549.719971 4831432.019989 278.739990
463549.780029 4831431.980011 278.950012
463549.760010 4831431.929993 278.859985
463549.739990 4831431.970001 278.589996
463549.659973 4831432.329987 280.040009
463548.500000 4831433.459991 278.859985
463548.530029 4831433.470001 278.899994
463548.469971 4831433.470001 278.950012
463548.520020 4831433.510010 279.510010
463548.979980 4831432.709991 280.029999
463549.010010 4831432.690002 280.010010
463548.960022 4831432.570007 279.989990
463548.580017 4831433.529999 279.029999
463548.630005 4831433.390015 278.549988
463548.580017 4831433.309998 278.510010
463548.590027 4831433.320007 278.440002
463548.570007 4831433.299988 278.429993
463548.590027 4831433.510010 278.970001
463548.590027 4831433.369995 278.640015
463548.909973 4831432.519989 280.059998
463548.840027 4831432.899994 280.079987
463548.760010 4831432.959991 280.149994
463548.830017 4831433.010010 280.010010
463548.760010 4831432.989990 280.109985
463548.780029 4831433.010010 280.070007
463548.559998 4831433.480011 280.059998
463548.219971 4831433.329987 280.179993
463548.440002 4831433.470001 280.209991
463548.909973 4831432.880005 279.940002
463548.900024 4831432.869995 279.890015
463548.900024 4831432.769989 279.910004
463548.900024 4831432.640015 279.839996
463548.869995 4831432.609985 279.799988
463548.909973 4831432.540009 279.910004
463548.369995 4831433.390015 279.959991
463548.520020 4831433.390015 280.200012
463548.919983 4831432.739990 280.089996
463548.880005 4831432.730011 279.859985
463548.409973 4831433.470001 280.190002
463548.859985 4831432.559998 280.149994
463548.890015 4831432.559998 280.070007
463548.859985 4831432.690002 280.019989
463548.760010 4831432.700012 280.040009
463548.719971 4831433.000000 280.140015
463548.729980 4831433.000000 280.140015
463548.929993 4831432.549988 280.070007
463548.900024 4831432.510010 280.100006
463548.880005 4831432.670013 279.730011
463548.859985 4831432.589996 279.700012
463548.900024 4831432.630005 279.920013
463548.890015 4831432.630005 279.970001
463548.929993 4831432.670013 280.190002
463548.880005 4831432.559998 279.790009
463548.900024 4831432.779999 280.059998
463548.880005 4831432.679993 279.989990
463548.880005 4831432.609985 279.910004
463548.979980 4831432.529999 280.040009
463548.960022 4831432.609985 280.119995
463548.919983 4831432.549988 279.920013
463548.890015 4831432.609985 279.920013
463548.919983 4831432.579987 280.010010
463548.890015 4831432.589996 279.910004
463548.900024 4831432.619995 279.899994
463548.890015 4831432.640015 279.920013
463548.900024 4831432.679993 279.709991
463548.859985 4831432.910004 280.089996
463548.789978 4831433.010010 280.119995
463548.419983 4831433.459991 280.209991
463548.950012 4831432.529999 280.109985
463548.909973 4831432.600006 280.170013
463548.919983 4831432.630005 280.149994
463548.820007 4831432.519989 279.589996
463548.869995 4831432.890015 279.829987
463548.840027 4831432.839996 280.130005
463548.900024 4831432.519989 279.910004
463548.890015 4831432.529999 280.070007
463548.909973 4831432.589996 280.190002
463548.429993 4831433.459991 280.170013
463548.679993 4831433.000000 278.839996
463548.880005 4831432.690002 279.940002
463548.869995 4831432.600006 279.890015
463548.880005 4831432.559998 279.890015
463548.909973 4831432.519989 279.940002
463548.929993 4831432.540009 280.040009
463548.929993 4831432.540009 280.089996
463548.489990 4831433.459991 280.130005
463548.500000 4831433.519989 278.859985
463548.929993 4831432.899994 280.209991
463548.900024 4831432.549988 279.890015
463548.969971 4831432.570007 280.149994
463548.830017 4831432.910004 280.109985
463548.789978 4831432.920013 280.119995
463548.320007 4831433.410004 279.869995
463548.869995 4831432.529999 280.010010
463548.869995 4831432.619995 279.929993
463548.869995 4831432.649994 279.929993
463548.859985 4831432.589996 279.880005
463548.859985 4831432.609985 279.920013
463548.799988 4831432.859985 279.950012
463548.400024 4831433.500000 279.239990
463548.900024 4831432.709991 279.769989
463548.880005 4831432.880005 279.899994
463548.770020 4831432.980011 280.100006
463548.789978 4831432.970001 280.119995
463548.559998 4831432.589996 280.160004
463548.890015 4831432.540009 280.040009
463548.900024 4831432.540009 280.079987
463548.909973 4831432.540009 280.119995
463548.940002 4831432.600006 280.160004
463548.950012 4831432.600006 280.209991
463548.869995 4831432.679993 279.940002
463548.869995 4831432.720001 279.739990
463548.789978 4831432.890015 280.209991
463548.770020 4831432.970001 280.109985
463548.809998 4831432.950012 280.109985
463548.919983 4831432.549988 280.029999
463548.929993 4831432.559998 280.079987
463548.940002 4831432.559998 280.130005
463548.940002 4831432.570007 280.179993
463548.909973 4831432.549988 280.019989
463548.919983 4831432.559998 280.079987
463548.929993 4831432.570007 280.149994
463548.940002 4831432.570007 280.190002
463548.929993 4831432.549988 280.100006
463548.940002 4831432.549988 280.130005
463548.869995 4831432.529999 279.980011
463548.900024 4831432.519989 280.000000
463548.909973 4831432.519989 280.049988
463548.909973 4831432.529999 280.109985
463548.929993 4831432.540009 280.160004
463548.929993 4831432.579987 280.100006
463548.940002 4831432.579987 280.149994
463548.869995 4831432.709991 279.730011
463548.739990 4831432.970001 280.049988
463548.820007 4831432.880005 279.959991
463548.770020 4831432.970001 280.140015
463548.799988 4831432.950012 280.119995
463548.830017 4831432.920013 280.109985
463548.880005 4831432.820007 279.829987
463548.880005 4831432.850006 279.869995
463548.869995 4831432.899994 279.899994
463548.880005 4831432.920013 279.899994
463548.500000 4831433.429993 280.170013
463548.469971 4831433.510010 279.029999
463548.460022 4831433.510010 278.980011
463548.460022 4831433.480011 278.980011
463548.859985 4831432.910004 280.049988
463548.900024 4831432.820007 279.869995
463548.849976 4831432.869995 279.959991
463548.770020 4831432.940002 280.140015
463548.760010 4831432.940002 280.089996
463548.830017 4831432.850006 280.000000
463548.890015 4831432.730011 279.809998
463548.869995 4831432.679993 279.760010
463548.880005 4831432.640015 280.010010
463548.859985 4831432.649994 280.010010
463548.840027 4831432.600006 280.049988
463548.489990 4831433.500000 279.000000
463548.309998 4831433.440002 279.929993
463548.330017 4831433.350006 279.929993
463548.909973 4831432.869995 279.970001
463548.809998 4831432.920013 280.140015
463548.809998 4831432.920013 280.079987
463548.750000 4831432.950012 280.140015
463548.890015 4831432.859985 280.010010
463548.820007 4831432.890015 280.119995
463548.799988 4831432.910004 280.119995
463548.799988 4831432.890015 280.109985
463548.900024 4831432.799988 279.869995
463548.909973 4831432.739990 280.160004
463548.890015 4831432.820007 279.130005
463548.900024 4831432.690002 280.070007
463548.909973 4831432.700012 279.799988
463548.909973 4831432.579987 279.989990
463548.609985 4831432.579987 278.640015
463548.809998 4831432.880005 280.160004
463548.820007 4831432.890015 280.089996
463548.830017 4831432.769989 280.209991
463549.179993 4831433.029999 279.459991
463548.869995 4831432.679993 279.929993
463548.900024 4831432.730011 280.000000
463548.229980 4831433.329987 280.200012
463548.460022 4831433.470001 280.179993
463549.159973 4831433.000000 279.549988
463548.869995 4831432.609985 279.910004
463548.890015 4831432.600006 279.910004
463548.869995 4831432.630005 279.829987
463548.900024 4831432.649994 279.929993
463549.150024 4831433.480011 280.140015
463548.979980 4831433.149994 280.140015
463548.960022 4831432.799988 279.269989
463548.859985 4831432.779999 279.880005
463548.940002 4831432.720001 279.790009
463548.520020 4831433.500000 278.890015
463548.979980 4831432.579987 280.019989
463548.969971 4831433.160004 280.160004
463548.500000 4831433.470001 280.029999
463548.919983 4831432.609985 279.760010
463548.909973 4831432.700012 279.739990
463548.940002 4831432.869995 280.209991
463548.940002 4831432.859985 280.160004
463548.520020 4831433.519989 278.859985
463548.510010 4831433.510010 278.790009
463549.409973 4831432.660004 280.040009
463549.559998 4831432.649994 279.989990
463549.609985 4831432.660004 280.000000
463549.590027 4831432.640015 279.980011
463549.599976 4831432.700012 280.010010
463549.590027 4831432.679993 280.000000
463549.559998 4831432.589996 280.079987
463549.270020 4831432.700012 280.170013
463549.270020 4831432.720001 280.200012
463549.289978 4831432.690002 279.910004
463549.510010 4831433.359985 280.070007
463549.599976 4831433.369995 280.100006
463549.549988 4831432.700012 280.040009
463549.479980 4831432.700012 280.040009
463549.570007 4831433.420013 280.079987
463549.609985 4831433.480011 280.019989
463549.530029 4831433.459991 280.079987
463549.520020 4831433.470001 280.049988
463549.500000 4831433.399994 280.179993
463549.500000 4831433.410004 280.040009
463549.530029 4831433.440002 280.130005
463549.539978 4831433.459991 280.140015
463549.549988 4831433.480011 280.089996
463549.549988 4831433.459991 280.109985
463549.369995 4831432.670013 279.980011
463549.549988 4831433.440002 280.000000
463549.419983 4831433.399994 280.200012
463549.520020 4831433.420013 280.209991
463549.559998 4831433.440002 280.079987
463549.549988 4831433.410004 280.100006
463549.309998 4831432.720001 280.059998
463549.429993 4831432.660004 280.019989
463549.530029 4831433.470001 280.089996
463549.530029 4831433.459991 280.130005
463549.520020 4831433.440002 280.160004
463549.489990 4831433.410004 280.119995
463549.539978 4831433.410004 280.070007
463549.320007 4831432.709991 280.019989
463549.429993 4831432.679993 279.929993
463549.469971 4831432.720001 279.959991
463549.390015 4831432.660004 279.929993
463549.419983 4831432.690002 279.920013
463549.559998 4831433.429993 280.109985
463549.570007 4831433.450012 280.019989
463549.309998 4831432.720001 280.070007
463549.330017 4831432.709991 279.950012
463549.479980 4831433.399994 280.190002
463549.539978 4831433.459991 280.119995
463549.500000 4831433.410004 280.160004
463549.549988 4831433.380005 280.160004
463549.309998 4831432.700012 280.019989
463549.570007 4831433.519989 280.029999
463549.419983 4831433.440002 280.130005
463549.500000 4831432.750000 280.059998
463549.320007 4831432.660004 279.929993
463549.400024 4831433.519989 280.109985
463549.340027 4831432.690002 279.899994
463549.330017 4831432.739990 280.179993
463549.409973 4831432.679993 279.940002
463549.409973 4831432.690002 279.989990
463549.500000 4831432.739990 280.019989
463549.219971 4831432.940002 279.589996
463549.219971 4831432.920013 279.480011
463549.489990 4831432.670013 280.029999
463549.229980 4831432.640015 280.209991
463549.520020 4831433.350006 280.130005
463549.460022 4831432.570007 279.940002
463549.440002 4831433.529999 280.109985
463549.320007 4831432.700012 280.190002
463549.369995 4831432.519989 280.140015
463549.440002 4831432.679993 279.989990
463549.440002 4831432.700012 279.980011
463549.530029 4831433.369995 280.059998
463549.440002 4831433.420013 280.119995
463549.270020 4831432.700012 280.160004
463549.250000 4831432.690002 280.149994
463549.580017 4831433.420013 280.019989
463549.599976 4831433.410004 280.000000
463549.690002 4831433.339996 280.130005
463549.309998 4831432.739990 280.049988
463549.349976 4831432.720001 280.079987
463549.549988 4831433.359985 280.019989
463549.599976 4831433.459991 280.100006
463549.549988 4831433.519989 279.989990
463549.320007 4831432.750000 280.209991
463549.309998 4831432.730011 280.130005
463549.330017 4831432.720001 280.119995
463549.330017 4831432.709991 280.079987
463549.330017 4831432.690002 280.019989
463549.309998 4831432.750000 280.160004
463549.320007 4831432.730011 280.100006
463549.330017 4831432.720001 280.079987
463549.330017 4831432.700012 280.019989
463549.330017 4831432.779999 280.209991
463549.320007 4831432.760010 280.140015
463549.330017 4831432.739990 280.100006
463549.340027 4831432.730011 280.059998
463549.549988 4831433.390015 280.100006
463549.570007 4831433.380005 280.059998
463549.580017 4831433.420013 280.109985
463549.539978 4831433.450012 280.070007
463549.539978 4831433.450012 280.019989
463549.549988 4831433.500000 280.070007
463549.619995 4831433.459991 280.059998
463548.489990 4831433.540009 278.929993
463548.530029 4831433.540009 278.829987
463549.619995 4831433.559998 279.450012
463549.570007 4831433.559998 279.510010
463549.690002 4831431.890015 278.440002
463549.770020 4831431.850006 278.640015
463549.770020 4831431.869995 278.670013
463549.789978 4831431.850006 278.489990
463549.710022 4831431.910004 278.579987
463549.659973 4831431.880005 278.420013
463549.659973 4831431.890015 278.459991
463549.659973 4831431.910004 278.489990
463549.609985 4831431.910004 278.420013
463549.799988 4831431.880005 278.670013
463549.739990 4831431.880005 278.649994
463549.789978 4831431.899994 278.829987
463549.799988 4831431.839996 278.649994
463549.799988 4831431.839996 278.720001
463549.679993 4831431.880005 278.540009
463549.700012 4831431.910004 278.609985
463549.650024 4831431.890015 278.480011
463549.659973 4831431.920013 278.489990
463549.640015 4831431.910004 278.470001
463549.640015 4831431.890015 278.510010
463549.650024 4831431.920013 278.500000
463549.599976 4831431.890015 278.410004
463549.619995 4831431.920013 278.440002
463549.609985 4831431.910004 278.420013
463549.650024 4831431.899994 278.510010
463549.640015 4831431.910004 278.489990
463549.599976 4831431.920013 278.429993
463549.609985 4831431.899994 278.429993
463549.619995 4831431.929993 278.459991
463549.650024 4831431.940002 278.450012
463549.609985 4831431.910004 278.410004
463549.659973 4831431.940002 278.440002
463549.619995 4831431.899994 278.450012
463549.609985 4831431.890015 278.489990
463549.690002 4831431.920013 278.559998
463549.770020 4831431.859985 278.700012
463549.669983 4831431.929993 278.579987
463549.630005 4831431.929993 278.500000
463549.690002 4831431.910004 278.440002
463549.679993 4831431.910004 278.500000
463549.690002 4831431.899994 278.540009
463549.700012 4831431.890015 278.579987
463549.719971 4831431.880005 278.619995
463549.789978 4831431.850006 278.730011
463549.679993 4831431.910004 278.570007
463549.679993 4831431.910004 278.609985
463549.780029 4831431.869995 278.700012
463549.640015 4831431.890015 278.470001
463549.630005 4831431.899994 278.410004
463549.640015 4831431.910004 278.450012
463549.659973 4831431.899994 278.480011
463549.669983 4831431.929993 278.589996
463549.659973 4831431.940002 278.429993
463549.760010 4831431.839996 278.720001
463549.679993 4831431.869995 278.549988
463549.750000 4831431.839996 278.700012
463549.739990 4831431.850006 278.660004
463549.729980 4831431.859985 278.609985
463549.780029 4831431.859985 278.679993
463549.710022 4831431.850006 278.540009
463549.659973 4831431.839996 278.429993
463549.799988 4831431.869995 278.709991
463549.659973 4831431.929993 278.489990
463549.700012 4831431.910004 278.559998
463549.659973 4831431.910004 278.529999
463549.669983 4831431.899994 278.619995
463549.640015 4831431.910004 278.519989
463549.789978 4831431.890015 278.890015
463549.669983 4831431.880005 278.410004
463549.700012 4831431.920013 278.450012
463549.780029 4831431.890015 278.589996
463549.799988 4831431.869995 278.589996
463548.419983 4831433.470001 280.209991
463548.400024 4831433.500000 280.209991
463548.280029 4831433.529999 279.910004
463548.460022 4831433.500000 280.170013
463548.429993 4831433.500000 280.179993
463548.440002 4831433.480011 280.160004
463548.380005 4831433.519989 279.589996
463548.349976 4831433.529999 279.899994
463548.359985 4831433.519989 279.929993
463548.330017 4831433.529999 279.920013
463548.409973 4831433.519989 280.200012
463548.330017 4831433.480011 279.920013
463548.419983 4831433.529999 279.160004
463548.500000 4831433.570007 279.230011
463548.489990 4831433.549988 279.079987
463548.320007 4831433.589996 279.649994
463549.140015 4831433.589996 279.760010
463548.609985 4831433.559998 279.160004
463548.590027 4831433.540009 279.130005
463548.500000 4831433.549988 278.970001
463548.510010 4831433.559998 279.019989
463548.469971 4831433.589996 279.010010
463548.469971 4831433.589996 279.070007
463548.409973 4831433.589996 279.549988
463548.340027 4831433.559998 279.910004
463548.489990 4831433.609985 279.470001
463548.469971 4831433.609985 279.500000
463548.440002 4831433.570007 279.589996
463548.479980 4831433.619995 279.529999
463548.469971 4831433.589996 279.519989
463548.489990 4831433.549988 278.980011
463548.369995 4831433.579987 279.609985
463548.390015 4831433.609985 279.660004
463548.359985 4831433.619995 279.799988
463548.299988 4831433.600006 280.019989
463548.340027 4831433.609985 279.829987
463548.359985 4831433.619995 279.790009
463548.380005 4831433.619995 279.670013
463548.340027 4831433.589996 279.790009
463548.390015 4831433.619995 279.640015
463548.380005 4831433.600006 279.649994
463548.369995 4831433.579987 279.660004
463548.419983 4831433.619995 279.549988
463548.419983 4831433.609985 279.589996
463548.409973 4831433.600006 279.619995
463548.450012 4831433.609985 279.470001
463548.489990 4831433.549988 279.010010
463548.520020 4831433.549988 278.890015
463548.409973 4831433.619995 279.609985
463548.489990 4831433.579987 279.000000
463548.500000 4831433.589996 278.950012
463548.309998 4831433.540009 279.989990
463548.460022 4831433.600006 279.119995
463548.429993 4831433.570007 280.209991
463548.330017 4831433.609985 279.790009
463548.330017 4831433.619995 279.720001
463548.349976 4831433.609985 279.549988
463548.349976 4831433.619995 279.559998
463548.479980 4831433.589996 278.980011
463548.400024 4831433.609985 279.429993
463548.390015 4831433.609985 279.480011
463548.390015 4831433.619995 279.540009
463548.380005 4831433.589996 279.559998
463548.359985 4831433.549988 279.570007
463548.450012 4831433.559998 279.029999
463548.460022 4831433.570007 279.100006
463548.460022 4831433.600006 279.170013
463548.340027 4831433.589996 279.679993
463548.489990 4831433.619995 279.130005
463548.479980 4831433.559998 278.959991
463548.460022 4831433.579987 279.019989
463548.320007 4831433.600006 280.049988
463548.460022 4831433.609985 279.559998
463548.419983 4831433.559998 279.440002
463548.510010 4831433.589996 279.070007
463548.380005 4831433.609985 279.619995
463548.419983 4831433.589996 279.609985
463548.409973 4831433.600006 279.690002
463548.349976 4831433.609985 279.829987
463548.299988 4831433.619995 279.959991
463548.400024 4831433.600006 279.589996
463548.380005 4831433.619995 279.679993
463548.320007 4831433.609985 279.959991
463548.369995 4831433.589996 279.579987
463548.380005 4831433.609985 279.649994
463548.390015 4831433.609985 279.690002
463548.469971 4831433.570007 279.190002
463548.469971 4831433.559998 279.109985
463548.460022 4831433.589996 279.529999
463548.450012 4831433.549988 279.190002
463548.429993 4831433.579987 279.549988
463548.429993 4831433.570007 279.470001
463548.409973 4831433.559998 279.640015
463548.400024 4831433.559998 279.579987
463548.380005 4831433.559998 279.850006
463548.340027 4831433.540009 279.859985
463548.479980 4831433.559998 279.470001
463548.489990 4831433.540009 278.950012
463548.309998 4831433.600006 279.970001
463548.489990 4831433.579987 279.100006
463548.349976 4831433.619995 279.839996
463548.369995 4831433.609985 279.880005
463548.380005 4831433.600006 279.630005
463548.340027 4831433.570007 280.029999
463548.359985 4831433.549988 280.000000
463548.320007 4831433.609985 279.940002
463548.340027 4831433.609985 279.899994
463548.340027 4831433.579987 279.549988
463548.390015 4831433.589996 279.540009
463548.400024 4831433.609985 279.540009
463548.409973 4831433.609985 279.450012
463548.390015 4831433.589996 279.869995
463548.359985 4831433.549988 279.579987
463548.469971 4831433.619995 279.529999
463548.479980 4831433.609985 279.489990
463548.369995 4831433.589996 279.600006
463548.390015 4831433.570007 279.579987
463548.460022 4831433.619995 279.510010
463548.510010 4831433.540009 278.910004
463548.520020 4831433.559998 278.880005
463549.429993 4831433.579987 280.059998
463549.429993 4831433.600006 280.059998
463549.359985 4831433.609985 280.089996
463549.270020 4831433.609985 280.170013
463549.619995 4831433.600006 279.420013
463549.619995 4831433.600006 279.359985
463549.549988 4831433.609985 279.480011
463549.479980 4831433.600006 279.570007
463549.479980 4831433.600006 279.570007
463549.469971 4831433.600006 279.600006
463549.479980 4831433.589996 279.600006
463549.469971 4831433.600006 279.559998
463549.479980 4831433.579987 279.600006
463549.460022 4831433.600006 279.570007
463549.429993 4831433.600006 279.640015
463549.409973 4831433.600006 279.690002
463549.260010 4831433.589996 280.200012
463549.590027 4831433.589996 279.570007
463549.520020 4831433.420013 280.200012
463549.559998 4831433.489990 280.179993
463549.570007 4831433.510010 280.119995
463549.580017 4831433.529999 280.109985
463549.590027 4831433.529999 280.209991
463549.570007 4831433.489990 280.160004
463549.549988 4831433.529999 280.100006
463549.580017 4831433.519989 280.140015
463549.590027 4831433.399994 280.200012
463549.580017 4831433.529999 280.140015
463549.549988 4831433.500000 280.109985
463549.599976 4831433.470001 280.109985
463549.580017 4831433.420013 280.200012
463549.690002 4831433.500000 280.179993
463549.549988 4831433.519989 280.079987
463549.650024 4831433.500000 280.179993
463549.619995 4831433.510010 280.209991
463549.630005 4831433.519989 280.179993
463549.539978 4831433.500000 280.149994
463549.549988 4831433.410004 280.209991
463549.570007 4831433.480011 280.209991
463549.609985 4831433.500000 280.100006
463549.619995 4831433.510010 280.209991
463549.590027 4831433.519989 280.070007
463549.609985 4831433.529999 280.019989
463549.539978 4831433.510010 280.119995
463549.619995 4831433.420013 280.200012
463549.719971 4831433.380005 280.119995
463549.590027 4831433.519989 280.079987
463549.659973 4831433.470001 280.170013
463549.580017 4831433.440002 280.190002
463549.609985 4831433.420013 280.200012
463549.609985 4831433.410004 280.149994
463549.570007 4831433.480011 280.170013
463549.570007 4831433.519989 280.119995
463549.669983 4831433.470001 280.170013
463549.520020 4831433.440002 280.209991
463549.599976 4831433.440002 280.209991
463549.539978 4831433.470001 280.140015
463549.559998 4831433.519989 280.149994
463549.580017 4831433.540009 280.059998
463549.559998 4831433.559998 280.049988
463549.580017 4831433.540009 280.160004
463549.559998 4831433.540009 280.079987
463549.580017 4831433.549988 280.200012
463549.570007 4831433.540009 280.160004
463549.580017 4831433.549988 280.200012
463549.609985 4831433.549988 280.059998
463549.539978 4831433.540009 280.179993
463549.559998 4831433.559998 280.019989
463549.609985 4831433.579987 280.190002
463549.549988 4831433.609985 280.130005
463549.619995 4831433.579987 280.190002
463549.580017 4831433.570007 280.119995
463549.450012 4831433.559998 280.140015
463549.500000 4831433.619995 280.140015
463549.570007 4831433.570007 280.200012
463549.309998 4831433.609985 280.209991
463549.500000 4831433.600006 280.179993
463549.549988 4831433.589996 280.130005
463549.539978 4831433.570007 280.170013
463549.609985 4831433.559998 280.170013
463549.510010 4831433.619995 280.089996
463549.460022 4831433.619995 280.079987
463549.570007 4831433.589996 280.179993
463549.440002 4831433.619995 280.149994
463549.549988 4831433.559998 280.179993
463549.489990 4831433.609985 280.190002
463549.530029 4831433.570007 280.070007
463549.590027 4831433.589996 280.179993
463549.580017 4831433.559998 280.149994
463549.520020 4831433.619995 280.160004
463549.590027 4831433.579987 280.130005
463549.539978 4831433.619995 280.170013
463549.549988 4831433.589996 280.010010
463549.619995 4831433.579987 280.190002
463549.580017 4831433.600006 280.040009
463549.580017 4831433.579987 280.209991
