2.817699890000000096e+02 4.831431630005000159e+06 4.635492000119999866e+05
2.816000060000000076e+02 4.831431769988999702e+06 4.635491099849999882e+05
2.817699890000000096e+02 4.831431649993999861e+06 4.635491699830000289e+05
2.818099980000000073e+02 4.831431640014999546e+06 4.635491199950000155e+05
2.819800109999999904e+02 4.831431649993999861e+06 4.635491300049999845e+05
2.819100040000000149e+02 4.831431700012000278e+06 4.635490900269999984e+05
2.819599910000000023e+02 4.831431709990999661e+06 4.635490900269999984e+05
2.816199950000000172e+02 4.831431730011000298e+06 4.635490399779999861e+05
2.818500060000000076e+02 4.831432059998000041e+06 4.635488800049999845e+05
2.818699950000000172e+02 4.831431649993999861e+06 4.635490599979999824e+05
2.819899899999999775e+02 4.831431750000000000e+06 4.635490999760000268e+05
2.818699950000000172e+02 4.831431649993999861e+06 4.635490800169999711e+05
2.818500060000000076e+02 4.831431630005000159e+06 4.635490700070000021e+05
2.817900089999999977e+02 4.831431640014999546e+06 4.635491099849999882e+05
2.816799930000000245e+02 4.831431609985000454e+06 4.635490900269999984e+05
2.817900089999999977e+02 4.831432140014999546e+06 4.635490700070000021e+05
2.817300109999999904e+02 4.831432149993999861e+06 4.635489799800000037e+05
2.811499939999999924e+02 4.831432429992999882e+06 4.635489500119999866e+05
2.811900019999999927e+02 4.831432440001999959e+06 4.635489799800000037e+05
2.811499939999999924e+02 4.831432420013000257e+06 4.635489799800000037e+05
2.812399899999999775e+02 4.831432450012000278e+06 4.635490000000000000e+05
2.812200010000000248e+02 4.831432450012000278e+06 4.635489099730000016e+05
2.820299989999999752e+02 4.831431640014999546e+06 4.635491500239999732e+05
2.820100100000000225e+02 4.831431609985000454e+06 4.635490900269999984e+05
2.819500120000000152e+02 4.831431670013000257e+06 4.635491300049999845e+05
2.819500120000000152e+02 4.831431679992999882e+06 4.635491099849999882e+05
2.817999879999999848e+02 4.831431670013000257e+06 4.635491099849999882e+05
2.819500120000000152e+02 4.831431670013000257e+06 4.635491099849999882e+05
2.820199890000000096e+02 4.831431649993999861e+06 4.635491500239999732e+05
2.820100100000000225e+02 4.831431640014999546e+06 4.635491300049999845e+05
2.819400019999999927e+02 4.831431670013000257e+06 4.635491199950000155e+05
2.816700129999999831e+02 4.831431640014999546e+06 4.635490700070000021e+05
2.817300109999999904e+02 4.831431670013000257e+06 4.635490800169999711e+05
2.818900150000000053e+02 4.831431769988999702e+06 4.635491099849999882e+05
2.815299989999999752e+02 4.831431660004000179e+06 4.635490499880000134e+05
2.815499879999999848e+02 4.831431690001999959e+06 4.635490599979999824e+05
2.815400089999999977e+02 4.831431690001999959e+06 4.635490300290000159e+05
2.818599849999999947e+02 4.831432130005000159e+06 4.635489400020000176e+05
2.818999939999999924e+02 4.831432109985000454e+06 4.635488599849999882e+05
2.818800049999999828e+02 4.831432040009000339e+06 4.635488400269999984e+05
2.818699950000000172e+02 4.831432070007000118e+06 4.635488599849999882e+05
2.818800049999999828e+02 4.831432100006000139e+06 4.635488699950000155e+05
2.819100040000000149e+02 4.831432149993999861e+06 4.635488900150000118e+05
2.818099980000000073e+02 4.831432149993999861e+06 4.635489299929999979e+05
2.817399899999999775e+02 4.831432160004000179e+06 4.635489500119999866e+05
2.816600040000000149e+02 4.831432160004000179e+06 4.635489799800000037e+05
2.811700129999999831e+02 4.831432450012000278e+06 4.635489400020000176e+05
2.812300109999999904e+02 4.831432510010000318e+06 4.635489600220000139e+05
2.820000000000000000e+02 4.831431660004000179e+06 4.635490999760000268e+05
2.818599849999999947e+02 4.831431660004000179e+06 4.635491199950000155e+05
2.818599849999999947e+02 4.831432049987999722e+06 4.635488499760000268e+05
2.819200129999999831e+02 4.831432089995999821e+06 4.635488499760000268e+05
2.818099980000000073e+02 4.831432109985000454e+06 4.635489000239999732e+05
2.818999939999999924e+02 4.831432160004000179e+06 4.635489000239999732e+05
2.817600100000000225e+02 4.831432149993999861e+06 4.635489400020000176e+05
2.817600100000000225e+02 4.831432170013000257e+06 4.635489500119999866e+05
2.816499939999999924e+02 4.831432160004000179e+06 4.635489799800000037e+05
2.816799930000000245e+02 4.831432149993999861e+06 4.635489000239999732e+05
2.816499939999999924e+02 4.831432160004000179e+06 4.635490000000000000e+05
2.818399959999999851e+02 4.831432170013000257e+06 4.635490399779999861e+05
2.816300049999999828e+02 4.831432149993999861e+06 4.635490700070000021e+05
2.817900089999999977e+02 4.831432160004000179e+06 4.635490499880000134e+05
2.818200069999999755e+02 4.831432140014999546e+06 4.635490300290000159e+05
2.816499939999999924e+02 4.831432140014999546e+06 4.635490700070000021e+05
2.816600040000000149e+02 4.831432140014999546e+06 4.635490800169999711e+05
2.815899959999999851e+02 4.831431700012000278e+06 4.635490300290000159e+05
2.812699890000000096e+02 4.831432440001999959e+06 4.635489000239999732e+05
2.812500000000000000e+02 4.831432399993999861e+06 4.635489199830000289e+05
2.812200010000000248e+02 4.831432410004000179e+06 4.635489600220000139e+05
2.812699890000000096e+02 4.831432399993999861e+06 4.635489600220000139e+05
2.812500000000000000e+02 4.831432369994999841e+06 4.635489899899999727e+05
2.815899959999999851e+02 4.831432109985000454e+06 4.635490499880000134e+05
2.816600040000000149e+02 4.831432109985000454e+06 4.635490499880000134e+05
2.817699890000000096e+02 4.831432019988999702e+06 4.635490999760000268e+05
2.820100100000000225e+02 4.831431829986999743e+06 4.635490900269999984e+05
2.820000000000000000e+02 4.831431790009000339e+06 4.635490999760000268e+05
2.812900089999999977e+02 4.831432350006000139e+06 4.635489400020000176e+05
2.817200010000000248e+02 4.831432130005000159e+06 4.635491500239999732e+05
2.821400150000000053e+02 4.831432299987999722e+06 4.635490599979999824e+05
2.817600100000000225e+02 4.831432040009000339e+06 4.635491300049999845e+05
2.816400150000000053e+02 4.831432109985000454e+06 4.635491199950000155e+05
2.816099849999999947e+02 4.831432119994999841e+06 4.635491300049999845e+05
2.817399899999999775e+02 4.831432130005000159e+06 4.635490800169999711e+05
2.816600040000000149e+02 4.831432119994999841e+06 4.635490700070000021e+05
2.816600040000000149e+02 4.831432149993999861e+06 4.635490999760000268e+05
2.816000060000000076e+02 4.831432149993999861e+06 4.635490999760000268e+05
2.815599980000000073e+02 4.831432160004000179e+06 4.635490999760000268e+05
2.817200010000000248e+02 4.831432149993999861e+06 4.635490599979999824e+05
2.816700129999999831e+02 4.831432149993999861e+06 4.635490599979999824e+05
2.816499939999999924e+02 4.831432170013000257e+06 4.635490800169999711e+05
2.815700069999999755e+02 4.831432149993999861e+06 4.635490700070000021e+05
2.817500000000000000e+02 4.831432190001999959e+06 4.635490399779999861e+05
2.816199950000000172e+02 4.831432149993999861e+06 4.635490100100000273e+05
2.815799870000000169e+02 4.831432160004000179e+06 4.635490200199999963e+05
2.815599980000000073e+02 4.831432179992999882e+06 4.635490300290000159e+05
2.815499879999999848e+02 4.831432209990999661e+06 4.635490499880000134e+05
2.817399899999999775e+02 4.831432160004000179e+06 4.635489799800000037e+05
2.817099910000000023e+02 4.831432179992999882e+06 4.635489899899999727e+05
2.816900019999999927e+02 4.831432170013000257e+06 4.635489500119999866e+05
2.812300109999999904e+02 4.831432369994999841e+06 4.635489799800000037e+05
2.812500000000000000e+02 4.831432450012000278e+06 4.635490399779999861e+05
2.812099910000000023e+02 4.831432459990999661e+06 4.635490499880000134e+05
2.811499939999999924e+02 4.831432429992999882e+06 4.635489400020000176e+05
2.817699890000000096e+02 4.831432029999000020e+06 4.635491099849999882e+05
2.818800049999999828e+02 4.831432100006000139e+06 4.635490999760000268e+05
2.817999879999999848e+02 4.831432079986999743e+06 4.635490900269999984e+05
2.817399899999999775e+02 4.831432070007000118e+06 4.635490999760000268e+05
2.818299870000000169e+02 4.831432130005000159e+06 4.635490700070000021e+05
2.816000060000000076e+02 4.831432119994999841e+06 4.635490900269999984e+05
2.815700069999999755e+02 4.831432140014999546e+06 4.635491099849999882e+05
2.817200010000000248e+02 4.831432160004000179e+06 4.635490300290000159e+05
2.815899959999999851e+02 4.831432140014999546e+06 4.635490399779999861e+05
2.815400089999999977e+02 4.831432149993999861e+06 4.635490499880000134e+05
2.817799989999999752e+02 4.831432160004000179e+06 4.635489500119999866e+05
2.816499939999999924e+02 4.831432119994999841e+06 4.635489500119999866e+05
2.819700010000000248e+02 4.831431829986999743e+06 4.635490900269999984e+05
2.818099980000000073e+02 4.831432170013000257e+06 4.635490300290000159e+05
2.816499939999999924e+02 4.831432130005000159e+06 4.635490599979999824e+05
2.816300049999999828e+02 4.831432140014999546e+06 4.635490700070000021e+05
2.818399959999999851e+02 4.831432200012000278e+06 4.635490000000000000e+05
2.817999879999999848e+02 4.831432200012000278e+06 4.635490200199999963e+05
2.817200010000000248e+02 4.831432179992999882e+06 4.635490300290000159e+05
2.816400150000000053e+02 4.831432160004000179e+06 4.635490399779999861e+05
2.816000060000000076e+02 4.831432160004000179e+06 4.635490499880000134e+05
2.815899959999999851e+02 4.831432190001999959e+06 4.635490700070000021e+05
2.817300109999999904e+02 4.831432149993999861e+06 4.635489799800000037e+05
2.817099910000000023e+02 4.831432170013000257e+06 4.635489899899999727e+05
2.816499939999999924e+02 4.831432149993999861e+06 4.635490000000000000e+05
2.815899959999999851e+02 4.831432149993999861e+06 4.635490100100000273e+05
2.818699950000000172e+02 4.831432130005000159e+06 4.635489099730000016e+05
2.818200069999999755e+02 4.831432170013000257e+06 4.635489400020000176e+05
2.817300109999999904e+02 4.831432160004000179e+06 4.635489600220000139e+05
2.817000120000000152e+02 4.831432170013000257e+06 4.635489799800000037e+05
2.816199950000000172e+02 4.831432149993999861e+06 4.635489899899999727e+05
2.815799870000000169e+02 4.831432149993999861e+06 4.635490000000000000e+05
2.818699950000000172e+02 4.831432109985000454e+06 4.635488499760000268e+05
2.819200129999999831e+02 4.831432190001999959e+06 4.635488699950000155e+05
2.816900019999999927e+02 4.831432160004000179e+06 4.635489299929999979e+05
2.817799989999999752e+02 4.831432130005000159e+06 4.635488300169999711e+05
2.817500000000000000e+02 4.831432140014999546e+06 4.635488400269999984e+05
2.817999879999999848e+02 4.831432079986999743e+06 4.635488200070000021e+05
2.818500060000000076e+02 4.831432130005000159e+06 4.635489000239999732e+05
2.818999939999999924e+02 4.831432130005000159e+06 4.635488900150000118e+05
2.818099980000000073e+02 4.831431709990999661e+06 4.635490399779999861e+05
2.819100040000000149e+02 4.831431750000000000e+06 4.635490499880000134e+05
2.812000120000000152e+02 4.831432459990999661e+06 4.635488699950000155e+05
2.811300049999999828e+02 4.831432450012000278e+06 4.635489699709999841e+05
2.817999879999999848e+02 4.831432149993999861e+06 4.635488900150000118e+05
2.816900019999999927e+02 4.831432130005000159e+06 4.635489400020000176e+05
2.817999879999999848e+02 4.831432140014999546e+06 4.635489400020000176e+05
2.818599849999999947e+02 4.831432140014999546e+06 4.635489500119999866e+05
2.817300109999999904e+02 4.831432140014999546e+06 4.635490000000000000e+05
2.818299870000000169e+02 4.831432100006000139e+06 4.635490399779999861e+05
2.816900019999999927e+02 4.831432170013000257e+06 4.635491400150000118e+05
2.811600040000000149e+02 4.831432459990999661e+06 4.635489199830000289e+05
2.818699950000000172e+02 4.831432230011000298e+06 4.635490300290000159e+05
2.815599980000000073e+02 4.831432109985000454e+06 4.635490700070000021e+05
2.819700010000000248e+02 4.831431790009000339e+06 4.635490999760000268e+05
2.812399899999999775e+02 4.831432429992999882e+06 4.635489299929999979e+05
2.820499879999999848e+02 4.831431809998000041e+06 4.635490700070000021e+05
2.816099849999999947e+02 4.831431609985000454e+06 4.635490499880000134e+05
2.818399959999999851e+02 4.831432029999000020e+06 4.635488499760000268e+05
2.816400150000000053e+02 4.831432149993999861e+06 4.635490000000000000e+05
2.817999879999999848e+02 4.831432170013000257e+06 4.635490000000000000e+05
2.816499939999999924e+02 4.831432140014999546e+06 4.635490599979999824e+05
2.816300049999999828e+02 4.831432149993999861e+06 4.635490700070000021e+05
2.817300109999999904e+02 4.831432179992999882e+06 4.635490399779999861e+05
2.816199950000000172e+02 4.831432160004000179e+06 4.635490900269999984e+05
2.817200010000000248e+02 4.831432179992999882e+06 4.635490700070000021e+05
2.817300109999999904e+02 4.831432190001999959e+06 4.635490599979999824e+05
2.817500000000000000e+02 4.831432179992999882e+06 4.635490800169999711e+05
2.817300109999999904e+02 4.831432179992999882e+06 4.635490599979999824e+05
2.817399899999999775e+02 4.831432179992999882e+06 4.635490700070000021e+05
2.817300109999999904e+02 4.831432179992999882e+06 4.635490800169999711e+05
2.817699890000000096e+02 4.831432200012000278e+06 4.635490800169999711e+05
2.819899899999999775e+02 4.831431640014999546e+06 4.635491500239999732e+05
2.815400089999999977e+02 4.831431670013000257e+06 4.635490499880000134e+05
2.818800049999999828e+02 4.831431739989999682e+06 4.635490900269999984e+05
2.819500120000000152e+02 4.831431760010000318e+06 4.635490900269999984e+05
2.817500000000000000e+02 4.831432130005000159e+06 4.635490900269999984e+05
2.818800049999999828e+02 4.831432190001999959e+06 4.635490599979999824e+05
2.817099910000000023e+02 4.831432160004000179e+06 4.635490900269999984e+05
2.820700069999999755e+02 4.831431730011000298e+06 4.635490999760000268e+05
2.817900089999999977e+02 4.831432100006000139e+06 4.635490999760000268e+05
2.819500120000000152e+02 4.831431850006000139e+06 4.635490700070000021e+05
2.820299989999999752e+02 4.831431730011000298e+06 4.635491199950000155e+05
2.819599910000000023e+02 4.831431739989999682e+06 4.635490599979999824e+05
2.819700010000000248e+02 4.831431630005000159e+06 4.635491199950000155e+05
2.820199890000000096e+02 4.831431809998000041e+06 4.635490800169999711e+05
2.820000000000000000e+02 4.831431820007000118e+06 4.635490599979999824e+05
2.817900089999999977e+02 4.831432130005000159e+06 4.635490300290000159e+05
2.815700069999999755e+02 4.831431619994999841e+06 4.635490700070000021e+05
2.815499879999999848e+02 4.831431690001999959e+06 4.635490599979999824e+05
2.817600100000000225e+02 4.831431700012000278e+06 4.635490800169999711e+05
2.819400019999999927e+02 4.831431790009000339e+06 4.635490800169999711e+05
2.818699950000000172e+02 4.831432079986999743e+06 4.635488599849999882e+05
2.818099980000000073e+02 4.831432170013000257e+06 4.635490100100000273e+05
2.811900019999999927e+02 4.831432399993999861e+06 4.635489299929999979e+05
2.812099910000000023e+02 4.831432450012000278e+06 4.635489899899999727e+05
2.820000000000000000e+02 4.831431660004000179e+06 4.635491199950000155e+05
2.815700069999999755e+02 4.831431640014999546e+06 4.635490499880000134e+05
2.817799989999999752e+02 4.831431690001999959e+06 4.635490700070000021e+05
2.817799989999999752e+02 4.831431679992999882e+06 4.635490900269999984e+05
2.819100040000000149e+02 4.831431779999000020e+06 4.635490900269999984e+05
2.818200069999999755e+02 4.831432149993999861e+06 4.635488599849999882e+05
2.818299870000000169e+02 4.831432200012000278e+06 4.635490100100000273e+05
2.812999879999999848e+02 4.831432380005000159e+06 4.635489400020000176e+05
2.812099910000000023e+02 4.831432420013000257e+06 4.635489500119999866e+05
2.812999879999999848e+02 4.831432440001999959e+06 4.635489699709999841e+05
2.811300049999999828e+02 4.831432489989999682e+06 4.635490100100000273e+05
2.817799989999999752e+02 4.831431640014999546e+06 4.635490499880000134e+05
2.819800109999999904e+02 4.831431820007000118e+06 4.635490399779999861e+05
2.820000000000000000e+02 4.831431690001999959e+06 4.635490499880000134e+05
2.818099980000000073e+02 4.831432040009000339e+06 4.635491099849999882e+05
2.818399959999999851e+02 4.831432089995999821e+06 4.635490999760000268e+05
2.818800049999999828e+02 4.831432140014999546e+06 4.635490900269999984e+05
2.818599849999999947e+02 4.831432170013000257e+06 4.635490999760000268e+05
2.819200129999999831e+02 4.831431570007000118e+06 4.635491400150000118e+05
2.812600100000000225e+02 4.831432290009000339e+06 4.635489799800000037e+05
2.819800109999999904e+02 4.831431750000000000e+06 4.635492100220000139e+05
2.819200129999999831e+02 4.831431670013000257e+06 4.635492100220000139e+05
2.817500000000000000e+02 4.831431920013000257e+06 4.635497700199999963e+05
2.817099910000000023e+02 4.831431779999000020e+06 4.635497399899999727e+05
2.818800049999999828e+02 4.831431920013000257e+06 4.635495900269999984e+05
2.818599849999999947e+02 4.831431910004000179e+06 4.635495999760000268e+05
2.819500120000000152e+02 4.831431899993999861e+06 4.635495499880000134e+05
2.818500060000000076e+02 4.831431910004000179e+06 4.635493900150000118e+05
2.818399959999999851e+02 4.831431950012000278e+06 4.635494099730000016e+05
2.818800049999999828e+02 4.831431940001999959e+06 4.635492999880000134e+05
2.818299870000000169e+02 4.831431950012000278e+06 4.635492999880000134e+05
2.818500060000000076e+02 4.831431950012000278e+06 4.635493099979999824e+05
2.819400019999999927e+02 4.831431970000999980e+06 4.635492899779999861e+05
2.818599849999999947e+02 4.831431920013000257e+06 4.635493699950000155e+05
2.819299930000000245e+02 4.831431910004000179e+06 4.635493900150000118e+05
2.818999939999999924e+02 4.831431959990999661e+06 4.635494199830000289e+05
2.818800049999999828e+02 4.831431920013000257e+06 4.635493699950000155e+05
2.818800049999999828e+02 4.831431940001999959e+06 4.635493499760000268e+05
2.819500120000000152e+02 4.831431929992999882e+06 4.635493099979999824e+05
2.817900089999999977e+02 4.831431940001999959e+06 4.635492999880000134e+05
2.818299870000000169e+02 4.831431899993999861e+06 4.635493900150000118e+05
2.817900089999999977e+02 4.831431959990999661e+06 4.635493400269999984e+05
2.818699950000000172e+02 4.831431890014999546e+06 4.635493499760000268e+05
2.819100040000000149e+02 4.831432000000000000e+06 4.635494000239999732e+05
2.818399959999999851e+02 4.831432010010000318e+06 4.635494299929999979e+05
2.819400019999999927e+02 4.831431839995999821e+06 4.635493499760000268e+05
2.819100040000000149e+02 4.831431859985000454e+06 4.635493699950000155e+05
2.818500060000000076e+02 4.831431920013000257e+06 4.635494000239999732e+05
2.819100040000000149e+02 4.831431959990999661e+06 4.635494000239999732e+05
2.817900089999999977e+02 4.831431980011000298e+06 4.635493900150000118e+05
2.822500000000000000e+02 4.831431809998000041e+06 4.635498599849999882e+05
2.818999939999999924e+02 4.831431829986999743e+06 4.635495000000000000e+05
2.819599910000000023e+02 4.831431920013000257e+06 4.635495399779999861e+05
2.817600100000000225e+02 4.831431980011000298e+06 4.635494000239999732e+05
2.817300109999999904e+02 4.831431929992999882e+06 4.635493099979999824e+05
2.817500000000000000e+02 4.831432010010000318e+06 4.635494199830000289e+05
2.817900089999999977e+02 4.831432000000000000e+06 4.635494099730000016e+05
2.817999879999999848e+02 4.831431950012000278e+06 4.635493900150000118e+05
2.817300109999999904e+02 4.831431980011000298e+06 4.635494299929999979e+05
2.817600100000000225e+02 4.831431959990999661e+06 4.635494199830000289e+05
2.817999879999999848e+02 4.831431950012000278e+06 4.635494099730000016e+05
2.818800049999999828e+02 4.831431880005000159e+06 4.635495399779999861e+05
2.817300109999999904e+02 4.831431970000999980e+06 4.635494199830000289e+05
2.817699890000000096e+02 4.831431959990999661e+06 4.635494199830000289e+05
2.819299930000000245e+02 4.831431869994999841e+06 4.635494500119999866e+05
2.818800049999999828e+02 4.831431910004000179e+06 4.635495499880000134e+05
2.817600100000000225e+02 4.831431950012000278e+06 4.635494199830000289e+05
2.818699950000000172e+02 4.831431920013000257e+06 4.635495399779999861e+05
2.821700129999999831e+02 4.831432140014999546e+06 4.635497399899999727e+05
2.810700069999999755e+02 4.831432390014999546e+06 4.635499600220000139e+05
2.811199950000000172e+02 4.831431980011000298e+06 4.635498499760000268e+05
2.810199890000000096e+02 4.831431989989999682e+06 4.635497299800000037e+05
2.818200069999999755e+02 4.831431760010000318e+06 4.635494099730000016e+05
2.810799870000000169e+02 4.831432130005000159e+06 4.635498099979999824e+05
2.810899959999999851e+02 4.831431950012000278e+06 4.635500200199999963e+05
2.810899959999999851e+02 4.831431929992999882e+06 4.635499299929999979e+05
2.819599910000000023e+02 4.831431940001999959e+06 4.635492899779999861e+05
2.819100040000000149e+02 4.831431929992999882e+06 4.635493200070000021e+05
2.819700010000000248e+02 4.831431920013000257e+06 4.635493300169999711e+05
2.818200069999999755e+02 4.831431959990999661e+06 4.635493300169999711e+05
2.819299930000000245e+02 4.831431899993999861e+06 4.635494099730000016e+05
2.818500060000000076e+02 4.831431959990999661e+06 4.635493400269999984e+05
2.819100040000000149e+02 4.831431970000999980e+06 4.635493699950000155e+05
2.819400019999999927e+02 4.831431859985000454e+06 4.635495700070000021e+05
2.818699950000000172e+02 4.831431970000999980e+06 4.635494299929999979e+05
2.819100040000000149e+02 4.831431940001999959e+06 4.635495599979999824e+05
2.818900150000000053e+02 4.831431839995999821e+06 4.635495000000000000e+05
2.818800049999999828e+02 4.831431950012000278e+06 4.635494000239999732e+05
2.819299930000000245e+02 4.831431929992999882e+06 4.635494400020000176e+05
2.818399959999999851e+02 4.831431980011000298e+06 4.635494400020000176e+05
2.819599910000000023e+02 4.831431959990999661e+06 4.635495800169999711e+05
2.812500000000000000e+02 4.831432290009000339e+06 4.635497100220000139e+05
2.817999879999999848e+02 4.831431910004000179e+06 4.635493099979999824e+05
2.816700129999999831e+02 4.831431670013000257e+06 4.635494400020000176e+05
2.817600100000000225e+02 4.831431959990999661e+06 4.635492299800000037e+05
2.810100100000000225e+02 4.831432570007000118e+06 4.635489899899999727e+05
2.810400089999999977e+02 4.831432600006000139e+06 4.635490000000000000e+05
2.811499939999999924e+02 4.831432559998000041e+06 4.635490300290000159e+05
2.811799930000000245e+02 4.831432589995999821e+06 4.635490200199999963e+05
2.811300049999999828e+02 4.831432609985000454e+06 4.635490200199999963e+05
2.812099910000000023e+02 4.831432589995999821e+06 4.635490599979999824e+05
2.812099910000000023e+02 4.831432619994999841e+06 4.635490800169999711e+05
2.811099849999999947e+02 4.831432619994999841e+06 4.635490499880000134e+05
2.811900019999999927e+02 4.831432589995999821e+06 4.635490300290000159e+05
2.811900019999999927e+02 4.831432579986999743e+06 4.635490599979999824e+05
2.810199890000000096e+02 4.831432559998000041e+06 4.635489899899999727e+05
2.812300109999999904e+02 4.831432619994999841e+06 4.635490000000000000e+05
2.811000060000000076e+02 4.831432619994999841e+06 4.635490300290000159e+05
2.810799870000000169e+02 4.831432609985000454e+06 4.635490399779999861e+05
2.811199950000000172e+02 4.831432609985000454e+06 4.635490399779999861e+05
2.811600040000000149e+02 4.831432609985000454e+06 4.635490499880000134e+05
2.811000060000000076e+02 4.831432609985000454e+06 4.635490499880000134e+05
2.810299989999999752e+02 4.831432570007000118e+06 4.635490200199999963e+05
2.812200010000000248e+02 4.831432529999000020e+06 4.635491599730000016e+05
2.816700129999999831e+02 4.831431429992999882e+06 4.635494400020000176e+05
2.815700069999999755e+02 4.831431510010000318e+06 4.635495399779999861e+05
2.817000120000000152e+02 4.831431500000000000e+06 4.635493499760000268e+05
2.815599980000000073e+02 4.831431510010000318e+06 4.635493900150000118e+05
2.815599980000000073e+02 4.831431500000000000e+06 4.635492899779999861e+05
2.815799870000000169e+02 4.831431489989999682e+06 4.635495300290000159e+05
