463549.830017 4831431.920013 278.790009
463549.859985 4831431.359985 278.299988
463549.869995 4831431.480011 278.309998
463549.830017 4831431.290009 278.339996
463549.890015 4831431.459991 278.269989
463549.799988 4831431.429993 278.309998
463549.859985 4831431.450012 278.299988
463549.780029 4831431.440002 278.339996
463549.799988 4831431.440002 278.279999
463549.820007 4831431.440002 278.309998
463549.820007 4831431.380005 278.339996
463549.789978 4831431.429993 278.339996
463549.890015 4831431.459991 278.279999
463549.929993 4831431.470001 278.239990
463549.809998 4831431.450012 278.350006
463549.770020 4831431.470001 278.359985
463549.799988 4831431.420013 278.290009
463549.789978 4831431.410004 278.329987
463549.690002 4831431.459991 278.309998
463549.750000 4831431.279999 278.320007
463549.820007 4831431.350006 278.350006
463549.820007 4831431.350006 278.320007
463549.820007 4831431.350006 278.329987
463549.789978 4831431.380005 278.339996
463549.830017 4831431.359985 278.339996
463549.809998 4831431.359985 278.309998
463549.830017 4831431.359985 278.350006
463549.820007 4831431.359985 278.309998
463549.830017 4831431.350006 278.350006
463549.809998 4831431.369995 278.309998
463549.830017 4831431.359985 278.339996
463549.820007 4831431.380005 278.320007
463549.820007 4831431.369995 278.320007
463549.820007 4831431.369995 278.309998
463549.820007 4831431.369995 278.320007
463549.799988 4831431.399994 278.299988
463549.820007 4831431.390015 278.329987
463549.789978 4831431.399994 278.290009
463549.809998 4831431.399994 278.320007
463549.809998 4831431.410004 278.329987
463549.820007 4831431.399994 278.339996
463549.780029 4831431.429993 278.250000
463549.820007 4831431.420013 278.320007
463549.799988 4831431.399994 278.339996
463549.799988 4831431.399994 278.290009
463549.809998 4831431.410004 278.339996
463549.809998 4831431.380005 278.309998
463549.830017 4831431.369995 278.329987
463549.820007 4831431.350006 278.329987
463549.809998 4831431.350006 278.320007
463549.770020 4831431.410004 278.299988
463549.820007 4831431.390015 278.339996
463549.809998 4831431.440002 278.279999
463549.809998 4831431.309998 278.339996
463549.820007 4831431.399994 278.290009
463549.789978 4831431.380005 278.299988
463549.809998 4831431.429993 278.250000
463549.780029 4831431.480011 278.320007
463549.849976 4831431.320007 278.320007
463549.840027 4831431.459991 278.320007
463549.669983 4831431.859985 278.369995
463549.679993 4831431.880005 278.399994
463549.690002 4831431.890015 278.440002
463549.770020 4831431.549988 278.309998
463549.880005 4831431.859985 278.709991
463549.690002 4831431.649994 278.250000
463549.929993 4831431.760010 278.750000
463549.809998 4831431.890015 278.790009
463549.690002 4831431.609985 278.279999
463549.770020 4831431.850006 278.640015
463549.770020 4831431.869995 278.670013
463549.469971 4831431.799988 277.940002
463549.489990 4831431.829987 277.959991
463549.489990 4831431.829987 278.019989
463549.419983 4831431.820007 277.829987
463549.429993 4831431.820007 277.880005
463549.570007 4831431.769989 277.880005
463549.479980 4831431.820007 278.000000
463549.479980 4831431.839996 278.040009
463549.679993 4831431.600006 278.019989
463549.450012 4831431.799988 278.000000
463549.590027 4831431.790009 278.049988
463549.679993 4831431.799988 278.320007
463549.750000 4831431.820007 278.420013
463549.739990 4831431.799988 278.399994
463549.830017 4831431.880005 278.660004
463549.809998 4831431.850006 278.660004
463549.809998 4831431.839996 278.570007
463549.789978 4831431.799988 278.510010
463549.890015 4831431.890015 278.779999
463549.849976 4831431.850006 278.730011
463549.859985 4831431.839996 278.670013
463549.849976 4831431.820007 278.640015
463549.849976 4831431.820007 278.579987
463549.929993 4831431.869995 278.730011
463549.890015 4831431.829987 278.750000
463549.890015 4831431.809998 278.660004
463549.919983 4831431.799988 278.690002
463549.900024 4831431.760010 278.690002
463549.789978 4831431.850006 278.489990
463549.780029 4831431.829987 278.450012
463549.760010 4831431.799988 278.440002
463549.890015 4831431.859985 278.750000
463549.880005 4831431.850006 278.670013
463549.859985 4831431.820007 278.649994
463549.940002 4831431.820007 278.700012
463549.919983 4831431.790009 278.679993
463549.820007 4831431.880005 278.630005
463549.809998 4831431.869995 278.589996
463549.900024 4831431.850006 278.670013
463549.880005 4831431.820007 278.660004
463549.950012 4831431.809998 278.679993
463549.580017 4831431.779999 278.019989
463549.549988 4831431.769989 277.880005
463549.520020 4831431.739990 277.820007
463549.619995 4831431.760010 277.850006
463549.659973 4831431.609985 278.089996
463549.690002 4831431.649994 278.290009
463549.609985 4831431.890015 278.380005
463549.710022 4831431.910004 278.579987
463549.659973 4831431.880005 278.350006
463549.659973 4831431.880005 278.420013
463549.659973 4831431.890015 278.459991
463549.659973 4831431.910004 278.489990
463549.609985 4831431.899994 278.350006
463549.609985 4831431.910004 278.420013
463549.890015 4831431.799988 278.739990
463549.859985 4831431.880005 278.510010
463549.799988 4831431.880005 278.670013
463549.739990 4831431.880005 278.649994
463549.630005 4831431.679993 278.220001
463549.609985 4831431.649994 278.230011
463549.659973 4831431.850006 278.390015
463549.820007 4831431.859985 278.679993
463549.799988 4831431.839996 278.649994
463549.859985 4831431.850006 278.540009
463549.750000 4831431.529999 278.040009
463549.460022 4831431.880005 277.880005
463549.440002 4831431.820007 277.940002
463549.400024 4831431.809998 277.809998
463549.859985 4831431.799988 278.750000
463549.880005 4831431.829987 278.750000
463549.799988 4831431.839996 278.720001
463549.809998 4831431.859985 278.720001
463549.679993 4831431.880005 278.540009
463549.700012 4831431.910004 278.609985
463549.650024 4831431.890015 278.480011
463549.659973 4831431.920013 278.489990
463549.640015 4831431.910004 278.470001
463549.640015 4831431.890015 278.510010
463549.650024 4831431.920013 278.500000
463549.599976 4831431.890015 278.369995
463549.609985 4831431.910004 278.390015
463549.599976 4831431.890015 278.410004
463549.619995 4831431.920013 278.440002
463549.590027 4831431.880005 278.339996
463549.609985 4831431.910004 278.420013
463549.580017 4831431.899994 278.350006
463549.669983 4831431.619995 278.299988
463549.880005 4831431.799988 278.760010
463549.619995 4831431.660004 278.250000
463549.640015 4831431.690002 278.260010
463549.599976 4831431.679993 278.250000
463549.650024 4831431.899994 278.510010
463549.909973 4831431.790009 278.760010
463549.780029 4831431.540009 278.260010
463549.640015 4831431.910004 278.489990
463549.580017 4831431.890015 278.359985
463549.590027 4831431.920013 278.359985
463549.530029 4831431.890015 278.269989
463549.539978 4831431.910004 278.279999
463549.520020 4831431.899994 278.260010
463549.539978 4831431.899994 278.279999
463549.549988 4831431.890015 278.359985
463549.570007 4831431.910004 278.339996
463549.590027 4831431.920013 278.279999
463549.599976 4831431.890015 278.399994
463549.599976 4831431.920013 278.429993
463549.630005 4831431.920013 278.339996
463549.669983 4831431.630005 278.239990
463549.669983 4831431.619995 278.239990
463549.659973 4831431.619995 278.260010
463549.679993 4831431.640015 278.119995
463549.669983 4831431.619995 278.269989
463549.739990 4831431.540009 278.309998
463549.760010 4831431.549988 278.279999
463549.849976 4831431.790009 278.720001
463549.859985 4831431.820007 278.750000
463549.869995 4831431.779999 278.750000
463549.880005 4831431.809998 278.769989
463549.760010 4831431.529999 278.320007
463549.729980 4831431.559998 278.320007
463549.719971 4831431.570007 278.359985
463549.710022 4831431.570007 278.230011
463549.590027 4831431.709991 278.220001
463549.609985 4831431.899994 278.429993
463549.530029 4831431.899994 278.339996
463549.549988 4831431.920013 278.329987
463549.500000 4831431.730011 277.980011
463549.500000 4831431.739990 277.970001
463549.469971 4831431.739990 277.970001
463549.530029 4831431.890015 277.820007
463549.780029 4831431.540009 278.019989
463549.659973 4831431.570007 277.920013
463549.380005 4831431.859985 278.010010
463549.570007 4831431.890015 278.329987
463549.619995 4831431.880005 278.320007
463549.590027 4831431.679993 278.220001
463549.630005 4831431.640015 278.260010
463549.710022 4831431.570007 278.329987
463549.780029 4831431.510010 278.350006
463549.900024 4831431.769989 278.769989
463549.929993 4831431.760010 278.760010
463549.599976 4831431.720001 278.220001
463549.640015 4831431.660004 278.260010
463549.770020 4831431.519989 278.320007
463549.630005 4831431.709991 278.239990
463549.950012 4831431.769989 278.760010
463549.719971 4831431.589996 278.299988
463550.090027 4831431.570007 278.649994
463549.380005 4831431.880005 277.829987
463549.830017 4831431.540009 278.059998
463549.710022 4831431.640015 278.049988
463549.619995 4831431.660004 278.059998
463549.630005 4831431.920013 278.299988
463549.580017 4831431.920013 278.309998
463549.940002 4831431.820007 278.750000
463549.849976 4831431.839996 278.730011
463549.650024 4831431.899994 278.339996
463549.669983 4831431.920013 278.279999
463549.609985 4831431.910004 278.410004
463549.619995 4831431.920013 278.299988
463549.880005 4831431.850006 278.730011
463549.849976 4831431.859985 278.730011
463549.679993 4831431.640015 278.299988
463549.650024 4831431.670013 278.269989
463549.609985 4831431.709991 278.239990
463549.590027 4831431.920013 278.380005
463549.619995 4831431.910004 278.279999
463549.840027 4831431.559998 278.040009
463549.750000 4831431.589996 278.049988
463549.479980 4831431.890015 277.959991
463549.419983 4831431.910004 277.890015
463549.590027 4831431.920013 277.809998
463549.479980 4831431.890015 278.019989
463549.479980 4831431.869995 277.929993
463549.440002 4831431.899994 277.970001
463549.450012 4831431.890015 277.899994
463549.369995 4831431.869995 277.809998
463549.390015 4831431.920013 277.899994
463549.679993 4831431.600006 278.049988
463549.570007 4831431.890015 278.309998
463549.570007 4831431.899994 278.359985
463549.640015 4831431.899994 278.290009
463549.630005 4831431.899994 278.390015
463549.619995 4831431.899994 278.450012
463549.609985 4831431.890015 278.489990
463549.710022 4831431.910004 278.329987
463549.690002 4831431.920013 278.559998
463549.650024 4831431.649994 278.299988
463549.679993 4831431.589996 278.290009
463549.679993 4831431.609985 278.359985
463549.770020 4831431.859985 278.700012
463549.729980 4831431.540009 278.350006
463549.840027 4831431.850006 278.739990
463549.770020 4831431.489990 278.320007
463549.869995 4831431.790009 278.760010
463549.640015 4831431.910004 278.399994
463549.580017 4831431.730011 278.239990
463549.809998 4831431.850006 278.720001
463549.710022 4831431.619995 278.320007
463549.640015 4831431.670013 278.260010
463549.700012 4831431.649994 278.299988
463549.929993 4831431.829987 278.750000
463549.909973 4831431.790009 278.760010
463549.729980 4831431.589996 278.279999
463549.760010 4831431.559998 278.299988
463549.330017 4831431.839996 277.839996
463549.409973 4831431.910004 277.869995
463549.390015 4831431.859985 277.869995
463549.390015 4831431.859985 277.929993
463549.390015 4831431.869995 277.989990
463549.429993 4831431.839996 277.880005
463549.429993 4831431.850006 277.940002
463549.429993 4831431.869995 278.019989
463549.369995 4831431.859985 277.820007
463549.390015 4831431.880005 277.910004
463549.419983 4831431.869995 277.850006
463549.440002 4831431.890015 277.940002
463549.440002 4831431.880005 277.989990
463549.500000 4831431.899994 277.850006
463549.750000 4831431.589996 278.040009
463549.469971 4831431.890015 277.950012
463549.760010 4831431.549988 278.279999
463549.750000 4831431.570007 278.290009
463549.700012 4831431.589996 278.149994
463549.700012 4831431.570007 278.329987
463549.669983 4831431.619995 278.299988
463549.619995 4831431.690002 278.260010
463549.590027 4831431.890015 278.380005
463549.419983 4831431.829987 277.989990
463549.419983 4831431.859985 278.019989
463549.369995 4831431.839996 277.940002
463549.359985 4831431.859985 278.040009
463549.619995 4831431.809998 278.589996
463549.609985 4831431.809998 278.549988
463549.599976 4831431.820007 278.510010
463549.590027 4831431.829987 278.470001
463549.309998 4831431.799988 277.839996
463549.280029 4831431.809998 277.820007
463549.549988 4831431.540009 277.940002
463549.500000 4831431.579987 277.929993
463549.289978 4831431.730011 277.859985
463549.299988 4831431.709991 277.809998
463549.719971 4831431.589996 278.049988
463549.419983 4831431.890015 278.070007
463549.659973 4831431.649994 278.279999
463549.690002 4831431.630005 278.299988
463549.690002 4831431.910004 278.320007
463549.690002 4831431.910004 278.440002
463549.679993 4831431.910004 278.500000
463549.690002 4831431.899994 278.540009
463549.700012 4831431.890015 278.579987
463549.719971 4831431.880005 278.619995
463549.789978 4831431.850006 278.730011
463549.760010 4831431.540009 278.329987
463549.710022 4831431.609985 278.140015
463549.750000 4831431.579987 278.140015
463549.809998 4831431.540009 278.100006
463549.619995 4831431.910004 278.279999
463549.640015 4831431.899994 278.320007
463549.630005 4831431.920013 278.399994
463549.679993 4831431.910004 278.570007
463549.679993 4831431.910004 278.609985
463549.780029 4831431.869995 278.700012
463549.809998 4831431.859985 278.709991
463549.840027 4831431.839996 278.730011
463549.909973 4831431.799988 278.739990
463549.609985 4831431.660004 278.100006
463549.619995 4831431.670013 278.149994
463549.650024 4831431.660004 278.170013
463549.650024 4831431.679993 278.260010
463549.570007 4831431.869995 278.350006
463549.549988 4831431.890015 278.250000
463549.570007 4831431.890015 278.290009
463549.580017 4831431.899994 278.329987
463549.590027 4831431.899994 278.369995
463549.609985 4831431.890015 278.399994
463549.640015 4831431.890015 278.470001
463549.559998 4831431.910004 278.250000
463549.580017 4831431.910004 278.290009
463549.590027 4831431.910004 278.329987
463549.609985 4831431.910004 278.380005
463549.630005 4831431.899994 278.410004
463549.640015 4831431.910004 278.450012
463549.659973 4831431.899994 278.480011
463549.619995 4831431.920013 278.279999
463549.630005 4831431.920013 278.320007
463549.599976 4831431.630005 277.880005
463549.619995 4831431.630005 277.920013
463549.349976 4831431.859985 277.850006
463549.520020 4831431.679993 277.940002
463549.380005 4831431.820007 277.809998
463549.650024 4831431.690002 278.040009
463549.369995 4831431.899994 278.000000
463549.390015 4831431.899994 277.989990
463549.789978 4831431.820007 278.720001
463549.760010 4831431.839996 278.720001
463549.679993 4831431.869995 278.549988
463549.570007 4831431.690002 278.200012
463549.669983 4831431.559998 278.269989
463549.760010 4831431.829987 278.730011
463549.750000 4831431.839996 278.700012
463549.739990 4831431.850006 278.660004
463549.729980 4831431.859985 278.609985
463549.609985 4831431.630005 278.220001
463549.780029 4831431.859985 278.679993
463549.710022 4831431.850006 278.540009
463549.659973 4831431.839996 278.429993
463549.659973 4831431.809998 278.369995
463549.630005 4831431.820007 278.369995
463549.619995 4831431.839996 278.329987
463549.599976 4831431.700012 278.179993
463549.580017 4831431.709991 278.170013
463549.669983 4831431.600006 278.269989
463549.619995 4831431.630005 278.239990
463549.609985 4831431.649994 278.200012
463549.590027 4831431.660004 278.179993
463549.419983 4831431.820007 277.839996
463549.260010 4831431.880005 278.010010
463549.679993 4831431.500000 277.899994
463549.650024 4831431.570007 277.970001
463549.609985 4831431.600006 277.940002
463549.289978 4831431.769989 277.929993
463549.739990 4831431.589996 278.049988
463549.760010 4831431.579987 278.049988
463549.780029 4831431.559998 278.089996
463549.750000 4831431.600006 278.049988
463549.760010 4831431.589996 278.140015
463549.760010 4831431.579987 278.279999
463549.799988 4831431.869995 278.709991
463549.820007 4831431.859985 278.730011
463549.849976 4831431.839996 278.739990
463549.859985 4831431.829987 278.750000
463549.890015 4831431.820007 278.739990
463549.580017 4831431.910004 278.320007
463549.590027 4831431.910004 278.390015
463549.700012 4831431.910004 278.559998
463549.849976 4831431.839996 278.730011
463549.869995 4831431.829987 278.750000
463549.900024 4831431.820007 278.760010
463549.770020 4831431.570007 278.339996
463549.609985 4831431.899994 278.399994
463549.659973 4831431.910004 278.529999
463549.570007 4831431.920013 278.260010
463549.330017 4831431.839996 277.920013
463549.330017 4831431.869995 277.920013
463549.390015 4831431.890015 277.950012
463549.409973 4831431.880005 277.989990
463549.830017 4831431.820007 278.750000
463549.669983 4831431.899994 278.619995
463549.640015 4831431.910004 278.519989
463549.799988 4831431.559998 278.070007
463549.820007 4831431.549988 278.049988
463549.770020 4831431.549988 278.320007
463549.690002 4831431.660004 278.290009
463549.849976 4831431.839996 278.730011
463549.700012 4831431.619995 278.130005
463549.630005 4831431.730011 278.190002
463549.630005 4831431.899994 278.359985
463549.669983 4831431.880005 278.410004
463549.669983 4831431.869995 278.350006
463549.700012 4831431.920013 278.450012
463549.780029 4831431.890015 278.589996
463549.799988 4831431.869995 278.589996
463549.849976 4831431.850006 278.630005
463549.919983 4831431.820007 278.739990
463549.940002 4831431.809998 278.739990
463549.969971 4831431.799988 278.739990
463550.010010 4831431.779999 278.779999
463549.710022 4831431.640015 278.279999
463549.719971 4831431.630005 278.250000
463549.419983 4831431.809998 277.859985
463549.440002 4831431.799988 277.829987
463549.500000 4831431.769989 277.910004
463549.489990 4831431.820007 277.929993
