2.810299989999999752e+02 4.831431920013000257e+06 4.635510700070000021e+05
2.811099849999999947e+02 4.831432109985000454e+06 4.635512500000000000e+05
2.811600040000000149e+02 4.831432109985000454e+06 4.635512299800000037e+05
2.811400150000000053e+02 4.831432100006000139e+06 4.635512199709999841e+05
2.811099849999999947e+02 4.831432070007000118e+06 4.635513200070000021e+05
2.811799930000000245e+02 4.831432089995999821e+06 4.635512999880000134e+05
2.811300049999999828e+02 4.831432100006000139e+06 4.635513300169999711e+05
2.811199950000000172e+02 4.831432119994999841e+06 4.635512700199999963e+05
2.811499939999999924e+02 4.831432119994999841e+06 4.635512800290000159e+05
2.811099849999999947e+02 4.831432119994999841e+06 4.635512899779999861e+05
2.811600040000000149e+02 4.831432179992999882e+06 4.635512700199999963e+05
2.811000060000000076e+02 4.831432160004000179e+06 4.635512800290000159e+05
2.811300049999999828e+02 4.831432119994999841e+06 4.635512700199999963e+05
2.811300049999999828e+02 4.831432049987999722e+06 4.635514099730000016e+05
2.811400150000000053e+02 4.831432070007000118e+06 4.635513499760000268e+05
2.811099849999999947e+02 4.831432070007000118e+06 4.635513699950000155e+05
2.806799930000000245e+02 4.831432190001999959e+06 4.635511799929999979e+05
2.806900019999999927e+02 4.831432179992999882e+06 4.635511099849999882e+05
2.806799930000000245e+02 4.831432179992999882e+06 4.635510999760000268e+05
2.807300109999999904e+02 4.831432140014999546e+06 4.635511500239999732e+05
2.805700069999999755e+02 4.831432290009000339e+06 4.635510700070000021e+05
2.808399959999999851e+02 4.831432209990999661e+06 4.635511799929999979e+05
2.808599849999999947e+02 4.831432190001999959e+06 4.635512100220000139e+05
2.806900019999999927e+02 4.831432209990999661e+06 4.635512500000000000e+05
2.808299870000000169e+02 4.831432190001999959e+06 4.635511500239999732e+05
2.807799989999999752e+02 4.831432190001999959e+06 4.635511199950000155e+05
2.807799989999999752e+02 4.831432209990999661e+06 4.635511900020000176e+05
2.808999939999999924e+02 4.831432190001999959e+06 4.635511300049999845e+05
2.807399899999999775e+02 4.831432190001999959e+06 4.635511699830000289e+05
2.808900150000000053e+02 4.831432220000999980e+06 4.635512000119999866e+05
2.808800049999999828e+02 4.831432190001999959e+06 4.635511799929999979e+05
2.806900019999999927e+02 4.831432140014999546e+06 4.635511900020000176e+05
2.807300109999999904e+02 4.831432220000999980e+06 4.635510100100000273e+05
2.806499939999999924e+02 4.831432200012000278e+06 4.635510399779999861e+05
2.808099980000000073e+02 4.831432209990999661e+06 4.635510900269999984e+05
2.806600040000000149e+02 4.831432200012000278e+06 4.635510700070000021e+05
2.808299870000000169e+02 4.831432220000999980e+06 4.635511199950000155e+05
2.808999939999999924e+02 4.831432209990999661e+06 4.635511300049999845e+05
2.806700129999999831e+02 4.831432200012000278e+06 4.635510999760000268e+05
2.808500060000000076e+02 4.831432220000999980e+06 4.635511500239999732e+05
2.808900150000000053e+02 4.831432209990999661e+06 4.635511500239999732e+05
2.809100040000000149e+02 4.831432290009000339e+06 4.635512399899999727e+05
2.807099910000000023e+02 4.831432220000999980e+06 4.635511400150000118e+05
2.808099980000000073e+02 4.831432220000999980e+06 4.635511599730000016e+05
2.808800049999999828e+02 4.831432200012000278e+06 4.635511699830000289e+05
2.808299870000000169e+02 4.831432239989999682e+06 4.635512000119999866e+05
2.808800049999999828e+02 4.831432230011000298e+06 4.635512100220000139e+05
2.808900150000000053e+02 4.831432200012000278e+06 4.635511900020000176e+05
2.807900089999999977e+02 4.831432220000999980e+06 4.635512399899999727e+05
2.810700069999999755e+02 4.831432059998000041e+06 4.635511799929999979e+05
2.806799930000000245e+02 4.831432220000999980e+06 4.635510200199999963e+05
2.808099980000000073e+02 4.831432290009000339e+06 4.635512299800000037e+05
2.806400150000000053e+02 4.831432220000999980e+06 4.635512000119999866e+05
2.807999879999999848e+02 4.831432230011000298e+06 4.635511500239999732e+05
2.806700129999999831e+02 4.831432200012000278e+06 4.635510200199999963e+05
2.808800049999999828e+02 4.831432190001999959e+06 4.635512399899999727e+05
2.807399899999999775e+02 4.831432209990999661e+06 4.635511599730000016e+05
2.807500000000000000e+02 4.831432239989999682e+06 4.635511599730000016e+05
2.807600100000000225e+02 4.831432200012000278e+06 4.635509699709999841e+05
2.807799989999999752e+02 4.831432220000999980e+06 4.635509699709999841e+05
2.807999879999999848e+02 4.831432209990999661e+06 4.635511599730000016e+05
2.807699890000000096e+02 4.831432230011000298e+06 4.635510100100000273e+05
2.807600100000000225e+02 4.831432200012000278e+06 4.635509600220000139e+05
2.807500000000000000e+02 4.831431980011000298e+06 4.635512500000000000e+05
2.806300049999999828e+02 4.831432200012000278e+06 4.635511099849999882e+05
2.806600040000000149e+02 4.831432190001999959e+06 4.635511199950000155e+05
2.808999939999999924e+02 4.831432329986999743e+06 4.635512299800000037e+05
2.807900089999999977e+02 4.831432100006000139e+06 4.635512000119999866e+05
2.809599910000000023e+02 4.831431980011000298e+06 4.635512199709999841e+05
2.808900150000000053e+02 4.831432000000000000e+06 4.635512199709999841e+05
2.808299870000000169e+02 4.831432200012000278e+06 4.635511199950000155e+05
2.808800049999999828e+02 4.831432220000999980e+06 4.635512100220000139e+05
2.806900019999999927e+02 4.831432190001999959e+06 4.635510399779999861e+05
2.808599849999999947e+02 4.831432200012000278e+06 4.635512100220000139e+05
2.808200069999999755e+02 4.831432209990999661e+06 4.635512100220000139e+05
2.808800049999999828e+02 4.831432209990999661e+06 4.635512299800000037e+05
2.808599849999999947e+02 4.831432220000999980e+06 4.635512399899999727e+05
2.808999939999999924e+02 4.831432290009000339e+06 4.635512500000000000e+05
2.807600100000000225e+02 4.831432179992999882e+06 4.635511599730000016e+05
2.808200069999999755e+02 4.831432190001999959e+06 4.635511500239999732e+05
2.809200129999999831e+02 4.831432209990999661e+06 4.635511400150000118e+05
2.807399899999999775e+02 4.831432179992999882e+06 4.635510499880000134e+05
2.805899959999999851e+02 4.831432309998000041e+06 4.635510499880000134e+05
2.808399959999999851e+02 4.831432200012000278e+06 4.635511900020000176e+05
2.808900150000000053e+02 4.831432170013000257e+06 4.635512299800000037e+05
2.806700129999999831e+02 4.831432309998000041e+06 4.635512299800000037e+05
2.808800049999999828e+02 4.831432209990999661e+06 4.635511500239999732e+05
2.808800049999999828e+02 4.831432190001999959e+06 4.635511900020000176e+05
2.808800049999999828e+02 4.831432170013000257e+06 4.635512100220000139e+05
2.806300049999999828e+02 4.831432170013000257e+06 4.635511699830000289e+05
2.808200069999999755e+02 4.831432239989999682e+06 4.635511599730000016e+05
2.805899959999999851e+02 4.831432359985000454e+06 4.635509799800000037e+05
2.808800049999999828e+02 4.831432190001999959e+06 4.635511199950000155e+05
2.807200010000000248e+02 4.831432220000999980e+06 4.635510100100000273e+05
2.808200069999999755e+02 4.831432200012000278e+06 4.635511199950000155e+05
2.807000120000000152e+02 4.831432179992999882e+06 4.635510800169999711e+05
2.807699890000000096e+02 4.831432250000000000e+06 4.635510300290000159e+05
2.808800049999999828e+02 4.831432209990999661e+06 4.635511699830000289e+05
2.808399959999999851e+02 4.831432200012000278e+06 4.635511799929999979e+05
2.808599849999999947e+02 4.831432109985000454e+06 4.635514000239999732e+05
2.805299989999999752e+02 4.831432380005000159e+06 4.635514799800000037e+05
2.808900150000000053e+02 4.831432170013000257e+06 4.635513699950000155e+05
2.808699950000000172e+02 4.831432130005000159e+06 4.635514000239999732e+05
2.808299870000000169e+02 4.831432109985000454e+06 4.635514000239999732e+05
2.809700010000000248e+02 4.831432269988999702e+06 4.635512899779999861e+05
2.809400019999999927e+02 4.831432230011000298e+06 4.635513099979999824e+05
2.809299930000000245e+02 4.831432200012000278e+06 4.635513300169999711e+05
2.808900150000000053e+02 4.831432190001999959e+06 4.635513200070000021e+05
2.807799989999999752e+02 4.831432179992999882e+06 4.635513099979999824e+05
2.807699890000000096e+02 4.831432130005000159e+06 4.635512800290000159e+05
2.808999939999999924e+02 4.831432190001999959e+06 4.635513400269999984e+05
2.808200069999999755e+02 4.831432190001999959e+06 4.635513300169999711e+05
2.807500000000000000e+02 4.831432179992999882e+06 4.635513200070000021e+05
2.807300109999999904e+02 4.831432130005000159e+06 4.635512999880000134e+05
2.809200129999999831e+02 4.831432170013000257e+06 4.635513499760000268e+05
2.809599910000000023e+02 4.831432160004000179e+06 4.635513800049999845e+05
2.809100040000000149e+02 4.831432149993999861e+06 4.635513699950000155e+05
2.807900089999999977e+02 4.831432140014999546e+06 4.635513699950000155e+05
2.809899899999999775e+02 4.831432089995999821e+06 4.635513400269999984e+05
2.809100040000000149e+02 4.831432119994999841e+06 4.635513800049999845e+05
2.809200129999999831e+02 4.831432109985000454e+06 4.635514099730000016e+05
2.809599910000000023e+02 4.831432239989999682e+06 4.635512999880000134e+05
2.809200129999999831e+02 4.831432190001999959e+06 4.635513599849999882e+05
2.809100040000000149e+02 4.831432170013000257e+06 4.635513400269999984e+05
2.810400089999999977e+02 4.831432109985000454e+06 4.635513400269999984e+05
2.810400089999999977e+02 4.831432089995999821e+06 4.635513200070000021e+05
2.807600100000000225e+02 4.831432149993999861e+06 4.635513200070000021e+05
2.808900150000000053e+02 4.831432220000999980e+06 4.635512999880000134e+05
2.809200129999999831e+02 4.831432239989999682e+06 4.635513099979999824e+05
2.808500060000000076e+02 4.831432119994999841e+06 4.635513699950000155e+05
2.807300109999999904e+02 4.831432130005000159e+06 4.635514000239999732e+05
2.807600100000000225e+02 4.831432130005000159e+06 4.635513200070000021e+05
2.809400019999999927e+02 4.831432209990999661e+06 4.635513300169999711e+05
2.808200069999999755e+02 4.831432279999000020e+06 4.635512700199999963e+05
2.807099910000000023e+02 4.831432380005000159e+06 4.635513400269999984e+05
2.810199890000000096e+02 4.831432140014999546e+06 4.635513499760000268e+05
2.809800109999999904e+02 4.831432149993999861e+06 4.635513699950000155e+05
2.807799989999999752e+02 4.831432179992999882e+06 4.635513200070000021e+05
2.808999939999999924e+02 4.831432230011000298e+06 4.635513099979999824e+05
2.807500000000000000e+02 4.831432329986999743e+06 4.635513699950000155e+05
2.808299870000000169e+02 4.831432119994999841e+06 4.635513699950000155e+05
2.808999939999999924e+02 4.831432119994999841e+06 4.635514000239999732e+05
2.809599910000000023e+02 4.831432089995999821e+06 4.635513800049999845e+05
2.809800109999999904e+02 4.831432070007000118e+06 4.635513599849999882e+05
2.810499879999999848e+02 4.831432059998000041e+06 4.635513800049999845e+05
2.808200069999999755e+02 4.831432220000999980e+06 4.635512899779999861e+05
2.808500060000000076e+02 4.831432200012000278e+06 4.635512899779999861e+05
2.807399899999999775e+02 4.831432079986999743e+06 4.635513499760000268e+05
2.809299930000000245e+02 4.831432279999000020e+06 4.635512800290000159e+05
2.808099980000000073e+02 4.831432209990999661e+06 4.635512700199999963e+05
2.808900150000000053e+02 4.831432209990999661e+06 4.635513300169999711e+05
2.808200069999999755e+02 4.831432190001999959e+06 4.635513499760000268e+05
2.808599849999999947e+02 4.831432160004000179e+06 4.635513699950000155e+05
2.809700010000000248e+02 4.831432140014999546e+06 4.635513800049999845e+05
2.810599980000000073e+02 4.831432130005000159e+06 4.635513900150000118e+05
2.807399899999999775e+02 4.831432100006000139e+06 4.635513800049999845e+05
2.807799989999999752e+02 4.831432140014999546e+06 4.635514400020000176e+05
2.807099910000000023e+02 4.831432160004000179e+06 4.635513699950000155e+05
2.810400089999999977e+02 4.831432100006000139e+06 4.635513499760000268e+05
2.806300049999999828e+02 4.831432380005000159e+06 4.635513499760000268e+05
2.808699950000000172e+02 4.831432200012000278e+06 4.635513599849999882e+05
2.804800109999999904e+02 4.831432339995999821e+06 4.635514500119999866e+05
2.809100040000000149e+02 4.831432239989999682e+06 4.635513099979999824e+05
2.810700069999999755e+02 4.831432160004000179e+06 4.635512600100000273e+05
2.808099980000000073e+02 4.831432220000999980e+06 4.635512899779999861e+05
2.808999939999999924e+02 4.831432260010000318e+06 4.635512800290000159e+05
2.809299930000000245e+02 4.831432290009000339e+06 4.635512700199999963e+05
2.809400019999999927e+02 4.831432179992999882e+06 4.635513499760000268e+05
2.808699950000000172e+02 4.831432209990999661e+06 4.635513099979999824e+05
2.809100040000000149e+02 4.831432239989999682e+06 4.635512899779999861e+05
2.809299930000000245e+02 4.831432260010000318e+06 4.635512899779999861e+05
2.808900150000000053e+02 4.831432170013000257e+06 4.635513499760000268e+05
2.809200129999999831e+02 4.831432160004000179e+06 4.635513699950000155e+05
2.810899959999999851e+02 4.831432119994999841e+06 4.635513499760000268e+05
2.808500060000000076e+02 4.831432190001999959e+06 4.635513099979999824e+05
2.810499879999999848e+02 4.831432010010000318e+06 4.635513900150000118e+05
2.806199950000000172e+02 4.831432399993999861e+06 4.635513599849999882e+05
2.810700069999999755e+02 4.831432209990999661e+06 4.635513099979999824e+05
2.809599910000000023e+02 4.831432209990999661e+06 4.635513300169999711e+05
2.809200129999999831e+02 4.831432220000999980e+06 4.635513200070000021e+05
2.809899899999999775e+02 4.831432130005000159e+06 4.635513599849999882e+05
2.809200129999999831e+02 4.831432130005000159e+06 4.635513699950000155e+05
2.809400019999999927e+02 4.831432149993999861e+06 4.635513300169999711e+05
2.809299930000000245e+02 4.831432170013000257e+06 4.635513099979999824e+05
2.809700010000000248e+02 4.831432029999000020e+06 4.635514600220000139e+05
2.809299930000000245e+02 4.831432029999000020e+06 4.635514500119999866e+05
2.810100100000000225e+02 4.831432070007000118e+06 4.635513900150000118e+05
2.809100040000000149e+02 4.831432040009000339e+06 4.635514000239999732e+05
2.808699950000000172e+02 4.831432040009000339e+06 4.635514000239999732e+05
2.807999879999999848e+02 4.831432049987999722e+06 4.635514000239999732e+05
2.808399959999999851e+02 4.831432100006000139e+06 4.635512999880000134e+05
2.809800109999999904e+02 4.831432019988999702e+06 4.635514099730000016e+05
2.809500120000000152e+02 4.831432029999000020e+06 4.635513900150000118e+05
2.808699950000000172e+02 4.831432040009000339e+06 4.635514000239999732e+05
2.808399959999999851e+02 4.831432049987999722e+06 4.635513800049999845e+05
2.806900019999999927e+02 4.831432040009000339e+06 4.635514199830000289e+05
2.808099980000000073e+02 4.831432079986999743e+06 4.635513300169999711e+05
2.807900089999999977e+02 4.831432089995999821e+06 4.635513099979999824e+05
2.809200129999999831e+02 4.831432019988999702e+06 4.635514000239999732e+05
2.808399959999999851e+02 4.831432029999000020e+06 4.635514099730000016e+05
2.807999879999999848e+02 4.831432029999000020e+06 4.635514000239999732e+05
2.807000120000000152e+02 4.831432029999000020e+06 4.635514099730000016e+05
2.807500000000000000e+02 4.831432059998000041e+06 4.635513599849999882e+05
2.808900150000000053e+02 4.831432029999000020e+06 4.635514000239999732e+05
2.808099980000000073e+02 4.831432029999000020e+06 4.635514099730000016e+05
2.807500000000000000e+02 4.831432040009000339e+06 4.635514000239999732e+05
2.809800109999999904e+02 4.831432019988999702e+06 4.635514199830000289e+05
2.809400019999999927e+02 4.831432029999000020e+06 4.635514099730000016e+05
2.808900150000000053e+02 4.831432040009000339e+06 4.635514000239999732e+05
2.807900089999999977e+02 4.831432029999000020e+06 4.635514199830000289e+05
2.809299930000000245e+02 4.831432029999000020e+06 4.635514099730000016e+05
2.808699950000000172e+02 4.831432040009000339e+06 4.635514000239999732e+05
2.807200010000000248e+02 4.831432019988999702e+06 4.635514400020000176e+05
2.808299870000000169e+02 4.831432059998000041e+06 4.635513599849999882e+05
2.809200129999999831e+02 4.831432029999000020e+06 4.635513900150000118e+05
2.807900089999999977e+02 4.831432019988999702e+06 4.635514199830000289e+05
2.807999879999999848e+02 4.831432040009000339e+06 4.635513900150000118e+05
2.807900089999999977e+02 4.831432070007000118e+06 4.635513300169999711e+05
2.807399899999999775e+02 4.831432079986999743e+06 4.635513200070000021e+05
2.808099980000000073e+02 4.831432049987999722e+06 4.635513200070000021e+05
2.808299870000000169e+02 4.831432070007000118e+06 4.635512800290000159e+05
2.809100040000000149e+02 4.831432220000999980e+06 4.635513300169999711e+05
2.808900150000000053e+02 4.831432230011000298e+06 4.635513099979999824e+05
2.808800049999999828e+02 4.831432109985000454e+06 4.635514000239999732e+05
2.808299870000000169e+02 4.831432130005000159e+06 4.635514000239999732e+05
2.808299870000000169e+02 4.831432140014999546e+06 4.635513699950000155e+05
2.808500060000000076e+02 4.831432170013000257e+06 4.635512999880000134e+05
2.807799989999999752e+02 4.831432190001999959e+06 4.635512899779999861e+05
2.808900150000000053e+02 4.831432119994999841e+06 4.635514000239999732e+05
2.808599849999999947e+02 4.831432269988999702e+06 4.635512700199999963e+05
2.808699950000000172e+02 4.831432239989999682e+06 4.635513200070000021e+05
2.809299930000000245e+02 4.831432049987999722e+06 4.635513200070000021e+05
2.811000060000000076e+02 4.831432119994999841e+06 4.635513200070000021e+05
2.808699950000000172e+02 4.831432100006000139e+06 4.635513900150000118e+05
2.807600100000000225e+02 4.831432170013000257e+06 4.635513499760000268e+05
2.808699950000000172e+02 4.831432170013000257e+06 4.635513599849999882e+05
2.808800049999999828e+02 4.831432279999000020e+06 4.635512600100000273e+05
2.807799989999999752e+02 4.831432250000000000e+06 4.635512999880000134e+05
2.808999939999999924e+02 4.831432260010000318e+06 4.635513099979999824e+05
2.807099910000000023e+02 4.831432279999000020e+06 4.635512899779999861e+05
2.807799989999999752e+02 4.831432290009000339e+06 4.635513099979999824e+05
2.810799870000000169e+02 4.831432089995999821e+06 4.635513599849999882e+05
2.807699890000000096e+02 4.831432019988999702e+06 4.635513699950000155e+05
2.809299930000000245e+02 4.831432109985000454e+06 4.635513900150000118e+05
2.809700010000000248e+02 4.831432140014999546e+06 4.635513900150000118e+05
2.809599910000000023e+02 4.831432149993999861e+06 4.635514000239999732e+05
2.809200129999999831e+02 4.831432239989999682e+06 4.635512899779999861e+05
2.809100040000000149e+02 4.831432230011000298e+06 4.635513099979999824e+05
2.808399959999999851e+02 4.831432170013000257e+06 4.635513599849999882e+05
2.808299870000000169e+02 4.831432230011000298e+06 4.635513200070000021e+05
2.807799989999999752e+02 4.831432179992999882e+06 4.635513699950000155e+05
2.807999879999999848e+02 4.831432149993999861e+06 4.635513800049999845e+05
2.809800109999999904e+02 4.831432209990999661e+06 4.635513200070000021e+05
2.809599910000000023e+02 4.831432220000999980e+06 4.635512899779999861e+05
2.807799989999999752e+02 4.831432160004000179e+06 4.635512800290000159e+05
2.806499939999999924e+02 4.831432369994999841e+06 4.635514000239999732e+05
2.808200069999999755e+02 4.831432329986999743e+06 4.635513099979999824e+05
2.808900150000000053e+02 4.831432230011000298e+06 4.635513200070000021e+05
2.809700010000000248e+02 4.831432179992999882e+06 4.635513200070000021e+05
2.810499879999999848e+02 4.831432100006000139e+06 4.635513400269999984e+05
2.807900089999999977e+02 4.831432160004000179e+06 4.635512899779999861e+05
2.809599910000000023e+02 4.831432239989999682e+06 4.635513099979999824e+05
2.809700010000000248e+02 4.831432170013000257e+06 4.635513800049999845e+05
2.809599910000000023e+02 4.831432179992999882e+06 4.635513499760000268e+05
2.809700010000000248e+02 4.831432119994999841e+06 4.635513800049999845e+05
2.808999939999999924e+02 4.831432149993999861e+06 4.635513599849999882e+05
2.809500120000000152e+02 4.831432160004000179e+06 4.635513300169999711e+05
2.808900150000000053e+02 4.831432190001999959e+06 4.635513099979999824e+05
2.808999939999999924e+02 4.831432260010000318e+06 4.635512700199999963e+05
2.809400019999999927e+02 4.831432220000999980e+06 4.635513300169999711e+05
2.809500120000000152e+02 4.831432309998000041e+06 4.635512600100000273e+05
2.808699950000000172e+02 4.831432200012000278e+06 4.635513200070000021e+05
2.808900150000000053e+02 4.831432170013000257e+06 4.635513699950000155e+05
2.806400150000000053e+02 4.831432359985000454e+06 4.635513800049999845e+05
2.806499939999999924e+02 4.831432369994999841e+06 4.635513800049999845e+05
2.806499939999999924e+02 4.831432380005000159e+06 4.635513800049999845e+05
