463548.109985 4831429.649994 281.510010
463548.119995 4831429.619995 281.690002
463548.109985 4831429.880005 280.829987
463548.109985 4831429.769989 281.140015
463548.119995 4831429.799988 281.040009
463548.109985 4831429.660004 281.609985
463548.109985 4831429.670013 281.540009
463548.109985 4831429.660004 281.489990
463548.109985 4831429.679993 281.250000
463549.090027 4831429.640015 281.420013
463549.049988 4831429.720001 281.040009
463548.989990 4831429.700012 280.880005
463549.090027 4831429.570007 281.540009
463549.099976 4831429.589996 281.559998
463549.010010 4831429.679993 281.100006
463548.989990 4831429.690002 280.940002
463549.000000 4831429.709991 280.970001
463548.969971 4831429.739990 280.829987
463548.979980 4831429.720001 280.920013
463549.010010 4831429.720001 280.970001
463549.000000 4831429.690002 280.950012
463549.039978 4831429.700012 281.079987
463549.020020 4831429.679993 281.079987
463549.080017 4831429.709991 281.109985
463549.059998 4831429.690002 281.149994
463549.099976 4831429.630005 281.450012
463549.090027 4831429.609985 281.429993
463549.099976 4831429.600006 281.549988
463549.039978 4831429.709991 281.070007
463549.030029 4831429.690002 281.100006
463549.090027 4831429.630005 281.510010
463549.039978 4831429.739990 281.119995
463549.049988 4831429.760010 281.089996
463549.099976 4831429.619995 281.609985
463549.020020 4831429.649994 280.970001
463549.030029 4831429.709991 281.140015
463549.039978 4831429.739990 281.149994
463548.950012 4831429.779999 280.839996
463549.080017 4831429.649994 281.429993
463549.059998 4831429.630005 281.450012
463549.099976 4831429.649994 281.489990
463549.010010 4831429.799988 280.929993
463549.090027 4831429.679993 281.450012
463549.059998 4831429.679993 281.480011
463549.080017 4831429.690002 281.450012
463549.090027 4831429.700012 281.410004
463548.869995 4831429.670013 281.459991
463549.000000 4831429.750000 281.119995
463549.020020 4831429.760010 281.100006
463549.030029 4831429.769989 281.070007
463549.039978 4831429.799988 281.059998
463548.979980 4831429.769989 281.019989
463548.950012 4831429.799988 280.829987
463548.969971 4831429.760010 281.010010
463549.000000 4831429.670013 280.920013
463549.000000 4831429.690002 281.000000
463549.030029 4831429.630005 280.950012
463548.969971 4831429.809998 280.829987
463549.010010 4831429.790009 280.829987
463549.000000 4831429.769989 280.980011
463549.030029 4831429.739990 280.959991
463549.020020 4831429.679993 280.899994
463548.979980 4831429.839996 280.890015
463549.000000 4831429.820007 280.839996
463548.979980 4831429.779999 280.910004
463549.020020 4831429.790009 280.839996
463549.020020 4831429.600006 280.970001
463549.049988 4831429.670013 281.489990
463548.940002 4831429.809998 280.880005
463549.099976 4831429.730011 281.670013
463549.059998 4831429.630005 281.670013
463549.059998 4831429.660004 281.579987
463549.070007 4831429.690002 281.529999
463549.010010 4831429.750000 281.149994
463549.020020 4831429.790009 281.019989
463548.940002 4831429.760010 280.899994
463548.940002 4831429.790009 280.880005
463548.940002 4831429.839996 280.890015
463549.010010 4831429.760010 281.000000
463549.059998 4831429.799988 280.850006
463548.960022 4831429.750000 281.070007
463548.960022 4831429.829987 280.809998
463548.979980 4831429.829987 280.910004
463549.030029 4831429.589996 280.929993
463549.000000 4831429.660004 280.890015
463548.989990 4831429.670013 280.859985
463548.940002 4831429.700012 280.859985
463549.049988 4831429.570007 280.869995
463548.909973 4831429.779999 280.950012
463549.020020 4831429.660004 280.910004
463549.020020 4831429.679993 280.820007
463549.049988 4831429.579987 280.869995
463549.039978 4831429.630005 280.940002
463549.000000 4831429.769989 281.010010
463549.020020 4831429.760010 281.059998
463549.030029 4831429.750000 281.109985
463549.080017 4831429.690002 281.410004
463549.080017 4831429.679993 281.489990
463549.090027 4831429.670013 281.570007
463549.099976 4831429.600006 281.429993
463549.099976 4831429.670013 281.529999
463549.039978 4831429.619995 281.160004
463549.080017 4831429.690002 281.440002
463549.090027 4831429.700012 281.440002
463549.020020 4831429.750000 281.200012
463548.989990 4831429.769989 281.029999
463549.000000 4831429.640015 280.929993
463548.770020 4831429.570007 281.630005
463549.000000 4831429.649994 280.970001
463549.070007 4831429.779999 281.109985
463548.940002 4831429.899994 280.880005
463548.969971 4831429.890015 280.869995
