2.805000000000000000e+02 4.831430320007000118e+06 4.635481199950000155e+05
2.804800109999999904e+02 4.831430350006000139e+06 4.635481599730000016e+05
2.804100040000000149e+02 4.831430390014999546e+06 4.635481699830000289e+05
2.801900019999999927e+02 4.831430339995999821e+06 4.635481400150000118e+05
2.801799930000000245e+02 4.831430309998000041e+06 4.635481199950000155e+05
2.800899959999999851e+02 4.831430329986999743e+06 4.635481300049999845e+05
2.800400089999999977e+02 4.831430320007000118e+06 4.635481199950000155e+05
2.799800109999999904e+02 4.831430320007000118e+06 4.635481199950000155e+05
2.799899899999999775e+02 4.831430299987999722e+06 4.635481300049999845e+05
2.800299989999999752e+02 4.831430149993999861e+06 4.635481099849999882e+05
2.807500000000000000e+02 4.831430070007000118e+06 4.635481099849999882e+05
2.806900019999999927e+02 4.831430079986999743e+06 4.635481099849999882e+05
2.805199890000000096e+02 4.831429950012000278e+06 4.635481099849999882e+05
2.801400150000000053e+02 4.831430329986999743e+06 4.635481199950000155e+05
2.800899959999999851e+02 4.831430329986999743e+06 4.635481099849999882e+05
2.800899959999999851e+02 4.831430149993999861e+06 4.635481099849999882e+05
2.804800109999999904e+02 4.831430420013000257e+06 4.635481799929999979e+05
2.804599910000000023e+02 4.831430380005000159e+06 4.635481500239999732e+05
2.803900150000000053e+02 4.831430399993999861e+06 4.635481400150000118e+05
2.803699950000000172e+02 4.831430359985000454e+06 4.635481099849999882e+05
2.804100040000000149e+02 4.831430369994999841e+06 4.635481599730000016e+05
2.804899899999999775e+02 4.831430420013000257e+06 4.635481699830000289e+05
2.803900150000000053e+02 4.831430420013000257e+06 4.635481099849999882e+05
2.805000000000000000e+02 4.831430440001999959e+06 4.635481799929999979e+05
2.805400089999999977e+02 4.831430429992999882e+06 4.635481799929999979e+05
2.805799870000000169e+02 4.831430450012000278e+06 4.635481799929999979e+05
2.804299930000000245e+02 4.831430390014999546e+06 4.635481599730000016e+05
2.804800109999999904e+02 4.831430450012000278e+06 4.635481400150000118e+05
2.804899899999999775e+02 4.831430339995999821e+06 4.635481699830000289e+05
2.804500120000000152e+02 4.831430339995999821e+06 4.635481500239999732e+05
2.804299930000000245e+02 4.831430350006000139e+06 4.635481300049999845e+05
2.803999939999999924e+02 4.831430359985000454e+06 4.635481199950000155e+05
2.804700010000000248e+02 4.831430470000999980e+06 4.635481599730000016e+05
2.798900150000000053e+02 4.831429929992999882e+06 4.635487899779999861e+05
2.804599910000000023e+02 4.831430420013000257e+06 4.635482199709999841e+05
2.798200069999999755e+02 4.831430019988999702e+06 4.635490999760000268e+05
2.800400089999999977e+02 4.831430079986999743e+06 4.635490399779999861e+05
2.804100040000000149e+02 4.831430390014999546e+06 4.635482000119999866e+05
2.804299930000000245e+02 4.831430420013000257e+06 4.635482199709999841e+05
2.804500120000000152e+02 4.831430359985000454e+06 4.635482800290000159e+05
2.804400019999999927e+02 4.831430329986999743e+06 4.635482700199999963e+05
2.799500120000000152e+02 4.831429940001999959e+06 4.635488099979999824e+05
2.798399959999999851e+02 4.831430040009000339e+06 4.635490200199999963e+05
2.799599910000000023e+02 4.831430059998000041e+06 4.635490300290000159e+05
2.798500060000000076e+02 4.831429929992999882e+06 4.635487600100000273e+05
2.805100100000000225e+02 4.831430380005000159e+06 4.635482100220000139e+05
2.805100100000000225e+02 4.831430390014999546e+06 4.635482500000000000e+05
2.798699950000000172e+02 4.831430059998000041e+06 4.635490499880000134e+05
2.805799870000000169e+02 4.831430420013000257e+06 4.635482199709999841e+05
2.805700069999999755e+02 4.831430440001999959e+06 4.635482299800000037e+05
2.798299870000000169e+02 4.831430079986999743e+06 4.635490200199999963e+05
2.802799989999999752e+02 4.831429929992999882e+06 4.635488400269999984e+05
2.798099980000000073e+02 4.831429950012000278e+06 4.635487100220000139e+05
2.798900150000000053e+02 4.831429970000999980e+06 4.635487299800000037e+05
2.799800109999999904e+02 4.831429959990999661e+06 4.635487999880000134e+05
2.802099910000000023e+02 4.831429929992999882e+06 4.635488499760000268e+05
2.798500060000000076e+02 4.831429959990999661e+06 4.635487100220000139e+05
2.798299870000000169e+02 4.831429980011000298e+06 4.635487299800000037e+05
2.798099980000000073e+02 4.831429989989999682e+06 4.635487500000000000e+05
2.805700069999999755e+02 4.831430420013000257e+06 4.635482299800000037e+05
2.798200069999999755e+02 4.831429959990999661e+06 4.635487500000000000e+05
2.806000060000000076e+02 4.831429929992999882e+06 4.635487800290000159e+05
2.799899899999999775e+02 4.831429950012000278e+06 4.635488499760000268e+05
2.800400089999999977e+02 4.831429959990999661e+06 4.635488499760000268e+05
2.799599910000000023e+02 4.831429950012000278e+06 4.635488400269999984e+05
2.799100040000000149e+02 4.831429959990999661e+06 4.635488400269999984e+05
2.798599849999999947e+02 4.831429950012000278e+06 4.635488400269999984e+05
2.800000000000000000e+02 4.831429950012000278e+06 4.635487899779999861e+05
2.799400019999999927e+02 4.831429940001999959e+06 4.635487999880000134e+05
2.799100040000000149e+02 4.831429959990999661e+06 4.635488099979999824e+05
2.800700069999999755e+02 4.831429929992999882e+06 4.635488200070000021e+05
2.805299989999999752e+02 4.831430410004000179e+06 4.635482100220000139e+05
2.806099849999999947e+02 4.831430429992999882e+06 4.635482100220000139e+05
2.799700010000000248e+02 4.831430100006000139e+06 4.635490000000000000e+05
2.800100100000000225e+02 4.831430089995999821e+06 4.635490000000000000e+05
2.798099980000000073e+02 4.831429929992999882e+06 4.635490599979999824e+05
2.798399959999999851e+02 4.831429959990999661e+06 4.635487700199999963e+05
2.798900150000000053e+02 4.831429959990999661e+06 4.635487700199999963e+05
2.799400019999999927e+02 4.831429959990999661e+06 4.635487700199999963e+05
2.799700010000000248e+02 4.831429940001999959e+06 4.635487600100000273e+05
2.799200129999999831e+02 4.831429929992999882e+06 4.635488099979999824e+05
2.800199890000000096e+02 4.831429929992999882e+06 4.635488200070000021e+05
2.798099980000000073e+02 4.831430070007000118e+06 4.635490200199999963e+05
2.798800049999999828e+02 4.831429970000999980e+06 4.635487600100000273e+05
2.798500060000000076e+02 4.831429950012000278e+06 4.635487999880000134e+05
2.798999939999999924e+02 4.831429940001999959e+06 4.635487999880000134e+05
2.801799930000000245e+02 4.831429940001999959e+06 4.635488499760000268e+05
2.800199890000000096e+02 4.831429929992999882e+06 4.635487600100000273e+05
2.799299930000000245e+02 4.831429970000999980e+06 4.635487500000000000e+05
2.805799870000000169e+02 4.831430450012000278e+06 4.635482700199999963e+05
2.798299870000000169e+02 4.831429959990999661e+06 4.635490499880000134e+05
2.802399899999999775e+02 4.831429940001999959e+06 4.635489699709999841e+05
2.799400019999999927e+02 4.831430109985000454e+06 4.635490000000000000e+05
2.799599910000000023e+02 4.831429929992999882e+06 4.635489799800000037e+05
2.807500000000000000e+02 4.831429929992999882e+06 4.635488900150000118e+05
2.798299870000000169e+02 4.831430029999000020e+06 4.635489899899999727e+05
2.799200129999999831e+02 4.831430100006000139e+06 4.635489799800000037e+05
2.798999939999999924e+02 4.831429959990999661e+06 4.635486500239999732e+05
2.805899959999999851e+02 4.831430429992999882e+06 4.635482600100000273e+05
2.805599980000000073e+02 4.831430420013000257e+06 4.635481799929999979e+05
2.800400089999999977e+02 4.831429929992999882e+06 4.635488099979999824e+05
2.798299870000000169e+02 4.831429950012000278e+06 4.635487299800000037e+05
2.798699950000000172e+02 4.831429950012000278e+06 4.635487399899999727e+05
2.799200129999999831e+02 4.831429950012000278e+06 4.635487399899999727e+05
2.799400019999999927e+02 4.831429940001999959e+06 4.635487600100000273e+05
2.799700010000000248e+02 4.831429929992999882e+06 4.635487800290000159e+05
2.800100100000000225e+02 4.831429940001999959e+06 4.635487899779999861e+05
2.801600040000000149e+02 4.831429940001999959e+06 4.635488099979999824e+05
2.805199890000000096e+02 4.831430420013000257e+06 4.635482000119999866e+05
2.805499879999999848e+02 4.831430420013000257e+06 4.635482100220000139e+05
2.798099980000000073e+02 4.831429940001999959e+06 4.635490999760000268e+05
2.798900150000000053e+02 4.831430100006000139e+06 4.635490200199999963e+05
2.799500120000000152e+02 4.831430109985000454e+06 4.635490200199999963e+05
2.800199890000000096e+02 4.831430119994999841e+06 4.635490300290000159e+05
2.799100040000000149e+02 4.831429970000999980e+06 4.635487899779999861e+05
2.805299989999999752e+02 4.831430359985000454e+06 4.635482600100000273e+05
2.799700010000000248e+02 4.831429929992999882e+06 4.635487800290000159e+05
2.803699950000000172e+02 4.831429940001999959e+06 4.635488699950000155e+05
2.804500120000000152e+02 4.831429950012000278e+06 4.635488900150000118e+05
2.804500120000000152e+02 4.831429929992999882e+06 4.635489199830000289e+05
2.799400019999999927e+02 4.831429970000999980e+06 4.635487500000000000e+05
2.799400019999999927e+02 4.831429959990999661e+06 4.635487700199999963e+05
2.799700010000000248e+02 4.831429950012000278e+06 4.635487999880000134e+05
2.799899899999999775e+02 4.831429950012000278e+06 4.635488200070000021e+05
2.798200069999999755e+02 4.831430000000000000e+06 4.635487999880000134e+05
2.798900150000000053e+02 4.831430109985000454e+06 4.635490300290000159e+05
2.798500060000000076e+02 4.831429929992999882e+06 4.635487299800000037e+05
2.804700010000000248e+02 4.831430369994999841e+06 4.635481900020000176e+05
2.799400019999999927e+02 4.831430910004000179e+06 4.635490499880000134e+05
2.800199890000000096e+02 4.831430880005000159e+06 4.635490300290000159e+05
2.800799870000000169e+02 4.831430869994999841e+06 4.635490300290000159e+05
2.801400150000000053e+02 4.831430869994999841e+06 4.635490300290000159e+05
2.806600040000000149e+02 4.831430880005000159e+06 4.635490999760000268e+05
2.807000120000000152e+02 4.831430890014999546e+06 4.635490999760000268e+05
2.802699890000000096e+02 4.831430779999000020e+06 4.635490999760000268e+05
2.806600040000000149e+02 4.831430880005000159e+06 4.635490900269999984e+05
2.807000120000000152e+02 4.831430890014999546e+06 4.635490900269999984e+05
2.805400089999999977e+02 4.831430880005000159e+06 4.635490900269999984e+05
2.806199950000000172e+02 4.831430869994999841e+06 4.635490700070000021e+05
2.806199950000000172e+02 4.831430920013000257e+06 4.635490999760000268e+05
2.803699950000000172e+02 4.831430839995999821e+06 4.635490599979999824e+05
2.804100040000000149e+02 4.831430859985000454e+06 4.635490599979999824e+05
2.804700010000000248e+02 4.831430859985000454e+06 4.635490499880000134e+05
2.803999939999999924e+02 4.831430859985000454e+06 4.635490399779999861e+05
2.805199890000000096e+02 4.831430910004000179e+06 4.635490499880000134e+05
2.801700129999999831e+02 4.831430869994999841e+06 4.635490300290000159e+05
2.802799989999999752e+02 4.831430859985000454e+06 4.635490100100000273e+05
2.804500120000000152e+02 4.831430910004000179e+06 4.635490200199999963e+05
2.799200129999999831e+02 4.831430839995999821e+06 4.635490000000000000e+05
2.799599910000000023e+02 4.831430850006000139e+06 4.635490000000000000e+05
2.800199890000000096e+02 4.831430850006000139e+06 4.635489899899999727e+05
2.800599980000000073e+02 4.831430869994999841e+06 4.635489899899999727e+05
2.800899959999999851e+02 4.831430890014999546e+06 4.635490000000000000e+05
2.798599849999999947e+02 4.831430869994999841e+06 4.635489400020000176e+05
2.805799870000000169e+02 4.831430839995999821e+06 4.635490999760000268e+05
2.806199950000000172e+02 4.831430859985000454e+06 4.635490999760000268e+05
2.806799930000000245e+02 4.831430859985000454e+06 4.635490800169999711e+05
2.807099910000000023e+02 4.831430890014999546e+06 4.635490999760000268e+05
2.805000000000000000e+02 4.831430839995999821e+06 4.635490499880000134e+05
2.805400089999999977e+02 4.831430859985000454e+06 4.635490499880000134e+05
2.805799870000000169e+02 4.831430880005000159e+06 4.635490499880000134e+05
2.806199950000000172e+02 4.831430899993999861e+06 4.635490599979999824e+05
2.803699950000000172e+02 4.831430850006000139e+06 4.635490200199999963e+05
2.803999939999999924e+02 4.831430869994999841e+06 4.635490200199999963e+05
2.804400019999999927e+02 4.831430890014999546e+06 4.635490300290000159e+05
2.804700010000000248e+02 4.831430910004000179e+06 4.635490300290000159e+05
2.802200010000000248e+02 4.831430850006000139e+06 4.635490000000000000e+05
2.802699890000000096e+02 4.831430859985000454e+06 4.635490000000000000e+05
2.803599849999999947e+02 4.831430890014999546e+06 4.635489899899999727e+05
2.799400019999999927e+02 4.831430809998000041e+06 4.635489699709999841e+05
2.799800109999999904e+02 4.831430820007000118e+06 4.635489699709999841e+05
2.800299989999999752e+02 4.831430839995999821e+06 4.635489699709999841e+05
2.800799870000000169e+02 4.831430850006000139e+06 4.635489699709999841e+05
2.801199950000000172e+02 4.831430880005000159e+06 4.635489699709999841e+05
2.798200069999999755e+02 4.831430809998000041e+06 4.635489500119999866e+05
2.798500060000000076e+02 4.831430829986999743e+06 4.635489500119999866e+05
2.798900150000000053e+02 4.831430839995999821e+06 4.635489500119999866e+05
2.799400019999999927e+02 4.831430850006000139e+06 4.635489400020000176e+05
2.799800109999999904e+02 4.831430859985000454e+06 4.635489400020000176e+05
2.800199890000000096e+02 4.831430880005000159e+06 4.635489400020000176e+05
2.798800049999999828e+02 4.831430850006000139e+06 4.635489000239999732e+05
2.798399959999999851e+02 4.831430920013000257e+06 4.635489699709999841e+05
2.798900150000000053e+02 4.831430850006000139e+06 4.635490100100000273e+05
2.800799870000000169e+02 4.831430869994999841e+06 4.635490399779999861e+05
2.800199890000000096e+02 4.831430829986999743e+06 4.635490300290000159e+05
2.799800109999999904e+02 4.831430820007000118e+06 4.635490300290000159e+05
2.799299930000000245e+02 4.831430809998000041e+06 4.635490200199999963e+05
2.798800049999999828e+02 4.831430799987999722e+06 4.635490200199999963e+05
2.798399959999999851e+02 4.831430779999000020e+06 4.635490200199999963e+05
2.802699890000000096e+02 4.831430820007000118e+06 4.635490200199999963e+05
2.801799930000000245e+02 4.831430829986999743e+06 4.635490499880000134e+05
2.801400150000000053e+02 4.831430820007000118e+06 4.635490499880000134e+05
2.800899959999999851e+02 4.831430809998000041e+06 4.635490499880000134e+05
2.800499879999999848e+02 4.831430799987999722e+06 4.635490499880000134e+05
2.799899899999999775e+02 4.831430799987999722e+06 4.635490499880000134e+05
2.799400019999999927e+02 4.831430790009000339e+06 4.635490499880000134e+05
2.798800049999999828e+02 4.831430790009000339e+06 4.635490599979999824e+05
2.802200010000000248e+02 4.831430820007000118e+06 4.635490800169999711e+05
2.801799930000000245e+02 4.831430809998000041e+06 4.635490800169999711e+05
2.801199950000000172e+02 4.831430799987999722e+06 4.635490800169999711e+05
2.800799870000000169e+02 4.831430799987999722e+06 4.635490800169999711e+05
2.800400089999999977e+02 4.831430779999000020e+06 4.635490800169999711e+05
2.800700069999999755e+02 4.831430869994999841e+06 4.635490499880000134e+05
2.800000000000000000e+02 4.831430869994999841e+06 4.635490499880000134e+05
2.799500120000000152e+02 4.831430839995999821e+06 4.635490200199999963e+05
2.798900150000000053e+02 4.831430850006000139e+06 4.635490300290000159e+05
2.799800109999999904e+02 4.831430809998000041e+06 4.635490700070000021e+05
2.799100040000000149e+02 4.831430820007000118e+06 4.635490700070000021e+05
2.798800049999999828e+02 4.831430799987999722e+06 4.635490599979999824e+05
2.798399959999999851e+02 4.831430790009000339e+06 4.635490499880000134e+05
2.804100040000000149e+02 4.831430839995999821e+06 4.635490999760000268e+05
2.801099849999999947e+02 4.831430850006000139e+06 4.635490399779999861e+05
2.800599980000000073e+02 4.831430839995999821e+06 4.635490300290000159e+05
2.800000000000000000e+02 4.831430850006000139e+06 4.635490300290000159e+05
2.800799870000000169e+02 4.831430809998000041e+06 4.635490800169999711e+05
2.802600100000000225e+02 4.831430859985000454e+06 4.635489799800000037e+05
2.806000060000000076e+02 4.831430859985000454e+06 4.635490599979999824e+05
2.802500000000000000e+02 4.831430820007000118e+06 4.635490300290000159e+05
2.804100040000000149e+02 4.831430850006000139e+06 4.635490200199999963e+05
2.804500120000000152e+02 4.831430859985000454e+06 4.635490200199999963e+05
2.804800109999999904e+02 4.831430869994999841e+06 4.635490300290000159e+05
2.801400150000000053e+02 4.831430839995999821e+06 4.635490000000000000e+05
2.802399899999999775e+02 4.831430839995999821e+06 4.635489799800000037e+05
2.803299870000000169e+02 4.831430869994999841e+06 4.635489899899999727e+05
2.800199890000000096e+02 4.831430850006000139e+06 4.635489899899999727e+05
2.800899959999999851e+02 4.831430850006000139e+06 4.635489799800000037e+05
2.801700129999999831e+02 4.831430859985000454e+06 4.635489699709999841e+05
2.802000120000000152e+02 4.831430869994999841e+06 4.635489799800000037e+05
2.798900150000000053e+02 4.831430829986999743e+06 4.635489699709999841e+05
2.799500120000000152e+02 4.831430839995999821e+06 4.635489699709999841e+05
2.801000060000000076e+02 4.831430850006000139e+06 4.635489500119999866e+05
2.801400150000000053e+02 4.831430869994999841e+06 4.635489600220000139e+05
2.798599849999999947e+02 4.831430839995999821e+06 4.635489500119999866e+05
2.799200129999999831e+02 4.831430839995999821e+06 4.635489400020000176e+05
2.799800109999999904e+02 4.831430850006000139e+06 4.635489400020000176e+05
2.800000000000000000e+02 4.831430869994999841e+06 4.635489400020000176e+05
2.801000060000000076e+02 4.831430869994999841e+06 4.635489299929999979e+05
2.798500060000000076e+02 4.831430850006000139e+06 4.635489199830000289e+05
2.799500120000000152e+02 4.831430880005000159e+06 4.635489199830000289e+05
2.798299870000000169e+02 4.831430880005000159e+06 4.635489099730000016e+05
2.807600100000000225e+02 4.831430859985000454e+06 4.635490800169999711e+05
2.807900089999999977e+02 4.831430880005000159e+06 4.635490800169999711e+05
2.806799930000000245e+02 4.831430899993999861e+06 4.635490499880000134e+05
2.807300109999999904e+02 4.831430910004000179e+06 4.635490499880000134e+05
2.804899899999999775e+02 4.831430869994999841e+06 4.635490100100000273e+05
2.805299989999999752e+02 4.831430890014999546e+06 4.635490100100000273e+05
2.805499879999999848e+02 4.831430920013000257e+06 4.635490200199999963e+05
2.798200069999999755e+02 4.831430769988999702e+06 4.635490999760000268e+05
2.802500000000000000e+02 4.831430829986999743e+06 4.635489899899999727e+05
2.803200069999999755e+02 4.831430850006000139e+06 4.635489799800000037e+05
2.803399959999999851e+02 4.831430869994999841e+06 4.635489799800000037e+05
2.800899959999999851e+02 4.831430809998000041e+06 4.635489500119999866e+05
2.801000060000000076e+02 4.831430829986999743e+06 4.635489600220000139e+05
2.801499939999999924e+02 4.831430850006000139e+06 4.635489500119999866e+05
2.801900019999999927e+02 4.831430869994999841e+06 4.635489500119999866e+05
2.802200010000000248e+02 4.831430890014999546e+06 4.635489600220000139e+05
2.802200010000000248e+02 4.831430910004000179e+06 4.635489699709999841e+05
2.799200129999999831e+02 4.831430809998000041e+06 4.635489500119999866e+05
2.800199890000000096e+02 4.831430839995999821e+06 4.635489299929999979e+05
2.801000060000000076e+02 4.831430890014999546e+06 4.635489299929999979e+05
2.801199950000000172e+02 4.831430910004000179e+06 4.635489400020000176e+05
2.798800049999999828e+02 4.831430839995999821e+06 4.635489099730000016e+05
2.799200129999999831e+02 4.831430850006000139e+06 4.635489099730000016e+05
2.798500060000000076e+02 4.831430839995999821e+06 4.635488900150000118e+05
2.807099910000000023e+02 4.831430920013000257e+06 4.635490700070000021e+05
2.806300049999999828e+02 4.831430910004000179e+06 4.635490499880000134e+05
2.805599980000000073e+02 4.831430890014999546e+06 4.635490399779999861e+05
2.805100100000000225e+02 4.831430869994999841e+06 4.635490300290000159e+05
2.804599910000000023e+02 4.831430859985000454e+06 4.635490200199999963e+05
2.802399899999999775e+02 4.831430839995999821e+06 4.635489899899999727e+05
2.807699890000000096e+02 4.831430869994999841e+06 4.635490999760000268e+05
2.806600040000000149e+02 4.831430859985000454e+06 4.635490900269999984e+05
2.805499879999999848e+02 4.831430850006000139e+06 4.635490800169999711e+05
2.807200010000000248e+02 4.831430890014999546e+06 4.635490800169999711e+05
2.805799870000000169e+02 4.831430899993999861e+06 4.635490499880000134e+05
2.804400019999999927e+02 4.831430899993999861e+06 4.635490200199999963e+05
2.802200010000000248e+02 4.831430890014999546e+06 4.635489600220000139e+05
2.804400019999999927e+02 4.831430890014999546e+06 4.635490900269999984e+05
2.803800049999999828e+02 4.831430859985000454e+06 4.635490599979999824e+05
2.802900089999999977e+02 4.831430850006000139e+06 4.635490300290000159e+05
2.802000120000000152e+02 4.831430850006000139e+06 4.635490100100000273e+05
2.800899959999999851e+02 4.831430850006000139e+06 4.635489799800000037e+05
2.799800109999999904e+02 4.831430859985000454e+06 4.635489600220000139e+05
2.798699950000000172e+02 4.831430859985000454e+06 4.635489299929999979e+05
2.804400019999999927e+02 4.831430899993999861e+06 4.635490000000000000e+05
2.807000120000000152e+02 4.831430910004000179e+06 4.635490499880000134e+05
2.802600100000000225e+02 4.831430829986999743e+06 4.635490200199999963e+05
2.805499879999999848e+02 4.831430910004000179e+06 4.635490200199999963e+05
2.802999879999999848e+02 4.831430910004000179e+06 4.635489600220000139e+05
2.802099910000000023e+02 4.831430899993999861e+06 4.635489299929999979e+05
2.802300109999999904e+02 4.831430920013000257e+06 4.635489500119999866e+05
2.802099910000000023e+02 4.831430910004000179e+06 4.635489400020000176e+05
2.802200010000000248e+02 4.831430899993999861e+06 4.635489299929999979e+05
2.802300109999999904e+02 4.831430910004000179e+06 4.635489400020000176e+05
2.802399899999999775e+02 4.831430899993999861e+06 4.635489400020000176e+05
2.803200069999999755e+02 4.831430910004000179e+06 4.635489500119999866e+05
2.803500060000000076e+02 4.831430910004000179e+06 4.635489600220000139e+05
2.803299870000000169e+02 4.831430899993999861e+06 4.635489600220000139e+05
2.802500000000000000e+02 4.831430899993999861e+06 4.635489400020000176e+05
2.802999879999999848e+02 4.831430899993999861e+06 4.635489400020000176e+05
2.802999879999999848e+02 4.831430920013000257e+06 4.635489500119999866e+05
2.802699890000000096e+02 4.831430920013000257e+06 4.635489400020000176e+05
2.802600100000000225e+02 4.831430899993999861e+06 4.635489500119999866e+05
2.803399959999999851e+02 4.831430899993999861e+06 4.635489400020000176e+05
2.803299870000000169e+02 4.831430920013000257e+06 4.635489600220000139e+05
2.803399959999999851e+02 4.831430920013000257e+06 4.635489699709999841e+05
2.803900150000000053e+02 4.831430890014999546e+06 4.635489799800000037e+05
2.803399959999999851e+02 4.831430869994999841e+06 4.635489899899999727e+05
2.804599910000000023e+02 4.831430920013000257e+06 4.635490000000000000e+05
2.802500000000000000e+02 4.831430820007000118e+06 4.635490200199999963e+05
2.807000120000000152e+02 4.831430920013000257e+06 4.635490300290000159e+05
2.802699890000000096e+02 4.831430829986999743e+06 4.635490200199999963e+05
2.805199890000000096e+02 4.831430920013000257e+06 4.635490100100000273e+05
2.804400019999999927e+02 4.831430899993999861e+06 4.635489799800000037e+05
2.803299870000000169e+02 4.831430899993999861e+06 4.635489600220000139e+05
2.798500060000000076e+02 4.831430890014999546e+06 4.635489000239999732e+05
2.798200069999999755e+02 4.831430899993999861e+06 4.635488800049999845e+05
2.798099980000000073e+02 4.831430920013000257e+06 4.635488699950000155e+05
2.798200069999999755e+02 4.831430890014999546e+06 4.635489199830000289e+05
2.799700010000000248e+02 4.831430899993999861e+06 4.635489600220000139e+05
2.800499879999999848e+02 4.831430910004000179e+06 4.635489600220000139e+05
2.801300049999999828e+02 4.831430920013000257e+06 4.635489500119999866e+05
2.801400150000000053e+02 4.831430890014999546e+06 4.635489299929999979e+05
2.798099980000000073e+02 4.831430809998000041e+06 4.635490100100000273e+05
2.798800049999999828e+02 4.831430890014999546e+06 4.635489799800000037e+05
2.799500120000000152e+02 4.831430880005000159e+06 4.635489799800000037e+05
2.798299870000000169e+02 4.831430790009000339e+06 4.635490800169999711e+05
2.802699890000000096e+02 4.831430799987999722e+06 4.635490499880000134e+05
2.798099980000000073e+02 4.831430820007000118e+06 4.635490900269999984e+05
2.798200069999999755e+02 4.831430920013000257e+06 4.635489500119999866e+05
2.798500060000000076e+02 4.831430890014999546e+06 4.635489400020000176e+05
2.799800109999999904e+02 4.831430920013000257e+06 4.635489400020000176e+05
2.801499939999999924e+02 4.831430920013000257e+06 4.635489899899999727e+05
2.802099910000000023e+02 4.831430920013000257e+06 4.635489799800000037e+05
2.804500120000000152e+02 4.831430920013000257e+06 4.635490300290000159e+05
2.798200069999999755e+02 4.831430779999000020e+06 4.635490999760000268e+05
2.798699950000000172e+02 4.831430899993999861e+06 4.635489699709999841e+05
2.799200129999999831e+02 4.831430890014999546e+06 4.635489699709999841e+05
2.799800109999999904e+02 4.831430890014999546e+06 4.635489899899999727e+05
2.807099910000000023e+02 4.831430920013000257e+06 4.635490300290000159e+05
2.801300049999999828e+02 4.831430890014999546e+06 4.635489500119999866e+05
2.804400019999999927e+02 4.831430899993999861e+06 4.635489699709999841e+05
2.800000000000000000e+02 4.831430890014999546e+06 4.635489000239999732e+05
2.800899959999999851e+02 4.831430910004000179e+06 4.635489000239999732e+05
2.803500060000000076e+02 4.831430910004000179e+06 4.635489500119999866e+05
2.798599849999999947e+02 4.831430859985000454e+06 4.635489199830000289e+05
2.798500060000000076e+02 4.831430839995999821e+06 4.635489699709999841e+05
2.799500120000000152e+02 4.831430850006000139e+06 4.635489299929999979e+05
2.804700010000000248e+02 4.831430920013000257e+06 4.635489400020000176e+05
2.803999939999999924e+02 4.831430890014999546e+06 4.635490300290000159e+05
2.804899899999999775e+02 4.831430899993999861e+06 4.635490000000000000e+05
2.805100100000000225e+02 4.831430880005000159e+06 4.635490300290000159e+05
2.806300049999999828e+02 4.831430899993999861e+06 4.635489699709999841e+05
2.799299930000000245e+02 4.831430920013000257e+06 4.635489199830000289e+05
2.804100040000000149e+02 4.831430899993999861e+06 4.635489799800000037e+05
2.805799870000000169e+02 4.831430910004000179e+06 4.635490300290000159e+05
2.806300049999999828e+02 4.831430920013000257e+06 4.635490399779999861e+05
2.800400089999999977e+02 4.831430859985000454e+06 4.635489199830000289e+05
2.800899959999999851e+02 4.831430869994999841e+06 4.635489299929999979e+05
2.803999939999999924e+02 4.831430910004000179e+06 4.635489899899999727e+05
2.798200069999999755e+02 4.831430899993999861e+06 4.635488800049999845e+05
2.798399959999999851e+02 4.831430890014999546e+06 4.635489000239999732e+05
2.798999939999999924e+02 4.831430899993999861e+06 4.635489099730000016e+05
2.799500120000000152e+02 4.831430910004000179e+06 4.635489199830000289e+05
2.800100100000000225e+02 4.831430920013000257e+06 4.635489299929999979e+05
2.800400089999999977e+02 4.831430910004000179e+06 4.635489500119999866e+05
2.798200069999999755e+02 4.831430899993999861e+06 4.635489199830000289e+05
2.798699950000000172e+02 4.831430910004000179e+06 4.635489299929999979e+05
2.799200129999999831e+02 4.831430920013000257e+06 4.635489299929999979e+05
2.799599910000000023e+02 4.831430920013000257e+06 4.635489500119999866e+05
2.800100100000000225e+02 4.831430920013000257e+06 4.635489600220000139e+05
2.800100100000000225e+02 4.831430899993999861e+06 4.635489899899999727e+05
2.798099980000000073e+02 4.831430910004000179e+06 4.635489099730000016e+05
2.798399959999999851e+02 4.831430899993999861e+06 4.635489299929999979e+05
2.798999939999999924e+02 4.831430920013000257e+06 4.635489299929999979e+05
2.799400019999999927e+02 4.831430920013000257e+06 4.635489500119999866e+05
2.799899899999999775e+02 4.831430899993999861e+06 4.635489899899999727e+05
2.798399959999999851e+02 4.831430899993999861e+06 4.635489099730000016e+05
2.798999939999999924e+02 4.831430920013000257e+06 4.635489199830000289e+05
2.799500120000000152e+02 4.831430920013000257e+06 4.635489299929999979e+05
2.798099980000000073e+02 4.831430920013000257e+06 4.635489199830000289e+05
2.798399959999999851e+02 4.831430920013000257e+06 4.635489400020000176e+05
2.799100040000000149e+02 4.831430910004000179e+06 4.635489600220000139e+05
2.799700010000000248e+02 4.831430899993999861e+06 4.635490000000000000e+05
2.806300049999999828e+02 4.831430890014999546e+06 4.635490399779999861e+05
2.800799870000000169e+02 4.831430880005000159e+06 4.635489600220000139e+05
2.800400089999999977e+02 4.831430880005000159e+06 4.635489400020000176e+05
2.799800109999999904e+02 4.831430880005000159e+06 4.635489299929999979e+05
2.799299930000000245e+02 4.831430880005000159e+06 4.635489199830000289e+05
2.798299870000000169e+02 4.831430859985000454e+06 4.635489199830000289e+05
2.801199950000000172e+02 4.831430850006000139e+06 4.635489400020000176e+05
2.800899959999999851e+02 4.831430859985000454e+06 4.635489199830000289e+05
2.800400089999999977e+02 4.831430859985000454e+06 4.635489099730000016e+05
2.799800109999999904e+02 4.831430850006000139e+06 4.635489099730000016e+05
2.801799930000000245e+02 4.831430850006000139e+06 4.635489099730000016e+05
2.799899899999999775e+02 4.831430839995999821e+06 4.635488900150000118e+05
2.807500000000000000e+02 4.831430850006000139e+06 4.635490999760000268e+05
2.807000120000000152e+02 4.831430859985000454e+06 4.635490900269999984e+05
2.806400150000000053e+02 4.831430869994999841e+06 4.635490900269999984e+05
2.807399899999999775e+02 4.831430809998000041e+06 4.635490900269999984e+05
2.806700129999999831e+02 4.831430829986999743e+06 4.635490700070000021e+05
2.805599980000000073e+02 4.831430850006000139e+06 4.635490599979999824e+05
2.805499879999999848e+02 4.831430859985000454e+06 4.635490399779999861e+05
2.807500000000000000e+02 4.831430779999000020e+06 4.635490999760000268e+05
2.806799930000000245e+02 4.831430790009000339e+06 4.635490999760000268e+05
2.806499939999999924e+02 4.831430799987999722e+06 4.635490800169999711e+05
2.806300049999999828e+02 4.831430809998000041e+06 4.635490700070000021e+05
2.805400089999999977e+02 4.831430829986999743e+06 4.635490499880000134e+05
2.805100100000000225e+02 4.831430839995999821e+06 4.635490399779999861e+05
2.805199890000000096e+02 4.831430799987999722e+06 4.635490499880000134e+05
2.804800109999999904e+02 4.831430809998000041e+06 4.635490399779999861e+05
2.804500120000000152e+02 4.831430820007000118e+06 4.635490300290000159e+05
2.804299930000000245e+02 4.831430829986999743e+06 4.635490100100000273e+05
2.803200069999999755e+02 4.831430850006000139e+06 4.635490000000000000e+05
2.805000000000000000e+02 4.831430769988999702e+06 4.635490399779999861e+05
2.804500120000000152e+02 4.831430779999000020e+06 4.635490300290000159e+05
2.804100040000000149e+02 4.831430790009000339e+06 4.635490200199999963e+05
2.803099980000000073e+02 4.831430779999000020e+06 4.635490100100000273e+05
2.798800049999999828e+02 4.831430820007000118e+06 4.635489500119999866e+05
2.799100040000000149e+02 4.831430809998000041e+06 4.635489199830000289e+05
2.805299989999999752e+02 4.831430809998000041e+06 4.635490700070000021e+05
2.805100100000000225e+02 4.831430829986999743e+06 4.635490499880000134e+05
2.804400019999999927e+02 4.831430839995999821e+06 4.635490599979999824e+05
2.803200069999999755e+02 4.831430779999000020e+06 4.635490599979999824e+05
2.803099980000000073e+02 4.831430799987999722e+06 4.635490300290000159e+05
2.802799989999999752e+02 4.831430809998000041e+06 4.635490100100000273e+05
2.802200010000000248e+02 4.831430829986999743e+06 4.635490100100000273e+05
2.801900019999999927e+02 4.831430839995999821e+06 4.635490000000000000e+05
2.801400150000000053e+02 4.831430850006000139e+06 4.635490000000000000e+05
2.801300049999999828e+02 4.831430769988999702e+06 4.635490000000000000e+05
2.800899959999999851e+02 4.831430790009000339e+06 4.635489899899999727e+05
2.800599980000000073e+02 4.831430799987999722e+06 4.635489799800000037e+05
2.800100100000000225e+02 4.831430820007000118e+06 4.635489699709999841e+05
2.798900150000000053e+02 4.831430839995999821e+06 4.635489699709999841e+05
2.799500120000000152e+02 4.831430760010000318e+06 4.635489699709999841e+05
2.798999939999999924e+02 4.831430779999000020e+06 4.635489699709999841e+05
2.798699950000000172e+02 4.831430790009000339e+06 4.635489500119999866e+05
2.798200069999999755e+02 4.831430809998000041e+06 4.635489500119999866e+05
2.802500000000000000e+02 4.831430899993999861e+06 4.635489500119999866e+05
2.802399899999999775e+02 4.831430869994999841e+06 4.635490000000000000e+05
2.802600100000000225e+02 4.831430850006000139e+06 4.635490200199999963e+05
2.799400019999999927e+02 4.831430910004000179e+06 4.635489899899999727e+05
2.798800049999999828e+02 4.831430820007000118e+06 4.635490999760000268e+05
2.800799870000000169e+02 4.831430839995999821e+06 4.635489500119999866e+05
2.807900089999999977e+02 4.831430910004000179e+06 4.635490200199999963e+05
2.804800109999999904e+02 4.831430839995999821e+06 4.635490200199999963e+05
2.805199890000000096e+02 4.831430850006000139e+06 4.635490000000000000e+05
2.805199890000000096e+02 4.831430859985000454e+06 4.635489799800000037e+05
2.804299930000000245e+02 4.831430890014999546e+06 4.635489500119999866e+05
2.802699890000000096e+02 4.831430790009000339e+06 4.635490000000000000e+05
2.802300109999999904e+02 4.831430809998000041e+06 4.635489799800000037e+05
2.800599980000000073e+02 4.831430839995999821e+06 4.635489500119999866e+05
2.801600040000000149e+02 4.831430839995999821e+06 4.635489299929999979e+05
2.802000120000000152e+02 4.831430850006000139e+06 4.635489099730000016e+05
2.798699950000000172e+02 4.831430750000000000e+06 4.635490499880000134e+05
2.798699950000000172e+02 4.831430820007000118e+06 4.635489299929999979e+05
2.798500060000000076e+02 4.831430850006000139e+06 4.635488900150000118e+05
2.807699890000000096e+02 4.831430880005000159e+06 4.635490399779999861e+05
2.806000060000000076e+02 4.831430829986999743e+06 4.635490300290000159e+05
2.806000060000000076e+02 4.831430839995999821e+06 4.635490000000000000e+05
2.801499939999999924e+02 4.831430829986999743e+06 4.635490300290000159e+05
2.801600040000000149e+02 4.831430809998000041e+06 4.635490599979999824e+05
2.804800109999999904e+02 4.831430859985000454e+06 4.635490999760000268e+05
2.800499879999999848e+02 4.831430859985000454e+06 4.635490399779999861e+05
2.805000000000000000e+02 4.831430859985000454e+06 4.635490999760000268e+05
2.802399899999999775e+02 4.831430799987999722e+06 4.635490599979999824e+05
2.804599910000000023e+02 4.831430920013000257e+06 4.635490900269999984e+05
2.801000060000000076e+02 4.831430850006000139e+06 4.635490300290000159e+05
2.799800109999999904e+02 4.831430910004000179e+06 4.635489899899999727e+05
2.799400019999999927e+02 4.831430890014999546e+06 4.635490100100000273e+05
2.799299930000000245e+02 4.831430880005000159e+06 4.635490300290000159e+05
