463547.669983 4831430.369995 267.049988
463547.770020 4831430.350006 266.970001
463547.750000 4831430.350006 267.109985
463547.729980 4831430.339996 267.250000
463547.700012 4831430.359985 267.019989
463547.690002 4831430.359985 267.140015
463547.630005 4831430.410004 266.850006
463547.619995 4831430.420013 266.950012
463547.609985 4831430.429993 267.040009
463547.609985 4831430.429993 267.119995
463547.570007 4831430.269989 266.970001
463547.719971 4831430.359985 267.059998
463547.750000 4831430.350006 267.040009
463547.729980 4831430.540009 266.649994
463547.700012 4831430.510010 266.649994
463547.619995 4831430.470001 266.619995
463547.599976 4831430.529999 267.019989
463547.609985 4831430.559998 267.019989
463547.630005 4831430.579987 267.029999
463547.599976 4831430.519989 266.239990
463547.609985 4831430.540009 266.279999
463547.609985 4831430.559998 266.329987
463547.619995 4831430.579987 266.350006
463547.580017 4831430.559998 266.149994
463547.580017 4831430.579987 266.220001
463547.750000 4831430.679993 266.660004
463547.640015 4831430.660004 266.100006
463547.580017 4831430.570007 266.149994
463547.700012 4831430.670013 266.250000
463547.669983 4831430.660004 266.380005
463547.739990 4831430.660004 266.510010
463547.729980 4831430.649994 266.589996
463547.710022 4831430.640015 266.630005
463547.679993 4831430.630005 266.779999
463547.669983 4831430.600006 266.790009
463547.659973 4831430.589996 266.829987
463547.640015 4831430.570007 266.859985
463547.630005 4831430.559998 266.899994
463547.609985 4831430.540009 266.929993
463547.809998 4831430.640015 266.649994
463547.799988 4831430.630005 266.700012
463547.789978 4831430.640015 266.799988
463547.770020 4831430.619995 266.839996
463547.760010 4831430.600006 266.890015
463547.719971 4831430.609985 267.140015
463547.710022 4831430.609985 267.220001
463547.630005 4831430.640015 266.350006
463547.640015 4831430.609985 267.049988
463547.679993 4831430.660004 266.459991
463547.659973 4831430.619995 266.649994
463547.690002 4831430.640015 267.040009
463547.679993 4831430.609985 267.049988
463547.669983 4831430.600006 267.100006
463547.729980 4831430.700012 266.140015
463547.729980 4831430.679993 266.480011
463547.710022 4831430.660004 266.510010
463547.719971 4831430.660004 266.609985
463547.710022 4831430.630005 266.920013
463547.710022 4831430.619995 266.980011
463547.710022 4831430.619995 267.100006
463547.710022 4831430.609985 267.179993
463547.760010 4831430.690002 266.100006
463547.760010 4831430.690002 266.190002
463547.760010 4831430.679993 266.390015
463547.760010 4831430.670013 266.470001
463547.760010 4831430.660004 266.540009
463547.760010 4831430.649994 266.809998
463547.750000 4831430.630005 266.850006
463547.760010 4831430.640015 266.970001
463547.750000 4831430.609985 266.989990
463547.760010 4831430.619995 267.200012
463547.799988 4831430.660004 266.510010
463547.799988 4831430.660004 266.600006
463547.799988 4831430.649994 266.670013
463547.789978 4831430.619995 266.910004
463547.789978 4831430.609985 266.989990
463547.830017 4831430.589996 267.149994
463547.849976 4831430.559998 267.160004
463547.849976 4831430.549988 267.239990
463547.719971 4831430.630005 267.220001
463547.650024 4831430.690002 266.130005
463547.659973 4831430.679993 266.209991
463547.669983 4831430.670013 266.279999
463547.729980 4831430.679993 266.500000
463547.739990 4831430.670013 266.579987
463547.799988 4831430.630005 266.959991
463547.809998 4831430.609985 267.040009
463547.729980 4831430.690002 266.190002
463547.760010 4831430.690002 266.339996
463547.770020 4831430.679993 266.429993
463547.799988 4831430.679993 266.559998
463547.820007 4831430.670013 266.670013
463547.799988 4831430.640015 266.690002
463547.830017 4831430.619995 266.890015
463547.830017 4831430.600006 266.929993
463547.830017 4831430.589996 266.980011
463547.849976 4831430.559998 267.149994
463547.859985 4831430.549988 267.220001
463547.630005 4831430.670013 266.010010
463547.719971 4831430.700012 266.010010
463547.710022 4831430.730011 266.100006
463547.809998 4831430.619995 266.880005
463547.820007 4831430.640015 266.700012
463547.719971 4831430.619995 267.160004
463547.739990 4831430.660004 266.929993
463547.739990 4831430.649994 266.850006
463547.739990 4831430.660004 266.809998
463547.750000 4831430.679993 266.630005
463547.760010 4831430.690002 266.589996
463547.750000 4831430.690002 266.369995
463547.760010 4831430.709991 266.320007
463547.750000 4831430.709991 266.119995
463547.679993 4831430.640015 267.179993
463547.690002 4831430.660004 267.149994
463547.719971 4831430.709991 266.760010
463547.710022 4831430.709991 266.459991
463547.700012 4831430.709991 266.339996
463547.710022 4831430.720001 266.290009
463547.619995 4831430.670013 266.320007
463547.609985 4831430.660004 266.220001
463547.599976 4831430.670013 266.429993
463547.599976 4831430.679993 266.359985
463547.609985 4831430.690002 266.320007
463547.599976 4831430.679993 266.230011
463547.830017 4831430.570007 267.019989
463547.799988 4831430.619995 267.019989
463547.820007 4831430.609985 266.839996
463547.710022 4831430.730011 266.029999
463547.780029 4831430.670013 266.589996
463547.789978 4831430.640015 266.750000
463547.580017 4831430.529999 266.320007
463547.859985 4831430.630005 267.130005
463547.830017 4831430.670013 266.869995
463547.849976 4831430.619995 267.230011
463547.760010 4831430.679993 267.049988
463547.799988 4831430.670013 267.070007
463547.840027 4831430.630005 267.019989
463547.729980 4831430.690002 266.709991
463547.809998 4831430.679993 266.809998
463547.830017 4831430.660004 266.779999
463547.739990 4831430.329987 266.329987
463547.820007 4831430.309998 266.309998
463547.840027 4831430.369995 266.980011
463547.809998 4831430.359985 267.140015
463547.770020 4831430.369995 266.579987
463547.869995 4831430.390015 267.109985
463547.869995 4831430.390015 267.209991
463547.869995 4831430.450012 267.059998
463547.869995 4831430.429993 267.100006
463547.849976 4831430.399994 267.119995
463547.820007 4831430.359985 267.079987
463547.869995 4831430.390015 266.920013
463547.849976 4831430.369995 266.929993
463547.900024 4831430.459991 266.440002
463547.840027 4831430.380005 266.690002
463547.830017 4831430.359985 266.640015
463547.849976 4831430.369995 267.209991
463547.869995 4831430.410004 266.679993
463547.880005 4831430.410004 266.600006
463547.859985 4831430.450012 266.399994
463547.859985 4831430.459991 266.200012
463547.890015 4831430.459991 266.950012
463547.900024 4831430.459991 266.890015
463547.840027 4831430.399994 267.040009
463547.880005 4831430.450012 267.070007
463547.890015 4831430.450012 266.489990
463547.820007 4831430.450012 266.119995
463547.809998 4831430.380005 267.089996
463547.820007 4831430.369995 267.029999
463547.820007 4831430.390015 267.079987
463547.820007 4831430.369995 267.019989
463547.820007 4831430.390015 266.980011
463547.890015 4831430.450012 267.130005
463547.900024 4831430.440002 267.089996
463547.880005 4831430.450012 266.950012
463547.880005 4831430.429993 266.869995
463547.869995 4831430.410004 266.779999
463547.900024 4831430.450012 266.739990
463547.890015 4831430.420013 266.660004
463547.890015 4831430.450012 266.510010
463547.789978 4831430.679993 266.059998
463547.789978 4831430.660004 266.200012
463547.859985 4831430.619995 266.239990
463547.849976 4831430.630005 266.320007
463547.830017 4831430.640015 266.510010
463547.820007 4831430.630005 266.540009
463547.909973 4831430.549988 266.369995
463547.900024 4831430.559998 266.470001
463547.890015 4831430.579987 266.619995
463547.859985 4831430.570007 266.820007
463547.849976 4831430.570007 266.880005
463547.830017 4831430.559998 266.940002
463547.909973 4831430.470001 266.779999
463547.900024 4831430.480011 266.890015
463547.869995 4831430.489990 267.140015
463547.799988 4831430.679993 266.190002
463547.799988 4831430.679993 266.269989
463547.809998 4831430.670013 266.450012
463547.830017 4831430.660004 266.339996
463547.830017 4831430.649994 266.440002
463547.830017 4831430.640015 266.489990
463547.840027 4831430.640015 266.600006
463547.830017 4831430.619995 266.630005
463547.820007 4831430.619995 266.700012
463547.880005 4831430.640015 266.420013
463547.869995 4831430.609985 266.720001
463547.859985 4831430.579987 266.970001
463547.880005 4831430.529999 266.890015
463547.880005 4831430.510010 266.959991
463547.890015 4831430.519989 267.089996
463547.880005 4831430.500000 267.119995
463547.869995 4831430.480011 267.179993
463547.869995 4831430.470001 267.239990
463547.909973 4831430.529999 266.119995
463547.919983 4831430.519989 266.410004
463547.919983 4831430.500000 266.570007
463547.919983 4831430.500000 266.640015
463547.830017 4831430.640015 266.519989
463547.859985 4831430.549988 266.970001
463547.880005 4831430.529999 267.119995
463547.880005 4831430.510010 267.149994
463547.880005 4831430.489990 267.209991
463547.830017 4831430.670013 266.220001
463547.859985 4831430.660004 266.339996
463547.859985 4831430.640015 266.399994
463547.890015 4831430.480011 267.040009
463547.900024 4831430.609985 266.390015
463547.909973 4831430.570007 266.149994
463547.750000 4831430.709991 266.010010
463547.809998 4831430.649994 266.019989
463547.760010 4831430.700012 266.040009
463547.830017 4831430.670013 266.070007
463547.859985 4831430.559998 266.880005
463547.880005 4831430.600006 266.730011
463547.880005 4831430.609985 266.619995
463547.880005 4831430.609985 266.480011
463547.880005 4831430.600006 266.350006
463547.880005 4831430.609985 266.290009
463547.880005 4831430.609985 266.209991
463547.830017 4831430.649994 266.649994
463547.840027 4831430.660004 266.589996
463547.840027 4831430.660004 266.529999
463547.830017 4831430.660004 266.399994
463547.840027 4831430.679993 266.359985
463547.830017 4831430.670013 266.130005
463547.859985 4831430.600006 266.029999
463547.880005 4831430.529999 267.220001
463547.890015 4831430.489990 267.029999
463547.900024 4831430.480011 267.010010
463547.880005 4831430.529999 267.029999
463547.909973 4831430.510010 266.989990
463547.869995 4831430.660004 266.459991
463547.890015 4831430.579987 266.579987
463547.859985 4831430.480011 266.049988
463547.890015 4831430.549988 266.100006
463547.919983 4831430.480011 266.609985
463547.919983 4831430.489990 266.489990
463547.929993 4831430.489990 266.390015
463547.919983 4831430.559998 266.739990
463547.849976 4831430.670013 266.809998
463547.919983 4831430.480011 266.890015
463547.929993 4831430.489990 266.540009
463547.929993 4831430.480011 266.459991
463547.869995 4831430.619995 266.880005
463547.880005 4831430.600006 266.839996
463547.919983 4831430.570007 266.700012
463547.940002 4831430.549988 266.660004
463547.869995 4831430.649994 266.760010
463547.950012 4831430.579987 266.529999
463547.890015 4831430.519989 267.200012
463547.900024 4831430.500000 267.149994
463547.880005 4831430.600006 267.220001
463547.900024 4831430.579987 267.190002
463547.890015 4831430.559998 267.109985
463547.900024 4831430.540009 267.070007
463547.900024 4831430.500000 266.910004
463547.900024 4831430.470001 266.839996
463547.900024 4831430.579987 266.950012
463547.909973 4831430.559998 266.899994
463547.909973 4831430.540009 266.839996
463547.929993 4831430.519989 266.799988
463547.929993 4831430.500000 266.739990
463547.929993 4831430.480011 266.660004
463547.869995 4831430.649994 266.790009
463547.890015 4831430.630005 266.769989
463547.929993 4831430.589996 266.690002
463547.940002 4831430.570007 266.649994
463547.950012 4831430.559998 266.609985
463547.950012 4831430.540009 266.540009
463547.950012 4831430.510010 266.480011
463547.830017 4831430.700012 266.529999
463547.869995 4831430.679993 266.540009
463547.820007 4831430.730011 266.260010
463547.859985 4831430.700012 266.040009
