463545.349976 4831430.429993 279.549988
463545.309998 4831431.420013 279.829987
463544.869995 4831431.119995 279.589996
463544.849976 4831431.100006 279.579987
463544.840027 4831431.130005 279.570007
463544.909973 4831431.149994 279.600006
463544.849976 4831431.109985 279.589996
463544.869995 4831431.130005 279.570007
463544.869995 4831431.149994 279.619995
463544.849976 4831431.119995 279.630005
463544.840027 4831431.100006 279.630005
463544.840027 4831431.119995 279.760010
463544.849976 4831431.089996 279.640015
463544.840027 4831431.119995 279.500000
463544.830017 4831431.109985 279.570007
463544.880005 4831431.119995 279.589996
463544.840027 4831431.119995 279.589996
463544.849976 4831431.170013 279.649994
463544.880005 4831431.140015 279.579987
463544.869995 4831431.209991 279.649994
463544.849976 4831431.140015 279.630005
463544.869995 4831431.109985 279.600006
463544.849976 4831431.170013 279.600006
463544.760010 4831431.220001 279.500000
463544.789978 4831431.149994 279.579987
463544.830017 4831431.220001 279.600006
463544.780029 4831431.040009 279.559998
463544.799988 4831431.070007 279.570007
463544.840027 4831431.109985 279.570007
463544.700012 4831431.000000 279.459991
463544.650024 4831430.970001 279.320007
463544.679993 4831431.000000 279.329987
463544.679993 4831431.019989 279.359985
463544.640015 4831431.130005 279.350006
463544.650024 4831431.049988 279.359985
463544.669983 4831431.010010 279.380005
463544.650024 4831430.980011 279.380005
463544.650024 4831430.980011 279.320007
463544.630005 4831430.950012 279.320007
463544.700012 4831430.989990 279.440002
463544.760010 4831431.059998 279.540009
463544.619995 4831431.000000 279.369995
463544.659973 4831430.989990 279.320007
463544.830017 4831431.109985 279.549988
463544.799988 4831431.170013 279.600006
463544.659973 4831431.059998 279.559998
463544.840027 4831431.190002 279.589996
463544.700012 4831431.000000 279.450012
463544.760010 4831431.190002 279.589996
463544.780029 4831431.220001 279.579987
463544.750000 4831431.250000 279.489990
463544.760010 4831431.200012 279.589996
463544.739990 4831431.190002 279.589996
463544.669983 4831431.200012 279.329987
463544.619995 4831431.130005 279.309998
463544.630005 4831430.950012 279.410004
463544.609985 4831430.929993 279.420013
463544.719971 4831431.130005 279.739990
463544.799988 4831431.160004 279.579987
463544.820007 4831431.079987 279.579987
463544.820007 4831431.079987 279.619995
463544.700012 4831431.000000 279.500000
463544.710022 4831431.010010 279.470001
463544.630005 4831430.959991 279.459991
463544.770020 4831431.190002 279.589996
463544.780029 4831431.200012 279.529999
463544.799988 4831431.230011 279.519989
463544.619995 4831431.019989 279.529999
463544.750000 4831431.230011 279.670013
463544.650024 4831430.989990 279.500000
463544.659973 4831431.029999 279.570007
463544.780029 4831431.230011 279.519989
463544.799988 4831431.260010 279.529999
463544.630005 4831431.010010 279.540009
463544.789978 4831431.179993 279.519989
463544.770020 4831431.160004 279.549988
463544.830017 4831431.130005 279.540009
463544.820007 4831431.119995 279.589996
463544.739990 4831431.209991 279.540009
463544.739990 4831431.029999 279.510010
463544.820007 4831431.130005 279.640015
463544.739990 4831431.059998 279.529999
463544.799988 4831431.149994 279.640015
463544.619995 4831430.920013 279.450012
463544.650024 4831430.959991 279.459991
463544.719971 4831431.059998 279.519989
463544.789978 4831431.160004 279.619995
463544.650024 4831431.000000 279.540009
463544.679993 4831431.040009 279.559998
463544.750000 4831431.179993 279.570007
463544.789978 4831431.059998 279.549988
463544.830017 4831431.140015 279.630005
463544.830017 4831431.130005 279.549988
463544.659973 4831431.049988 279.570007
463544.789978 4831431.049988 279.579987
463544.830017 4831431.130005 279.559998
463544.739990 4831431.029999 279.500000
463544.760010 4831431.100006 279.529999
463544.739990 4831431.190002 279.540009
463544.789978 4831431.260010 279.489990
463544.640015 4831431.089996 279.309998
463544.630005 4831431.040009 279.549988
463544.669983 4831431.040009 279.540009
463544.659973 4831431.029999 279.579987
463544.690002 4831430.980011 279.480011
463544.679993 4831430.989990 279.549988
463544.729980 4831431.239990 279.600006
463544.729980 4831431.200012 279.559998
463544.739990 4831431.010010 279.529999
463544.820007 4831431.109985 279.579987
463544.780029 4831431.040009 279.559998
463544.840027 4831431.119995 279.700012
463544.789978 4831431.179993 279.640015
463544.789978 4831431.209991 279.630005
463544.739990 4831431.029999 279.489990
463544.650024 4831431.000000 279.529999
463544.609985 4831430.929993 279.399994
463544.770020 4831431.029999 279.510010
463544.760010 4831431.059998 279.529999
463544.719971 4831431.010010 279.519989
463544.820007 4831431.070007 279.609985
463544.820007 4831431.130005 279.630005
463544.760010 4831431.220001 279.559998
463544.690002 4831430.989990 279.510010
463544.669983 4831431.010010 279.559998
463544.669983 4831431.029999 279.570007
463544.669983 4831431.059998 279.559998
463544.619995 4831430.920013 279.459991
463544.619995 4831430.950012 279.459991
463544.619995 4831430.920013 279.450012
463544.640015 4831430.940002 279.470001
463544.640015 4831430.970001 279.459991
463544.619995 4831431.049988 279.529999
463544.669983 4831430.970001 279.450012
463544.659973 4831430.989990 279.480011
463544.640015 4831431.029999 279.549988
463544.630005 4831431.059998 279.559998
463544.659973 4831430.959991 279.450012
463544.659973 4831430.989990 279.480011
463544.630005 4831431.040009 279.559998
463544.640015 4831430.940002 279.470001
463544.640015 4831430.970001 279.459991
463544.619995 4831431.040009 279.519989
463544.750000 4831431.019989 279.579987
463544.630005 4831430.959991 279.529999
463544.640015 4831430.970001 279.450012
463544.659973 4831430.959991 279.489990
463544.679993 4831431.040009 279.589996
463544.630005 4831430.929993 279.380005
463544.669983 4831430.989990 279.500000
463544.630005 4831431.140015 279.329987
463544.770020 4831431.070007 279.510010
463544.789978 4831431.059998 279.510010
463544.809998 4831431.059998 279.649994
463544.789978 4831431.070007 279.500000
463544.650024 4831431.019989 279.519989
463544.669983 4831431.010010 279.540009
463544.630005 4831430.980011 279.559998
463544.609985 4831430.950012 279.380005
463544.630005 4831430.940002 279.399994
463544.609985 4831431.010010 279.390015
463544.630005 4831431.000000 279.390015
463544.659973 4831430.980011 279.470001
463544.729980 4831431.010010 279.510010
463544.659973 4831431.260010 279.309998
463544.659973 4831430.950012 279.480011
463544.750000 4831431.040009 279.510010
463544.799988 4831431.079987 279.519989
463544.820007 4831431.070007 279.570007
463544.710022 4831431.239990 279.600006
463544.729980 4831431.239990 279.660004
463544.809998 4831431.190002 279.630005
463544.849976 4831431.239990 279.739990
463544.809998 4831431.149994 279.540009
463544.650024 4831430.950012 279.579987
463544.609985 4831430.940002 279.529999
463544.630005 4831430.959991 279.549988
463544.650024 4831430.959991 279.579987
463544.630005 4831430.980011 279.559998
463544.679993 4831431.010010 279.489990
463544.640015 4831430.929993 279.609985
463544.799988 4831431.059998 279.559998
463544.770020 4831431.179993 279.600006
463544.809998 4831431.149994 279.640015
463544.820007 4831431.209991 279.850006
463544.780029 4831431.230011 279.790009
463544.609985 4831430.519989 280.260010
