2.781199950000000172e+02 4.831429890014999546e+06 4.635521500239999732e+05
2.781799930000000245e+02 4.831429880005000159e+06 4.635521400150000118e+05
2.781799930000000245e+02 4.831429820007000118e+06 4.635521599730000016e+05
2.781300049999999828e+02 4.831429829986999743e+06 4.635521099849999882e+05
2.781900019999999927e+02 4.831429890014999546e+06 4.635520599979999824e+05
2.780799870000000169e+02 4.831429880005000159e+06 4.635522000119999866e+05
2.778599849999999947e+02 4.831429880005000159e+06 4.635521400150000118e+05
2.779299930000000245e+02 4.831429890014999546e+06 4.635520999760000268e+05
2.779400019999999927e+02 4.831429899993999861e+06 4.635520399779999861e+05
2.780599980000000073e+02 4.831429929992999882e+06 4.635520599979999824e+05
2.780599980000000073e+02 4.831429959990999661e+06 4.635520200199999963e+05
2.781099849999999947e+02 4.831429940001999959e+06 4.635520700070000021e+05
2.781600040000000149e+02 4.831429940001999959e+06 4.635521199950000155e+05
2.782300109999999904e+02 4.831429940001999959e+06 4.635520599979999824e+05
2.783099980000000073e+02 4.831429980011000298e+06 4.635520300290000159e+05
2.783399959999999851e+02 4.831429959990999661e+06 4.635520100100000273e+05
2.782999879999999848e+02 4.831429940001999959e+06 4.635520100100000273e+05
2.777600100000000225e+02 4.831429920013000257e+06 4.635520499880000134e+05
2.779299930000000245e+02 4.831429910004000179e+06 4.635520499880000134e+05
2.777500000000000000e+02 4.831429950012000278e+06 4.635520100100000273e+05
2.780100100000000225e+02 4.831429959990999661e+06 4.635520200199999963e+05
2.779599910000000023e+02 4.831430000000000000e+06 4.635519400020000176e+05
2.777399899999999775e+02 4.831429910004000179e+06 4.635520700070000021e+05
2.779899899999999775e+02 4.831429950012000278e+06 4.635520000000000000e+05
2.780400089999999977e+02 4.831429950012000278e+06 4.635520000000000000e+05
2.777399899999999775e+02 4.831429920013000257e+06 4.635519899899999727e+05
2.780199890000000096e+02 4.831429980011000298e+06 4.635519799800000037e+05
2.779299930000000245e+02 4.831429970000999980e+06 4.635519500119999866e+05
2.779400019999999927e+02 4.831429989989999682e+06 4.635519199830000289e+05
2.779400019999999927e+02 4.831429980011000298e+06 4.635519199830000289e+05
2.777399899999999775e+02 4.831430000000000000e+06 4.635518499760000268e+05
2.778299870000000169e+02 4.831430010010000318e+06 4.635517700199999963e+05
2.781000060000000076e+02 4.831429859985000454e+06 4.635521699830000289e+05
2.781700129999999831e+02 4.831429839995999821e+06 4.635520900269999984e+05
2.781700129999999831e+02 4.831429859985000454e+06 4.635521199950000155e+05
2.781400150000000053e+02 4.831429799987999722e+06 4.635521799929999979e+05
2.782000120000000152e+02 4.831429890014999546e+06 4.635521199950000155e+05
2.781700129999999831e+02 4.831429869994999841e+06 4.635521099849999882e+05
2.781300049999999828e+02 4.831429859985000454e+06 4.635521599730000016e+05
2.781300049999999828e+02 4.831429820007000118e+06 4.635521900020000176e+05
2.783399959999999851e+02 4.831429899993999861e+06 4.635519400020000176e+05
2.782399899999999775e+02 4.831429910004000179e+06 4.635521099849999882e+05
2.782200010000000248e+02 4.831429890014999546e+06 4.635520999760000268e+05
2.781700129999999831e+02 4.831429880005000159e+06 4.635521400150000118e+05
2.781199950000000172e+02 4.831429869994999841e+06 4.635521199950000155e+05
2.781000060000000076e+02 4.831429829986999743e+06 4.635522100220000139e+05
2.780799870000000169e+02 4.831429829986999743e+06 4.635521199950000155e+05
2.780799870000000169e+02 4.831429859985000454e+06 4.635521500239999732e+05
2.780700069999999755e+02 4.831429839995999821e+06 4.635521500239999732e+05
2.780499879999999848e+02 4.831429829986999743e+06 4.635522000119999866e+05
2.779500120000000152e+02 4.831429890014999546e+06 4.635519899899999727e+05
2.780100100000000225e+02 4.831429910004000179e+06 4.635520700070000021e+05
2.779599910000000023e+02 4.831429899993999861e+06 4.635520700070000021e+05
2.779299930000000245e+02 4.831429880005000159e+06 4.635520499880000134e+05
2.780400089999999977e+02 4.831429880005000159e+06 4.635521099849999882e+05
2.780400089999999977e+02 4.831429890014999546e+06 4.635521199950000155e+05
2.779100040000000149e+02 4.831429880005000159e+06 4.635520900269999984e+05
2.782900089999999977e+02 4.831429920013000257e+06 4.635520900269999984e+05
2.782399899999999775e+02 4.831429910004000179e+06 4.635520800169999711e+05
2.783599849999999947e+02 4.831429940001999959e+06 4.635520100100000273e+05
2.783399959999999851e+02 4.831429940001999959e+06 4.635520499880000134e+05
2.782600100000000225e+02 4.831429929992999882e+06 4.635520800169999711e+05
2.780499879999999848e+02 4.831430000000000000e+06 4.635520300290000159e+05
2.779100040000000149e+02 4.831429940001999959e+06 4.635519799800000037e+05
2.779500120000000152e+02 4.831429970000999980e+06 4.635520499880000134e+05
2.779200129999999831e+02 4.831429950012000278e+06 4.635520399779999861e+05
2.779100040000000149e+02 4.831429950012000278e+06 4.635519799800000037e+05
2.778900150000000053e+02 4.831430000000000000e+06 4.635520499880000134e+05
2.779299930000000245e+02 4.831429929992999882e+06 4.635520200199999963e+05
2.780199890000000096e+02 4.831429929992999882e+06 4.635520800169999711e+05
2.779500120000000152e+02 4.831429940001999959e+06 4.635520700070000021e+05
2.779100040000000149e+02 4.831429920013000257e+06 4.635520599979999824e+05
2.781900019999999927e+02 4.831429869994999841e+06 4.635521500239999732e+05
2.781799930000000245e+02 4.831429880005000159e+06 4.635521199950000155e+05
2.781900019999999927e+02 4.831429839995999821e+06 4.635521199950000155e+05
2.782200010000000248e+02 4.831429859985000454e+06 4.635521300049999845e+05
2.781700129999999831e+02 4.831429859985000454e+06 4.635521099849999882e+05
2.781700129999999831e+02 4.831429859985000454e+06 4.635521099849999882e+05
2.781400150000000053e+02 4.831429869994999841e+06 4.635520900269999984e+05
2.781099849999999947e+02 4.831429869994999841e+06 4.635520800169999711e+05
2.781499939999999924e+02 4.831429890014999546e+06 4.635520800169999711e+05
2.781300049999999828e+02 4.831429890014999546e+06 4.635520700070000021e+05
2.781099849999999947e+02 4.831429880005000159e+06 4.635520499880000134e+05
2.781400150000000053e+02 4.831429910004000179e+06 4.635520499880000134e+05
2.782099910000000023e+02 4.831429910004000179e+06 4.635520000000000000e+05
2.780599980000000073e+02 4.831429890014999546e+06 4.635521599730000016e+05
2.780799870000000169e+02 4.831429899993999861e+06 4.635521199950000155e+05
2.780700069999999755e+02 4.831429859985000454e+06 4.635521300049999845e+05
2.780599980000000073e+02 4.831429859985000454e+06 4.635521300049999845e+05
2.780199890000000096e+02 4.831429859985000454e+06 4.635521900020000176e+05
2.780499879999999848e+02 4.831429869994999841e+06 4.635521900020000176e+05
2.780299989999999752e+02 4.831429880005000159e+06 4.635521799929999979e+05
2.778599849999999947e+02 4.831429869994999841e+06 4.635520999760000268e+05
2.778699950000000172e+02 4.831429899993999861e+06 4.635521199950000155e+05
2.779599910000000023e+02 4.831429820007000118e+06 4.635522199709999841e+05
2.780000000000000000e+02 4.831429839995999821e+06 4.635521799929999979e+05
2.780499879999999848e+02 4.831429850006000139e+06 4.635521500239999732e+05
2.777500000000000000e+02 4.831429910004000179e+06 4.635520200199999963e+05
2.780700069999999755e+02 4.831429950012000278e+06 4.635520200199999963e+05
2.780799870000000169e+02 4.831429920013000257e+06 4.635520300290000159e+05
2.781300049999999828e+02 4.831429910004000179e+06 4.635520800169999711e+05
2.781499939999999924e+02 4.831429950012000278e+06 4.635520300290000159e+05
2.782000120000000152e+02 4.831429950012000278e+06 4.635520300290000159e+05
2.783500060000000076e+02 4.831429970000999980e+06 4.635519699709999841e+05
2.782099910000000023e+02 4.831429940001999959e+06 4.635520200199999963e+05
2.777999879999999848e+02 4.831429920013000257e+06 4.635520700070000021e+05
2.778900150000000053e+02 4.831429920013000257e+06 4.635520700070000021e+05
2.777500000000000000e+02 4.831429950012000278e+06 4.635520200199999963e+05
2.779599910000000023e+02 4.831430010010000318e+06 4.635519099730000016e+05
2.781099849999999947e+02 4.831429850006000139e+06 4.635520599979999824e+05
2.781199950000000172e+02 4.831429829986999743e+06 4.635521099849999882e+05
2.781199950000000172e+02 4.831429790009000339e+06 4.635521599730000016e+05
2.781900019999999927e+02 4.831429750000000000e+06 4.635521900020000176e+05
2.782900089999999977e+02 4.831429880005000159e+06 4.635518599849999882e+05
2.783299870000000169e+02 4.831429890014999546e+06 4.635519099730000016e+05
2.781900019999999927e+02 4.831429880005000159e+06 4.635519600220000139e+05
2.781700129999999831e+02 4.831429869994999841e+06 4.635520599979999824e+05
2.781199950000000172e+02 4.831429809998000041e+06 4.635521199950000155e+05
2.781099849999999947e+02 4.831429799987999722e+06 4.635521599730000016e+05
2.781099849999999947e+02 4.831429790009000339e+06 4.635521900020000176e+05
2.781900019999999927e+02 4.831429750000000000e+06 4.635521900020000176e+05
2.781099849999999947e+02 4.831429760010000318e+06 4.635522299800000037e+05
2.781099849999999947e+02 4.831429720000999980e+06 4.635522299800000037e+05
2.782200010000000248e+02 4.831429690001999959e+06 4.635522399899999727e+05
2.782600100000000225e+02 4.831429880005000159e+06 4.635519500119999866e+05
2.783399959999999851e+02 4.831429829986999743e+06 4.635520800169999711e+05
2.781099849999999947e+02 4.831429869994999841e+06 4.635520399779999861e+05
2.781099849999999947e+02 4.831429829986999743e+06 4.635520800169999711e+05
2.781300049999999828e+02 4.831429779999000020e+06 4.635521699830000289e+05
2.781099849999999947e+02 4.831429769988999702e+06 4.635522100220000139e+05
2.780499879999999848e+02 4.831429890014999546e+06 4.635520100100000273e+05
2.780899959999999851e+02 4.831429570007000118e+06 4.635522700199999963e+05
2.780799870000000169e+02 4.831429899993999861e+06 4.635519899899999727e+05
2.781000060000000076e+02 4.831429809998000041e+06 4.635520999760000268e+05
2.781000060000000076e+02 4.831429859985000454e+06 4.635520499880000134e+05
2.780899959999999851e+02 4.831429839995999821e+06 4.635520900269999984e+05
2.780899959999999851e+02 4.831429820007000118e+06 4.635521300049999845e+05
2.780400089999999977e+02 4.831429910004000179e+06 4.635519600220000139e+05
2.780400089999999977e+02 4.831429899993999861e+06 4.635519099730000016e+05
2.779200129999999831e+02 4.831429880005000159e+06 4.635520000000000000e+05
2.779800109999999904e+02 4.831429899993999861e+06 4.635519699709999841e+05
2.779100040000000149e+02 4.831429890014999546e+06 4.635520000000000000e+05
2.780899959999999851e+02 4.831429929992999882e+06 4.635518800049999845e+05
2.781199950000000172e+02 4.831429920013000257e+06 4.635519000239999732e+05
2.782699890000000096e+02 4.831430000000000000e+06 4.635519400020000176e+05
2.783800049999999828e+02 4.831429970000999980e+06 4.635519699709999841e+05
2.783599849999999947e+02 4.831429980011000298e+06 4.635519699709999841e+05
2.782200010000000248e+02 4.831429910004000179e+06 4.635519600220000139e+05
2.779200129999999831e+02 4.831429959990999661e+06 4.635518900150000118e+05
2.778399959999999851e+02 4.831429920013000257e+06 4.635519400020000176e+05
2.779100040000000149e+02 4.831430019988999702e+06 4.635516099849999882e+05
2.777600100000000225e+02 4.831430010010000318e+06 4.635517199709999841e+05
2.777699890000000096e+02 4.831430000000000000e+06 4.635517600100000273e+05
2.777699890000000096e+02 4.831430000000000000e+06 4.635517899779999861e+05
2.777500000000000000e+02 4.831429980011000298e+06 4.635518099979999824e+05
2.778800049999999828e+02 4.831429980011000298e+06 4.635518599849999882e+05
2.777200010000000248e+02 4.831429980011000298e+06 4.635518499760000268e+05
2.777600100000000225e+02 4.831430019988999702e+06 4.635517199709999841e+05
2.777999879999999848e+02 4.831429980011000298e+06 4.635518400269999984e+05
2.777099910000000023e+02 4.831429970000999980e+06 4.635518099979999824e+05
2.779200129999999831e+02 4.831429929992999882e+06 4.635519000239999732e+05
2.781700129999999831e+02 4.831429649993999861e+06 4.635522500000000000e+05
2.781199950000000172e+02 4.831429779999000020e+06 4.635521599730000016e+05
2.781000060000000076e+02 4.831429899993999861e+06 4.635520399779999861e+05
2.781199950000000172e+02 4.831429890014999546e+06 4.635520200199999963e+05
2.781000060000000076e+02 4.831429809998000041e+06 4.635521199950000155e+05
2.781199950000000172e+02 4.831429779999000020e+06 4.635521900020000176e+05
2.780700069999999755e+02 4.831429869994999841e+06 4.635520499880000134e+05
2.780899959999999851e+02 4.831429709990999661e+06 4.635522500000000000e+05
2.780799870000000169e+02 4.831429799987999722e+06 4.635522100220000139e+05
2.779500120000000152e+02 4.831429829986999743e+06 4.635522299800000037e+05
2.779200129999999831e+02 4.831429809998000041e+06 4.635521599730000016e+05
2.780199890000000096e+02 4.831429839995999821e+06 4.635521900020000176e+05
2.779100040000000149e+02 4.831429859985000454e+06 4.635521400150000118e+05
2.780000000000000000e+02 4.831429839995999821e+06 4.635520999760000268e+05
2.780100100000000225e+02 4.831429859985000454e+06 4.635521199950000155e+05
2.779200129999999831e+02 4.831429850006000139e+06 4.635520599979999824e+05
2.779299930000000245e+02 4.831429869994999841e+06 4.635520800169999711e+05
2.778599849999999947e+02 4.831429890014999546e+06 4.635520800169999711e+05
2.777799989999999752e+02 4.831429910004000179e+06 4.635520900269999984e+05
2.780100100000000225e+02 4.831429890014999546e+06 4.635520599979999824e+05
2.777999879999999848e+02 4.831429899993999861e+06 4.635520499880000134e+05
2.779200129999999831e+02 4.831429829986999743e+06 4.635521599730000016e+05
2.779800109999999904e+02 4.831429839995999821e+06 4.635520599979999824e+05
2.780199890000000096e+02 4.831429869994999841e+06 4.635520700070000021e+05
2.779400019999999927e+02 4.831429779999000020e+06 4.635521500239999732e+05
2.780700069999999755e+02 4.831429910004000179e+06 4.635520300290000159e+05
2.780499879999999848e+02 4.831429940001999959e+06 4.635520100100000273e+05
2.780499879999999848e+02 4.831429929992999882e+06 4.635519899899999727e+05
2.781700129999999831e+02 4.831429920013000257e+06 4.635520100100000273e+05
2.781900019999999927e+02 4.831429920013000257e+06 4.635520000000000000e+05
2.783999939999999924e+02 4.831429989989999682e+06 4.635520100100000273e+05
2.783299870000000169e+02 4.831429959990999661e+06 4.635520000000000000e+05
2.782500000000000000e+02 4.831429920013000257e+06 4.635520200199999963e+05
2.777699890000000096e+02 4.831429920013000257e+06 4.635520499880000134e+05
2.779500120000000152e+02 4.831429920013000257e+06 4.635520300290000159e+05
2.777399899999999775e+02 4.831429929992999882e+06 4.635520200199999963e+05
2.780100100000000225e+02 4.831429929992999882e+06 4.635520300290000159e+05
2.777399899999999775e+02 4.831429929992999882e+06 4.635520100100000273e+05
2.777399899999999775e+02 4.831429940001999959e+06 4.635519899899999727e+05
2.777600100000000225e+02 4.831429950012000278e+06 4.635519600220000139e+05
2.782600100000000225e+02 4.831429739989999682e+06 4.635521799929999979e+05
2.782900089999999977e+02 4.831429730011000298e+06 4.635522199709999841e+05
2.781199950000000172e+02 4.831429880005000159e+06 4.635520399779999861e+05
2.782999879999999848e+02 4.831429700012000278e+06 4.635522199709999841e+05
2.782600100000000225e+02 4.831429679992999882e+06 4.635522299800000037e+05
2.781000060000000076e+02 4.831429880005000159e+06 4.635520700070000021e+05
2.781300049999999828e+02 4.831429850006000139e+06 4.635521099849999882e+05
2.782099910000000023e+02 4.831429809998000041e+06 4.635521599730000016e+05
2.780599980000000073e+02 4.831429899993999861e+06 4.635520499880000134e+05
2.780700069999999755e+02 4.831429829986999743e+06 4.635520800169999711e+05
2.780499879999999848e+02 4.831429890014999546e+06 4.635520200199999963e+05
2.780899959999999851e+02 4.831429890014999546e+06 4.635519799800000037e+05
2.780899959999999851e+02 4.831429880005000159e+06 4.635520200199999963e+05
2.777500000000000000e+02 4.831429890014999546e+06 4.635520100100000273e+05
2.780000000000000000e+02 4.831429890014999546e+06 4.635519799800000037e+05
2.780299989999999752e+02 4.831429850006000139e+06 4.635520200199999963e+05
2.778999939999999924e+02 4.831429899993999861e+06 4.635519699709999841e+05
2.779299930000000245e+02 4.831429880005000159e+06 4.635519600220000139e+05
2.780199890000000096e+02 4.831429769988999702e+06 4.635520999760000268e+05
2.777900089999999977e+02 4.831429869994999841e+06 4.635519799800000037e+05
2.779299930000000245e+02 4.831429829986999743e+06 4.635521500239999732e+05
2.782000120000000152e+02 4.831429929992999882e+06 4.635520100100000273e+05
2.782699890000000096e+02 4.831429929992999882e+06 4.635520100100000273e+05
2.783999939999999924e+02 4.831429989989999682e+06 4.635520000000000000e+05
2.783099980000000073e+02 4.831429980011000298e+06 4.635519899899999727e+05
2.782999879999999848e+02 4.831429970000999980e+06 4.635519899899999727e+05
2.783299870000000169e+02 4.831429970000999980e+06 4.635520000000000000e+05
2.783200069999999755e+02 4.831429970000999980e+06 4.635520100100000273e+05
2.783200069999999755e+02 4.831429980011000298e+06 4.635520300290000159e+05
2.782000120000000152e+02 4.831429940001999959e+06 4.635519899899999727e+05
2.782799989999999752e+02 4.831429929992999882e+06 4.635520100100000273e+05
2.781700129999999831e+02 4.831429940001999959e+06 4.635519899899999727e+05
2.781900019999999927e+02 4.831429910004000179e+06 4.635519799800000037e+05
2.782000120000000152e+02 4.831429940001999959e+06 4.635520100100000273e+05
2.782200010000000248e+02 4.831429920013000257e+06 4.635519899899999727e+05
2.781900019999999927e+02 4.831429929992999882e+06 4.635519899899999727e+05
2.782300109999999904e+02 4.831429929992999882e+06 4.635519899899999727e+05
2.783399959999999851e+02 4.831429970000999980e+06 4.635520300290000159e+05
2.783200069999999755e+02 4.831429970000999980e+06 4.635520000000000000e+05
2.783299870000000169e+02 4.831429980011000298e+06 4.635519899899999727e+05
2.783399959999999851e+02 4.831429970000999980e+06 4.635519899899999727e+05
2.783399959999999851e+02 4.831429970000999980e+06 4.635520000000000000e+05
2.782799989999999752e+02 4.831429970000999980e+06 4.635520100100000273e+05
2.782099910000000023e+02 4.831429929992999882e+06 4.635520000000000000e+05
2.779800109999999904e+02 4.831429929992999882e+06 4.635519299929999979e+05
2.776900019999999927e+02 4.831430019988999702e+06 4.635517800290000159e+05
2.779800109999999904e+02 4.831429959990999661e+06 4.635519299929999979e+05
2.777000120000000152e+02 4.831430019988999702e+06 4.635517800290000159e+05
2.777000120000000152e+02 4.831430019988999702e+06 4.635518200070000021e+05
2.778200069999999755e+02 4.831429980011000298e+06 4.635518200070000021e+05
2.777900089999999977e+02 4.831429970000999980e+06 4.635518200070000021e+05
2.779299930000000245e+02 4.831429989989999682e+06 4.635518800049999845e+05
2.778800049999999828e+02 4.831429980011000298e+06 4.635518699950000155e+05
2.779200129999999831e+02 4.831429980011000298e+06 4.635518900150000118e+05
2.779599910000000023e+02 4.831429980011000298e+06 4.635519099730000016e+05
2.779100040000000149e+02 4.831429970000999980e+06 4.635519000239999732e+05
2.779500120000000152e+02 4.831429970000999980e+06 4.635519099730000016e+05
2.779599910000000023e+02 4.831429970000999980e+06 4.635519199830000289e+05
2.778900150000000053e+02 4.831429950012000278e+06 4.635519099730000016e+05
2.779299930000000245e+02 4.831429940001999959e+06 4.635519099730000016e+05
2.779899899999999775e+02 4.831429950012000278e+06 4.635519500119999866e+05
2.779599910000000023e+02 4.831429940001999959e+06 4.635519500119999866e+05
2.779700010000000248e+02 4.831429940001999959e+06 4.635519500119999866e+05
2.778900150000000053e+02 4.831429940001999959e+06 4.635519299929999979e+05
2.779500120000000152e+02 4.831429929992999882e+06 4.635519299929999979e+05
2.779700010000000248e+02 4.831429950012000278e+06 4.635519400020000176e+05
2.779400019999999927e+02 4.831429959990999661e+06 4.635519199830000289e+05
2.779599910000000023e+02 4.831429970000999980e+06 4.635519099730000016e+05
2.779400019999999927e+02 4.831429980011000298e+06 4.635519000239999732e+05
2.779800109999999904e+02 4.831429940001999959e+06 4.635519500119999866e+05
2.780100100000000225e+02 4.831429929992999882e+06 4.635519899899999727e+05
2.777300109999999904e+02 4.831429940001999959e+06 4.635520200199999963e+05
2.781799930000000245e+02 4.831429880005000159e+06 4.635521699830000289e+05
2.781900019999999927e+02 4.831429820007000118e+06 4.635521599730000016e+05
2.781499939999999924e+02 4.831429859985000454e+06 4.635521400150000118e+05
2.781199950000000172e+02 4.831429890014999546e+06 4.635520900269999984e+05
2.780499879999999848e+02 4.831429820007000118e+06 4.635520999760000268e+05
2.779100040000000149e+02 4.831429850006000139e+06 4.635522199709999841e+05
2.780100100000000225e+02 4.831429850006000139e+06 4.635520800169999711e+05
2.778099980000000073e+02 4.831429880005000159e+06 4.635520499880000134e+05
2.780299989999999752e+02 4.831429899993999861e+06 4.635520599979999824e+05
2.780899959999999851e+02 4.831429940001999959e+06 4.635520900269999984e+05
2.780599980000000073e+02 4.831429929992999882e+06 4.635520399779999861e+05
2.781099849999999947e+02 4.831429910004000179e+06 4.635520700070000021e+05
2.782799989999999752e+02 4.831430000000000000e+06 4.635520100100000273e+05
2.781799930000000245e+02 4.831429940001999959e+06 4.635520300290000159e+05
2.781199950000000172e+02 4.831429929992999882e+06 4.635520300290000159e+05
2.780199890000000096e+02 4.831429980011000298e+06 4.635519899899999727e+05
2.780100100000000225e+02 4.831429959990999661e+06 4.635519899899999727e+05
2.778500060000000076e+02 4.831429920013000257e+06 4.635519899899999727e+05
2.779599910000000023e+02 4.831429989989999682e+06 4.635519400020000176e+05
2.778900150000000053e+02 4.831429989989999682e+06 4.635518800049999845e+05
2.777500000000000000e+02 4.831429989989999682e+06 4.635517700199999963e+05
2.780000000000000000e+02 4.831429940001999959e+06 4.635520100100000273e+05
2.779899899999999775e+02 4.831429970000999980e+06 4.635519699709999841e+05
2.781199950000000172e+02 4.831429899993999861e+06 4.635520200199999963e+05
2.781600040000000149e+02 4.831429880005000159e+06 4.635520100100000273e+05
2.781300049999999828e+02 4.831429880005000159e+06 4.635520700070000021e+05
2.781499939999999924e+02 4.831429850006000139e+06 4.635520599979999824e+05
2.781700129999999831e+02 4.831429829986999743e+06 4.635521099849999882e+05
2.782099910000000023e+02 4.831429820007000118e+06 4.635520999760000268e+05
2.782699890000000096e+02 4.831429739989999682e+06 4.635521699830000289e+05
2.781400150000000053e+02 4.831429869994999841e+06 4.635520900269999984e+05
2.782099910000000023e+02 4.831429820007000118e+06 4.635521199950000155e+05
2.782999879999999848e+02 4.831429739989999682e+06 4.635522000119999866e+05
2.781099849999999947e+02 4.831429869994999841e+06 4.635521099849999882e+05
2.780599980000000073e+02 4.831429890014999546e+06 4.635520200199999963e+05
2.780599980000000073e+02 4.831429899993999861e+06 4.635520999760000268e+05
2.780599980000000073e+02 4.831429850006000139e+06 4.635520700070000021e+05
2.780499879999999848e+02 4.831429869994999841e+06 4.635521099849999882e+05
2.780899959999999851e+02 4.831429899993999861e+06 4.635520499880000134e+05
2.778800049999999828e+02 4.831429880005000159e+06 4.635519699709999841e+05
2.780100100000000225e+02 4.831429820007000118e+06 4.635520599979999824e+05
2.778699950000000172e+02 4.831429899993999861e+06 4.635519299929999979e+05
2.778800049999999828e+02 4.831429880005000159e+06 4.635519799800000037e+05
2.780799870000000169e+02 4.831429920013000257e+06 4.635519699709999841e+05
2.780799870000000169e+02 4.831429920013000257e+06 4.635520000000000000e+05
2.780499879999999848e+02 4.831429929992999882e+06 4.635520300290000159e+05
2.782600100000000225e+02 4.831429940001999959e+06 4.635519600220000139e+05
2.782399899999999775e+02 4.831429950012000278e+06 4.635519799800000037e+05
2.781300049999999828e+02 4.831429910004000179e+06 4.635520000000000000e+05
2.782099910000000023e+02 4.831429920013000257e+06 4.635520100100000273e+05
2.782999879999999848e+02 4.831429989989999682e+06 4.635519699709999841e+05
2.782600100000000225e+02 4.831429970000999980e+06 4.635519799800000037e+05
2.782099910000000023e+02 4.831429959990999661e+06 4.635520200199999963e+05
2.782300109999999904e+02 4.831429940001999959e+06 4.635520100100000273e+05
2.781300049999999828e+02 4.831429940001999959e+06 4.635520599979999824e+05
2.779700010000000248e+02 4.831429959990999661e+06 4.635518800049999845e+05
2.780299989999999752e+02 4.831429929992999882e+06 4.635519199830000289e+05
2.776799930000000245e+02 4.831429970000999980e+06 4.635516500239999732e+05
2.779500120000000152e+02 4.831429959990999661e+06 4.635519299929999979e+05
2.780499879999999848e+02 4.831429940001999959e+06 4.635519699709999841e+05
2.780499879999999848e+02 4.831429929992999882e+06 4.635520100100000273e+05
2.777200010000000248e+02 4.831429959990999661e+06 4.635517199709999841e+05
2.777999879999999848e+02 4.831429989989999682e+06 4.635518099979999824e+05
2.779200129999999831e+02 4.831429989989999682e+06 4.635518900150000118e+05
2.779599910000000023e+02 4.831429980011000298e+06 4.635519299929999979e+05
2.779200129999999831e+02 4.831429929992999882e+06 4.635519400020000176e+05
2.780100100000000225e+02 4.831429950012000278e+06 4.635519799800000037e+05
2.778800049999999828e+02 4.831429929992999882e+06 4.635520599979999824e+05
2.781000060000000076e+02 4.831429899993999861e+06 4.635521099849999882e+05
2.781700129999999831e+02 4.831429760010000318e+06 4.635521900020000176e+05
2.781300049999999828e+02 4.831429850006000139e+06 4.635521099849999882e+05
2.781199950000000172e+02 4.831429880005000159e+06 4.635521099849999882e+05
2.781400150000000053e+02 4.831429910004000179e+06 4.635520599979999824e+05
2.781900019999999927e+02 4.831429829986999743e+06 4.635521599730000016e+05
2.781900019999999927e+02 4.831429859985000454e+06 4.635520900269999984e+05
2.781499939999999924e+02 4.831429899993999861e+06 4.635520499880000134e+05
2.779599910000000023e+02 4.831429829986999743e+06 4.635522199709999841e+05
2.780100100000000225e+02 4.831429850006000139e+06 4.635521699830000289e+05
2.778900150000000053e+02 4.831429899993999861e+06 4.635520499880000134e+05
2.778800049999999828e+02 4.831429910004000179e+06 4.635520000000000000e+05
2.779299930000000245e+02 4.831429899993999861e+06 4.635519600220000139e+05
2.778299870000000169e+02 4.831429869994999841e+06 4.635520800169999711e+05
2.778599849999999947e+02 4.831429890014999546e+06 4.635520399779999861e+05
2.778500060000000076e+02 4.831429890014999546e+06 4.635520000000000000e+05
2.780899959999999851e+02 4.831429950012000278e+06 4.635519699709999841e+05
2.781600040000000149e+02 4.831429929992999882e+06 4.635520100100000273e+05
2.782200010000000248e+02 4.831429950012000278e+06 4.635519699709999841e+05
2.781499939999999924e+02 4.831429929992999882e+06 4.635520499880000134e+05
2.781300049999999828e+02 4.831429920013000257e+06 4.635520000000000000e+05
2.777900089999999977e+02 4.831429940001999959e+06 4.635519899899999727e+05
2.778699950000000172e+02 4.831429929992999882e+06 4.635519500119999866e+05
2.779500120000000152e+02 4.831429950012000278e+06 4.635519600220000139e+05
2.777399899999999775e+02 4.831429989989999682e+06 4.635518599849999882e+05
2.778200069999999755e+02 4.831429920013000257e+06 4.635520399779999861e+05
2.778900150000000053e+02 4.831429920013000257e+06 4.635519899899999727e+05
2.777699890000000096e+02 4.831429950012000278e+06 4.635519500119999866e+05
2.779700010000000248e+02 4.831429950012000278e+06 4.635519299929999979e+05
2.780199890000000096e+02 4.831429970000999980e+06 4.635519199830000289e+05
2.777000120000000152e+02 4.831430000000000000e+06 4.635518200070000021e+05
2.777500000000000000e+02 4.831430019988999702e+06 4.635518099979999824e+05
2.782000120000000152e+02 4.831429809998000041e+06 4.635521400150000118e+05
2.781700129999999831e+02 4.831429700012000278e+06 4.635522399899999727e+05
2.780000000000000000e+02 4.831429910004000179e+06 4.635519899899999727e+05
2.779400019999999927e+02 4.831429809998000041e+06 4.635520900269999984e+05
2.779599910000000023e+02 4.831429839995999821e+06 4.635520700070000021e+05
2.780000000000000000e+02 4.831429869994999841e+06 4.635520599979999824e+05
2.778599849999999947e+02 4.831429880005000159e+06 4.635520100100000273e+05
2.781199950000000172e+02 4.831429929992999882e+06 4.635521300049999845e+05
2.779599910000000023e+02 4.831429959990999661e+06 4.635519000239999732e+05
2.780100100000000225e+02 4.831429920013000257e+06 4.635519799800000037e+05
2.779700010000000248e+02 4.831429959990999661e+06 4.635519299929999979e+05
2.779899899999999775e+02 4.831429920013000257e+06 4.635519899899999727e+05
2.779500120000000152e+02 4.831429920013000257e+06 4.635520000000000000e+05
2.779700010000000248e+02 4.831429910004000179e+06 4.635520200199999963e+05
2.777099910000000023e+02 4.831430010010000318e+06 4.635518300169999711e+05
2.778699950000000172e+02 4.831429959990999661e+06 4.635520499880000134e+05
2.779700010000000248e+02 4.831429929992999882e+06 4.635518599849999882e+05
2.778900150000000053e+02 4.831429970000999980e+06 4.635517800290000159e+05
2.781499939999999924e+02 4.831429869994999841e+06 4.635520999760000268e+05
2.782000120000000152e+02 4.831429859985000454e+06 4.635521099849999882e+05
2.781900019999999927e+02 4.831429899993999861e+06 4.635520999760000268e+05
2.781400150000000053e+02 4.831429890014999546e+06 4.635521400150000118e+05
2.781300049999999828e+02 4.831429869994999841e+06 4.635521599730000016e+05
2.778699950000000172e+02 4.831429880005000159e+06 4.635520800169999711e+05
2.778800049999999828e+02 4.831429890014999546e+06 4.635520300290000159e+05
2.778900150000000053e+02 4.831429869994999841e+06 4.635520599979999824e+05
2.779299930000000245e+02 4.831429859985000454e+06 4.635521099849999882e+05
2.779200129999999831e+02 4.831429839995999821e+06 4.635521300049999845e+05
2.780599980000000073e+02 4.831430019988999702e+06 4.635518900150000118e+05
2.780599980000000073e+02 4.831430010010000318e+06 4.635519199830000289e+05
2.783299870000000169e+02 4.831429940001999959e+06 4.635520000000000000e+05
2.782399899999999775e+02 4.831429920013000257e+06 4.635520599979999824e+05
2.779400019999999927e+02 4.831429920013000257e+06 4.635520499880000134e+05
2.777699890000000096e+02 4.831429950012000278e+06 4.635520100100000273e+05
2.777900089999999977e+02 4.831429940001999959e+06 4.635520300290000159e+05
2.777900089999999977e+02 4.831429920013000257e+06 4.635520599979999824e+05
2.777999879999999848e+02 4.831429910004000179e+06 4.635520800169999711e+05
2.781000060000000076e+02 4.831429890014999546e+06 4.635520100100000273e+05
2.782699890000000096e+02 4.831429730011000298e+06 4.635521599730000016e+05
2.782500000000000000e+02 4.831429750000000000e+06 4.635521400150000118e+05
2.782200010000000248e+02 4.831429769988999702e+06 4.635521099849999882e+05
2.781700129999999831e+02 4.831429790009000339e+06 4.635520900269999984e+05
2.783099980000000073e+02 4.831429850006000139e+06 4.635519500119999866e+05
2.781099849999999947e+02 4.831429910004000179e+06 4.635519000239999732e+05
2.781700129999999831e+02 4.831429649993999861e+06 4.635522700199999963e+05
2.780499879999999848e+02 4.831429899993999861e+06 4.635519699709999841e+05
2.780599980000000073e+02 4.831429809998000041e+06 4.635520700070000021e+05
2.780599980000000073e+02 4.831429869994999841e+06 4.635519799800000037e+05
2.780899959999999851e+02 4.831429890014999546e+06 4.635519299929999979e+05
2.780000000000000000e+02 4.831429839995999821e+06 4.635520700070000021e+05
2.780299989999999752e+02 4.831429859985000454e+06 4.635520499880000134e+05
2.780299989999999752e+02 4.831429869994999841e+06 4.635520200199999963e+05
2.780100100000000225e+02 4.831429859985000454e+06 4.635520000000000000e+05
2.779599910000000023e+02 4.831429880005000159e+06 4.635519699709999841e+05
2.779700010000000248e+02 4.831429890014999546e+06 4.635519400020000176e+05
2.779899899999999775e+02 4.831429899993999861e+06 4.635519199830000289e+05
2.782099910000000023e+02 4.831429929992999882e+06 4.635519600220000139e+05
2.779599910000000023e+02 4.831429920013000257e+06 4.635518900150000118e+05
2.779899899999999775e+02 4.831429929992999882e+06 4.635518699950000155e+05
2.781099849999999947e+02 4.831429730011000298e+06 4.635522199709999841e+05
2.781099849999999947e+02 4.831429890014999546e+06 4.635520499880000134e+05
2.781000060000000076e+02 4.831429880005000159e+06 4.635520800169999711e+05
2.781099849999999947e+02 4.831429850006000139e+06 4.635521199950000155e+05
2.781099849999999947e+02 4.831429799987999722e+06 4.635522000119999866e+05
2.781600040000000149e+02 4.831429839995999821e+06 4.635521400150000118e+05
2.781600040000000149e+02 4.831429829986999743e+06 4.635521599730000016e+05
2.780899959999999851e+02 4.831429869994999841e+06 4.635520999760000268e+05
2.780899959999999851e+02 4.831429839995999821e+06 4.635521500239999732e+05
2.780700069999999755e+02 4.831429820007000118e+06 4.635521699830000289e+05
2.780899959999999851e+02 4.831429899993999861e+06 4.635520700070000021e+05
2.781000060000000076e+02 4.831429890014999546e+06 4.635520999760000268e+05
2.780799870000000169e+02 4.831429869994999841e+06 4.635521199950000155e+05
2.780899959999999851e+02 4.831429899993999861e+06 4.635520900269999984e+05
2.780700069999999755e+02 4.831429890014999546e+06 4.635521099849999882e+05
2.778399959999999851e+02 4.831429899993999861e+06 4.635520000000000000e+05
2.778200069999999755e+02 4.831429880005000159e+06 4.635520200199999963e+05
2.777900089999999977e+02 4.831429880005000159e+06 4.635520300290000159e+05
2.779800109999999904e+02 4.831429869994999841e+06 4.635521099849999882e+05
2.775499879999999848e+02 4.831429640014999546e+06 4.635522100220000139e+05
2.780400089999999977e+02 4.831429869994999841e+06 4.635521300049999845e+05
2.780000000000000000e+02 4.831429839995999821e+06 4.635521699830000289e+05
2.778599849999999947e+02 4.831429899993999861e+06 4.635520900269999984e+05
2.778599849999999947e+02 4.831429880005000159e+06 4.635521199950000155e+05
2.780599980000000073e+02 4.831429940001999959e+06 4.635519899899999727e+05
2.780799870000000169e+02 4.831429910004000179e+06 4.635520200199999963e+05
2.780899959999999851e+02 4.831429920013000257e+06 4.635520599979999824e+05
2.783500060000000076e+02 4.831429980011000298e+06 4.635519699709999841e+05
2.781799930000000245e+02 4.831430000000000000e+06 4.635519500119999866e+05
2.783699950000000172e+02 4.831429950012000278e+06 4.635520399779999861e+05
2.781900019999999927e+02 4.831429950012000278e+06 4.635520000000000000e+05
2.781799930000000245e+02 4.831429929992999882e+06 4.635520300290000159e+05
2.781400150000000053e+02 4.831429920013000257e+06 4.635520399779999861e+05
2.781099849999999947e+02 4.831429910004000179e+06 4.635520499880000134e+05
2.782399899999999775e+02 4.831429929992999882e+06 4.635520000000000000e+05
2.781400150000000053e+02 4.831429929992999882e+06 4.635520599979999824e+05
2.777999879999999848e+02 4.831430000000000000e+06 4.635518400269999984e+05
2.777500000000000000e+02 4.831430000000000000e+06 4.635518499760000268e+05
2.777999879999999848e+02 4.831429920013000257e+06 4.635519600220000139e+05
2.779700010000000248e+02 4.831430010010000318e+06 4.635519199830000289e+05
2.779800109999999904e+02 4.831429980011000298e+06 4.635519799800000037e+05
2.778599849999999947e+02 4.831429910004000179e+06 4.635520599979999824e+05
2.777600100000000225e+02 4.831429920013000257e+06 4.635520800169999711e+05
2.781000060000000076e+02 4.831429480011000298e+06 4.635523800049999845e+05
2.780700069999999755e+02 4.831429559998000041e+06 4.635524600220000139e+05
2.780700069999999755e+02 4.831429570007000118e+06 4.635525399779999861e+05
2.780799870000000169e+02 4.831429510010000318e+06 4.635525700070000021e+05
2.780000000000000000e+02 4.831429589995999821e+06 4.635525200199999963e+05
2.780100100000000225e+02 4.831429500000000000e+06 4.635524500119999866e+05
2.779700010000000248e+02 4.831429540009000339e+06 4.635525399779999861e+05
2.780299989999999752e+02 4.831429510010000318e+06 4.635524600220000139e+05
2.781000060000000076e+02 4.831429489989999682e+06 4.635523900150000118e+05
2.781099849999999947e+02 4.831429690001999959e+06 4.635523699950000155e+05
2.780899959999999851e+02 4.831429720000999980e+06 4.635523499760000268e+05
2.780100100000000225e+02 4.831429559998000041e+06 4.635523699950000155e+05
2.781300049999999828e+02 4.831429619994999841e+06 4.635525599979999824e+05
2.781199950000000172e+02 4.831429579986999743e+06 4.635524400020000176e+05
2.780599980000000073e+02 4.831429500000000000e+06 4.635522999880000134e+05
2.780899959999999851e+02 4.831429540009000339e+06 4.635524000239999732e+05
2.780899959999999851e+02 4.831429579986999743e+06 4.635524899899999727e+05
2.779899899999999775e+02 4.831429529999000020e+06 4.635524000239999732e+05
2.780299989999999752e+02 4.831429540009000339e+06 4.635523900150000118e+05
2.780000000000000000e+02 4.831429549987999722e+06 4.635524600220000139e+05
2.781400150000000053e+02 4.831429609985000454e+06 4.635523699950000155e+05
2.781199950000000172e+02 4.831429779999000020e+06 4.635523599849999882e+05
2.781099849999999947e+02 4.831429929992999882e+06 4.635524899899999727e+05
2.781400150000000053e+02 4.831429679992999882e+06 4.635523499760000268e+05
2.781099849999999947e+02 4.831429720000999980e+06 4.635523499760000268e+05
2.781400150000000053e+02 4.831429679992999882e+06 4.635523599849999882e+05
2.781199950000000172e+02 4.831429540009000339e+06 4.635523800049999845e+05
2.781099849999999947e+02 4.831429730011000298e+06 4.635523699950000155e+05
2.781300049999999828e+02 4.831429670013000257e+06 4.635523699950000155e+05
2.781400150000000053e+02 4.831429609985000454e+06 4.635523699950000155e+05
2.781099849999999947e+02 4.831429670013000257e+06 4.635523699950000155e+05
2.781199950000000172e+02 4.831429609985000454e+06 4.635524099730000016e+05
2.780799870000000169e+02 4.831429660004000179e+06 4.635523499760000268e+05
2.780599980000000073e+02 4.831429589995999821e+06 4.635523699950000155e+05
2.780499879999999848e+02 4.831429609985000454e+06 4.635523800049999845e+05
2.780799870000000169e+02 4.831429579986999743e+06 4.635523699950000155e+05
2.780700069999999755e+02 4.831429600006000139e+06 4.635524000239999732e+05
2.781099849999999947e+02 4.831429609985000454e+06 4.635524000239999732e+05
2.780599980000000073e+02 4.831429519988999702e+06 4.635523400269999984e+05
2.780599980000000073e+02 4.831429619994999841e+06 4.635523699950000155e+05
2.780599980000000073e+02 4.831429440001999959e+06 4.635523499760000268e+05
2.780299989999999752e+02 4.831429609985000454e+06 4.635524000239999732e+05
2.780400089999999977e+02 4.831429510010000318e+06 4.635523699950000155e+05
2.781199950000000172e+02 4.831429619994999841e+06 4.635524799800000037e+05
2.781199950000000172e+02 4.831429609985000454e+06 4.635525100100000273e+05
2.781199950000000172e+02 4.831429600006000139e+06 4.635523800049999845e+05
2.780700069999999755e+02 4.831429570007000118e+06 4.635523699950000155e+05
2.780799870000000169e+02 4.831429679992999882e+06 4.635524000239999732e+05
2.780899959999999851e+02 4.831429529999000020e+06 4.635525100100000273e+05
2.780700069999999755e+02 4.831429649993999861e+06 4.635524000239999732e+05
2.780400089999999977e+02 4.831429579986999743e+06 4.635525200199999963e+05
2.780100100000000225e+02 4.831429529999000020e+06 4.635524600220000139e+05
