463548.440002 4831429.440002 279.779999
463548.419983 4831429.440002 279.750000
463548.530029 4831429.429993 279.700012
463548.380005 4831429.440002 279.760010
463548.450012 4831429.429993 279.790009
463548.380005 4831429.420013 279.709991
463548.380005 4831429.420013 279.760010
463548.440002 4831429.429993 279.799988
463548.820007 4831429.910004 279.760010
463549.090027 4831429.890015 279.750000
463549.000000 4831429.920013 279.670013
463548.799988 4831429.899994 279.760010
463548.429993 4831429.459991 279.779999
463548.429993 4831429.489990 279.690002
463548.409973 4831429.489990 279.670013
463548.419983 4831429.500000 279.700012
463548.429993 4831429.529999 279.679993
463548.409973 4831429.529999 279.660004
463548.380005 4831429.619995 279.559998
463548.309998 4831429.920013 279.230011
463548.219971 4831429.899994 279.690002
463549.049988 4831429.910004 279.709991
463548.409973 4831429.450012 279.760010
463548.770020 4831429.890015 279.730011
463548.770020 4831429.910004 279.760010
463548.369995 4831429.600006 279.559998
463548.219971 4831429.869995 279.769989
463548.219971 4831429.899994 279.660004
463548.270020 4831429.910004 279.230011
463548.510010 4831429.920013 279.290009
463548.429993 4831429.609985 279.500000
463548.460022 4831429.559998 279.559998
463548.809998 4831429.910004 279.649994
463548.809998 4831429.899994 279.600006
463548.479980 4831429.470001 279.640015
463548.479980 4831429.470001 279.589996
463548.849976 4831429.859985 279.790009
463548.849976 4831429.859985 279.739990
463548.919983 4831429.910004 279.559998
463548.940002 4831429.920013 279.480011
463549.010010 4831429.910004 279.579987
463549.000000 4831429.899994 279.540009
463548.280029 4831429.869995 279.649994
463548.840027 4831429.869995 279.760010
463548.859985 4831429.899994 279.649994
463548.859985 4831429.910004 279.570007
463548.950012 4831429.920013 279.470001
463548.280029 4831429.829987 279.779999
463548.270020 4831429.859985 279.679993
463548.820007 4831429.899994 279.750000
463548.869995 4831429.869995 279.720001
463548.409973 4831429.480011 279.730011
463548.400024 4831429.540009 279.679993
463548.380005 4831429.549988 279.630005
463548.760010 4831429.910004 279.750000
463548.349976 4831429.619995 279.549988
463548.400024 4831429.470001 279.750000
463548.729980 4831429.899994 279.670013
463548.719971 4831429.920013 279.720001
463548.380005 4831429.510010 279.649994
463548.349976 4831429.559998 279.600006
463548.299988 4831429.869995 279.649994
463549.030029 4831429.920013 279.690002
463549.059998 4831429.910004 279.799988
463548.390015 4831429.529999 279.630005
463548.349976 4831429.600006 279.630005
463548.369995 4831429.489990 279.769989
463548.380005 4831429.510010 279.750000
463548.340027 4831429.609985 279.589996
463548.320007 4831429.609985 279.549988
463548.349976 4831429.559998 279.609985
463548.380005 4831429.540009 279.690002
463548.400024 4831429.480011 279.790009
463549.049988 4831429.920013 279.760010
463548.359985 4831429.619995 279.609985
463548.380005 4831429.630005 279.570007
463548.400024 4831429.480011 279.790009
463548.369995 4831429.500000 279.769989
463548.390015 4831429.510010 279.730011
463548.359985 4831429.519989 279.700012
463548.380005 4831429.540009 279.690002
463548.359985 4831429.540009 279.709991
463548.369995 4831429.549988 279.670013
463548.349976 4831429.579987 279.630005
463548.369995 4831429.600006 279.609985
463548.309998 4831429.619995 279.570007
463548.330017 4831429.559998 279.609985
463549.010010 4831429.920013 279.750000
463549.059998 4831429.910004 279.739990
463548.359985 4831429.549988 279.670013
463548.349976 4831429.519989 279.700012
463548.390015 4831429.489990 279.769989
463549.090027 4831429.920013 279.709991
463548.260010 4831429.920013 279.269989
463548.380005 4831429.559998 279.640015
463548.380005 4831429.549988 279.679993
463548.330017 4831429.559998 279.739990
463548.349976 4831429.579987 279.649994
463548.349976 4831429.579987 279.660004
463548.340027 4831429.579987 279.649994
463548.340027 4831429.570007 279.649994
463548.330017 4831429.570007 279.649994
463548.340027 4831429.589996 279.660004
463548.299988 4831429.579987 279.609985
463548.309998 4831429.609985 279.570007
463548.309998 4831429.640015 279.559998
463548.229980 4831429.880005 279.730011
463548.229980 4831429.880005 279.790009
463548.340027 4831429.839996 279.739990
463548.349976 4831429.549988 279.640015
463548.380005 4831429.500000 279.660004
463548.359985 4831429.510010 279.660004
463548.340027 4831429.519989 279.630005
463548.780029 4831429.880005 279.760010
463548.330017 4831429.600006 279.470001
463548.309998 4831429.609985 279.459991
463548.380005 4831429.480011 279.619995
463548.729980 4831429.910004 279.570007
463548.400024 4831429.510010 279.750000
463548.419983 4831429.500000 279.779999
463548.309998 4831429.890015 279.190002
463548.200012 4831429.899994 279.649994
463549.080017 4831429.899994 279.700012
463549.099976 4831429.899994 279.730011
