2.803800049999999828e+02 4.831429600006000139e+06 4.635457700199999963e+05
2.803399959999999851e+02 4.831429540009000339e+06 4.635460399779999861e+05
2.806600040000000149e+02 4.831429510010000318e+06 4.635457600100000273e+05
2.808099980000000073e+02 4.831429920013000257e+06 4.635463499760000268e+05
2.803999939999999924e+02 4.831430040009000339e+06 4.635464199830000289e+05
2.803299870000000169e+02 4.831430059998000041e+06 4.635464000239999732e+05
2.803299870000000169e+02 4.831430079986999743e+06 4.635464000239999732e+05
2.803099980000000073e+02 4.831430089995999821e+06 4.635463699950000155e+05
2.803399959999999851e+02 4.831430309998000041e+06 4.635463699950000155e+05
2.803299870000000169e+02 4.831430329986999743e+06 4.635463099979999824e+05
2.803900150000000053e+02 4.831430329986999743e+06 4.635463099979999824e+05
2.804299930000000245e+02 4.831430329986999743e+06 4.635463099979999824e+05
2.803099980000000073e+02 4.831430040009000339e+06 4.635463900150000118e+05
2.803699950000000172e+02 4.831430049987999722e+06 4.635463800049999845e+05
2.806499939999999924e+02 4.831429989989999682e+06 4.635464500119999866e+05
2.805799870000000169e+02 4.831429980011000298e+06 4.635464000239999732e+05
2.806199950000000172e+02 4.831430000000000000e+06 4.635464099730000016e+05
2.805299989999999752e+02 4.831430010010000318e+06 4.635463900150000118e+05
2.803399959999999851e+02 4.831430279999000020e+06 4.635463099979999824e+05
2.805100100000000225e+02 4.831430299987999722e+06 4.635462700199999963e+05
2.803200069999999755e+02 4.831429799987999722e+06 4.635462600100000273e+05
2.804100040000000149e+02 4.831429690001999959e+06 4.635465999760000268e+05
2.804200129999999831e+02 4.831430269988999702e+06 4.635463400269999984e+05
2.803900150000000053e+02 4.831430260010000318e+06 4.635463400269999984e+05
2.804200129999999831e+02 4.831430250000000000e+06 4.635463699950000155e+05
2.803900150000000053e+02 4.831430230011000298e+06 4.635463699950000155e+05
2.804500120000000152e+02 4.831430279999000020e+06 4.635463800049999845e+05
2.803999939999999924e+02 4.831430269988999702e+06 4.635463699950000155e+05
2.803299870000000169e+02 4.831430290009000339e+06 4.635463800049999845e+05
2.803099980000000073e+02 4.831430260010000318e+06 4.635464099730000016e+05
2.806600040000000149e+02 4.831429970000999980e+06 4.635465000000000000e+05
2.804400019999999927e+02 4.831430279999000020e+06 4.635463800049999845e+05
2.803800049999999828e+02 4.831430279999000020e+06 4.635463699950000155e+05
2.803599849999999947e+02 4.831430269988999702e+06 4.635463499760000268e+05
2.803200069999999755e+02 4.831430290009000339e+06 4.635464099730000016e+05
2.807799989999999752e+02 4.831429970000999980e+06 4.635464899899999727e+05
2.807900089999999977e+02 4.831429940001999959e+06 4.635465200199999963e+05
2.807099910000000023e+02 4.831429959990999661e+06 4.635465200199999963e+05
2.807999879999999848e+02 4.831429929992999882e+06 4.635463800049999845e+05
2.807099910000000023e+02 4.831430000000000000e+06 4.635464000239999732e+05
2.803500060000000076e+02 4.831430329986999743e+06 4.635462800290000159e+05
2.806099849999999947e+02 4.831430010010000318e+06 4.635463699950000155e+05
2.806900019999999927e+02 4.831430019988999702e+06 4.635463599849999882e+05
2.803699950000000172e+02 4.831430040009000339e+06 4.635463400269999984e+05
2.805700069999999755e+02 4.831429989989999682e+06 4.635464000239999732e+05
2.804599910000000023e+02 4.831430000000000000e+06 4.635463599849999882e+05
2.803500060000000076e+02 4.831430269988999702e+06 4.635462700199999963e+05
2.804299930000000245e+02 4.831430279999000020e+06 4.635462500000000000e+05
2.803500060000000076e+02 4.831430320007000118e+06 4.635462500000000000e+05
2.804400019999999927e+02 4.831430320007000118e+06 4.635462399899999727e+05
2.804500120000000152e+02 4.831430329986999743e+06 4.635462999880000134e+05
2.803999939999999924e+02 4.831430329986999743e+06 4.635463300169999711e+05
2.807200010000000248e+02 4.831430019988999702e+06 4.635464299929999979e+05
2.807500000000000000e+02 4.831429970000999980e+06 4.635464000239999732e+05
2.803200069999999755e+02 4.831430070007000118e+06 4.635464099730000016e+05
2.804400019999999927e+02 4.831430100006000139e+06 4.635465399779999861e+05
2.808299870000000169e+02 4.831429859985000454e+06 4.635463800049999845e+05
2.807200010000000248e+02 4.831429989989999682e+06 4.635464199830000289e+05
2.805799870000000169e+02 4.831430000000000000e+06 4.635463800049999845e+05
2.804100040000000149e+02 4.831430059998000041e+06 4.635463800049999845e+05
2.803399959999999851e+02 4.831430070007000118e+06 4.635463400269999984e+05
2.803800049999999828e+02 4.831430380005000159e+06 4.635463099979999824e+05
2.807399899999999775e+02 4.831430000000000000e+06 4.635463900150000118e+05
2.807399899999999775e+02 4.831430040009000339e+06 4.635463499760000268e+05
2.806900019999999927e+02 4.831430049987999722e+06 4.635463699950000155e+05
2.806199950000000172e+02 4.831430059998000041e+06 4.635463800049999845e+05
2.806799930000000245e+02 4.831430040009000339e+06 4.635463300169999711e+05
2.806300049999999828e+02 4.831430059998000041e+06 4.635463499760000268e+05
2.805000000000000000e+02 4.831430059998000041e+06 4.635463200070000021e+05
2.803299870000000169e+02 4.831430339995999821e+06 4.635462800290000159e+05
2.805599980000000073e+02 4.831430019988999702e+06 4.635463699950000155e+05
2.806799930000000245e+02 4.831430010010000318e+06 4.635463499760000268e+05
2.807200010000000248e+02 4.831430000000000000e+06 4.635463400269999984e+05
2.803900150000000053e+02 4.831430369994999841e+06 4.635462600100000273e+05
2.803699950000000172e+02 4.831430369994999841e+06 4.635462800290000159e+05
2.803399959999999851e+02 4.831430359985000454e+06 4.635462899779999861e+05
2.803800049999999828e+02 4.831430339995999821e+06 4.635462899779999861e+05
2.805400089999999977e+02 4.831430040009000339e+06 4.635463699950000155e+05
2.803699950000000172e+02 4.831430399993999861e+06 4.635463099979999824e+05
2.803200069999999755e+02 4.831430359985000454e+06 4.635462800290000159e+05
2.803399959999999851e+02 4.831429790009000339e+06 4.635465800169999711e+05
2.807099910000000023e+02 4.831430040009000339e+06 4.635463900150000118e+05
2.806499939999999924e+02 4.831430040009000339e+06 4.635463900150000118e+05
2.805499879999999848e+02 4.831430000000000000e+06 4.635463800049999845e+05
2.804599910000000023e+02 4.831430130005000159e+06 4.635463800049999845e+05
2.803599849999999947e+02 4.831430089995999821e+06 4.635463699950000155e+05
2.803200069999999755e+02 4.831430089995999821e+06 4.635463800049999845e+05
2.803299870000000169e+02 4.831430339995999821e+06 4.635463200070000021e+05
2.803800049999999828e+02 4.831430399993999861e+06 4.635462700199999963e+05
2.803299870000000169e+02 4.831430399993999861e+06 4.635462700199999963e+05
2.807600100000000225e+02 4.831429959990999661e+06 4.635464000239999732e+05
2.807000120000000152e+02 4.831430029999000020e+06 4.635463900150000118e+05
2.806900019999999927e+02 4.831430019988999702e+06 4.635463800049999845e+05
2.806900019999999927e+02 4.831430040009000339e+06 4.635463699950000155e+05
2.805599980000000073e+02 4.831430010010000318e+06 4.635463900150000118e+05
2.806600040000000149e+02 4.831430040009000339e+06 4.635463599849999882e+05
2.806300049999999828e+02 4.831430059998000041e+06 4.635463699950000155e+05
2.805599980000000073e+02 4.831430040009000339e+06 4.635463800049999845e+05
2.805899959999999851e+02 4.831430070007000118e+06 4.635463599849999882e+05
2.805599980000000073e+02 4.831430079986999743e+06 4.635463699950000155e+05
2.806099849999999947e+02 4.831430070007000118e+06 4.635463400269999984e+05
2.805799870000000169e+02 4.831430079986999743e+06 4.635463599849999882e+05
2.805799870000000169e+02 4.831430070007000118e+06 4.635463599849999882e+05
2.805700069999999755e+02 4.831430089995999821e+06 4.635463699950000155e+05
2.806099849999999947e+02 4.831430100006000139e+06 4.635463499760000268e+05
2.804899899999999775e+02 4.831430070007000118e+06 4.635463800049999845e+05
2.806300049999999828e+02 4.831430070007000118e+06 4.635463499760000268e+05
2.805799870000000169e+02 4.831430070007000118e+06 4.635463599849999882e+05
2.806300049999999828e+02 4.831430059998000041e+06 4.635463599849999882e+05
2.805899959999999851e+02 4.831430070007000118e+06 4.635463699950000155e+05
2.805899959999999851e+02 4.831430059998000041e+06 4.635463499760000268e+05
2.805700069999999755e+02 4.831430079986999743e+06 4.635463599849999882e+05
2.806400150000000053e+02 4.831430140014999546e+06 4.635463599849999882e+05
2.805700069999999755e+02 4.831430119994999841e+06 4.635463699950000155e+05
2.804800109999999904e+02 4.831430079986999743e+06 4.635463800049999845e+05
2.804100040000000149e+02 4.831430059998000041e+06 4.635463900150000118e+05
2.805899959999999851e+02 4.831430070007000118e+06 4.635463400269999984e+05
2.805799870000000169e+02 4.831430089995999821e+06 4.635463599849999882e+05
2.805799870000000169e+02 4.831430089995999821e+06 4.635463599849999882e+05
2.805499879999999848e+02 4.831430109985000454e+06 4.635463699950000155e+05
2.804500120000000152e+02 4.831430040009000339e+06 4.635463200070000021e+05
2.804500120000000152e+02 4.831430059998000041e+06 4.635463200070000021e+05
2.803900150000000053e+02 4.831430339995999821e+06 4.635462399899999727e+05
2.803699950000000172e+02 4.831430320007000118e+06 4.635462399899999727e+05
2.805700069999999755e+02 4.831429989989999682e+06 4.635464199830000289e+05
2.806499939999999924e+02 4.831430000000000000e+06 4.635464000239999732e+05
2.807000120000000152e+02 4.831429989989999682e+06 4.635464000239999732e+05
2.807399899999999775e+02 4.831429989989999682e+06 4.635464000239999732e+05
2.808399959999999851e+02 4.831429899993999861e+06 4.635464099730000016e+05
2.807399899999999775e+02 4.831429920013000257e+06 4.635463900150000118e+05
2.803200069999999755e+02 4.831430320007000118e+06 4.635462999880000134e+05
2.803399959999999851e+02 4.831430339995999821e+06 4.635462700199999963e+05
2.803599849999999947e+02 4.831430040009000339e+06 4.635463300169999711e+05
2.803800049999999828e+02 4.831429970000999980e+06 4.635463800049999845e+05
2.803299870000000169e+02 4.831429989989999682e+06 4.635463699950000155e+05
2.805000000000000000e+02 4.831430089995999821e+06 4.635463699950000155e+05
2.806900019999999927e+02 4.831430059998000041e+06 4.635463699950000155e+05
2.807200010000000248e+02 4.831430049987999722e+06 4.635463900150000118e+05
2.803200069999999755e+02 4.831430309998000041e+06 4.635462700199999963e+05
2.803699950000000172e+02 4.831430279999000020e+06 4.635462700199999963e+05
2.804400019999999927e+02 4.831430279999000020e+06 4.635462399899999727e+05
2.804299930000000245e+02 4.831430320007000118e+06 4.635462999880000134e+05
2.812900089999999977e+02 4.831430299987999722e+06 4.635460599979999824e+05
2.811199950000000172e+02 4.831430359985000454e+06 4.635461300049999845e+05
2.812500000000000000e+02 4.831430350006000139e+06 4.635460700070000021e+05
2.812900089999999977e+02 4.831430320007000118e+06 4.635460800169999711e+05
2.812200010000000248e+02 4.831430339995999821e+06 4.635460100100000273e+05
2.807000120000000152e+02 4.831430329986999743e+06 4.635461099849999882e+05
2.806900019999999927e+02 4.831430329986999743e+06 4.635461099849999882e+05
2.812799989999999752e+02 4.831430410004000179e+06 4.635460900269999984e+05
2.807399899999999775e+02 4.831430380005000159e+06 4.635461199950000155e+05
2.810100100000000225e+02 4.831430380005000159e+06 4.635461300049999845e+05
2.810799870000000169e+02 4.831430399993999861e+06 4.635461300049999845e+05
2.811600040000000149e+02 4.831430420013000257e+06 4.635461300049999845e+05
2.810700069999999755e+02 4.831430380005000159e+06 4.635461099849999882e+05
2.811400150000000053e+02 4.831430399993999861e+06 4.635461199950000155e+05
2.811900019999999927e+02 4.831430420013000257e+06 4.635461199950000155e+05
2.810899959999999851e+02 4.831430380005000159e+06 4.635460999760000268e+05
2.811799930000000245e+02 4.831430399993999861e+06 4.635460999760000268e+05
2.812799989999999752e+02 4.831430410004000179e+06 4.635460900269999984e+05
2.810400089999999977e+02 4.831430369994999841e+06 4.635460999760000268e+05
2.811199950000000172e+02 4.831430390014999546e+06 4.635460900269999984e+05
2.807900089999999977e+02 4.831430410004000179e+06 4.635461099849999882e+05
2.812900089999999977e+02 4.831430410004000179e+06 4.635460900269999984e+05
2.811000060000000076e+02 4.831430399993999861e+06 4.635460999760000268e+05
2.811799930000000245e+02 4.831430399993999861e+06 4.635461300049999845e+05
2.810799870000000169e+02 4.831430390014999546e+06 4.635461300049999845e+05
2.810199890000000096e+02 4.831430390014999546e+06 4.635461300049999845e+05
2.811700129999999831e+02 4.831430390014999546e+06 4.635461099849999882e+05
2.810499879999999848e+02 4.831430369994999841e+06 4.635461199950000155e+05
2.811799930000000245e+02 4.831430369994999841e+06 4.635461199950000155e+05
2.811600040000000149e+02 4.831430380005000159e+06 4.635460999760000268e+05
2.810400089999999977e+02 4.831430359985000454e+06 4.635461099849999882e+05
2.811799930000000245e+02 4.831430369994999841e+06 4.635461199950000155e+05
2.811499939999999924e+02 4.831430380005000159e+06 4.635460999760000268e+05
2.810400089999999977e+02 4.831430359985000454e+06 4.635461099849999882e+05
2.812699890000000096e+02 4.831430380005000159e+06 4.635460800169999711e+05
2.810400089999999977e+02 4.831430410004000179e+06 4.635461300049999845e+05
2.812999879999999848e+02 4.831430380005000159e+06 4.635460900269999984e+05
2.812600100000000225e+02 4.831430269988999702e+06 4.635460700070000021e+05
2.811300049999999828e+02 4.831430399993999861e+06 4.635461199950000155e+05
2.810400089999999977e+02 4.831430329986999743e+06 4.635461099849999882e+05
2.811300049999999828e+02 4.831430329986999743e+06 4.635460900269999984e+05
2.812200010000000248e+02 4.831430329986999743e+06 4.635460700070000021e+05
2.809800109999999904e+02 4.831430299987999722e+06 4.635461199950000155e+05
2.810199890000000096e+02 4.831430309998000041e+06 4.635460999760000268e+05
2.812999879999999848e+02 4.831429630005000159e+06 4.635465599979999824e+05
2.811700129999999831e+02 4.831429940001999959e+06 4.635464199830000289e+05
2.812399899999999775e+02 4.831429920013000257e+06 4.635464099730000016e+05
2.811400150000000053e+02 4.831429850006000139e+06 4.635464699709999841e+05
2.811499939999999924e+02 4.831429910004000179e+06 4.635464000239999732e+05
2.808699950000000172e+02 4.831429910004000179e+06 4.635463599849999882e+05
2.808500060000000076e+02 4.831429989989999682e+06 4.635464400020000176e+05
2.811099849999999947e+02 4.831429950012000278e+06 4.635464199830000289e+05
2.810899959999999851e+02 4.831429980011000298e+06 4.635464000239999732e+05
2.811700129999999831e+02 4.831429980011000298e+06 4.635463499760000268e+05
2.811400150000000053e+02 4.831430010010000318e+06 4.635463400269999984e+05
2.805899959999999851e+02 4.831430350006000139e+06 4.635462600100000273e+05
2.806400150000000053e+02 4.831430350006000139e+06 4.635462600100000273e+05
2.807399899999999775e+02 4.831430359985000454e+06 4.635462600100000273e+05
2.807900089999999977e+02 4.831430359985000454e+06 4.635462600100000273e+05
2.805499879999999848e+02 4.831430320007000118e+06 4.635462700199999963e+05
2.808699950000000172e+02 4.831429940001999959e+06 4.635464199830000289e+05
2.809200129999999831e+02 4.831429950012000278e+06 4.635464099730000016e+05
2.809700010000000248e+02 4.831429950012000278e+06 4.635464000239999732e+05
2.808200069999999755e+02 4.831429959990999661e+06 4.635463800049999845e+05
2.812500000000000000e+02 4.831430079986999743e+06 4.635462800290000159e+05
2.805499879999999848e+02 4.831430309998000041e+06 4.635462600100000273e+05
2.808900150000000053e+02 4.831430399993999861e+06 4.635461900020000176e+05
2.809500120000000152e+02 4.831430380005000159e+06 4.635461900020000176e+05
2.810199890000000096e+02 4.831430369994999841e+06 4.635461799929999979e+05
2.810599980000000073e+02 4.831430380005000159e+06 4.635461900020000176e+05
2.811199950000000172e+02 4.831430369994999841e+06 4.635461799929999979e+05
2.811799930000000245e+02 4.831430359985000454e+06 4.635461799929999979e+05
2.806799930000000245e+02 4.831430309998000041e+06 4.635462500000000000e+05
2.805499879999999848e+02 4.831430329986999743e+06 4.635462399899999727e+05
2.805899959999999851e+02 4.831430329986999743e+06 4.635462399899999727e+05
2.806600040000000149e+02 4.831430320007000118e+06 4.635462199709999841e+05
2.811099849999999947e+02 4.831430350006000139e+06 4.635461599730000016e+05
2.810199890000000096e+02 4.831430309998000041e+06 4.635461699830000289e+05
2.810599980000000073e+02 4.831430320007000118e+06 4.635461699830000289e+05
2.806199950000000172e+02 4.831430299987999722e+06 4.635462399899999727e+05
2.807200010000000248e+02 4.831430320007000118e+06 4.635462199709999841e+05
2.808299870000000169e+02 4.831430329986999743e+06 4.635461900020000176e+05
2.808900150000000053e+02 4.831430339995999821e+06 4.635461799929999979e+05
2.810199890000000096e+02 4.831430339995999821e+06 4.635461400150000118e+05
2.810700069999999755e+02 4.831430350006000139e+06 4.635461300049999845e+05
2.812300109999999904e+02 4.831429859985000454e+06 4.635464699709999841e+05
2.812000120000000152e+02 4.831429859985000454e+06 4.635464600220000139e+05
2.811799930000000245e+02 4.831429989989999682e+06 4.635463800049999845e+05
2.806900019999999927e+02 4.831430290009000339e+06 4.635463300169999711e+05
2.806099849999999947e+02 4.831430299987999722e+06 4.635463300169999711e+05
2.805499879999999848e+02 4.831430299987999722e+06 4.635463400269999984e+05
2.805100100000000225e+02 4.831430279999000020e+06 4.635463800049999845e+05
2.804899899999999775e+02 4.831430350006000139e+06 4.635464799800000037e+05
2.804500120000000152e+02 4.831430339995999821e+06 4.635464699709999841e+05
2.807200010000000248e+02 4.831430309998000041e+06 4.635462899779999861e+05
2.806499939999999924e+02 4.831430320007000118e+06 4.635462899779999861e+05
2.806499939999999924e+02 4.831430290009000339e+06 4.635463200070000021e+05
2.806000060000000076e+02 4.831430290009000339e+06 4.635463099979999824e+05
2.805499879999999848e+02 4.831430260010000318e+06 4.635463400269999984e+05
2.807500000000000000e+02 4.831430299987999722e+06 4.635461699830000289e+05
2.807000120000000152e+02 4.831430290009000339e+06 4.635461799929999979e+05
2.808999939999999924e+02 4.831429910004000179e+06 4.635463800049999845e+05
2.811499939999999924e+02 4.831429829986999743e+06 4.635464699709999841e+05
2.812699890000000096e+02 4.831429899993999861e+06 4.635463599849999882e+05
2.812900089999999977e+02 4.831429750000000000e+06 4.635464699709999841e+05
2.811499939999999924e+02 4.831429760010000318e+06 4.635464500119999866e+05
2.812600100000000225e+02 4.831429820007000118e+06 4.635463900150000118e+05
2.812600100000000225e+02 4.831429850006000139e+06 4.635463400269999984e+05
2.812000120000000152e+02 4.831429880005000159e+06 4.635463400269999984e+05
2.811300049999999828e+02 4.831429890014999546e+06 4.635463400269999984e+05
2.810899959999999851e+02 4.831429920013000257e+06 4.635463400269999984e+05
2.808900150000000053e+02 4.831429959990999661e+06 4.635463800049999845e+05
2.811000060000000076e+02 4.831429989989999682e+06 4.635463300169999711e+05
2.811799930000000245e+02 4.831429980011000298e+06 4.635463300169999711e+05
2.808299870000000169e+02 4.831429950012000278e+06 4.635463900150000118e+05
2.810299989999999752e+02 4.831430350006000139e+06 4.635461799929999979e+05
2.810299989999999752e+02 4.831430380005000159e+06 4.635461900020000176e+05
2.805299989999999752e+02 4.831430320007000118e+06 4.635462299800000037e+05
2.806199950000000172e+02 4.831430329986999743e+06 4.635462199709999841e+05
2.806799930000000245e+02 4.831430329986999743e+06 4.635461400150000118e+05
2.812500000000000000e+02 4.831429920013000257e+06 4.635463800049999845e+05
2.812999879999999848e+02 4.831429890014999546e+06 4.635463800049999845e+05
2.811099849999999947e+02 4.831429929992999882e+06 4.635464000239999732e+05
2.811900019999999927e+02 4.831429890014999546e+06 4.635464000239999732e+05
2.811900019999999927e+02 4.831429850006000139e+06 4.635464500119999866e+05
2.811400150000000053e+02 4.831429829986999743e+06 4.635464699709999841e+05
2.812300109999999904e+02 4.831430070007000118e+06 4.635462700199999963e+05
2.811900019999999927e+02 4.831430049987999722e+06 4.635462600100000273e+05
2.811499939999999924e+02 4.831430059998000041e+06 4.635462899779999861e+05
2.806900019999999927e+02 4.831430390014999546e+06 4.635462800290000159e+05
2.812000120000000152e+02 4.831429950012000278e+06 4.635463900150000118e+05
2.809500120000000152e+02 4.831429980011000298e+06 4.635464299929999979e+05
2.808299870000000169e+02 4.831429970000999980e+06 4.635464299929999979e+05
2.811400150000000053e+02 4.831430339995999821e+06 4.635461400150000118e+05
2.811400150000000053e+02 4.831430369994999841e+06 4.635461699830000289e+05
2.811199950000000172e+02 4.831430350006000139e+06 4.635461500239999732e+05
2.809800109999999904e+02 4.831430369994999841e+06 4.635462100220000139e+05
2.809599910000000023e+02 4.831430350006000139e+06 4.635461900020000176e+05
2.808200069999999755e+02 4.831430350006000139e+06 4.635462299800000037e+05
2.812600100000000225e+02 4.831429700012000278e+06 4.635465499880000134e+05
2.812099910000000023e+02 4.831429779999000020e+06 4.635464799800000037e+05
2.812799989999999752e+02 4.831429839995999821e+06 4.635464199830000289e+05
2.811900019999999927e+02 4.831429750000000000e+06 4.635464799800000037e+05
2.809299930000000245e+02 4.831430019988999702e+06 4.635464099730000016e+05
2.808500060000000076e+02 4.831430019988999702e+06 4.635463699950000155e+05
2.811099849999999947e+02 4.831430049987999722e+06 4.635462899779999861e+05
2.811700129999999831e+02 4.831430079986999743e+06 4.635462700199999963e+05
2.812399899999999775e+02 4.831430130005000159e+06 4.635462500000000000e+05
2.806000060000000076e+02 4.831430380005000159e+06 4.635462500000000000e+05
2.805599980000000073e+02 4.831430420013000257e+06 4.635462800290000159e+05
2.811000060000000076e+02 4.831429989989999682e+06 4.635463300169999711e+05
2.809299930000000245e+02 4.831430019988999702e+06 4.635463699950000155e+05
2.811199950000000172e+02 4.831430070007000118e+06 4.635462700199999963e+05
2.804599910000000023e+02 4.831430410004000179e+06 4.635463200070000021e+05
2.808900150000000053e+02 4.831430359985000454e+06 4.635461900020000176e+05
2.808299870000000169e+02 4.831430380005000159e+06 4.635461900020000176e+05
2.807300109999999904e+02 4.831430410004000179e+06 4.635462100220000139e+05
2.811400150000000053e+02 4.831430369994999841e+06 4.635461300049999845e+05
2.811400150000000053e+02 4.831430399993999861e+06 4.635461500239999732e+05
2.810599980000000073e+02 4.831430410004000179e+06 4.635461500239999732e+05
2.809800109999999904e+02 4.831430420013000257e+06 4.635461599730000016e+05
2.804100040000000149e+02 4.831430420013000257e+06 4.635462299800000037e+05
2.808900150000000053e+02 4.831429959990999661e+06 4.635463900150000118e+05
2.811199950000000172e+02 4.831429950012000278e+06 4.635463499760000268e+05
2.805899959999999851e+02 4.831430390014999546e+06 4.635462500000000000e+05
2.805700069999999755e+02 4.831430380005000159e+06 4.635462500000000000e+05
2.805599980000000073e+02 4.831430380005000159e+06 4.635462700199999963e+05
2.810599980000000073e+02 4.831430019988999702e+06 4.635462999880000134e+05
2.810700069999999755e+02 4.831429980011000298e+06 4.635463200070000021e+05
2.807900089999999977e+02 4.831430019988999702e+06 4.635464000239999732e+05
2.808200069999999755e+02 4.831430010010000318e+06 4.635463900150000118e+05
2.808800049999999828e+02 4.831430000000000000e+06 4.635463900150000118e+05
2.810799870000000169e+02 4.831429959990999661e+06 4.635463699950000155e+05
2.809200129999999831e+02 4.831429989989999682e+06 4.635464099730000016e+05
2.805499879999999848e+02 4.831430359985000454e+06 4.635462500000000000e+05
2.804100040000000149e+02 4.831430390014999546e+06 4.635462700199999963e+05
2.804500120000000152e+02 4.831430369994999841e+06 4.635462700199999963e+05
2.807699890000000096e+02 4.831430399993999861e+06 4.635461599730000016e+05
2.807799989999999752e+02 4.831430369994999841e+06 4.635461400150000118e+05
2.810000000000000000e+02 4.831430420013000257e+06 4.635461400150000118e+05
2.808200069999999755e+02 4.831430410004000179e+06 4.635461799929999979e+05
2.808599849999999947e+02 4.831430399993999861e+06 4.635461699830000289e+05
2.808699950000000172e+02 4.831430380005000159e+06 4.635461599730000016e+05
2.805000000000000000e+02 4.831430390014999546e+06 4.635462399899999727e+05
2.805499879999999848e+02 4.831430380005000159e+06 4.635462299800000037e+05
2.805799870000000169e+02 4.831430399993999861e+06 4.635462299800000037e+05
2.806300049999999828e+02 4.831430380005000159e+06 4.635462299800000037e+05
2.805499879999999848e+02 4.831430339995999821e+06 4.635462399899999727e+05
2.812799989999999752e+02 4.831429869994999841e+06 4.635464400020000176e+05
2.811499939999999924e+02 4.831429850006000139e+06 4.635464699709999841e+05
2.810899959999999851e+02 4.831429910004000179e+06 4.635464199830000289e+05
2.812699890000000096e+02 4.831429839995999821e+06 4.635462800290000159e+05
2.809500120000000152e+02 4.831429989989999682e+06 4.635464400020000176e+05
2.809299930000000245e+02 4.831430010010000318e+06 4.635464500119999866e+05
2.811799930000000245e+02 4.831429959990999661e+06 4.635463599849999882e+05
2.811300049999999828e+02 4.831429970000999980e+06 4.635463599849999882e+05
2.811000060000000076e+02 4.831429980011000298e+06 4.635463800049999845e+05
2.809200129999999831e+02 4.831430000000000000e+06 4.635464199830000289e+05
2.811099849999999947e+02 4.831430029999000020e+06 4.635463300169999711e+05
2.804700010000000248e+02 4.831430359985000454e+06 4.635463099979999824e+05
2.805400089999999977e+02 4.831430410004000179e+06 4.635462500000000000e+05
2.804299930000000245e+02 4.831430399993999861e+06 4.635462600100000273e+05
2.812900089999999977e+02 4.831429959990999661e+06 4.635463599849999882e+05
2.812900089999999977e+02 4.831429959990999661e+06 4.635463499760000268e+05
2.812000120000000152e+02 4.831429959990999661e+06 4.635463699950000155e+05
2.812600100000000225e+02 4.831429959990999661e+06 4.635463300169999711e+05
2.812200010000000248e+02 4.831429970000999980e+06 4.635463499760000268e+05
2.811799930000000245e+02 4.831429970000999980e+06 4.635463599849999882e+05
2.811499939999999924e+02 4.831429980011000298e+06 4.635463699950000155e+05
2.810000000000000000e+02 4.831430049987999722e+06 4.635464500119999866e+05
2.811400150000000053e+02 4.831429980011000298e+06 4.635463300169999711e+05
2.811400150000000053e+02 4.831430019988999702e+06 4.635463499760000268e+05
2.810799870000000169e+02 4.831430010010000318e+06 4.635463599849999882e+05
2.809899899999999775e+02 4.831430000000000000e+06 4.635463800049999845e+05
2.809599910000000023e+02 4.831430010010000318e+06 4.635464000239999732e+05
2.808999939999999924e+02 4.831430010010000318e+06 4.635464099730000016e+05
2.810400089999999977e+02 4.831430010010000318e+06 4.635463499760000268e+05
2.809899899999999775e+02 4.831430000000000000e+06 4.635463699950000155e+05
2.809500120000000152e+02 4.831430019988999702e+06 4.635463800049999845e+05
2.808900150000000053e+02 4.831430010010000318e+06 4.635464000239999732e+05
2.812000120000000152e+02 4.831430079986999743e+06 4.635463400269999984e+05
2.810700069999999755e+02 4.831430019988999702e+06 4.635463499760000268e+05
2.810100100000000225e+02 4.831430000000000000e+06 4.635463599849999882e+05
2.809800109999999904e+02 4.831430010010000318e+06 4.635463699950000155e+05
2.809400019999999927e+02 4.831430019988999702e+06 4.635463900150000118e+05
2.808900150000000053e+02 4.831430010010000318e+06 4.635464000239999732e+05
2.809700010000000248e+02 4.831429989989999682e+06 4.635463499760000268e+05
2.809500120000000152e+02 4.831430019988999702e+06 4.635463599849999882e+05
2.809100040000000149e+02 4.831430019988999702e+06 4.635463699950000155e+05
2.808699950000000172e+02 4.831430019988999702e+06 4.635463900150000118e+05
2.808900150000000053e+02 4.831430029999000020e+06 4.635463599849999882e+05
2.808399959999999851e+02 4.831430029999000020e+06 4.635463800049999845e+05
2.808099980000000073e+02 4.831430049987999722e+06 4.635463900150000118e+05
2.811700129999999831e+02 4.831430119994999841e+06 4.635462999880000134e+05
2.811900019999999927e+02 4.831430140014999546e+06 4.635462700199999963e+05
2.807000120000000152e+02 4.831430209990999661e+06 4.635463800049999845e+05
2.809299930000000245e+02 4.831430399993999861e+06 4.635462299800000037e+05
2.808900150000000053e+02 4.831430399993999861e+06 4.635462299800000037e+05
2.811700129999999831e+02 4.831430390014999546e+06 4.635461699830000289e+05
2.811300049999999828e+02 4.831430399993999861e+06 4.635461799929999979e+05
2.810599980000000073e+02 4.831430420013000257e+06 4.635461900020000176e+05
2.810100100000000225e+02 4.831430420013000257e+06 4.635461900020000176e+05
2.809500120000000152e+02 4.831430420013000257e+06 4.635461900020000176e+05
2.809100040000000149e+02 4.831430410004000179e+06 4.635462100220000139e+05
2.807399899999999775e+02 4.831430410004000179e+06 4.635462199709999841e+05
2.806300049999999828e+02 4.831430410004000179e+06 4.635462399899999727e+05
2.805799870000000169e+02 4.831430410004000179e+06 4.635462399899999727e+05
2.812900089999999977e+02 4.831429809998000041e+06 4.635464400020000176e+05
2.811799930000000245e+02 4.831429839995999821e+06 4.635464299929999979e+05
2.811000060000000076e+02 4.831429929992999882e+06 4.635463699950000155e+05
2.811799930000000245e+02 4.831429829986999743e+06 4.635464299929999979e+05
2.811499939999999924e+02 4.831429890014999546e+06 4.635463599849999882e+05
2.810899959999999851e+02 4.831429950012000278e+06 4.635463599849999882e+05
2.811099849999999947e+02 4.831430040009000339e+06 4.635462999880000134e+05
2.812300109999999904e+02 4.831430119994999841e+06 4.635462500000000000e+05
2.812600100000000225e+02 4.831430160004000179e+06 4.635462500000000000e+05
2.810000000000000000e+02 4.831430010010000318e+06 4.635463200070000021e+05
2.804599910000000023e+02 4.831430380005000159e+06 4.635462899779999861e+05
2.807799989999999752e+02 4.831430019988999702e+06 4.635463400269999984e+05
2.805400089999999977e+02 4.831430369994999841e+06 4.635462399899999727e+05
2.805799870000000169e+02 4.831430390014999546e+06 4.635462399899999727e+05
2.807099910000000023e+02 4.831430420013000257e+06 4.635462399899999727e+05
2.807799989999999752e+02 4.831430369994999841e+06 4.635461699830000289e+05
2.808599849999999947e+02 4.831430390014999546e+06 4.635461699830000289e+05
2.809100040000000149e+02 4.831430410004000179e+06 4.635461799929999979e+05
2.809400019999999927e+02 4.831430390014999546e+06 4.635461599730000016e+05
2.809899899999999775e+02 4.831430410004000179e+06 4.635461599730000016e+05
2.809400019999999927e+02 4.831430380005000159e+06 4.635461300049999845e+05
2.810400089999999977e+02 4.831430399993999861e+06 4.635461400150000118e+05
2.811099849999999947e+02 4.831430420013000257e+06 4.635461400150000118e+05
2.806300049999999828e+02 4.831430369994999841e+06 4.635462100220000139e+05
2.812300109999999904e+02 4.831429720000999980e+06 4.635465200199999963e+05
2.812200010000000248e+02 4.831429760010000318e+06 4.635465200199999963e+05
2.811099849999999947e+02 4.831429920013000257e+06 4.635463800049999845e+05
2.811600040000000149e+02 4.831429910004000179e+06 4.635463900150000118e+05
2.812300109999999904e+02 4.831429619994999841e+06 4.635465700070000021e+05
2.812500000000000000e+02 4.831429660004000179e+06 4.635465300290000159e+05
2.812600100000000225e+02 4.831429640014999546e+06 4.635465499880000134e+05
2.806000060000000076e+02 4.831430380005000159e+06 4.635462500000000000e+05
2.811900019999999927e+02 4.831429950012000278e+06 4.635463499760000268e+05
2.805400089999999977e+02 4.831430390014999546e+06 4.635462500000000000e+05
2.805700069999999755e+02 4.831430320007000118e+06 4.635462199709999841e+05
2.807699890000000096e+02 4.831430390014999546e+06 4.635462000119999866e+05
2.807900089999999977e+02 4.831430380005000159e+06 4.635462199709999841e+05
2.809100040000000149e+02 4.831430399993999861e+06 4.635461699830000289e+05
2.809500120000000152e+02 4.831430390014999546e+06 4.635461799929999979e+05
2.810299989999999752e+02 4.831430399993999861e+06 4.635461599730000016e+05
2.811000060000000076e+02 4.831430399993999861e+06 4.635461400150000118e+05
2.809100040000000149e+02 4.831430410004000179e+06 4.635461400150000118e+05
2.807799989999999752e+02 4.831430410004000179e+06 4.635461799929999979e+05
2.811600040000000149e+02 4.831429779999000020e+06 4.635464699709999841e+05
2.811199950000000172e+02 4.831429790009000339e+06 4.635464500119999866e+05
2.811300049999999828e+02 4.831429799987999722e+06 4.635464199830000289e+05
2.810700069999999755e+02 4.831430420013000257e+06 4.635464099730000016e+05
2.810199890000000096e+02 4.831430380005000159e+06 4.635463900150000118e+05
2.810000000000000000e+02 4.831430390014999546e+06 4.635463800049999845e+05
2.806700129999999831e+02 4.831430309998000041e+06 4.635462800290000159e+05
2.807000120000000152e+02 4.831430369994999841e+06 4.635462100220000139e+05
2.805400089999999977e+02 4.831430339995999821e+06 4.635462100220000139e+05
2.808699950000000172e+02 4.831430369994999841e+06 4.635461799929999979e+05
2.811300049999999828e+02 4.831430390014999546e+06 4.635461500239999732e+05
2.805499879999999848e+02 4.831430269988999702e+06 4.635461900020000176e+05
2.811600040000000149e+02 4.831430369994999841e+06 4.635461400150000118e+05
2.810899959999999851e+02 4.831430410004000179e+06 4.635462299800000037e+05
2.811099849999999947e+02 4.831430350006000139e+06 4.635461599730000016e+05
2.809200129999999831e+02 4.831430309998000041e+06 4.635461599730000016e+05
2.805700069999999755e+02 4.831430290009000339e+06 4.635462399899999727e+05
2.807200010000000248e+02 4.831430269988999702e+06 4.635461699830000289e+05
2.812600100000000225e+02 4.831429670013000257e+06 4.635465599979999824e+05
2.812600100000000225e+02 4.831429760010000318e+06 4.635465100100000273e+05
2.812799989999999752e+02 4.831429779999000020e+06 4.635465000000000000e+05
2.812399899999999775e+02 4.831429760010000318e+06 4.635465300290000159e+05
2.812000120000000152e+02 4.831429850006000139e+06 4.635464400020000176e+05
2.812799989999999752e+02 4.831429850006000139e+06 4.635464500119999866e+05
2.812000120000000152e+02 4.831429820007000118e+06 4.635464799800000037e+05
2.811700129999999831e+02 4.831429799987999722e+06 4.635465100100000273e+05
2.812399899999999775e+02 4.831429660004000179e+06 4.635465599979999824e+05
2.812200010000000248e+02 4.831429679992999882e+06 4.635465499880000134e+05
2.812399899999999775e+02 4.831429670013000257e+06 4.635465700070000021e+05
2.812200010000000248e+02 4.831429730011000298e+06 4.635465300290000159e+05
2.812399899999999775e+02 4.831429720000999980e+06 4.635465599979999824e+05
2.808800049999999828e+02 4.831429929992999882e+06 4.635464000239999732e+05
2.808399959999999851e+02 4.831430040009000339e+06 4.635464099730000016e+05
2.810899959999999851e+02 4.831430049987999722e+06 4.635463300169999711e+05
2.811799930000000245e+02 4.831430119994999841e+06 4.635462700199999963e+05
2.812900089999999977e+02 4.831429950012000278e+06 4.635463499760000268e+05
2.811700129999999831e+02 4.831429970000999980e+06 4.635463699950000155e+05
2.811400150000000053e+02 4.831430079986999743e+06 4.635462899779999861e+05
2.810899959999999851e+02 4.831430049987999722e+06 4.635463099979999824e+05
2.810499879999999848e+02 4.831430019988999702e+06 4.635463300169999711e+05
2.808999939999999924e+02 4.831430029999000020e+06 4.635464000239999732e+05
2.808399959999999851e+02 4.831429980011000298e+06 4.635464500119999866e+05
2.808800049999999828e+02 4.831430410004000179e+06 4.635462100220000139e+05
2.807200010000000248e+02 4.831430410004000179e+06 4.635461699830000289e+05
2.811300049999999828e+02 4.831429809998000041e+06 4.635464400020000176e+05
2.812200010000000248e+02 4.831429760010000318e+06 4.635464500119999866e+05
2.812500000000000000e+02 4.831429769988999702e+06 4.635464299929999979e+05
2.811600040000000149e+02 4.831430040009000339e+06 4.635462500000000000e+05
2.811199950000000172e+02 4.831430399993999861e+06 4.635463400269999984e+05
2.809700010000000248e+02 4.831430410004000179e+06 4.635463400269999984e+05
2.804700010000000248e+02 4.831430350006000139e+06 4.635462500000000000e+05
2.805199890000000096e+02 4.831430369994999841e+06 4.635462299800000037e+05
2.806099849999999947e+02 4.831430380005000159e+06 4.635462199709999841e+05
2.808299870000000169e+02 4.831430350006000139e+06 4.635461799929999979e+05
2.808900150000000053e+02 4.831430369994999841e+06 4.635461699830000289e+05
2.809500120000000152e+02 4.831430380005000159e+06 4.635461500239999732e+05
2.810000000000000000e+02 4.831430399993999861e+06 4.635461400150000118e+05
2.805299989999999752e+02 4.831430309998000041e+06 4.635462299800000037e+05
2.805799870000000169e+02 4.831430309998000041e+06 4.635462100220000139e+05
2.806799930000000245e+02 4.831430309998000041e+06 4.635461900020000176e+05
2.807399899999999775e+02 4.831430320007000118e+06 4.635461699830000289e+05
2.808800049999999828e+02 4.831430320007000118e+06 4.635461400150000118e+05
2.811799930000000245e+02 4.831430049987999722e+06 4.635462299800000037e+05
2.809299930000000245e+02 4.831430299987999722e+06 4.635461500239999732e+05
2.812399899999999775e+02 4.831429890014999546e+06 4.635463800049999845e+05
2.811199950000000172e+02 4.831429890014999546e+06 4.635464099730000016e+05
2.811000060000000076e+02 4.831429869994999841e+06 4.635464299929999979e+05
2.812200010000000248e+02 4.831429820007000118e+06 4.635464400020000176e+05
2.811099849999999947e+02 4.831429799987999722e+06 4.635464500119999866e+05
2.811300049999999828e+02 4.831429790009000339e+06 4.635464799800000037e+05
2.811099849999999947e+02 4.831429820007000118e+06 4.635464600220000139e+05
2.811199950000000172e+02 4.831429799987999722e+06 4.635464899899999727e+05
2.811000060000000076e+02 4.831429820007000118e+06 4.635464500119999866e+05
2.811000060000000076e+02 4.831429829986999743e+06 4.635464600220000139e+05
2.811000060000000076e+02 4.831429929992999882e+06 4.635463800049999845e+05
2.810799870000000169e+02 4.831429920013000257e+06 4.635463900150000118e+05
2.812900089999999977e+02 4.831429890014999546e+06 4.635463900150000118e+05
2.812600100000000225e+02 4.831429920013000257e+06 4.635463900150000118e+05
2.812300109999999904e+02 4.831429910004000179e+06 4.635464000239999732e+05
2.812000120000000152e+02 4.831429890014999546e+06 4.635464099730000016e+05
2.812099910000000023e+02 4.831429940001999959e+06 4.635463800049999845e+05
2.811900019999999927e+02 4.831429920013000257e+06 4.635464000239999732e+05
2.811499939999999924e+02 4.831429929992999882e+06 4.635464099730000016e+05
2.812000120000000152e+02 4.831430049987999722e+06 4.635462899779999861e+05
2.811700129999999831e+02 4.831430049987999722e+06 4.635462999880000134e+05
2.804599910000000023e+02 4.831430359985000454e+06 4.635462899779999861e+05
2.804599910000000023e+02 4.831430339995999821e+06 4.635463200070000021e+05
2.811300049999999828e+02 4.831430019988999702e+06 4.635463200070000021e+05
2.812300109999999904e+02 4.831429989989999682e+06 4.635463900150000118e+05
2.809299930000000245e+02 4.831429980011000298e+06 4.635464400020000176e+05
2.808200069999999755e+02 4.831429970000999980e+06 4.635464299929999979e+05
2.805799870000000169e+02 4.831430350006000139e+06 4.635462899779999861e+05
2.811700129999999831e+02 4.831430070007000118e+06 4.635463099979999824e+05
2.806799930000000245e+02 4.831430320007000118e+06 4.635462100220000139e+05
