2.791600040000000149e+02 4.831429420013000257e+06 4.635465599979999824e+05
2.789800109999999904e+02 4.831429429992999882e+06 4.635462299800000037e+05
2.789100040000000149e+02 4.831429519988999702e+06 4.635462500000000000e+05
2.788800049999999828e+02 4.831429500000000000e+06 4.635462299800000037e+05
2.788699950000000172e+02 4.831429529999000020e+06 4.635462399899999727e+05
2.789200129999999831e+02 4.831429369994999841e+06 4.635462199709999841e+05
2.788999939999999924e+02 4.831429390014999546e+06 4.635462100220000139e+05
2.789100040000000149e+02 4.831429410004000179e+06 4.635462100220000139e+05
2.788399959999999851e+02 4.831429450012000278e+06 4.635462100220000139e+05
2.788800049999999828e+02 4.831429440001999959e+06 4.635462199709999841e+05
2.791799930000000245e+02 4.831429029999000020e+06 4.635470800169999711e+05
2.792999879999999848e+02 4.831428970000999980e+06 4.635471500239999732e+05
2.793999939999999924e+02 4.831429119994999841e+06 4.635471400150000118e+05
2.792999879999999848e+02 4.831429089995999821e+06 4.635471599730000016e+05
2.793699950000000172e+02 4.831429029999000020e+06 4.635471599730000016e+05
2.797699890000000096e+02 4.831429890014999546e+06 4.635468200070000021e+05
2.798399959999999851e+02 4.831429880005000159e+06 4.635468099979999824e+05
2.797200010000000248e+02 4.831429920013000257e+06 4.635467800290000159e+05
2.801799930000000245e+02 4.831429640014999546e+06 4.635466500239999732e+05
2.800299989999999752e+02 4.831429709990999661e+06 4.635467000119999866e+05
2.787900089999999977e+02 4.831429670013000257e+06 4.635463800049999845e+05
2.784599910000000023e+02 4.831429869994999841e+06 4.635465000000000000e+05
2.797600100000000225e+02 4.831429859985000454e+06 4.635467999880000134e+05
2.797000120000000152e+02 4.831429890014999546e+06 4.635467500000000000e+05
2.795199890000000096e+02 4.831429929992999882e+06 4.635466099849999882e+05
2.795799870000000169e+02 4.831429940001999959e+06 4.635467000119999866e+05
2.795100100000000225e+02 4.831429970000999980e+06 4.635466400150000118e+05
2.793399959999999851e+02 4.831429980011000298e+06 4.635464400020000176e+05
2.799200129999999831e+02 4.831430019988999702e+06 4.635462899779999861e+05
2.784299930000000245e+02 4.831429820007000118e+06 4.635465399779999861e+05
2.786799930000000245e+02 4.831429690001999959e+06 4.635464600220000139e+05
2.800700069999999755e+02 4.831429559998000041e+06 4.635466400150000118e+05
2.796099849999999947e+02 4.831429820007000118e+06 4.635465499880000134e+05
2.789100040000000149e+02 4.831429579986999743e+06 4.635463800049999845e+05
2.794700010000000248e+02 4.831429920013000257e+06 4.635466500239999732e+05
2.785100100000000225e+02 4.831429859985000454e+06 4.635465900269999984e+05
2.795000000000000000e+02 4.831429920013000257e+06 4.635467000119999866e+05
2.794800109999999904e+02 4.831429899993999861e+06 4.635466799929999979e+05
2.797900089999999977e+02 4.831429649993999861e+06 4.635465399779999861e+05
2.788500060000000076e+02 4.831429579986999743e+06 4.635464699709999841e+05
2.795299989999999752e+02 4.831429910004000179e+06 4.635467399899999727e+05
2.796000060000000076e+02 4.831429890014999546e+06 4.635467700199999963e+05
2.795400089999999977e+02 4.831429890014999546e+06 4.635467700199999963e+05
2.800100100000000225e+02 4.831429589995999821e+06 4.635465900269999984e+05
2.796199950000000172e+02 4.831429880005000159e+06 4.635468200070000021e+05
2.800299989999999752e+02 4.831429609985000454e+06 4.635466599730000016e+05
2.800199890000000096e+02 4.831429579986999743e+06 4.635466400150000118e+05
2.797600100000000225e+02 4.831429809998000041e+06 4.635468200070000021e+05
2.800799870000000169e+02 4.831429589995999821e+06 4.635466900020000176e+05
2.800499879999999848e+02 4.831429579986999743e+06 4.635466799929999979e+05
2.801099849999999947e+02 4.831429640014999546e+06 4.635467700199999963e+05
2.794299930000000245e+02 4.831429940001999959e+06 4.635466300049999845e+05
2.800100100000000225e+02 4.831429589995999821e+06 4.635466199950000155e+05
2.795199890000000096e+02 4.831429899993999861e+06 4.635466799929999979e+05
2.794500120000000152e+02 4.831429910004000179e+06 4.635466699830000289e+05
2.802099910000000023e+02 4.831429640014999546e+06 4.635467299800000037e+05
2.801300049999999828e+02 4.831429609985000454e+06 4.635467000119999866e+05
2.800599980000000073e+02 4.831429589995999821e+06 4.635466699830000289e+05
2.795000000000000000e+02 4.831429910004000179e+06 4.635467299800000037e+05
2.788699950000000172e+02 4.831429600006000139e+06 4.635464400020000176e+05
2.802000120000000152e+02 4.831429609985000454e+06 4.635467700199999963e+05
2.796099849999999947e+02 4.831429910004000179e+06 4.635468099979999824e+05
2.795799870000000169e+02 4.831429890014999546e+06 4.635467899779999861e+05
2.796499939999999924e+02 4.831429869994999841e+06 4.635468499760000268e+05
2.799299930000000245e+02 4.831429959990999661e+06 4.635463699950000155e+05
2.799100040000000149e+02 4.831429850006000139e+06 4.635468200070000021e+05
2.798900150000000053e+02 4.831429839995999821e+06 4.635467999880000134e+05
2.798599849999999947e+02 4.831429869994999841e+06 4.635467999880000134e+05
2.798500060000000076e+02 4.831429850006000139e+06 4.635467899779999861e+05
2.798999939999999924e+02 4.831429859985000454e+06 4.635467999880000134e+05
2.798900150000000053e+02 4.831429839995999821e+06 4.635467899779999861e+05
2.798699950000000172e+02 4.831429869994999841e+06 4.635467999880000134e+05
2.798599849999999947e+02 4.831429869994999841e+06 4.635467999880000134e+05
2.797900089999999977e+02 4.831429890014999546e+06 4.635467700199999963e+05
2.802000120000000152e+02 4.831429640014999546e+06 4.635466099849999882e+05
2.797399899999999775e+02 4.831429920013000257e+06 4.635467399899999727e+05
2.796499939999999924e+02 4.831429929992999882e+06 4.635467000119999866e+05
2.788599849999999947e+02 4.831429579986999743e+06 4.635462800290000159e+05
2.788500060000000076e+02 4.831429619994999841e+06 4.635462999880000134e+05
2.788500060000000076e+02 4.831429640014999546e+06 4.635463099979999824e+05
2.788699950000000172e+02 4.831429690001999959e+06 4.635463400269999984e+05
2.787799989999999752e+02 4.831429750000000000e+06 4.635463599849999882e+05
2.786499939999999924e+02 4.831429890014999546e+06 4.635464299929999979e+05
2.795700069999999755e+02 4.831429959990999661e+06 4.635466500239999732e+05
2.786400150000000053e+02 4.831429940001999959e+06 4.635465300290000159e+05
2.786700129999999831e+02 4.831429859985000454e+06 4.635464500119999866e+05
2.785899959999999851e+02 4.831429839995999821e+06 4.635464500119999866e+05
2.785799870000000169e+02 4.831429809998000041e+06 4.635464299929999979e+05
2.786000060000000076e+02 4.831429790009000339e+06 4.635464099730000016e+05
2.786799930000000245e+02 4.831429739989999682e+06 4.635464099730000016e+05
2.787200010000000248e+02 4.831429720000999980e+06 4.635463800049999845e+05
2.798500060000000076e+02 4.831429850006000139e+06 4.635467899779999861e+05
2.798200069999999755e+02 4.831429820007000118e+06 4.635467800290000159e+05
2.797000120000000152e+02 4.831429899993999861e+06 4.635467399899999727e+05
2.796799930000000245e+02 4.831429880005000159e+06 4.635467299800000037e+05
2.797799989999999752e+02 4.831429859985000454e+06 4.635467800290000159e+05
2.801700129999999831e+02 4.831429579986999743e+06 4.635464400020000176e+05
2.788900150000000053e+02 4.831429670013000257e+06 4.635463200070000021e+05
2.796400150000000053e+02 4.831429920013000257e+06 4.635467299800000037e+05
2.796099849999999947e+02 4.831429899993999861e+06 4.635467199709999841e+05
2.787300109999999904e+02 4.831429739989999682e+06 4.635463900150000118e+05
2.798099980000000073e+02 4.831429850006000139e+06 4.635467999880000134e+05
2.793399959999999851e+02 4.831429980011000298e+06 4.635464699709999841e+05
2.795199890000000096e+02 4.831429940001999959e+06 4.635466500239999732e+05
2.796199950000000172e+02 4.831429929992999882e+06 4.635466900020000176e+05
2.786300049999999828e+02 4.831429850006000139e+06 4.635464500119999866e+05
2.784299930000000245e+02 4.831429940001999959e+06 4.635464899899999727e+05
2.787000120000000152e+02 4.831429769988999702e+06 4.635463800049999845e+05
2.786799930000000245e+02 4.831429790009000339e+06 4.635463900150000118e+05
2.786499939999999924e+02 4.831429809998000041e+06 4.635464000239999732e+05
2.785899959999999851e+02 4.831429850006000139e+06 4.635464199830000289e+05
2.785899959999999851e+02 4.831429869994999841e+06 4.635464299929999979e+05
2.785899959999999851e+02 4.831429890014999546e+06 4.635464500119999866e+05
2.784299930000000245e+02 4.831429929992999882e+06 4.635464600220000139e+05
2.788500060000000076e+02 4.831429709990999661e+06 4.635463300169999711e+05
2.787699890000000096e+02 4.831429739989999682e+06 4.635463400269999984e+05
2.787399899999999775e+02 4.831429760010000318e+06 4.635463599849999882e+05
2.787099910000000023e+02 4.831429779999000020e+06 4.635463699950000155e+05
2.786799930000000245e+02 4.831429799987999722e+06 4.635463800049999845e+05
2.786600040000000149e+02 4.831429829986999743e+06 4.635463900150000118e+05
2.785899959999999851e+02 4.831429890014999546e+06 4.635464299929999979e+05
2.785400089999999977e+02 4.831429929992999882e+06 4.635464500119999866e+05
2.788599849999999947e+02 4.831429700012000278e+06 4.635463099979999824e+05
2.788299870000000169e+02 4.831429730011000298e+06 4.635463200070000021e+05
2.787999879999999848e+02 4.831429739989999682e+06 4.635463300169999711e+05
2.787600100000000225e+02 4.831429760010000318e+06 4.635463400269999984e+05
2.787399899999999775e+02 4.831429779999000020e+06 4.635463499760000268e+05
2.786900019999999927e+02 4.831429799987999722e+06 4.635463599849999882e+05
2.786300049999999828e+02 4.831429910004000179e+06 4.635464199830000289e+05
2.797300109999999904e+02 4.831429929992999882e+06 4.635467199709999841e+05
2.794500120000000152e+02 4.831429929992999882e+06 4.635466599730000016e+05
2.798599849999999947e+02 4.831429769988999702e+06 4.635463699950000155e+05
2.784500120000000152e+02 4.831429940001999959e+06 4.635464099730000016e+05
2.795899959999999851e+02 4.831429950012000278e+06 4.635466599730000016e+05
2.795700069999999755e+02 4.831429970000999980e+06 4.635466400150000118e+05
2.795400089999999977e+02 4.831429970000999980e+06 4.635466199950000155e+05
2.795199890000000096e+02 4.831429980011000298e+06 4.635465999760000268e+05
2.794899899999999775e+02 4.831429959990999661e+06 4.635465800169999711e+05
2.794800109999999904e+02 4.831429970000999980e+06 4.635465200199999963e+05
2.794700010000000248e+02 4.831430000000000000e+06 4.635465399779999861e+05
2.795000000000000000e+02 4.831429980011000298e+06 4.635465300290000159e+05
2.784100040000000149e+02 4.831429950012000278e+06 4.635464299929999979e+05
2.789200129999999831e+02 4.831429570007000118e+06 4.635462600100000273e+05
2.796099849999999947e+02 4.831429910004000179e+06 4.635466500239999732e+05
2.798599849999999947e+02 4.831429839995999821e+06 4.635467800290000159e+05
2.787500000000000000e+02 4.831429760010000318e+06 4.635463200070000021e+05
2.788399959999999851e+02 4.831429700012000278e+06 4.635463099979999824e+05
2.788699950000000172e+02 4.831429679992999882e+06 4.635462999880000134e+05
2.786300049999999828e+02 4.831429809998000041e+06 4.635464000239999732e+05
2.786600040000000149e+02 4.831429790009000339e+06 4.635463900150000118e+05
2.796900019999999927e+02 4.831429920013000257e+06 4.635467199709999841e+05
2.793200069999999755e+02 4.831430010010000318e+06 4.635464400020000176e+05
2.793399959999999851e+02 4.831430000000000000e+06 4.635464299929999979e+05
2.794800109999999904e+02 4.831429970000999980e+06 4.635465700070000021e+05
2.793699950000000172e+02 4.831430019988999702e+06 4.635464600220000139e+05
2.788699950000000172e+02 4.831429649993999861e+06 4.635463200070000021e+05
2.788900150000000053e+02 4.831429700012000278e+06 4.635463499760000268e+05
2.787900089999999977e+02 4.831429709990999661e+06 4.635463599849999882e+05
2.788699950000000172e+02 4.831429649993999861e+06 4.635463200070000021e+05
2.788900150000000053e+02 4.831429679992999882e+06 4.635463099979999824e+05
2.788800049999999828e+02 4.831429709990999661e+06 4.635463300169999711e+05
2.788500060000000076e+02 4.831429730011000298e+06 4.635463499760000268e+05
2.787999879999999848e+02 4.831429730011000298e+06 4.635463499760000268e+05
2.787699890000000096e+02 4.831429739989999682e+06 4.635463599849999882e+05
2.784899899999999775e+02 4.831429910004000179e+06 4.635464799800000037e+05
2.788999939999999924e+02 4.831429700012000278e+06 4.635462899779999861e+05
2.801400150000000053e+02 4.831429670013000257e+06 4.635465900269999984e+05
2.801499939999999924e+02 4.831429670013000257e+06 4.635465800169999711e+05
2.796600040000000149e+02 4.831429940001999959e+06 4.635467000119999866e+05
2.801700129999999831e+02 4.831429690001999959e+06 4.635465900269999984e+05
2.801400150000000053e+02 4.831429670013000257e+06 4.635465599979999824e+05
2.801000060000000076e+02 4.831429690001999959e+06 4.635465800169999711e+05
2.796099849999999947e+02 4.831429640014999546e+06 4.635463800049999845e+05
2.794700010000000248e+02 4.831429970000999980e+06 4.635465599979999824e+05
2.793500060000000076e+02 4.831429970000999980e+06 4.635464600220000139e+05
2.796700129999999831e+02 4.831429970000999980e+06 4.635467199709999841e+05
2.796000060000000076e+02 4.831429950012000278e+06 4.635466799929999979e+05
2.795400089999999977e+02 4.831429970000999980e+06 4.635466400150000118e+05
2.795100100000000225e+02 4.831429980011000298e+06 4.635465900269999984e+05
2.786600040000000149e+02 4.831429839995999821e+06 4.635463699950000155e+05
2.787000120000000152e+02 4.831429790009000339e+06 4.635463400269999984e+05
2.787300109999999904e+02 4.831429769988999702e+06 4.635463300169999711e+05
2.787699890000000096e+02 4.831429750000000000e+06 4.635463200070000021e+05
2.788099980000000073e+02 4.831429739989999682e+06 4.635463099979999824e+05
2.789599910000000023e+02 4.831429730011000298e+06 4.635462899779999861e+05
2.789299930000000245e+02 4.831429649993999861e+06 4.635462500000000000e+05
2.784599910000000023e+02 4.831429929992999882e+06 4.635464799800000037e+05
2.784599910000000023e+02 4.831429890014999546e+06 4.635464600220000139e+05
2.784899899999999775e+02 4.831429869994999841e+06 4.635464500119999866e+05
2.785499879999999848e+02 4.831429869994999841e+06 4.635464400020000176e+05
2.785799870000000169e+02 4.831429850006000139e+06 4.635464299929999979e+05
2.786700129999999831e+02 4.831429869994999841e+06 4.635464299929999979e+05
2.786799930000000245e+02 4.831429750000000000e+06 4.635463800049999845e+05
2.796099849999999947e+02 4.831429899993999861e+06 4.635466500239999732e+05
2.787500000000000000e+02 4.831429750000000000e+06 4.635463099979999824e+05
2.788099980000000073e+02 4.831429750000000000e+06 4.635463099979999824e+05
2.788200069999999755e+02 4.831429730011000298e+06 4.635462899779999861e+05
2.788500060000000076e+02 4.831429700012000278e+06 4.635462800290000159e+05
2.788900150000000053e+02 4.831429679992999882e+06 4.635462700199999963e+05
2.784500120000000152e+02 4.831429920013000257e+06 4.635464500119999866e+05
2.785100100000000225e+02 4.831429890014999546e+06 4.635464400020000176e+05
2.797399899999999775e+02 4.831429820007000118e+06 4.635467199709999841e+05
2.786700129999999831e+02 4.831429790009000339e+06 4.635463800049999845e+05
2.787300109999999904e+02 4.831429750000000000e+06 4.635463599849999882e+05
2.788399959999999851e+02 4.831429640014999546e+06 4.635462899779999861e+05
2.791400150000000053e+02 4.831429989989999682e+06 4.635464000239999732e+05
2.793200069999999755e+02 4.831430010010000318e+06 4.635464400020000176e+05
2.793599849999999947e+02 4.831429989989999682e+06 4.635464199830000289e+05
2.795299989999999752e+02 4.831429980011000298e+06 4.635465999760000268e+05
2.795899959999999851e+02 4.831429950012000278e+06 4.635466400150000118e+05
2.793299870000000169e+02 4.831430010010000318e+06 4.635464000239999732e+05
2.793099980000000073e+02 4.831429980011000298e+06 4.635464199830000289e+05
2.784100040000000149e+02 4.831429940001999959e+06 4.635464699709999841e+05
2.793500060000000076e+02 4.831429989989999682e+06 4.635464400020000176e+05
2.784299930000000245e+02 4.831429959990999661e+06 4.635464699709999841e+05
2.798699950000000172e+02 4.831429880005000159e+06 4.635467600100000273e+05
2.797900089999999977e+02 4.831429899993999861e+06 4.635467299800000037e+05
2.796700129999999831e+02 4.831429929992999882e+06 4.635466799929999979e+05
2.788599849999999947e+02 4.831429619994999841e+06 4.635462500000000000e+05
2.786400150000000053e+02 4.831429859985000454e+06 4.635463900150000118e+05
2.785199890000000096e+02 4.831429769988999702e+06 4.635463599849999882e+05
2.786300049999999828e+02 4.831429720000999980e+06 4.635463499760000268e+05
2.785899959999999851e+02 4.831429730011000298e+06 4.635463300169999711e+05
2.786900019999999927e+02 4.831429690001999959e+06 4.635462999880000134e+05
2.786499939999999924e+02 4.831429700012000278e+06 4.635462899779999861e+05
2.788200069999999755e+02 4.831429690001999959e+06 4.635463400269999984e+05
2.788699950000000172e+02 4.831429690001999959e+06 4.635463400269999984e+05
2.787500000000000000e+02 4.831429750000000000e+06 4.635463900150000118e+05
2.784899899999999775e+02 4.831429910004000179e+06 4.635464699709999841e+05
2.796199950000000172e+02 4.831429920013000257e+06 4.635467100220000139e+05
2.796499939999999924e+02 4.831429920013000257e+06 4.635467299800000037e+05
2.797000120000000152e+02 4.831429910004000179e+06 4.635467299800000037e+05
2.797600100000000225e+02 4.831429890014999546e+06 4.635467800290000159e+05
2.795499879999999848e+02 4.831429910004000179e+06 4.635466699830000289e+05
2.796600040000000149e+02 4.831429869994999841e+06 4.635467100220000139e+05
2.795700069999999755e+02 4.831429899993999861e+06 4.635466599730000016e+05
2.795299989999999752e+02 4.831429920013000257e+06 4.635466099849999882e+05
2.798999939999999924e+02 4.831429809998000041e+06 4.635467899779999861e+05
2.785000000000000000e+02 4.831429850006000139e+06 4.635464400020000176e+05
2.786000060000000076e+02 4.831429799987999722e+06 4.635464199830000289e+05
2.786000060000000076e+02 4.831429790009000339e+06 4.635464000239999732e+05
2.787000120000000152e+02 4.831429739989999682e+06 4.635463599849999882e+05
2.786700129999999831e+02 4.831429739989999682e+06 4.635463400269999984e+05
2.787999879999999848e+02 4.831429700012000278e+06 4.635463400269999984e+05
2.787600100000000225e+02 4.831429709990999661e+06 4.635463200070000021e+05
2.788500060000000076e+02 4.831429670013000257e+06 4.635462899779999861e+05
2.788900150000000053e+02 4.831429600006000139e+06 4.635462600100000273e+05
2.793699950000000172e+02 4.831429920013000257e+06 4.635464600220000139e+05
2.785100100000000225e+02 4.831429799987999722e+06 4.635464299929999979e+05
2.796600040000000149e+02 4.831429809998000041e+06 4.635467199709999841e+05
2.796000060000000076e+02 4.831429829986999743e+06 4.635467000119999866e+05
2.795799870000000169e+02 4.831429839995999821e+06 4.635466799929999979e+05
2.795599980000000073e+02 4.831429859985000454e+06 4.635466699830000289e+05
2.795100100000000225e+02 4.831429869994999841e+06 4.635466300049999845e+05
2.793200069999999755e+02 4.831429940001999959e+06 4.635464699709999841e+05
2.793099980000000073e+02 4.831429859985000454e+06 4.635464500119999866e+05
2.785000000000000000e+02 4.831429790009000339e+06 4.635464400020000176e+05
2.786000060000000076e+02 4.831429730011000298e+06 4.635464000239999732e+05
2.787500000000000000e+02 4.831429670013000257e+06 4.635463599849999882e+05
2.786600040000000149e+02 4.831429679992999882e+06 4.635463699950000155e+05
2.787999879999999848e+02 4.831429630005000159e+06 4.635463300169999711e+05
2.788800049999999828e+02 4.831429589995999821e+06 4.635463099979999824e+05
2.788500060000000076e+02 4.831429609985000454e+06 4.635462899779999861e+05
2.796199950000000172e+02 4.831430000000000000e+06 4.635463599849999882e+05
2.798800049999999828e+02 4.831429980011000298e+06 4.635463200070000021e+05
2.791900019999999927e+02 4.831429980011000298e+06 4.635464899899999727e+05
2.792000120000000152e+02 4.831430000000000000e+06 4.635464500119999866e+05
2.799100040000000149e+02 4.831429980011000298e+06 4.635462899779999861e+05
2.799200129999999831e+02 4.831429989989999682e+06 4.635463099979999824e+05
2.792500000000000000e+02 4.831430010010000318e+06 4.635464699709999841e+05
2.792099910000000023e+02 4.831430019988999702e+06 4.635464600220000139e+05
2.793099980000000073e+02 4.831429959990999661e+06 4.635464699709999841e+05
2.792799989999999752e+02 4.831429970000999980e+06 4.635464600220000139e+05
2.792300109999999904e+02 4.831429989989999682e+06 4.635464600220000139e+05
2.792900089999999977e+02 4.831429950012000278e+06 4.635464500119999866e+05
2.792900089999999977e+02 4.831429959990999661e+06 4.635464299929999979e+05
2.798200069999999755e+02 4.831429880005000159e+06 4.635467800290000159e+05
2.799299930000000245e+02 4.831429869994999841e+06 4.635467899779999861e+05
2.802099910000000023e+02 4.831429690001999959e+06 4.635466300049999845e+05
2.787799989999999752e+02 4.831429779999000020e+06 4.635463599849999882e+05
2.799200129999999831e+02 4.831429869994999841e+06 4.635467999880000134e+05
2.787500000000000000e+02 4.831429790009000339e+06 4.635463599849999882e+05
2.798900150000000053e+02 4.831429890014999546e+06 4.635467899779999861e+05
2.799299930000000245e+02 4.831429880005000159e+06 4.635468200070000021e+05
2.786600040000000149e+02 4.831429820007000118e+06 4.635464099730000016e+05
2.786499939999999924e+02 4.831429869994999841e+06 4.635464299929999979e+05
2.784400019999999927e+02 4.831429929992999882e+06 4.635464899899999727e+05
2.784500120000000152e+02 4.831429950012000278e+06 4.635464699709999841e+05
2.788800049999999828e+02 4.831429670013000257e+06 4.635462899779999861e+05
2.785400089999999977e+02 4.831429829986999743e+06 4.635464400020000176e+05
2.786900019999999927e+02 4.831429730011000298e+06 4.635463800049999845e+05
2.787099910000000023e+02 4.831429739989999682e+06 4.635463499760000268e+05
2.788299870000000169e+02 4.831429660004000179e+06 4.635463300169999711e+05
2.788299870000000169e+02 4.831429670013000257e+06 4.635462999880000134e+05
2.788699950000000172e+02 4.831429630005000159e+06 4.635462999880000134e+05
2.788699950000000172e+02 4.831429630005000159e+06 4.635462899779999861e+05
2.788099980000000073e+02 4.831429660004000179e+06 4.635463300169999711e+05
2.788599849999999947e+02 4.831429660004000179e+06 4.635462999880000134e+05
2.787000120000000152e+02 4.831429709990999661e+06 4.635463699950000155e+05
2.787500000000000000e+02 4.831429709990999661e+06 4.635463400269999984e+05
2.787000120000000152e+02 4.831429730011000298e+06 4.635463599849999882e+05
2.786000060000000076e+02 4.831429779999000020e+06 4.635464000239999732e+05
2.786600040000000149e+02 4.831429730011000298e+06 4.635463900150000118e+05
2.786700129999999831e+02 4.831429739989999682e+06 4.635463699950000155e+05
2.788800049999999828e+02 4.831429630005000159e+06 4.635462800290000159e+05
2.786900019999999927e+02 4.831429790009000339e+06 4.635464099730000016e+05
2.786499939999999924e+02 4.831429779999000020e+06 4.635464299929999979e+05
2.801499939999999924e+02 4.831429640014999546e+06 4.635465999760000268e+05
2.786199950000000172e+02 4.831429869994999841e+06 4.635464500119999866e+05
2.785599980000000073e+02 4.831429869994999841e+06 4.635464600220000139e+05
2.785199890000000096e+02 4.831429869994999841e+06 4.635464699709999841e+05
2.802099910000000023e+02 4.831429609985000454e+06 4.635466199950000155e+05
2.802099910000000023e+02 4.831429619994999841e+06 4.635466400150000118e+05
2.802000120000000152e+02 4.831429630005000159e+06 4.635466300049999845e+05
2.802099910000000023e+02 4.831429630005000159e+06 4.635466400150000118e+05
2.798599849999999947e+02 4.831429750000000000e+06 4.635464699709999841e+05
2.786099849999999947e+02 4.831429869994999841e+06 4.635464600220000139e+05
2.785499879999999848e+02 4.831429859985000454e+06 4.635464699709999841e+05
2.785000000000000000e+02 4.831429850006000139e+06 4.635464699709999841e+05
2.795599980000000073e+02 4.831429940001999959e+06 4.635466500239999732e+05
2.785899959999999851e+02 4.831429890014999546e+06 4.635465599979999824e+05
2.788399959999999851e+02 4.831429720000999980e+06 4.635463300169999711e+05
2.788299870000000169e+02 4.831429700012000278e+06 4.635463499760000268e+05
2.797300109999999904e+02 4.831429890014999546e+06 4.635467800290000159e+05
2.797500000000000000e+02 4.831429640014999546e+06 4.635479600220000139e+05
2.797999879999999848e+02 4.831429649993999861e+06 4.635479600220000139e+05
2.797099910000000023e+02 4.831429630005000159e+06 4.635479400020000176e+05
2.797399899999999775e+02 4.831429649993999861e+06 4.635479500119999866e+05
2.797300109999999904e+02 4.831429640014999546e+06 4.635479600220000139e+05
2.797699890000000096e+02 4.831429649993999861e+06 4.635479600220000139e+05
2.797500000000000000e+02 4.831429649993999861e+06 4.635479699709999841e+05
2.797500000000000000e+02 4.831429649993999861e+06 4.635479699709999841e+05
2.797500000000000000e+02 4.831429649993999861e+06 4.635479500119999866e+05
2.799100040000000149e+02 4.831429649993999861e+06 4.635479600220000139e+05
2.797000120000000152e+02 4.831429660004000179e+06 4.635479400020000176e+05
2.795899959999999851e+02 4.831429709990999661e+06 4.635479400020000176e+05
2.796499939999999924e+02 4.831429690001999959e+06 4.635479299929999979e+05
2.794899899999999775e+02 4.831429779999000020e+06 4.635479199830000289e+05
2.797600100000000225e+02 4.831429630005000159e+06 4.635479500119999866e+05
2.796900019999999927e+02 4.831429640014999546e+06 4.635479500119999866e+05
2.795799870000000169e+02 4.831429670013000257e+06 4.635479600220000139e+05
2.794899899999999775e+02 4.831429720000999980e+06 4.635479199830000289e+05
2.798699950000000172e+02 4.831429640014999546e+06 4.635479000239999732e+05
2.795299989999999752e+02 4.831429670013000257e+06 4.635479799800000037e+05
2.795400089999999977e+02 4.831429640014999546e+06 4.635479500119999866e+05
2.796400150000000053e+02 4.831429619994999841e+06 4.635479799800000037e+05
2.796199950000000172e+02 4.831429589995999821e+06 4.635479699709999841e+05
2.797699890000000096e+02 4.831429579986999743e+06 4.635479899899999727e+05
2.797099910000000023e+02 4.831429570007000118e+06 4.635479899899999727e+05
2.798500060000000076e+02 4.831429529999000020e+06 4.635479899899999727e+05
2.799100040000000149e+02 4.831429570007000118e+06 4.635479299929999979e+05
2.795000000000000000e+02 4.831429679992999882e+06 4.635479799800000037e+05
2.796499939999999924e+02 4.831429589995999821e+06 4.635479899899999727e+05
2.798800049999999828e+02 4.831429589995999821e+06 4.635479400020000176e+05
2.797999879999999848e+02 4.831429649993999861e+06 4.635479400020000176e+05
2.797900089999999977e+02 4.831429619994999841e+06 4.635479000239999732e+05
2.796099849999999947e+02 4.831429690001999959e+06 4.635478800049999845e+05
2.797999879999999848e+02 4.831429660004000179e+06 4.635479099730000016e+05
2.796900019999999927e+02 4.831429709990999661e+06 4.635478800049999845e+05
2.796400150000000053e+02 4.831429709990999661e+06 4.635478900150000118e+05
2.794500120000000152e+02 4.831429829986999743e+06 4.635478499760000268e+05
2.794800109999999904e+02 4.831429809998000041e+06 4.635478400269999984e+05
2.795400089999999977e+02 4.831429820007000118e+06 4.635478400269999984e+05
2.794800109999999904e+02 4.831429790009000339e+06 4.635478699950000155e+05
2.795400089999999977e+02 4.831429739989999682e+06 4.635478400269999984e+05
2.797600100000000225e+02 4.831429670013000257e+06 4.635479299929999979e+05
2.797699890000000096e+02 4.831429630005000159e+06 4.635479099730000016e+05
2.796099849999999947e+02 4.831429690001999959e+06 4.635478200070000021e+05
2.798399959999999851e+02 4.831429640014999546e+06 4.635479199830000289e+05
2.798500060000000076e+02 4.831429619994999841e+06 4.635479500119999866e+05
2.796900019999999927e+02 4.831429670013000257e+06 4.635478599849999882e+05
2.797699890000000096e+02 4.831429679992999882e+06 4.635478499760000268e+05
2.797799989999999752e+02 4.831429649993999861e+06 4.635479099730000016e+05
2.798099980000000073e+02 4.831429640014999546e+06 4.635479299929999979e+05
2.794200129999999831e+02 4.831429820007000118e+06 4.635478699950000155e+05
2.796799930000000245e+02 4.831429609985000454e+06 4.635478699950000155e+05
2.796300049999999828e+02 4.831429739989999682e+06 4.635478499760000268e+05
2.797000120000000152e+02 4.831429660004000179e+06 4.635479099730000016e+05
2.796400150000000053e+02 4.831429660004000179e+06 4.635479199830000289e+05
2.796000060000000076e+02 4.831430019988999702e+06 4.635479400020000176e+05
2.795100100000000225e+02 4.831430019988999702e+06 4.635479600220000139e+05
2.793599849999999947e+02 4.831430019988999702e+06 4.635479299929999979e+05
2.799800109999999904e+02 4.831429679992999882e+06 4.635479799800000037e+05
2.802099910000000023e+02 4.831429730011000298e+06 4.635478099979999824e+05
2.795299989999999752e+02 4.831429970000999980e+06 4.635480000000000000e+05
2.795499879999999848e+02 4.831429910004000179e+06 4.635479000239999732e+05
2.793800049999999828e+02 4.831429950012000278e+06 4.635479199830000289e+05
2.802000120000000152e+02 4.831429739989999682e+06 4.635477899779999861e+05
2.801799930000000245e+02 4.831429739989999682e+06 4.635477999880000134e+05
2.794400019999999927e+02 4.831430000000000000e+06 4.635478800049999845e+05
2.795100100000000225e+02 4.831430019988999702e+06 4.635478800049999845e+05
2.801900019999999927e+02 4.831429730011000298e+06 4.635478300169999711e+05
2.793900150000000053e+02 4.831429959990999661e+06 4.635479000239999732e+05
2.796000060000000076e+02 4.831430000000000000e+06 4.635479099730000016e+05
2.795100100000000225e+02 4.831430019988999702e+06 4.635479299929999979e+05
2.794700010000000248e+02 4.831430000000000000e+06 4.635479199830000289e+05
2.794599910000000023e+02 4.831430019988999702e+06 4.635478900150000118e+05
2.796199950000000172e+02 4.831429899993999861e+06 4.635478699950000155e+05
2.795100100000000225e+02 4.831430010010000318e+06 4.635478900150000118e+05
2.802000120000000152e+02 4.831429700012000278e+06 4.635478499760000268e+05
2.795299989999999752e+02 4.831430010010000318e+06 4.635479299929999979e+05
