2.795299989999999752e+02 4.831431950012000278e+06 4.635501599730000016e+05
2.795599980000000073e+02 4.831431980011000298e+06 4.635501699830000289e+05
2.795000000000000000e+02 4.831431980011000298e+06 4.635501199950000155e+05
2.795299989999999752e+02 4.831432000000000000e+06 4.635501300049999845e+05
2.796900019999999927e+02 4.831432220000999980e+06 4.635501099849999882e+05
2.797600100000000225e+02 4.831432339995999821e+06 4.635501799929999979e+05
2.797000120000000152e+02 4.831432260010000318e+06 4.635501300049999845e+05
2.796799930000000245e+02 4.831432239989999682e+06 4.635501199950000155e+05
2.795000000000000000e+02 4.831432019988999702e+06 4.635501199950000155e+05
2.794800109999999904e+02 4.831431959990999661e+06 4.635501599730000016e+05
2.797099910000000023e+02 4.831432250000000000e+06 4.635501199950000155e+05
2.792699890000000096e+02 4.831432230011000298e+06 4.635502199709999841e+05
2.792600100000000225e+02 4.831432239989999682e+06 4.635502100220000139e+05
2.792300109999999904e+02 4.831432190001999959e+06 4.635501500239999732e+05
2.792399899999999775e+02 4.831432209990999661e+06 4.635501599730000016e+05
2.797000120000000152e+02 4.831432369994999841e+06 4.635501400150000118e+05
2.792600100000000225e+02 4.831432179992999882e+06 4.635501099849999882e+05
2.796499939999999924e+02 4.831432329986999743e+06 4.635501400150000118e+05
2.797200010000000248e+02 4.831432299987999722e+06 4.635501099849999882e+05
2.797399899999999775e+02 4.831432350006000139e+06 4.635501500239999732e+05
2.797200010000000248e+02 4.831432290009000339e+06 4.635501199950000155e+05
2.794800109999999904e+02 4.831432029999000020e+06 4.635501099849999882e+05
2.794500120000000152e+02 4.831432059998000041e+06 4.635501699830000289e+05
2.795700069999999755e+02 4.831431970000999980e+06 4.635501400150000118e+05
2.797200010000000248e+02 4.831432350006000139e+06 4.635501400150000118e+05
2.796900019999999927e+02 4.831432320007000118e+06 4.635501199950000155e+05
2.797099910000000023e+02 4.831432329986999743e+06 4.635501199950000155e+05
2.794800109999999904e+02 4.831431959990999661e+06 4.635501599730000016e+05
2.791900019999999927e+02 4.831432190001999959e+06 4.635501300049999845e+05
2.792300109999999904e+02 4.831432250000000000e+06 4.635502199709999841e+05
2.792300109999999904e+02 4.831432239989999682e+06 4.635501799929999979e+05
2.792399899999999775e+02 4.831432200012000278e+06 4.635501400150000118e+05
2.792799989999999752e+02 4.831432230011000298e+06 4.635502100220000139e+05
2.790700069999999755e+02 4.831432220000999980e+06 4.635501900020000176e+05
2.792600100000000225e+02 4.831432239989999682e+06 4.635502100220000139e+05
2.797099910000000023e+02 4.831432380005000159e+06 4.635501599730000016e+05
2.795400089999999977e+02 4.831431970000999980e+06 4.635501500239999732e+05
2.795400089999999977e+02 4.831431959990999661e+06 4.635501099849999882e+05
2.795400089999999977e+02 4.831431940001999959e+06 4.635501500239999732e+05
2.791900019999999927e+02 4.831432179992999882e+06 4.635501300049999845e+05
2.792000120000000152e+02 4.831432160004000179e+06 4.635501199950000155e+05
2.795899959999999851e+02 4.831431970000999980e+06 4.635501099849999882e+05
2.797699890000000096e+02 4.831432089995999821e+06 4.635501900020000176e+05
2.796300049999999828e+02 4.831432130005000159e+06 4.635501099849999882e+05
2.793900150000000053e+02 4.831431959990999661e+06 4.635502000119999866e+05
2.796099849999999947e+02 4.831431940001999959e+06 4.635501199950000155e+05
2.795899959999999851e+02 4.831431950012000278e+06 4.635501799929999979e+05
2.795599980000000073e+02 4.831431970000999980e+06 4.635501500239999732e+05
2.794599910000000023e+02 4.831432079986999743e+06 4.635501099849999882e+05
2.794500120000000152e+02 4.831432059998000041e+06 4.635501300049999845e+05
2.797799989999999752e+02 4.831432230011000298e+06 4.635501199950000155e+05
2.797799989999999752e+02 4.831432209990999661e+06 4.635501400150000118e+05
2.797500000000000000e+02 4.831432269988999702e+06 4.635501199950000155e+05
2.796400150000000053e+02 4.831432339995999821e+06 4.635501500239999732e+05
2.792600100000000225e+02 4.831432200012000278e+06 4.635501799929999979e+05
2.792600100000000225e+02 4.831432239989999682e+06 4.635502100220000139e+05
2.795499879999999848e+02 4.831431959990999661e+06 4.635501300049999845e+05
2.797399899999999775e+02 4.831432320007000118e+06 4.635501199950000155e+05
2.795400089999999977e+02 4.831431929992999882e+06 4.635502000119999866e+05
2.795199890000000096e+02 4.831432049987999722e+06 4.635501300049999845e+05
2.791900019999999927e+02 4.831432149993999861e+06 4.635501599730000016e+05
2.791400150000000053e+02 4.831432140014999546e+06 4.635501699830000289e+05
2.797699890000000096e+02 4.831432209990999661e+06 4.635502100220000139e+05
2.791199950000000172e+02 4.831432170013000257e+06 4.635501300049999845e+05
2.791700129999999831e+02 4.831432160004000179e+06 4.635501799929999979e+05
2.792099910000000023e+02 4.831432179992999882e+06 4.635502000119999866e+05
2.797300109999999904e+02 4.831432000000000000e+06 4.635503400269999984e+05
2.797099910000000023e+02 4.831431980011000298e+06 4.635503300169999711e+05
2.797099910000000023e+02 4.831431989989999682e+06 4.635503200070000021e+05
2.796600040000000149e+02 4.831432250000000000e+06 4.635502299800000037e+05
2.796799930000000245e+02 4.831432010010000318e+06 4.635502399899999727e+05
2.793999939999999924e+02 4.831432290009000339e+06 4.635503099979999824e+05
2.793500060000000076e+02 4.831432309998000041e+06 4.635503300169999711e+05
2.793200069999999755e+02 4.831432269988999702e+06 4.635502999880000134e+05
2.794500120000000152e+02 4.831432309998000041e+06 4.635503099979999824e+05
2.793999939999999924e+02 4.831432329986999743e+06 4.635503200070000021e+05
2.793200069999999755e+02 4.831432269988999702e+06 4.635502999880000134e+05
2.793500060000000076e+02 4.831432290009000339e+06 4.635503099979999824e+05
2.793699950000000172e+02 4.831432320007000118e+06 4.635503200070000021e+05
2.793299870000000169e+02 4.831432279999000020e+06 4.635502999880000134e+05
2.794500120000000152e+02 4.831432320007000118e+06 4.635502999880000134e+05
2.794200129999999831e+02 4.831432339995999821e+06 4.635503200070000021e+05
2.794700010000000248e+02 4.831432130005000159e+06 4.635503099979999824e+05
2.793399959999999851e+02 4.831432309998000041e+06 4.635503099979999824e+05
2.793200069999999755e+02 4.831432279999000020e+06 4.635502999880000134e+05
2.793200069999999755e+02 4.831432309998000041e+06 4.635503099979999824e+05
2.793299870000000169e+02 4.831432290009000339e+06 4.635503099979999824e+05
2.791499939999999924e+02 4.831432230011000298e+06 4.635502399899999727e+05
2.790899959999999851e+02 4.831432230011000298e+06 4.635502299800000037e+05
2.792500000000000000e+02 4.831432230011000298e+06 4.635502899779999861e+05
2.793399959999999851e+02 4.831432279999000020e+06 4.635503499760000268e+05
2.794500120000000152e+02 4.831432100006000139e+06 4.635502600100000273e+05
2.793299870000000169e+02 4.831432299987999722e+06 4.635502999880000134e+05
2.793099980000000073e+02 4.831432320007000118e+06 4.635503200070000021e+05
2.792999879999999848e+02 4.831432329986999743e+06 4.635502800290000159e+05
2.794400019999999927e+02 4.831432149993999861e+06 4.635502399899999727e+05
2.793200069999999755e+02 4.831432290009000339e+06 4.635502899779999861e+05
2.793699950000000172e+02 4.831432290009000339e+06 4.635503400269999984e+05
2.797799989999999752e+02 4.831432059998000041e+06 4.635503300169999711e+05
2.794299930000000245e+02 4.831432079986999743e+06 4.635502399899999727e+05
2.794200129999999831e+02 4.831432089995999821e+06 4.635502399899999727e+05
2.796199950000000172e+02 4.831431989989999682e+06 4.635502399899999727e+05
2.797999879999999848e+02 4.831432089995999821e+06 4.635502700199999963e+05
2.792000120000000152e+02 4.831432230011000298e+06 4.635502399899999727e+05
2.792699890000000096e+02 4.831432239989999682e+06 4.635502299800000037e+05
2.792699890000000096e+02 4.831432269988999702e+06 4.635502899779999861e+05
2.793200069999999755e+02 4.831432260010000318e+06 4.635503099979999824e+05
2.793399959999999851e+02 4.831432320007000118e+06 4.635503200070000021e+05
2.793399959999999851e+02 4.831432309998000041e+06 4.635503400269999984e+05
2.793900150000000053e+02 4.831432299987999722e+06 4.635503599849999882e+05
2.794100040000000149e+02 4.831432089995999821e+06 4.635502399899999727e+05
2.792500000000000000e+02 4.831432250000000000e+06 4.635502299800000037e+05
2.793099980000000073e+02 4.831432269988999702e+06 4.635503400269999984e+05
2.793699950000000172e+02 4.831432899993999861e+06 4.635501699830000289e+05
2.793399959999999851e+02 4.831432910004000179e+06 4.635501500239999732e+05
2.793800049999999828e+02 4.831432309998000041e+06 4.635503800049999845e+05
2.790899959999999851e+02 4.831432250000000000e+06 4.635502800290000159e+05
2.790700069999999755e+02 4.831432239989999682e+06 4.635502600100000273e+05
2.793699950000000172e+02 4.831432320007000118e+06 4.635503900150000118e+05
2.793200069999999755e+02 4.831432279999000020e+06 4.635503599849999882e+05
2.792900089999999977e+02 4.831432399993999861e+06 4.635504400020000176e+05
2.791099849999999947e+02 4.831432260010000318e+06 4.635502800290000159e+05
2.792200010000000248e+02 4.831432350006000139e+06 4.635504899899999727e+05
2.793500060000000076e+02 4.831432320007000118e+06 4.635503599849999882e+05
2.793200069999999755e+02 4.831432299987999722e+06 4.635503800049999845e+05
2.792999879999999848e+02 4.831432299987999722e+06 4.635503599849999882e+05
2.789400019999999927e+02 4.831432679992999882e+06 4.635503699950000155e+05
2.788599849999999947e+02 4.831432779999000020e+06 4.635503200070000021e+05
2.788200069999999755e+02 4.831432820007000118e+06 4.635503099979999824e+05
2.788299870000000169e+02 4.831432850006000139e+06 4.635502999880000134e+05
2.788099980000000073e+02 4.831432850006000139e+06 4.635503200070000021e+05
2.788099980000000073e+02 4.831432869994999841e+06 4.635503400269999984e+05
2.788299870000000169e+02 4.831432820007000118e+06 4.635503099979999824e+05
2.788099980000000073e+02 4.831432839995999821e+06 4.635503300169999711e+05
2.789500120000000152e+02 4.831432769988999702e+06 4.635503099979999824e+05
2.789400019999999927e+02 4.831432750000000000e+06 4.635503099979999824e+05
2.788200069999999755e+02 4.831432820007000118e+06 4.635503200070000021e+05
2.788900150000000053e+02 4.831432760010000318e+06 4.635503300169999711e+05
2.788399959999999851e+02 4.831432739989999682e+06 4.635503400269999984e+05
2.788900150000000053e+02 4.831432730011000298e+06 4.635503300169999711e+05
2.788200069999999755e+02 4.831432790009000339e+06 4.635503400269999984e+05
2.788599849999999947e+02 4.831432820007000118e+06 4.635503400269999984e+05
2.788099980000000073e+02 4.831432829986999743e+06 4.635503400269999984e+05
2.789100040000000149e+02 4.831432760010000318e+06 4.635503200070000021e+05
2.788699950000000172e+02 4.831432760010000318e+06 4.635503300169999711e+05
2.788399959999999851e+02 4.831432760010000318e+06 4.635503300169999711e+05
2.788699950000000172e+02 4.831432750000000000e+06 4.635503200070000021e+05
2.788900150000000053e+02 4.831432709990999661e+06 4.635502999880000134e+05
2.788800049999999828e+02 4.831432730011000298e+06 4.635503499760000268e+05
2.788900150000000053e+02 4.831432730011000298e+06 4.635503400269999984e+05
2.788399959999999851e+02 4.831432820007000118e+06 4.635503499760000268e+05
2.788599849999999947e+02 4.831432769988999702e+06 4.635503300169999711e+05
2.789400019999999927e+02 4.831432750000000000e+06 4.635503099979999824e+05
2.788200069999999755e+02 4.831432910004000179e+06 4.635503400269999984e+05
2.788399959999999851e+02 4.831432769988999702e+06 4.635503099979999824e+05
2.789400019999999927e+02 4.831432820007000118e+06 4.635502600100000273e+05
2.788500060000000076e+02 4.831432750000000000e+06 4.635502999880000134e+05
2.788399959999999851e+02 4.831432839995999821e+06 4.635503499760000268e+05
2.788099980000000073e+02 4.831432890014999546e+06 4.635503800049999845e+05
