2.799700010000000248e+02 4.831430130005000159e+06 4.635450200199999963e+05
2.799400019999999927e+02 4.831430079986999743e+06 4.635450999760000268e+05
2.799599910000000023e+02 4.831430200012000278e+06 4.635449899899999727e+05
2.799599910000000023e+02 4.831430109985000454e+06 4.635450599979999824e+05
2.799299930000000245e+02 4.831430079986999743e+06 4.635450800169999711e+05
2.798900150000000053e+02 4.831430079986999743e+06 4.635450700070000021e+05
2.798900150000000053e+02 4.831430040009000339e+06 4.635450999760000268e+05
2.798200069999999755e+02 4.831430059998000041e+06 4.635450100100000273e+05
2.799800109999999904e+02 4.831430140014999546e+06 4.635449799800000037e+05
2.799299930000000245e+02 4.831430109985000454e+06 4.635449699709999841e+05
2.798599849999999947e+02 4.831430059998000041e+06 4.635450300290000159e+05
2.798299870000000169e+02 4.831430040009000339e+06 4.635450200199999963e+05
2.799899899999999775e+02 4.831430149993999861e+06 4.635449699709999841e+05
2.799500120000000152e+02 4.831430130005000159e+06 4.635449799800000037e+05
2.798900150000000053e+02 4.831430130005000159e+06 4.635449600220000139e+05
2.799299930000000245e+02 4.831430160004000179e+06 4.635449500119999866e+05
2.798399959999999851e+02 4.831430089995999821e+06 4.635449699709999841e+05
2.799400019999999927e+02 4.831430140014999546e+06 4.635449299929999979e+05
2.799299930000000245e+02 4.831430149993999861e+06 4.635449899899999727e+05
2.798500060000000076e+02 4.831430059998000041e+06 4.635450200199999963e+05
2.800400089999999977e+02 4.831430179992999882e+06 4.635449899899999727e+05
2.803599849999999947e+02 4.831430279999000020e+06 4.635447600100000273e+05
2.802799989999999752e+02 4.831429929992999882e+06 4.635449799800000037e+05
2.799899899999999775e+02 4.831430160004000179e+06 4.635449199830000289e+05
2.798299870000000169e+02 4.831429970000999980e+06 4.635449400020000176e+05
2.802500000000000000e+02 4.831429989989999682e+06 4.635447700199999963e+05
2.801700129999999831e+02 4.831429940001999959e+06 4.635448099979999824e+05
2.798399959999999851e+02 4.831429950012000278e+06 4.635449500119999866e+05
2.798299870000000169e+02 4.831429950012000278e+06 4.635449400020000176e+05
2.798399959999999851e+02 4.831429970000999980e+06 4.635449600220000139e+05
2.798900150000000053e+02 4.831429980011000298e+06 4.635449699709999841e+05
2.798200069999999755e+02 4.831429970000999980e+06 4.635449600220000139e+05
2.798299870000000169e+02 4.831429940001999959e+06 4.635449500119999866e+05
2.798500060000000076e+02 4.831429940001999959e+06 4.635449699709999841e+05
2.798200069999999755e+02 4.831429970000999980e+06 4.635449799800000037e+05
2.798299870000000169e+02 4.831429970000999980e+06 4.635448900150000118e+05
2.798399959999999851e+02 4.831429950012000278e+06 4.635449299929999979e+05
2.801499939999999924e+02 4.831429940001999959e+06 4.635449500119999866e+05
2.798999939999999924e+02 4.831429970000999980e+06 4.635449400020000176e+05
2.798800049999999828e+02 4.831429989989999682e+06 4.635449600220000139e+05
2.798200069999999755e+02 4.831429980011000298e+06 4.635449500119999866e+05
2.802600100000000225e+02 4.831429950012000278e+06 4.635447800290000159e+05
2.798200069999999755e+02 4.831430059998000041e+06 4.635449299929999979e+05
2.798399959999999851e+02 4.831430059998000041e+06 4.635449699709999841e+05
2.798399959999999851e+02 4.831429940001999959e+06 4.635449099730000016e+05
2.798599849999999947e+02 4.831429970000999980e+06 4.635449400020000176e+05
2.798200069999999755e+02 4.831429950012000278e+06 4.635449199830000289e+05
2.801900019999999927e+02 4.831429929992999882e+06 4.635449799800000037e+05
2.798099980000000073e+02 4.831429929992999882e+06 4.635449099730000016e+05
2.799100040000000149e+02 4.831429980011000298e+06 4.635449299929999979e+05
2.798500060000000076e+02 4.831429970000999980e+06 4.635449600220000139e+05
2.802399899999999775e+02 4.831429959990999661e+06 4.635447899779999861e+05
2.798900150000000053e+02 4.831430010010000318e+06 4.635449199830000289e+05
2.798599849999999947e+02 4.831429929992999882e+06 4.635449099730000016e+05
2.798099980000000073e+02 4.831429950012000278e+06 4.635449199830000289e+05
2.798500060000000076e+02 4.831429970000999980e+06 4.635449099730000016e+05
2.798900150000000053e+02 4.831429940001999959e+06 4.635449500119999866e+05
2.798999939999999924e+02 4.831429959990999661e+06 4.635449299929999979e+05
2.798599849999999947e+02 4.831429950012000278e+06 4.635449500119999866e+05
2.798200069999999755e+02 4.831429950012000278e+06 4.635449600220000139e+05
2.798599849999999947e+02 4.831429959990999661e+06 4.635449600220000139e+05
2.806199950000000172e+02 4.831430920013000257e+06 4.635446300049999845e+05
2.806099849999999947e+02 4.831430910004000179e+06 4.635445800169999711e+05
2.806799930000000245e+02 4.831430920013000257e+06 4.635445999760000268e+05
2.806099849999999947e+02 4.831430910004000179e+06 4.635445999760000268e+05
2.806300049999999828e+02 4.831430920013000257e+06 4.635445999760000268e+05
2.807900089999999977e+02 4.831430450012000278e+06 4.635445300290000159e+05
2.807600100000000225e+02 4.831430440001999959e+06 4.635444600220000139e+05
2.807399899999999775e+02 4.831430359985000454e+06 4.635444299929999979e+05
2.807300109999999904e+02 4.831430390014999546e+06 4.635444400020000176e+05
2.807999879999999848e+02 4.831430399993999861e+06 4.635444500119999866e+05
2.807099910000000023e+02 4.831430420013000257e+06 4.635443300169999711e+05
2.802799989999999752e+02 4.831430459990999661e+06 4.635443800049999845e+05
2.807799989999999752e+02 4.831430440001999959e+06 4.635445300290000159e+05
2.807999879999999848e+02 4.831430429992999882e+06 4.635445200199999963e+05
2.807000120000000152e+02 4.831430410004000179e+06 4.635445100100000273e+05
2.807500000000000000e+02 4.831430369994999841e+06 4.635442899779999861e+05
2.803699950000000172e+02 4.831430429992999882e+06 4.635443900150000118e+05
2.802799989999999752e+02 4.831430359985000454e+06 4.635446400150000118e+05
2.807099910000000023e+02 4.831430399993999861e+06 4.635444799800000037e+05
2.807500000000000000e+02 4.831430410004000179e+06 4.635445499880000134e+05
2.807399899999999775e+02 4.831430410004000179e+06 4.635445700070000021e+05
2.807799989999999752e+02 4.831430410004000179e+06 4.635445499880000134e+05
2.802999879999999848e+02 4.831430290009000339e+06 4.635447000119999866e+05
2.807900089999999977e+02 4.831430459990999661e+06 4.635445000000000000e+05
2.807999879999999848e+02 4.831430500000000000e+06 4.635446400150000118e+05
2.807900089999999977e+02 4.831430519988999702e+06 4.635445999760000268e+05
2.807799989999999752e+02 4.831430540009000339e+06 4.635445999760000268e+05
2.806700129999999831e+02 4.831430480011000298e+06 4.635444600220000139e+05
2.802600100000000225e+02 4.831430519988999702e+06 4.635446099849999882e+05
2.806799930000000245e+02 4.831430470000999980e+06 4.635443699950000155e+05
2.807900089999999977e+02 4.831430500000000000e+06 4.635445599979999824e+05
2.807799989999999752e+02 4.831430470000999980e+06 4.635445399779999861e+05
2.807699890000000096e+02 4.831430489989999682e+06 4.635444500119999866e+05
2.807900089999999977e+02 4.831430519988999702e+06 4.635445399779999861e+05
2.807799989999999752e+02 4.831430480011000298e+06 4.635445999760000268e+05
2.807200010000000248e+02 4.831430489989999682e+06 4.635445999760000268e+05
2.807300109999999904e+02 4.831430459990999661e+06 4.635443900150000118e+05
2.807300109999999904e+02 4.831430529999000020e+06 4.635445100100000273e+05
2.807999879999999848e+02 4.831430510010000318e+06 4.635445300290000159e+05
2.801400150000000053e+02 4.831430380005000159e+06 4.635443900150000118e+05
2.801499939999999924e+02 4.831430049987999722e+06 4.635444099730000016e+05
2.800700069999999755e+02 4.831430269988999702e+06 4.635444099730000016e+05
2.800000000000000000e+02 4.831430220000999980e+06 4.635443900150000118e+05
2.801900019999999927e+02 4.831430239989999682e+06 4.635444500119999866e+05
2.802200010000000248e+02 4.831429950012000278e+06 4.635447399899999727e+05
2.803200069999999755e+02 4.831429959990999661e+06 4.635445800169999711e+05
2.802099910000000023e+02 4.831429959990999661e+06 4.635447299800000037e+05
2.802300109999999904e+02 4.831430000000000000e+06 4.635445800169999711e+05
