2.798900150000000053e+02 4.831432500000000000e+06 4.635489600220000139e+05
2.800000000000000000e+02 4.831432500000000000e+06 4.635489199830000289e+05
2.799299930000000245e+02 4.831432429992999882e+06 4.635489099730000016e+05
2.797999879999999848e+02 4.831432470000999980e+06 4.635489000239999732e+05
2.797699890000000096e+02 4.831432450012000278e+06 4.635488200070000021e+05
2.797099910000000023e+02 4.831432459990999661e+06 4.635488400269999984e+05
2.797200010000000248e+02 4.831432440001999959e+06 4.635487299800000037e+05
2.800100100000000225e+02 4.831432500000000000e+06 4.635489099730000016e+05
2.796499939999999924e+02 4.831432470000999980e+06 4.635488499760000268e+05
2.800100100000000225e+02 4.831432489989999682e+06 4.635489299929999979e+05
2.797600100000000225e+02 4.831432500000000000e+06 4.635489000239999732e+05
2.794899899999999775e+02 4.831432429992999882e+06 4.635488900150000118e+05
2.799899899999999775e+02 4.831432500000000000e+06 4.635488800049999845e+05
2.796799930000000245e+02 4.831432440001999959e+06 4.635488499760000268e+05
2.797799989999999752e+02 4.831432480011000298e+06 4.635488699950000155e+05
2.797799989999999752e+02 4.831432429992999882e+06 4.635489000239999732e+05
2.799899899999999775e+02 4.831432500000000000e+06 4.635488699950000155e+05
2.797799989999999752e+02 4.831432440001999959e+06 4.635488099979999824e+05
2.799400019999999927e+02 4.831432450012000278e+06 4.635489099730000016e+05
2.800100100000000225e+02 4.831432440001999959e+06 4.635489099730000016e+05
2.799599910000000023e+02 4.831432459990999661e+06 4.635489000239999732e+05
2.795799870000000169e+02 4.831432429992999882e+06 4.635488900150000118e+05
2.796600040000000149e+02 4.831432440001999959e+06 4.635488599849999882e+05
2.797699890000000096e+02 4.831432470000999980e+06 4.635488699950000155e+05
2.799599910000000023e+02 4.831432440001999959e+06 4.635488900150000118e+05
2.796900019999999927e+02 4.831432429992999882e+06 4.635488499760000268e+05
2.799400019999999927e+02 4.831432459990999661e+06 4.635489099730000016e+05
2.795899959999999851e+02 4.831432450012000278e+06 4.635488900150000118e+05
2.800400089999999977e+02 4.831432470000999980e+06 4.635489500119999866e+05
2.799800109999999904e+02 4.831432440001999959e+06 4.635489299929999979e+05
2.798900150000000053e+02 4.831432470000999980e+06 4.635489199830000289e+05
2.796799930000000245e+02 4.831432480011000298e+06 4.635490800169999711e+05
2.799899899999999775e+02 4.831432450012000278e+06 4.635489299929999979e+05
2.794400019999999927e+02 4.831432510010000318e+06 4.635487999880000134e+05
2.797999879999999848e+02 4.831432440001999959e+06 4.635489400020000176e+05
2.797500000000000000e+02 4.831432429992999882e+06 4.635489500119999866e+05
2.799200129999999831e+02 4.831432489989999682e+06 4.635489600220000139e+05
2.797500000000000000e+02 4.831432489989999682e+06 4.635489199830000289e+05
2.797200010000000248e+02 4.831432480011000298e+06 4.635489299929999979e+05
2.800299989999999752e+02 4.831432709990999661e+06 4.635489799800000037e+05
2.800100100000000225e+02 4.831432690001999959e+06 4.635490100100000273e+05
2.799899899999999775e+02 4.831432570007000118e+06 4.635489600220000139e+05
2.802600100000000225e+02 4.831432869994999841e+06 4.635489299929999979e+05
2.802300109999999904e+02 4.831432859985000454e+06 4.635489400020000176e+05
2.800599980000000073e+02 4.831432519988999702e+06 4.635489099730000016e+05
2.802799989999999752e+02 4.831432670013000257e+06 4.635489699709999841e+05
2.800799870000000169e+02 4.831432899993999861e+06 4.635488400269999984e+05
2.801499939999999924e+02 4.831432959990999661e+06 4.635487600100000273e+05
2.800100100000000225e+02 4.831433010010000318e+06 4.635488300169999711e+05
2.801099849999999947e+02 4.831432989989999682e+06 4.635487600100000273e+05
2.800700069999999755e+02 4.831433010010000318e+06 4.635487800290000159e+05
2.799400019999999927e+02 4.831432880005000159e+06 4.635489099730000016e+05
2.798900150000000053e+02 4.831432869994999841e+06 4.635489000239999732e+05
2.799100040000000149e+02 4.831432769988999702e+06 4.635489000239999732e+05
2.798399959999999851e+02 4.831432640014999546e+06 4.635489000239999732e+05
2.797999879999999848e+02 4.831432609985000454e+06 4.635488699950000155e+05
2.799100040000000149e+02 4.831432540009000339e+06 4.635489099730000016e+05
2.800899959999999851e+02 4.831432739989999682e+06 4.635489199830000289e+05
2.798599849999999947e+02 4.831432730011000298e+06 4.635488800049999845e+05
2.801499939999999924e+02 4.831432559998000041e+06 4.635488599849999882e+05
2.800700069999999755e+02 4.831432559998000041e+06 4.635488900150000118e+05
2.800199890000000096e+02 4.831432690001999959e+06 4.635488599849999882e+05
2.800400089999999977e+02 4.831432700012000278e+06 4.635487600100000273e+05
2.801400150000000053e+02 4.831433000000000000e+06 4.635487199709999841e+05
2.801400150000000053e+02 4.831433000000000000e+06 4.635487299800000037e+05
2.802300109999999904e+02 4.831432649993999861e+06 4.635489500119999866e+05
2.800700069999999755e+02 4.831432549987999722e+06 4.635489299929999979e+05
2.801000060000000076e+02 4.831432510010000318e+06 4.635489000239999732e+05
2.802200010000000248e+02 4.831432859985000454e+06 4.635489099730000016e+05
2.802699890000000096e+02 4.831432790009000339e+06 4.635489400020000176e+05
2.797300109999999904e+02 4.831432670013000257e+06 4.635488800049999845e+05
2.797000120000000152e+02 4.831432589995999821e+06 4.635488599849999882e+05
2.799200129999999831e+02 4.831432630005000159e+06 4.635489000239999732e+05
2.799700010000000248e+02 4.831432630005000159e+06 4.635488900150000118e+05
2.801900019999999927e+02 4.831432670013000257e+06 4.635489299929999979e+05
2.797900089999999977e+02 4.831432559998000041e+06 4.635488800049999845e+05
2.800599980000000073e+02 4.831432779999000020e+06 4.635489000239999732e+05
2.799899899999999775e+02 4.831432679992999882e+06 4.635488800049999845e+05
2.802699890000000096e+02 4.831432720000999980e+06 4.635489699709999841e+05
2.799100040000000149e+02 4.831432609985000454e+06 4.635488800049999845e+05
2.800400089999999977e+02 4.831432529999000020e+06 4.635489799800000037e+05
2.801199950000000172e+02 4.831432609985000454e+06 4.635489600220000139e+05
2.799200129999999831e+02 4.831432549987999722e+06 4.635489199830000289e+05
2.799200129999999831e+02 4.831432609985000454e+06 4.635488900150000118e+05
2.800100100000000225e+02 4.831432579986999743e+06 4.635489199830000289e+05
2.799100040000000149e+02 4.831432589995999821e+06 4.635488900150000118e+05
2.798999939999999924e+02 4.831432619994999841e+06 4.635489000239999732e+05
2.799200129999999831e+02 4.831432640014999546e+06 4.635488900150000118e+05
2.797099910000000023e+02 4.831432679992999882e+06 4.635489000239999732e+05
2.800899959999999851e+02 4.831432910004000179e+06 4.635488599849999882e+05
2.801199950000000172e+02 4.831433010010000318e+06 4.635487899779999861e+05
2.801099849999999947e+02 4.831432529999000020e+06 4.635489500119999866e+05
2.801700129999999831e+02 4.831432600006000139e+06 4.635489099730000016e+05
2.801499939999999924e+02 4.831432630005000159e+06 4.635489199830000289e+05
2.802500000000000000e+02 4.831432739989999682e+06 4.635489500119999866e+05
2.795899959999999851e+02 4.831432519988999702e+06 4.635488200070000021e+05
2.798299870000000169e+02 4.831432890014999546e+06 4.635488699950000155e+05
2.801300049999999828e+02 4.831432839995999821e+06 4.635488400269999984e+05
2.799100040000000149e+02 4.831432519988999702e+06 4.635489000239999732e+05
2.800700069999999755e+02 4.831432529999000020e+06 4.635488900150000118e+05
2.801900019999999927e+02 4.831432589995999821e+06 4.635489099730000016e+05
2.799400019999999927e+02 4.831432690001999959e+06 4.635488800049999845e+05
2.802699890000000096e+02 4.831432760010000318e+06 4.635489400020000176e+05
2.798900150000000053e+02 4.831432600006000139e+06 4.635488699950000155e+05
2.802999879999999848e+02 4.831432709990999661e+06 4.635489600220000139e+05
2.798900150000000053e+02 4.831432559998000041e+06 4.635488800049999845e+05
2.799400019999999927e+02 4.831432519988999702e+06 4.635489099730000016e+05
2.800400089999999977e+02 4.831432540009000339e+06 4.635489299929999979e+05
2.800899959999999851e+02 4.831432540009000339e+06 4.635489299929999979e+05
2.802099910000000023e+02 4.831432899993999861e+06 4.635489299929999979e+05
2.798900150000000053e+02 4.831432549987999722e+06 4.635489000239999732e+05
2.801499939999999924e+02 4.831432570007000118e+06 4.635489699709999841e+05
2.801099849999999947e+02 4.831432910004000179e+06 4.635488300169999711e+05
2.801199950000000172e+02 4.831432920013000257e+06 4.635487899779999861e+05
2.802300109999999904e+02 4.831432880005000159e+06 4.635488599849999882e+05
2.800100100000000225e+02 4.831432529999000020e+06 4.635488699950000155e+05
2.799299930000000245e+02 4.831432619994999841e+06 4.635488699950000155e+05
2.799299930000000245e+02 4.831432649993999861e+06 4.635488699950000155e+05
2.798800049999999828e+02 4.831432589995999821e+06 4.635488599849999882e+05
2.799200129999999831e+02 4.831432609985000454e+06 4.635488599849999882e+05
2.799500120000000152e+02 4.831432859985000454e+06 4.635487999880000134e+05
2.797699890000000096e+02 4.831432709990999661e+06 4.635489000239999732e+05
2.802999879999999848e+02 4.831432739989999682e+06 4.635489699709999841e+05
2.798999939999999924e+02 4.831432880005000159e+06 4.635488800049999845e+05
2.802500000000000000e+02 4.831432910004000179e+06 4.635487700199999963e+05
2.801000060000000076e+02 4.831432980011000298e+06 4.635487700199999963e+05
2.801199950000000172e+02 4.831432970000999980e+06 4.635487899779999861e+05
2.800400089999999977e+02 4.831432540009000339e+06 4.635488900150000118e+05
2.800799870000000169e+02 4.831432540009000339e+06 4.635489000239999732e+05
2.801199950000000172e+02 4.831432540009000339e+06 4.635489099730000016e+05
2.801600040000000149e+02 4.831432600006000139e+06 4.635489400020000176e+05
2.802099910000000023e+02 4.831432600006000139e+06 4.635489500119999866e+05
2.799400019999999927e+02 4.831432679992999882e+06 4.635488699950000155e+05
2.802699890000000096e+02 4.831432670013000257e+06 4.635489500119999866e+05
2.797399899999999775e+02 4.831432720000999980e+06 4.635488699950000155e+05
2.802099910000000023e+02 4.831432890014999546e+06 4.635487899779999861e+05
2.801099849999999947e+02 4.831432970000999980e+06 4.635487700199999963e+05
2.801099849999999947e+02 4.831432950012000278e+06 4.635488099979999824e+05
2.800299989999999752e+02 4.831432549987999722e+06 4.635489199830000289e+05
2.800799870000000169e+02 4.831432559998000041e+06 4.635489299929999979e+05
2.801300049999999828e+02 4.831432559998000041e+06 4.635489400020000176e+05
2.801799930000000245e+02 4.831432570007000118e+06 4.635489400020000176e+05
2.800199890000000096e+02 4.831432549987999722e+06 4.635489099730000016e+05
2.800799870000000169e+02 4.831432559998000041e+06 4.635489199830000289e+05
2.801499939999999924e+02 4.831432570007000118e+06 4.635489299929999979e+05
2.801900019999999927e+02 4.831432570007000118e+06 4.635489400020000176e+05
2.801000060000000076e+02 4.831432549987999722e+06 4.635489299929999979e+05
2.801300049999999828e+02 4.831432549987999722e+06 4.635489400020000176e+05
2.799800109999999904e+02 4.831432529999000020e+06 4.635488699950000155e+05
2.800000000000000000e+02 4.831432519988999702e+06 4.635489000239999732e+05
2.800499879999999848e+02 4.831432519988999702e+06 4.635489099730000016e+05
2.801099849999999947e+02 4.831432529999000020e+06 4.635489099730000016e+05
2.801600040000000149e+02 4.831432540009000339e+06 4.635489299929999979e+05
2.801000060000000076e+02 4.831432579986999743e+06 4.635489299929999979e+05
2.801499939999999924e+02 4.831432579986999743e+06 4.635489400020000176e+05
2.802799989999999752e+02 4.831432679992999882e+06 4.635489500119999866e+05
2.797300109999999904e+02 4.831432709990999661e+06 4.635488699950000155e+05
2.800499879999999848e+02 4.831432970000999980e+06 4.635487399899999727e+05
2.799599910000000023e+02 4.831432880005000159e+06 4.635488200070000021e+05
2.801400150000000053e+02 4.831432970000999980e+06 4.635487700199999963e+05
2.801199950000000172e+02 4.831432950012000278e+06 4.635487999880000134e+05
2.801099849999999947e+02 4.831432920013000257e+06 4.635488300169999711e+05
2.798299870000000169e+02 4.831432820007000118e+06 4.635488800049999845e+05
2.798699950000000172e+02 4.831432850006000139e+06 4.635488800049999845e+05
2.798999939999999924e+02 4.831432899993999861e+06 4.635488699950000155e+05
2.798999939999999924e+02 4.831432920013000257e+06 4.635488800049999845e+05
2.800499879999999848e+02 4.831432910004000179e+06 4.635488599849999882e+05
2.798699950000000172e+02 4.831432820007000118e+06 4.635489000239999732e+05
2.799599910000000023e+02 4.831432869994999841e+06 4.635488499760000268e+05
2.801400150000000053e+02 4.831432940001999959e+06 4.635487700199999963e+05
2.800899959999999851e+02 4.831432940001999959e+06 4.635487600100000273e+05
2.800000000000000000e+02 4.831432850006000139e+06 4.635488300169999711e+05
2.798099980000000073e+02 4.831432730011000298e+06 4.635488900150000118e+05
2.797600100000000225e+02 4.831432679992999882e+06 4.635488699950000155e+05
2.800100100000000225e+02 4.831432640014999546e+06 4.635488800049999845e+05
2.800100100000000225e+02 4.831432649993999861e+06 4.635488599849999882e+05
2.800499879999999848e+02 4.831432600006000139e+06 4.635488400269999984e+05
2.799700010000000248e+02 4.831432869994999841e+06 4.635489099730000016e+05
2.801400150000000053e+02 4.831432920013000257e+06 4.635488099979999824e+05
2.800799870000000169e+02 4.831432920013000257e+06 4.635488099979999824e+05
2.801400150000000053e+02 4.831432950012000278e+06 4.635487500000000000e+05
2.800100100000000225e+02 4.831432859985000454e+06 4.635488900150000118e+05
2.801199950000000172e+02 4.831432890014999546e+06 4.635488200070000021e+05
2.801199950000000172e+02 4.831432910004000179e+06 4.635487999880000134e+05
2.801099849999999947e+02 4.831432890014999546e+06 4.635487999880000134e+05
2.802399899999999775e+02 4.831432769988999702e+06 4.635489099730000016e+05
2.798699950000000172e+02 4.831432799987999722e+06 4.635489000239999732e+05
2.801600040000000149e+02 4.831432739989999682e+06 4.635489099730000016e+05
2.800700069999999755e+02 4.831432690001999959e+06 4.635489000239999732e+05
2.797999879999999848e+02 4.831432700012000278e+06 4.635489099730000016e+05
2.799899899999999775e+02 4.831432579986999743e+06 4.635489099730000016e+05
2.802600100000000225e+02 4.831432809998000041e+06 4.635489000239999732e+05
2.801600040000000149e+02 4.831432880005000159e+06 4.635488099979999824e+05
2.800899959999999851e+02 4.831432890014999546e+06 4.635488200070000021e+05
2.802099910000000023e+02 4.831432769988999702e+06 4.635488300169999711e+05
2.802600100000000225e+02 4.831432859985000454e+06 4.635488900150000118e+05
2.794599910000000023e+02 4.831433029999000020e+06 4.635491799929999979e+05
2.799299930000000245e+02 4.831432679992999882e+06 4.635488699950000155e+05
2.800000000000000000e+02 4.831432730011000298e+06 4.635489000239999732e+05
2.802999879999999848e+02 4.831432720000999980e+06 4.635489600220000139e+05
2.795499879999999848e+02 4.831433000000000000e+06 4.635491599730000016e+05
2.799100040000000149e+02 4.831432609985000454e+06 4.635488699950000155e+05
2.799100040000000149e+02 4.831432600006000139e+06 4.635488900150000118e+05
2.798299870000000169e+02 4.831432630005000159e+06 4.635488699950000155e+05
2.799299930000000245e+02 4.831432649993999861e+06 4.635489000239999732e+05
2.801400150000000053e+02 4.831433149993999861e+06 4.635489799800000037e+05
2.798800049999999828e+02 4.831432779999000020e+06 4.635488599849999882e+05
2.802200010000000248e+02 4.831432809998000041e+06 4.635488599849999882e+05
2.797900089999999977e+02 4.831432720000999980e+06 4.635489400020000176e+05
2.800199890000000096e+02 4.831432579986999743e+06 4.635489799800000037e+05
2.801600040000000149e+02 4.831433160004000179e+06 4.635489699709999841e+05
2.797600100000000225e+02 4.831432609985000454e+06 4.635489199830000289e+05
2.797399899999999775e+02 4.831432700012000278e+06 4.635489099730000016e+05
2.802099910000000023e+02 4.831432869994999841e+06 4.635489400020000176e+05
2.801600040000000149e+02 4.831432859985000454e+06 4.635489400020000176e+05
2.800400089999999977e+02 4.831432660004000179e+06 4.635494099730000016e+05
2.799899899999999775e+02 4.831432649993999861e+06 4.635495599979999824e+05
2.799800109999999904e+02 4.831432640014999546e+06 4.635495900269999984e+05
2.800100100000000225e+02 4.831432700012000278e+06 4.635495999760000268e+05
2.800000000000000000e+02 4.831432679992999882e+06 4.635495900269999984e+05
2.800799870000000169e+02 4.831432589995999821e+06 4.635495599979999824e+05
2.801700129999999831e+02 4.831432700012000278e+06 4.635492700199999963e+05
2.802000120000000152e+02 4.831432720000999980e+06 4.635492700199999963e+05
2.799100040000000149e+02 4.831432690001999959e+06 4.635492899779999861e+05
2.802799989999999752e+02 4.831432730011000298e+06 4.635492999880000134e+05
2.800700069999999755e+02 4.831433359985000454e+06 4.635495100100000273e+05
2.801000060000000076e+02 4.831433369994999841e+06 4.635495999760000268e+05
2.800400089999999977e+02 4.831432700012000278e+06 4.635495499880000134e+05
2.800400089999999977e+02 4.831432700012000278e+06 4.635494799800000037e+05
2.800799870000000169e+02 4.831433420013000257e+06 4.635495700070000021e+05
2.801799930000000245e+02 4.831433399993999861e+06 4.635495000000000000e+05
2.800400089999999977e+02 4.831433410004000179e+06 4.635495000000000000e+05
2.802399899999999775e+02 4.831432760010000318e+06 4.635492500000000000e+05
2.799800109999999904e+02 4.831432670013000257e+06 4.635493699950000155e+05
2.802000120000000152e+02 4.831433399993999861e+06 4.635494199830000289e+05
2.802099910000000023e+02 4.831433420013000257e+06 4.635495200199999963e+05
2.801000060000000076e+02 4.831433410004000179e+06 4.635495499880000134e+05
2.800599980000000073e+02 4.831432720000999980e+06 4.635493099979999824e+05
2.800199890000000096e+02 4.831432660004000179e+06 4.635494299929999979e+05
2.801199950000000172e+02 4.831433410004000179e+06 4.635494899899999727e+05
2.800700069999999755e+02 4.831433410004000179e+06 4.635495399779999861e+05
2.800199890000000096e+02 4.831432709990999661e+06 4.635493200070000021e+05
2.799299930000000245e+02 4.831432679992999882e+06 4.635494299929999979e+05
2.799599910000000023e+02 4.831432720000999980e+06 4.635494699709999841e+05
2.799299930000000245e+02 4.831432660004000179e+06 4.635493900150000118e+05
2.799200129999999831e+02 4.831432690001999959e+06 4.635494199830000289e+05
2.800700069999999755e+02 4.831432720000999980e+06 4.635493099979999824e+05
2.802300109999999904e+02 4.831432779999000020e+06 4.635493699950000155e+05
2.799500120000000152e+02 4.831432709990999661e+06 4.635493300169999711e+05
2.801900019999999927e+02 4.831433399993999861e+06 4.635494799800000037e+05
2.801600040000000149e+02 4.831433410004000179e+06 4.635495000000000000e+05
2.801600040000000149e+02 4.831433380005000159e+06 4.635495499880000134e+05
2.800199890000000096e+02 4.831432700012000278e+06 4.635493099979999824e+05
2.800599980000000073e+02 4.831432750000000000e+06 4.635495000000000000e+05
2.799299930000000245e+02 4.831432660004000179e+06 4.635493200070000021e+05
2.798999939999999924e+02 4.831432690001999959e+06 4.635493400269999984e+05
2.801799930000000245e+02 4.831432739989999682e+06 4.635493300169999711e+05
2.802600100000000225e+02 4.831432739989999682e+06 4.635492199709999841e+05
2.799400019999999927e+02 4.831432679992999882e+06 4.635494099730000016e+05
2.799899899999999775e+02 4.831432690001999959e+06 4.635494099730000016e+05
2.802500000000000000e+02 4.831432779999000020e+06 4.635492999880000134e+05
2.800199890000000096e+02 4.831432739989999682e+06 4.635495000000000000e+05
2.795899959999999851e+02 4.831432940001999959e+06 4.635492199709999841e+05
2.794800109999999904e+02 4.831432920013000257e+06 4.635492199709999841e+05
2.800299989999999752e+02 4.831432670013000257e+06 4.635494899899999727e+05
2.802900089999999977e+02 4.831432619994999841e+06 4.635492800290000159e+05
2.802099910000000023e+02 4.831432640014999546e+06 4.635492299800000037e+05
2.801300049999999828e+02 4.831433350006000139e+06 4.635495200199999963e+05
2.799400019999999927e+02 4.831432570007000118e+06 4.635494600220000139e+05
2.801900019999999927e+02 4.831432700012000278e+06 4.635493200070000021e+05
2.802500000000000000e+02 4.831432649993999861e+06 4.635492299800000037e+05
2.801400150000000053e+02 4.831432519988999702e+06 4.635493699950000155e+05
2.799899899999999775e+02 4.831432679992999882e+06 4.635494400020000176e+05
2.802799989999999752e+02 4.831432709990999661e+06 4.635492399899999727e+05
2.799800109999999904e+02 4.831432700012000278e+06 4.635494400020000176e+05
2.800599980000000073e+02 4.831433369994999841e+06 4.635495300290000159e+05
2.802300109999999904e+02 4.831433420013000257e+06 4.635494799800000037e+05
2.801199950000000172e+02 4.831433420013000257e+06 4.635494400020000176e+05
2.802200010000000248e+02 4.831432730011000298e+06 4.635492500000000000e+05
2.801600040000000149e+02 4.831432700012000278e+06 4.635492700199999963e+05
2.801499939999999924e+02 4.831432690001999959e+06 4.635492500000000000e+05
2.800199890000000096e+02 4.831433420013000257e+06 4.635495800169999711e+05
2.800000000000000000e+02 4.831433410004000179e+06 4.635495999760000268e+05
2.802200010000000248e+02 4.831432750000000000e+06 4.635493300169999711e+05
2.800499879999999848e+02 4.831432739989999682e+06 4.635493099979999824e+05
2.800799870000000169e+02 4.831432720000999980e+06 4.635493499760000268e+05
2.800199890000000096e+02 4.831433359985000454e+06 4.635495499880000134e+05
2.802099910000000023e+02 4.831432750000000000e+06 4.635493200070000021e+05
2.801300049999999828e+02 4.831432730011000298e+06 4.635493099979999824e+05
2.801199950000000172e+02 4.831432720000999980e+06 4.635493300169999711e+05
2.800799870000000169e+02 4.831432709990999661e+06 4.635493300169999711e+05
2.800199890000000096e+02 4.831432690001999959e+06 4.635493300169999711e+05
2.802200010000000248e+02 4.831432769988999702e+06 4.635493099979999824e+05
2.801600040000000149e+02 4.831432750000000000e+06 4.635493099979999824e+05
2.801000060000000076e+02 4.831432730011000298e+06 4.635493200070000021e+05
2.800799870000000169e+02 4.831432720000999980e+06 4.635493300169999711e+05
2.800199890000000096e+02 4.831432700012000278e+06 4.635493300169999711e+05
2.802799989999999752e+02 4.831432790009000339e+06 4.635493300169999711e+05
2.802099910000000023e+02 4.831432779999000020e+06 4.635493300169999711e+05
2.801400150000000053e+02 4.831432760010000318e+06 4.635493200070000021e+05
2.801000060000000076e+02 4.831432739989999682e+06 4.635493300169999711e+05
2.800599980000000073e+02 4.831432730011000298e+06 4.635493400269999984e+05
2.801000060000000076e+02 4.831433390014999546e+06 4.635495499880000134e+05
2.800599980000000073e+02 4.831433380005000159e+06 4.635495700070000021e+05
2.801099849999999947e+02 4.831433420013000257e+06 4.635495800169999711e+05
2.802699890000000096e+02 4.831433410004000179e+06 4.635495700070000021e+05
2.802200010000000248e+02 4.831433410004000179e+06 4.635495800169999711e+05
2.802000120000000152e+02 4.831433420013000257e+06 4.635495200199999963e+05
2.802000120000000152e+02 4.831433399993999861e+06 4.635495900269999984e+05
2.802000120000000152e+02 4.831433420013000257e+06 4.635495800169999711e+05
2.802099910000000023e+02 4.831433410004000179e+06 4.635495499880000134e+05
