463548.179993 4831433.059998 277.230011
463548.179993 4831433.040009 277.179993
463548.140015 4831433.059998 277.190002
463548.150024 4831433.019989 277.200012
463548.119995 4831432.739990 276.980011
463548.450012 4831432.640015 277.029999
463548.349976 4831432.720001 276.910004
463548.309998 4831432.799988 276.920013
463548.309998 4831432.809998 276.959991
463548.280029 4831432.820007 276.959991
463548.289978 4831432.839996 276.989990
463548.280029 4831432.869995 277.010010
463548.260010 4831432.890015 277.019989
463548.270020 4831432.910004 277.049988
463548.250000 4831432.929993 277.059998
463548.260010 4831432.940002 277.059998
463548.260010 4831432.910004 277.049988
463548.229980 4831432.989990 277.109985
463548.200012 4831432.980011 277.179993
463548.219971 4831433.029999 277.179993
463548.349976 4831432.640015 276.839996
463548.359985 4831432.670013 276.880005
463548.340027 4831432.690002 276.899994
463548.419983 4831432.640015 277.049988
463548.440002 4831432.739990 277.230011
463548.440002 4831432.730011 277.220001
463548.429993 4831432.730011 277.230011
463548.409973 4831432.640015 277.059998
463548.440002 4831432.750000 277.239990
463548.440002 4831432.750000 277.220001
463548.409973 4831432.640015 277.059998
463548.450012 4831432.769989 277.250000
463548.460022 4831432.809998 277.250000
463548.270020 4831432.799988 277.000000
463548.520020 4831432.730011 277.239990
463548.500000 4831432.709991 277.220001
463548.359985 4831433.170013 277.179993
463548.210022 4831432.779999 277.059998
463548.380005 4831432.720001 276.910004
463548.539978 4831432.750000 277.209991
463548.520020 4831432.720001 277.190002
463548.309998 4831432.899994 277.019989
463548.289978 4831432.869995 277.010010
463548.349976 4831432.769989 276.899994
463548.369995 4831432.640015 276.980011
463548.369995 4831432.679993 276.880005
463548.270020 4831432.750000 277.040009
463548.260010 4831432.799988 276.959991
463548.229980 4831432.720001 277.149994
463548.229980 4831432.799988 277.000000
463548.239990 4831432.760010 277.109985
463548.229980 4831432.739990 277.059998
463548.250000 4831432.679993 277.000000
463548.289978 4831432.690002 276.950012
463548.270020 4831432.670013 276.929993
463548.280029 4831432.670013 277.019989
463548.289978 4831432.660004 276.890015
463548.280029 4831432.649994 277.079987
463548.289978 4831432.630005 276.970001
463548.239990 4831432.640015 277.040009
463548.239990 4831432.679993 277.079987
463548.239990 4831432.750000 276.880005
463548.239990 4831432.809998 276.970001
463548.219971 4831432.809998 276.970001
463548.280029 4831433.320007 277.230011
463548.299988 4831433.299988 277.200012
463548.270020 4831433.269989 277.179993
463548.250000 4831433.230011 277.170013
463548.229980 4831433.200012 277.160004
463548.210022 4831433.179993 277.160004
463548.280029 4831433.239990 277.160004
463548.239990 4831432.700012 277.149994
463548.250000 4831432.720001 277.140015
463548.229980 4831432.940002 277.040009
463548.320007 4831432.890015 277.119995
463548.219971 4831432.859985 276.959991
463548.200012 4831433.149994 277.160004
463548.219971 4831433.190002 277.160004
463548.239990 4831433.230011 277.160004
463548.210022 4831433.230011 277.160004
463548.270020 4831433.410004 277.239990
463548.210022 4831433.149994 277.160004
463548.179993 4831433.109985 277.170013
463548.219971 4831432.820007 276.950012
463548.229980 4831432.850006 276.959991
463548.239990 4831432.790009 276.920013
463548.390015 4831432.660004 277.000000
463548.280029 4831433.320007 277.209991
463548.270020 4831433.269989 277.170013
463548.229980 4831433.220001 277.149994
463548.190002 4831433.100006 277.200012
463548.219971 4831432.910004 277.000000
463548.270020 4831432.809998 276.899994
463548.250000 4831432.779999 276.920013
463548.260010 4831432.649994 277.070007
463548.280029 4831432.640015 276.970001
463548.330017 4831432.630005 276.970001
463548.239990 4831432.700012 276.959991
463548.210022 4831432.660004 276.899994
463548.270020 4831433.250000 277.190002
463548.250000 4831432.679993 277.089996
463548.239990 4831432.799988 276.940002
463548.239990 4831432.720001 277.140015
463548.270020 4831433.250000 277.209991
463548.260010 4831432.690002 276.890015
463548.229980 4831432.709991 276.899994
463548.239990 4831432.670013 277.170013
463548.219971 4831432.679993 277.130005
463548.229980 4831432.779999 276.989990
463548.200012 4831432.809998 277.000000
463548.270020 4831432.679993 276.899994
463548.229980 4831432.809998 276.989990
463548.219971 4831432.779999 276.950012
463548.289978 4831432.630005 277.070007
463548.390015 4831432.630005 276.970001
463548.270020 4831432.739990 277.109985
463548.250000 4831432.820007 276.940002
463548.239990 4831432.869995 276.980011
463548.210022 4831432.920013 277.019989
463548.309998 4831432.690002 276.950012
463548.309998 4831432.750000 277.010010
463548.280029 4831433.269989 277.179993
463548.289978 4831433.329987 277.220001
463548.309998 4831432.670013 276.910004
463548.380005 4831432.649994 276.890015
463548.429993 4831432.779999 277.200012
463548.229980 4831433.220001 277.170013
463548.270020 4831433.260010 277.170013
463548.289978 4831433.329987 277.220001
463548.260010 4831432.640015 277.079987
463548.369995 4831432.630005 276.859985
463548.450012 4831432.769989 277.209991
463548.229980 4831432.950012 277.049988
463548.229980 4831433.119995 277.190002
463548.309998 4831433.279999 277.220001
463548.419983 4831432.630005 277.010010
463548.299988 4831432.649994 277.019989
463548.409973 4831432.640015 276.929993
463548.380005 4831432.660004 276.839996
463548.369995 4831432.660004 276.829987
463548.179993 4831432.890015 277.119995
463548.280029 4831432.940002 277.079987
463548.270020 4831433.200012 277.130005
463548.270020 4831433.239990 277.170013
