2.804800109999999904e+02 4.831430450012000278e+06 4.635477700199999963e+05
2.803999939999999924e+02 4.831430450012000278e+06 4.635478499760000268e+05
2.797900089999999977e+02 4.831430350006000139e+06 4.635480300290000159e+05
2.798399959999999851e+02 4.831430339995999821e+06 4.635480300290000159e+05
2.799200129999999831e+02 4.831430320007000118e+06 4.635480200199999963e+05
2.799400019999999927e+02 4.831430350006000139e+06 4.635480399779999861e+05
2.797900089999999977e+02 4.831430399993999861e+06 4.635479899899999727e+05
2.798399959999999851e+02 4.831430399993999861e+06 4.635479899899999727e+05
2.798900150000000053e+02 4.831430399993999861e+06 4.635479899899999727e+05
2.799400019999999927e+02 4.831430410004000179e+06 4.635480000000000000e+05
2.799800109999999904e+02 4.831430420013000257e+06 4.635480000000000000e+05
2.800499879999999848e+02 4.831430399993999861e+06 4.635479899899999727e+05
2.800899959999999851e+02 4.831430420013000257e+06 4.635480000000000000e+05
2.799599910000000023e+02 4.831430350006000139e+06 4.635480200199999963e+05
2.800199890000000096e+02 4.831430350006000139e+06 4.635480200199999963e+05
2.800599980000000073e+02 4.831430359985000454e+06 4.635480200199999963e+05
2.801199950000000172e+02 4.831430359985000454e+06 4.635480000000000000e+05
2.797799989999999752e+02 4.831430339995999821e+06 4.635479799800000037e+05
2.798599849999999947e+02 4.831430369994999841e+06 4.635479799800000037e+05
2.799299930000000245e+02 4.831430410004000179e+06 4.635479899899999727e+05
2.799599910000000023e+02 4.831430429992999882e+06 4.635480000000000000e+05
2.803399959999999851e+02 4.831430410004000179e+06 4.635479199830000289e+05
2.798800049999999828e+02 4.831430339995999821e+06 4.635479799800000037e+05
2.798999939999999924e+02 4.831430359985000454e+06 4.635479899899999727e+05
2.799500120000000152e+02 4.831430359985000454e+06 4.635479799800000037e+05
2.800000000000000000e+02 4.831430369994999841e+06 4.635479799800000037e+05
2.800499879999999848e+02 4.831430380005000159e+06 4.635479699709999841e+05
2.800899959999999851e+02 4.831430390014999546e+06 4.635479699709999841e+05
2.801300049999999828e+02 4.831430399993999861e+06 4.635479699709999841e+05
2.801799930000000245e+02 4.831430410004000179e+06 4.635479699709999841e+05
2.802500000000000000e+02 4.831430410004000179e+06 4.635479500119999866e+05
2.802999879999999848e+02 4.831430410004000179e+06 4.635479500119999866e+05
2.797699890000000096e+02 4.831430339995999821e+06 4.635480399779999861e+05
2.799100040000000149e+02 4.831430320007000118e+06 4.635480000000000000e+05
2.799400019999999927e+02 4.831430339995999821e+06 4.635480100100000273e+05
2.799899899999999775e+02 4.831430350006000139e+06 4.635480100100000273e+05
2.800499879999999848e+02 4.831430350006000139e+06 4.635480000000000000e+05
2.801099849999999947e+02 4.831430359985000454e+06 4.635479899899999727e+05
2.801600040000000149e+02 4.831430359985000454e+06 4.635479899899999727e+05
2.802000120000000152e+02 4.831430369994999841e+06 4.635479899899999727e+05
2.799400019999999927e+02 4.831430329986999743e+06 4.635480200199999963e+05
2.799899899999999775e+02 4.831430339995999821e+06 4.635480200199999963e+05
2.800400089999999977e+02 4.831430350006000139e+06 4.635480200199999963e+05
2.801000060000000076e+02 4.831430350006000139e+06 4.635480100100000273e+05
2.798900150000000053e+02 4.831430320007000118e+06 4.635479799800000037e+05
2.799200129999999831e+02 4.831430350006000139e+06 4.635479899899999727e+05
2.799700010000000248e+02 4.831430350006000139e+06 4.635479799800000037e+05
2.800000000000000000e+02 4.831430369994999841e+06 4.635479899899999727e+05
2.800499879999999848e+02 4.831430380005000159e+06 4.635479799800000037e+05
2.801099849999999947e+02 4.831430380005000159e+06 4.635479799800000037e+05
2.801600040000000149e+02 4.831430390014999546e+06 4.635479799800000037e+05
2.802099910000000023e+02 4.831430399993999861e+06 4.635479699709999841e+05
2.802799989999999752e+02 4.831430390014999546e+06 4.635479500119999866e+05
2.802999879999999848e+02 4.831430420013000257e+06 4.635479699709999841e+05
2.803599849999999947e+02 4.831430420013000257e+06 4.635479500119999866e+05
2.797699890000000096e+02 4.831430350006000139e+06 4.635479899899999727e+05
2.798200069999999755e+02 4.831430359985000454e+06 4.635479799800000037e+05
2.799599910000000023e+02 4.831430380005000159e+06 4.635479699709999841e+05
2.799800109999999904e+02 4.831430420013000257e+06 4.635479899899999727e+05
2.807000120000000152e+02 4.831430450012000278e+06 4.635476500239999732e+05
2.800899959999999851e+02 4.831430179992999882e+06 4.635479899899999727e+05
2.801499939999999924e+02 4.831430179992999882e+06 4.635479799800000037e+05
2.799899899999999775e+02 4.831430239989999682e+06 4.635479899899999727e+05
2.797999879999999848e+02 4.831430290009000339e+06 4.635480100100000273e+05
2.799100040000000149e+02 4.831430299987999722e+06 4.635479899899999727e+05
2.799299930000000245e+02 4.831430329986999743e+06 4.635480000000000000e+05
2.799800109999999904e+02 4.831430339995999821e+06 4.635479899899999727e+05
2.800400089999999977e+02 4.831430339995999821e+06 4.635479799800000037e+05
2.800899959999999851e+02 4.831430350006000139e+06 4.635479699709999841e+05
2.801300049999999828e+02 4.831430369994999841e+06 4.635479699709999841e+05
2.802900089999999977e+02 4.831430399993999861e+06 4.635479400020000176e+05
2.797799989999999752e+02 4.831430339995999821e+06 4.635479600220000139e+05
2.798299870000000169e+02 4.831430350006000139e+06 4.635479500119999866e+05
2.798699950000000172e+02 4.831430380005000159e+06 4.635479600220000139e+05
2.798900150000000053e+02 4.831430399993999861e+06 4.635479699709999841e+05
2.798999939999999924e+02 4.831430429992999882e+06 4.635479899899999727e+05
2.797699890000000096e+02 4.831430450012000278e+06 4.635476699830000289e+05
2.805499879999999848e+02 4.831430399993999861e+06 4.635477199709999841e+05
2.805400089999999977e+02 4.831430410004000179e+06 4.635477600100000273e+05
2.805299989999999752e+02 4.831430380005000159e+06 4.635477500000000000e+05
2.801900019999999927e+02 4.831430450012000278e+06 4.635479899899999727e+05
2.803399959999999851e+02 4.831430369994999841e+06 4.635479500119999866e+05
2.798900150000000053e+02 4.831430339995999821e+06 4.635480399779999861e+05
2.806799930000000245e+02 4.831430420013000257e+06 4.635477500000000000e+05
2.806400150000000053e+02 4.831430410004000179e+06 4.635477600100000273e+05
2.806199950000000172e+02 4.831430410004000179e+06 4.635477800290000159e+05
2.805299989999999752e+02 4.831430429992999882e+06 4.635477899779999861e+05
2.806300049999999828e+02 4.831430380005000159e+06 4.635477800290000159e+05
2.805400089999999977e+02 4.831430399993999861e+06 4.635478099979999824e+05
2.804899899999999775e+02 4.831430399993999861e+06 4.635478200070000021e+05
2.804899899999999775e+02 4.831430399993999861e+06 4.635478400269999984e+05
2.804599910000000023e+02 4.831430390014999546e+06 4.635478300169999711e+05
2.804599910000000023e+02 4.831430390014999546e+06 4.635478599849999882e+05
2.804299930000000245e+02 4.831430380005000159e+06 4.635478800049999845e+05
2.803299870000000169e+02 4.831430390014999546e+06 4.635479400020000176e+05
2.798699950000000172e+02 4.831430420013000257e+06 4.635480599979999824e+05
2.798900150000000053e+02 4.831430339995999821e+06 4.635480499880000134e+05
2.798399959999999851e+02 4.831430339995999821e+06 4.635480399779999861e+05
2.798099980000000073e+02 4.831430299987999722e+06 4.635480599979999824e+05
2.807200010000000248e+02 4.831430429992999882e+06 4.635477299800000037e+05
2.803099980000000073e+02 4.831430380005000159e+06 4.635479400020000176e+05
2.798699950000000172e+02 4.831430290009000339e+06 4.635480499880000134e+05
2.797900089999999977e+02 4.831430320007000118e+06 4.635480499880000134e+05
2.798299870000000169e+02 4.831430339995999821e+06 4.635479899899999727e+05
2.799800109999999904e+02 4.831430309998000041e+06 4.635479799800000037e+05
2.797699890000000096e+02 4.831430369994999841e+06 4.635479699709999841e+05
2.800599980000000073e+02 4.831430369994999841e+06 4.635479799800000037e+05
2.797699890000000096e+02 4.831430359985000454e+06 4.635479500119999866e+05
2.800700069999999755e+02 4.831430369994999841e+06 4.635479699709999841e+05
2.800499879999999848e+02 4.831430359985000454e+06 4.635479799800000037e+05
2.800100100000000225e+02 4.831430359985000454e+06 4.635479799800000037e+05
2.800499879999999848e+02 4.831430380005000159e+06 4.635479899899999727e+05
2.801000060000000076e+02 4.831430350006000139e+06 4.635479899899999727e+05
2.800400089999999977e+02 4.831430369994999841e+06 4.635479899899999727e+05
2.797699890000000096e+02 4.831430369994999841e+06 4.635479699709999841e+05
2.800599980000000073e+02 4.831430369994999841e+06 4.635479799800000037e+05
2.801000060000000076e+02 4.831430220000999980e+06 4.635479600220000139e+05
2.800799870000000169e+02 4.831430250000000000e+06 4.635479899899999727e+05
2.799299930000000245e+02 4.831430299987999722e+06 4.635479699709999841e+05
2.799299930000000245e+02 4.831430329986999743e+06 4.635479899899999727e+05
2.799700010000000248e+02 4.831430339995999821e+06 4.635479899899999727e+05
2.800400089999999977e+02 4.831430350006000139e+06 4.635479799800000037e+05
2.801300049999999828e+02 4.831430350006000139e+06 4.635479699709999841e+05
2.802000120000000152e+02 4.831430359985000454e+06 4.635479699709999841e+05
2.802699890000000096e+02 4.831430369994999841e+06 4.635479600220000139e+05
2.803399959999999851e+02 4.831430380005000159e+06 4.635479600220000139e+05
2.797699890000000096e+02 4.831430350006000139e+06 4.635479500119999866e+05
2.798800049999999828e+02 4.831430350006000139e+06 4.635479400020000176e+05
2.798599849999999947e+02 4.831430380005000159e+06 4.635479600220000139e+05
2.800299989999999752e+02 4.831430380005000159e+06 4.635479400020000176e+05
2.800499879999999848e+02 4.831430399993999861e+06 4.635479500119999866e+05
2.800499879999999848e+02 4.831430429992999882e+06 4.635479600220000139e+05
2.801700129999999831e+02 4.831430420013000257e+06 4.635479400020000176e+05
2.802900089999999977e+02 4.831430410004000179e+06 4.635479099730000016e+05
2.803099980000000073e+02 4.831430429992999882e+06 4.635479299929999979e+05
2.797699890000000096e+02 4.831430390014999546e+06 4.635479299929999979e+05
2.798599849999999947e+02 4.831430420013000257e+06 4.635479400020000176e+05
2.798900150000000053e+02 4.831430440001999959e+06 4.635479400020000176e+05
2.801199950000000172e+02 4.831430459990999661e+06 4.635479199830000289e+05
2.804800109999999904e+02 4.831430399993999861e+06 4.635477600100000273e+05
2.804599910000000023e+02 4.831430429992999882e+06 4.635477500000000000e+05
2.804899899999999775e+02 4.831430429992999882e+06 4.635477299800000037e+05
2.805499879999999848e+02 4.831430429992999882e+06 4.635477000119999866e+05
2.806000060000000076e+02 4.831430450012000278e+06 4.635476599730000016e+05
2.806799930000000245e+02 4.831430459990999661e+06 4.635476500239999732e+05
2.802999879999999848e+02 4.831430350006000139e+06 4.635479600220000139e+05
2.801199950000000172e+02 4.831430359985000454e+06 4.635479400020000176e+05
2.801499939999999924e+02 4.831430380005000159e+06 4.635479500119999866e+05
2.802500000000000000e+02 4.831430410004000179e+06 4.635479299929999979e+05
2.798900150000000053e+02 4.831430329986999743e+06 4.635479600220000139e+05
2.805000000000000000e+02 4.831430399993999861e+06 4.635477299800000037e+05
2.799299930000000245e+02 4.831430380005000159e+06 4.635479400020000176e+05
2.798399959999999851e+02 4.831430369994999841e+06 4.635479500119999866e+05
2.798599849999999947e+02 4.831430420013000257e+06 4.635480499880000134e+05
2.798900150000000053e+02 4.831430390014999546e+06 4.635480399779999861e+05
2.799299930000000245e+02 4.831430329986999743e+06 4.635480100100000273e+05
2.799599910000000023e+02 4.831430299987999722e+06 4.635480000000000000e+05
2.800299989999999752e+02 4.831430260010000318e+06 4.635480000000000000e+05
2.799299930000000245e+02 4.831430390014999546e+06 4.635480200199999963e+05
2.797900089999999977e+02 4.831430399993999861e+06 4.635480100100000273e+05
2.801199950000000172e+02 4.831430380005000159e+06 4.635480000000000000e+05
2.800100100000000225e+02 4.831430410004000179e+06 4.635480200199999963e+05
2.798800049999999828e+02 4.831430420013000257e+06 4.635480100100000273e+05
2.798099980000000073e+02 4.831430440001999959e+06 4.635480200199999963e+05
2.801199950000000172e+02 4.831430459990999661e+06 4.635479899899999727e+05
2.805000000000000000e+02 4.831430459990999661e+06 4.635477299800000037e+05
2.804800109999999904e+02 4.831430459990999661e+06 4.635477299800000037e+05
2.805000000000000000e+02 4.831430459990999661e+06 4.635477299800000037e+05
2.804700010000000248e+02 4.831430450012000278e+06 4.635477299800000037e+05
2.804500120000000152e+02 4.831430459990999661e+06 4.635477399899999727e+05
2.805299989999999752e+02 4.831430459990999661e+06 4.635477000119999866e+05
2.801400150000000053e+02 4.831430179992999882e+06 4.635479299929999979e+05
2.802200010000000248e+02 4.831430230011000298e+06 4.635479299929999979e+05
2.801600040000000149e+02 4.831430239989999682e+06 4.635479600220000139e+05
2.801000060000000076e+02 4.831430250000000000e+06 4.635479799800000037e+05
2.802200010000000248e+02 4.831430239989999682e+06 4.635479600220000139e+05
2.801799930000000245e+02 4.831430230011000298e+06 4.635479699709999841e+05
2.803200069999999755e+02 4.831430440001999959e+06 4.635479099730000016e+05
2.799299930000000245e+02 4.831430410004000179e+06 4.635479099730000016e+05
2.799800109999999904e+02 4.831430450012000278e+06 4.635479099730000016e+05
2.799599910000000023e+02 4.831430410004000179e+06 4.635480000000000000e+05
2.804599910000000023e+02 4.831430450012000278e+06 4.635477399899999727e+05
2.804800109999999904e+02 4.831430429992999882e+06 4.635477299800000037e+05
2.804500120000000152e+02 4.831430429992999882e+06 4.635477899779999861e+05
2.798800049999999828e+02 4.831430440001999959e+06 4.635479299929999979e+05
2.798900150000000053e+02 4.831430450012000278e+06 4.635479799800000037e+05
2.798099980000000073e+02 4.831430429992999882e+06 4.635480200199999963e+05
2.798800049999999828e+02 4.831430429992999882e+06 4.635480200199999963e+05
2.800199890000000096e+02 4.831430390014999546e+06 4.635480000000000000e+05
2.801300049999999828e+02 4.831430230011000298e+06 4.635479600220000139e+05
2.801700129999999831e+02 4.831430220000999980e+06 4.635479500119999866e+05
2.804500120000000152e+02 4.831430450012000278e+06 4.635477399899999727e+05
2.799500120000000152e+02 4.831430320007000118e+06 4.635480200199999963e+05
2.801000060000000076e+02 4.831430450012000278e+06 4.635480000000000000e+05
2.800299989999999752e+02 4.831430450012000278e+06 4.635480000000000000e+05
2.799599910000000023e+02 4.831430440001999959e+06 4.635480100100000273e+05
2.799100040000000149e+02 4.831430429992999882e+06 4.635480100100000273e+05
2.798099980000000073e+02 4.831430440001999959e+06 4.635480300290000159e+05
2.797699890000000096e+02 4.831430440001999959e+06 4.635480399779999861e+05
2.805400089999999977e+02 4.831430459990999661e+06 4.635476699830000289e+05
2.799800109999999904e+02 4.831430440001999959e+06 4.635479000239999732e+05
2.800799870000000169e+02 4.831430440001999959e+06 4.635479000239999732e+05
2.798099980000000073e+02 4.831430429992999882e+06 4.635479799800000037e+05
2.798699950000000172e+02 4.831430440001999959e+06 4.635479799800000037e+05
2.798999939999999924e+02 4.831430429992999882e+06 4.635479699709999841e+05
2.799599910000000023e+02 4.831430420013000257e+06 4.635479600220000139e+05
2.800199890000000096e+02 4.831430429992999882e+06 4.635479600220000139e+05
2.800799870000000169e+02 4.831430440001999959e+06 4.635479600220000139e+05
2.801300049999999828e+02 4.831430440001999959e+06 4.635479600220000139e+05
2.801900019999999927e+02 4.831430450012000278e+06 4.635479600220000139e+05
2.803399959999999851e+02 4.831430459990999661e+06 4.635479400020000176e+05
2.803900150000000053e+02 4.831430450012000278e+06 4.635479400020000176e+05
2.799500120000000152e+02 4.831430290009000339e+06 4.635479600220000139e+05
2.800100100000000225e+02 4.831430290009000339e+06 4.635479600220000139e+05
2.800499879999999848e+02 4.831430279999000020e+06 4.635479500119999866e+05
2.801000060000000076e+02 4.831430269988999702e+06 4.635479400020000176e+05
2.802600100000000225e+02 4.831430339995999821e+06 4.635479600220000139e+05
2.803299870000000169e+02 4.831430359985000454e+06 4.635479600220000139e+05
2.800899959999999851e+02 4.831430239989999682e+06 4.635479899899999727e+05
2.801900019999999927e+02 4.831430230011000298e+06 4.635479699709999841e+05
2.802099910000000023e+02 4.831430200012000278e+06 4.635479600220000139e+05
2.799500120000000152e+02 4.831430440001999959e+06 4.635479699709999841e+05
2.800100100000000225e+02 4.831430450012000278e+06 4.635479699709999841e+05
2.800499879999999848e+02 4.831430440001999959e+06 4.635479699709999841e+05
2.801199950000000172e+02 4.831430450012000278e+06 4.635479799800000037e+05
2.801799930000000245e+02 4.831430450012000278e+06 4.635479799800000037e+05
2.802300109999999904e+02 4.831430450012000278e+06 4.635479799800000037e+05
2.799599910000000023e+02 4.831430369994999841e+06 4.635479899899999727e+05
2.799800109999999904e+02 4.831430339995999821e+06 4.635479699709999841e+05
2.800400089999999977e+02 4.831430420013000257e+06 4.635480100100000273e+05
2.800799870000000169e+02 4.831430410004000179e+06 4.635480000000000000e+05
2.801300049999999828e+02 4.831430399993999861e+06 4.635480100100000273e+05
2.801499939999999924e+02 4.831430380005000159e+06 4.635480000000000000e+05
2.797999879999999848e+02 4.831430420013000257e+06 4.635480200199999963e+05
2.798299870000000169e+02 4.831430399993999861e+06 4.635480100100000273e+05
2.800100100000000225e+02 4.831430309998000041e+06 4.635479699709999841e+05
2.800400089999999977e+02 4.831430290009000339e+06 4.635479600220000139e+05
2.800799870000000169e+02 4.831430269988999702e+06 4.635479600220000139e+05
2.799800109999999904e+02 4.831430279999000020e+06 4.635480000000000000e+05
2.800199890000000096e+02 4.831430260010000318e+06 4.635480000000000000e+05
2.800700069999999755e+02 4.831430250000000000e+06 4.635480000000000000e+05
2.801099849999999947e+02 4.831430239989999682e+06 4.635479899899999727e+05
2.798200069999999755e+02 4.831430350006000139e+06 4.635479699709999841e+05
2.800000000000000000e+02 4.831430420013000257e+06 4.635479699709999841e+05
2.800000000000000000e+02 4.831430440001999959e+06 4.635479699709999841e+05
2.801799930000000245e+02 4.831430380005000159e+06 4.635479199830000289e+05
2.802000120000000152e+02 4.831430399993999861e+06 4.635479199830000289e+05
2.803599849999999947e+02 4.831430410004000179e+06 4.635479299929999979e+05
2.806900019999999927e+02 4.831430380005000159e+06 4.635478499760000268e+05
2.804100040000000149e+02 4.831430420013000257e+06 4.635479000239999732e+05
2.804299930000000245e+02 4.831430420013000257e+06 4.635478699950000155e+05
2.801099849999999947e+02 4.831430369994999841e+06 4.635479199830000289e+05
2.801499939999999924e+02 4.831430390014999546e+06 4.635479099730000016e+05
2.801700129999999831e+02 4.831430420013000257e+06 4.635479000239999732e+05
2.799500120000000152e+02 4.831430309998000041e+06 4.635479099730000016e+05
2.799599910000000023e+02 4.831430440001999959e+06 4.635479099730000016e+05
2.799500120000000152e+02 4.831430299987999722e+06 4.635479799800000037e+05
2.799800109999999904e+02 4.831430299987999722e+06 4.635480000000000000e+05
2.800199890000000096e+02 4.831430290009000339e+06 4.635480100100000273e+05
2.798099980000000073e+02 4.831430420013000257e+06 4.635479799800000037e+05
2.799400019999999927e+02 4.831430420013000257e+06 4.635479600220000139e+05
2.799899899999999775e+02 4.831430410004000179e+06 4.635479699709999841e+05
2.800599980000000073e+02 4.831430410004000179e+06 4.635479600220000139e+05
2.801000060000000076e+02 4.831430410004000179e+06 4.635479699709999841e+05
2.801600040000000149e+02 4.831430410004000179e+06 4.635479600220000139e+05
2.801099849999999947e+02 4.831430220000999980e+06 4.635479500119999866e+05
2.802099910000000023e+02 4.831430239989999682e+06 4.635479299929999979e+05
2.800100100000000225e+02 4.831430299987999722e+06 4.635479699709999841e+05
2.802099910000000023e+02 4.831430359985000454e+06 4.635478900150000118e+05
2.802200010000000248e+02 4.831430350006000139e+06 4.635479099730000016e+05
2.797600100000000225e+02 4.831430390014999546e+06 4.635479400020000176e+05
2.798500060000000076e+02 4.831430410004000179e+06 4.635479199830000289e+05
2.798599849999999947e+02 4.831430399993999861e+06 4.635479500119999866e+05
2.800499879999999848e+02 4.831430420013000257e+06 4.635479400020000176e+05
2.803500060000000076e+02 4.831430450012000278e+06 4.635479500119999866e+05
2.807000120000000152e+02 4.831430459990999661e+06 4.635476300049999845e+05
2.801799930000000245e+02 4.831430200012000278e+06 4.635479500119999866e+05
2.802099910000000023e+02 4.831430190001999959e+06 4.635479699709999841e+05
2.802999879999999848e+02 4.831430390014999546e+06 4.635479199830000289e+05
2.798500060000000076e+02 4.831430350006000139e+06 4.635479400020000176e+05
2.799200129999999831e+02 4.831430380005000159e+06 4.635479400020000176e+05
2.801300049999999828e+02 4.831430429992999882e+06 4.635479500119999866e+05
2.798999939999999924e+02 4.831430459990999661e+06 4.635479799800000037e+05
2.799100040000000149e+02 4.831430380005000159e+06 4.635479799800000037e+05
2.798999939999999924e+02 4.831430399993999861e+06 4.635479600220000139e+05
2.798800049999999828e+02 4.831430410004000179e+06 4.635479400020000176e+05
2.797900089999999977e+02 4.831430399993999861e+06 4.635479400020000176e+05
2.804700010000000248e+02 4.831430390014999546e+06 4.635479299929999979e+05
2.803900150000000053e+02 4.831430390014999546e+06 4.635479199830000289e+05
2.803099980000000073e+02 4.831430380005000159e+06 4.635479199830000289e+05
2.802399899999999775e+02 4.831430369994999841e+06 4.635479099730000016e+05
2.800899959999999851e+02 4.831430339995999821e+06 4.635479299929999979e+05
2.800100100000000225e+02 4.831430329986999743e+06 4.635479299929999979e+05
2.799299930000000245e+02 4.831430320007000118e+06 4.635479299929999979e+05
2.798800049999999828e+02 4.831430320007000118e+06 4.635479199830000289e+05
2.798399959999999851e+02 4.831430320007000118e+06 4.635479099730000016e+05
2.800899959999999851e+02 4.831430190001999959e+06 4.635479699709999841e+05
2.800599980000000073e+02 4.831430200012000278e+06 4.635479500119999866e+05
2.800100100000000225e+02 4.831430200012000278e+06 4.635479400020000176e+05
2.804299930000000245e+02 4.831430390014999546e+06 4.635477500000000000e+05
2.798200069999999755e+02 4.831430459990999661e+06 4.635475800169999711e+05
2.801700129999999831e+02 4.831430359985000454e+06 4.635479799800000037e+05
2.801099849999999947e+02 4.831430299987999722e+06 4.635479600220000139e+05
2.798599849999999947e+02 4.831430350006000139e+06 4.635479899899999727e+05
2.798800049999999828e+02 4.831430290009000339e+06 4.635479500119999866e+05
2.799700010000000248e+02 4.831430190001999959e+06 4.635479899899999727e+05
2.800100100000000225e+02 4.831430290009000339e+06 4.635479600220000139e+05
2.801099849999999947e+02 4.831430279999000020e+06 4.635479699709999841e+05
2.799599910000000023e+02 4.831430350006000139e+06 4.635479799800000037e+05
2.799800109999999904e+02 4.831430339995999821e+06 4.635480000000000000e+05
2.800199890000000096e+02 4.831430429992999882e+06 4.635479299929999979e+05
2.801000060000000076e+02 4.831430420013000257e+06 4.635479400020000176e+05
2.801099849999999947e+02 4.831430410004000179e+06 4.635479600220000139e+05
2.801799930000000245e+02 4.831430390014999546e+06 4.635479699709999841e+05
2.800700069999999755e+02 4.831430269988999702e+06 4.635479799800000037e+05
2.801400150000000053e+02 4.831430230011000298e+06 4.635479400020000176e+05
2.799800109999999904e+02 4.831430359985000454e+06 4.635479899899999727e+05
2.802099910000000023e+02 4.831430350006000139e+06 4.635479500119999866e+05
2.802200010000000248e+02 4.831430369994999841e+06 4.635479299929999979e+05
2.800199890000000096e+02 4.831430250000000000e+06 4.635479299929999979e+05
2.803999939999999924e+02 4.831430369994999841e+06 4.635477700199999963e+05
2.804200129999999831e+02 4.831430380005000159e+06 4.635477500000000000e+05
2.799100040000000149e+02 4.831430320007000118e+06 4.635479299929999979e+05
2.805599980000000073e+02 4.831430399993999861e+06 4.635476400150000118e+05
2.805400089999999977e+02 4.831430420013000257e+06 4.635476199950000155e+05
2.803999939999999924e+02 4.831430369994999841e+06 4.635477800290000159e+05
2.800799870000000169e+02 4.831430250000000000e+06 4.635480000000000000e+05
2.806300049999999828e+02 4.831430440001999959e+06 4.635476500239999732e+05
2.807799989999999752e+02 4.831430459990999661e+06 4.635476300049999845e+05
2.807399899999999775e+02 4.831430450012000278e+06 4.635476400150000118e+05
2.807000120000000152e+02 4.831430450012000278e+06 4.635476599730000016e+05
2.806499939999999924e+02 4.831430450012000278e+06 4.635476699830000289e+05
2.805899959999999851e+02 4.831430450012000278e+06 4.635476699830000289e+05
2.806799930000000245e+02 4.831430390014999546e+06 4.635477500000000000e+05
2.806199950000000172e+02 4.831430459990999661e+06 4.635477100220000139e+05
2.805700069999999755e+02 4.831430459990999661e+06 4.635477299800000037e+05
2.804200129999999831e+02 4.831430380005000159e+06 4.635478599849999882e+05
2.800499879999999848e+02 4.831430339995999821e+06 4.635479799800000037e+05
2.799899899999999775e+02 4.831430339995999821e+06 4.635479899899999727e+05
2.799899899999999775e+02 4.831430290009000339e+06 4.635480000000000000e+05
2.798800049999999828e+02 4.831430320007000118e+06 4.635480399779999861e+05
2.798099980000000073e+02 4.831430309998000041e+06 4.635480399779999861e+05
2.799100040000000149e+02 4.831430350006000139e+06 4.635480399779999861e+05
2.798699950000000172e+02 4.831430339995999821e+06 4.635480499880000134e+05
2.797999879999999848e+02 4.831430339995999821e+06 4.635480399779999861e+05
2.798599849999999947e+02 4.831430380005000159e+06 4.635480599979999824e+05
2.797900089999999977e+02 4.831430380005000159e+06 4.635480599979999824e+05
2.806099849999999947e+02 4.831430429992999882e+06 4.635476900020000176e+05
2.797799989999999752e+02 4.831430339995999821e+06 4.635480399779999861e+05
2.801199950000000172e+02 4.831430619994999841e+06 4.635479699709999841e+05
2.802600100000000225e+02 4.831430600006000139e+06 4.635479299929999979e+05
2.802600100000000225e+02 4.831430700012000278e+06 4.635479899899999727e+05
2.801700129999999831e+02 4.831430640014999546e+06 4.635479400020000176e+05
2.803399959999999851e+02 4.831430750000000000e+06 4.635479699709999841e+05
2.804100040000000149e+02 4.831430779999000020e+06 4.635479400020000176e+05
2.804500120000000152e+02 4.831430799987999722e+06 4.635479500119999866e+05
2.805000000000000000e+02 4.831430809998000041e+06 4.635479500119999866e+05
2.804200129999999831e+02 4.831430829986999743e+06 4.635479500119999866e+05
2.804899899999999775e+02 4.831430820007000118e+06 4.635479299929999979e+05
2.805299989999999752e+02 4.831430829986999743e+06 4.635479299929999979e+05
2.805700069999999755e+02 4.831430839995999821e+06 4.635479299929999979e+05
2.804700010000000248e+02 4.831430829986999743e+06 4.635479199830000289e+05
2.805199890000000096e+02 4.831430839995999821e+06 4.635479199830000289e+05
2.805599980000000073e+02 4.831430859985000454e+06 4.635479199830000289e+05
2.806900019999999927e+02 4.831430890014999546e+06 4.635479199830000289e+05
2.807099910000000023e+02 4.831430910004000179e+06 4.635479099730000016e+05
2.802600100000000225e+02 4.831430709990999661e+06 4.635479799800000037e+05
2.802900089999999977e+02 4.831430730011000298e+06 4.635479899899999727e+05
2.802999879999999848e+02 4.831430739989999682e+06 4.635479799800000037e+05
2.803399959999999851e+02 4.831430750000000000e+06 4.635479799800000037e+05
2.802900089999999977e+02 4.831430720000999980e+06 4.635479600220000139e+05
2.803099980000000073e+02 4.831430750000000000e+06 4.635479699709999841e+05
2.803500060000000076e+02 4.831430760010000318e+06 4.635479799800000037e+05
2.803299870000000169e+02 4.831430769988999702e+06 4.635479600220000139e+05
2.803699950000000172e+02 4.831430779999000020e+06 4.635479600220000139e+05
2.804100040000000149e+02 4.831430790009000339e+06 4.635479699709999841e+05
2.804800109999999904e+02 4.831430489989999682e+06 4.635477899779999861e+05
2.803500060000000076e+02 4.831430809998000041e+06 4.635479299929999979e+05
2.804500120000000152e+02 4.831430820007000118e+06 4.635479400020000176e+05
2.804899899999999775e+02 4.831430829986999743e+06 4.635479500119999866e+05
2.805299989999999752e+02 4.831430839995999821e+06 4.635479500119999866e+05
2.803800049999999828e+02 4.831430600006000139e+06 4.635477999880000134e+05
2.805700069999999755e+02 4.831430470000999980e+06 4.635477399899999727e+05
2.806099849999999947e+02 4.831430480011000298e+06 4.635477500000000000e+05
2.805799870000000169e+02 4.831430850006000139e+06 4.635479199830000289e+05
2.805799870000000169e+02 4.831430480011000298e+06 4.635477000119999866e+05
2.806499939999999924e+02 4.831430459990999661e+06 4.635477000119999866e+05
2.797600100000000225e+02 4.831430540009000339e+06 4.635476599730000016e+05
2.797799989999999752e+02 4.831430559998000041e+06 4.635476699830000289e+05
2.800899959999999851e+02 4.831430600006000139e+06 4.635480000000000000e+05
2.802200010000000248e+02 4.831430529999000020e+06 4.635479600220000139e+05
2.802300109999999904e+02 4.831430570007000118e+06 4.635479400020000176e+05
2.801700129999999831e+02 4.831430670013000257e+06 4.635479899899999727e+05
2.800799870000000169e+02 4.831430579986999743e+06 4.635479899899999727e+05
2.802500000000000000e+02 4.831430519988999702e+06 4.635479299929999979e+05
2.803399959999999851e+02 4.831430890014999546e+06 4.635479899899999727e+05
2.805000000000000000e+02 4.831430809998000041e+06 4.635479199830000289e+05
2.805299989999999752e+02 4.831430839995999821e+06 4.635479199830000289e+05
2.805599980000000073e+02 4.831430850006000139e+06 4.635479299929999979e+05
2.806099849999999947e+02 4.831430859985000454e+06 4.635479199830000289e+05
2.802799989999999752e+02 4.831430720000999980e+06 4.635479500119999866e+05
2.803299870000000169e+02 4.831430730011000298e+06 4.635479500119999866e+05
2.803999939999999924e+02 4.831430769988999702e+06 4.635479600220000139e+05
2.801099849999999947e+02 4.831430600006000139e+06 4.635479799800000037e+05
2.800799870000000169e+02 4.831430570007000118e+06 4.635479899899999727e+05
2.802900089999999977e+02 4.831430709990999661e+06 4.635479699709999841e+05
2.804299930000000245e+02 4.831430790009000339e+06 4.635479299929999979e+05
2.804599910000000023e+02 4.831430799987999722e+06 4.635479400020000176e+05
2.805100100000000225e+02 4.831430809998000041e+06 4.635479299929999979e+05
2.805499879999999848e+02 4.831430820007000118e+06 4.635479299929999979e+05
2.806000060000000076e+02 4.831430820007000118e+06 4.635479299929999979e+05
2.804100040000000149e+02 4.831430850006000139e+06 4.635479400020000176e+05
2.805000000000000000e+02 4.831430829986999743e+06 4.635479099730000016e+05
2.805799870000000169e+02 4.831430859985000454e+06 4.635479199830000289e+05
2.806300049999999828e+02 4.831430880005000159e+06 4.635479199830000289e+05
2.806600040000000149e+02 4.831430890014999546e+06 4.635479199830000289e+05
2.798500060000000076e+02 4.831430510010000318e+06 4.635475900269999984e+05
2.804200129999999831e+02 4.831430570007000118e+06 4.635478400269999984e+05
2.806000060000000076e+02 4.831430500000000000e+06 4.635477199709999841e+05
2.797900089999999977e+02 4.831430470000999980e+06 4.635476900020000176e+05
2.802999879999999848e+02 4.831430489989999682e+06 4.635479299929999979e+05
2.802500000000000000e+02 4.831430470000999980e+06 4.635479600220000139e+05
2.798699950000000172e+02 4.831430519988999702e+06 4.635476699830000289e+05
2.798099980000000073e+02 4.831430500000000000e+06 4.635476799929999979e+05
2.797799989999999752e+02 4.831430489989999682e+06 4.635476900020000176e+05
2.804899899999999775e+02 4.831430809998000041e+06 4.635479199830000289e+05
2.805199890000000096e+02 4.831430820007000118e+06 4.635479299929999979e+05
2.805199890000000096e+02 4.831430850006000139e+06 4.635479400020000176e+05
2.808200069999999755e+02 4.831430910004000179e+06 4.635478800049999845e+05
2.808599849999999947e+02 4.831430920013000257e+06 4.635478800049999845e+05
2.798399959999999851e+02 4.831430549987999722e+06 4.635475700070000021e+05
2.798999939999999924e+02 4.831430470000999980e+06 4.635479600220000139e+05
2.799599910000000023e+02 4.831430480011000298e+06 4.635479600220000139e+05
2.800499879999999848e+02 4.831430500000000000e+06 4.635479600220000139e+05
2.799800109999999904e+02 4.831430500000000000e+06 4.635479400020000176e+05
2.801400150000000053e+02 4.831430480011000298e+06 4.635479000239999732e+05
2.801700129999999831e+02 4.831430470000999980e+06 4.635478699950000155e+05
2.803200069999999755e+02 4.831430730011000298e+06 4.635479600220000139e+05
2.803900150000000053e+02 4.831430739989999682e+06 4.635479500119999866e+05
2.801799930000000245e+02 4.831430660004000179e+06 4.635479099730000016e+05
2.802699890000000096e+02 4.831430709990999661e+06 4.635479299929999979e+05
2.802999879999999848e+02 4.831430730011000298e+06 4.635479400020000176e+05
2.803399959999999851e+02 4.831430739989999682e+06 4.635479400020000176e+05
2.803699950000000172e+02 4.831430760010000318e+06 4.635479500119999866e+05
2.804500120000000152e+02 4.831430769988999702e+06 4.635479400020000176e+05
2.803299870000000169e+02 4.831430730011000298e+06 4.635479099730000016e+05
2.804100040000000149e+02 4.831430769988999702e+06 4.635479199830000289e+05
2.804500120000000152e+02 4.831430779999000020e+06 4.635479199830000289e+05
2.805299989999999752e+02 4.831430779999000020e+06 4.635479099730000016e+05
2.805400089999999977e+02 4.831430799987999722e+06 4.635479199830000289e+05
2.802200010000000248e+02 4.831430809998000041e+06 4.635479299929999979e+05
2.803699950000000172e+02 4.831430790009000339e+06 4.635479000239999732e+05
2.804800109999999904e+02 4.831430779999000020e+06 4.635478800049999845e+05
2.804800109999999904e+02 4.831430809998000041e+06 4.635478900150000118e+05
2.808399959999999851e+02 4.831430899993999861e+06 4.635478900150000118e+05
2.805700069999999755e+02 4.831430829986999743e+06 4.635478800049999845e+05
2.805499879999999848e+02 4.831430799987999722e+06 4.635479299929999979e+05
2.805299989999999752e+02 4.831430779999000020e+06 4.635479199830000289e+05
2.801300049999999828e+02 4.831430619994999841e+06 4.635479299929999979e+05
2.800799870000000169e+02 4.831430540009000339e+06 4.635479600220000139e+05
2.800499879999999848e+02 4.831430500000000000e+06 4.635479799800000037e+05
2.797799989999999752e+02 4.831430489989999682e+06 4.635479899899999727e+05
2.803999939999999924e+02 4.831430779999000020e+06 4.635479199830000289e+05
2.805199890000000096e+02 4.831430470000999980e+06 4.635477100220000139e+05
2.803399959999999851e+02 4.831430769988999702e+06 4.635479199830000289e+05
2.800499879999999848e+02 4.831430489989999682e+06 4.635479099730000016e+05
2.805499879999999848e+02 4.831430890014999546e+06 4.635478200070000021e+05
2.804599910000000023e+02 4.831430910004000179e+06 4.635479099730000016e+05
2.804599910000000023e+02 4.831430890014999546e+06 4.635479000239999732e+05
2.808999939999999924e+02 4.831430940001999959e+06 4.635478599849999882e+05
2.808999939999999924e+02 4.831430910004000179e+06 4.635478499760000268e+05
2.804500120000000152e+02 4.831430820007000118e+06 4.635479199830000289e+05
2.805700069999999755e+02 4.831430470000999980e+06 4.635476300049999845e+05
2.803999939999999924e+02 4.831430829986999743e+06 4.635479299929999979e+05
2.797699890000000096e+02 4.831430559998000041e+06 4.635475999760000268e+05
2.797699890000000096e+02 4.831430540009000339e+06 4.635475800169999711e+05
2.798200069999999755e+02 4.831430470000999980e+06 4.635480399779999861e+05
2.797699890000000096e+02 4.831430470000999980e+06 4.635480399779999861e+05
2.805599980000000073e+02 4.831430470000999980e+06 4.635477299800000037e+05
2.805400089999999977e+02 4.831430500000000000e+06 4.635477500000000000e+05
2.806400150000000053e+02 4.831430470000999980e+06 4.635476900020000176e+05
2.806199950000000172e+02 4.831430480011000298e+06 4.635477000119999866e+05
2.805799870000000169e+02 4.831430489989999682e+06 4.635477000119999866e+05
2.805599980000000073e+02 4.831430510010000318e+06 4.635477199709999841e+05
2.806400150000000053e+02 4.831430489989999682e+06 4.635476799929999979e+05
2.805899959999999851e+02 4.831430489989999682e+06 4.635476799929999979e+05
2.801799930000000245e+02 4.831430470000999980e+06 4.635480000000000000e+05
2.797699890000000096e+02 4.831430470000999980e+06 4.635479600220000139e+05
2.805899959999999851e+02 4.831430890014999546e+06 4.635479299929999979e+05
2.805100100000000225e+02 4.831430880005000159e+06 4.635479400020000176e+05
2.804299930000000245e+02 4.831430869994999841e+06 4.635479400020000176e+05
2.805499879999999848e+02 4.831430899993999861e+06 4.635478800049999845e+05
2.804800109999999904e+02 4.831430890014999546e+06 4.635478800049999845e+05
2.797799989999999752e+02 4.831430480011000298e+06 4.635479899899999727e+05
2.797600100000000225e+02 4.831430480011000298e+06 4.635479400020000176e+05
2.805700069999999755e+02 4.831430500000000000e+06 4.635476599730000016e+05
2.797699890000000096e+02 4.831430570007000118e+06 4.635475700070000021e+05
2.805199890000000096e+02 4.831430869994999841e+06 4.635478300169999711e+05
2.806900019999999927e+02 4.831430950012000278e+06 4.635478499760000268e+05
2.808200069999999755e+02 4.831431019988999702e+06 4.635478699950000155e+05
2.808699950000000172e+02 4.831431019988999702e+06 4.635478699950000155e+05
2.806199950000000172e+02 4.831430480011000298e+06 4.635476300049999845e+05
2.804500120000000152e+02 4.831430910004000179e+06 4.635478900150000118e+05
2.804700010000000248e+02 4.831430880005000159e+06 4.635478800049999845e+05
2.805100100000000225e+02 4.831430869994999841e+06 4.635478699950000155e+05
2.806000060000000076e+02 4.831430910004000179e+06 4.635478800049999845e+05
2.807000120000000152e+02 4.831430940001999959e+06 4.635478800049999845e+05
2.807999879999999848e+02 4.831430980011000298e+06 4.635478900150000118e+05
2.802999879999999848e+02 4.831430799987999722e+06 4.635478900150000118e+05
2.803500060000000076e+02 4.831430809998000041e+06 4.635478900150000118e+05
2.804500120000000152e+02 4.831430850006000139e+06 4.635479000239999732e+05
2.805000000000000000e+02 4.831430850006000139e+06 4.635479000239999732e+05
2.805599980000000073e+02 4.831430859985000454e+06 4.635479000239999732e+05
2.798299870000000169e+02 4.831430470000999980e+06 4.635478800049999845e+05
2.801199950000000172e+02 4.831430649993999861e+06 4.635479400020000176e+05
2.798099980000000073e+02 4.831430470000999980e+06 4.635479299929999979e+05
2.797900089999999977e+02 4.831430570007000118e+06 4.635475599979999824e+05
2.798200069999999755e+02 4.831430559998000041e+06 4.635475599979999824e+05
2.797600100000000225e+02 4.831430540009000339e+06 4.635475900269999984e+05
2.805199890000000096e+02 4.831430890014999546e+06 4.635478900150000118e+05
2.806400150000000053e+02 4.831430940001999959e+06 4.635479199830000289e+05
2.807200010000000248e+02 4.831430920013000257e+06 4.635479099730000016e+05
2.803399959999999851e+02 4.831430850006000139e+06 4.635479099730000016e+05
2.803999939999999924e+02 4.831430850006000139e+06 4.635479099730000016e+05
2.804599910000000023e+02 4.831430859985000454e+06 4.635479199830000289e+05
2.805299989999999752e+02 4.831430869994999841e+06 4.635479299929999979e+05
2.803599849999999947e+02 4.831430799987999722e+06 4.635479299929999979e+05
2.802500000000000000e+02 4.831430760010000318e+06 4.635479400020000176e+05
2.804200129999999831e+02 4.831430470000999980e+06 4.635479299929999979e+05
2.798399959999999851e+02 4.831430489989999682e+06 4.635479899899999727e+05
2.805899959999999851e+02 4.831430920013000257e+06 4.635479000239999732e+05
2.807699890000000096e+02 4.831430510010000318e+06 4.635475900269999984e+05
2.805000000000000000e+02 4.831430880005000159e+06 4.635479099730000016e+05
2.807300109999999904e+02 4.831430510010000318e+06 4.635476500239999732e+05
2.797999879999999848e+02 4.831430570007000118e+06 4.635475700070000021e+05
2.804100040000000149e+02 4.831430869994999841e+06 4.635479299929999979e+05
2.804400019999999927e+02 4.831430850006000139e+06 4.635479199830000289e+05
2.805000000000000000e+02 4.831430839995999821e+06 4.635479299929999979e+05
2.803099980000000073e+02 4.831430820007000118e+06 4.635479199830000289e+05
2.803800049999999828e+02 4.831430820007000118e+06 4.635479400020000176e+05
2.805499879999999848e+02 4.831430480011000298e+06 4.635476799929999979e+05
2.802999879999999848e+02 4.831430790009000339e+06 4.635479400020000176e+05
2.802799989999999752e+02 4.831430760010000318e+06 4.635479500119999866e+05
2.797999879999999848e+02 4.831430480011000298e+06 4.635480000000000000e+05
2.798599849999999947e+02 4.831430470000999980e+06 4.635480100100000273e+05
2.808099980000000073e+02 4.831430890014999546e+06 4.635478400269999984e+05
2.807600100000000225e+02 4.831430920013000257e+06 4.635478499760000268e+05
2.806499939999999924e+02 4.831430890014999546e+06 4.635478499760000268e+05
2.806900019999999927e+02 4.831430910004000179e+06 4.635478400269999984e+05
2.805299989999999752e+02 4.831430839995999821e+06 4.635478800049999845e+05
2.806499939999999924e+02 4.831430890014999546e+06 4.635478400269999984e+05
2.806799930000000245e+02 4.831430920013000257e+06 4.635478300169999711e+05
2.801600040000000149e+02 4.831430649993999861e+06 4.635479299929999979e+05
2.801799930000000245e+02 4.831430670013000257e+06 4.635479199830000289e+05
2.802200010000000248e+02 4.831430690001999959e+06 4.635479099730000016e+05
2.802600100000000225e+02 4.831430739989999682e+06 4.635478900150000118e+05
2.801099849999999947e+02 4.831430619994999841e+06 4.635479099730000016e+05
2.801300049999999828e+02 4.831430640014999546e+06 4.635479000239999732e+05
2.801300049999999828e+02 4.831430630005000159e+06 4.635479500119999866e+05
2.804100040000000149e+02 4.831430779999000020e+06 4.635479099730000016e+05
2.804299930000000245e+02 4.831430769988999702e+06 4.635479299929999979e+05
2.805299989999999752e+02 4.831430850006000139e+06 4.635479000239999732e+05
2.805700069999999755e+02 4.831430850006000139e+06 4.635479099730000016e+05
2.806099849999999947e+02 4.831430839995999821e+06 4.635479099730000016e+05
2.809400019999999927e+02 4.831430850006000139e+06 4.635478599849999882e+05
2.806400150000000053e+02 4.831430929992999882e+06 4.635479199830000289e+05
2.807200010000000248e+02 4.831430929992999882e+06 4.635479000239999732e+05
2.808599849999999947e+02 4.831431019988999702e+06 4.635478900150000118e+05
2.798099980000000073e+02 4.831430470000999980e+06 4.635479600220000139e+05
2.804100040000000149e+02 4.831430809998000041e+06 4.635478900150000118e+05
2.804400019999999927e+02 4.831430799987999722e+06 4.635479099730000016e+05
2.809100040000000149e+02 4.831430890014999546e+06 4.635478499760000268e+05
2.802900089999999977e+02 4.831430750000000000e+06 4.635479000239999732e+05
2.803500060000000076e+02 4.831430769988999702e+06 4.635479000239999732e+05
2.804800109999999904e+02 4.831430829986999743e+06 4.635478699950000155e+05
2.805499879999999848e+02 4.831430850006000139e+06 4.635478699950000155e+05
2.806099849999999947e+02 4.831430859985000454e+06 4.635478800049999845e+05
2.807300109999999904e+02 4.831430920013000257e+06 4.635478499760000268e+05
2.808699950000000172e+02 4.831430880005000159e+06 4.635478699950000155e+05
2.806700129999999831e+02 4.831430850006000139e+06 4.635478699950000155e+05
2.806000060000000076e+02 4.831430839995999821e+06 4.635478699950000155e+05
2.804700010000000248e+02 4.831430809998000041e+06 4.635478900150000118e+05
2.808900150000000053e+02 4.831430859985000454e+06 4.635478699950000155e+05
2.806000060000000076e+02 4.831430809998000041e+06 4.635478800049999845e+05
2.805400089999999977e+02 4.831430809998000041e+06 4.635478699950000155e+05
2.808900150000000053e+02 4.831430869994999841e+06 4.635478499760000268e+05
2.805599980000000073e+02 4.831430799987999722e+06 4.635478800049999845e+05
2.808900150000000053e+02 4.831430859985000454e+06 4.635478599849999882e+05
2.806000060000000076e+02 4.831430820007000118e+06 4.635478499760000268e+05
2.808800049999999828e+02 4.831430859985000454e+06 4.635478499760000268e+05
2.805799870000000169e+02 4.831430809998000041e+06 4.635478599849999882e+05
2.808800049999999828e+02 4.831430850006000139e+06 4.635478499760000268e+05
2.805100100000000225e+02 4.831430779999000020e+06 4.635478900150000118e+05
2.809100040000000149e+02 4.831430839995999821e+06 4.635478400269999984e+05
2.804700010000000248e+02 4.831430739989999682e+06 4.635478900150000118e+05
2.804100040000000149e+02 4.831430739989999682e+06 4.635478900150000118e+05
2.801900019999999927e+02 4.831430619994999841e+06 4.635479299929999979e+05
2.801700129999999831e+02 4.831430630005000159e+06 4.635479000239999732e+05
2.800199890000000096e+02 4.831430500000000000e+06 4.635479600220000139e+05
2.800499879999999848e+02 4.831430519988999702e+06 4.635479299929999979e+05
2.807900089999999977e+02 4.831430890014999546e+06 4.635478900150000118e+05
2.806900019999999927e+02 4.831430820007000118e+06 4.635479099730000016e+05
2.806499939999999924e+02 4.831430829986999743e+06 4.635479000239999732e+05
2.804400019999999927e+02 4.831430820007000118e+06 4.635479400020000176e+05
2.805700069999999755e+02 4.831430760010000318e+06 4.635479099730000016e+05
2.805199890000000096e+02 4.831430769988999702e+06 4.635479099730000016e+05
2.804899899999999775e+02 4.831430779999000020e+06 4.635478900150000118e+05
2.803599849999999947e+02 4.831430700012000278e+06 4.635479099730000016e+05
2.802500000000000000e+02 4.831430619994999841e+06 4.635479400020000176e+05
2.802099910000000023e+02 4.831430630005000159e+06 4.635479299929999979e+05
2.801700129999999831e+02 4.831430570007000118e+06 4.635479299929999979e+05
2.800899959999999851e+02 4.831430519988999702e+06 4.635479500119999866e+05
2.798200069999999755e+02 4.831430529999000020e+06 4.635475800169999711e+05
2.798200069999999755e+02 4.831430489989999682e+06 4.635475800169999711e+05
2.804400019999999927e+02 4.831430470000999980e+06 4.635477800290000159e+05
2.798299870000000169e+02 4.831430500000000000e+06 4.635479500119999866e+05
2.802399899999999775e+02 4.831430750000000000e+06 4.635479199830000289e+05
2.802500000000000000e+02 4.831430739989999682e+06 4.635479400020000176e+05
2.802099910000000023e+02 4.831430720000999980e+06 4.635479699709999841e+05
2.806300049999999828e+02 4.831430510010000318e+06 4.635476599730000016e+05
2.804500120000000152e+02 4.831430470000999980e+06 4.635477700199999963e+05
2.804800109999999904e+02 4.831430470000999980e+06 4.635479199830000289e+05
2.800799870000000169e+02 4.831430480011000298e+06 4.635479899899999727e+05
2.802600100000000225e+02 4.831430750000000000e+06 4.635479500119999866e+05
2.807900089999999977e+02 4.831430980011000298e+06 4.635478900150000118e+05
2.805100100000000225e+02 4.831430850006000139e+06 4.635479000239999732e+05
2.805799870000000169e+02 4.831430859985000454e+06 4.635478800049999845e+05
2.806700129999999831e+02 4.831430880005000159e+06 4.635478800049999845e+05
2.807200010000000248e+02 4.831430890014999546e+06 4.635478599849999882e+05
2.802099910000000023e+02 4.831430679992999882e+06 4.635479199830000289e+05
2.802500000000000000e+02 4.831430700012000278e+06 4.635479000239999732e+05
2.807200010000000248e+02 4.831430869994999841e+06 4.635479099730000016e+05
2.807900089999999977e+02 4.831430880005000159e+06 4.635478599849999882e+05
2.801900019999999927e+02 4.831430640014999546e+06 4.635479299929999979e+05
2.802000120000000152e+02 4.831430649993999861e+06 4.635479000239999732e+05
2.798099980000000073e+02 4.831430510010000318e+06 4.635476199950000155e+05
2.798099980000000073e+02 4.831430500000000000e+06 4.635476400150000118e+05
2.797999879999999848e+02 4.831430519988999702e+06 4.635476099849999882e+05
2.798399959999999851e+02 4.831430500000000000e+06 4.635476500239999732e+05
2.797600100000000225e+02 4.831430500000000000e+06 4.635476500239999732e+05
2.797600100000000225e+02 4.831430480011000298e+06 4.635476799929999979e+05
2.798299870000000169e+02 4.831430510010000318e+06 4.635476400150000118e+05
2.797600100000000225e+02 4.831430519988999702e+06 4.635476400150000118e+05
2.797999879999999848e+02 4.831430519988999702e+06 4.635476199950000155e+05
2.797699890000000096e+02 4.831430510010000318e+06 4.635476300049999845e+05
2.797799989999999752e+02 4.831430489989999682e+06 4.635476599730000016e+05
2.798200069999999755e+02 4.831430510010000318e+06 4.635476199950000155e+05
2.798099980000000073e+02 4.831430489989999682e+06 4.635476400150000118e+05
2.797900089999999977e+02 4.831430489989999682e+06 4.635476500239999732e+05
2.797999879999999848e+02 4.831430500000000000e+06 4.635476599730000016e+05
2.806400150000000053e+02 4.831430470000999980e+06 4.635477000119999866e+05
2.805100100000000225e+02 4.831430809998000041e+06 4.635479299929999979e+05
2.802000120000000152e+02 4.831430679992999882e+06 4.635479899899999727e+05
2.802200010000000248e+02 4.831430149993999861e+06 4.635480399779999861e+05
2.806199950000000172e+02 4.831430160004000179e+06 4.635480499880000134e+05
2.805000000000000000e+02 4.831430320007000118e+06 4.635481199950000155e+05
2.801199950000000172e+02 4.831430209990999661e+06 4.635480200199999963e+05
2.802099910000000023e+02 4.831430179992999882e+06 4.635480100100000273e+05
2.799800109999999904e+02 4.831430369994999841e+06 4.635480399779999861e+05
2.800400089999999977e+02 4.831430369994999841e+06 4.635480399779999861e+05
2.800799870000000169e+02 4.831430369994999841e+06 4.635480499880000134e+05
2.801300049999999828e+02 4.831430369994999841e+06 4.635480499880000134e+05
2.801799930000000245e+02 4.831430369994999841e+06 4.635480499880000134e+05
2.802300109999999904e+02 4.831430380005000159e+06 4.635480499880000134e+05
2.802699890000000096e+02 4.831430380005000159e+06 4.635480499880000134e+05
2.803099980000000073e+02 4.831430390014999546e+06 4.635480599979999824e+05
2.803599849999999947e+02 4.831430399993999861e+06 4.635480599979999824e+05
2.804299930000000245e+02 4.831430380005000159e+06 4.635480499880000134e+05
2.804800109999999904e+02 4.831430390014999546e+06 4.635480599979999824e+05
2.805299989999999752e+02 4.831430399993999861e+06 4.635480599979999824e+05
2.807600100000000225e+02 4.831430239989999682e+06 4.635479899899999727e+05
2.808200069999999755e+02 4.831430320007000118e+06 4.635480300290000159e+05
2.801400150000000053e+02 4.831430429992999882e+06 4.635480100100000273e+05
2.802000120000000152e+02 4.831430420013000257e+06 4.635480000000000000e+05
2.802200010000000248e+02 4.831430440001999959e+06 4.635480100100000273e+05
2.803200069999999755e+02 4.831430399993999861e+06 4.635479899899999727e+05
2.803599849999999947e+02 4.831430399993999861e+06 4.635480000000000000e+05
2.804100040000000149e+02 4.831430399993999861e+06 4.635480000000000000e+05
2.804599910000000023e+02 4.831430399993999861e+06 4.635480000000000000e+05
2.805100100000000225e+02 4.831430410004000179e+06 4.635480000000000000e+05
2.805899959999999851e+02 4.831430390014999546e+06 4.635479899899999727e+05
2.802000120000000152e+02 4.831430160004000179e+06 4.635480200199999963e+05
2.803200069999999755e+02 4.831430140014999546e+06 4.635479899899999727e+05
2.801499939999999924e+02 4.831430350006000139e+06 4.635480499880000134e+05
2.802099910000000023e+02 4.831430350006000139e+06 4.635480499880000134e+05
2.802500000000000000e+02 4.831430359985000454e+06 4.635480399779999861e+05
2.802999879999999848e+02 4.831430359985000454e+06 4.635480399779999861e+05
2.803399959999999851e+02 4.831430369994999841e+06 4.635480399779999861e+05
2.804100040000000149e+02 4.831430369994999841e+06 4.635480300290000159e+05
2.804700010000000248e+02 4.831430369994999841e+06 4.635480200199999963e+05
2.805299989999999752e+02 4.831430369994999841e+06 4.635480100100000273e+05
2.807500000000000000e+02 4.831430239989999682e+06 4.635478900150000118e+05
2.806900019999999927e+02 4.831430339995999821e+06 4.635479600220000139e+05
2.807200010000000248e+02 4.831430359985000454e+06 4.635479699709999841e+05
2.801700129999999831e+02 4.831430369994999841e+06 4.635480000000000000e+05
2.802200010000000248e+02 4.831430369994999841e+06 4.635480000000000000e+05
2.802799989999999752e+02 4.831430380005000159e+06 4.635479899899999727e+05
2.803399959999999851e+02 4.831430380005000159e+06 4.635479799800000037e+05
2.803900150000000053e+02 4.831430390014999546e+06 4.635479799800000037e+05
2.804400019999999927e+02 4.831430390014999546e+06 4.635479699709999841e+05
2.804800109999999904e+02 4.831430399993999861e+06 4.635479699709999841e+05
2.805299989999999752e+02 4.831430410004000179e+06 4.635479699709999841e+05
2.805799870000000169e+02 4.831430410004000179e+06 4.635479600220000139e+05
2.806300049999999828e+02 4.831430420013000257e+06 4.635479600220000139e+05
2.806700129999999831e+02 4.831430429992999882e+06 4.635479600220000139e+05
2.802500000000000000e+02 4.831430380005000159e+06 4.635479799800000037e+05
2.802999879999999848e+02 4.831430380005000159e+06 4.635479699709999841e+05
2.803399959999999851e+02 4.831430390014999546e+06 4.635479699709999841e+05
2.803900150000000053e+02 4.831430399993999861e+06 4.635479699709999841e+05
2.804400019999999927e+02 4.831430410004000179e+06 4.635479699709999841e+05
2.805499879999999848e+02 4.831430420013000257e+06 4.635479500119999866e+05
2.801099849999999947e+02 4.831430350006000139e+06 4.635480300290000159e+05
2.801700129999999831e+02 4.831430359985000454e+06 4.635480200199999963e+05
2.802300109999999904e+02 4.831430359985000454e+06 4.635480200199999963e+05
2.802900089999999977e+02 4.831430369994999841e+06 4.635480100100000273e+05
2.803399959999999851e+02 4.831430369994999841e+06 4.635480000000000000e+05
2.803900150000000053e+02 4.831430380005000159e+06 4.635480000000000000e+05
2.804400019999999927e+02 4.831430380005000159e+06 4.635479899899999727e+05
2.804899899999999775e+02 4.831430380005000159e+06 4.635479799800000037e+05
2.805499879999999848e+02 4.831430380005000159e+06 4.635479699709999841e+05
2.806099849999999947e+02 4.831430380005000159e+06 4.635479600220000139e+05
2.806600040000000149e+02 4.831430380005000159e+06 4.635479500119999866e+05
2.806900019999999927e+02 4.831430410004000179e+06 4.635479600220000139e+05
2.807600100000000225e+02 4.831430399993999861e+06 4.635479400020000176e+05
2.800899959999999851e+02 4.831430350006000139e+06 4.635480300290000159e+05
2.801400150000000053e+02 4.831430359985000454e+06 4.635480200199999963e+05
2.802000120000000152e+02 4.831430359985000454e+06 4.635480200199999963e+05
2.802500000000000000e+02 4.831430359985000454e+06 4.635480100100000273e+05
2.803099980000000073e+02 4.831430359985000454e+06 4.635480000000000000e+05
2.803699950000000172e+02 4.831430369994999841e+06 4.635479899899999727e+05
2.804200129999999831e+02 4.831430380005000159e+06 4.635479899899999727e+05
2.804899899999999775e+02 4.831430380005000159e+06 4.635479799800000037e+05
2.805299989999999752e+02 4.831430380005000159e+06 4.635479699709999841e+05
2.805799870000000169e+02 4.831430390014999546e+06 4.635479699709999841e+05
2.806499939999999924e+02 4.831430369994999841e+06 4.635479400020000176e+05
2.806799930000000245e+02 4.831430399993999861e+06 4.635479600220000139e+05
2.807200010000000248e+02 4.831430410004000179e+06 4.635479500119999866e+05
2.801600040000000149e+02 4.831430359985000454e+06 4.635480000000000000e+05
2.802000120000000152e+02 4.831430369994999841e+06 4.635479899899999727e+05
2.802500000000000000e+02 4.831430369994999841e+06 4.635479899899999727e+05
2.802999879999999848e+02 4.831430369994999841e+06 4.635479799800000037e+05
2.803399959999999851e+02 4.831430380005000159e+06 4.635479799800000037e+05
2.803999939999999924e+02 4.831430390014999546e+06 4.635479699709999841e+05
2.804400019999999927e+02 4.831430399993999861e+06 4.635479699709999841e+05
2.804899899999999775e+02 4.831430410004000179e+06 4.635479699709999841e+05
2.805400089999999977e+02 4.831430410004000179e+06 4.635479600220000139e+05
2.804800109999999904e+02 4.831430350006000139e+06 4.635481599730000016e+05
2.804100040000000149e+02 4.831430390014999546e+06 4.635481699830000289e+05
2.801300049999999828e+02 4.831430140014999546e+06 4.635480000000000000e+05
2.801900019999999927e+02 4.831430140014999546e+06 4.635479899899999727e+05
2.806600040000000149e+02 4.831430339995999821e+06 4.635480000000000000e+05
2.807200010000000248e+02 4.831430350006000139e+06 4.635479799800000037e+05
2.801799930000000245e+02 4.831430209990999661e+06 4.635479799800000037e+05
2.805899959999999851e+02 4.831430359985000454e+06 4.635479799800000037e+05
2.806400150000000053e+02 4.831430369994999841e+06 4.635479699709999841e+05
2.806900019999999927e+02 4.831430380005000159e+06 4.635479600220000139e+05
2.801000060000000076e+02 4.831430329986999743e+06 4.635480200199999963e+05
2.802200010000000248e+02 4.831430339995999821e+06 4.635479899899999727e+05
2.802600100000000225e+02 4.831430350006000139e+06 4.635479899899999727e+05
2.803099980000000073e+02 4.831430359985000454e+06 4.635479799800000037e+05
2.803900150000000053e+02 4.831430350006000139e+06 4.635479500119999866e+05
2.804200129999999831e+02 4.831430380005000159e+06 4.635479600220000139e+05
2.804599910000000023e+02 4.831430350006000139e+06 4.635480300290000159e+05
2.804100040000000149e+02 4.831430350006000139e+06 4.635480399779999861e+05
2.803399959999999851e+02 4.831430350006000139e+06 4.635480399779999861e+05
2.802999879999999848e+02 4.831430339995999821e+06 4.635480399779999861e+05
2.802500000000000000e+02 4.831430329986999743e+06 4.635480399779999861e+05
2.802099910000000023e+02 4.831430320007000118e+06 4.635480399779999861e+05
2.800299989999999752e+02 4.831430309998000041e+06 4.635480599979999824e+05
2.799500120000000152e+02 4.831430290009000339e+06 4.635480599979999824e+05
2.798500060000000076e+02 4.831430269988999702e+06 4.635480599979999824e+05
2.797600100000000225e+02 4.831430279999000020e+06 4.635480800169999711e+05
2.805700069999999755e+02 4.831430329986999743e+06 4.635480599979999824e+05
2.805000000000000000e+02 4.831430329986999743e+06 4.635480700070000021e+05
2.804500120000000152e+02 4.831430320007000118e+06 4.635480700070000021e+05
2.803900150000000053e+02 4.831430320007000118e+06 4.635480800169999711e+05
2.803500060000000076e+02 4.831430309998000041e+06 4.635480800169999711e+05
2.802900089999999977e+02 4.831430309998000041e+06 4.635480800169999711e+05
2.802200010000000248e+02 4.831430309998000041e+06 4.635480900269999984e+05
2.801400150000000053e+02 4.831430149993999861e+06 4.635480499880000134e+05
2.801900019999999927e+02 4.831430429992999882e+06 4.635480300290000159e+05
2.807099910000000023e+02 4.831430290009000339e+06 4.635480100100000273e+05
2.805400089999999977e+02 4.831430359985000454e+06 4.635480399779999861e+05
2.804200129999999831e+02 4.831430369994999841e+06 4.635480399779999861e+05
2.803699950000000172e+02 4.831430359985000454e+06 4.635480399779999861e+05
2.802999879999999848e+02 4.831430369994999841e+06 4.635480399779999861e+05
2.802600100000000225e+02 4.831430369994999841e+06 4.635480399779999861e+05
2.798999939999999924e+02 4.831430440001999959e+06 4.635480700070000021e+05
2.807699890000000096e+02 4.831430260010000318e+06 4.635480300290000159e+05
2.805799870000000169e+02 4.831430299987999722e+06 4.635480499880000134e+05
2.804899899999999775e+02 4.831430320007000118e+06 4.635480599979999824e+05
2.804599910000000023e+02 4.831430309998000041e+06 4.635480499880000134e+05
2.803399959999999851e+02 4.831430350006000139e+06 4.635480700070000021e+05
2.802999879999999848e+02 4.831430339995999821e+06 4.635480599979999824e+05
2.802300109999999904e+02 4.831430350006000139e+06 4.635480599979999824e+05
2.801700129999999831e+02 4.831430350006000139e+06 4.635480700070000021e+05
2.801099849999999947e+02 4.831430359985000454e+06 4.635480599979999824e+05
2.800599980000000073e+02 4.831430350006000139e+06 4.635480599979999824e+05
2.800000000000000000e+02 4.831430350006000139e+06 4.635480599979999824e+05
2.802099910000000023e+02 4.831430320007000118e+06 4.635480900269999984e+05
2.801600040000000149e+02 4.831430320007000118e+06 4.635480900269999984e+05
2.801099849999999947e+02 4.831430320007000118e+06 4.635480900269999984e+05
2.800599980000000073e+02 4.831430320007000118e+06 4.635480800169999711e+05
2.800100100000000225e+02 4.831430320007000118e+06 4.635480800169999711e+05
2.799599910000000023e+02 4.831430320007000118e+06 4.635480800169999711e+05
2.798999939999999924e+02 4.831430309998000041e+06 4.635480700070000021e+05
2.798699950000000172e+02 4.831430299987999722e+06 4.635480599979999824e+05
2.801900019999999927e+02 4.831430339995999821e+06 4.635481400150000118e+05
2.801799930000000245e+02 4.831430309998000041e+06 4.635481199950000155e+05
2.800899959999999851e+02 4.831430329986999743e+06 4.635481300049999845e+05
2.800400089999999977e+02 4.831430320007000118e+06 4.635481199950000155e+05
2.799800109999999904e+02 4.831430320007000118e+06 4.635481199950000155e+05
2.799100040000000149e+02 4.831430260010000318e+06 4.635480800169999711e+05
2.798200069999999755e+02 4.831430279999000020e+06 4.635480900269999984e+05
2.799899899999999775e+02 4.831430299987999722e+06 4.635481300049999845e+05
2.797699890000000096e+02 4.831430290009000339e+06 4.635481099849999882e+05
2.801900019999999927e+02 4.831430149993999861e+06 4.635480700070000021e+05
2.799200129999999831e+02 4.831430220000999980e+06 4.635480999760000268e+05
2.802699890000000096e+02 4.831430130005000159e+06 4.635480800169999711e+05
2.801300049999999828e+02 4.831430149993999861e+06 4.635480800169999711e+05
2.801000060000000076e+02 4.831430140014999546e+06 4.635480999760000268e+05
2.800299989999999752e+02 4.831430149993999861e+06 4.635481099849999882e+05
2.802799989999999752e+02 4.831430459990999661e+06 4.635480599979999824e+05
2.801799930000000245e+02 4.831430429992999882e+06 4.635480200199999963e+05
2.804500120000000152e+02 4.831430329986999743e+06 4.635480999760000268e+05
2.804100040000000149e+02 4.831430320007000118e+06 4.635480900269999984e+05
2.803500060000000076e+02 4.831430329986999743e+06 4.635480800169999711e+05
2.802900089999999977e+02 4.831430339995999821e+06 4.635480700070000021e+05
2.802399899999999775e+02 4.831430339995999821e+06 4.635480599979999824e+05
2.801900019999999927e+02 4.831430339995999821e+06 4.635480599979999824e+05
2.801099849999999947e+02 4.831430359985000454e+06 4.635480499880000134e+05
2.800599980000000073e+02 4.831430369994999841e+06 4.635480399779999861e+05
2.801400150000000053e+02 4.831430329986999743e+06 4.635481199950000155e+05
2.800899959999999851e+02 4.831430329986999743e+06 4.635481099849999882e+05
2.800499879999999848e+02 4.831430320007000118e+06 4.635480999760000268e+05
2.798999939999999924e+02 4.831430320007000118e+06 4.635480700070000021e+05
2.800899959999999851e+02 4.831430149993999861e+06 4.635481099849999882e+05
2.800000000000000000e+02 4.831430170013000257e+06 4.635480999760000268e+05
2.808399959999999851e+02 4.831430250000000000e+06 4.635481099849999882e+05
2.804800109999999904e+02 4.831430420013000257e+06 4.635481799929999979e+05
2.804100040000000149e+02 4.831430380005000159e+06 4.635479500119999866e+05
2.804400019999999927e+02 4.831430399993999861e+06 4.635479500119999866e+05
2.804599910000000023e+02 4.831430380005000159e+06 4.635481500239999732e+05
2.805100100000000225e+02 4.831430359985000454e+06 4.635479600220000139e+05
2.806700129999999831e+02 4.831430380005000159e+06 4.635479199830000289e+05
2.807000120000000152e+02 4.831430410004000179e+06 4.635479299929999979e+05
2.803099980000000073e+02 4.831430390014999546e+06 4.635480200199999963e+05
2.803500060000000076e+02 4.831430399993999861e+06 4.635480999760000268e+05
2.803399959999999851e+02 4.831430380005000159e+06 4.635480900269999984e+05
2.803900150000000053e+02 4.831430399993999861e+06 4.635481400150000118e+05
2.803699950000000172e+02 4.831430359985000454e+06 4.635481099849999882e+05
2.805000000000000000e+02 4.831430380005000159e+06 4.635480200199999963e+05
2.805000000000000000e+02 4.831430350006000139e+06 4.635480000000000000e+05
2.801499939999999924e+02 4.831430410004000179e+06 4.635480399779999861e+05
2.801900019999999927e+02 4.831430380005000159e+06 4.635480300290000159e+05
2.802300109999999904e+02 4.831430339995999821e+06 4.635480100100000273e+05
2.804100040000000149e+02 4.831430369994999841e+06 4.635481599730000016e+05
2.804299930000000245e+02 4.831430149993999861e+06 4.635480000000000000e+05
2.805499879999999848e+02 4.831430149993999861e+06 4.635480000000000000e+05
2.803399959999999851e+02 4.831430160004000179e+06 4.635479899899999727e+05
2.804700010000000248e+02 4.831430160004000179e+06 4.635479899899999727e+05
2.803399959999999851e+02 4.831430160004000179e+06 4.635479899899999727e+05
2.801499939999999924e+02 4.831430390014999546e+06 4.635480300290000159e+05
2.801300049999999828e+02 4.831430399993999861e+06 4.635480200199999963e+05
2.804299930000000245e+02 4.831430440001999959e+06 4.635480000000000000e+05
2.803399959999999851e+02 4.831430450012000278e+06 4.635480100100000273e+05
2.807999879999999848e+02 4.831430459990999661e+06 4.635479099730000016e+05
2.807500000000000000e+02 4.831430459990999661e+06 4.635479099730000016e+05
2.802099910000000023e+02 4.831430230011000298e+06 4.635479899899999727e+05
2.807799989999999752e+02 4.831430450012000278e+06 4.635479199830000289e+05
2.804500120000000152e+02 4.831430459990999661e+06 4.635480000000000000e+05
2.803500060000000076e+02 4.831430410004000179e+06 4.635479899899999727e+05
2.804200129999999831e+02 4.831430420013000257e+06 4.635479799800000037e+05
2.805700069999999755e+02 4.831430369994999841e+06 4.635479799800000037e+05
2.804700010000000248e+02 4.831430450012000278e+06 4.635479600220000139e+05
2.805700069999999755e+02 4.831430459990999661e+06 4.635479699709999841e+05
2.806300049999999828e+02 4.831430459990999661e+06 4.635479699709999841e+05
2.807099910000000023e+02 4.831430459990999661e+06 4.635479799800000037e+05
2.805400089999999977e+02 4.831430429992999882e+06 4.635480000000000000e+05
2.805899959999999851e+02 4.831430420013000257e+06 4.635480000000000000e+05
2.806700129999999831e+02 4.831430420013000257e+06 4.635480000000000000e+05
2.801400150000000053e+02 4.831430399993999861e+06 4.635480100100000273e+05
2.801600040000000149e+02 4.831430220000999980e+06 4.635480000000000000e+05
2.803200069999999755e+02 4.831430140014999546e+06 4.635479500119999866e+05
2.804899899999999775e+02 4.831430420013000257e+06 4.635481699830000289e+05
2.803399959999999851e+02 4.831430140014999546e+06 4.635479799800000037e+05
2.804200129999999831e+02 4.831430130005000159e+06 4.635479899899999727e+05
2.807099910000000023e+02 4.831430149993999861e+06 4.635480000000000000e+05
2.803900150000000053e+02 4.831430140014999546e+06 4.635480000000000000e+05
2.803900150000000053e+02 4.831430179992999882e+06 4.635480200199999963e+05
2.803099980000000073e+02 4.831430170013000257e+06 4.635480200199999963e+05
2.802999879999999848e+02 4.831430200012000278e+06 4.635480300290000159e+05
2.802200010000000248e+02 4.831430440001999959e+06 4.635480300290000159e+05
2.801799930000000245e+02 4.831430450012000278e+06 4.635480300290000159e+05
2.800599980000000073e+02 4.831430440001999959e+06 4.635480300290000159e+05
2.806799930000000245e+02 4.831430130005000159e+06 4.635480000000000000e+05
2.803399959999999851e+02 4.831430130005000159e+06 4.635479699709999841e+05
2.803699950000000172e+02 4.831430179992999882e+06 4.635480000000000000e+05
2.802600100000000225e+02 4.831430380005000159e+06 4.635479799800000037e+05
2.804299930000000245e+02 4.831430410004000179e+06 4.635479699709999841e+05
2.805000000000000000e+02 4.831430420013000257e+06 4.635479699709999841e+05
2.805499879999999848e+02 4.831430429992999882e+06 4.635479699709999841e+05
2.801900019999999927e+02 4.831430290009000339e+06 4.635480000000000000e+05
2.803900150000000053e+02 4.831430420013000257e+06 4.635481099849999882e+05
2.804299930000000245e+02 4.831430410004000179e+06 4.635480999760000268e+05
2.805100100000000225e+02 4.831430440001999959e+06 4.635479899899999727e+05
2.805499879999999848e+02 4.831430440001999959e+06 4.635479899899999727e+05
2.803800049999999828e+02 4.831430459990999661e+06 4.635479699709999841e+05
2.805400089999999977e+02 4.831430440001999959e+06 4.635479899899999727e+05
2.806499939999999924e+02 4.831430429992999882e+06 4.635480000000000000e+05
2.802300109999999904e+02 4.831430329986999743e+06 4.635480399779999861e+05
2.805000000000000000e+02 4.831430440001999959e+06 4.635481799929999979e+05
2.805400089999999977e+02 4.831430429992999882e+06 4.635481799929999979e+05
2.801600040000000149e+02 4.831430230011000298e+06 4.635479899899999727e+05
2.802300109999999904e+02 4.831430230011000298e+06 4.635480100100000273e+05
2.802799989999999752e+02 4.831430220000999980e+06 4.635480100100000273e+05
2.803900150000000053e+02 4.831430140014999546e+06 4.635479699709999841e+05
2.805799870000000169e+02 4.831430450012000278e+06 4.635481799929999979e+05
2.804299930000000245e+02 4.831430390014999546e+06 4.635481599730000016e+05
2.803500060000000076e+02 4.831430140014999546e+06 4.635479799800000037e+05
2.803900150000000053e+02 4.831430140014999546e+06 4.635479899899999727e+05
2.807399899999999775e+02 4.831430399993999861e+06 4.635479299929999979e+05
2.804100040000000149e+02 4.831430459990999661e+06 4.635479500119999866e+05
2.804500120000000152e+02 4.831430459990999661e+06 4.635479699709999841e+05
2.804800109999999904e+02 4.831430450012000278e+06 4.635481400150000118e+05
2.808500060000000076e+02 4.831430410004000179e+06 4.635479400020000176e+05
2.804899899999999775e+02 4.831430339995999821e+06 4.635481699830000289e+05
2.804500120000000152e+02 4.831430339995999821e+06 4.635481500239999732e+05
2.804299930000000245e+02 4.831430350006000139e+06 4.635481300049999845e+05
2.803999939999999924e+02 4.831430359985000454e+06 4.635481199950000155e+05
2.807500000000000000e+02 4.831430410004000179e+06 4.635479699709999841e+05
2.807300109999999904e+02 4.831430420013000257e+06 4.635479500119999866e+05
2.806400150000000053e+02 4.831430399993999861e+06 4.635479500119999866e+05
2.805799870000000169e+02 4.831430399993999861e+06 4.635479400020000176e+05
2.805299989999999752e+02 4.831430399993999861e+06 4.635479299929999979e+05
2.803599849999999947e+02 4.831430320007000118e+06 4.635479600220000139e+05
2.801700129999999831e+02 4.831430269988999702e+06 4.635480000000000000e+05
2.801400150000000053e+02 4.831430130005000159e+06 4.635480100100000273e+05
2.806900019999999927e+02 4.831430420013000257e+06 4.635479500119999866e+05
2.808500060000000076e+02 4.831430459990999661e+06 4.635479400020000176e+05
2.803099980000000073e+02 4.831430450012000278e+06 4.635480100100000273e+05
2.803099980000000073e+02 4.831430429992999882e+06 4.635480399779999861e+05
2.806000060000000076e+02 4.831430329986999743e+06 4.635479500119999866e+05
2.807600100000000225e+02 4.831430149993999861e+06 4.635480200199999963e+05
2.807300109999999904e+02 4.831430140014999546e+06 4.635480300290000159e+05
2.801900019999999927e+02 4.831430209990999661e+06 4.635480000000000000e+05
2.807699890000000096e+02 4.831430160004000179e+06 4.635480300290000159e+05
2.800700069999999755e+02 4.831430250000000000e+06 4.635480100100000273e+05
2.808099980000000073e+02 4.831430170013000257e+06 4.635480200199999963e+05
2.807900089999999977e+02 4.831430160004000179e+06 4.635480300290000159e+05
2.801099849999999947e+02 4.831430220000999980e+06 4.635480200199999963e+05
2.802099910000000023e+02 4.831430359985000454e+06 4.635480000000000000e+05
2.801700129999999831e+02 4.831430359985000454e+06 4.635480200199999963e+05
2.807000120000000152e+02 4.831430369994999841e+06 4.635480000000000000e+05
2.806600040000000149e+02 4.831430369994999841e+06 4.635480100100000273e+05
2.807099910000000023e+02 4.831430390014999546e+06 4.635480300290000159e+05
2.806300049999999828e+02 4.831430399993999861e+06 4.635480300290000159e+05
2.800100100000000225e+02 4.831430269988999702e+06 4.635480399779999861e+05
2.799500120000000152e+02 4.831430260010000318e+06 4.635480499880000134e+05
2.806199950000000172e+02 4.831430399993999861e+06 4.635480300290000159e+05
2.805799870000000169e+02 4.831430380005000159e+06 4.635480399779999861e+05
2.804500120000000152e+02 4.831430369994999841e+06 4.635480499880000134e+05
2.803399959999999851e+02 4.831430369994999841e+06 4.635480300290000159e+05
2.803200069999999755e+02 4.831430350006000139e+06 4.635480499880000134e+05
2.806300049999999828e+02 4.831430420013000257e+06 4.635480499880000134e+05
2.805899959999999851e+02 4.831430410004000179e+06 4.635480599979999824e+05
2.804400019999999927e+02 4.831430410004000179e+06 4.635480300290000159e+05
2.804100040000000149e+02 4.831430399993999861e+06 4.635480399779999861e+05
2.803500060000000076e+02 4.831430399993999861e+06 4.635480399779999861e+05
2.802999879999999848e+02 4.831430390014999546e+06 4.635480499880000134e+05
2.800899959999999851e+02 4.831430369994999841e+06 4.635480399779999861e+05
2.801799930000000245e+02 4.831430420013000257e+06 4.635480599979999824e+05
2.799200129999999831e+02 4.831430390014999546e+06 4.635480599979999824e+05
2.807200010000000248e+02 4.831430369994999841e+06 4.635480499880000134e+05
2.807000120000000152e+02 4.831430440001999959e+06 4.635480200199999963e+05
2.806600040000000149e+02 4.831430429992999882e+06 4.635480300290000159e+05
2.806099849999999947e+02 4.831430420013000257e+06 4.635480300290000159e+05
2.805700069999999755e+02 4.831430399993999861e+06 4.635480399779999861e+05
2.805199890000000096e+02 4.831430380005000159e+06 4.635480399779999861e+05
2.804899899999999775e+02 4.831430450012000278e+06 4.635480399779999861e+05
2.802900089999999977e+02 4.831430399993999861e+06 4.635480399779999861e+05
2.798800049999999828e+02 4.831430359985000454e+06 4.635480599979999824e+05
2.804299930000000245e+02 4.831430760010000318e+06 4.635479699709999841e+05
2.804500120000000152e+02 4.831430790009000339e+06 4.635479899899999727e+05
2.805000000000000000e+02 4.831430839995999821e+06 4.635480000000000000e+05
2.805400089999999977e+02 4.831430829986999743e+06 4.635479500119999866e+05
2.805799870000000169e+02 4.831430829986999743e+06 4.635479500119999866e+05
2.806199950000000172e+02 4.831430839995999821e+06 4.635479500119999866e+05
2.806400150000000053e+02 4.831430869994999841e+06 4.635479600220000139e+05
2.807300109999999904e+02 4.831430890014999546e+06 4.635479600220000139e+05
2.806900019999999927e+02 4.831430880005000159e+06 4.635479299929999979e+05
2.807200010000000248e+02 4.831430910004000179e+06 4.635479500119999866e+05
2.808900150000000053e+02 4.831430920013000257e+06 4.635479299929999979e+05
2.808900150000000053e+02 4.831430959990999661e+06 4.635479500119999866e+05
2.807300109999999904e+02 4.831430910004000179e+06 4.635479199830000289e+05
2.808599849999999947e+02 4.831430940001999959e+06 4.635479199830000289e+05
2.808999939999999924e+02 4.831430959990999661e+06 4.635479199830000289e+05
2.809500120000000152e+02 4.831430959990999661e+06 4.635479199830000289e+05
2.809899899999999775e+02 4.831430970000999980e+06 4.635479199830000289e+05
2.807399899999999775e+02 4.831430940001999959e+06 4.635479199830000289e+05
2.808399959999999851e+02 4.831430950012000278e+06 4.635479099730000016e+05
2.808999939999999924e+02 4.831430950012000278e+06 4.635479000239999732e+05
2.809400019999999927e+02 4.831430970000999980e+06 4.635479000239999732e+05
2.809800109999999904e+02 4.831430989989999682e+06 4.635479099730000016e+05
2.809800109999999904e+02 4.831431019988999702e+06 4.635479099730000016e+05
2.803200069999999755e+02 4.831430739989999682e+06 4.635480000000000000e+05
2.803399959999999851e+02 4.831430769988999702e+06 4.635480100100000273e+05
2.803800049999999828e+02 4.831430769988999702e+06 4.635479899899999727e+05
2.804200129999999831e+02 4.831430779999000020e+06 4.635480000000000000e+05
2.804500120000000152e+02 4.831430799987999722e+06 4.635480100100000273e+05
2.803900150000000053e+02 4.831430779999000020e+06 4.635479899899999727e+05
2.804299930000000245e+02 4.831430790009000339e+06 4.635480000000000000e+05
2.804500120000000152e+02 4.831430799987999722e+06 4.635479699709999841e+05
2.804899899999999775e+02 4.831430809998000041e+06 4.635479799800000037e+05
2.805400089999999977e+02 4.831430809998000041e+06 4.635479799800000037e+05
2.805700069999999755e+02 4.831430839995999821e+06 4.635479899899999727e+05
2.805599980000000073e+02 4.831430850006000139e+06 4.635479500119999866e+05
2.807200010000000248e+02 4.831430899993999861e+06 4.635479799800000037e+05
2.807099910000000023e+02 4.831430910004000179e+06 4.635479400020000176e+05
2.807500000000000000e+02 4.831430920013000257e+06 4.635479500119999866e+05
2.807799989999999752e+02 4.831430950012000278e+06 4.635479600220000139e+05
2.807799989999999752e+02 4.831430959990999661e+06 4.635479199830000289e+05
2.802500000000000000e+02 4.831430700012000278e+06 4.635480000000000000e+05
2.802699890000000096e+02 4.831430730011000298e+06 4.635480100100000273e+05
2.802999879999999848e+02 4.831430750000000000e+06 4.635480300290000159e+05
2.809899899999999775e+02 4.831430970000999980e+06 4.635478800049999845e+05
2.809899899999999775e+02 4.831431019988999702e+06 4.635479099730000016e+05
2.806300049999999828e+02 4.831430890014999546e+06 4.635479400020000176e+05
2.806799930000000245e+02 4.831430910004000179e+06 4.635479400020000176e+05
2.807300109999999904e+02 4.831430910004000179e+06 4.635479299929999979e+05
2.808699950000000172e+02 4.831430890014999546e+06 4.635479000239999732e+05
2.809599910000000023e+02 4.831430869994999841e+06 4.635478699950000155e+05
2.808900150000000053e+02 4.831430959990999661e+06 4.635479400020000176e+05
2.810000000000000000e+02 4.831430920013000257e+06 4.635478900150000118e+05
2.803500060000000076e+02 4.831430760010000318e+06 4.635479899899999727e+05
2.806199950000000172e+02 4.831430859985000454e+06 4.635479400020000176e+05
2.806700129999999831e+02 4.831430850006000139e+06 4.635479299929999979e+05
2.807099910000000023e+02 4.831430869994999841e+06 4.635479400020000176e+05
2.808800049999999828e+02 4.831430880005000159e+06 4.635479099730000016e+05
2.809599910000000023e+02 4.831430869994999841e+06 4.635478900150000118e+05
2.807000120000000152e+02 4.831430899993999861e+06 4.635479199830000289e+05
2.807399899999999775e+02 4.831430910004000179e+06 4.635479199830000289e+05
2.807999879999999848e+02 4.831430910004000179e+06 4.635479099730000016e+05
2.808200069999999755e+02 4.831430940001999959e+06 4.635479299929999979e+05
2.808699950000000172e+02 4.831430940001999959e+06 4.635479199830000289e+05
2.809100040000000149e+02 4.831430959990999661e+06 4.635479199830000289e+05
2.808200069999999755e+02 4.831430529999000020e+06 4.635479500119999866e+05
2.809800109999999904e+02 4.831431029999000020e+06 4.635479000239999732e+05
2.809500120000000152e+02 4.831430950012000278e+06 4.635480000000000000e+05
2.808900150000000053e+02 4.831430929992999882e+06 4.635479899899999727e+05
2.806799930000000245e+02 4.831430850006000139e+06 4.635480100100000273e+05
2.805400089999999977e+02 4.831430779999000020e+06 4.635479799800000037e+05
2.805299989999999752e+02 4.831430760010000318e+06 4.635480000000000000e+05
2.804200129999999831e+02 4.831430739989999682e+06 4.635480000000000000e+05
2.802999879999999848e+02 4.831430700012000278e+06 4.635479899899999727e+05
2.803099980000000073e+02 4.831430679992999882e+06 4.635480100100000273e+05
2.803099980000000073e+02 4.831430670013000257e+06 4.635480399779999861e+05
2.809400019999999927e+02 4.831430940001999959e+06 4.635480100100000273e+05
2.808299870000000169e+02 4.831430940001999959e+06 4.635480100100000273e+05
2.808999939999999924e+02 4.831430940001999959e+06 4.635480399779999861e+05
2.808500060000000076e+02 4.831430929992999882e+06 4.635480300290000159e+05
2.807500000000000000e+02 4.831430920013000257e+06 4.635480200199999963e+05
2.806799930000000245e+02 4.831430869994999841e+06 4.635479899899999727e+05
2.806700129999999831e+02 4.831430829986999743e+06 4.635480000000000000e+05
2.806000060000000076e+02 4.831430839995999821e+06 4.635480000000000000e+05
2.805700069999999755e+02 4.831430829986999743e+06 4.635480000000000000e+05
2.805599980000000073e+02 4.831430799987999722e+06 4.635479799800000037e+05
2.805000000000000000e+02 4.831430809998000041e+06 4.635479799800000037e+05
2.806499939999999924e+02 4.831430850006000139e+06 4.635480300290000159e+05
2.806799930000000245e+02 4.831430790009000339e+06 4.635480000000000000e+05
2.805899959999999851e+02 4.831430809998000041e+06 4.635480100100000273e+05
2.805799870000000169e+02 4.831430790009000339e+06 4.635479899899999727e+05
2.805000000000000000e+02 4.831430799987999722e+06 4.635480000000000000e+05
2.804700010000000248e+02 4.831430779999000020e+06 4.635479799800000037e+05
2.805799870000000169e+02 4.831430809998000041e+06 4.635480300290000159e+05
2.805199890000000096e+02 4.831430779999000020e+06 4.635480100100000273e+05
2.804700010000000248e+02 4.831430769988999702e+06 4.635480000000000000e+05
2.804299930000000245e+02 4.831430760010000318e+06 4.635480000000000000e+05
2.805199890000000096e+02 4.831430760010000318e+06 4.635480200199999963e+05
2.804700010000000248e+02 4.831430750000000000e+06 4.635480100100000273e+05
2.804200129999999831e+02 4.831430750000000000e+06 4.635480100100000273e+05
2.803999939999999924e+02 4.831430730011000298e+06 4.635480000000000000e+05
2.804700010000000248e+02 4.831430779999000020e+06 4.635480399779999861e+05
2.804500120000000152e+02 4.831430750000000000e+06 4.635480300290000159e+05
2.804100040000000149e+02 4.831430750000000000e+06 4.635480200199999963e+05
2.803900150000000053e+02 4.831430730011000298e+06 4.635480100100000273e+05
2.804500120000000152e+02 4.831430760010000318e+06 4.635480499880000134e+05
2.804500120000000152e+02 4.831430730011000298e+06 4.635480300290000159e+05
2.803900150000000053e+02 4.831430720000999980e+06 4.635480200199999963e+05
2.804100040000000149e+02 4.831430750000000000e+06 4.635480599979999824e+05
2.803999939999999924e+02 4.831430730011000298e+06 4.635480499880000134e+05
2.803699950000000172e+02 4.831430720000999980e+06 4.635480399779999861e+05
2.803800049999999828e+02 4.831430700012000278e+06 4.635480499880000134e+05
2.803599849999999947e+02 4.831430690001999959e+06 4.635480399779999861e+05
2.802999879999999848e+02 4.831430690001999959e+06 4.635480399779999861e+05
2.802600100000000225e+02 4.831430679992999882e+06 4.635480300290000159e+05
2.802099910000000023e+02 4.831430679992999882e+06 4.635480300290000159e+05
2.802600100000000225e+02 4.831430679992999882e+06 4.635480599979999824e+05
2.802300109999999904e+02 4.831430660004000179e+06 4.635480499880000134e+05
2.801900019999999927e+02 4.831430649993999861e+06 4.635480399779999861e+05
2.803099980000000073e+02 4.831430660004000179e+06 4.635480800169999711e+05
2.802399899999999775e+02 4.831430660004000179e+06 4.635480800169999711e+05
2.802099910000000023e+02 4.831430649993999861e+06 4.635480700070000021e+05
2.801900019999999927e+02 4.831430630005000159e+06 4.635480499880000134e+05
2.801700129999999831e+02 4.831430619994999841e+06 4.635480800169999711e+05
2.801199950000000172e+02 4.831430589995999821e+06 4.635480499880000134e+05
2.801099849999999947e+02 4.831430570007000118e+06 4.635480800169999711e+05
2.800799870000000169e+02 4.831430559998000041e+06 4.635480700070000021e+05
2.801799930000000245e+02 4.831430470000999980e+06 4.635480100100000273e+05
2.806199950000000172e+02 4.831430829986999743e+06 4.635479699709999841e+05
2.803399959999999851e+02 4.831430690001999959e+06 4.635480399779999861e+05
2.802399899999999775e+02 4.831430640014999546e+06 4.635480599979999824e+05
2.800799870000000169e+02 4.831430660004000179e+06 4.635480399779999861e+05
2.808500060000000076e+02 4.831430950012000278e+06 4.635479000239999732e+05
2.808699950000000172e+02 4.831430970000999980e+06 4.635479099730000016e+05
2.809100040000000149e+02 4.831430980011000298e+06 4.635479199830000289e+05
2.809299930000000245e+02 4.831431000000000000e+06 4.635479299929999979e+05
2.809599910000000023e+02 4.831431019988999702e+06 4.635479299929999979e+05
2.809899899999999775e+02 4.831431040009000339e+06 4.635479500119999866e+05
2.807799989999999752e+02 4.831430910004000179e+06 4.635479099730000016e+05
2.808599849999999947e+02 4.831430959990999661e+06 4.635479299929999979e+05
2.808200069999999755e+02 4.831430529999000020e+06 4.635479699709999841e+05
2.807999879999999848e+02 4.831430510010000318e+06 4.635479600220000139e+05
2.804400019999999927e+02 4.831430480011000298e+06 4.635479600220000139e+05
2.806799930000000245e+02 4.831430470000999980e+06 4.635479099730000016e+05
2.806199950000000172e+02 4.831430480011000298e+06 4.635479400020000176e+05
2.805400089999999977e+02 4.831430480011000298e+06 4.635479600220000139e+05
2.807300109999999904e+02 4.831430480011000298e+06 4.635479199830000289e+05
2.807699890000000096e+02 4.831430540009000339e+06 4.635479400020000176e+05
2.807799989999999752e+02 4.831430470000999980e+06 4.635479299929999979e+05
2.807500000000000000e+02 4.831430480011000298e+06 4.635479400020000176e+05
2.808800049999999828e+02 4.831430470000999980e+06 4.635479299929999979e+05
2.807099910000000023e+02 4.831430500000000000e+06 4.635479299929999979e+05
2.806799930000000245e+02 4.831430510010000318e+06 4.635479400020000176e+05
2.809800109999999904e+02 4.831431040009000339e+06 4.635478800049999845e+05
2.808299870000000169e+02 4.831431019988999702e+06 4.635479199830000289e+05
2.808800049999999828e+02 4.831431010010000318e+06 4.635479000239999732e+05
2.807000120000000152e+02 4.831430940001999959e+06 4.635479400020000176e+05
2.809400019999999927e+02 4.831431049987999722e+06 4.635479500119999866e+05
2.801499939999999924e+02 4.831430470000999980e+06 4.635480499880000134e+05
2.804899899999999775e+02 4.831430480011000298e+06 4.635479600220000139e+05
2.804400019999999927e+02 4.831430480011000298e+06 4.635479699709999841e+05
2.804100040000000149e+02 4.831430489989999682e+06 4.635479799800000037e+05
2.803500060000000076e+02 4.831430480011000298e+06 4.635479799800000037e+05
2.802300109999999904e+02 4.831430470000999980e+06 4.635479899899999727e+05
2.807200010000000248e+02 4.831430950012000278e+06 4.635479500119999866e+05
2.809800109999999904e+02 4.831431100006000139e+06 4.635479400020000176e+05
2.808599849999999947e+02 4.831431049987999722e+06 4.635479299929999979e+05
2.804700010000000248e+02 4.831430470000999980e+06 4.635481599730000016e+05
2.809800109999999904e+02 4.831430489989999682e+06 4.635479199830000289e+05
2.806499939999999924e+02 4.831430489989999682e+06 4.635479400020000176e+05
2.809599910000000023e+02 4.831431059998000041e+06 4.635478800049999845e+05
2.808699950000000172e+02 4.831431010010000318e+06 4.635479000239999732e+05
2.809299930000000245e+02 4.831431029999000020e+06 4.635479000239999732e+05
2.805100100000000225e+02 4.831430470000999980e+06 4.635479299929999979e+05
2.806700129999999831e+02 4.831430470000999980e+06 4.635479199830000289e+05
2.807699890000000096e+02 4.831430480011000298e+06 4.635479099730000016e+05
2.809899899999999775e+02 4.831431100006000139e+06 4.635479000239999732e+05
2.809200129999999831e+02 4.831431040009000339e+06 4.635479099730000016e+05
2.807900089999999977e+02 4.831430980011000298e+06 4.635479099730000016e+05
2.806900019999999927e+02 4.831430940001999959e+06 4.635479199830000289e+05
2.804899899999999775e+02 4.831430480011000298e+06 4.635479400020000176e+05
2.805299989999999752e+02 4.831430470000999980e+06 4.635479400020000176e+05
2.805799870000000169e+02 4.831430470000999980e+06 4.635479400020000176e+05
2.806600040000000149e+02 4.831430470000999980e+06 4.635479699709999841e+05
2.804599910000000023e+02 4.831430470000999980e+06 4.635479899899999727e+05
2.807799989999999752e+02 4.831430519988999702e+06 4.635479099730000016e+05
2.807600100000000225e+02 4.831430920013000257e+06 4.635479199830000289e+05
2.808200069999999755e+02 4.831430920013000257e+06 4.635479099730000016e+05
2.808800049999999828e+02 4.831430920013000257e+06 4.635479000239999732e+05
2.808900150000000053e+02 4.831431010010000318e+06 4.635479099730000016e+05
2.809500120000000152e+02 4.831431010010000318e+06 4.635479000239999732e+05
2.809899899999999775e+02 4.831431000000000000e+06 4.635479099730000016e+05
2.808599849999999947e+02 4.831431049987999722e+06 4.635479400020000176e+05
2.809800109999999904e+02 4.831431070007000118e+06 4.635478900150000118e+05
2.810000000000000000e+02 4.831431079986999743e+06 4.635479099730000016e+05
2.808900150000000053e+02 4.831431049987999722e+06 4.635479400020000176e+05
2.809800109999999904e+02 4.831431059998000041e+06 4.635479000239999732e+05
2.808500060000000076e+02 4.831431040009000339e+06 4.635479400020000176e+05
2.809599910000000023e+02 4.831431049987999722e+06 4.635479000239999732e+05
2.808599849999999947e+02 4.831431049987999722e+06 4.635479400020000176e+05
2.809700010000000248e+02 4.831431059998000041e+06 4.635479000239999732e+05
2.805100100000000225e+02 4.831430459990999661e+06 4.635479600220000139e+05
2.805599980000000073e+02 4.831430470000999980e+06 4.635479699709999841e+05
2.806000060000000076e+02 4.831430470000999980e+06 4.635479799800000037e+05
2.806499939999999924e+02 4.831430470000999980e+06 4.635479799800000037e+05
2.808299870000000169e+02 4.831430529999000020e+06 4.635479600220000139e+05
2.809599910000000023e+02 4.831430950012000278e+06 4.635479099730000016e+05
2.808599849999999947e+02 4.831430950012000278e+06 4.635479199830000289e+05
2.808999939999999924e+02 4.831430880005000159e+06 4.635478900150000118e+05
2.807999879999999848e+02 4.831430880005000159e+06 4.635479099730000016e+05
2.808699950000000172e+02 4.831430940001999959e+06 4.635479299929999979e+05
2.807600100000000225e+02 4.831430829986999743e+06 4.635479500119999866e+05
2.807500000000000000e+02 4.831430839995999821e+06 4.635479199830000289e+05
2.807200010000000248e+02 4.831430850006000139e+06 4.635479099730000016e+05
2.806199950000000172e+02 4.831430480011000298e+06 4.635479500119999866e+05
2.807699890000000096e+02 4.831430470000999980e+06 4.635479400020000176e+05
2.807699890000000096e+02 4.831430529999000020e+06 4.635479600220000139e+05
2.805199890000000096e+02 4.831430470000999980e+06 4.635479400020000176e+05
2.803800049999999828e+02 4.831430480011000298e+06 4.635479899899999727e+05
2.809500120000000152e+02 4.831431000000000000e+06 4.635478900150000118e+05
2.808099980000000073e+02 4.831430940001999959e+06 4.635479299929999979e+05
2.808200069999999755e+02 4.831430920013000257e+06 4.635479500119999866e+05
2.808500060000000076e+02 4.831430970000999980e+06 4.635479500119999866e+05
2.809400019999999927e+02 4.831430980011000298e+06 4.635479400020000176e+05
2.809700010000000248e+02 4.831430839995999821e+06 4.635479099730000016e+05
2.804599910000000023e+02 4.831430420013000257e+06 4.635482199709999841e+05
2.804100040000000149e+02 4.831430390014999546e+06 4.635482000119999866e+05
2.804299930000000245e+02 4.831430420013000257e+06 4.635482199709999841e+05
2.810000000000000000e+02 4.831430359985000454e+06 4.635482500000000000e+05
2.804500120000000152e+02 4.831430359985000454e+06 4.635482800290000159e+05
2.804400019999999927e+02 4.831430329986999743e+06 4.635482700199999963e+05
2.805100100000000225e+02 4.831430380005000159e+06 4.635482100220000139e+05
2.805100100000000225e+02 4.831430390014999546e+06 4.635482500000000000e+05
2.805799870000000169e+02 4.831430420013000257e+06 4.635482199709999841e+05
2.805700069999999755e+02 4.831430440001999959e+06 4.635482299800000037e+05
2.805700069999999755e+02 4.831430420013000257e+06 4.635482299800000037e+05
2.805299989999999752e+02 4.831430410004000179e+06 4.635482100220000139e+05
2.806099849999999947e+02 4.831430429992999882e+06 4.635482100220000139e+05
2.805799870000000169e+02 4.831430450012000278e+06 4.635482700199999963e+05
2.805899959999999851e+02 4.831430429992999882e+06 4.635482600100000273e+05
2.805599980000000073e+02 4.831430420013000257e+06 4.635481799929999979e+05
2.805199890000000096e+02 4.831430420013000257e+06 4.635482000119999866e+05
2.805499879999999848e+02 4.831430420013000257e+06 4.635482100220000139e+05
2.805299989999999752e+02 4.831430359985000454e+06 4.635482600100000273e+05
2.808299870000000169e+02 4.831430149993999861e+06 4.635481900020000176e+05
2.804700010000000248e+02 4.831430369994999841e+06 4.635481900020000176e+05
2.799800109999999904e+02 4.831431000000000000e+06 4.635487800290000159e+05
2.799800109999999904e+02 4.831431049987999722e+06 4.635487999880000134e+05
2.799400019999999927e+02 4.831431000000000000e+06 4.635487800290000159e+05
2.799100040000000149e+02 4.831431019988999702e+06 4.635487800290000159e+05
2.799700010000000248e+02 4.831431040009000339e+06 4.635487899779999861e+05
2.800000000000000000e+02 4.831431070007000118e+06 4.635487899779999861e+05
