2.820700069999999755e+02 4.831429290009000339e+06 4.635479500119999866e+05
2.820700069999999755e+02 4.831429220000999980e+06 4.635479500119999866e+05
2.820700069999999755e+02 4.831429239989999682e+06 4.635479400020000176e+05
2.820299989999999752e+02 4.831429279999000020e+06 4.635479500119999866e+05
2.820100100000000225e+02 4.831429390014999546e+06 4.635480000000000000e+05
2.820299989999999752e+02 4.831429250000000000e+06 4.635478699950000155e+05
2.820400089999999977e+02 4.831429209990999661e+06 4.635478200070000021e+05
2.820000000000000000e+02 4.831429230011000298e+06 4.635479699709999841e+05
2.819899899999999775e+02 4.831429260010000318e+06 4.635479699709999841e+05
2.820199890000000096e+02 4.831429170013000257e+06 4.635478499760000268e+05
2.820799870000000169e+02 4.831429279999000020e+06 4.635479000239999732e+05
2.820700069999999755e+02 4.831429250000000000e+06 4.635479099730000016e+05
2.820700069999999755e+02 4.831429269988999702e+06 4.635479899899999727e+05
2.821000060000000076e+02 4.831429339995999821e+06 4.635479600220000139e+05
2.820100100000000225e+02 4.831429350006000139e+06 4.635479799800000037e+05
2.820199890000000096e+02 4.831429390014999546e+06 4.635479600220000139e+05
2.820100100000000225e+02 4.831429309998000041e+06 4.635478800049999845e+05
2.820199890000000096e+02 4.831429420013000257e+06 4.635479600220000139e+05
2.820400089999999977e+02 4.831429399993999861e+06 4.635479600220000139e+05
2.820599980000000073e+02 4.831429339995999821e+06 4.635479799800000037e+05
2.820100100000000225e+02 4.831429320007000118e+06 4.635479199830000289e+05
2.820499879999999848e+02 4.831429380005000159e+06 4.635479099730000016e+05
2.819700010000000248e+02 4.831429399993999861e+06 4.635479299929999979e+05
2.820799870000000169e+02 4.831429230011000298e+06 4.635479099730000016e+05
2.820799870000000169e+02 4.831429239989999682e+06 4.635478900150000118e+05
2.821000060000000076e+02 4.831429190001999959e+06 4.635479299929999979e+05
2.820199890000000096e+02 4.831429320007000118e+06 4.635478900150000118e+05
2.820199890000000096e+02 4.831429329986999743e+06 4.635479199830000289e+05
2.820299989999999752e+02 4.831429230011000298e+06 4.635479400020000176e+05
2.820599980000000073e+02 4.831429250000000000e+06 4.635479400020000176e+05
2.820599980000000073e+02 4.831429299987999722e+06 4.635479799800000037e+05
2.820400089999999977e+02 4.831429179992999882e+06 4.635479699709999841e+05
2.820400089999999977e+02 4.831429290009000339e+06 4.635480000000000000e+05
2.819800109999999904e+02 4.831429329986999743e+06 4.635480000000000000e+05
2.820599980000000073e+02 4.831429619994999841e+06 4.635479799800000037e+05
2.816099849999999947e+02 4.831429709990999661e+06 4.635480399779999861e+05
2.816799930000000245e+02 4.831429700012000278e+06 4.635480300290000159e+05
2.817099910000000023e+02 4.831429709990999661e+06 4.635480399779999861e+05
2.815100100000000225e+02 4.831429750000000000e+06 4.635480200199999963e+05
2.815700069999999755e+02 4.831429730011000298e+06 4.635480200199999963e+05
2.816300049999999828e+02 4.831429730011000298e+06 4.635480200199999963e+05
2.816900019999999927e+02 4.831429720000999980e+06 4.635480100100000273e+05
2.817500000000000000e+02 4.831429720000999980e+06 4.635480100100000273e+05
2.810700069999999755e+02 4.831429859985000454e+06 4.635480599979999824e+05
2.811700129999999831e+02 4.831429809998000041e+06 4.635480399779999861e+05
2.813299870000000169e+02 4.831429760010000318e+06 4.635480200199999963e+05
2.814700010000000248e+02 4.831429739989999682e+06 4.635480100100000273e+05
2.815100100000000225e+02 4.831429750000000000e+06 4.635480200199999963e+05
2.816199950000000172e+02 4.831429739989999682e+06 4.635480100100000273e+05
2.816799930000000245e+02 4.831429730011000298e+06 4.635480100100000273e+05
2.813699950000000172e+02 4.831429760010000318e+06 4.635480300290000159e+05
2.814899899999999775e+02 4.831429750000000000e+06 4.635480200199999963e+05
2.815499879999999848e+02 4.831429739989999682e+06 4.635480200199999963e+05
2.816000060000000076e+02 4.831429739989999682e+06 4.635480200199999963e+05
2.816700129999999831e+02 4.831429730011000298e+06 4.635480200199999963e+05
2.817399899999999775e+02 4.831429720000999980e+06 4.635480100100000273e+05
2.815000000000000000e+02 4.831429720000999980e+06 4.635480100100000273e+05
2.815299989999999752e+02 4.831429739989999682e+06 4.635480200199999963e+05
2.815899959999999851e+02 4.831429739989999682e+06 4.635480200199999963e+05
2.816600040000000149e+02 4.831429720000999980e+06 4.635480200199999963e+05
2.817200010000000248e+02 4.831429720000999980e+06 4.635480100100000273e+05
2.815199890000000096e+02 4.831429709990999661e+06 4.635480100100000273e+05
2.815199890000000096e+02 4.831429750000000000e+06 4.635480300290000159e+05
2.815799870000000169e+02 4.831429739989999682e+06 4.635480300290000159e+05
2.816499939999999924e+02 4.831429720000999980e+06 4.635480200199999963e+05
2.817000120000000152e+02 4.831429720000999980e+06 4.635480200199999963e+05
2.810499879999999848e+02 4.831429859985000454e+06 4.635480599979999824e+05
2.811099849999999947e+02 4.831429850006000139e+06 4.635480599979999824e+05
2.812000120000000152e+02 4.831429809998000041e+06 4.635480399779999861e+05
2.813599849999999947e+02 4.831429760010000318e+06 4.635480100100000273e+05
2.814800109999999904e+02 4.831429739989999682e+06 4.635480100100000273e+05
2.815199890000000096e+02 4.831429750000000000e+06 4.635480100100000273e+05
2.816400150000000053e+02 4.831429739989999682e+06 4.635480100100000273e+05
2.817099910000000023e+02 4.831429720000999980e+06 4.635480000000000000e+05
2.810199890000000096e+02 4.831429869994999841e+06 4.635480499880000134e+05
2.811000060000000076e+02 4.831429859985000454e+06 4.635480399779999861e+05
2.811799930000000245e+02 4.831429829986999743e+06 4.635480300290000159e+05
2.812699890000000096e+02 4.831429799987999722e+06 4.635480100100000273e+05
2.813299870000000169e+02 4.831429799987999722e+06 4.635480100100000273e+05
2.814599910000000023e+02 4.831429760010000318e+06 4.635480000000000000e+05
2.815499879999999848e+02 4.831429769988999702e+06 4.635480000000000000e+05
2.810100100000000225e+02 4.831429899993999861e+06 4.635480300290000159e+05
2.810700069999999755e+02 4.831429880005000159e+06 4.635480300290000159e+05
2.811099849999999947e+02 4.831429890014999546e+06 4.635480300290000159e+05
2.812200010000000248e+02 4.831429839995999821e+06 4.635480100100000273e+05
2.812999879999999848e+02 4.831429809998000041e+06 4.635480000000000000e+05
2.815599980000000073e+02 4.831429779999000020e+06 4.635479799800000037e+05
2.819899899999999775e+02 4.831429619994999841e+06 4.635480200199999963e+05
2.812600100000000225e+02 4.831429739989999682e+06 4.635480200199999963e+05
2.812500000000000000e+02 4.831429799987999722e+06 4.635480599979999824e+05
2.813599849999999947e+02 4.831429760010000318e+06 4.635480100100000273e+05
2.814100040000000149e+02 4.831429760010000318e+06 4.635480100100000273e+05
2.811099849999999947e+02 4.831429829986999743e+06 4.635480200199999963e+05
2.811700129999999831e+02 4.831429820007000118e+06 4.635480100100000273e+05
2.812399899999999775e+02 4.831429809998000041e+06 4.635479899899999727e+05
2.819299930000000245e+02 4.831429619994999841e+06 4.635480200199999963e+05
2.820000000000000000e+02 4.831429609985000454e+06 4.635479899899999727e+05
2.816099849999999947e+02 4.831429679992999882e+06 4.635480000000000000e+05
2.816700129999999831e+02 4.831429690001999959e+06 4.635479899899999727e+05
2.814800109999999904e+02 4.831429709990999661e+06 4.635480000000000000e+05
2.812999879999999848e+02 4.831429750000000000e+06 4.635480100100000273e+05
2.813699950000000172e+02 4.831429750000000000e+06 4.635479799800000037e+05
2.813999939999999924e+02 4.831429760010000318e+06 4.635479799800000037e+05
2.814500120000000152e+02 4.831429769988999702e+06 4.635479799800000037e+05
2.811600040000000149e+02 4.831429779999000020e+06 4.635480000000000000e+05
2.812200010000000248e+02 4.831429779999000020e+06 4.635479799800000037e+05
2.812699890000000096e+02 4.831429790009000339e+06 4.635479699709999841e+05
2.810299989999999752e+02 4.831429839995999821e+06 4.635480100100000273e+05
2.810400089999999977e+02 4.831429820007000118e+06 4.635480900269999984e+05
2.811799930000000245e+02 4.831429769988999702e+06 4.635480800169999711e+05
2.811099849999999947e+02 4.831429779999000020e+06 4.635480900269999984e+05
2.811900019999999927e+02 4.831429730011000298e+06 4.635480900269999984e+05
2.814400019999999927e+02 4.831429690001999959e+06 4.635480800169999711e+05
2.814100040000000149e+02 4.831429660004000179e+06 4.635480700070000021e+05
2.816900019999999927e+02 4.831429649993999861e+06 4.635480700070000021e+05
2.816199950000000172e+02 4.831429649993999861e+06 4.635480900269999984e+05
2.815499879999999848e+02 4.831429660004000179e+06 4.635480999760000268e+05
2.815100100000000225e+02 4.831429649993999861e+06 4.635481099849999882e+05
2.816900019999999927e+02 4.831429619994999841e+06 4.635481199950000155e+05
2.810599980000000073e+02 4.831429890014999546e+06 4.635479600220000139e+05
2.813500060000000076e+02 4.831429779999000020e+06 4.635479500119999866e+05
2.813200069999999755e+02 4.831429779999000020e+06 4.635479799800000037e+05
2.813099980000000073e+02 4.831429769988999702e+06 4.635480000000000000e+05
2.812900089999999977e+02 4.831429760010000318e+06 4.635480499880000134e+05
2.810299989999999752e+02 4.831429850006000139e+06 4.635480999760000268e+05
2.815400089999999977e+02 4.831429700012000278e+06 4.635480800169999711e+05
2.812399899999999775e+02 4.831429750000000000e+06 4.635480999760000268e+05
2.811400150000000053e+02 4.831429769988999702e+06 4.635481099849999882e+05
2.810400089999999977e+02 4.831429799987999722e+06 4.635481199950000155e+05
2.816099849999999947e+02 4.831429660004000179e+06 4.635481099849999882e+05
2.815400089999999977e+02 4.831429670013000257e+06 4.635481099849999882e+05
2.814899899999999775e+02 4.831429660004000179e+06 4.635481099849999882e+05
2.812500000000000000e+02 4.831429679992999882e+06 4.635481099849999882e+05
2.812699890000000096e+02 4.831429829986999743e+06 4.635479299929999979e+05
2.815599980000000073e+02 4.831429730011000298e+06 4.635479600220000139e+05
2.811499939999999924e+02 4.831429820007000118e+06 4.635479600220000139e+05
2.817399899999999775e+02 4.831429450012000278e+06 4.635479099730000016e+05
2.816199950000000172e+02 4.831429679992999882e+06 4.635479699709999841e+05
2.813399959999999851e+02 4.831429720000999980e+06 4.635479299929999979e+05
2.813500060000000076e+02 4.831429739989999682e+06 4.635479400020000176e+05
2.811400150000000053e+02 4.831429820007000118e+06 4.635479000239999732e+05
2.810400089999999977e+02 4.831429899993999861e+06 4.635479299929999979e+05
2.820700069999999755e+02 4.831429579986999743e+06 4.635479799800000037e+05
2.820899959999999851e+02 4.831429609985000454e+06 4.635479899899999727e+05
2.821400150000000053e+02 4.831430049987999722e+06 4.635478699950000155e+05
2.810299989999999752e+02 4.831429880005000159e+06 4.635480000000000000e+05
2.811600040000000149e+02 4.831429839995999821e+06 4.635479799800000037e+05
2.812200010000000248e+02 4.831429809998000041e+06 4.635479699709999841e+05
2.812900089999999977e+02 4.831429779999000020e+06 4.635479500119999866e+05
2.813500060000000076e+02 4.831429779999000020e+06 4.635480100100000273e+05
2.816799930000000245e+02 4.831429690001999959e+06 4.635479699709999841e+05
2.812600100000000225e+02 4.831429720000999980e+06 4.635479600220000139e+05
2.815400089999999977e+02 4.831429720000999980e+06 4.635480300290000159e+05
2.811300049999999828e+02 4.831429869994999841e+06 4.635479799800000037e+05
2.810899959999999851e+02 4.831429890014999546e+06 4.635479899899999727e+05
2.810299989999999752e+02 4.831429910004000179e+06 4.635480000000000000e+05
2.816799930000000245e+02 4.831429760010000318e+06 4.635479799800000037e+05
2.812900089999999977e+02 4.831429739989999682e+06 4.635479500119999866e+05
2.814599910000000023e+02 4.831429839995999821e+06 4.635479400020000176e+05
2.810899959999999851e+02 4.831429910004000179e+06 4.635479500119999866e+05
2.810499879999999848e+02 4.831429920013000257e+06 4.635479699709999841e+05
2.812399899999999775e+02 4.831429859985000454e+06 4.635479299929999979e+05
2.811900019999999927e+02 4.831429880005000159e+06 4.635479600220000139e+05
2.811499939999999924e+02 4.831429890014999546e+06 4.635479799800000037e+05
2.814400019999999927e+02 4.831429799987999722e+06 4.635479500119999866e+05
2.817500000000000000e+02 4.831429750000000000e+06 4.635479600220000139e+05
2.820000000000000000e+02 4.831429700012000278e+06 4.635479400020000176e+05
2.819800109999999904e+02 4.831429839995999821e+06 4.635480200199999963e+05
2.816900019999999927e+02 4.831429750000000000e+06 4.635479500119999866e+05
2.814500120000000152e+02 4.831429820007000118e+06 4.635479400020000176e+05
2.812399899999999775e+02 4.831429869994999841e+06 4.635479500119999866e+05
2.811700129999999831e+02 4.831429869994999841e+06 4.635479799800000037e+05
2.811400150000000053e+02 4.831429880005000159e+06 4.635479299929999979e+05
2.810299989999999752e+02 4.831429940001999959e+06 4.635479799800000037e+05
2.810199890000000096e+02 4.831429890014999546e+06 4.635479899899999727e+05
2.810899959999999851e+02 4.831429859985000454e+06 4.635479600220000139e+05
2.811300049999999828e+02 4.831429850006000139e+06 4.635479500119999866e+05
2.810199890000000096e+02 4.831429880005000159e+06 4.635480100100000273e+05
2.810899959999999851e+02 4.831429859985000454e+06 4.635479899899999727e+05
2.811300049999999828e+02 4.831429850006000139e+06 4.635479799800000037e+05
2.811499939999999924e+02 4.831429839995999821e+06 4.635479699709999841e+05
2.811900019999999927e+02 4.831429820007000118e+06 4.635479600220000139e+05
2.812000120000000152e+02 4.831429809998000041e+06 4.635480000000000000e+05
2.812399899999999775e+02 4.831429799987999722e+06 4.635479899899999727e+05
2.810299989999999752e+02 4.831429899993999861e+06 4.635480000000000000e+05
2.810400089999999977e+02 4.831429880005000159e+06 4.635479899899999727e+05
2.815400089999999977e+02 4.831429750000000000e+06 4.635479799800000037e+05
2.816300049999999828e+02 4.831429750000000000e+06 4.635479799800000037e+05
2.817000120000000152e+02 4.831429750000000000e+06 4.635479799800000037e+05
2.817300109999999904e+02 4.831429730011000298e+06 4.635479699709999841e+05
2.810299989999999752e+02 4.831429929992999882e+06 4.635480100100000273e+05
2.810299989999999752e+02 4.831429899993999861e+06 4.635480000000000000e+05
2.810700069999999755e+02 4.831429890014999546e+06 4.635480000000000000e+05
2.817099910000000023e+02 4.831429670013000257e+06 4.635479799800000037e+05
2.820400089999999977e+02 4.831429450012000278e+06 4.635479000239999732e+05
2.820700069999999755e+02 4.831429880005000159e+06 4.635477800290000159e+05
2.821499939999999924e+02 4.831430059998000041e+06 4.635478400269999984e+05
2.819800109999999904e+02 4.831429559998000041e+06 4.635480399779999861e+05
2.817500000000000000e+02 4.831429760010000318e+06 4.635480200199999963e+05
2.813500060000000076e+02 4.831429769988999702e+06 4.635480200199999963e+05
2.813099980000000073e+02 4.831429790009000339e+06 4.635480300290000159e+05
2.814100040000000149e+02 4.831429850006000139e+06 4.635480000000000000e+05
2.813099980000000073e+02 4.831429850006000139e+06 4.635480000000000000e+05
2.812799989999999752e+02 4.831429859985000454e+06 4.635480100100000273e+05
2.812200010000000248e+02 4.831429859985000454e+06 4.635480100100000273e+05
2.811499939999999924e+02 4.831429890014999546e+06 4.635480300290000159e+05
2.810700069999999755e+02 4.831429910004000179e+06 4.635480399779999861e+05
2.813500060000000076e+02 4.831429850006000139e+06 4.635479000239999732e+05
2.817500000000000000e+02 4.831429720000999980e+06 4.635480200199999963e+05
2.817900089999999977e+02 4.831429739989999682e+06 4.635479600220000139e+05
2.816199950000000172e+02 4.831429769988999702e+06 4.635480000000000000e+05
2.815299989999999752e+02 4.831429779999000020e+06 4.635480200199999963e+05
2.815000000000000000e+02 4.831429790009000339e+06 4.635480200199999963e+05
2.814400019999999927e+02 4.831429779999000020e+06 4.635480300290000159e+05
2.814500120000000152e+02 4.831429809998000041e+06 4.635480000000000000e+05
2.813900150000000053e+02 4.831429799987999722e+06 4.635480000000000000e+05
2.813399959999999851e+02 4.831429809998000041e+06 4.635480100100000273e+05
2.813699950000000172e+02 4.831429820007000118e+06 4.635479799800000037e+05
2.813299870000000169e+02 4.831429829986999743e+06 4.635479899899999727e+05
2.812900089999999977e+02 4.831429839995999821e+06 4.635480000000000000e+05
2.812399899999999775e+02 4.831429839995999821e+06 4.635480100100000273e+05
2.812200010000000248e+02 4.831429859985000454e+06 4.635480200199999963e+05
2.812799989999999752e+02 4.831429820007000118e+06 4.635479600220000139e+05
2.812600100000000225e+02 4.831429839995999821e+06 4.635479799800000037e+05
2.812200010000000248e+02 4.831429850006000139e+06 4.635479899899999727e+05
2.811900019999999927e+02 4.831429869994999841e+06 4.635480000000000000e+05
2.811099849999999947e+02 4.831429880005000159e+06 4.635480200199999963e+05
2.810700069999999755e+02 4.831429899993999861e+06 4.635480300290000159e+05
2.810299989999999752e+02 4.831429910004000179e+06 4.635480399779999861e+05
2.812000120000000152e+02 4.831429890014999546e+06 4.635479699709999841e+05
2.811600040000000149e+02 4.831429899993999861e+06 4.635479799800000037e+05
2.811099849999999947e+02 4.831429890014999546e+06 4.635479899899999727e+05
2.810700069999999755e+02 4.831429899993999861e+06 4.635480000000000000e+05
2.810400089999999977e+02 4.831429910004000179e+06 4.635480100100000273e+05
2.813299870000000169e+02 4.831429850006000139e+06 4.635479099730000016e+05
2.810700069999999755e+02 4.831429920013000257e+06 4.635479799800000037e+05
2.810299989999999752e+02 4.831429920013000257e+06 4.635479899899999727e+05
2.813800049999999828e+02 4.831429850006000139e+06 4.635478699950000155e+05
2.817500000000000000e+02 4.831429720000999980e+06 4.635480300290000159e+05
2.814100040000000149e+02 4.831429809998000041e+06 4.635479899899999727e+05
2.812900089999999977e+02 4.831429859985000454e+06 4.635479400020000176e+05
2.820599980000000073e+02 4.831429820007000118e+06 4.635480499880000134e+05
2.812900089999999977e+02 4.831429829986999743e+06 4.635479600220000139e+05
2.811600040000000149e+02 4.831429869994999841e+06 4.635479500119999866e+05
2.811000060000000076e+02 4.831429910004000179e+06 4.635479400020000176e+05
2.820000000000000000e+02 4.831429760010000318e+06 4.635475700070000021e+05
2.812500000000000000e+02 4.831429769988999702e+06 4.635479299929999979e+05
2.812699890000000096e+02 4.831429839995999821e+06 4.635479199830000289e+05
2.820799870000000169e+02 4.831429600006000139e+06 4.635479500119999866e+05
2.812600100000000225e+02 4.831429739989999682e+06 4.635480100100000273e+05
2.814899899999999775e+02 4.831429739989999682e+06 4.635479899899999727e+05
2.812600100000000225e+02 4.831429799987999722e+06 4.635479799800000037e+05
2.812900089999999977e+02 4.831429790009000339e+06 4.635480000000000000e+05
2.813900150000000053e+02 4.831429779999000020e+06 4.635480000000000000e+05
2.814400019999999927e+02 4.831429769988999702e+06 4.635480100100000273e+05
2.811900019999999927e+02 4.831429820007000118e+06 4.635479899899999727e+05
2.812300109999999904e+02 4.831429820007000118e+06 4.635479899899999727e+05
2.812699890000000096e+02 4.831429809998000041e+06 4.635480000000000000e+05
2.812999879999999848e+02 4.831429799987999722e+06 4.635480100100000273e+05
2.811700129999999831e+02 4.831429829986999743e+06 4.635479899899999727e+05
2.812099910000000023e+02 4.831429820007000118e+06 4.635480000000000000e+05
2.812600100000000225e+02 4.831429820007000118e+06 4.635480000000000000e+05
2.812999879999999848e+02 4.831429809998000041e+06 4.635480200199999963e+05
2.811499939999999924e+02 4.831429839995999821e+06 4.635480000000000000e+05
2.811799930000000245e+02 4.831429829986999743e+06 4.635480100100000273e+05
2.812200010000000248e+02 4.831429820007000118e+06 4.635480200199999963e+05
2.812799989999999752e+02 4.831429820007000118e+06 4.635480100100000273e+05
2.811799930000000245e+02 4.831429829986999743e+06 4.635480000000000000e+05
2.812099910000000023e+02 4.831429820007000118e+06 4.635480200199999963e+05
2.812500000000000000e+02 4.831429820007000118e+06 4.635480200199999963e+05
2.811600040000000149e+02 4.831429850006000139e+06 4.635480000000000000e+05
2.812000120000000152e+02 4.831429839995999821e+06 4.635480100100000273e+05
2.820100100000000225e+02 4.831429679992999882e+06 4.635479500119999866e+05
2.819800109999999904e+02 4.831429640014999546e+06 4.635479699709999841e+05
2.820100100000000225e+02 4.831429640014999546e+06 4.635479799800000037e+05
2.813299870000000169e+02 4.831429790009000339e+06 4.635479500119999866e+05
2.813699950000000172e+02 4.831429779999000020e+06 4.635479699709999841e+05
2.814100040000000149e+02 4.831429779999000020e+06 4.635479899899999727e+05
2.810299989999999752e+02 4.831429929992999882e+06 4.635479699709999841e+05
2.820899959999999851e+02 4.831429510010000318e+06 4.635480100100000273e+05
2.820599980000000073e+02 4.831429470000999980e+06 4.635480200199999963e+05
2.811000060000000076e+02 4.831429850006000139e+06 4.635479899899999727e+05
2.811099849999999947e+02 4.831429829986999743e+06 4.635479799800000037e+05
2.811199950000000172e+02 4.831429829986999743e+06 4.635479799800000037e+05
2.811300049999999828e+02 4.831429809998000041e+06 4.635479899899999727e+05
2.811199950000000172e+02 4.831429820007000118e+06 4.635479600220000139e+05
2.816300049999999828e+02 4.831429679992999882e+06 4.635479799800000037e+05
2.816199950000000172e+02 4.831429700012000278e+06 4.635479500119999866e+05
2.817600100000000225e+02 4.831429640014999546e+06 4.635479600220000139e+05
2.817000120000000152e+02 4.831429640014999546e+06 4.635479500119999866e+05
2.820000000000000000e+02 4.831429690001999959e+06 4.635480999760000268e+05
2.819899899999999775e+02 4.831429510010000318e+06 4.635480399779999861e+05
2.820199890000000096e+02 4.831429480011000298e+06 4.635480100100000273e+05
2.815599980000000073e+02 4.831429600006000139e+06 4.635479899899999727e+05
2.812099910000000023e+02 4.831429640014999546e+06 4.635480100100000273e+05
2.820499879999999848e+02 4.831429579986999743e+06 4.635479600220000139e+05
2.816900019999999927e+02 4.831429670013000257e+06 4.635479699709999841e+05
2.815700069999999755e+02 4.831429769988999702e+06 4.635479600220000139e+05
2.817000120000000152e+02 4.831429760010000318e+06 4.635479600220000139e+05
2.817500000000000000e+02 4.831429739989999682e+06 4.635479699709999841e+05
2.817000120000000152e+02 4.831429720000999980e+06 4.635479600220000139e+05
2.812900089999999977e+02 4.831429820007000118e+06 4.635479600220000139e+05
2.820700069999999755e+02 4.831429559998000041e+06 4.635480300290000159e+05
2.820700069999999755e+02 4.831429640014999546e+06 4.635479699709999841e+05
2.821000060000000076e+02 4.831429600006000139e+06 4.635480100100000273e+05
2.820700069999999755e+02 4.831429589995999821e+06 4.635480300290000159e+05
2.821099849999999947e+02 4.831429570007000118e+06 4.635480200199999963e+05
2.821400150000000053e+02 4.831429660004000179e+06 4.635480000000000000e+05
2.817399899999999775e+02 4.831429630005000159e+06 4.635480100100000273e+05
2.816600040000000149e+02 4.831429690001999959e+06 4.635480300290000159e+05
2.816199950000000172e+02 4.831429690001999959e+06 4.635480499880000134e+05
2.815499879999999848e+02 4.831429690001999959e+06 4.635480499880000134e+05
2.813500060000000076e+02 4.831429730011000298e+06 4.635480200199999963e+05
2.812699890000000096e+02 4.831429820007000118e+06 4.635480100100000273e+05
2.812399899999999775e+02 4.831429809998000041e+06 4.635480200199999963e+05
2.812300109999999904e+02 4.831429799987999722e+06 4.635480399779999861e+05
2.810199890000000096e+02 4.831429899993999861e+06 4.635480200199999963e+05
2.817200010000000248e+02 4.831429480011000298e+06 4.635479699709999841e+05
2.819100040000000149e+02 4.831429540009000339e+06 4.635480399779999861e+05
2.820400089999999977e+02 4.831429609985000454e+06 4.635480100100000273e+05
2.820000000000000000e+02 4.831429600006000139e+06 4.635480200199999963e+05
2.819599910000000023e+02 4.831429589995999821e+06 4.635480300290000159e+05
2.820400089999999977e+02 4.831429690001999959e+06 4.635479299929999979e+05
2.819299930000000245e+02 4.831429630005000159e+06 4.635480200199999963e+05
2.813299870000000169e+02 4.831429769988999702e+06 4.635479899899999727e+05
2.813599849999999947e+02 4.831429750000000000e+06 4.635480300290000159e+05
2.812600100000000225e+02 4.831429750000000000e+06 4.635480200199999963e+05
2.817399899999999775e+02 4.831429660004000179e+06 4.635480399779999861e+05
2.813099980000000073e+02 4.831429790009000339e+06 4.635479799800000037e+05
2.813800049999999828e+02 4.831429779999000020e+06 4.635480499880000134e+05
2.811099849999999947e+02 4.831429839995999821e+06 4.635480300290000159e+05
2.810700069999999755e+02 4.831429829986999743e+06 4.635480399779999861e+05
2.819299930000000245e+02 4.831429420013000257e+06 4.635484000239999732e+05
2.822099910000000023e+02 4.831429929992999882e+06 4.635487999880000134e+05
2.820899959999999851e+02 4.831429670013000257e+06 4.635482600100000273e+05
2.819700010000000248e+02 4.831429440001999959e+06 4.635483300169999711e+05
2.819200129999999831e+02 4.831429459990999661e+06 4.635483300169999711e+05
2.816300049999999828e+02 4.831429570007000118e+06 4.635487700199999963e+05
