463546.010010 4831429.850006 277.450012
463546.049988 4831429.859985 277.440002
463545.880005 4831429.730011 277.760010
463545.859985 4831429.709991 277.779999
463545.840027 4831429.760010 277.799988
463545.830017 4831429.720001 277.649994
463545.830017 4831429.769989 277.709991
463545.880005 4831429.760010 277.750000
463545.840027 4831429.760010 277.799988
463545.859985 4831429.779999 277.769989
463545.849976 4831429.769989 277.750000
463545.840027 4831429.760010 277.790009
463545.859985 4831429.769989 277.769989
463545.770020 4831429.660004 277.790009
463545.859985 4831429.769989 277.790009
463545.880005 4831429.750000 277.779999
463546.080017 4831429.839996 277.549988
463545.859985 4831430.010010 278.089996
463545.919983 4831430.019989 278.109985
463545.840027 4831430.010010 278.160004
463545.710022 4831430.019989 278.390015
463546.109985 4831430.000000 277.470001
463546.099976 4831430.000000 277.529999
463546.070007 4831429.989990 277.660004
463546.070007 4831429.989990 277.709991
463546.070007 4831430.010010 277.750000
463546.020020 4831430.000000 277.690002
463546.000000 4831429.989990 277.750000
463546.000000 4831430.000000 277.799988
463545.989990 4831430.000000 277.850006
463545.989990 4831430.010010 277.899994
463545.919983 4831429.980011 277.929993
463545.929993 4831430.000000 277.959991
463545.929993 4831430.019989 278.000000
463545.739990 4831429.890015 278.160004
463545.919983 4831430.010010 278.059998
463545.950012 4831429.980011 278.100006
463545.890015 4831430.019989 278.089996
463545.919983 4831429.989990 278.100006
463545.859985 4831429.989990 278.250000
463545.849976 4831429.970001 278.230011
463545.919983 4831430.010010 278.170013
463545.900024 4831429.980011 278.160004
463545.969971 4831430.000000 278.100006
463545.979980 4831429.940002 277.950012
463546.080017 4831429.950012 277.760010
463545.969971 4831430.010010 277.980011
463546.000000 4831429.980011 278.010010
463546.000000 4831429.980011 277.940002
463546.020020 4831430.010010 277.829987
463546.070007 4831429.989990 277.899994
463546.059998 4831429.980011 277.869995
463546.059998 4831429.980011 277.820007
463546.119995 4831429.989990 277.750000
463546.109985 4831429.970001 277.730011
463546.109985 4831429.970001 277.670013
463545.919983 4831429.989990 278.049988
463545.960022 4831429.980011 278.029999
463545.950012 4831429.989990 277.980011
463546.000000 4831430.000000 277.929993
463546.039978 4831430.010010 277.880005
463546.030029 4831429.980011 277.869995
463546.080017 4831429.989990 277.839996
463546.099976 4831429.980011 277.760010
463546.099976 4831429.989990 277.709991
463545.780029 4831429.880005 278.070007
463546.109985 4831430.010010 277.579987
463546.049988 4831430.019989 277.679993
463546.109985 4831429.989990 277.489990
463546.099976 4831430.000000 277.549988
463546.039978 4831430.010010 277.679993
463545.869995 4831430.019989 277.920013
463545.900024 4831429.760010 277.720001
463545.989990 4831429.769989 277.630005
463545.969971 4831429.750000 277.670013
463545.950012 4831429.779999 277.700012
463545.940002 4831429.750000 277.700012
463545.859985 4831429.929993 278.019989
463545.840027 4831429.910004 277.980011
463545.969971 4831429.769989 277.690002
463546.070007 4831429.880005 277.420013
463546.070007 4831429.839996 277.500000
463545.940002 4831430.019989 277.959991
463546.030029 4831430.019989 277.750000
463546.130005 4831430.019989 277.500000
463546.119995 4831430.000000 277.480011
463546.090027 4831429.920013 277.440002
463545.960022 4831429.799988 277.660004
463545.969971 4831429.820007 277.640015
463545.900024 4831429.779999 277.720001
463545.909973 4831429.799988 277.700012
463545.919983 4831429.820007 277.660004
463545.859985 4831429.799988 277.640015
463545.869995 4831429.820007 277.609985
463546.059998 4831429.940002 277.440002
463546.080017 4831429.959991 277.410004
463546.090027 4831429.980011 277.410004
463545.890015 4831429.769989 277.720001
463545.950012 4831429.809998 277.640015
463545.940002 4831429.790009 277.670013
463545.919983 4831429.779999 277.709991
463545.900024 4831429.760010 277.720001
463546.049988 4831429.869995 277.510010
463545.859985 4831429.989990 277.970001
463545.849976 4831429.970001 277.989990
463545.840027 4831429.950012 278.029999
463545.809998 4831429.899994 278.049988
463546.039978 4831429.829987 277.470001
463546.070007 4831429.880005 277.489990
463546.080017 4831429.890015 277.399994
463546.109985 4831429.929993 277.399994
463545.929993 4831429.790009 277.670013
463545.950012 4831429.820007 277.670013
463545.960022 4831429.829987 277.640015
463545.869995 4831429.799988 277.750000
463545.880005 4831429.799988 277.700012
463545.869995 4831429.790009 277.750000
463545.890015 4831429.809998 277.709991
463545.900024 4831429.820007 277.690002
463545.919983 4831429.839996 277.660004
463545.929993 4831429.869995 277.660004
463546.080017 4831429.950012 277.450012
463546.130005 4831430.010010 277.500000
463546.119995 4831429.959991 277.380005
463546.000000 4831430.010010 277.750000
463545.760010 4831429.899994 278.119995
463545.900024 4831429.850006 277.679993
463545.869995 4831429.820007 277.750000
463545.929993 4831429.809998 277.640015
463545.919983 4831429.799988 277.670013
463545.909973 4831429.779999 277.700012
463545.900024 4831429.769989 277.739990
463545.969971 4831429.790009 277.619995
463546.080017 4831429.899994 277.489990
463546.049988 4831429.850006 277.489990
463545.929993 4831429.809998 277.670013
463545.919983 4831429.790009 277.700012
463546.039978 4831429.890015 277.480011
463546.030029 4831429.869995 277.519989
463545.869995 4831429.790009 277.730011
463545.960022 4831429.820007 277.670013
463546.090027 4831429.929993 277.410004
463546.109985 4831429.980011 277.510010
463545.849976 4831429.989990 278.000000
463545.830017 4831429.959991 278.000000
463546.039978 4831429.890015 277.480011
463546.099976 4831429.910004 277.410004
463546.090027 4831429.940002 277.410004
463546.049988 4831429.890015 277.480011
463546.059998 4831429.940002 277.339996
463546.020020 4831429.880005 277.519989
463546.119995 4831430.000000 277.380005
463546.090027 4831429.959991 277.399994
463545.809998 4831429.959991 278.029999
463546.130005 4831429.940002 277.260010
463546.000000 4831429.920013 277.510010
463546.059998 4831429.899994 277.380005
463545.880005 4831429.959991 277.850006
463546.080017 4831429.899994 277.500000
463546.059998 4831429.910004 277.559998
463546.080017 4831429.890015 277.500000
463546.020020 4831429.920013 277.640015
463546.070007 4831429.820007 277.480011
463546.000000 4831429.890015 277.630005
463545.880005 4831429.980011 278.070007
463545.809998 4831430.010010 278.170013
463546.109985 4831430.000000 277.500000
463545.969971 4831429.989990 277.859985
463545.969971 4831430.000000 277.799988
463545.830017 4831430.010010 278.029999
463545.750000 4831429.880005 278.100006
463545.789978 4831429.899994 278.070007
463545.789978 4831429.920013 278.059998
463545.859985 4831429.790009 277.779999
463545.880005 4831429.779999 277.790009
463545.820007 4831429.940002 278.049988
463545.880005 4831429.799988 277.750000
463545.909973 4831429.790009 277.739990
463545.929993 4831429.820007 277.700012
463546.109985 4831429.929993 277.450012
463546.109985 4831429.959991 277.420013
463545.849976 4831429.970001 278.019989
463546.130005 4831429.980011 277.390015
463545.830017 4831429.910004 278.029999
463545.919983 4831429.769989 277.720001
463545.940002 4831429.760010 277.709991
463545.929993 4831429.769989 277.700012
463545.929993 4831429.760010 277.700012
463545.940002 4831429.769989 277.700012
463545.799988 4831429.899994 278.040009
463545.940002 4831429.790009 277.709991
463545.960022 4831429.769989 277.700012
463545.820007 4831429.920013 277.989990
463545.969971 4831429.799988 277.660004
463545.890015 4831430.019989 278.040009
463545.900024 4831430.019989 277.989990
463546.109985 4831430.000000 277.579987
463546.119995 4831430.000000 277.549988
463546.030029 4831430.019989 277.760010
463546.150024 4831430.000000 277.489990
463546.190002 4831429.970001 277.320007
463546.179993 4831429.970001 277.440002
463546.169983 4831429.980011 277.489990
463546.169983 4831429.980011 277.549988
463546.150024 4831429.929993 277.600006
463546.159973 4831429.970001 277.670013
463546.150024 4831429.950012 277.630005
463546.150024 4831429.950012 277.559998
463546.200012 4831429.940002 277.510010
463546.200012 4831429.950012 277.440002
463546.169983 4831430.019989 277.459991
463546.200012 4831430.019989 277.320007
463546.200012 4831430.010010 277.299988
463546.140015 4831429.980011 277.399994
463546.140015 4831430.000000 277.429993
463546.159973 4831430.000000 277.510010
463546.150024 4831430.000000 277.429993
463545.679993 4831430.019989 278.380005
463545.700012 4831429.910004 278.179993
463545.650024 4831429.820007 278.230011
463545.640015 4831429.869995 278.250000
463545.640015 4831429.850006 278.140015
463545.650024 4831429.799988 278.200012
463545.640015 4831429.809998 278.290009
463545.669983 4831429.890015 278.089996
463545.530029 4831429.790009 278.309998
463545.549988 4831429.799988 278.299988
463545.570007 4831429.820007 278.290009
463545.580017 4831429.850006 278.290009
463545.630005 4831429.850006 278.149994
463545.619995 4831429.839996 278.209991
463545.599976 4831429.820007 278.269989
463545.590027 4831429.809998 278.309998
463545.590027 4831429.790009 278.190002
463545.599976 4831429.799988 278.290009
463545.640015 4831429.890015 278.140015
463545.630005 4831429.869995 278.160004
463545.690002 4831429.880005 278.170013
463545.510010 4831429.779999 278.339996
463545.570007 4831429.799988 278.299988
463545.599976 4831429.839996 278.299988
463545.590027 4831429.799988 278.190002
463545.619995 4831429.859985 278.230011
463545.630005 4831429.890015 278.209991
463545.640015 4831429.880005 278.149994
463545.599976 4831429.869995 278.230011
463545.590027 4831429.820007 278.309998
463545.679993 4831429.839996 278.109985
463545.590027 4831429.839996 278.160004
463545.599976 4831429.850006 278.230011
463545.570007 4831429.799988 278.220001
463545.559998 4831429.809998 278.290009
463545.619995 4831429.859985 278.119995
463545.710022 4831429.869995 278.089996
463545.669983 4831429.859985 278.109985
463545.640015 4831429.880005 278.130005
463545.609985 4831429.839996 278.149994
463545.609985 4831429.869995 278.160004
463545.590027 4831429.850006 278.170013
463545.570007 4831429.839996 278.190002
463545.640015 4831429.760010 278.089996
463545.530029 4831429.869995 278.279999
463545.599976 4831429.890015 278.329987
463545.590027 4831429.850006 278.320007
463545.590027 4831429.839996 278.250000
463545.609985 4831429.829987 278.299988
463545.640015 4831429.859985 278.290009
463545.669983 4831429.890015 278.220001
463545.619995 4831429.839996 278.309998
463545.609985 4831429.859985 278.160004
463545.669983 4831429.899994 278.190002
463545.690002 4831429.899994 278.130005
463545.650024 4831429.869995 278.149994
463545.679993 4831429.859985 278.130005
463545.700012 4831429.850006 278.109985
463545.630005 4831429.779999 278.190002
