463547.479980 4831430.459991 264.420013
463547.469971 4831430.440002 264.350006
463547.520020 4831430.470001 264.609985
463547.500000 4831430.480011 264.549988
463547.500000 4831430.489990 264.609985
463547.440002 4831430.559998 264.609985
463547.409973 4831430.589996 264.510010
463547.419983 4831430.609985 264.559998
463547.309998 4831430.579987 263.989990
463547.469971 4831430.489990 264.600006
463547.460022 4831430.519989 264.670013
463547.469971 4831430.540009 264.709991
463547.479980 4831430.480011 264.470001
463547.450012 4831430.489990 264.579987
463547.450012 4831430.519989 264.630005
463547.440002 4831430.540009 264.690002
463547.440002 4831430.570007 264.739990
463547.469971 4831430.470001 264.410004
463547.469971 4831430.489990 264.450012
463547.429993 4831430.529999 264.619995
463547.440002 4831430.559998 264.640015
463547.429993 4831430.579987 264.700012
463547.429993 4831430.600006 264.739990
463547.520020 4831430.730011 264.730011
463547.440002 4831430.470001 264.350006
463547.400024 4831430.559998 264.619995
463547.429993 4831430.589996 264.619995
463547.489990 4831430.730011 264.690002
463547.409973 4831430.480011 264.320007
463547.409973 4831430.500000 264.359985
463547.409973 4831430.519989 264.399994
463547.409973 4831430.619995 264.570007
463547.419983 4831430.649994 264.589996
463547.479980 4831430.739990 264.600006
463547.390015 4831430.500000 264.309998
463547.390015 4831430.529999 264.350006
463547.429993 4831430.660004 264.500000
463547.450012 4831430.690002 264.480011
463547.390015 4831430.609985 264.350006
463547.390015 4831430.640015 264.399994
463547.419983 4831430.700012 264.429993
463547.340027 4831430.570007 264.239990
463547.369995 4831430.630005 264.279999
463547.380005 4831430.660004 264.290009
463547.409973 4831430.690002 264.269989
463547.340027 4831430.570007 264.109985
463547.349976 4831430.600006 264.140015
463547.359985 4831430.630005 264.149994
463547.320007 4831430.609985 264.109985
463547.349976 4831430.640015 264.079987
463547.380005 4831430.670013 264.059998
463547.380005 4831430.709991 263.920013
463547.450012 4831430.619995 264.739990
463547.510010 4831430.730011 264.660004
463547.500000 4831430.709991 264.720001
463547.530029 4831430.720001 264.239990
463547.549988 4831430.730011 264.480011
463547.450012 4831430.709991 264.160004
463547.539978 4831430.730011 264.450012
463547.549988 4831430.750000 264.500000
463547.549988 4831430.750000 264.429993
463547.549988 4831430.750000 264.369995
463547.539978 4831430.750000 264.290009
463547.530029 4831430.769989 264.679993
463547.520020 4831430.760010 264.570007
463547.520020 4831430.760010 264.500000
463547.510010 4831430.750000 264.420013
463547.510010 4831430.750000 264.350006
463547.500000 4831430.739990 264.269989
463547.500000 4831430.750000 264.190002
463547.489990 4831430.769989 264.540009
463547.479980 4831430.750000 264.420013
463547.469971 4831430.739990 264.320007
463547.460022 4831430.739990 264.239990
463547.460022 4831430.739990 264.170013
463547.460022 4831430.750000 263.829987
463547.450012 4831430.750000 264.410004
463547.460022 4831430.750000 264.350006
463547.469971 4831430.769989 264.309998
463547.450012 4831430.739990 264.190002
463547.440002 4831430.739990 264.119995
463547.429993 4831430.739990 263.950012
463547.299988 4831430.619995 263.929993
463547.320007 4831430.589996 264.089996
463547.309998 4831430.649994 264.019989
463547.369995 4831430.579987 264.279999
463547.400024 4831430.589996 264.380005
463547.440002 4831430.649994 264.619995
463547.349976 4831430.589996 264.079987
463547.380005 4831430.600006 264.209991
463547.460022 4831430.690002 264.640015
463547.309998 4831430.609985 263.899994
463547.340027 4831430.609985 263.970001
463547.450012 4831430.700012 264.470001
463547.479980 4831430.720001 264.559998
463547.309998 4831430.630005 263.809998
463547.340027 4831430.649994 263.940002
463547.340027 4831430.670013 263.929993
463547.380005 4831430.670013 264.000000
463547.330017 4831430.660004 263.899994
463547.359985 4831430.670013 263.980011
463547.489990 4831430.760010 264.489990
463547.309998 4831430.649994 263.829987
463547.349976 4831430.679993 263.970001
463547.380005 4831430.679993 264.059998
463547.330017 4831430.679993 263.850006
463547.359985 4831430.690002 263.940002
463547.390015 4831430.690002 264.010010
463547.419983 4831430.709991 264.130005
463547.359985 4831430.700012 263.880005
463547.400024 4831430.720001 264.010010
463547.429993 4831430.730011 264.109985
463547.460022 4831430.730011 264.170013
463547.489990 4831430.750000 264.269989
463547.520020 4831430.750000 264.329987
463547.380005 4831430.720001 263.820007
463547.409973 4831430.720001 263.869995
463547.440002 4831430.739990 263.989990
463547.450012 4831430.540009 264.489990
463547.479980 4831430.529999 264.489990
463547.510010 4831430.429993 264.399994
463547.500000 4831430.450012 264.459991
463547.489990 4831430.440002 264.369995
463547.500000 4831430.459991 264.489990
463547.520020 4831430.440002 263.940002
463547.520020 4831430.429993 263.850006
463547.510010 4831430.720001 263.829987
463547.510010 4831430.700012 263.899994
463547.520020 4831430.709991 264.000000
463547.530029 4831430.720001 264.140015
463547.479980 4831430.709991 263.850006
463547.530029 4831430.720001 264.040009
463547.530029 4831430.709991 264.100006
