463546.130005 4831430.290009 279.089996
463546.130005 4831430.250000 279.140015
463546.130005 4831430.329987 278.989990
463546.130005 4831430.230011 279.109985
463546.119995 4831430.230011 279.130005
463546.109985 4831430.260010 279.109985
463546.130005 4831430.250000 279.070007
463546.609985 4831429.929993 279.519989
463546.700012 4831429.940002 279.579987
463546.640015 4831429.970001 279.510010
463546.590027 4831430.209991 278.839996
463546.590027 4831430.209991 278.890015
463546.590027 4831430.220001 278.940002
463546.590027 4831430.209991 278.989990
463546.599976 4831430.220001 279.040009
463546.549988 4831430.250000 278.820007
463546.530029 4831430.220001 278.910004
463546.530029 4831430.209991 278.980011
463546.530029 4831430.209991 279.029999
463546.520020 4831430.200012 279.100006
463546.520020 4831430.190002 279.160004
463546.520020 4831430.179993 279.209991
463546.530029 4831430.209991 279.230011
463546.530029 4831430.209991 279.279999
463546.530029 4831430.220001 279.329987
463546.530029 4831430.209991 279.399994
463546.510010 4831430.250000 278.950012
463546.510010 4831430.230011 279.019989
463546.500000 4831430.220001 279.089996
463546.479980 4831430.179993 279.190002
463546.489990 4831430.209991 279.220001
463546.489990 4831430.209991 279.269989
463546.489990 4831430.209991 279.320007
463546.489990 4831430.200012 279.369995
463546.500000 4831430.209991 279.410004
463546.500000 4831430.209991 279.470001
463546.500000 4831430.209991 279.519989
463546.500000 4831430.209991 279.570007
463546.400024 4831430.070007 279.320007
463546.469971 4831430.220001 279.250000
463546.469971 4831430.209991 279.320007
463546.469971 4831430.209991 279.380005
463546.460022 4831430.200012 279.450012
463546.460022 4831430.209991 279.500000
463546.450012 4831430.179993 279.579987
463546.460022 4831430.200012 279.600006
463546.460022 4831430.200012 279.649994
463546.460022 4831430.230011 279.200012
463546.460022 4831430.230011 279.250000
463546.460022 4831430.230011 279.309998
463546.460022 4831430.220001 279.369995
463546.450012 4831430.209991 279.440002
463546.450012 4831430.209991 279.489990
463546.440002 4831430.200012 279.559998
463546.450012 4831430.209991 279.609985
463546.460022 4831430.290009 279.260010
463546.510010 4831430.380005 279.190002
463546.450012 4831430.250000 279.390015
463546.429993 4831430.220001 279.480011
463546.419983 4831430.190002 279.559998
463546.429993 4831430.200012 279.600006
463546.419983 4831430.190002 279.660004
463546.440002 4831430.260010 279.220001
463546.440002 4831430.250000 279.279999
463546.450012 4831430.269989 279.309998
463546.450012 4831430.269989 279.369995
463546.429993 4831430.220001 279.470001
463546.419983 4831430.209991 279.549988
463546.419983 4831430.209991 279.600006
463546.409973 4831430.190002 279.679993
463546.460022 4831430.350006 279.350006
463546.409973 4831430.220001 279.540009
463546.400024 4831430.209991 279.609985
463546.400024 4831430.200012 279.679993
463546.390015 4831430.179993 279.760010
463546.400024 4831430.269989 279.549988
463546.400024 4831430.269989 279.600006
463546.380005 4831430.239990 279.690002
463546.390015 4831430.239990 279.730011
463546.369995 4831430.299988 279.769989
463546.390015 4831430.350006 279.769989
463546.510010 4831430.200012 279.369995
463546.469971 4831430.170013 279.480011
463546.539978 4831430.179993 278.890015
463546.479980 4831430.190002 279.250000
463546.460022 4831430.170013 279.329987
463546.450012 4831430.170013 279.390015
463546.450012 4831430.179993 279.440002
463546.440002 4831430.179993 279.489990
463546.460022 4831430.190002 279.279999
463546.440002 4831430.190002 279.350006
463546.429993 4831430.190002 279.410004
463546.419983 4831430.190002 279.470001
463546.440002 4831430.209991 279.489990
463546.489990 4831430.230011 279.019989
463546.450012 4831430.230011 279.190002
463546.460022 4831430.250000 279.230011
463546.419983 4831430.220001 279.380005
463546.419983 4831430.230011 279.420013
463546.390015 4831430.209991 279.519989
463546.380005 4831430.269989 279.779999
463546.400024 4831430.309998 279.790009
463546.359985 4831430.290009 279.760010
463546.380005 4831430.329987 279.769989
463546.390015 4831430.359985 279.799988
463546.309998 4831430.290009 279.779999
463546.349976 4831430.339996 279.760010
463546.359985 4831430.359985 279.799988
463546.330017 4831430.369995 279.779999
463546.340027 4831430.320007 278.850006
463546.440002 4831429.980011 279.339996
463546.469971 4831430.049988 279.250000
463546.400024 4831430.119995 279.660004
463546.359985 4831430.109985 279.739990
463546.500000 4831430.170013 279.209991
463546.489990 4831430.179993 279.269989
463546.469971 4831430.170013 279.339996
463546.440002 4831430.170013 279.420013
463546.419983 4831430.170013 279.480011
463546.400024 4831430.170013 279.540009
463546.390015 4831430.179993 279.589996
463546.320007 4831430.140015 279.709991
463546.349976 4831430.179993 279.709991
463546.359985 4831430.200012 279.739990
463546.349976 4831430.209991 279.799988
463546.530029 4831430.179993 278.859985
463546.510010 4831430.179993 278.929993
463546.500000 4831430.179993 278.989990
463546.440002 4831430.190002 279.190002
463546.429993 4831430.200012 279.250000
463546.409973 4831430.200012 279.309998
463546.369995 4831430.209991 279.480011
463546.369995 4831430.230011 279.510010
463546.250000 4831430.179993 279.779999
463546.320007 4831430.250000 279.739990
463546.349976 4831430.299988 279.739990
463546.359985 4831430.320007 279.769989
463546.369995 4831430.350006 279.799988
463546.510010 4831430.209991 278.829987
463546.489990 4831430.220001 278.899994
463546.489990 4831430.239990 278.970001
463546.330017 4831430.359985 279.769989
463546.299988 4831430.309998 278.880005
463546.630005 4831429.940002 279.429993
463546.409973 4831430.250000 278.839996
463546.419983 4831430.309998 279.790009
463546.409973 4831430.299988 279.750000
463546.419983 4831430.160004 279.619995
463546.429993 4831430.160004 279.559998
463546.419983 4831430.140015 279.540009
463546.460022 4831430.160004 279.420013
463546.479980 4831430.170013 279.329987
463546.539978 4831430.179993 278.970001
463546.479980 4831430.140015 279.480011
463546.479980 4831430.140015 279.410004
463546.510010 4831430.149994 279.320007
463546.500000 4831430.130005 279.299988
463546.549988 4831430.140015 279.019989
463546.559998 4831430.140015 278.950012
463546.570007 4831430.140015 278.880005
463546.510010 4831430.130005 279.529999
463546.510010 4831430.130005 279.470001
463546.520020 4831430.119995 279.420013
463546.539978 4831430.130005 279.320007
463546.590027 4831430.140015 279.019989
463546.590027 4831430.130005 278.970001
463546.440002 4831430.329987 279.790009
463546.429993 4831430.299988 279.779999
463546.460022 4831430.260010 279.720001
463546.450012 4831430.170013 279.600006
463546.489990 4831430.160004 279.790009
463546.500000 4831430.190002 279.339996
463546.539978 4831430.149994 279.480011
463546.570007 4831430.140015 279.160004
463546.570007 4831430.140015 279.100006
463546.580017 4831430.160004 279.019989
463546.590027 4831430.190002 278.850006
463546.619995 4831430.170013 278.859985
463546.619995 4831430.160004 278.829987
463546.679993 4831430.190002 278.809998
463546.400024 4831430.369995 279.799988
463546.419983 4831430.329987 279.769989
463546.349976 4831430.320007 278.910004
463546.450012 4831430.179993 279.559998
463546.380005 4831430.309998 278.859985
463546.530029 4831430.160004 279.730011
463546.520020 4831430.170013 279.660004
463546.500000 4831430.149994 279.579987
463546.489990 4831430.160004 279.519989
463546.479980 4831430.179993 279.450012
463546.469971 4831430.170013 279.399994
463546.419983 4831430.299988 278.809998
463546.549988 4831430.179993 279.519989
463546.530029 4831430.160004 279.489990
463546.520020 4831430.160004 279.440002
463546.510010 4831430.160004 279.399994
463546.500000 4831430.160004 279.329987
463546.580017 4831430.209991 279.380005
463546.559998 4831430.170013 279.399994
463546.549988 4831430.160004 279.359985
463546.539978 4831430.160004 279.309998
463546.530029 4831430.160004 279.260010
463546.549988 4831430.160004 279.109985
463546.619995 4831430.200012 279.179993
463546.599976 4831430.160004 279.170013
463546.590027 4831430.149994 279.130005
463546.570007 4831430.149994 279.029999
463546.559998 4831430.179993 278.950012
463546.559998 4831430.190002 278.890015
463546.599976 4831430.109985 279.109985
463546.590027 4831430.160004 278.929993
463546.590027 4831430.179993 278.839996
463546.650024 4831430.179993 278.929993
463546.640015 4831430.170013 278.890015
463546.630005 4831430.160004 278.850006
463546.679993 4831430.170013 278.820007
463546.179993 4831430.089996 279.140015
463546.700012 4831429.929993 279.649994
463546.650024 4831429.959991 279.570007
463546.510010 4831430.190002 278.910004
463546.520020 4831430.209991 279.010010
463546.460022 4831430.220001 278.940002
463546.460022 4831430.209991 279.209991
463546.429993 4831430.250000 279.660004
463546.400024 4831430.179993 279.299988
463546.409973 4831430.200012 279.309998
463546.340027 4831430.170013 279.730011
463546.349976 4831430.200012 279.739990
463546.340027 4831430.160004 279.649994
463546.309998 4831430.329987 279.799988
463546.309998 4831430.320007 278.820007
463546.179993 4831430.309998 279.089996
463546.429993 4831430.239990 279.799988
463546.419983 4831430.230011 279.720001
463546.390015 4831430.179993 279.720001
463546.510010 4831430.279999 279.130005
463546.469971 4831430.200012 279.410004
463546.450012 4831430.179993 279.410004
463546.440002 4831430.160004 279.380005
463546.549988 4831430.230011 279.029999
463546.530029 4831430.200012 279.109985
463546.520020 4831430.190002 279.049988
463546.510010 4831430.170013 278.940002
463546.469971 4831429.980011 279.339996
463546.380005 4831430.390015 279.779999
463546.359985 4831430.369995 279.779999
463546.380005 4831430.339996 279.739990
463546.369995 4831430.309998 279.779999
463546.409973 4831430.320007 279.709991
463546.390015 4831430.299988 279.720001
463546.429993 4831430.279999 279.750000
463546.419983 4831430.250000 279.769989
463546.380005 4831430.190002 279.750000
463546.349976 4831430.179993 279.670013
463546.450012 4831430.250000 279.720001
463546.429993 4831430.230011 279.709991
463546.419983 4831430.209991 279.709991
463546.400024 4831430.190002 279.709991
463546.450012 4831430.239990 279.589996
463546.440002 4831430.209991 279.630005
463546.419983 4831430.190002 279.619995
463546.320007 4831430.320007 278.890015
463546.479980 4831430.260010 279.489990
463546.469971 4831430.239990 279.500000
463546.460022 4831430.209991 279.540009
463546.440002 4831430.190002 279.510010
463546.400024 4831430.200012 279.329987
463546.489990 4831430.250000 279.359985
463546.479980 4831430.220001 279.399994
463546.469971 4831430.200012 279.390015
463546.450012 4831430.190002 279.359985
463546.510010 4831430.250000 279.250000
463546.500000 4831430.220001 279.290009
463546.479980 4831430.190002 279.299988
463546.539978 4831430.279999 279.109985
463546.530029 4831430.250000 279.160004
463546.520020 4831430.220001 279.200012
463546.510010 4831430.200012 279.209991
463546.549988 4831430.239990 279.079987
463546.539978 4831430.209991 279.079987
463546.520020 4831430.190002 279.089996
463546.580017 4831430.260010 278.899994
463546.570007 4831430.220001 278.980011
463546.559998 4831430.190002 278.980011
463546.580017 4831430.209991 278.809998
463546.650024 4831429.940002 279.519989
463546.690002 4831429.929993 279.619995
463546.719971 4831429.929993 279.730011
463546.659973 4831429.929993 279.450012
463546.659973 4831429.950012 279.589996
463546.640015 4831429.970001 279.570007
463546.619995 4831429.970001 279.540009
463546.599976 4831429.980011 279.519989
463546.440002 4831430.040009 279.339996
463546.419983 4831430.040009 279.339996
463546.429993 4831430.059998 279.320007
463546.349976 4831430.130005 279.799988
463546.359985 4831430.149994 279.779999
463546.369995 4831430.170013 279.760010
463546.380005 4831430.190002 279.730011
463546.400024 4831430.209991 279.760010
463546.409973 4831430.239990 279.760010
463546.419983 4831430.279999 279.510010
463546.340027 4831430.160004 279.790009
463546.349976 4831430.179993 279.750000
463546.380005 4831430.230011 279.799988
463546.340027 4831430.390015 279.799988
463546.580017 4831429.959991 279.489990
463546.520020 4831429.970001 279.480011
463546.539978 4831430.000000 279.470001
463546.460022 4831430.279999 279.239990
463546.479980 4831430.290009 279.179993
463546.500000 4831430.279999 279.010010
463546.520020 4831430.290009 278.929993
463546.539978 4831430.290009 278.839996
463546.309998 4831430.359985 279.739990
463546.320007 4831430.390015 279.790009
463546.530029 4831429.980011 279.500000
463546.289978 4831430.260010 279.709991
463546.289978 4831430.290009 279.739990
463546.309998 4831430.339996 279.760010
463546.400024 4831430.290009 279.440002
463546.440002 4831430.269989 279.290009
463546.450012 4831430.309998 278.920013
463546.469971 4831430.320007 278.859985
463546.460022 4831430.279999 278.880005
463546.450012 4831430.269989 278.929993
463546.419983 4831430.269989 279.119995
463546.409973 4831430.269989 279.179993
463546.400024 4831430.260010 279.230011
463546.390015 4831430.269989 279.320007
463546.380005 4831430.269989 279.390015
463546.369995 4831430.269989 279.450012
463546.369995 4831430.269989 279.500000
463546.359985 4831430.269989 279.559998
463546.359985 4831430.299988 279.700012
463546.340027 4831430.290009 279.720001
463546.330017 4831430.260010 279.720001
463546.320007 4831430.250000 279.769989
463546.539978 4831430.250000 278.920013
463546.530029 4831430.250000 278.980011
463546.520020 4831430.239990 279.019989
463546.510010 4831430.239990 279.079987
463546.500000 4831430.230011 279.130005
463546.489990 4831430.230011 279.190002
463546.469971 4831430.220001 279.230011
463546.460022 4831430.200012 279.260010
463546.440002 4831430.160004 279.230011
463546.440002 4831430.190002 279.350006
463546.440002 4831430.209991 279.470001
463546.429993 4831430.230011 279.549988
463546.419983 4831430.220001 279.600006
463546.409973 4831430.209991 279.649994
463546.390015 4831430.190002 279.720001
463546.369995 4831430.170013 279.730011
463546.440002 4831430.010010 279.320007
463546.429993 4831430.000000 279.339996
463546.380005 4831430.309998 279.679993
463546.369995 4831430.290009 279.720001
463546.359985 4831430.279999 279.769989
463546.349976 4831430.260010 279.769989
463546.359985 4831430.200012 279.730011
463546.440002 4831430.290009 279.119995
463546.440002 4831430.290009 279.260010
463546.440002 4831430.279999 279.320007
463546.440002 4831430.269989 279.369995
463546.440002 4831430.260010 279.570007
463546.419983 4831430.230011 279.579987
463546.469971 4831430.299988 278.950012
463546.479980 4831430.299988 279.109985
463546.469971 4831430.290009 279.160004
463546.460022 4831430.260010 279.320007
463546.450012 4831430.250000 279.350006
463546.450012 4831430.239990 279.420013
463546.450012 4831430.220001 279.519989
463546.489990 4831430.279999 278.980011
463546.500000 4831430.290009 279.079987
463546.500000 4831430.279999 279.130005
463546.489990 4831430.269989 279.179993
463546.479980 4831430.250000 279.220001
463546.469971 4831430.230011 279.239990
463546.460022 4831430.220001 279.279999
463546.500000 4831430.239990 279.160004
463546.530029 4831430.230011 279.010010
463546.570007 4831429.970001 279.480011
463546.349976 4831430.380005 279.720001
463546.320007 4831430.339996 279.709991
463546.330017 4831430.329987 279.579987
463546.359985 4831430.329987 279.700012
463546.340027 4831430.299988 279.700012
463546.340027 4831430.290009 279.760010
463546.380005 4831430.329987 279.630005
463546.380005 4831430.309998 279.660004
463546.380005 4831430.299988 279.709991
463546.369995 4831430.279999 279.739990
463546.369995 4831430.260010 279.779999
463546.380005 4831430.309998 279.450012
463546.390015 4831430.309998 279.519989
463546.400024 4831430.290009 279.579987
463546.409973 4831430.279999 279.649994
463546.400024 4831430.260010 279.679993
463546.390015 4831430.239990 279.700012
463546.380005 4831430.220001 279.720001
463546.380005 4831430.209991 279.769989
463546.349976 4831430.179993 279.739990
463546.419983 4831430.329987 279.390015
463546.409973 4831430.299988 279.410004
463546.419983 4831430.299988 279.470001
463546.419983 4831430.290009 279.519989
463546.419983 4831430.269989 279.549988
463546.419983 4831430.260010 279.600006
463546.409973 4831430.239990 279.640015
463546.409973 4831430.220001 279.670013
463546.400024 4831430.200012 279.690002
463546.429993 4831430.320007 279.239990
463546.429993 4831430.299988 279.299988
463546.440002 4831430.290009 279.359985
463546.440002 4831430.279999 279.420013
463546.460022 4831430.260010 279.549988
463546.440002 4831430.309998 279.130005
463546.450012 4831430.299988 279.179993
463546.460022 4831430.290009 279.239990
463546.460022 4831430.279999 279.279999
463546.460022 4831430.260010 279.339996
463546.479980 4831430.320007 279.010010
463546.479980 4831430.309998 279.059998
463546.489990 4831430.299988 279.130005
463546.489990 4831430.279999 279.170013
463546.479980 4831430.260010 279.209991
463546.469971 4831430.239990 279.239990
463546.469971 4831430.220001 279.279999
463546.510010 4831430.290009 279.000000
463546.510010 4831430.269989 279.040009
463546.510010 4831430.260010 279.079987
463546.510010 4831430.239990 279.109985
463546.489990 4831430.220001 279.130005
463546.469971 4831430.190002 279.130005
463546.539978 4831430.290009 278.859985
463546.530029 4831430.269989 278.890015
463546.539978 4831430.239990 279.000000
463546.520020 4831430.220001 279.000000
463546.460022 4831430.019989 279.369995
463546.150024 4831430.279999 279.070007
463546.140015 4831430.269989 279.089996
463546.159973 4831430.279999 279.070007
463546.150024 4831430.260010 279.089996
463546.159973 4831430.269989 279.059998
463546.150024 4831430.230011 279.100006
463546.700012 4831429.940002 279.660004
463546.559998 4831429.970001 279.470001
463546.460022 4831429.970001 279.350006
463546.460022 4831430.059998 279.339996
463546.469971 4831430.070007 279.299988
463546.489990 4831430.100006 279.299988
463546.539978 4831430.290009 279.019989
463546.539978 4831430.299988 278.980011
463546.539978 4831430.299988 278.869995
463546.549988 4831430.309998 278.829987
463546.419983 4831430.260010 279.700012
463546.429993 4831430.269989 279.670013
463546.429993 4831430.279999 279.619995
463546.440002 4831430.290009 279.579987
463546.450012 4831430.309998 279.549988
463546.390015 4831430.309998 279.630005
463546.390015 4831430.309998 279.579987
463546.369995 4831430.290009 279.489990
463546.369995 4831430.410004 279.769989
463546.719971 4831429.970001 279.670013
463546.679993 4831429.950012 279.600006
463546.640015 4831429.970001 279.540009
463546.590027 4831429.980011 279.510010
463546.469971 4831430.029999 279.339996
463546.460022 4831430.250000 279.609985
463546.510010 4831430.239990 279.170013
463546.520020 4831430.239990 279.130005
463546.530029 4831430.250000 279.089996
463546.539978 4831430.250000 279.029999
463546.549988 4831430.260010 279.000000
463546.549988 4831430.260010 278.940002
463546.559998 4831430.260010 278.890015
463546.570007 4831430.260010 278.829987
463546.359985 4831430.290009 279.799988
463546.369995 4831430.290009 279.760010
463546.380005 4831430.309998 279.720001
463546.390015 4831430.320007 279.679993
463546.400024 4831430.309998 279.609985
463546.409973 4831430.320007 279.570007
463546.419983 4831430.299988 279.450012
463546.429993 4831430.309998 279.410004
463546.429993 4831430.309998 279.359985
463546.440002 4831430.299988 279.299988
463546.440002 4831430.299988 279.250000
463546.450012 4831430.299988 279.190002
463546.460022 4831430.309998 279.140015
463546.469971 4831430.309998 279.100006
463546.479980 4831430.309998 279.040009
463546.489990 4831430.309998 278.980011
463546.489990 4831430.309998 278.940002
463546.500000 4831430.320007 278.899994
463546.500000 4831430.309998 278.839996
463546.330017 4831430.359985 279.760010
463546.349976 4831430.399994 279.760010
463546.440002 4831430.040009 279.359985
463546.359985 4831430.320007 279.720001
463546.380005 4831430.359985 279.720001
463546.390015 4831430.309998 279.609985
463546.400024 4831430.309998 279.570007
463546.409973 4831430.309998 279.510010
463546.409973 4831430.309998 279.109985
463546.429993 4831430.329987 279.079987
463546.460022 4831430.320007 278.959991
463546.469971 4831430.309998 278.910004
463546.159973 4831430.230011 279.119995
463546.169983 4831430.260010 279.089996
463546.159973 4831430.290009 279.070007
463546.169983 4831430.309998 279.049988
463546.150024 4831430.320007 279.079987
463546.299988 4831430.420013 279.799988
463546.330017 4831430.359985 279.720001
463546.320007 4831430.359985 279.779999
463546.400024 4831430.309998 279.119995
463546.390015 4831430.299988 279.160004
463546.380005 4831430.279999 279.200012
463546.380005 4831430.290009 279.260010
463546.369995 4831430.290009 279.309998
463546.369995 4831430.290009 279.369995
463546.369995 4831430.299988 279.429993
463546.359985 4831430.290009 279.470001
463546.349976 4831430.290009 279.519989
463546.349976 4831430.290009 279.570007
463546.349976 4831430.299988 279.619995
463546.349976 4831430.320007 279.700012
463546.340027 4831430.299988 279.730011
463546.330017 4831430.279999 279.760010
463546.469971 4831430.290009 278.820007
463546.460022 4831430.290009 278.869995
463546.450012 4831430.290009 278.920013
463546.450012 4831430.290009 278.980011
463546.440002 4831430.290009 279.040009
463546.440002 4831430.290009 279.089996
463546.440002 4831430.290009 279.140015
463546.429993 4831430.290009 279.179993
463546.429993 4831430.290009 279.230011
463546.419983 4831430.290009 279.279999
463546.409973 4831430.290009 279.329987
463546.409973 4831430.290009 279.380005
463546.400024 4831430.290009 279.429993
463546.400024 4831430.279999 279.489990
463546.390015 4831430.279999 279.540009
463546.390015 4831430.279999 279.600006
463546.380005 4831430.279999 279.640015
463546.380005 4831430.279999 279.679993
463546.359985 4831430.260010 279.760010
463546.520020 4831430.290009 278.850006
463546.510010 4831430.290009 278.899994
463546.500000 4831430.279999 278.940002
463546.500000 4831430.279999 278.989990
463546.489990 4831430.269989 279.029999
463546.489990 4831430.269989 279.079987
463546.479980 4831430.260010 279.130005
463546.469971 4831430.260010 279.179993
463546.460022 4831430.250000 279.230011
463546.450012 4831430.230011 279.260010
463546.440002 4831430.220001 279.299988
463546.440002 4831430.239990 279.369995
463546.440002 4831430.239990 279.420013
463546.429993 4831430.230011 279.459991
463546.429993 4831430.230011 279.500000
463546.409973 4831430.209991 279.529999
463546.419983 4831430.239990 279.609985
463546.409973 4831430.230011 279.660004
463546.380005 4831430.170013 279.649994
463546.369995 4831430.160004 279.760010
463546.400024 4831429.989990 279.140015
463546.400024 4831430.029999 279.239990
463546.440002 4831430.010010 279.320007
463546.419983 4831429.989990 279.359985
463546.599976 4831429.980011 279.529999
463546.640015 4831429.950012 279.589996
463546.299988 4831430.450012 279.799988
463546.320007 4831430.390015 279.779999
463546.330017 4831430.320007 279.630005
463546.330017 4831430.299988 279.779999
463546.380005 4831430.309998 279.350006
463546.380005 4831430.309998 279.399994
463546.380005 4831430.309998 279.459991
463546.380005 4831430.309998 279.510010
463546.390015 4831430.309998 279.570007
463546.390015 4831430.309998 279.630005
463546.380005 4831430.290009 279.670013
463546.369995 4831430.279999 279.750000
463546.429993 4831430.309998 279.089996
463546.429993 4831430.299988 279.140015
463546.429993 4831430.299988 279.190002
463546.429993 4831430.299988 279.250000
463546.429993 4831430.299988 279.309998
463546.429993 4831430.290009 279.359985
463546.429993 4831430.290009 279.399994
463546.429993 4831430.279999 279.440002
463546.419983 4831430.269989 279.489990
463546.419983 4831430.260010 279.529999
463546.419983 4831430.260010 279.579987
463546.409973 4831430.239990 279.609985
463546.400024 4831430.230011 279.660004
463546.479980 4831430.320007 278.839996
463546.479980 4831430.309998 278.890015
463546.469971 4831430.290009 278.929993
463546.479980 4831430.309998 279.010010
463546.479980 4831430.299988 279.049988
463546.479980 4831430.299988 279.100006
463546.469971 4831430.279999 279.140015
463546.479980 4831430.290009 279.190002
463546.469971 4831430.279999 279.230011
463546.469971 4831430.269989 279.279999
463546.460022 4831430.250000 279.309998
463546.450012 4831430.239990 279.359985
463546.450012 4831430.230011 279.410004
463546.429993 4831430.200012 279.429993
463546.510010 4831430.290009 278.820007
463546.510010 4831430.299988 278.880005
463546.520020 4831430.290009 278.929993
463546.530029 4831430.309998 279.010010
463546.510010 4831430.279999 279.029999
463546.500000 4831430.269989 279.070007
463546.500000 4831430.250000 279.119995
463546.500000 4831430.250000 279.179993
463546.440002 4831430.079987 279.250000
463546.429993 4831430.070007 279.290009
463546.419983 4831430.049988 279.320007
463546.400024 4831430.010010 279.329987
463546.460022 4831430.040009 279.339996
463546.419983 4831429.980011 279.309998
463546.340027 4831430.399994 279.769989
463546.330017 4831430.350006 279.649994
463546.340027 4831430.350006 279.709991
463546.359985 4831430.320007 279.700012
463546.380005 4831430.320007 279.529999
463546.390015 4831430.290009 279.709991
463546.390015 4831430.309998 279.369995
463546.400024 4831430.309998 279.429993
463546.409973 4831430.309998 279.480011
463546.400024 4831430.290009 279.519989
463546.409973 4831430.290009 279.579987
463546.409973 4831430.279999 279.630005
463546.340027 4831430.149994 279.799988
463546.409973 4831430.309998 279.190002
463546.429993 4831430.320007 279.269989
463546.429993 4831430.309998 279.320007
463546.429993 4831430.299988 279.380005
463546.429993 4831430.290009 279.420013
463546.440002 4831430.279999 279.459991
463546.429993 4831430.260010 279.500000
463546.429993 4831430.260010 279.549988
463546.469971 4831430.339996 279.100006
463546.450012 4831430.320007 279.109985
463546.460022 4831430.309998 279.160004
463546.460022 4831430.299988 279.209991
463546.460022 4831430.290009 279.260010
463546.460022 4831430.279999 279.299988
463546.460022 4831430.269989 279.350006
463546.460022 4831430.260010 279.399994
463546.450012 4831430.239990 279.440002
463546.479980 4831430.320007 278.950012
463546.479980 4831430.309998 279.000000
463546.489990 4831430.299988 279.049988
463546.489990 4831430.290009 279.100006
463546.489990 4831430.279999 279.160004
463546.489990 4831430.260010 279.190002
463546.510010 4831430.309998 278.820007
463546.520020 4831430.309998 278.880005
463546.530029 4831430.299988 278.929993
463546.530029 4831430.290009 278.970001
463546.520020 4831430.269989 279.010010
463546.510010 4831430.250000 279.029999
463546.510010 4831430.239990 279.079987
463546.559998 4831430.269989 278.820007
463546.549988 4831430.250000 278.850006
463546.549988 4831430.230011 278.899994
463546.440002 4831429.989990 279.350006
463546.130005 4831430.230011 279.029999
463546.140015 4831430.250000 279.109985
463546.159973 4831430.279999 279.059998
463546.150024 4831430.260010 279.089996
463546.679993 4831429.929993 279.670013
463546.510010 4831430.230011 278.869995
463546.440002 4831430.040009 279.369995
463546.429993 4831430.079987 279.279999
463546.409973 4831430.200012 279.130005
463546.409973 4831430.220001 279.230011
463546.419983 4831430.230011 279.339996
463546.369995 4831430.220001 279.549988
463546.320007 4831430.170013 279.779999
463546.440002 4831430.049988 279.350006
463546.320007 4831430.140015 279.790009
463546.330017 4831430.209991 279.730011
463546.330017 4831430.309998 279.730011
463546.320007 4831430.339996 279.739990
463546.320007 4831430.359985 279.760010
463546.309998 4831430.390015 279.779999
463546.400024 4831430.059998 279.279999
463546.409973 4831430.200012 279.220001
463546.299988 4831430.220001 279.589996
463546.280029 4831430.239990 279.640015
463546.390015 4831430.230011 279.119995
463546.390015 4831430.250000 279.130005
463546.390015 4831430.250000 279.070007
463546.440002 4831430.239990 278.809998
463546.150024 4831430.279999 279.109985
463546.150024 4831430.329987 279.049988
463546.309998 4831430.170013 279.339996
463546.330017 4831430.149994 279.269989
463546.250000 4831430.179993 279.779999
463546.309998 4831430.179993 279.549988
463546.330017 4831430.170013 279.480011
463546.340027 4831430.179993 279.359985
463546.419983 4831430.170013 278.859985
463546.270020 4831430.119995 279.609985
463546.289978 4831430.119995 279.549988
463546.320007 4831430.100006 279.459991
463546.280029 4831430.130005 279.390015
463546.250000 4831430.250000 279.720001
463546.440002 4831430.209991 279.269989
463546.359985 4831430.309998 279.720001
463546.390015 4831430.299988 279.739990
463546.429993 4831430.279999 279.739990
463546.340027 4831430.209991 279.779999
463546.409973 4831430.230011 279.239990
463546.349976 4831430.320007 279.670013
463546.400024 4831430.299988 279.299988
463546.409973 4831430.299988 279.339996
463546.320007 4831430.209991 279.679993
463546.450012 4831430.230011 278.970001
463546.479980 4831430.269989 278.820007
463546.489990 4831430.279999 278.880005
463546.500000 4831430.279999 278.920013
463546.520020 4831430.269989 278.959991
463546.469971 4831429.940002 279.320007
463546.460022 4831430.250000 279.260010
463546.450012 4831430.250000 279.230011
463546.309998 4831430.320007 279.760010
463546.359985 4831430.250000 279.519989
463546.340027 4831430.149994 279.779999
463546.320007 4831430.149994 279.720001
463546.409973 4831430.040009 279.329987
463546.330017 4831430.109985 279.779999
463546.320007 4831430.079987 279.799988
463546.359985 4831430.000000 279.619995
463546.309998 4831430.309998 279.790009
463546.419983 4831430.200012 279.700012
463546.380005 4831430.220001 279.720001
463546.349976 4831430.239990 279.730011
463546.369995 4831430.239990 279.609985
463546.409973 4831430.230011 279.459991
463546.510010 4831430.209991 278.959991
463546.520020 4831430.209991 278.850006
463546.349976 4831430.190002 279.760010
463546.359985 4831430.190002 279.589996
463546.380005 4831430.190002 279.470001
463546.409973 4831430.179993 279.339996
463546.400024 4831430.190002 279.299988
463546.340027 4831430.140015 279.730011
463546.340027 4831430.149994 279.660004
463546.340027 4831430.149994 279.600006
463546.400024 4831430.130005 279.359985
463546.380005 4831430.149994 279.359985
463546.340027 4831430.079987 279.709991
463546.450012 4831430.059998 279.170013
463546.489990 4831429.980011 279.190002
463546.450012 4831430.000000 279.200012
463546.349976 4831430.239990 279.730011
463546.359985 4831430.130005 279.790009
463546.349976 4831430.140015 279.750000
463546.349976 4831430.149994 279.690002
463546.349976 4831430.170013 279.630005
463546.380005 4831430.179993 279.519989
463546.400024 4831430.200012 279.410004
463546.359985 4831430.070007 279.739990
463546.349976 4831430.079987 279.700012
463546.390015 4831430.100006 279.559998
463546.400024 4831430.109985 279.480011
463546.400024 4831430.119995 279.440002
463546.390015 4831430.140015 279.410004
463546.390015 4831430.149994 279.350006
463546.409973 4831430.179993 279.200012
463546.359985 4831430.290009 278.809998
463546.489990 4831430.140015 278.940002
463546.489990 4831430.149994 278.869995
463546.489990 4831430.170013 278.820007
463546.489990 4831430.119995 278.850006
463546.469971 4831430.010010 279.250000
463546.460022 4831430.019989 279.209991
463546.469971 4831429.959991 279.309998
463546.460022 4831429.970001 279.279999
463546.460022 4831429.989990 279.230011
463546.450012 4831429.950012 279.290009
463546.429993 4831429.959991 279.290009
463546.349976 4831430.170013 279.799988
463546.400024 4831430.239990 279.750000
463546.469971 4831430.070007 279.329987
463546.359985 4831430.320007 279.720001
463546.390015 4831430.309998 279.709991
463546.419983 4831430.290009 279.700012
463546.440002 4831430.260010 279.660004
463546.380005 4831430.329987 279.489990
463546.400024 4831430.320007 279.489990
463546.429993 4831430.309998 279.519989
463546.460022 4831430.299988 279.529999
463546.419983 4831430.320007 279.299988
463546.450012 4831430.320007 279.359985
463546.469971 4831430.299988 279.320007
463546.489990 4831430.260010 279.230011
463546.440002 4831430.320007 279.109985
463546.469971 4831430.320007 279.140015
463546.489990 4831430.309998 279.149994
463546.510010 4831430.290009 279.130005
463546.469971 4831430.309998 278.910004
463546.489990 4831430.309998 278.959991
463546.520020 4831430.309998 279.010010
463546.539978 4831430.299988 278.989990
463546.559998 4831430.260010 278.920013
463546.539978 4831430.320007 278.839996
463546.559998 4831430.299988 278.829987
463546.169983 4831430.279999 279.100006
463546.150024 4831430.269989 279.109985
463546.169983 4831430.250000 279.109985
463546.429993 4831430.209991 279.329987
463546.419983 4831430.220001 279.440002
463546.440002 4831430.239990 279.670013
463546.380005 4831430.279999 279.700012
463546.309998 4831430.329987 279.769989
463546.330017 4831430.329987 279.779999
463546.530029 4831430.209991 278.929993
463546.510010 4831430.209991 279.010010
463546.489990 4831430.209991 279.130005
463546.479980 4831430.220001 279.200012
463546.460022 4831430.220001 279.260010
463546.440002 4831430.220001 279.359985
463546.429993 4831430.220001 279.489990
463546.409973 4831430.220001 279.579987
463546.390015 4831430.220001 279.649994
463546.429993 4831430.049988 279.269989
463546.650024 4831429.940002 279.559998
463546.450012 4831430.190002 279.470001
463546.450012 4831430.200012 279.339996
463546.469971 4831430.190002 279.309998
463546.510010 4831430.190002 279.070007
463546.539978 4831430.179993 278.970001
463546.500000 4831430.269989 279.230011
463546.510010 4831430.260010 279.190002
463546.520020 4831430.260010 279.140015
463546.530029 4831430.260010 279.100006
463546.549988 4831430.250000 279.070007
463546.549988 4831430.260010 278.989990
463546.570007 4831430.250000 278.980011
463546.580017 4831430.260010 278.820007
463546.359985 4831430.130005 279.790009
463546.369995 4831430.179993 279.790009
463546.369995 4831430.170013 279.739990
463546.299988 4831430.179993 279.429993
463546.400024 4831430.200012 279.790009
463546.400024 4831430.190002 279.730011
463546.409973 4831430.230011 279.779999
463546.419983 4831430.260010 279.700012
463546.460022 4831430.230011 279.579987
463546.479980 4831430.190002 279.320007
463546.450012 4831430.260010 279.480011
463546.419983 4831430.329987 279.739990
463546.489990 4831430.269989 279.309998
463546.549988 4831430.209991 278.989990
463546.549988 4831430.190002 278.859985
463546.559998 4831430.230011 278.980011
463546.570007 4831430.220001 278.940002
463546.580017 4831430.250000 278.880005
463546.609985 4831430.859985 278.929993
463546.510010 4831430.850006 278.839996
463546.489990 4831430.910004 278.970001
463546.520020 4831430.920013 278.880005
463546.539978 4831430.920013 278.920013
463546.510010 4831430.869995 279.010010
463546.489990 4831430.899994 279.019989
463546.500000 4831430.920013 279.000000
463546.500000 4831430.899994 278.980011
463546.409973 4831430.799988 278.920013
463546.500000 4831430.890015 279.029999
463546.489990 4831430.890015 279.019989
463546.469971 4831430.890015 279.029999
463546.489990 4831430.910004 279.010010
463546.460022 4831430.920013 278.989990
463546.450012 4831430.899994 279.019989
463546.440002 4831430.829987 278.970001
463546.479980 4831430.899994 278.809998
463546.489990 4831430.920013 279.029999
