463547.840027 4831432.269989 276.290009
463547.760010 4831432.339996 276.320007
463547.780029 4831432.309998 276.239990
463547.780029 4831432.309998 276.329987
463547.890015 4831432.299988 276.290009
463548.400024 4831432.239990 276.399994
463548.419983 4831432.279999 276.410004
463548.460022 4831432.510010 276.809998
463548.359985 4831432.440002 276.829987
463548.369995 4831432.459991 276.859985
463548.380005 4831432.480011 276.880005
463548.390015 4831432.510010 276.899994
463548.349976 4831432.429993 276.880005
463548.359985 4831432.450012 276.910004
463548.330017 4831432.450012 276.869995
463548.340027 4831432.480011 276.899994
463548.359985 4831432.279999 276.660004
463548.380005 4831432.250000 276.359985
463548.380005 4831432.269989 276.399994
463548.380005 4831432.369995 276.660004
463548.359985 4831432.380005 276.720001
463548.380005 4831432.459991 276.850006
463548.349976 4831432.239990 276.309998
463548.359985 4831432.269989 276.339996
463548.359985 4831432.290009 276.380005
463548.359985 4831432.420013 276.709991
463548.330017 4831432.450012 276.880005
463548.349976 4831432.250000 276.320007
463548.340027 4831432.279999 276.429993
463548.369995 4831432.399994 276.630005
463548.369995 4831432.420013 276.670013
463548.340027 4831432.450012 276.839996
463548.340027 4831432.470001 276.890015
463548.340027 4831432.239990 276.309998
463548.380005 4831432.489990 276.809998
463548.320007 4831432.459991 276.910004
463548.349976 4831432.239990 276.309998
463548.359985 4831432.269989 276.339996
463548.359985 4831432.420013 276.709991
463548.330017 4831432.459991 276.880005
463548.340027 4831432.239990 276.309998
463548.349976 4831432.269989 276.339996
463548.349976 4831432.279999 276.380005
463548.369995 4831432.320007 276.410004
463548.359985 4831432.410004 276.670013
463548.359985 4831432.429993 276.700012
463548.369995 4831432.450012 276.730011
463548.359985 4831432.459991 276.790009
463548.359985 4831432.480011 276.820007
463548.349976 4831432.250000 276.309998
463548.359985 4831432.269989 276.339996
463548.359985 4831432.290009 276.369995
463548.359985 4831432.299988 276.420013
463548.359985 4831432.410004 276.670013
463548.349976 4831432.420013 276.720001
463548.340027 4831432.429993 276.779999
463548.340027 4831432.440002 276.820007
463548.340027 4831432.459991 276.850006
463548.330017 4831432.470001 276.910004
463548.309998 4831432.480011 276.890015
463548.409973 4831432.480011 276.929993
463548.489990 4831432.480011 276.829987
463548.469971 4831432.450012 276.779999
463548.510010 4831432.450012 276.779999
463548.500000 4831432.440002 276.750000
463548.489990 4831432.420013 276.720001
463548.419983 4831432.470001 276.890015
463548.400024 4831432.450012 276.869995
463548.309998 4831432.459991 276.839996
463548.320007 4831432.480011 276.869995
463548.210022 4831432.279999 276.140015
463548.320007 4831432.450012 276.829987
463548.330017 4831432.459991 276.859985
463548.340027 4831432.440002 276.829987
463548.340027 4831432.440002 276.820007
463548.369995 4831432.459991 276.660004
463548.390015 4831432.500000 276.809998
463548.340027 4831432.440002 276.829987
463548.210022 4831432.299988 276.119995
463548.320007 4831432.470001 276.859985
463548.340027 4831432.359985 276.720001
463548.330017 4831432.339996 276.700012
463548.340027 4831432.279999 276.329987
463548.340027 4831432.320007 276.420013
463548.330017 4831432.339996 276.480011
463548.349976 4831432.369995 276.500000
463548.200012 4831432.269989 276.130005
463548.340027 4831432.510010 276.890015
463548.309998 4831432.480011 276.920013
463548.390015 4831432.510010 276.839996
463548.380005 4831432.489990 276.799988
463548.359985 4831432.470001 276.809998
463548.330017 4831432.440002 276.869995
463548.340027 4831432.290009 276.649994
463548.369995 4831432.329987 276.450012
463548.260010 4831432.269989 276.140015
463548.330017 4831432.339996 276.679993
463548.349976 4831432.369995 276.700012
463548.349976 4831432.380005 276.529999
463548.210022 4831432.279999 276.130005
463548.330017 4831432.399994 276.760010
463548.359985 4831432.470001 276.690002
463548.190002 4831432.290009 276.140015
463548.299988 4831432.399994 276.769989
463548.320007 4831432.429993 276.790009
463548.330017 4831432.450012 276.790009
463548.359985 4831432.500000 276.750000
463548.299988 4831432.420013 276.799988
463548.320007 4831432.450012 276.809998
463548.289978 4831432.440002 276.799988
463548.309998 4831432.459991 276.829987
463548.289978 4831432.470001 276.859985
463548.289978 4831432.470001 276.859985
463548.289978 4831432.489990 276.899994
463548.330017 4831432.260010 276.320007
463548.320007 4831432.350006 276.670013
463548.330017 4831432.380005 276.709991
463548.289978 4831432.450012 276.829987
463548.260010 4831432.489990 276.859985
463548.210022 4831432.299988 276.130005
463548.309998 4831432.279999 276.279999
463548.309998 4831432.329987 276.380005
463548.309998 4831432.369995 276.429993
463548.390015 4831432.459991 276.630005
463548.380005 4831432.459991 276.679993
463548.359985 4831432.429993 276.670013
463548.400024 4831432.489990 276.739990
463548.250000 4831432.290009 276.209991
463548.390015 4831432.470001 276.700012
463548.349976 4831432.320007 276.640015
463548.380005 4831432.380005 276.440002
463548.289978 4831432.269989 276.170013
463548.309998 4831432.299988 276.160004
463548.349976 4831432.380005 276.679993
463548.270020 4831432.279999 276.119995
463548.340027 4831432.440002 276.779999
463548.349976 4831432.450012 276.750000
463548.390015 4831432.500000 276.679993
463548.229980 4831432.309998 276.130005
463548.330017 4831432.470001 276.799988
463548.200012 4831432.309998 276.109985
463548.330017 4831432.500000 276.829987
463548.309998 4831432.450012 276.820007
463548.320007 4831432.470001 276.790009
463548.320007 4831432.489990 276.820007
463548.349976 4831432.359985 276.649994
463548.330017 4831432.290009 276.480011
463548.359985 4831432.290009 276.269989
463548.309998 4831432.470001 276.809998
463548.349976 4831432.500000 276.640015
463548.200012 4831432.279999 276.089996
463548.309998 4831432.420013 276.720001
463548.369995 4831432.480011 276.600006
463548.330017 4831432.390015 276.489990
463548.340027 4831432.429993 276.589996
463548.349976 4831432.489990 276.700012
463548.320007 4831432.429993 276.739990
463548.309998 4831432.410004 276.779999
463548.340027 4831432.279999 276.220001
463548.330017 4831432.279999 276.279999
463548.340027 4831432.320007 276.380005
463548.359985 4831432.380005 276.510010
463548.369995 4831432.420013 276.609985
463548.299988 4831432.260010 276.489990
463548.330017 4831432.350006 276.690002
463548.289978 4831432.510010 276.899994
463548.309998 4831432.470001 276.829987
463548.369995 4831432.489990 276.640015
463548.380005 4831432.500000 276.709991
463548.280029 4831432.350006 276.700012
463548.340027 4831432.359985 276.420013
463548.330017 4831432.339996 276.670013
463548.330017 4831432.260010 276.179993
463548.349976 4831432.290009 276.260010
463548.359985 4831432.299988 276.350006
463548.320007 4831432.489990 276.859985
463548.330017 4831432.470001 276.760010
463548.320007 4831432.440002 276.790009
463548.359985 4831432.359985 276.690002
463548.359985 4831432.369995 276.390015
463548.369995 4831432.369995 276.459991
463548.359985 4831432.329987 276.350006
463548.390015 4831432.339996 276.429993
463548.330017 4831432.350006 276.510010
463548.270020 4831432.450012 276.829987
463548.270020 4831432.470001 276.850006
463548.270020 4831432.489990 276.890015
463548.340027 4831432.250000 276.309998
463548.340027 4831432.329987 276.690002
463548.330017 4831432.359985 276.700012
463548.320007 4831432.410004 276.739990
463548.299988 4831432.429993 276.790009
463548.280029 4831432.470001 276.869995
463548.270020 4831432.500000 276.890015
463548.330017 4831432.350006 276.519989
463548.289978 4831432.359985 276.679993
463548.299988 4831432.390015 276.630005
463548.320007 4831432.269989 276.309998
463548.309998 4831432.290009 276.329987
463548.289978 4831432.500000 276.850006
463548.210022 4831432.500000 276.980011
463548.369995 4831432.350006 276.700012
463548.219971 4831432.410004 276.910004
463548.219971 4831432.399994 276.850006
463548.280029 4831432.329987 276.540009
463548.239990 4831432.309998 276.769989
463548.280029 4831432.260010 276.480011
463548.270020 4831432.260010 276.440002
463548.280029 4831432.250000 276.380005
463548.380005 4831432.320007 276.250000
463548.320007 4831432.450012 276.820007
463548.200012 4831432.290009 276.119995
463548.340027 4831432.299988 276.250000
463548.340027 4831432.309998 276.329987
463548.340027 4831432.320007 276.390015
463548.330017 4831432.339996 276.489990
463548.349976 4831432.420013 276.579987
463548.349976 4831432.420013 276.619995
463548.359985 4831432.489990 276.640015
463548.359985 4831432.489990 276.690002
463548.330017 4831432.260010 276.209991
463548.320007 4831432.309998 276.320007
463548.289978 4831432.489990 276.859985
463548.359985 4831432.480011 276.649994
463548.369995 4831432.459991 276.820007
463548.280029 4831432.470001 276.940002
463548.289978 4831432.450012 276.820007
463548.320007 4831432.399994 276.630005
463548.320007 4831432.299988 276.410004
463548.330017 4831432.269989 276.269989
463548.349976 4831432.269989 276.359985
463548.330017 4831432.309998 276.700012
463548.359985 4831432.269989 276.429993
463548.349976 4831432.279999 276.399994
463548.309998 4831432.269989 276.220001
463548.320007 4831432.250000 276.309998
463548.340027 4831432.290009 276.329987
463548.349976 4831432.320007 276.369995
463548.369995 4831432.309998 276.399994
463548.340027 4831432.359985 276.429993
463548.359985 4831432.350006 276.459991
463548.349976 4831432.339996 276.649994
463548.330017 4831432.390015 276.720001
463548.320007 4831432.410004 276.760010
463548.340027 4831432.399994 276.750000
463548.299988 4831432.440002 276.790009
463548.330017 4831432.420013 276.790009
463548.309998 4831432.440002 276.790009
463548.330017 4831432.429993 276.799988
463548.320007 4831432.450012 276.820007
463548.359985 4831432.440002 276.720001
463548.309998 4831432.470001 276.839996
463548.359985 4831432.459991 276.739990
463548.299988 4831432.500000 276.869995
463548.340027 4831432.480011 276.799988
463548.380005 4831432.470001 276.690002
463548.369995 4831432.489990 276.750000
463548.400024 4831432.480011 276.709991
463548.309998 4831432.440002 276.790009
463548.309998 4831432.489990 276.859985
463548.340027 4831432.459991 276.790009
463548.369995 4831432.480011 276.679993
463548.380005 4831432.480011 276.690002
463548.380005 4831432.320007 276.440002
463548.369995 4831432.489990 276.779999
463548.349976 4831432.500000 276.820007
463548.380005 4831432.440002 276.690002
463548.359985 4831432.450012 276.730011
463548.299988 4831432.459991 276.899994
463548.369995 4831432.399994 276.630005
463548.349976 4831432.410004 276.670013
463548.280029 4831432.429993 276.850006
463548.330017 4831432.380005 276.630005
463548.340027 4831432.350006 276.660004
463548.359985 4831432.339996 276.500000
463548.340027 4831432.329987 276.640015
463548.320007 4831432.329987 276.709991
463548.369995 4831432.309998 276.500000
463548.340027 4831432.290009 276.649994
463548.330017 4831432.279999 276.649994
463548.369995 4831432.250000 276.420013
463548.309998 4831432.239990 276.290009
463548.380005 4831432.309998 276.390015
463548.349976 4831432.239990 276.299988
463548.409973 4831432.320007 276.450012
463548.369995 4831432.500000 276.970001
463548.380005 4831432.329987 276.380005
463548.400024 4831432.299988 276.299988
463548.460022 4831432.500000 276.809998
463548.489990 4831432.500000 276.850006
463548.419983 4831432.559998 276.890015
463548.429993 4831432.589996 276.929993
463548.429993 4831432.600006 276.959991
463548.440002 4831432.619995 277.000000
463548.369995 4831432.600006 276.829987
463548.359985 4831432.579987 276.910004
463548.429993 4831432.529999 276.880005
463548.409973 4831432.609985 277.010010
463548.409973 4831432.600006 276.989990
463548.409973 4831432.619995 277.029999
463548.409973 4831432.619995 277.019989
463548.380005 4831432.549988 276.940002
463548.409973 4831432.600006 276.980011
463548.409973 4831432.609985 277.019989
463548.380005 4831432.549988 276.929993
463548.409973 4831432.600006 276.980011
463548.409973 4831432.619995 277.019989
463548.390015 4831432.549988 276.910004
463548.409973 4831432.619995 277.010010
463548.349976 4831432.519989 276.809998
463548.380005 4831432.549988 276.820007
463548.500000 4831432.600006 277.059998
463548.500000 4831432.619995 277.049988
463548.530029 4831432.609985 277.010010
463548.500000 4831432.549988 276.989990
463548.469971 4831432.519989 276.869995
463548.369995 4831432.619995 277.070007
463548.390015 4831432.559998 276.929993
463548.489990 4831432.589996 276.980011
463548.479980 4831432.570007 276.940002
463548.510010 4831432.529999 276.839996
463548.390015 4831432.619995 276.940002
463548.390015 4831432.529999 276.809998
463548.299988 4831432.619995 277.089996
463548.289978 4831432.600006 277.059998
463548.369995 4831432.559998 276.910004
463548.369995 4831432.540009 276.820007
463548.409973 4831432.570007 276.959991
463548.390015 4831432.529999 276.880005
463548.390015 4831432.529999 276.850006
463548.400024 4831432.570007 276.880005
463548.369995 4831432.559998 276.859985
463548.390015 4831432.589996 276.910004
463548.390015 4831432.609985 276.899994
463548.390015 4831432.589996 276.940002
463548.390015 4831432.559998 276.769989
463548.390015 4831432.579987 276.799988
463548.380005 4831432.540009 276.820007
463548.390015 4831432.579987 276.820007
463548.359985 4831432.579987 276.779999
463548.340027 4831432.589996 276.799988
463548.369995 4831432.589996 276.869995
463548.369995 4831432.570007 276.799988
463548.359985 4831432.589996 276.799988
463548.330017 4831432.579987 276.790009
463548.359985 4831432.619995 276.899994
463548.369995 4831432.559998 276.829987
463548.380005 4831432.579987 276.910004
463548.369995 4831432.570007 276.799988
463548.390015 4831432.579987 276.880005
463548.340027 4831432.529999 276.850006
463548.299988 4831432.600006 276.869995
463548.280029 4831432.609985 276.989990
463548.359985 4831432.549988 276.869995
463548.349976 4831432.579987 276.910004
463548.250000 4831432.549988 276.950012
463548.270020 4831432.589996 276.899994
463548.250000 4831432.529999 276.799988
463548.340027 4831432.589996 276.799988
463548.330017 4831432.609985 276.880005
463548.340027 4831432.549988 276.829987
463548.380005 4831432.609985 277.049988
463548.369995 4831432.540009 276.959991
463548.229980 4831432.609985 277.160004
463548.289978 4831432.589996 276.869995
463548.280029 4831432.549988 276.940002
463548.349976 4831432.529999 276.820007
463548.280029 4831432.559998 276.929993
463548.359985 4831432.540009 276.820007
463548.340027 4831432.619995 276.869995
463548.390015 4831432.589996 276.899994
463548.349976 4831432.600006 276.790009
463548.369995 4831432.589996 276.799988
463548.239990 4831432.609985 277.049988
463548.409973 4831432.549988 276.880005
463548.429993 4831432.570007 276.880005
463548.429993 4831432.579987 276.880005
463548.450012 4831432.619995 277.000000
463548.450012 4831432.570007 276.910004
463548.489990 4831432.549988 276.899994
463548.340027 4831432.589996 276.980011
463548.419983 4831432.619995 276.970001
463548.429993 4831432.589996 276.859985
463548.590027 4831431.440002 276.589996
463548.679993 4831431.480011 276.130005
463548.559998 4831431.459991 276.239990
463548.590027 4831431.380005 276.200012
463548.690002 4831431.470001 276.119995
463548.590027 4831431.429993 276.119995
463548.530029 4831431.399994 276.230011
463548.609985 4831431.480011 276.179993
463548.590027 4831431.390015 276.290009
463548.460022 4831431.420013 276.179993
463548.630005 4831431.480011 276.420013
463548.659973 4831431.450012 276.529999
463548.609985 4831431.399994 276.029999
463548.760010 4831431.480011 276.220001
463548.770020 4831431.470001 276.200012
463548.770020 4831431.459991 276.140015
463548.479980 4831431.450012 276.200012
463548.630005 4831431.429993 276.369995
463548.510010 4831431.429993 276.019989
463548.530029 4831431.459991 276.019989
463548.400024 4831431.480011 276.130005
463548.429993 4831431.440002 276.130005
463548.450012 4831431.450012 276.160004
463548.590027 4831431.459991 276.029999
463548.530029 4831431.459991 276.809998
463548.429993 4831431.440002 276.140015
463548.679993 4831431.480011 276.329987
463548.619995 4831431.459991 276.230011
463548.669983 4831431.480011 276.279999
463548.400024 4831431.459991 276.079987
463548.710022 4831431.470001 276.320007
463548.700012 4831431.480011 276.279999
463548.640015 4831431.480011 276.209991
463548.640015 4831431.440002 276.220001
463548.479980 4831431.450012 276.239990
463548.520020 4831431.450012 276.149994
463548.489990 4831431.410004 276.049988
463548.650024 4831431.480011 276.170013
463548.469971 4831431.429993 276.209991
463548.390015 4831431.450012 276.140015
463548.400024 4831431.440002 276.079987
463548.419983 4831431.480011 276.130005
463548.469971 4831431.459991 276.200012
463548.559998 4831431.470001 276.019989
463548.049988 4831431.730011 276.140015
463547.880005 4831432.200012 276.290009
463548.039978 4831431.660004 276.049988
463548.119995 4831431.760010 276.790009
463548.130005 4831431.769989 276.779999
463547.799988 4831432.179993 276.230011
463548.119995 4831431.980011 276.799988
463548.169983 4831431.940002 276.220001
463548.409973 4831432.109985 276.010010
463548.390015 4831432.209991 276.380005
463548.640015 4831431.549988 276.519989
463548.640015 4831431.549988 276.619995
463548.650024 4831431.579987 276.700012
463548.650024 4831431.579987 276.750000
463548.659973 4831431.600006 276.799988
463548.659973 4831431.600006 276.859985
463548.590027 4831431.540009 276.559998
463548.599976 4831431.549988 276.609985
463548.609985 4831431.579987 276.779999
463548.619995 4831431.600006 276.809998
463548.619995 4831431.600006 276.859985
463548.630005 4831431.619995 276.890015
463548.630005 4831431.619995 276.950012
463548.640015 4831431.640015 276.980011
463548.650024 4831431.649994 277.029999
463548.619995 4831431.540009 276.660004
463548.619995 4831431.570007 276.809998
463548.619995 4831431.589996 276.859985
463548.619995 4831431.609985 276.899994
463548.619995 4831431.619995 276.950012
463548.619995 4831431.630005 276.980011
463548.630005 4831431.649994 277.019989
463548.630005 4831431.670013 277.059998
463548.630005 4831431.679993 277.100006
463548.630005 4831431.690002 277.140015
463548.630005 4831431.709991 277.179993
463548.630005 4831431.720001 277.230011
463548.409973 4831432.119995 276.059998
463548.239990 4831432.260010 276.130005
463548.640015 4831431.609985 277.089996
463548.619995 4831431.600006 276.959991
463548.630005 4831431.630005 277.029999
463548.619995 4831431.670013 277.170013
463548.739990 4831431.529999 276.250000
463548.580017 4831431.529999 276.790009
463548.599976 4831431.570007 276.799988
463548.599976 4831431.600006 276.890015
463548.599976 4831431.619995 276.929993
463548.599976 4831431.640015 276.980011
463548.669983 4831431.489990 276.230011
463548.590027 4831431.510010 276.549988
463548.570007 4831431.540009 276.690002
463548.609985 4831431.640015 276.820007
463548.539978 4831431.559998 276.589996
463548.330017 4831432.149994 276.260010
463548.330017 4831432.170013 276.209991
463548.340027 4831432.200012 276.239990
463548.320007 4831432.200012 276.299988
463548.349976 4831432.200012 276.200012
463548.309998 4831432.160004 276.230011
463548.349976 4831432.190002 276.190002
463548.309998 4831432.179993 276.279999
463548.340027 4831432.190002 276.190002
463548.340027 4831432.190002 276.190002
463548.289978 4831432.170013 276.299988
463548.299988 4831432.190002 276.339996
463548.309998 4831432.200012 276.230011
463548.210022 4831432.269989 276.109985
463548.440002 4831432.119995 276.059998
463548.679993 4831431.619995 276.890015
463548.650024 4831431.570007 276.799988
463548.650024 4831431.559998 276.769989
463548.669983 4831431.570007 276.959991
463548.679993 4831431.570007 276.899994
463548.710022 4831431.579987 276.950012
463548.719971 4831431.570007 276.890015
463548.690002 4831431.529999 276.910004
463548.219971 4831432.279999 276.040009
463548.239990 4831432.239990 276.089996
463548.200012 4831432.079987 276.829987
463548.280029 4831432.239990 276.089996
463548.450012 4831432.049988 276.059998
463548.460022 4831431.739990 276.049988
463548.429993 4831431.700012 276.010010
463548.679993 4831431.600006 276.989990
463548.669983 4831431.579987 276.839996
463548.640015 4831431.549988 276.750000
463548.630005 4831431.529999 276.630005
463548.640015 4831431.559998 276.519989
463548.630005 4831431.540009 276.500000
463548.619995 4831431.529999 276.390015
463548.700012 4831431.559998 276.940002
463548.690002 4831431.549988 276.839996
463548.679993 4831431.540009 276.809998
463548.650024 4831431.510010 276.589996
463548.640015 4831431.500000 276.559998
463548.640015 4831431.489990 276.519989
463548.789978 4831431.529999 276.200012
463548.799988 4831431.500000 276.320007
463548.799988 4831431.510010 276.239990
463548.799988 4831431.500000 276.200012
463548.729980 4831431.619995 277.070007
463548.650024 4831431.510010 276.589996
463548.640015 4831431.519989 276.540009
463548.630005 4831431.519989 276.470001
463548.630005 4831431.579987 276.290009
463548.650024 4831431.609985 276.790009
463548.539978 4831431.549988 276.510010
463548.400024 4831432.040009 276.260010
463548.780029 4831431.609985 276.380005
463548.789978 4831431.630005 276.399994
463548.789978 4831431.640015 276.429993
463548.669983 4831431.529999 276.190002
463548.690002 4831431.559998 276.190002
463548.700012 4831431.589996 276.250000
463548.640015 4831431.609985 276.769989
463548.619995 4831431.670013 277.130005
463548.780029 4831431.600006 276.410004
463548.700012 4831431.589996 276.619995
463548.619995 4831431.619995 276.890015
463548.590027 4831431.660004 277.070007
463548.580017 4831431.720001 277.200012
463548.590027 4831431.549988 276.549988
463548.549988 4831431.559998 276.690002
463548.539978 4831431.579987 276.739990
463548.549988 4831431.619995 276.799988
463548.219971 4831432.260010 276.119995
463548.260010 4831432.230011 276.149994
463548.349976 4831432.190002 276.140015
463548.340027 4831432.170013 276.149994
463548.619995 4831431.709991 277.200012
463548.609985 4831431.640015 277.019989
463548.549988 4831431.619995 276.480011
463548.599976 4831431.559998 276.109985
463548.380005 4831432.130005 276.269989
463548.369995 4831432.200012 276.109985
463548.349976 4831432.170013 276.079987
463548.359985 4831432.170013 276.059998
463548.369995 4831432.119995 276.130005
463548.380005 4831432.089996 276.179993
463548.349976 4831432.170013 276.079987
463548.349976 4831432.239990 276.170013
463548.289978 4831432.250000 276.140015
463548.250000 4831432.260010 276.130005
463548.570007 4831431.670013 277.079987
463548.559998 4831431.730011 277.209991
463548.580017 4831431.760010 277.220001
463548.789978 4831431.649994 276.459991
463548.789978 4831431.700012 276.510010
463548.549988 4831431.640015 276.910004
463548.549988 4831431.690002 276.989990
463548.739990 4831431.609985 276.339996
463548.750000 4831431.640015 276.350006
463548.750000 4831431.670013 276.390015
463548.530029 4831431.619995 276.799988
463548.530029 4831431.670013 276.869995
463548.549988 4831431.690002 276.850006
463548.710022 4831431.630005 276.290009
463548.530029 4831431.570007 276.649994
463548.510010 4831431.619995 276.769989
463548.520020 4831431.660004 276.809998
463548.539978 4831431.679993 276.790009
463548.679993 4831431.589996 276.250000
463548.690002 4831431.609985 276.250000
463548.510010 4831431.559998 276.570007
463548.510010 4831431.600006 276.640015
463548.520020 4831431.630005 276.649994
463548.530029 4831431.649994 276.630005
463548.650024 4831431.570007 276.190002
463548.669983 4831431.600006 276.179993
463548.669983 4831431.630005 276.220001
463548.510010 4831431.600006 276.670013
463548.510010 4831431.640015 276.750000
463548.530029 4831431.660004 276.720001
463548.580017 4831431.640015 276.519989
463548.659973 4831431.579987 276.230011
463548.669983 4831431.609985 276.230011
463548.690002 4831431.630005 276.230011
463548.510010 4831431.570007 276.640015
463548.510010 4831431.609985 276.690002
463548.520020 4831431.649994 276.739990
463548.539978 4831431.660004 276.720001
463548.669983 4831431.579987 276.220001
463548.679993 4831431.609985 276.230011
463548.690002 4831431.630005 276.230011
463548.520020 4831431.600006 276.739990
463548.520020 4831431.640015 276.820007
463548.520020 4831431.679993 276.859985
463548.539978 4831431.700012 276.839996
463548.679993 4831431.589996 276.260010
463548.710022 4831431.640015 276.260010
463548.520020 4831431.589996 276.720001
463548.520020 4831431.649994 276.799988
463548.679993 4831431.579987 276.260010
463548.690002 4831431.600006 276.269989
463548.710022 4831431.619995 276.250000
463548.520020 4831431.600006 276.839996
463548.530029 4831431.630005 276.839996
463548.530029 4831431.670013 276.910004
463548.549988 4831431.690002 276.890015
463548.710022 4831431.609985 276.329987
463548.719971 4831431.640015 276.329987
463548.530029 4831431.630005 276.820007
463548.530029 4831431.670013 276.869995
463548.539978 4831431.700012 276.880005
463548.559998 4831431.700012 276.820007
463548.700012 4831431.600006 276.269989
463548.710022 4831431.630005 276.299988
463548.729980 4831431.660004 276.309998
463548.520020 4831431.570007 276.649994
463548.510010 4831431.630005 276.750000
463548.520020 4831431.660004 276.769989
463548.539978 4831431.679993 276.750000
463548.669983 4831431.589996 276.239990
463548.679993 4831431.619995 276.250000
463548.690002 4831431.649994 276.279999
463548.599976 4831431.570007 276.130005
463548.520020 4831431.579987 276.100006
463548.200012 4831431.980011 276.149994
463548.239990 4831432.239990 276.140015
463548.549988 4831431.519989 276.220001
463548.530029 4831431.589996 276.579987
463548.520020 4831431.609985 276.750000
463548.609985 4831431.600006 276.790009
463548.619995 4831431.700012 277.089996
463548.619995 4831431.739990 277.250000
463548.599976 4831431.709991 277.230011
463548.369995 4831432.250000 276.230011
463548.549988 4831431.600006 276.239990
463548.530029 4831431.559998 276.220001
463548.570007 4831431.600006 276.600006
463548.609985 4831431.649994 276.820007
463548.619995 4831431.660004 276.959991
463548.559998 4831431.529999 276.179993
463548.599976 4831431.570007 276.630005
463548.719971 4831431.600006 276.230011
463548.679993 4831431.529999 276.190002
463548.799988 4831431.630005 276.390015
463548.780029 4831431.609985 276.399994
463548.359985 4831432.230011 276.170013
463548.369995 4831432.170013 276.010010
463548.650024 4831431.769989 277.200012
463548.710022 4831431.589996 276.230011
463548.659973 4831431.579987 276.190002
463548.679993 4831431.600006 276.170013
463548.570007 4831431.529999 276.209991
463548.679993 4831431.730011 277.190002
463548.609985 4831431.640015 276.950012
463548.640015 4831431.670013 276.959991
463548.630005 4831431.670013 276.880005
463548.619995 4831431.660004 276.809998
463548.599976 4831431.640015 276.690002
463548.590027 4831431.619995 276.600006
463548.580017 4831431.600006 276.519989
463548.549988 4831431.570007 276.290009
463548.539978 4831431.559998 276.209991
463548.530029 4831431.559998 276.140015
463548.530029 4831431.559998 276.010010
463548.659973 4831431.739990 277.160004
463548.590027 4831431.649994 276.940002
463548.619995 4831431.690002 276.940002
463548.599976 4831431.670013 276.850006
463548.599976 4831431.670013 276.779999
463548.580017 4831431.640015 276.660004
463548.559998 4831431.619995 276.559998
463548.539978 4831431.600006 276.459991
463548.520020 4831431.579987 276.250000
463548.520020 4831431.570007 276.179993
463548.510010 4831431.570007 276.109985
463548.500000 4831431.549988 276.019989
463548.570007 4831431.700012 276.899994
463548.549988 4831431.670013 276.790009
463548.510010 4831431.619995 276.640015
463548.549988 4831431.760010 277.190002
463548.340027 4831432.239990 276.170013
463548.349976 4831432.250000 276.130005
463548.780029 4831431.630005 276.420013
463548.799988 4831431.670013 276.420013
463548.770020 4831431.640015 276.399994
463548.789978 4831431.670013 276.399994
463548.799988 4831431.679993 276.350006
463548.739990 4831431.609985 276.320007
463548.760010 4831431.640015 276.309998
463548.770020 4831431.649994 276.269989
463548.729980 4831431.609985 276.320007
463548.750000 4831431.640015 276.309998
463548.760010 4831431.660004 276.279999
463548.729980 4831431.630005 276.290009
463548.750000 4831431.640015 276.260010
463548.750000 4831431.630005 276.359985
463548.770020 4831431.649994 276.329987
463548.719971 4831431.609985 276.299988
463548.739990 4831431.640015 276.290009
463548.690002 4831431.589996 276.269989
463548.700012 4831431.619995 276.260010
463548.719971 4831431.640015 276.239990
463548.630005 4831431.720001 277.040009
463548.630005 4831431.700012 276.959991
463548.609985 4831431.640015 276.799988
463548.630005 4831431.660004 276.769989
463548.679993 4831431.609985 276.149994
463548.599976 4831431.769989 277.170013
463548.590027 4831431.739990 277.070007
463548.590027 4831431.720001 276.980011
463548.599976 4831431.720001 276.920013
463548.590027 4831431.679993 276.809998
463548.590027 4831431.660004 276.720001
463548.619995 4831431.559998 276.130005
463548.640015 4831431.600006 276.130005
463548.539978 4831431.790009 277.209991
463548.520020 4831431.660004 276.799988
463548.549988 4831431.709991 276.820007
463548.530029 4831431.660004 276.690002
463548.539978 4831431.640015 276.609985
463548.539978 4831431.619995 276.519989
463548.539978 4831431.570007 276.269989
463548.539978 4831431.559998 276.190002
463548.289978 4831432.250000 276.089996
463548.789978 4831431.649994 276.429993
463548.539978 4831431.660004 276.820007
463548.549988 4831431.679993 276.799988
463548.570007 4831431.679993 276.739990
463548.700012 4831431.630005 276.220001
463548.520020 4831431.670013 276.769989
463548.530029 4831431.700012 276.760010
463548.539978 4831431.660004 276.660004
463548.559998 4831431.640015 276.579987
463548.520020 4831431.630005 276.529999
463548.530029 4831431.619995 276.459991
463548.630005 4831431.600006 276.100006
463548.590027 4831431.609985 276.140015
463548.549988 4831431.589996 276.220001
463548.580017 4831431.640015 276.200012
463548.609985 4831431.600006 276.040009
463548.609985 4831431.600006 276.049988
463548.570007 4831431.609985 276.130005
463548.580017 4831431.589996 276.049988
463548.510010 4831431.579987 276.119995
463548.539978 4831431.570007 276.010010
463548.500000 4831431.589996 276.079987
463548.520020 4831431.579987 276.019989
463548.500000 4831431.570007 276.089996
463548.520020 4831431.579987 276.049988
463548.510010 4831431.589996 276.029999
463548.460022 4831431.609985 276.049988
463548.450012 4831431.649994 276.049988
463548.469971 4831431.709991 276.089996
463548.380005 4831432.179993 276.350006
463548.289978 4831432.220001 276.119995
463548.309998 4831432.269989 276.130005
463548.239990 4831432.119995 276.049988
463548.299988 4831431.899994 276.250000
463548.520020 4831431.640015 276.700012
463548.520020 4831431.649994 276.760010
463548.510010 4831431.630005 276.799988
463548.559998 4831431.630005 276.679993
463548.559998 4831431.630005 276.720001
463548.559998 4831431.649994 276.799988
463548.559998 4831431.660004 276.859985
463548.559998 4831431.670013 276.920013
463548.559998 4831431.690002 276.989990
463548.580017 4831431.750000 277.109985
463548.570007 4831431.739990 277.160004
463548.559998 4831431.730011 277.200012
463548.630005 4831431.570007 276.119995
463548.619995 4831431.549988 276.160004
463548.590027 4831431.630005 276.839996
463548.590027 4831431.660004 276.920013
463548.599976 4831431.690002 277.010010
463548.599976 4831431.709991 277.079987
463548.609985 4831431.750000 277.179993
463548.609985 4831431.760010 277.239990
463548.669983 4831431.579987 276.190002
463548.650024 4831431.559998 276.230011
463548.630005 4831431.690002 277.059998
463548.650024 4831431.750000 277.190002
463548.719971 4831431.600006 276.260010
463548.710022 4831431.600006 276.309998
463548.770020 4831431.619995 276.320007
463548.770020 4831431.630005 276.380005
463548.750000 4831431.600006 276.410004
463548.320007 4831432.190002 276.019989
463548.340027 4831432.209991 276.109985
463548.320007 4831432.179993 276.109985
463548.380005 4831432.049988 276.230011
463548.530029 4831431.630005 276.660004
463548.549988 4831431.649994 276.750000
463548.590027 4831431.709991 276.989990
463548.590027 4831431.700012 277.029999
463548.640015 4831431.769989 277.170013
463548.520020 4831431.540009 276.019989
463548.530029 4831431.540009 276.209991
463548.549988 4831431.559998 276.510010
463548.570007 4831431.579987 276.589996
463548.599976 4831431.630005 276.769989
463548.599976 4831431.630005 276.829987
463548.619995 4831431.640015 276.910004
463548.690002 4831431.589996 276.160004
463548.710022 4831431.600006 276.239990
463548.200012 4831432.260010 276.089996
463548.380005 4831432.059998 276.209991
463548.609985 4831431.779999 277.170013
463548.659973 4831431.760010 277.179993
463548.659973 4831431.750000 277.239990
463548.590027 4831431.679993 276.799988
463548.599976 4831431.690002 276.859985
463548.599976 4831431.670013 276.910004
463548.630005 4831431.690002 277.000000
463548.590027 4831431.640015 276.980011
463548.549988 4831431.589996 277.040009
463548.559998 4831431.619995 276.609985
463548.580017 4831431.630005 276.679993
463548.599976 4831431.630005 276.750000
463548.530029 4831431.559998 276.700012
463548.549988 4831431.549988 276.500000
463548.530029 4831431.549988 276.160004
463548.539978 4831431.549988 276.239990
463548.549988 4831431.540009 276.119995
463548.549988 4831431.519989 276.170013
463548.650024 4831431.579987 276.109985
463548.710022 4831431.579987 276.130005
463548.770020 4831431.619995 276.260010
463548.619995 4831431.570007 276.160004
463548.510010 4831431.549988 276.579987
463548.510010 4831431.579987 276.570007
463548.359985 4831431.839996 276.339996
463548.320007 4831432.100006 276.089996
463548.229980 4831432.260010 276.119995
463548.780029 4831431.609985 276.440002
463548.780029 4831431.649994 276.440002
463548.590027 4831431.679993 277.049988
463548.570007 4831431.700012 277.119995
463548.739990 4831431.579987 276.350006
463548.739990 4831431.609985 276.359985
463548.739990 4831431.640015 276.350006
463548.539978 4831431.679993 276.980011
463548.299988 4831432.230011 276.230011
463548.250000 4831432.070007 276.049988
463548.799988 4831431.570007 276.600006
463548.789978 4831431.570007 276.559998
463548.780029 4831431.579987 276.519989
463548.780029 4831431.579987 276.470001
463548.799988 4831431.540009 276.570007
463548.780029 4831431.549988 276.529999
463548.760010 4831431.559998 276.500000
463548.750000 4831431.559998 276.410004
463548.729980 4831431.570007 276.369995
463548.780029 4831431.519989 276.510010
463548.760010 4831431.540009 276.480011
463548.750000 4831431.540009 276.440002
463548.729980 4831431.549988 276.399994
463548.719971 4831431.549988 276.350006
463548.739990 4831431.510010 276.450012
463548.719971 4831431.519989 276.410004
463548.700012 4831431.529999 276.380005
463548.690002 4831431.529999 276.329987
463548.679993 4831431.540009 276.279999
463548.559998 4831431.679993 277.209991
463548.539978 4831431.690002 277.170013
463548.700012 4831431.510010 276.429993
463548.700012 4831431.510010 276.380005
463548.690002 4831431.519989 276.350006
463548.669983 4831431.519989 276.309998
463548.659973 4831431.529999 276.269989
463548.559998 4831431.679993 277.239990
463548.549988 4831431.679993 277.179993
463548.710022 4831431.500000 276.390015
463548.690002 4831431.510010 276.359985
463548.679993 4831431.519989 276.320007
463548.669983 4831431.529999 276.279999
463548.659973 4831431.529999 276.239990
463548.559998 4831431.679993 277.239990
463548.549988 4831431.679993 277.190002
463548.719971 4831431.500000 276.399994
463548.690002 4831431.510010 276.369995
463548.679993 4831431.519989 276.320007
463548.659973 4831431.529999 276.279999
463548.539978 4831431.670013 277.230011
463548.530029 4831431.670013 277.190002
463548.539978 4831431.660004 277.130005
463548.549988 4831431.649994 277.070007
463548.690002 4831431.489990 276.359985
463548.669983 4831431.500000 276.320007
463548.650024 4831431.519989 276.290009
463548.640015 4831431.519989 276.250000
463548.530029 4831431.660004 277.220001
463548.530029 4831431.649994 277.170013
463548.530029 4831431.649994 277.100006
463548.539978 4831431.640015 277.029999
463548.659973 4831431.489990 276.299988
463548.640015 4831431.510010 276.269989
463548.580017 4831431.549988 276.279999
463548.520020 4831431.649994 277.179993
463548.530029 4831431.630005 277.109985
463548.520020 4831431.630005 277.049988
463548.530029 4831431.630005 276.989990
463548.530029 4831431.619995 276.920013
463548.640015 4831431.489990 276.269989
463548.619995 4831431.500000 276.230011
463548.520020 4831431.640015 277.209991
463548.520020 4831431.630005 277.160004
463548.520020 4831431.619995 277.089996
463548.520020 4831431.619995 277.029999
463548.520020 4831431.619995 276.980011
463548.619995 4831431.489990 276.269989
463548.590027 4831431.519989 276.260010
463548.510010 4831431.600006 277.059998
463548.510010 4831431.600006 277.010010
463548.510010 4831431.600006 276.959991
463548.510010 4831431.589996 276.890015
463548.520020 4831431.579987 276.820007
463548.510010 4831431.579987 276.760010
463548.489990 4831431.559998 276.910004
463548.479980 4831431.559998 276.799988
463548.469971 4831431.559998 276.760010
463548.479980 4831431.540009 276.630005
463548.469971 4831431.510010 276.829987
463548.460022 4831431.519989 276.779999
463548.450012 4831431.529999 276.730011
463548.440002 4831431.529999 276.640015
463548.400024 4831431.559998 276.649994
463548.409973 4831431.510010 276.700012
463548.799988 4831431.510010 276.559998
463548.799988 4831431.519989 276.510010
463548.780029 4831431.540009 276.470001
463548.320007 4831432.149994 276.049988
463548.349976 4831432.140015 276.059998
463548.299988 4831432.239990 276.160004
463548.340027 4831432.220001 276.160004
463548.330017 4831432.220001 276.220001
463548.500000 4831431.549988 276.529999
463548.479980 4831431.619995 276.619995
463548.520020 4831431.600006 276.619995
463548.520020 4831431.600006 276.670013
463548.530029 4831431.600006 276.720001
463548.549988 4831431.609985 276.829987
463548.599976 4831431.609985 277.119995
463548.549988 4831431.640015 276.630005
463548.549988 4831431.649994 276.709991
463548.549988 4831431.660004 276.779999
463548.549988 4831431.660004 276.839996
463548.559998 4831431.670013 276.890015
463548.559998 4831431.670013 276.940002
463548.570007 4831431.670013 276.989990
463548.580017 4831431.670013 277.029999
463548.590027 4831431.670013 277.079987
463548.669983 4831431.589996 276.190002
463548.690002 4831431.589996 276.230011
463548.710022 4831431.579987 276.260010
463548.729980 4831431.570007 276.299988
463548.750000 4831431.570007 276.329987
463548.599976 4831431.720001 277.019989
463548.599976 4831431.730011 277.100006
463548.590027 4831431.750000 277.179993
463548.599976 4831431.750000 277.230011
463548.729980 4831431.630005 276.250000
463548.739990 4831431.630005 276.290009
463548.750000 4831431.630005 276.339996
463548.770020 4831431.619995 276.369995
463548.789978 4831431.609985 276.410004
463548.760010 4831431.670013 276.369995
463548.789978 4831431.649994 276.369995
463548.799988 4831431.649994 276.410004
463548.799988 4831431.670013 276.369995
463548.239990 4831432.269989 276.119995
463548.280029 4831432.239990 276.119995
463548.320007 4831432.220001 276.119995
463548.330017 4831432.230011 276.179993
463548.330017 4831432.230011 276.230011
463548.549988 4831431.589996 276.500000
463548.549988 4831431.609985 276.570007
463548.549988 4831431.630005 276.630005
463548.559998 4831431.630005 276.679993
463548.570007 4831431.649994 276.750000
463548.580017 4831431.660004 276.799988
463548.580017 4831431.670013 276.850006
463548.590027 4831431.679993 276.910004
463548.590027 4831431.700012 276.989990
463548.599976 4831431.709991 277.049988
463548.599976 4831431.730011 277.130005
463548.609985 4831431.750000 277.200012
463548.510010 4831431.549988 276.029999
463548.669983 4831431.559998 276.209991
463548.690002 4831431.619995 276.209991
463548.710022 4831431.609985 276.239990
463548.729980 4831431.609985 276.279999
463548.739990 4831431.609985 276.329987
463548.760010 4831431.600006 276.359985
463548.780029 4831431.600006 276.390015
463548.789978 4831431.609985 276.440002
463548.770020 4831431.670013 276.399994
463548.719971 4831431.619995 276.220001
463548.739990 4831431.619995 276.260010
463548.750000 4831431.619995 276.290009
463548.760010 4831431.630005 276.350006
463548.780029 4831431.630005 276.380005
463548.799988 4831431.630005 276.420013
463548.679993 4831431.609985 276.200012
463548.700012 4831431.600006 276.239990
463548.719971 4831431.600006 276.269989
463548.739990 4831431.600006 276.309998
463548.750000 4831431.600006 276.350006
463548.690002 4831431.600006 276.209991
463548.710022 4831431.589996 276.250000
463548.719971 4831431.600006 276.290009
463548.739990 4831431.600006 276.339996
463548.760010 4831431.589996 276.359985
463548.679993 4831431.570007 276.209991
463548.700012 4831431.559998 276.239990
463548.599976 4831431.670013 276.799988
463548.609985 4831431.679993 276.839996
463548.619995 4831431.709991 276.970001
463548.619995 4831431.739990 277.059998
463548.630005 4831431.769989 277.200012
463548.570007 4831431.619995 276.559998
463548.559998 4831431.660004 276.649994
463548.599976 4831431.670013 276.790009
463548.619995 4831431.660004 276.799988
463548.599976 4831431.730011 277.010010
463548.619995 4831431.730011 277.059998
463548.619995 4831431.750000 277.130005
463548.630005 4831431.769989 277.200012
463548.549988 4831431.600006 276.489990
463548.549988 4831431.619995 276.559998
463548.559998 4831431.640015 276.630005
463548.559998 4831431.660004 276.700012
463548.580017 4831431.660004 276.760010
463548.590027 4831431.670013 276.820007
463548.599976 4831431.679993 276.869995
463548.599976 4831431.700012 276.940002
463548.599976 4831431.720001 277.000000
463548.609985 4831431.730011 277.049988
463548.609985 4831431.750000 277.119995
463548.619995 4831431.760010 277.190002
463548.489990 4831431.529999 276.019989
463548.580017 4831431.670013 276.750000
463548.599976 4831431.670013 276.799988
463548.619995 4831431.660004 276.809998
463548.609985 4831431.720001 276.980011
463548.609985 4831431.739990 277.040009
463548.619995 4831431.750000 277.100006
463548.640015 4831431.769989 277.220001
463548.500000 4831431.540009 276.059998
463548.679993 4831431.600006 276.200012
463548.700012 4831431.600006 276.230011
463548.719971 4831431.589996 276.269989
463548.729980 4831431.589996 276.309998
463548.760010 4831431.589996 276.350006
463548.750000 4831431.640015 276.279999
463548.780029 4831431.649994 276.380005
463548.799988 4831431.649994 276.420013
463548.320007 4831432.160004 276.059998
463548.260010 4831432.220001 276.049988
463548.299988 4831432.190002 276.040009
463548.320007 4831432.179993 276.070007
463548.330017 4831432.239990 276.140015
463548.309998 4831432.140015 276.130005
463548.789978 4831431.600006 276.420013
463548.729980 4831431.570007 276.309998
463548.719971 4831431.570007 276.269989
463548.700012 4831431.579987 276.230011
463548.239990 4831431.899994 276.239990
463548.609985 4831431.730011 277.239990
463548.710022 4831431.519989 276.290009
463548.690002 4831431.529999 276.260010
463548.669983 4831431.540009 276.220001
463548.619995 4831431.570007 276.190002
463548.590027 4831431.679993 277.220001
463548.570007 4831431.679993 277.170013
463548.570007 4831431.670013 277.089996
463548.570007 4831431.649994 276.980011
463548.599976 4831431.519989 276.160004
463548.539978 4831431.570007 276.260010
463548.539978 4831431.559998 276.179993
463548.530029 4831431.589996 276.829987
463548.520020 4831431.589996 276.779999
463548.510010 4831431.579987 276.690002
463548.510010 4831431.570007 276.600006
463548.479980 4831431.529999 276.160004
463548.520020 4831431.540009 276.750000
463548.510010 4831431.529999 276.679993
463548.500000 4831431.529999 276.630005
463548.500000 4831431.529999 276.559998
463548.289978 4831432.179993 276.329987
463548.340027 4831432.100006 276.100006
463548.320007 4831432.119995 276.079987
463548.599976 4831431.649994 277.190002
463548.630005 4831431.649994 277.049988
463548.599976 4831431.640015 277.140015
463548.599976 4831431.640015 277.079987
463548.619995 4831431.609985 277.179993
463548.580017 4831431.640015 277.119995
463548.799988 4831431.559998 276.500000
463548.599976 4831431.640015 277.149994
463548.619995 4831431.630005 277.040009
463548.609985 4831431.630005 277.160004
463548.590027 4831431.640015 277.119995
463548.609985 4831431.649994 277.109985
463548.630005 4831431.649994 277.070007
463548.599976 4831431.640015 277.179993
463548.590027 4831431.649994 277.119995
463548.539978 4831431.549988 276.769989
463548.539978 4831431.519989 276.750000
463548.520020 4831431.529999 276.730011
463548.609985 4831431.640015 277.140015
463548.599976 4831431.649994 277.109985
463548.590027 4831431.609985 277.049988
463548.590027 4831431.630005 277.000000
463548.580017 4831431.589996 276.920013
463548.789978 4831431.540009 276.480011
463548.530029 4831431.519989 276.649994
463548.539978 4831431.630005 276.720001
463548.690002 4831431.600006 276.230011
463548.570007 4831431.670013 276.799988
463548.729980 4831431.630005 276.329987
463548.750000 4831431.619995 276.359985
463548.780029 4831431.640015 276.359985
463548.799988 4831431.630005 276.390015
463548.590027 4831431.709991 277.040009
463548.609985 4831431.709991 277.160004
463548.570007 4831431.750000 277.220001
463548.619995 4831431.720001 277.250000
463548.559998 4831431.769989 277.209991
463548.580017 4831431.760010 277.220001
463548.609985 4831431.750000 277.200012
463548.630005 4831431.730011 277.239990
463548.609985 4831431.769989 277.239990
463548.400024 4831432.049988 276.230011
463548.669983 4831431.579987 276.170013
463548.690002 4831431.570007 276.209991
463548.690002 4831431.609985 276.170013
463548.770020 4831431.649994 276.429993
463548.789978 4831431.619995 276.390015
463548.239990 4831432.260010 276.170013
463548.539978 4831431.579987 276.679993
463548.340027 4831432.130005 276.239990
463548.580017 4831431.609985 276.970001
463548.539978 4831431.660004 276.730011
463548.659973 4831431.540009 276.190002
463548.559998 4831431.549988 276.679993
463548.539978 4831431.549988 276.730011
463548.510010 4831431.579987 276.649994
463548.599976 4831431.640015 277.119995
463548.580017 4831431.660004 277.100006
463548.599976 4831431.529999 276.329987
463548.570007 4831431.619995 276.760010
463548.599976 4831431.600006 276.799988
463548.599976 4831431.609985 276.600006
463548.619995 4831431.660004 277.089996
463548.659973 4831431.690002 276.489990
463548.679993 4831431.709991 277.200012
463548.390015 4831432.170013 276.109985
463548.400024 4831432.170013 276.049988
463548.380005 4831432.239990 276.299988
463548.380005 4831432.250000 276.209991
463548.400024 4831432.239990 276.160004
463548.510010 4831431.540009 276.630005
463548.469971 4831431.619995 276.529999
463548.539978 4831431.579987 276.570007
463548.590027 4831431.549988 276.559998
463548.630005 4831431.510010 276.329987
463548.599976 4831431.640015 276.859985
463548.630005 4831431.630005 276.869995
463548.630005 4831431.619995 276.809998
463548.630005 4831431.609985 276.720001
463548.580017 4831431.609985 276.529999
463548.619995 4831431.739990 277.239990
463548.669983 4831431.709991 277.209991
463548.650024 4831431.690002 276.959991
463548.380005 4831432.260010 276.230011
463548.409973 4831432.239990 276.230011
463548.400024 4831432.239990 276.130005
463548.650024 4831431.519989 276.989990
463548.700012 4831431.739990 277.230011
463548.659973 4831431.670013 276.899994
463548.650024 4831431.649994 276.820007
463548.650024 4831431.630005 276.760010
463548.630005 4831431.609985 276.649994
463548.640015 4831431.559998 276.480011
463548.599976 4831431.519989 276.279999
463548.570007 4831431.500000 276.160004
463548.789978 4831431.470001 276.119995
463548.710022 4831431.690002 277.250000
463548.729980 4831431.660004 277.220001
463548.770020 4831431.670013 277.239990
463548.760010 4831431.649994 277.200012
463548.760010 4831431.640015 277.149994
463548.719971 4831431.660004 277.239990
463548.780029 4831431.679993 277.149994
463548.760010 4831431.640015 277.149994
