463547.109985 4831430.040009 275.670013
463547.109985 4831430.089996 275.109985
463547.109985 4831430.049988 275.760010
463547.109985 4831430.059998 275.750000
463547.119995 4831430.100006 275.010010
463547.109985 4831430.079987 274.839996
463547.109985 4831430.079987 274.989990
463547.130005 4831430.130005 275.140015
463547.109985 4831430.070007 275.390015
463547.130005 4831429.989990 275.609985
463547.150024 4831430.049988 275.010010
463547.140015 4831430.049988 274.869995
463547.109985 4831430.160004 275.230011
463547.109985 4831430.109985 275.369995
463547.130005 4831430.070007 274.950012
463547.159973 4831430.130005 274.959991
463547.119995 4831430.190002 274.950012
463547.140015 4831430.190002 274.829987
463547.140015 4831430.140015 275.019989
463547.150024 4831430.130005 274.929993
463547.140015 4831430.130005 275.010010
463547.109985 4831430.109985 275.119995
463547.130005 4831430.200012 274.820007
463547.119995 4831430.190002 274.880005
463547.119995 4831430.170013 274.940002
463547.109985 4831430.160004 275.059998
463547.109985 4831430.160004 275.109985
463547.109985 4831430.149994 275.170013
463547.150024 4831430.190002 274.809998
463547.140015 4831430.179993 274.859985
463547.140015 4831430.170013 274.929993
463547.130005 4831430.149994 275.049988
463547.119995 4831430.130005 275.149994
463547.109985 4831430.109985 275.179993
463547.109985 4831430.100006 275.209991
463547.159973 4831430.140015 274.970001
463547.150024 4831430.130005 275.010010
463547.109985 4831430.220001 274.809998
463547.119995 4831430.209991 274.859985
463547.109985 4831430.190002 274.890015
463547.150024 4831430.149994 275.049988
463547.119995 4831430.209991 275.079987
463547.109985 4831430.200012 275.010010
463547.109985 4831430.200012 274.950012
463547.119995 4831430.220001 274.920013
463547.119995 4831430.220001 274.869995
463547.119995 4831430.230011 274.829987
463547.119995 4831430.160004 275.029999
463547.150024 4831430.170013 274.880005
463547.109985 4831430.179993 275.029999
463547.130005 4831430.179993 274.989990
463547.140015 4831430.179993 274.929993
463547.159973 4831430.170013 274.869995
463547.119995 4831430.200012 274.829987
463547.109985 4831430.179993 274.869995
463547.150024 4831430.149994 274.859985
463547.140015 4831430.140015 274.899994
463547.130005 4831430.140015 274.950012
463547.119995 4831430.130005 275.000000
463547.109985 4831430.119995 275.109985
463547.130005 4831430.200012 274.820007
463547.130005 4831430.190002 274.859985
463547.130005 4831430.179993 274.899994
463547.130005 4831430.179993 274.959991
463547.119995 4831430.170013 275.000000
463547.109985 4831430.160004 275.040009
463547.109985 4831430.140015 275.079987
463547.150024 4831430.160004 274.880005
463547.140015 4831430.149994 274.920013
463547.150024 4831430.149994 274.980011
463547.140015 4831430.130005 275.029999
463547.130005 4831430.230011 274.839996
463547.119995 4831430.200012 274.920013
463547.119995 4831430.190002 274.970001
463547.130005 4831430.179993 275.019989
463547.119995 4831430.160004 275.059998
463547.140015 4831430.010010 275.799988
463547.140015 4831430.190002 274.839996
463547.140015 4831430.179993 274.890015
463547.159973 4831430.179993 274.950012
463547.140015 4831430.149994 275.010010
463547.119995 4831430.100006 275.079987
463547.150024 4831430.119995 274.899994
463547.109985 4831430.070007 274.890015
463547.130005 4831430.109985 274.920013
463547.119995 4831430.190002 274.899994
463547.130005 4831430.040009 275.790009
463547.130005 4831430.140015 275.170013
463547.109985 4831430.200012 275.089996
463547.140015 4831430.179993 275.040009
463547.150024 4831430.230011 274.829987
463547.119995 4831430.149994 275.190002
463547.109985 4831430.200012 275.089996
463547.130005 4831430.179993 275.059998
463547.159973 4831430.149994 275.019989
463547.109985 4831430.230011 274.920013
463547.140015 4831430.220001 274.940002
463547.109985 4831430.010010 274.950012
463547.109985 4831430.079987 275.239990
463547.109985 4831430.079987 275.170013
463547.119995 4831430.089996 275.109985
463547.130005 4831430.089996 275.029999
463547.140015 4831430.089996 274.970001
463547.140015 4831430.089996 274.899994
463547.119995 4831430.160004 275.220001
463547.130005 4831430.160004 275.149994
463547.140015 4831430.160004 275.100006
463547.109985 4831430.119995 275.339996
463547.130005 4831430.149994 275.320007
463547.140015 4831430.109985 275.230011
463548.030029 4831430.320007 275.649994
463548.030029 4831430.260010 275.559998
463548.049988 4831430.220001 275.489990
463548.039978 4831430.250000 275.480011
463547.989990 4831430.239990 275.450012
463548.000000 4831430.269989 275.480011
463547.979980 4831430.290009 275.450012
463547.960022 4831430.279999 275.510010
463548.030029 4831430.309998 275.260010
463548.030029 4831430.269989 275.350006
463548.049988 4831430.299988 275.679993
463548.049988 4831430.290009 275.630005
463548.049988 4831430.279999 275.579987
463548.049988 4831430.269989 275.529999
463548.049988 4831430.260010 275.489990
463548.049988 4831430.239990 275.390015
463548.080017 4831430.250000 275.630005
463548.080017 4831430.200012 275.779999
463548.099976 4831430.209991 275.700012
463548.080017 4831430.190002 275.679993
463547.200012 4831429.950012 275.760010
463548.090027 4831430.230011 275.799988
463548.099976 4831430.260010 275.570007
463547.969971 4831430.359985 275.450012
463547.979980 4831430.380005 275.489990
463548.049988 4831430.290009 275.380005
463548.020020 4831430.279999 275.529999
463548.020020 4831430.299988 275.649994
463547.989990 4831430.290009 275.250000
463547.989990 4831430.299988 275.320007
463547.979980 4831430.309998 275.399994
463547.969971 4831430.320007 275.480011
463547.969971 4831430.329987 275.529999
463547.969971 4831430.350006 275.600006
463547.969971 4831430.359985 275.660004
463547.960022 4831430.359985 275.730011
463547.960022 4831430.309998 275.200012
463547.950012 4831430.320007 275.260010
463547.950012 4831430.329987 275.320007
463547.950012 4831430.350006 275.369995
463547.950012 4831430.359985 275.429993
463547.960022 4831430.380005 275.480011
463547.969971 4831430.399994 275.500000
463547.979980 4831430.420013 275.519989
463547.989990 4831430.459991 275.609985
463547.940002 4831430.390015 275.179993
463547.940002 4831430.410004 275.239990
463547.950012 4831430.429993 275.239990
463547.969971 4831430.339996 275.700012
463547.940002 4831430.329987 275.480011
463547.960022 4831430.359985 275.489990
463547.989990 4831430.429993 275.529999
463547.950012 4831430.420013 275.329987
463547.989990 4831430.390015 275.410004
463547.979980 4831430.369995 275.380005
463547.969971 4831430.339996 275.359985
463547.950012 4831430.320007 275.329987
463547.960022 4831430.299988 275.190002
463548.039978 4831430.420013 275.750000
463548.020020 4831430.390015 275.720001
463547.989990 4831430.269989 275.420013
463548.000000 4831430.250000 275.230011
463548.030029 4831430.239990 275.540009
463548.020020 4831430.220001 275.540009
463547.200012 4831430.140015 274.820007
463547.179993 4831430.100006 274.970001
463547.179993 4831430.140015 274.989990
463547.169983 4831430.109985 275.019989
463547.159973 4831430.079987 275.029999
463547.200012 4831430.100006 274.829987
463547.960022 4831430.329987 275.269989
463548.039978 4831430.260010 275.549988
463547.940002 4831430.329987 275.500000
463547.940002 4831430.380005 275.589996
463547.940002 4831430.420013 275.640015
463547.960022 4831430.450012 275.619995
463547.919983 4831430.390015 275.350006
463547.929993 4831430.429993 275.369995
463547.940002 4831430.450012 275.369995
463547.169983 4831430.140015 274.829987
463547.159973 4831430.130005 274.869995
463547.969971 4831430.420013 275.369995
463547.960022 4831430.399994 275.380005
463547.950012 4831430.390015 275.429993
463548.020020 4831430.440002 275.769989
463547.159973 4831430.149994 274.910004
463547.169983 4831430.109985 274.910004
463547.159973 4831430.100006 274.970001
463548.010010 4831430.420013 275.790009
463547.159973 4831430.170013 274.829987
463547.159973 4831430.170013 275.029999
463547.190002 4831430.220001 274.859985
463548.000000 4831430.450012 275.799988
463548.010010 4831430.450012 275.760010
463547.979980 4831430.450012 275.779999
463547.950012 4831430.440002 275.790009
463547.969971 4831430.450012 275.760010
463547.960022 4831430.459991 275.750000
463547.940002 4831430.440002 275.600006
463547.950012 4831430.450012 275.570007
463547.159973 4831430.170013 274.829987
463547.940002 4831430.420013 275.329987
463547.929993 4831430.420013 275.380005
463547.989990 4831430.440002 275.799988
463547.190002 4831430.149994 274.809998
463547.919983 4831430.440002 275.230011
463547.919983 4831430.429993 275.290009
463547.169983 4831430.170013 274.829987
463547.159973 4831430.149994 274.869995
463547.989990 4831430.290009 275.450012
463547.940002 4831430.320007 275.390015
463548.049988 4831430.260010 275.529999
463547.969971 4831430.299988 275.529999
463547.960022 4831430.320007 275.589996
463547.960022 4831430.450012 275.549988
463547.929993 4831430.309998 275.190002
463547.919983 4831430.329987 275.269989
463547.919983 4831430.350006 275.329987
463547.909973 4831430.390015 275.329987
463547.919983 4831430.420013 275.290009
463547.919983 4831430.450012 275.250000
463547.950012 4831430.420013 275.769989
463547.969971 4831430.450012 275.700012
463547.900024 4831430.320007 275.130005
463547.880005 4831430.320007 275.239990
463547.969971 4831430.350006 275.209991
463547.979980 4831430.359985 275.709991
463547.960022 4831430.380005 275.730011
463547.989990 4831430.269989 275.609985
463547.979980 4831430.299988 275.700012
463547.989990 4831430.320007 275.690002
463547.929993 4831430.329987 275.339996
463547.929993 4831430.339996 275.399994
463547.940002 4831430.359985 275.459991
463547.940002 4831430.369995 275.540009
463547.950012 4831430.390015 275.600006
463547.960022 4831430.390015 275.660004
463547.969971 4831430.410004 275.720001
463547.989990 4831430.399994 275.760010
463547.909973 4831430.309998 275.140015
463547.919983 4831430.329987 275.220001
463547.929993 4831430.329987 275.260010
463547.940002 4831430.329987 275.309998
463547.940002 4831430.359985 275.380005
463547.950012 4831430.369995 275.440002
463547.960022 4831430.380005 275.500000
463547.960022 4831430.390015 275.559998
463547.969971 4831430.399994 275.630005
463547.979980 4831430.410004 275.679993
463547.989990 4831430.429993 275.750000
463548.010010 4831430.420013 275.790009
463547.909973 4831430.299988 275.100006
463547.909973 4831430.329987 275.200012
463547.929993 4831430.320007 275.220001
463547.929993 4831430.339996 275.309998
463547.940002 4831430.350006 275.359985
463547.940002 4831430.369995 275.429993
463547.960022 4831430.369995 275.459991
463547.960022 4831430.399994 275.549988
463547.969971 4831430.399994 275.589996
463547.979980 4831430.410004 275.660004
463547.989990 4831430.420013 275.720001
463548.000000 4831430.420013 275.760010
463547.940002 4831430.320007 275.309998
463547.940002 4831430.359985 275.410004
463547.950012 4831430.359985 275.450012
463547.950012 4831430.380005 275.540009
463547.960022 4831430.390015 275.600006
463547.969971 4831430.410004 275.660004
463547.979980 4831430.420013 275.720001
463548.000000 4831430.420013 275.760010
463547.909973 4831430.309998 275.109985
463547.909973 4831430.329987 275.190002
463547.940002 4831430.329987 275.230011
463547.940002 4831430.350006 275.309998
463547.950012 4831430.350006 275.350006
463547.950012 4831430.380005 275.420013
463547.960022 4831430.380005 275.480011
463547.969971 4831430.390015 275.529999
463547.979980 4831430.399994 275.579987
463547.979980 4831430.420013 275.649994
463547.989990 4831430.429993 275.709991
463548.010010 4831430.429993 275.750000
463547.909973 4831430.339996 275.130005
463547.919983 4831430.359985 275.200012
463547.940002 4831430.350006 275.230011
463547.929993 4831430.390015 275.329987
463547.940002 4831430.399994 275.390015
463547.950012 4831430.410004 275.459991
463547.969971 4831430.410004 275.500000
463547.969971 4831430.420013 275.549988
463547.989990 4831430.420013 275.589996
463548.000000 4831430.429993 275.640015
463547.919983 4831430.359985 275.160004
463547.929993 4831430.369995 275.220001
463547.929993 4831430.390015 275.290009
463547.950012 4831430.390015 275.329987
463547.950012 4831430.410004 275.390015
463547.960022 4831430.420013 275.450012
463547.969971 4831430.420013 275.500000
463547.979980 4831430.429993 275.559998
463548.000000 4831430.429993 275.600006
463547.929993 4831430.359985 275.170013
463547.940002 4831430.369995 275.230011
463547.940002 4831430.390015 275.299988
463547.950012 4831430.399994 275.369995
463547.960022 4831430.410004 275.440002
463547.969971 4831430.420013 275.480011
463547.979980 4831430.420013 275.529999
463547.989990 4831430.429993 275.579987
463548.010010 4831430.429993 275.619995
463547.929993 4831430.420013 275.220001
463547.950012 4831430.420013 275.260010
463547.960022 4831430.429993 275.320007
463547.969971 4831430.429993 275.359985
463547.989990 4831430.420013 275.489990
463547.979980 4831430.429993 275.440002
463547.979980 4831430.420013 275.359985
463547.960022 4831430.420013 275.260010
463547.969971 4831430.390015 275.790009
463547.960022 4831430.380005 275.709991
463547.960022 4831430.369995 275.619995
463547.950012 4831430.359985 275.519989
463547.940002 4831430.369995 275.480011
463547.960022 4831430.260010 275.529999
463547.929993 4831430.279999 275.529999
463547.919983 4831430.290009 275.489990
463548.010010 4831430.399994 275.570007
463547.969971 4831430.359985 275.519989
463548.000000 4831430.369995 275.390015
463547.969971 4831430.250000 275.670013
463547.969971 4831430.269989 275.619995
463547.979980 4831430.279999 275.529999
463547.969971 4831430.290009 275.500000
463547.960022 4831430.339996 275.329987
463547.960022 4831430.279999 275.350006
463547.950012 4831430.290009 275.309998
463547.929993 4831430.320007 275.230011
463547.950012 4831430.250000 275.279999
463547.950012 4831430.269989 275.239990
463547.929993 4831430.279999 275.209991
463547.919983 4831430.290009 275.190002
463547.960022 4831430.239990 275.239990
463547.950012 4831430.250000 275.200012
463547.919983 4831430.269989 275.200012
463547.919983 4831430.239990 275.190002
463547.950012 4831430.380005 275.329987
463547.960022 4831430.359985 275.450012
463547.979980 4831430.350006 275.480011
463547.989990 4831430.339996 275.540009
463548.000000 4831430.329987 275.589996
463548.000000 4831430.309998 275.709991
463548.020020 4831430.299988 275.769989
463548.039978 4831430.290009 275.799988
463547.969971 4831430.429993 275.350006
463547.969971 4831430.420013 275.500000
463547.969971 4831430.399994 275.600006
463547.969971 4831430.390015 275.769989
463547.989990 4831430.440002 275.649994
463547.169983 4831430.160004 274.980011
463547.169983 4831430.209991 274.820007
463547.979980 4831430.410004 275.690002
463547.179993 4831430.140015 275.019989
463547.159973 4831430.200012 274.929993
463547.190002 4831430.160004 274.839996
463547.950012 4831430.390015 275.239990
463548.030029 4831430.269989 275.549988
463548.059998 4831430.250000 275.559998
463547.960022 4831430.320007 275.519989
463548.010010 4831430.260010 275.309998
463547.960022 4831430.290009 275.299988
463547.940002 4831430.309998 275.269989
463547.909973 4831430.350006 275.190002
463547.960022 4831430.269989 275.170013
463547.929993 4831430.290009 275.140015
463547.989990 4831430.260010 275.250000
463547.960022 4831430.269989 275.250000
463547.940002 4831430.299988 275.200012
463547.969971 4831430.279999 275.299988
463547.940002 4831430.299988 275.279999
463547.919983 4831430.350006 275.140015
463547.989990 4831430.260010 275.269989
463547.969971 4831430.269989 275.279999
463547.940002 4831430.299988 275.230011
463547.919983 4831430.320007 275.170013
463547.979980 4831430.230011 275.190002
463547.950012 4831430.269989 275.130005
463547.159973 4831430.089996 274.839996
463547.159973 4831430.149994 275.049988
463547.169983 4831430.149994 275.010010
463547.169983 4831430.160004 274.920013
463547.190002 4831430.149994 274.890015
463547.200012 4831430.149994 274.839996
463548.070007 4831430.290009 275.630005
463548.080017 4831430.279999 275.570007
463547.190002 4831430.160004 274.890015
463547.190002 4831430.140015 274.829987
463547.280029 4831430.859985 274.970001
463547.969971 4831430.459991 275.769989
463548.010010 4831430.290009 275.170013
463548.000000 4831430.320007 274.970001
463548.000000 4831430.260010 274.959991
463548.000000 4831430.239990 274.850006
463547.989990 4831430.230011 274.820007
463548.010010 4831430.269989 275.149994
463548.039978 4831430.250000 275.209991
463548.030029 4831430.230011 275.179993
463548.020020 4831430.220001 275.140015
463548.039978 4831430.220001 275.000000
463548.030029 4831430.200012 274.970001
463548.059998 4831430.200012 275.160004
463548.080017 4831430.209991 275.070007
463548.070007 4831430.200012 275.040009
463548.070007 4831430.190002 275.000000
463548.020020 4831430.329987 275.089996
463548.000000 4831430.309998 274.869995
463548.039978 4831430.309998 275.160004
463548.020020 4831430.290009 275.119995
463548.010010 4831430.290009 274.869995
463548.049988 4831430.290009 275.220001
463548.039978 4831430.290009 275.160004
463548.030029 4831430.269989 275.140015
463548.000000 4831430.250000 274.809998
463548.059998 4831430.269989 275.190002
463548.049988 4831430.250000 275.170013
463548.039978 4831430.250000 275.040009
463548.030029 4831430.230011 275.010010
463548.070007 4831430.250000 275.160004
463548.059998 4831430.239990 275.049988
463548.059998 4831430.230011 275.000000
463548.049988 4831430.220001 274.959991
463548.049988 4831430.230011 274.890015
463548.030029 4831430.200012 274.820007
463548.099976 4831430.230011 275.209991
463548.090027 4831430.230011 275.160004
463548.090027 4831430.230011 274.970001
463548.080017 4831430.220001 274.869995
463548.070007 4831430.290009 275.269989
463548.020020 4831430.269989 274.929993
463548.020020 4831430.279999 274.989990
463548.010010 4831430.279999 275.070007
463548.000000 4831430.290009 275.160004
463547.989990 4831430.269989 274.820007
463547.979980 4831430.279999 274.910004
463547.969971 4831430.290009 275.010010
463547.960022 4831430.290009 275.079987
463547.960022 4831430.299988 275.140015
463547.989990 4831430.450012 275.540009
463547.919983 4831430.279999 274.839996
463547.919983 4831430.299988 274.890015
463547.919983 4831430.309998 274.950012
463547.919983 4831430.320007 275.000000
463547.929993 4831430.339996 275.049988
463547.919983 4831430.350006 275.100006
463547.929993 4831430.369995 275.140015
463547.969971 4831430.459991 275.230011
463547.890015 4831430.339996 274.850006
463547.890015 4831430.350006 274.910004
463547.909973 4831430.380005 274.920013
463547.919983 4831430.399994 274.929993
463547.919983 4831430.420013 274.970001
463547.919983 4831430.429993 275.019989
463547.969971 4831430.279999 275.019989
463547.929993 4831430.250000 274.829987
463547.940002 4831430.269989 274.859985
463547.919983 4831430.290009 274.950012
463547.929993 4831430.359985 275.049988
463547.969971 4831430.410004 275.049988
463547.960022 4831430.429993 275.100006
463547.900024 4831430.290009 274.809998
463547.900024 4831430.309998 274.859985
463547.900024 4831430.329987 274.890015
463547.900024 4831430.350006 274.920013
463547.919983 4831430.380005 274.929993
463547.880005 4831430.339996 274.829987
463547.880005 4831430.369995 274.859985
463547.900024 4831430.390015 274.869995
463547.919983 4831430.420013 274.859985
463547.919983 4831430.440002 274.899994
463547.900024 4831430.399994 274.809998
463547.929993 4831430.339996 275.019989
463547.919983 4831430.320007 275.000000
463547.909973 4831430.290009 274.970001
463548.000000 4831430.410004 275.429993
463547.960022 4831430.279999 275.130005
463547.960022 4831430.250000 275.000000
463547.969971 4831430.239990 274.859985
463548.000000 4831430.230011 275.130005
463548.070007 4831430.440002 275.790009
463547.979980 4831430.309998 275.059998
463547.960022 4831430.299988 275.000000
463548.010010 4831430.269989 274.940002
463547.979980 4831430.269989 274.809998
463547.890015 4831430.429993 275.049988
463547.909973 4831430.440002 275.000000
463547.940002 4831430.459991 274.970001
463547.940002 4831430.420013 274.959991
463547.919983 4831430.399994 274.970001
463547.909973 4831430.369995 274.989990
463548.020020 4831430.429993 275.109985
463548.010010 4831430.440002 275.179993
463548.000000 4831430.429993 275.260010
463547.989990 4831430.450012 275.359985
463548.070007 4831430.420013 275.390015
463548.049988 4831430.450012 275.670013
463547.989990 4831430.450012 274.940002
463547.989990 4831430.440002 275.160004
463548.020020 4831430.429993 274.890015
463548.049988 4831430.450012 275.190002
463548.039978 4831430.390015 274.890015
463548.039978 4831430.390015 274.970001
463548.070007 4831430.420013 275.149994
463548.070007 4831430.420013 275.230011
463548.080017 4831430.420013 275.320007
463548.080017 4831430.420013 275.390015
463548.059998 4831430.350006 274.859985
463548.070007 4831430.359985 274.980011
463548.090027 4831430.380005 275.109985
463548.090027 4831430.380005 275.200012
463548.070007 4831430.450012 275.209991
463548.030029 4831430.410004 274.820007
463548.070007 4831430.399994 275.010010
463548.099976 4831430.369995 275.250000
463548.099976 4831430.359985 275.299988
463548.030029 4831430.359985 274.829987
463548.000000 4831430.450012 274.880005
463548.000000 4831430.450012 274.809998
463548.039978 4831430.440002 275.130005
463548.039978 4831430.420013 275.029999
463548.049988 4831430.410004 274.950012
463548.049988 4831430.390015 274.869995
463548.010010 4831430.459991 274.929993
463548.010010 4831430.450012 274.850006
463548.090027 4831430.459991 275.500000
463548.090027 4831430.450012 275.489990
463548.080017 4831430.450012 275.380005
463548.090027 4831430.429993 275.320007
463548.070007 4831430.450012 275.329987
463548.049988 4831430.450012 275.369995
463548.070007 4831430.459991 275.329987
463548.059998 4831430.450012 275.339996
463548.080017 4831430.440002 275.329987
463548.080017 4831430.459991 275.390015
463548.090027 4831430.420013 275.290009
463548.080017 4831430.429993 275.320007
463548.070007 4831430.450012 275.350006
463548.070007 4831430.459991 275.359985
463548.039978 4831430.459991 275.100006
463548.030029 4831430.429993 274.859985
463547.890015 4831430.410004 275.040009
463547.909973 4831430.459991 275.040009
463547.979980 4831430.459991 274.839996
463547.989990 4831430.440002 274.920013
463547.979980 4831430.459991 275.059998
463547.969971 4831430.450012 275.200012
463548.020020 4831430.390015 274.839996
463548.020020 4831430.390015 274.899994
463548.000000 4831430.459991 275.350006
463547.989990 4831430.450012 275.399994
463547.989990 4831430.450012 275.450012
463548.039978 4831430.459991 275.420013
463548.030029 4831430.459991 275.459991
463548.030029 4831430.459991 275.510010
463548.020020 4831430.459991 275.559998
463548.010010 4831430.459991 275.660004
463548.070007 4831430.429993 275.410004
463548.080017 4831430.450012 275.489990
463548.070007 4831430.440002 275.529999
463548.059998 4831430.450012 275.600006
463548.099976 4831430.429993 275.540009
463548.090027 4831430.420013 275.579987
463548.099976 4831430.440002 275.649994
463547.900024 4831430.429993 274.859985
463547.900024 4831430.420013 274.910004
463547.919983 4831430.450012 275.000000
463547.900024 4831430.420013 275.019989
463547.900024 4831430.420013 275.079987
463547.989990 4831430.450012 274.920013
463547.989990 4831430.450012 274.980011
463547.989990 4831430.450012 275.040009
463548.000000 4831430.450012 275.100006
463548.000000 4831430.450012 275.160004
463548.000000 4831430.450012 275.220001
463548.000000 4831430.440002 275.309998
463548.020020 4831430.459991 275.450012
463548.020020 4831430.459991 275.519989
463548.020020 4831430.459991 275.579987
463548.020020 4831430.390015 274.850006
463548.039978 4831430.420013 274.950012
463548.049988 4831430.429993 275.079987
463548.049988 4831430.429993 275.140015
463548.059998 4831430.429993 275.209991
463548.059998 4831430.429993 275.269989
463548.070007 4831430.440002 275.390015
463548.080017 4831430.450012 275.450012
463548.080017 4831430.450012 275.519989
463548.080017 4831430.440002 275.559998
463548.090027 4831430.459991 275.640015
463548.039978 4831430.339996 274.820007
463548.049988 4831430.350006 274.899994
463548.090027 4831430.380005 275.279999
463548.099976 4831430.390015 275.339996
463547.989990 4831430.459991 275.279999
463547.950012 4831430.450012 274.829987
463547.969971 4831430.450012 274.899994
463547.989990 4831430.459991 274.980011
463547.989990 4831430.450012 275.029999
463548.010010 4831430.450012 275.109985
463548.030029 4831430.459991 275.179993
463548.049988 4831430.459991 275.290009
463548.049988 4831430.450012 275.339996
463548.080017 4831430.459991 275.429993
463548.090027 4831430.459991 275.489990
463548.090027 4831430.450012 275.540009
463548.010010 4831430.440002 274.829987
463548.020020 4831430.440002 274.890015
463548.030029 4831430.440002 274.959991
463548.039978 4831430.440002 275.019989
463548.049988 4831430.429993 275.070007
463548.049988 4831430.420013 275.130005
463548.070007 4831430.429993 275.200012
463548.080017 4831430.429993 275.250000
463548.099976 4831430.420013 275.380005
463548.039978 4831430.390015 274.820007
463548.049988 4831430.390015 274.880005
463548.059998 4831430.380005 274.929993
463548.059998 4831430.369995 274.989990
463548.070007 4831430.359985 275.049988
463548.099976 4831430.329987 275.309998
463548.059998 4831430.339996 274.820007
463548.049988 4831430.320007 274.850006
463548.049988 4831430.309998 274.899994
463548.010010 4831430.279999 275.160004
463547.969971 4831430.279999 274.890015
463547.950012 4831430.290009 275.059998
463547.890015 4831430.309998 274.869995
463547.880005 4831430.329987 274.929993
463547.869995 4831430.359985 274.959991
463547.880005 4831430.390015 274.929993
463547.890015 4831430.429993 274.829987
463547.880005 4831430.290009 274.850006
463547.869995 4831430.320007 274.880005
463547.840027 4831430.320007 274.899994
463547.869995 4831430.290009 274.859985
463547.849976 4831430.299988 274.829987
463547.859985 4831430.279999 274.839996
463547.859985 4831430.269989 274.829987
463547.869995 4831430.239990 274.859985
463547.849976 4831430.250000 274.829987
463547.840027 4831430.230011 274.869995
463547.830017 4831430.239990 274.820007
463547.979980 4831430.450012 275.179993
463548.020020 4831430.459991 275.510010
463548.039978 4831430.459991 275.600006
463547.859985 4831430.299988 274.869995
463547.880005 4831430.299988 274.899994
463547.890015 4831430.309998 274.959991
463547.890015 4831430.320007 275.019989
463547.909973 4831430.329987 275.070007
463548.010010 4831430.459991 275.769989
463548.030029 4831430.450012 275.799988
463547.890015 4831430.290009 274.820007
463547.890015 4831430.309998 274.899994
463547.890015 4831430.320007 274.959991
463547.900024 4831430.329987 275.019989
463547.919983 4831430.339996 275.089996
463548.000000 4831430.450012 275.660004
463548.010010 4831430.459991 275.730011
463548.030029 4831430.459991 275.769989
463547.890015 4831430.299988 274.869995
463547.890015 4831430.320007 274.940002
463547.900024 4831430.329987 274.989990
463547.919983 4831430.329987 275.040009
463547.919983 4831430.350006 275.109985
463548.020020 4831430.440002 275.670013
463548.020020 4831430.459991 275.750000
463548.039978 4831430.459991 275.790009
463547.880005 4831430.359985 274.869995
463547.890015 4831430.369995 274.940002
463547.900024 4831430.380005 274.989990
463547.909973 4831430.380005 275.040009
463547.919983 4831430.390015 275.089996
463547.929993 4831430.399994 275.149994
463547.979980 4831430.450012 275.440002
463547.989990 4831430.450012 275.489990
463548.010010 4831430.459991 275.540009
463548.020020 4831430.459991 275.579987
463547.900024 4831430.429993 274.829987
463547.919983 4831430.429993 274.869995
463547.929993 4831430.440002 274.920013
463547.940002 4831430.440002 274.970001
463547.960022 4831430.450012 275.010010
463547.969971 4831430.450012 275.059998
463547.989990 4831430.450012 275.109985
463548.000000 4831430.459991 275.160004
463548.010010 4831430.459991 275.209991
463548.030029 4831430.459991 275.250000
463548.049988 4831430.450012 275.290009
463548.059998 4831430.459991 275.329987
463547.960022 4831430.450012 274.829987
463547.979980 4831430.450012 274.869995
463547.989990 4831430.450012 274.910004
463548.010010 4831430.450012 274.950012
463548.020020 4831430.450012 274.989990
463548.039978 4831430.450012 275.029999
463548.020020 4831430.450012 275.779999
463548.030029 4831430.429993 275.679993
463548.010010 4831430.429993 275.630005
463548.010010 4831430.420013 275.549988
463547.960022 4831430.399994 275.160004
463547.950012 4831430.399994 275.109985
463547.960022 4831430.380005 275.190002
463547.960022 4831430.250000 275.049988
463547.900024 4831430.279999 275.059998
463547.950012 4831430.230011 275.079987
463547.919983 4831430.250000 275.079987
463547.880005 4831430.279999 274.890015
463547.849976 4831430.260010 274.820007
463547.960022 4831430.320007 275.100006
463548.000000 4831430.299988 275.059998
463548.010010 4831430.290009 275.109985
463547.969971 4831430.459991 275.089996
463547.989990 4831430.459991 275.420013
463547.989990 4831430.450012 275.519989
463547.940002 4831430.359985 275.049988
463547.960022 4831430.359985 275.109985
463548.000000 4831430.450012 275.480011
463547.919983 4831430.359985 275.100006
463547.900024 4831430.359985 275.000000
463547.929993 4831430.390015 275.130005
463547.880005 4831430.369995 274.869995
463547.909973 4831430.380005 274.970001
463547.940002 4831430.420013 275.140015
463547.909973 4831430.399994 274.890015
463547.929993 4831430.429993 275.029999
463547.940002 4831430.279999 275.029999
463547.919983 4831430.299988 275.029999
463547.960022 4831430.250000 274.829987
463547.890015 4831430.290009 274.880005
463548.030029 4831430.250000 274.989990
463548.010010 4831430.260010 275.019989
463547.979980 4831430.260010 275.089996
463547.950012 4831430.279999 275.079987
463547.919983 4831430.309998 275.019989
463547.900024 4831430.339996 274.970001
463548.020020 4831430.250000 274.869995
463547.989990 4831430.239990 274.959991
463547.960022 4831430.239990 275.000000
463547.940002 4831430.260010 274.980011
463547.919983 4831430.279999 274.959991
463547.890015 4831430.309998 274.920013
463547.979980 4831430.260010 274.809998
463547.960022 4831430.260010 274.859985
463547.929993 4831430.260010 274.890015
463547.909973 4831430.279999 274.890015
463547.979980 4831430.260010 274.839996
463547.950012 4831430.260010 274.890015
463547.919983 4831430.269989 274.910004
463547.900024 4831430.279999 274.920013
463547.969971 4831430.239990 275.000000
463547.940002 4831430.260010 274.989990
463547.919983 4831430.279999 274.970001
463548.049988 4831430.239990 274.989990
463548.020020 4831430.250000 275.000000
463547.989990 4831430.239990 275.079987
463547.960022 4831430.260010 275.070007
463547.929993 4831430.279999 275.089996
463547.919983 4831430.299988 275.029999
463547.900024 4831430.350006 274.920013
463548.049988 4831430.269989 275.010010
463548.020020 4831430.260010 275.100006
463547.989990 4831430.269989 275.119995
463547.909973 4831430.329987 275.070007
463547.890015 4831430.369995 274.970001
463548.039978 4831430.260010 275.130005
463547.919983 4831430.339996 275.100006
463548.039978 4831430.260010 275.200012
463548.039978 4831430.260010 275.160004
463547.900024 4831430.329987 275.010010
463548.000000 4831430.250000 274.869995
463547.979980 4831430.239990 274.940002
463547.950012 4831430.250000 274.980011
463547.979980 4831430.290009 274.940002
463548.000000 4831430.269989 274.929993
463548.000000 4831430.290009 274.809998
463548.059998 4831430.320007 274.980011
463548.070007 4831430.309998 274.940002
463548.070007 4831430.320007 274.839996
463548.090027 4831430.369995 274.980011
463548.059998 4831430.320007 274.859985
463548.080017 4831430.380005 274.859985
463548.080017 4831430.410004 274.880005
463548.080017 4831430.320007 275.019989
463548.030029 4831430.299988 274.850006
463548.059998 4831430.450012 275.070007
463548.080017 4831430.440002 275.049988
463548.090027 4831430.420013 275.000000
463548.090027 4831430.399994 274.929993
463548.080017 4831430.380005 274.850006
463548.010010 4831430.470001 275.500000
463547.979980 4831430.470001 275.589996
463548.000000 4831430.480011 275.559998
463548.020020 4831430.500000 275.540009
463547.960022 4831430.470001 275.329987
463547.979980 4831430.480011 275.290009
463547.960022 4831430.459991 274.899994
463548.049988 4831430.489990 275.739990
463548.039978 4831430.480011 275.670013
463548.039978 4831430.480011 275.600006
463548.039978 4831430.489990 275.440002
463548.070007 4831430.489990 275.570007
463548.030029 4831430.489990 275.429993
463548.039978 4831430.470001 275.279999
463548.000000 4831430.459991 275.000000
463547.940002 4831430.470001 274.929993
463547.950012 4831430.470001 274.869995
463547.950012 4831430.459991 274.809998
463548.099976 4831430.500000 275.709991
463548.090027 4831430.489990 275.670013
463548.099976 4831430.500000 275.630005
463548.070007 4831430.500000 275.660004
463548.080017 4831430.500000 275.609985
463548.059998 4831430.489990 275.660004
463548.080017 4831430.489990 275.609985
463548.039978 4831430.470001 275.619995
463548.059998 4831430.510010 275.619995
463548.070007 4831430.459991 275.350006
463548.049988 4831430.470001 275.390015
463548.030029 4831430.500000 275.570007
463548.049988 4831430.529999 275.549988
463548.049988 4831430.500000 275.549988
463548.070007 4831430.540009 275.540009
463548.059998 4831430.480011 275.410004
463548.049988 4831430.559998 275.579987
463548.059998 4831430.470001 275.410004
463548.000000 4831430.489990 275.470001
463548.010010 4831430.500000 275.440002
463548.030029 4831430.529999 275.429993
463547.960022 4831430.480011 275.170013
463547.969971 4831430.500000 275.149994
463547.929993 4831430.480011 275.019989
463547.940002 4831430.480011 274.959991
463547.960022 4831430.480011 274.920013
463547.989990 4831430.470001 275.529999
463548.020020 4831430.470001 275.619995
463548.000000 4831430.459991 275.779999
463548.059998 4831430.470001 275.679993
463548.059998 4831430.480011 275.750000
463548.059998 4831430.480011 275.799988
463548.020020 4831430.459991 275.399994
463548.039978 4831430.480011 275.670013
463548.039978 4831430.470001 275.720001
463548.039978 4831430.480011 275.790009
463547.950012 4831430.470001 275.029999
463547.960022 4831430.470001 275.100006
463547.979980 4831430.470001 275.160004
463547.979980 4831430.470001 275.220001
463548.010010 4831430.470001 275.359985
463548.049988 4831430.489990 275.459991
463548.049988 4831430.480011 275.510010
463548.070007 4831430.480011 275.589996
463548.080017 4831430.480011 275.649994
463548.000000 4831430.480011 275.799988
463548.000000 4831430.489990 275.799988
463548.000000 4831430.480011 275.790009
463548.000000 4831430.470001 275.410004
463548.010010 4831430.480011 275.609985
463548.030029 4831430.480011 275.679993
463548.049988 4831430.470001 275.720001
463548.049988 4831430.480011 275.779999
463548.030029 4831430.470001 275.630005
463548.039978 4831430.470001 275.679993
463548.070007 4831430.470001 275.390015
463548.049988 4831430.519989 275.510010
463548.080017 4831430.489990 275.799988
463547.979980 4831430.489990 275.209991
463548.000000 4831430.470001 275.269989
463548.030029 4831430.489990 275.500000
463548.049988 4831430.480011 275.549988
463548.020020 4831430.470001 275.790009
463547.969971 4831430.470001 275.500000
463548.030029 4831430.489990 275.429993
463547.960022 4831430.470001 274.869995
463548.020020 4831430.489990 275.019989
