463549.049988 4831433.890015 282.489990
463549.049988 4831433.700012 282.470001
463549.020020 4831433.760010 282.510010
463549.030029 4831433.760010 282.570007
463548.900024 4831433.799988 282.589996
463548.890015 4831433.829987 282.559998
463549.000000 4831433.750000 282.459991
463548.989990 4831433.750000 282.519989
463548.979980 4831433.760010 282.600006
463548.969971 4831433.709991 282.579987
463549.020020 4831433.730011 282.589996
463548.940002 4831433.640015 282.450012
463548.750000 4831433.679993 282.089996
463548.630005 4831433.679993 282.079987
463549.049988 4831433.790009 282.559998
463549.020020 4831433.769989 282.589996
463548.929993 4831433.649994 282.660004
463548.929993 4831433.700012 282.709991
463548.969971 4831433.769989 282.609985
463548.619995 4831433.649994 282.059998
463548.669983 4831433.649994 282.049988
463548.739990 4831433.679993 282.089996
463548.739990 4831433.700012 282.089996
463548.710022 4831433.630005 282.109985
463548.900024 4831433.750000 282.579987
463548.950012 4831433.660004 282.480011
463549.099976 4831433.760010 282.399994
463549.070007 4831433.730011 282.529999
463548.719971 4831433.679993 282.109985
463548.950012 4831433.799988 282.549988
463549.049988 4831433.809998 282.500000
463548.969971 4831433.690002 282.579987
463549.070007 4831433.760010 282.519989
463548.969971 4831433.750000 282.480011
463549.010010 4831433.750000 282.609985
463549.049988 4831433.769989 282.549988
463549.119995 4831433.820007 282.470001
463548.719971 4831433.660004 282.059998
463548.710022 4831433.670013 282.079987
463548.739990 4831433.739990 282.070007
463548.700012 4831433.640015 282.059998
463548.739990 4831433.739990 282.079987
463548.729980 4831433.730011 282.089996
463548.729980 4831433.700012 282.100006
463549.049988 4831433.809998 282.450012
463548.909973 4831433.700012 282.440002
463548.770020 4831433.750000 282.109985
463549.090027 4831433.790009 282.519989
463549.099976 4831433.799988 282.489990
463548.710022 4831433.720001 282.119995
463549.109985 4831433.839996 282.500000
463548.789978 4831433.720001 282.109985
463548.789978 4831433.750000 282.109985
463548.809998 4831433.779999 282.109985
463548.750000 4831433.730011 282.109985
463548.700012 4831433.700012 282.130005
463548.690002 4831433.730011 282.109985
463548.809998 4831433.750000 282.059998
463548.950012 4831433.739990 282.540009
463549.090027 4831433.750000 282.429993
463548.690002 4831433.649994 282.119995
463548.960022 4831433.730011 282.559998
463549.020020 4831433.750000 282.480011
463549.090027 4831433.779999 282.510010
463549.039978 4831433.750000 282.559998
463549.080017 4831433.760010 282.390015
463548.799988 4831433.709991 282.019989
463548.700012 4831433.769989 282.040009
463548.799988 4831433.709991 282.019989
463548.659973 4831433.649994 282.059998
463548.750000 4831433.630005 282.089996
463548.710022 4831433.649994 282.049988
463548.710022 4831433.700012 282.079987
463548.809998 4831433.730011 282.070007
463548.809998 4831433.799988 282.059998
463548.760010 4831433.640015 282.089996
463548.700012 4831433.640015 282.079987
463548.659973 4831433.720001 282.160004
463548.799988 4831433.829987 282.109985
463548.739990 4831433.709991 282.109985
463548.650024 4831433.720001 282.140015
463548.950012 4831433.760010 282.609985
463548.789978 4831433.760010 282.119995
463548.789978 4831433.839996 282.100006
463548.690002 4831433.690002 282.109985
463548.780029 4831433.760010 282.010010
463548.979980 4831433.739990 282.519989
463548.719971 4831433.679993 282.130005
463548.750000 4831433.670013 282.100006
463549.000000 4831433.750000 282.510010
463549.039978 4831433.890015 282.339996
463549.109985 4831433.779999 282.519989
463549.109985 4831433.739990 282.540009
463549.109985 4831433.730011 282.470001
463549.030029 4831433.720001 282.570007
463549.020020 4831433.720001 282.640015
463549.000000 4831433.700012 282.440002
463548.979980 4831433.709991 282.619995
463548.929993 4831433.730011 282.549988
463549.090027 4831433.790009 282.519989
463549.049988 4831433.820007 282.440002
463549.039978 4831433.769989 282.540009
463549.030029 4831433.769989 282.529999
463549.039978 4831433.779999 282.570007
463549.109985 4831433.750000 282.609985
463549.099976 4831433.760010 282.570007
463549.090027 4831433.760010 282.589996
463549.090027 4831433.769989 282.480011
463549.049988 4831433.820007 282.440002
463549.109985 4831433.750000 282.609985
463549.099976 4831433.760010 282.589996
463549.030029 4831433.769989 282.589996
463549.119995 4831433.730011 282.600006
463549.099976 4831433.739990 282.570007
463549.099976 4831433.739990 282.609985
463549.099976 4831433.739990 282.579987
463549.099976 4831433.720001 282.609985
463549.090027 4831433.730011 282.579987
463548.940002 4831433.760010 282.660004
463549.109985 4831433.760010 282.589996
463548.979980 4831433.709991 282.630005
463548.729980 4831433.630005 282.079987
463549.000000 4831433.739990 282.489990
463549.020020 4831433.760010 282.540009
463549.049988 4831433.859985 282.529999
463548.890015 4831433.809998 282.619995
463548.989990 4831433.720001 282.540009
463549.070007 4831433.829987 282.470001
463549.119995 4831433.809998 282.500000
463548.690002 4831433.670013 282.029999
463549.059998 4831433.799988 282.540009
463549.039978 4831433.779999 282.640015
463548.799988 4831433.799988 282.119995
463548.880005 4831433.630005 282.470001
463548.869995 4831433.829987 282.589996
463548.859985 4831433.829987 282.609985
463548.830017 4831433.850006 282.649994
463548.989990 4831433.730011 282.589996
463548.859985 4831433.850006 282.660004
463548.750000 4831433.640015 282.100006
463548.700012 4831433.709991 282.079987
463549.000000 4831433.920013 282.549988
463549.030029 4831433.779999 282.519989
463548.729980 4831433.690002 282.109985
463548.950012 4831433.739990 282.570007
463549.099976 4831433.809998 282.549988
463549.070007 4831433.809998 282.510010
463549.080017 4831433.820007 282.540009
463548.690002 4831433.709991 282.019989
463549.210022 4831433.809998 282.380005
