463549.190002 4831431.720001 277.130005
463549.190002 4831431.690002 277.140015
463549.190002 4831431.679993 277.100006
463549.200012 4831431.640015 277.100006
463549.109985 4831431.670013 276.920013
463549.200012 4831431.700012 277.109985
463549.179993 4831431.589996 277.059998
463549.109985 4831431.750000 277.190002
463549.190002 4831431.730011 277.200012
463549.190002 4831431.760010 277.290009
463549.159973 4831431.720001 277.230011
463549.150024 4831431.700012 277.190002
463549.130005 4831431.779999 277.109985
463549.130005 4831431.760010 277.230011
463549.109985 4831431.790009 277.089996
463549.159973 4831431.820007 277.220001
463549.190002 4831431.829987 277.429993
463549.200012 4831431.859985 277.429993
463549.159973 4831431.839996 277.209991
463549.130005 4831431.790009 276.989990
463549.130005 4831431.779999 277.209991
463549.109985 4831431.769989 277.130005
463549.130005 4831431.790009 277.209991
463549.109985 4831431.760010 277.049988
463549.150024 4831431.779999 277.160004
463549.200012 4831431.809998 277.269989
463549.169983 4831431.750000 277.149994
463549.200012 4831431.709991 277.589996
463549.190002 4831431.709991 277.549988
463549.169983 4831431.720001 277.519989
463549.169983 4831431.730011 277.480011
463549.159973 4831431.730011 277.440002
463549.140015 4831431.739990 277.399994
463549.130005 4831431.690002 277.410004
463549.119995 4831431.690002 277.369995
463549.109985 4831431.700012 277.339996
463549.200012 4831431.730011 277.309998
463549.179993 4831431.700012 277.339996
463549.169983 4831431.709991 277.220001
463549.190002 4831431.730011 277.320007
463549.130005 4831431.660004 277.309998
463549.150024 4831431.679993 277.220001
463549.109985 4831431.649994 277.089996
463549.119995 4831431.790009 277.200012
463549.119995 4831431.790009 277.170013
463549.119995 4831431.790009 277.079987
463549.150024 4831431.809998 277.220001
463549.179993 4831431.750000 277.230011
463549.200012 4831431.739990 277.200012
463549.409973 4831431.769989 277.709991
463549.419983 4831431.799988 277.799988
463549.340027 4831431.739990 277.540009
463549.299988 4831431.739990 277.410004
463549.299988 4831431.779999 277.540009
463549.219971 4831431.700012 277.250000
463549.229980 4831431.720001 277.299988
463549.229980 4831431.739990 277.339996
463549.239990 4831431.760010 277.369995
463549.219971 4831431.709991 277.209991
463549.219971 4831431.730011 277.290009
463549.270020 4831431.730011 277.369995
463549.280029 4831431.769989 277.480011
463549.280029 4831431.790009 277.510010
463549.309998 4831431.760010 277.519989
463549.330017 4831431.760010 277.510010
463549.289978 4831431.730011 277.399994
463549.289978 4831431.750000 277.440002
463549.289978 4831431.760010 277.489990
463549.299988 4831431.779999 277.519989
463549.239990 4831431.690002 277.320007
463549.260010 4831431.720001 277.339996
463549.260010 4831431.739990 277.390015
463549.270020 4831431.769989 277.459991
463549.270020 4831431.779999 277.500000
463549.229980 4831431.700012 277.279999
463549.229980 4831431.730011 277.350006
463549.210022 4831431.660004 277.140015
463549.210022 4831431.640015 277.029999
463549.260010 4831431.709991 277.299988
463549.250000 4831431.679993 277.239990
463549.229980 4831431.660004 277.230011
463549.229980 4831431.649994 277.179993
463549.219971 4831431.630005 277.140015
463549.330017 4831431.720001 277.480011
463549.340027 4831431.700012 277.619995
463549.390015 4831431.700012 277.600006
463549.210022 4831431.709991 277.149994
463549.289978 4831431.739990 277.390015
463549.289978 4831431.739990 277.339996
463549.280029 4831431.730011 277.299988
463549.270020 4831431.709991 277.260010
463549.260010 4831431.700012 277.220001
463549.250000 4831431.679993 277.190002
463549.239990 4831431.670013 277.140015
463549.229980 4831431.660004 277.100006
463549.369995 4831431.769989 277.450012
463549.340027 4831431.720001 277.459991
463549.340027 4831431.720001 277.369995
463549.330017 4831431.700012 277.339996
463549.309998 4831431.679993 277.309998
463549.309998 4831431.690002 277.250000
463549.270020 4831431.720001 277.279999
463549.260010 4831431.709991 277.250000
463549.250000 4831431.700012 277.209991
463549.239990 4831431.709991 277.140015
463549.219971 4831431.679993 277.119995
463549.380005 4831431.730011 277.510010
463549.369995 4831431.709991 277.480011
463549.640015 4831431.880005 277.760010
463549.650024 4831431.890015 277.790009
463549.330017 4831431.790009 277.660004
463549.270020 4831431.790009 277.540009
463549.289978 4831431.790009 277.630005
463549.229980 4831431.720001 277.410004
463549.260010 4831431.720001 277.130005
463549.239990 4831431.730011 277.390015
463549.229980 4831431.720001 277.329987
463549.219971 4831431.709991 277.170013
463549.479980 4831431.899994 277.769989
463549.460022 4831431.850006 277.799988
463549.479980 4831431.839996 277.779999
463549.309998 4831431.829987 277.630005
463549.390015 4831431.869995 277.760010
463549.280029 4831431.859985 277.549988
463549.280029 4831431.859985 277.489990
463549.260010 4831431.839996 277.390015
463549.690002 4831431.910004 277.750000
463549.510010 4831431.880005 277.779999
463549.440002 4831431.859985 277.799988
463549.380005 4831431.869995 277.769989
463549.390015 4831431.859985 277.690002
463549.390015 4831431.850006 277.600006
463549.400024 4831431.859985 277.579987
463549.309998 4831431.850006 277.670013
463549.320007 4831431.859985 277.619995
463549.250000 4831431.859985 277.489990
463549.250000 4831431.850006 277.420013
463549.700012 4831431.880005 277.679993
463549.619995 4831431.920013 277.730011
463549.299988 4831431.869995 277.649994
463549.320007 4831431.890015 277.630005
463549.260010 4831431.890015 277.600006
463549.260010 4831431.890015 277.559998
463549.229980 4831431.829987 277.470001
463549.250000 4831431.880005 277.470001
463549.260010 4831431.859985 277.399994
463549.210022 4831431.839996 277.480011
463549.229980 4831431.869995 277.459991
463549.239990 4831431.850006 277.390015
463549.229980 4831431.859985 277.459991
463549.239990 4831431.859985 277.420013
463549.250000 4831431.859985 277.380005
463549.219971 4831431.859985 277.470001
463549.229980 4831431.839996 277.399994
463549.340027 4831431.839996 277.790009
463549.690002 4831431.899994 277.769989
463549.229980 4831431.829987 277.459991
463549.299988 4831431.839996 277.619995
463549.280029 4831431.820007 277.630005
463549.299988 4831431.839996 277.709991
463549.340027 4831431.820007 277.649994
463549.359985 4831431.850006 277.750000
463549.419983 4831431.869995 277.790009
463549.659973 4831431.880005 277.750000
463549.229980 4831431.829987 277.369995
463549.260010 4831431.839996 277.440002
463549.260010 4831431.829987 277.489990
463549.260010 4831431.820007 277.529999
463549.260010 4831431.779999 277.630005
463549.440002 4831431.790009 277.790009
463549.340027 4831431.750000 277.549988
463549.289978 4831431.730011 277.799988
463549.280029 4831431.739990 277.769989
463549.239990 4831431.760010 277.760010
463549.260010 4831431.750000 277.690002
463549.250000 4831431.750000 277.649994
463549.229980 4831431.760010 277.559998
463549.219971 4831431.760010 277.510010
463549.299988 4831431.670013 277.119995
463549.280029 4831431.690002 277.089996
463549.219971 4831431.690002 277.619995
463549.210022 4831431.660004 277.079987
463549.750000 4831431.910004 277.730011
463549.760010 4831431.910004 277.720001
463549.780029 4831431.910004 277.700012
463549.659973 4831431.760010 277.769989
463549.289978 4831431.720001 277.769989
463549.280029 4831431.720001 277.730011
463549.260010 4831431.739990 277.700012
463549.299988 4831431.720001 277.600006
463549.330017 4831431.829987 277.670013
463549.359985 4831431.809998 277.739990
463549.219971 4831431.799988 277.459991
463549.280029 4831431.779999 277.619995
463549.280029 4831431.859985 277.579987
463549.299988 4831431.850006 277.609985
463549.320007 4831431.850006 277.640015
463549.330017 4831431.850006 277.679993
463549.340027 4831431.839996 277.730011
463549.349976 4831431.850006 277.790009
463549.239990 4831431.820007 277.459991
463549.309998 4831431.829987 277.670013
463549.349976 4831431.839996 277.799988
463549.229980 4831431.829987 277.459991
463549.359985 4831431.829987 277.779999
463549.250000 4831431.829987 277.440002
463549.320007 4831431.850006 277.670013
463549.340027 4831431.839996 277.700012
463549.359985 4831431.850006 277.799988
463549.250000 4831431.839996 277.410004
463549.250000 4831431.850006 277.470001
463549.330017 4831431.850006 277.679993
463549.359985 4831431.869995 277.790009
463549.710022 4831431.899994 277.760010
463549.289978 4831431.809998 277.649994
463549.280029 4831431.739990 277.619995
463549.239990 4831431.760010 277.559998
463549.229980 4831431.760010 277.510010
463549.330017 4831431.760010 277.730011
463549.369995 4831431.750000 277.480011
463549.320007 4831431.709991 277.619995
463549.299988 4831431.730011 277.619995
463549.270020 4831431.750000 277.529999
463549.340027 4831431.730011 277.250000
463549.250000 4831431.730011 277.549988
463549.239990 4831431.739990 277.480011
463549.250000 4831431.720001 277.470001
463549.219971 4831431.730011 277.470001
463549.260010 4831431.700012 277.540009
463549.250000 4831431.709991 277.489990
463549.229980 4831431.730011 277.470001
463549.250000 4831431.700012 277.510010
463549.239990 4831431.720001 277.470001
463549.219971 4831431.730011 277.440002
463549.250000 4831431.700012 277.459991
463549.229980 4831431.720001 277.450012
463549.210022 4831431.730011 277.359985
463549.229980 4831431.700012 277.440002
463549.210022 4831431.709991 277.410004
463549.210022 4831431.720001 277.350006
463549.210022 4831431.679993 277.350006
463549.340027 4831431.779999 277.769989
463549.270020 4831431.730011 277.519989
463549.250000 4831431.750000 277.489990
463549.299988 4831431.690002 277.239990
463549.210022 4831431.709991 277.350006
463549.320007 4831431.820007 277.799988
463549.280029 4831431.869995 277.649994
463549.630005 4831431.910004 277.730011
463549.390015 4831431.890015 277.799988
463549.419983 4831431.920013 277.769989
463549.700012 4831431.859985 277.600006
463549.229980 4831431.750000 277.279999
463549.250000 4831431.799988 277.450012
463549.690002 4831431.890015 277.760010
463549.710022 4831431.880005 277.750000
