2.794299930000000245e+02 4.831431579986999743e+06 4.635457100220000139e+05
2.794299930000000245e+02 4.831431660004000179e+06 4.635456500239999732e+05
2.796799930000000245e+02 4.831431579986999743e+06 4.635456099849999882e+05
2.797200010000000248e+02 4.831431589995999821e+06 4.635456199950000155e+05
2.796400150000000053e+02 4.831431549987999722e+06 4.635456300049999845e+05
2.796600040000000149e+02 4.831431570007000118e+06 4.635456400150000118e+05
2.796000060000000076e+02 4.831431880005000159e+06 4.635461099849999882e+05
2.797999879999999848e+02 4.831431670013000257e+06 4.635458099979999824e+05
2.797200010000000248e+02 4.831431549987999722e+06 4.635456300049999845e+05
2.793500060000000076e+02 4.831431600006000139e+06 4.635457299800000037e+05
2.793099980000000073e+02 4.831431799987999722e+06 4.635461300049999845e+05
2.794800109999999904e+02 4.831431899993999861e+06 4.635460999760000268e+05
2.795000000000000000e+02 4.831431920013000257e+06 4.635461099849999882e+05
2.796799930000000245e+02 4.831431890014999546e+06 4.635460700070000021e+05
2.793800049999999828e+02 4.831431600006000139e+06 4.635456300049999845e+05
2.793200069999999755e+02 4.831431739989999682e+06 4.635456199950000155e+05
2.793599849999999947e+02 4.831431850006000139e+06 4.635461199950000155e+05
2.793099980000000073e+02 4.831431869994999841e+06 4.635461300049999845e+05
2.794299930000000245e+02 4.831431589995999821e+06 4.635456599730000016e+05
2.793900150000000053e+02 4.831431579986999743e+06 4.635456400150000118e+05
2.794100040000000149e+02 4.831431609985000454e+06 4.635456400150000118e+05
2.794299930000000245e+02 4.831431609985000454e+06 4.635456099849999882e+05
2.793900150000000053e+02 4.831431609985000454e+06 4.635456199950000155e+05
2.793999939999999924e+02 4.831431630005000159e+06 4.635456300049999845e+05
2.796000060000000076e+02 4.831431630005000159e+06 4.635456199950000155e+05
2.798900150000000053e+02 4.831431899993999861e+06 4.635456099849999882e+05
2.793500060000000076e+02 4.831431850006000139e+06 4.635460999760000268e+05
2.793500060000000076e+02 4.831431809998000041e+06 4.635461199950000155e+05
2.793500060000000076e+02 4.831431779999000020e+06 4.635461099849999882e+05
2.798900150000000053e+02 4.831431799987999722e+06 4.635456199950000155e+05
2.795000000000000000e+02 4.831431970000999980e+06 4.635461300049999845e+05
2.795599980000000073e+02 4.831431970000999980e+06 4.635461199950000155e+05
2.795100100000000225e+02 4.831431570007000118e+06 4.635457600100000273e+05
2.799100040000000149e+02 4.831431859985000454e+06 4.635456099849999882e+05
2.793599849999999947e+02 4.831431850006000139e+06 4.635461099849999882e+05
2.793099980000000073e+02 4.831431850006000139e+06 4.635461199950000155e+05
2.794899899999999775e+02 4.831431609985000454e+06 4.635456400150000118e+05
2.793699950000000172e+02 4.831431589995999821e+06 4.635456699830000289e+05
2.794800109999999904e+02 4.831431940001999959e+06 4.635461099849999882e+05
2.793900150000000053e+02 4.831431630005000159e+06 4.635456300049999845e+05
2.793999939999999924e+02 4.831431589995999821e+06 4.635456599730000016e+05
2.798900150000000053e+02 4.831431760010000318e+06 4.635458400269999984e+05
2.793599849999999947e+02 4.831431589995999821e+06 4.635456599730000016e+05
2.793399959999999851e+02 4.831431820007000118e+06 4.635461300049999845e+05
2.796099849999999947e+02 4.831431640014999546e+06 4.635456300049999845e+05
2.793999939999999924e+02 4.831431609985000454e+06 4.635456199950000155e+05
2.795700069999999755e+02 4.831431940001999959e+06 4.635460599979999824e+05
2.796300049999999828e+02 4.831431959990999661e+06 4.635460999760000268e+05
2.795299989999999752e+02 4.831431899993999861e+06 4.635461099849999882e+05
2.795199890000000096e+02 4.831431880005000159e+06 4.635461099849999882e+05
2.793299870000000169e+02 4.831431850006000139e+06 4.635461199950000155e+05
2.793999939999999924e+02 4.831431660004000179e+06 4.635456300049999845e+05
2.793800049999999828e+02 4.831431670013000257e+06 4.635456099849999882e+05
2.793999939999999924e+02 4.831431649993999861e+06 4.635456400150000118e+05
2.796300049999999828e+02 4.831431609985000454e+06 4.635456099849999882e+05
2.794599910000000023e+02 4.831431940001999959e+06 4.635461099849999882e+05
2.795599980000000073e+02 4.831431959990999661e+06 4.635460900269999984e+05
2.794700010000000248e+02 4.831431679992999882e+06 4.635463900150000118e+05
2.794800109999999904e+02 4.831431690001999959e+06 4.635463400269999984e+05
2.802000120000000152e+02 4.831432160004000179e+06 4.635463099979999824e+05
2.797000120000000152e+02 4.831431920013000257e+06 4.635461699830000289e+05
2.796400150000000053e+02 4.831432000000000000e+06 4.635461400150000118e+05
2.793599849999999947e+02 4.831431769988999702e+06 4.635461599730000016e+05
2.794400019999999927e+02 4.831431859985000454e+06 4.635461500239999732e+05
2.795299989999999752e+02 4.831431880005000159e+06 4.635461400150000118e+05
2.799500120000000152e+02 4.831432019988999702e+06 4.635463900150000118e+05
2.802399899999999775e+02 4.831431869994999841e+06 4.635465499880000134e+05
2.800700069999999755e+02 4.831431890014999546e+06 4.635465599979999824e+05
2.800299989999999752e+02 4.831431880005000159e+06 4.635465499880000134e+05
2.796099849999999947e+02 4.831431679992999882e+06 4.635464799800000037e+05
2.801799930000000245e+02 4.831431799987999722e+06 4.635464899899999727e+05
2.796000060000000076e+02 4.831431829986999743e+06 4.635465700070000021e+05
2.796199950000000172e+02 4.831431890014999546e+06 4.635462000119999866e+05
2.798999939999999924e+02 4.831432220000999980e+06 4.635462399899999727e+05
2.800299989999999752e+02 4.831431890014999546e+06 4.635464400020000176e+05
2.795700069999999755e+02 4.831431679992999882e+06 4.635463400269999984e+05
2.796000060000000076e+02 4.831431700012000278e+06 4.635463499760000268e+05
2.797500000000000000e+02 4.831432000000000000e+06 4.635462700199999963e+05
2.799800109999999904e+02 4.831432049987999722e+06 4.635462700199999963e+05
2.800000000000000000e+02 4.831432070007000118e+06 4.635462700199999963e+05
2.800499879999999848e+02 4.831432079986999743e+06 4.635462700199999963e+05
2.800299989999999752e+02 4.831432100006000139e+06 4.635462600100000273e+05
2.800799870000000169e+02 4.831432119994999841e+06 4.635462600100000273e+05
2.795000000000000000e+02 4.831431630005000159e+06 4.635464000239999732e+05
2.793800049999999828e+02 4.831431690001999959e+06 4.635463800049999845e+05
2.794700010000000248e+02 4.831431760010000318e+06 4.635463099979999824e+05
2.800299989999999752e+02 4.831432010010000318e+06 4.635462399899999727e+05
2.797500000000000000e+02 4.831432019988999702e+06 4.635462500000000000e+05
2.800199890000000096e+02 4.831432079986999743e+06 4.635462500000000000e+05
2.793299870000000169e+02 4.831431809998000041e+06 4.635461599730000016e+05
2.793800049999999828e+02 4.831431839995999821e+06 4.635461400150000118e+05
2.797999879999999848e+02 4.831432170013000257e+06 4.635462399899999727e+05
2.797300109999999904e+02 4.831432010010000318e+06 4.635462800290000159e+05
2.797200010000000248e+02 4.831431989989999682e+06 4.635462600100000273e+05
2.794500120000000152e+02 4.831431790009000339e+06 4.635463099979999824e+05
2.795599980000000073e+02 4.831431649993999861e+06 4.635463699950000155e+05
2.794599910000000023e+02 4.831431609985000454e+06 4.635463599849999882e+05
2.796099849999999947e+02 4.831431690001999959e+06 4.635463599849999882e+05
2.795499879999999848e+02 4.831431660004000179e+06 4.635463800049999845e+05
2.794500120000000152e+02 4.831431649993999861e+06 4.635463699950000155e+05
2.795400089999999977e+02 4.831431670013000257e+06 4.635463900150000118e+05
2.795299989999999752e+02 4.831431649993999861e+06 4.635463699950000155e+05
2.798099980000000073e+02 4.831432230011000298e+06 4.635462399899999727e+05
2.795599980000000073e+02 4.831431640014999546e+06 4.635463699950000155e+05
2.799400019999999927e+02 4.831432029999000020e+06 4.635462600100000273e+05
2.795599980000000073e+02 4.831431709990999661e+06 4.635463300169999711e+05
2.798399959999999851e+02 4.831432290009000339e+06 4.635462100220000139e+05
2.798599849999999947e+02 4.831432029999000020e+06 4.635462500000000000e+05
2.798200069999999755e+02 4.831432140014999546e+06 4.635462299800000037e+05
2.797900089999999977e+02 4.831432230011000298e+06 4.635462000119999866e+05
2.796700129999999831e+02 4.831431989989999682e+06 4.635462500000000000e+05
2.797399899999999775e+02 4.831432040009000339e+06 4.635462399899999727e+05
2.798399959999999851e+02 4.831432239989999682e+06 4.635461900020000176e+05
2.798800049999999828e+02 4.831432269988999702e+06 4.635461900020000176e+05
2.800299989999999752e+02 4.831432109985000454e+06 4.635462600100000273e+05
2.795100100000000225e+02 4.831431649993999861e+06 4.635463400269999984e+05
2.794400019999999927e+02 4.831431799987999722e+06 4.635462999880000134e+05
2.794500120000000152e+02 4.831431779999000020e+06 4.635462899779999861e+05
2.794599910000000023e+02 4.831431760010000318e+06 4.635463099979999824e+05
2.795100100000000225e+02 4.831431750000000000e+06 4.635463300169999711e+05
2.796099849999999947e+02 4.831431750000000000e+06 4.635463400269999984e+05
2.796000060000000076e+02 4.831431720000999980e+06 4.635463200070000021e+05
2.795499879999999848e+02 4.831431799987999722e+06 4.635464000239999732e+05
2.795499879999999848e+02 4.831431750000000000e+06 4.635463699950000155e+05
2.794599910000000023e+02 4.831431700012000278e+06 4.635463300169999711e+05
2.795799870000000169e+02 4.831431709990999661e+06 4.635463400269999984e+05
2.794700010000000248e+02 4.831431670013000257e+06 4.635463400269999984e+05
2.795599980000000073e+02 4.831431670013000257e+06 4.635463400269999984e+05
2.794700010000000248e+02 4.831431649993999861e+06 4.635463599849999882e+05
2.795199890000000096e+02 4.831431640014999546e+06 4.635463499760000268e+05
2.794899899999999775e+02 4.831431619994999841e+06 4.635463900150000118e+05
2.795299989999999752e+02 4.831431609985000454e+06 4.635463800049999845e+05
2.794299930000000245e+02 4.831431660004000179e+06 4.635463300169999711e+05
2.798200069999999755e+02 4.831432230011000298e+06 4.635462100220000139e+05
2.797799989999999752e+02 4.831432179992999882e+06 4.635462199709999841e+05
2.798399959999999851e+02 4.831432179992999882e+06 4.635462100220000139e+05
2.799200129999999831e+02 4.831432170013000257e+06 4.635462399899999727e+05
2.801099849999999947e+02 4.831432200012000278e+06 4.635462299800000037e+05
2.801700129999999831e+02 4.831432200012000278e+06 4.635462199709999841e+05
2.797500000000000000e+02 4.831432059998000041e+06 4.635462399899999727e+05
2.798900150000000053e+02 4.831432089995999821e+06 4.635462399899999727e+05
2.801099849999999947e+02 4.831432170013000257e+06 4.635462399899999727e+05
2.801799930000000245e+02 4.831432170013000257e+06 4.635462399899999727e+05
2.793599849999999947e+02 4.831431809998000041e+06 4.635461599730000016e+05
2.797500000000000000e+02 4.831432019988999702e+06 4.635462500000000000e+05
2.801099849999999947e+02 4.831432119994999841e+06 4.635462500000000000e+05
2.797300109999999904e+02 4.831431769988999702e+06 4.635461500239999732e+05
2.797500000000000000e+02 4.831432299987999722e+06 4.635462100220000139e+05
2.797600100000000225e+02 4.831432220000999980e+06 4.635462299800000037e+05
2.797699890000000096e+02 4.831432130005000159e+06 4.635462399899999727e+05
2.797900089999999977e+02 4.831432010010000318e+06 4.635462299800000037e+05
2.795700069999999755e+02 4.831431679992999882e+06 4.635463800049999845e+05
2.794800109999999904e+02 4.831431660004000179e+06 4.635463699950000155e+05
2.796199950000000172e+02 4.831431730011000298e+06 4.635463599849999882e+05
2.795400089999999977e+02 4.831431720000999980e+06 4.635463599849999882e+05
2.794899899999999775e+02 4.831431720000999980e+06 4.635463599849999882e+05
2.795599980000000073e+02 4.831431829986999743e+06 4.635464400020000176e+05
2.797799989999999752e+02 4.831432160004000179e+06 4.635462600100000273e+05
2.795700069999999755e+02 4.831431709990999661e+06 4.635463599849999882e+05
2.794800109999999904e+02 4.831431679992999882e+06 4.635463499760000268e+05
2.799800109999999904e+02 4.831432089995999821e+06 4.635462700199999963e+05
2.794899899999999775e+02 4.831431640014999546e+06 4.635463599849999882e+05
2.799299930000000245e+02 4.831432070007000118e+06 4.635462700199999963e+05
2.793399959999999851e+02 4.831431839995999821e+06 4.635461799929999979e+05
2.797500000000000000e+02 4.831432109985000454e+06 4.635462500000000000e+05
2.799200129999999831e+02 4.831432179992999882e+06 4.635462100220000139e+05
2.797500000000000000e+02 4.831432019988999702e+06 4.635462500000000000e+05
2.797699890000000096e+02 4.831432220000999980e+06 4.635462100220000139e+05
2.797799989999999752e+02 4.831432290009000339e+06 4.635461900020000176e+05
2.800400089999999977e+02 4.831432119994999841e+06 4.635462600100000273e+05
2.795299989999999752e+02 4.831431690001999959e+06 4.635463499760000268e+05
2.795799870000000169e+02 4.831431679992999882e+06 4.635463400269999984e+05
2.794899899999999775e+02 4.831431640014999546e+06 4.635463699950000155e+05
2.794700010000000248e+02 4.831431730011000298e+06 4.635463099979999824e+05
2.800700069999999755e+02 4.831432179992999882e+06 4.635462399899999727e+05
2.801199950000000172e+02 4.831432170013000257e+06 4.635462399899999727e+05
2.801000060000000076e+02 4.831432059998000041e+06 4.635461599730000016e+05
2.801300049999999828e+02 4.831432040009000339e+06 4.635461500239999732e+05
2.793299870000000169e+02 4.831431829986999743e+06 4.635461900020000176e+05
2.802099910000000023e+02 4.831432179992999882e+06 4.635462399899999727e+05
2.798500060000000076e+02 4.831431970000999980e+06 4.635462500000000000e+05
2.798900150000000053e+02 4.831431989989999682e+06 4.635462500000000000e+05
2.799100040000000149e+02 4.831432019988999702e+06 4.635462500000000000e+05
2.799299930000000245e+02 4.831432040009000339e+06 4.635462500000000000e+05
2.799500120000000152e+02 4.831432070007000118e+06 4.635462500000000000e+05
2.799599910000000023e+02 4.831432089995999821e+06 4.635462500000000000e+05
2.799800109999999904e+02 4.831432119994999841e+06 4.635462500000000000e+05
2.794700010000000248e+02 4.831431709990999661e+06 4.635463200070000021e+05
2.802699890000000096e+02 4.831432160004000179e+06 4.635462600100000273e+05
2.794800109999999904e+02 4.831431760010000318e+06 4.635463099979999824e+05
2.795299989999999752e+02 4.831431649993999861e+06 4.635463599849999882e+05
2.794200129999999831e+02 4.831431670013000257e+06 4.635463599849999882e+05
2.795199890000000096e+02 4.831431670013000257e+06 4.635463699950000155e+05
2.793800049999999828e+02 4.831431739989999682e+06 4.635463499760000268e+05
2.796000060000000076e+02 4.831431750000000000e+06 4.635463599849999882e+05
2.795000000000000000e+02 4.831431640014999546e+06 4.635463800049999845e+05
2.795899959999999851e+02 4.831431720000999980e+06 4.635463800049999845e+05
2.799500120000000152e+02 4.831432040009000339e+06 4.635462700199999963e+05
2.800499879999999848e+02 4.831432179992999882e+06 4.635462600100000273e+05
2.798399959999999851e+02 4.831432269988999702e+06 4.635462299800000037e+05
2.793099980000000073e+02 4.831431820007000118e+06 4.635461500239999732e+05
2.794400019999999927e+02 4.831431920013000257e+06 4.635461300049999845e+05
2.793800049999999828e+02 4.831431890014999546e+06 4.635461599730000016e+05
2.793699950000000172e+02 4.831431869994999841e+06 4.635461799929999979e+05
2.797699890000000096e+02 4.831432269988999702e+06 4.635462199709999841e+05
2.795100100000000225e+02 4.831431609985000454e+06 4.635463499760000268e+05
2.795400089999999977e+02 4.831431630005000159e+06 4.635463300169999711e+05
2.800000000000000000e+02 4.831432049987999722e+06 4.635462600100000273e+05
2.798099980000000073e+02 4.831432100006000139e+06 4.635462199709999841e+05
2.800199890000000096e+02 4.831432100006000139e+06 4.635462399899999727e+05
2.798599849999999947e+02 4.831432130005000159e+06 4.635462100220000139e+05
2.799299930000000245e+02 4.831431989989999682e+06 4.635462500000000000e+05
2.800199890000000096e+02 4.831432049987999722e+06 4.635462399899999727e+05
2.795499879999999848e+02 4.831431640014999546e+06 4.635463699950000155e+05
2.795400089999999977e+02 4.831431660004000179e+06 4.635463599849999882e+05
2.795499879999999848e+02 4.831431640014999546e+06 4.635463900150000118e+05
2.795599980000000073e+02 4.831431649993999861e+06 4.635463800049999845e+05
2.796400150000000053e+02 4.831431989989999682e+06 4.635463800049999845e+05
2.797900089999999977e+02 4.831432089995999821e+06 4.635462600100000273e+05
2.795499879999999848e+02 4.831431649993999861e+06 4.635463900150000118e+05
2.795000000000000000e+02 4.831431640014999546e+06 4.635464000239999732e+05
2.795499879999999848e+02 4.831431690001999959e+06 4.635463900150000118e+05
2.794200129999999831e+02 4.831431670013000257e+06 4.635463599849999882e+05
2.795599980000000073e+02 4.831431790009000339e+06 4.635462700199999963e+05
2.796000060000000076e+02 4.831431760010000318e+06 4.635463800049999845e+05
2.794100040000000149e+02 4.831431720000999980e+06 4.635463300169999711e+05
2.795499879999999848e+02 4.831431799987999722e+06 4.635463699950000155e+05
2.798200069999999755e+02 4.831432179992999882e+06 4.635462600100000273e+05
2.793200069999999755e+02 4.831431820007000118e+06 4.635461900020000176e+05
2.794400019999999927e+02 4.831431480011000298e+06 4.635457399899999727e+05
2.794800109999999904e+02 4.831431459990999661e+06 4.635457700199999963e+05
2.793399959999999851e+02 4.831431429992999882e+06 4.635464199830000289e+05
2.793299870000000169e+02 4.831431470000999980e+06 4.635464099730000016e+05
2.793500060000000076e+02 4.831431480011000298e+06 4.635464000239999732e+05
2.793599849999999947e+02 4.831431480011000298e+06 4.635463800049999845e+05
2.793200069999999755e+02 4.831431470000999980e+06 4.635463599849999882e+05
2.793599849999999947e+02 4.831431470000999980e+06 4.635463800049999845e+05
2.794200129999999831e+02 4.831431500000000000e+06 4.635457500000000000e+05
2.794800109999999904e+02 4.831431500000000000e+06 4.635457500000000000e+05
2.793500060000000076e+02 4.831431559998000041e+06 4.635457600100000273e+05
2.793399959999999851e+02 4.831431510010000318e+06 4.635457299800000037e+05
2.793399959999999851e+02 4.831431500000000000e+06 4.635457899779999861e+05
2.793900150000000053e+02 4.831431489989999682e+06 4.635457700199999963e+05
2.795199890000000096e+02 4.831431570007000118e+06 4.635464799800000037e+05
2.794299930000000245e+02 4.831431500000000000e+06 4.635465000000000000e+05
2.794800109999999904e+02 4.831431609985000454e+06 4.635463599849999882e+05
2.794800109999999904e+02 4.831431579986999743e+06 4.635463699950000155e+05
2.795000000000000000e+02 4.831431600006000139e+06 4.635463800049999845e+05
2.794899899999999775e+02 4.831431589995999821e+06 4.635463800049999845e+05
2.793399959999999851e+02 4.831431579986999743e+06 4.635464199830000289e+05
2.793699950000000172e+02 4.831431609985000454e+06 4.635464000239999732e+05
2.794100040000000149e+02 4.831431529999000020e+06 4.635463599849999882e+05
2.794700010000000248e+02 4.831431559998000041e+06 4.635463900150000118e+05
2.794400019999999927e+02 4.831431609985000454e+06 4.635463400269999984e+05
2.794500120000000152e+02 4.831431579986999743e+06 4.635463800049999845e+05
2.794299930000000245e+02 4.831431540009000339e+06 4.635463900150000118e+05
2.794299930000000245e+02 4.831431609985000454e+06 4.635463699950000155e+05
2.794599910000000023e+02 4.831431589995999821e+06 4.635463599849999882e+05
2.793999939999999924e+02 4.831431559998000041e+06 4.635463900150000118e+05
2.793999939999999924e+02 4.831431540009000339e+06 4.635463699950000155e+05
2.794899899999999775e+02 4.831431609985000454e+06 4.635464000239999732e+05
2.794599910000000023e+02 4.831431609985000454e+06 4.635463900150000118e+05
2.794200129999999831e+02 4.831431579986999743e+06 4.635463800049999845e+05
2.793099980000000073e+02 4.831431500000000000e+06 4.635463800049999845e+05
2.793900150000000053e+02 4.831431519988999702e+06 4.635463900150000118e+05
2.793299870000000169e+02 4.831431519988999702e+06 4.635464000239999732e+05
2.793900150000000053e+02 4.831431579986999743e+06 4.635463499760000268e+05
2.793399959999999851e+02 4.831431609985000454e+06 4.635463599849999882e+05
2.795299989999999752e+02 4.831431540009000339e+06 4.635462700199999963e+05
2.794599910000000023e+02 4.831431570007000118e+06 4.635462800290000159e+05
2.793800049999999828e+02 4.831431519988999702e+06 4.635464099730000016e+05
2.794800109999999904e+02 4.831431589995999821e+06 4.635463900150000118e+05
2.794100040000000149e+02 4.831431559998000041e+06 4.635464000239999732e+05
2.793999939999999924e+02 4.831431579986999743e+06 4.635463300169999711e+05
2.793900150000000053e+02 4.831431609985000454e+06 4.635463599849999882e+05
2.794100040000000149e+02 4.831431559998000041e+06 4.635463499760000268e+05
2.793599849999999947e+02 4.831431489989999682e+06 4.635463599849999882e+05
2.793399959999999851e+02 4.831431500000000000e+06 4.635463699950000155e+05
2.795400089999999977e+02 4.831431459990999661e+06 4.635457100220000139e+05
2.793999939999999924e+02 4.831431480011000298e+06 4.635457100220000139e+05
2.794599910000000023e+02 4.831431470000999980e+06 4.635456799929999979e+05
2.795000000000000000e+02 4.831431480011000298e+06 4.635457100220000139e+05
2.794299930000000245e+02 4.831431470000999980e+06 4.635457100220000139e+05
2.794599910000000023e+02 4.831431489989999682e+06 4.635457100220000139e+05
2.795299989999999752e+02 4.831431540009000339e+06 4.635456900020000176e+05
2.794599910000000023e+02 4.831431489989999682e+06 4.635456799929999979e+05
2.795100100000000225e+02 4.831431500000000000e+06 4.635456699830000289e+05
2.795299989999999752e+02 4.831431519988999702e+06 4.635456900020000176e+05
2.796000060000000076e+02 4.831431519988999702e+06 4.635456599730000016e+05
2.797200010000000248e+02 4.831431529999000020e+06 4.635456300049999845e+05
2.795899959999999851e+02 4.831431529999000020e+06 4.635456199950000155e+05
2.796400150000000053e+02 4.831431529999000020e+06 4.635456099849999882e+05
2.793900150000000053e+02 4.831431549987999722e+06 4.635456400150000118e+05
2.795299989999999752e+02 4.831431500000000000e+06 4.635457199709999841e+05
2.794800109999999904e+02 4.831431540009000339e+06 4.635456699830000289e+05
2.794599910000000023e+02 4.831431540009000339e+06 4.635456699830000289e+05
2.794599910000000023e+02 4.831431529999000020e+06 4.635456900020000176e+05
2.794500120000000152e+02 4.831431559998000041e+06 4.635456400150000118e+05
2.794700010000000248e+02 4.831431559998000041e+06 4.635456599730000016e+05
2.795100100000000225e+02 4.831431529999000020e+06 4.635456400150000118e+05
2.795400089999999977e+02 4.831431519988999702e+06 4.635456300049999845e+05
2.794100040000000149e+02 4.831431549987999722e+06 4.635456799929999979e+05
2.794100040000000149e+02 4.831431519988999702e+06 4.635456599730000016e+05
2.794200129999999831e+02 4.831431540009000339e+06 4.635456799929999979e+05
2.793699950000000172e+02 4.831431510010000318e+06 4.635457199709999841e+05
2.793999939999999924e+02 4.831431559998000041e+06 4.635457100220000139e+05
2.794299930000000245e+02 4.831431540009000339e+06 4.635457000119999866e+05
2.795199890000000096e+02 4.831431540009000339e+06 4.635456099849999882e+05
2.794400019999999927e+02 4.831431519988999702e+06 4.635456300049999845e+05
2.794800109999999904e+02 4.831431529999000020e+06 4.635456199950000155e+05
2.793999939999999924e+02 4.831431510010000318e+06 4.635456799929999979e+05
2.793800049999999828e+02 4.831431519988999702e+06 4.635456500239999732e+05
