463549.140015 4831432.730011 281.119995
463549.200012 4831432.709991 281.079987
463548.950012 4831432.760010 281.119995
463549.099976 4831432.750000 281.049988
463549.130005 4831432.720001 281.149994
463549.049988 4831432.690002 281.049988
463549.030029 4831432.769989 281.079987
463548.929993 4831432.790009 281.029999
463549.020020 4831432.640015 281.040009
463549.020020 4831432.630005 281.089996
463549.039978 4831432.690002 281.019989
463549.020020 4831432.630005 281.130005
463549.039978 4831432.660004 281.079987
463548.979980 4831432.649994 281.130005
463548.989990 4831432.769989 281.010010
463549.039978 4831432.649994 281.040009
463549.010010 4831432.670013 281.019989
463549.039978 4831432.630005 281.070007
463549.039978 4831432.709991 281.100006
463549.070007 4831432.679993 281.029999
463549.020020 4831432.700012 281.040009
463548.950012 4831432.739990 281.049988
463549.010010 4831432.700012 281.019989
463548.869995 4831432.779999 281.059998
463549.080017 4831432.769989 281.130005
463549.000000 4831432.670013 281.049988
463549.080017 4831432.709991 281.119995
463548.929993 4831432.779999 281.029999
463548.929993 4831432.779999 281.089996
463548.919983 4831432.760010 281.049988
463549.510010 4831433.119995 281.559998
463549.700012 4831433.339996 281.450012
463549.130005 4831433.149994 281.660004
463549.200012 4831433.200012 281.880005
463548.880005 4831433.399994 281.959991
463549.010010 4831433.040009 282.230011
463549.119995 4831432.959991 282.149994
463549.369995 4831433.399994 281.609985
463549.349976 4831433.450012 281.579987
463549.570007 4831433.359985 281.559998
463549.359985 4831433.420013 281.600006
463549.359985 4831433.429993 281.609985
463549.239990 4831432.920013 282.029999
463549.559998 4831433.339996 281.559998
463549.489990 4831433.119995 281.600006
463549.260010 4831433.459991 281.570007
463549.369995 4831433.470001 281.609985
463549.380005 4831433.410004 281.549988
463549.409973 4831433.459991 281.600006
463549.619995 4831433.429993 281.579987
463549.369995 4831433.429993 281.619995
463549.309998 4831433.459991 281.630005
463548.849976 4831433.480011 282.140015
463548.869995 4831433.420013 281.970001
463548.830017 4831433.500000 282.109985
463548.820007 4831433.500000 282.149994
463548.830017 4831433.519989 281.950012
463548.830017 4831433.459991 281.970001
463548.890015 4831433.440002 281.890015
463548.830017 4831433.480011 282.119995
463548.840027 4831433.500000 282.140015
463548.849976 4831433.519989 282.109985
463548.869995 4831433.429993 281.959991
463548.809998 4831433.519989 281.959991
463548.869995 4831433.519989 281.950012
463548.890015 4831433.459991 281.950012
463548.830017 4831433.510010 282.149994
463548.849976 4831433.519989 282.140015
463548.890015 4831433.429993 281.929993
463548.830017 4831433.480011 281.959991
463548.849976 4831433.420013 281.950012
463548.849976 4831433.450012 281.970001
463548.840027 4831433.480011 281.980011
463548.869995 4831433.489990 282.140015
463548.890015 4831433.440002 281.950012
463548.840027 4831433.489990 281.959991
463548.869995 4831433.470001 281.980011
463548.869995 4831433.489990 282.130005
463548.820007 4831433.480011 282.119995
463548.909973 4831433.480011 281.940002
463548.890015 4831433.470001 281.940002
463548.890015 4831433.450012 281.929993
463548.900024 4831433.450012 281.950012
463548.890015 4831433.459991 281.899994
463548.900024 4831433.450012 281.929993
463548.880005 4831433.450012 281.959991
463548.880005 4831433.429993 281.899994
463548.880005 4831433.489990 281.940002
463548.859985 4831433.500000 282.140015
463548.859985 4831433.450012 281.970001
463548.809998 4831433.519989 282.079987
463548.820007 4831433.519989 282.109985
463548.830017 4831433.489990 282.149994
463548.840027 4831433.440002 281.920013
463548.859985 4831433.459991 281.970001
463548.849976 4831433.519989 281.989990
463548.830017 4831433.470001 281.980011
463548.849976 4831433.529999 281.989990
463549.250000 4831433.519989 281.579987
463549.320007 4831433.529999 281.579987
463549.289978 4831433.500000 281.589996
463549.250000 4831433.480011 281.579987
463549.219971 4831433.519989 281.619995
463549.309998 4831433.480011 281.570007
463549.409973 4831433.480011 281.579987
463549.830017 4831433.510010 281.519989
463549.359985 4831433.529999 281.850006
463549.229980 4831433.459991 281.609985
463549.289978 4831433.489990 281.589996
463549.260010 4831433.510010 281.609985
463549.250000 4831433.500000 281.619995
463549.250000 4831433.529999 281.609985
463549.239990 4831433.470001 281.600006
463549.229980 4831433.470001 281.589996
463549.270020 4831433.500000 281.609985
463549.349976 4831433.480011 281.609985
463549.309998 4831433.470001 281.600006
463549.239990 4831433.489990 281.589996
463549.289978 4831433.470001 282.040009
463549.359985 4831433.489990 281.579987
463549.390015 4831433.480011 281.589996
463549.270020 4831433.510010 281.589996
463549.330017 4831433.480011 281.589996
463549.299988 4831433.489990 281.589996
463549.320007 4831433.480011 281.579987
463549.309998 4831433.480011 281.630005
463549.030029 4831433.679993 281.609985
463548.809998 4831433.570007 282.119995
463549.179993 4831433.769989 281.559998
463549.090027 4831433.739990 281.690002
463549.049988 4831433.720001 281.640015
463549.090027 4831433.750000 281.700012
463549.099976 4831433.769989 281.700012
463549.150024 4831433.750000 281.529999
463549.200012 4831433.660004 281.670013
463548.809998 4831433.779999 282.109985
463549.099976 4831433.750000 281.619995
463549.130005 4831433.790009 281.640015
463549.010010 4831433.779999 281.679993
463549.179993 4831433.809998 281.609985
463549.080017 4831433.730011 281.640015
463549.190002 4831433.630005 281.529999
463549.169983 4831433.829987 281.649994
463549.059998 4831433.750000 281.649994
463549.070007 4831433.720001 281.559998
463549.090027 4831433.790009 281.609985
463548.809998 4831433.750000 282.059998
463549.070007 4831433.709991 281.640015
463549.070007 4831433.709991 281.619995
463549.090027 4831433.730011 281.670013
463548.809998 4831433.730011 282.070007
463548.809998 4831433.799988 282.059998
463549.130005 4831433.799988 281.609985
463549.150024 4831433.609985 281.609985
463549.080017 4831433.750000 281.660004
463549.140015 4831433.760010 281.589996
463549.200012 4831433.730011 281.660004
463549.159973 4831433.750000 281.500000
463549.159973 4831433.779999 281.500000
463549.130005 4831433.820007 281.589996
463549.140015 4831433.760010 281.570007
463549.150024 4831433.790009 281.519989
463548.809998 4831433.739990 281.950012
463548.820007 4831433.690002 281.940002
463549.150024 4831433.779999 281.630005
463549.099976 4831433.739990 281.700012
463549.099976 4831433.739990 281.630005
463549.109985 4831433.739990 281.589996
463549.109985 4831433.739990 281.559998
463549.080017 4831433.739990 281.570007
463549.059998 4831433.750000 281.619995
463549.179993 4831433.619995 281.579987
463549.140015 4831433.769989 281.489990
463549.150024 4831433.739990 281.619995
463549.190002 4831433.679993 281.670013
463549.140015 4831433.720001 281.619995
463549.090027 4831433.750000 281.570007
463549.200012 4831433.619995 281.600006
463549.090027 4831433.670013 281.529999
463549.039978 4831433.739990 281.570007
463549.179993 4831433.790009 281.630005
463548.830017 4831433.540009 281.989990
463549.039978 4831433.739990 281.679993
463549.109985 4831433.779999 281.570007
463549.080017 4831433.730011 281.679993
463549.210022 4831433.709991 281.690002
463549.229980 4831433.660004 281.589996
463549.210022 4831433.730011 281.589996
463549.229980 4831433.540009 281.619995
463549.239990 4831433.549988 281.549988
463549.270020 4831433.600006 281.630005
463549.229980 4831433.540009 281.649994
463549.260010 4831433.609985 281.619995
463549.229980 4831433.579987 281.600006
463549.239990 4831433.600006 281.570007
463549.219971 4831433.619995 281.670013
463549.229980 4831433.649994 281.649994
463549.239990 4831433.700012 281.579987
463549.270020 4831433.570007 281.609985
463549.280029 4831433.609985 281.649994
463549.299988 4831433.559998 281.630005
463549.280029 4831433.540009 281.630005
463549.239990 4831433.709991 281.700012
463549.210022 4831433.559998 281.619995
463549.299988 4831433.609985 281.649994
463549.239990 4831433.559998 281.549988
463549.280029 4831433.570007 281.589996
463549.250000 4831433.570007 281.600006
463549.299988 4831433.640015 281.670013
463549.260010 4831433.600006 281.630005
463549.270020 4831433.619995 281.619995
463549.270020 4831433.690002 281.700012
463549.239990 4831433.739990 281.690002
463549.229980 4831433.809998 281.679993
463549.309998 4831433.609985 281.640015
463549.239990 4831433.579987 281.570007
463549.250000 4831433.640015 281.559998
463549.250000 4831433.700012 281.700012
463549.229980 4831433.709991 281.700012
463549.250000 4831433.730011 281.609985
463549.239990 4831433.700012 281.690002
463549.219971 4831433.630005 281.529999
463549.229980 4831433.720001 281.679993
463549.210022 4831433.799988 281.670013
463549.219971 4831433.820007 281.649994
463549.250000 4831433.609985 281.640015
463549.239990 4831433.720001 281.720001
463549.229980 4831433.640015 281.600006
463549.250000 4831433.649994 281.670013
463549.219971 4831433.619995 281.670013
463549.229980 4831433.660004 281.529999
463549.210022 4831433.720001 281.679993
463549.710022 4831433.609985 281.609985
463549.260010 4831433.609985 281.679993
463549.270020 4831433.540009 281.589996
463549.219971 4831433.730011 281.670013
463549.229980 4831433.720001 281.670013
463549.760010 4831433.559998 281.559998
463549.289978 4831433.619995 281.679993
463549.320007 4831433.690002 281.709991
463549.299988 4831433.690002 281.709991
463549.270020 4831433.679993 281.720001
463549.260010 4831433.690002 281.709991
463549.320007 4831433.649994 281.690002
463549.250000 4831433.679993 281.709991
463549.270020 4831433.679993 281.720001
463549.250000 4831433.700012 281.700012
463549.309998 4831433.679993 281.720001
463549.270020 4831433.700012 281.700012
463549.270020 4831433.709991 281.720001
463549.330017 4831433.679993 281.720001
463549.270020 4831433.679993 281.720001
463549.250000 4831433.690002 281.700012
463549.380005 4831433.630005 281.640015
463549.260010 4831433.690002 281.700012
463549.270020 4831433.679993 281.720001
463549.270020 4831433.549988 281.630005
463549.260010 4831433.579987 281.630005
463549.270020 4831433.600006 281.570007
463549.219971 4831433.649994 281.570007
463549.260010 4831433.630005 281.609985
463549.250000 4831433.670013 281.630005
463549.210022 4831433.679993 281.559998
463549.260010 4831433.649994 281.529999
463549.210022 4831433.769989 281.700012
463549.270020 4831433.589996 281.589996
463549.349976 4831433.609985 281.619995
463549.229980 4831433.760010 281.690002
463549.309998 4831433.579987 281.630005
463549.229980 4831433.660004 281.579987
463549.250000 4831433.720001 281.720001
463549.280029 4831433.700012 281.730011
463549.260010 4831433.649994 281.690002
463549.270020 4831433.619995 281.609985
463549.320007 4831433.609985 281.660004
463549.309998 4831433.589996 281.579987
463549.250000 4831433.670013 281.640015
463549.289978 4831433.679993 281.709991
463549.280029 4831433.679993 281.700012
463549.270020 4831433.660004 281.619995
463549.229980 4831433.760010 281.700012
463549.710022 4831433.720001 281.320007
463549.030029 4831432.809998 281.250000
463549.059998 4831432.820007 281.220001
463549.109985 4831432.760010 281.209991
463549.130005 4831432.750000 281.239990
463549.049988 4831432.920013 281.519989
463549.030029 4831432.899994 281.500000
463549.080017 4831433.059998 281.500000
463549.130005 4831432.760010 281.260010
463549.080017 4831432.760010 281.269989
463548.940002 4831432.880005 281.220001
463549.119995 4831433.109985 281.540009
463549.109985 4831433.089996 281.519989
463548.979980 4831432.850006 281.339996
463548.979980 4831432.839996 281.279999
463548.969971 4831432.820007 281.250000
463549.010010 4831432.769989 281.239990
463548.919983 4831432.920013 281.089996
463549.000000 4831432.910004 281.559998
463548.960022 4831432.779999 281.160004
463548.929993 4831432.880005 281.190002
463548.979980 4831432.829987 281.239990
463548.979980 4831432.779999 281.119995
463549.090027 4831432.739990 281.220001
463549.090027 4831432.739990 281.209991
463548.979980 4831432.820007 281.299988
463548.929993 4831432.859985 281.279999
463548.869995 4831432.850006 281.029999
463548.960022 4831432.799988 281.070007
463548.960022 4831432.980011 281.690002
463549.010010 4831432.769989 281.200012
463548.960022 4831432.980011 281.709991
463549.020020 4831432.799988 281.320007
463548.840027 4831433.410004 281.119995
463548.809998 4831432.869995 281.130005
463549.070007 4831433.149994 281.609985
463549.140015 4831433.200012 281.579987
463549.119995 4831433.149994 281.519989
463549.099976 4831433.089996 281.429993
463549.169983 4831433.170013 281.480011
463549.030029 4831433.040009 281.609985
463549.090027 4831433.130005 281.510010
463549.119995 4831433.140015 281.640015
463549.090027 4831433.100006 281.600006
463549.030029 4831433.029999 281.529999
463548.890015 4831432.890015 281.109985
463548.960022 4831432.869995 281.209991
463548.979980 4831432.839996 281.029999
463548.929993 4831432.959991 281.720001
463548.880005 4831432.910004 281.019989
463548.900024 4831432.980011 281.179993
463549.000000 4831432.880005 281.239990
463549.099976 4831433.109985 281.480011
463549.109985 4831433.119995 281.450012
463548.960022 4831432.940002 281.269989
463548.960022 4831432.920013 281.190002
463548.940002 4831432.989990 281.290009
463548.890015 4831432.980011 281.209991
463548.859985 4831433.420013 281.010010
463548.969971 4831432.970001 281.420013
463548.950012 4831432.929993 281.420013
463548.940002 4831432.929993 281.459991
463548.960022 4831432.970001 281.559998
463548.909973 4831432.959991 281.260010
463549.099976 4831433.160004 281.579987
463548.979980 4831432.980011 281.410004
463548.979980 4831432.959991 281.450012
463548.969971 4831432.950012 281.480011
463549.039978 4831432.779999 281.260010
463549.070007 4831432.769989 281.309998
463549.059998 4831433.089996 281.470001
463548.950012 4831432.970001 281.470001
463548.979980 4831432.989990 281.549988
463548.960022 4831432.940002 281.410004
463548.950012 4831432.890015 281.290009
463548.890015 4831432.809998 281.290009
463548.969971 4831432.859985 281.230011
463548.950012 4831432.980011 281.619995
463548.900024 4831432.820007 281.089996
463548.909973 4831432.910004 281.220001
463549.000000 4831432.869995 281.320007
463548.890015 4831432.959991 281.220001
463549.010010 4831432.950012 281.559998
463549.090027 4831433.089996 281.529999
463548.909973 4831432.799988 281.079987
463548.989990 4831432.820007 281.130005
463548.960022 4831432.950012 281.440002
463549.130005 4831433.119995 281.440002
463548.900024 4831432.940002 281.339996
463548.969971 4831432.859985 281.260010
463548.960022 4831432.899994 281.359985
463548.979980 4831432.899994 281.399994
463548.989990 4831432.959991 281.440002
463548.979980 4831432.950012 281.459991
463548.929993 4831432.890015 281.250000
463548.960022 4831432.859985 281.250000
463548.989990 4831432.859985 281.279999
463548.950012 4831432.869995 281.239990
463548.969971 4831432.859985 281.269989
463548.960022 4831432.899994 281.369995
463548.969971 4831432.950012 281.570007
463548.989990 4831432.890015 281.320007
463548.969971 4831432.940002 281.429993
463548.979980 4831432.950012 281.489990
463548.969971 4831432.989990 281.579987
463549.049988 4831433.079987 281.480011
463549.109985 4831433.059998 281.549988
463549.070007 4831433.070007 281.630005
463549.000000 4831432.809998 281.320007
463548.969971 4831432.739990 281.190002
463549.080017 4831432.880005 281.440002
463548.919983 4831432.899994 281.269989
463549.070007 4831432.760010 281.209991
463549.030029 4831432.779999 281.239990
463549.010010 4831432.799988 281.170013
463549.020020 4831432.750000 281.209991
463548.869995 4831432.790009 281.209991
463548.900024 4831432.940002 281.230011
463548.890015 4831432.850006 281.320007
463548.950012 4831432.950012 281.510010
463548.929993 4831432.940002 281.700012
463549.049988 4831433.079987 281.549988
463549.070007 4831433.070007 281.570007
463549.059998 4831433.109985 281.570007
463549.080017 4831433.149994 281.619995
463548.880005 4831432.820007 281.299988
463548.940002 4831432.880005 281.260010
463548.940002 4831432.920013 281.690002
463548.969971 4831432.989990 281.500000
463548.979980 4831432.989990 281.630005
463549.030029 4831433.049988 281.510010
463549.109985 4831433.149994 281.500000
463549.010010 4831433.049988 281.609985
463548.950012 4831432.950012 281.700012
463548.940002 4831432.910004 281.690002
463548.940002 4831432.779999 281.140015
463548.919983 4831432.779999 281.160004
463548.909973 4831432.779999 281.119995
463548.960022 4831432.750000 281.190002
463548.909973 4831432.779999 281.170013
463548.929993 4831432.890015 281.640015
463548.940002 4831432.920013 281.250000
463548.979980 4831432.890015 281.309998
463548.890015 4831432.880005 281.149994
463548.969971 4831432.959991 281.640015
463549.159973 4831433.130005 281.549988
463549.039978 4831432.779999 281.250000
463549.080017 4831433.070007 281.510010
463549.109985 4831433.089996 281.500000
463549.130005 4831433.140015 281.529999
463549.690002 4831433.079987 281.149994
463549.729980 4831433.079987 281.179993
463549.679993 4831433.200012 281.070007
463549.679993 4831433.170013 281.109985
463549.659973 4831433.220001 281.079987
463549.630005 4831433.109985 281.140015
463549.710022 4831433.179993 281.130005
463549.679993 4831433.140015 281.130005
463549.679993 4831433.029999 281.149994
463549.679993 4831433.130005 281.140015
463549.650024 4831433.170013 281.079987
463549.640015 4831433.130005 281.119995
463549.590027 4831433.369995 281.049988
463549.219971 4831433.220001 281.399994
463549.580017 4831433.380005 281.089996
463549.609985 4831433.309998 281.040009
463549.609985 4831433.320007 281.109985
463549.650024 4831433.029999 281.109985
463549.700012 4831433.130005 281.130005
463549.599976 4831433.350006 281.070007
463549.599976 4831433.299988 281.059998
463549.659973 4831433.140015 281.079987
463549.669983 4831433.119995 281.109985
463549.679993 4831433.130005 281.149994
463549.679993 4831433.079987 281.089996
463549.609985 4831433.200012 281.059998
463549.669983 4831433.130005 281.089996
463549.609985 4831433.179993 281.059998
463549.669983 4831433.160004 281.109985
463549.650024 4831433.040009 281.109985
463549.710022 4831433.190002 281.190002
463549.719971 4831433.209991 281.160004
463549.700012 4831433.230011 281.179993
463549.700012 4831433.179993 281.109985
463549.659973 4831433.160004 281.079987
463549.580017 4831433.190002 281.079987
463549.650024 4831433.269989 281.049988
463549.520020 4831433.260010 281.059998
463549.690002 4831433.200012 281.089996
463549.650024 4831433.239990 281.130005
463549.710022 4831433.250000 281.170013
463549.719971 4831433.190002 281.089996
463549.690002 4831433.220001 281.109985
463549.599976 4831433.220001 281.029999
463549.530029 4831433.170013 281.049988
463549.289978 4831433.029999 281.299988
463549.710022 4831433.029999 281.130005
463549.659973 4831433.000000 281.100006
463549.650024 4831433.109985 281.049988
463549.690002 4831433.089996 281.089996
463549.710022 4831433.179993 281.079987
463549.669983 4831433.019989 281.079987
463549.650024 4831433.119995 281.089996
463549.690002 4831433.160004 281.170013
463549.669983 4831433.230011 281.130005
463549.619995 4831433.290009 281.029999
463549.679993 4831433.209991 281.130005
463549.669983 4831433.209991 281.100006
463549.640015 4831433.230011 281.100006
463549.640015 4831433.230011 281.040009
463549.630005 4831433.190002 281.130005
463549.650024 4831433.190002 281.140015
463549.640015 4831433.149994 281.059998
463549.659973 4831433.149994 281.130005
463549.640015 4831433.040009 281.100006
463549.679993 4831433.209991 281.179993
463549.679993 4831433.260010 281.079987
463549.690002 4831433.160004 281.130005
463549.650024 4831433.190002 281.100006
463549.650024 4831433.170013 281.040009
463549.710022 4831433.160004 281.179993
463549.679993 4831433.149994 281.079987
463549.710022 4831433.160004 281.179993
463549.710022 4831433.160004 281.190002
463549.719971 4831433.149994 281.170013
463549.700012 4831433.170013 281.170013
463549.640015 4831433.170013 281.040009
463549.650024 4831433.239990 281.109985
463548.840027 4831433.510010 281.070007
463548.890015 4831433.519989 281.029999
463549.469971 4831433.529999 281.140015
463549.190002 4831433.850006 281.019989
463548.830017 4831433.730011 281.309998
463548.809998 4831433.829987 281.239990
463549.020020 4831433.579987 281.119995
463549.200012 4831433.700012 281.040009
463549.030029 4831433.859985 281.100006
463549.200012 4831433.809998 281.100006
463548.840027 4831433.579987 281.059998
463548.820007 4831433.559998 281.140015
463548.840027 4831433.549988 281.119995
463549.080017 4831433.600006 281.100006
463549.130005 4831433.850006 281.019989
463548.820007 4831433.760010 281.279999
463548.820007 4831433.779999 281.329987
463548.820007 4831433.779999 281.309998
463548.880005 4831433.779999 281.269989
463549.320007 4831433.790009 281.089996
463549.219971 4831433.649994 281.040009
463549.260010 4831433.700012 281.019989
463549.369995 4831433.720001 281.070007
463549.340027 4831433.850006 281.149994
463549.320007 4831433.829987 281.149994
463549.359985 4831433.790009 281.040009
463549.320007 4831433.869995 281.079987
463549.299988 4831433.859985 281.029999
463549.309998 4831433.739990 281.100006
463549.239990 4831433.609985 281.089996
463549.239990 4831433.619995 281.109985
463549.280029 4831433.690002 281.119995
463549.260010 4831433.760010 281.019989
463549.219971 4831433.839996 281.029999
463549.260010 4831433.679993 281.070007
463549.250000 4831433.839996 281.089996
463549.280029 4831433.609985 281.100006
463549.250000 4831433.730011 281.070007
463549.260010 4831433.609985 281.049988
463549.299988 4831433.790009 281.079987
463549.309998 4831433.809998 281.070007
463549.239990 4831433.649994 281.019989
463549.289978 4831433.739990 281.040009
463549.309998 4831433.760010 281.029999
463549.309998 4831433.850006 281.130005
463549.270020 4831433.820007 281.010010
463549.650024 4831433.709991 281.250000
463549.280029 4831433.859985 281.040009
463549.270020 4831433.589996 281.079987
463549.299988 4831433.809998 281.010010
463549.369995 4831433.790009 281.130005
463549.380005 4831433.829987 281.160004
463549.320007 4831433.859985 281.079987
463549.349976 4831433.809998 281.070007
463549.299988 4831433.839996 281.109985
463549.210022 4831433.839996 281.040009
463549.239990 4831433.750000 281.130005
463549.280029 4831433.739990 281.019989
463549.250000 4831433.809998 281.019989
463549.250000 4831433.820007 281.010010
463549.210022 4831433.850006 281.029999
463549.229980 4831433.739990 281.089996
463549.250000 4831433.739990 281.079987
463549.250000 4831433.730011 281.109985
463549.250000 4831433.730011 281.040009
463549.280029 4831433.609985 281.059998
463549.250000 4831433.799988 281.010010
463549.289978 4831433.869995 281.049988
463549.289978 4831433.679993 281.100006
463549.229980 4831433.839996 281.089996
463549.270020 4831433.850006 281.040009
463549.289978 4831433.850006 281.070007
463549.309998 4831433.829987 281.049988
463549.330017 4831433.820007 281.049988
463549.270020 4831433.619995 281.079987
463549.299988 4831433.670013 281.130005
463549.210022 4831433.760010 281.010010
463549.229980 4831433.829987 281.059998
463549.289978 4831433.829987 281.140015
463549.330017 4831433.809998 281.160004
463549.270020 4831433.869995 281.010010
463549.280029 4831433.570007 281.079987
463549.250000 4831433.760010 281.070007
463549.270020 4831433.799988 281.070007
463549.250000 4831433.859985 281.100006
463549.289978 4831433.869995 281.079987
463549.280029 4831433.869995 281.079987
463549.340027 4831433.829987 281.160004
463549.330017 4831433.839996 281.079987
463549.289978 4831433.850006 281.070007
463549.299988 4831433.839996 281.019989
463549.320007 4831433.839996 281.109985
463549.309998 4831433.839996 281.100006
