463545.710022 4831431.579987 279.429993
463545.650024 4831431.660004 279.429993
463545.609985 4831431.579987 279.679993
463545.619995 4831431.589996 279.720001
463545.630005 4831431.549988 279.640015
463545.640015 4831431.570007 279.660004
463546.109985 4831431.880005 279.600006
463545.809998 4831431.670013 279.799988
463545.630005 4831431.549988 279.720001
463545.729980 4831431.600006 279.350006
463546.130005 4831431.799988 279.309998
463546.099976 4831431.899994 279.480011
463546.109985 4831431.920013 279.500000
463546.070007 4831431.890015 279.679993
463545.630005 4831431.600006 279.380005
463545.619995 4831431.739990 279.320007
463546.119995 4831431.850006 279.359985
463546.130005 4831431.869995 279.309998
463545.659973 4831431.589996 279.429993
463545.640015 4831431.579987 279.390015
463545.640015 4831431.609985 279.410004
463545.609985 4831431.609985 279.429993
463545.619995 4831431.609985 279.390015
463545.630005 4831431.630005 279.399994
463545.619995 4831431.630005 279.600006
463545.609985 4831431.899994 279.890015
463546.099976 4831431.850006 279.350006
463546.119995 4831431.809998 279.350006
463546.109985 4831431.779999 279.350006
463545.619995 4831431.799988 279.890015
463546.130005 4831431.970001 279.500000
463546.119995 4831431.970001 279.559998
463545.760010 4831431.570007 279.510010
463545.609985 4831431.859985 279.910004
463546.109985 4831431.850006 279.359985
463546.119995 4831431.850006 279.309998
463545.640015 4831431.609985 279.489990
463545.669983 4831431.589996 279.369995
463546.109985 4831431.940002 279.480011
463545.630005 4831431.630005 279.390015
463545.659973 4831431.589996 279.399994
463545.840027 4831431.760010 279.890015
463545.659973 4831431.589996 279.359985
463546.130005 4831431.820007 279.339996
463545.630005 4831431.640015 279.609985
463545.619995 4831431.609985 279.399994
463546.059998 4831431.940002 279.570007
463546.099976 4831431.959991 279.630005
463546.109985 4831431.899994 279.529999
463546.109985 4831431.880005 279.519989
463546.119995 4831431.850006 279.329987
463545.630005 4831431.660004 279.399994
463545.609985 4831431.670013 279.380005
463545.640015 4831431.649994 279.399994
463545.609985 4831431.609985 279.630005
463546.109985 4831431.940002 279.459991
463546.090027 4831431.959991 279.559998
463546.390015 4831431.679993 279.470001
463546.340027 4831431.690002 279.480011
463546.309998 4831432.160004 280.200012
463546.169983 4831431.920013 279.700012
463546.140015 4831432.000000 279.640015
463546.159973 4831431.769989 279.359985
463546.150024 4831431.859985 279.440002
463546.140015 4831431.880005 279.529999
463546.390015 4831432.019989 279.950012
463546.549988 4831431.869995 280.239990
463546.559998 4831431.890015 280.070007
463546.549988 4831431.880005 280.029999
463546.479980 4831431.679993 279.609985
463546.489990 4831431.799988 280.179993
463546.570007 4831431.829987 279.600006
463546.200012 4831431.890015 279.619995
463546.239990 4831432.220001 279.899994
463546.440002 4831431.890015 280.029999
463546.340027 4831431.679993 279.570007
463546.349976 4831431.700012 279.600006
463546.270020 4831432.000000 279.750000
463546.270020 4831432.049988 279.980011
463546.270020 4831432.070007 280.000000
463546.270020 4831432.079987 280.049988
463546.260010 4831432.100006 280.029999
463546.260010 4831432.119995 280.079987
463546.400024 4831431.630005 279.500000
463546.380005 4831431.690002 279.380005
463546.309998 4831431.760010 279.470001
463546.239990 4831432.010010 280.029999
463546.250000 4831432.019989 279.750000
463546.250000 4831432.079987 280.019989
463546.159973 4831431.809998 279.329987
463546.140015 4831431.839996 279.380005
463546.239990 4831432.170013 279.799988
463546.280029 4831432.010010 279.730011
463546.260010 4831431.989990 279.720001
463546.309998 4831431.790009 279.450012
463546.369995 4831431.649994 279.559998
463546.359985 4831431.609985 279.459991
463546.359985 4831431.690002 279.609985
463546.380005 4831431.660004 279.549988
463546.369995 4831431.649994 279.450012
463546.390015 4831431.670013 279.540009
463546.369995 4831431.649994 279.529999
463546.239990 4831432.230011 279.809998
463546.369995 4831431.640015 279.559998
463546.260010 4831432.029999 279.940002
463546.330017 4831431.709991 279.559998
463546.210022 4831432.290009 279.839996
463546.250000 4831432.029999 279.859985
463546.229980 4831432.140015 279.820007
463546.200012 4831432.230011 279.790009
463546.250000 4831431.989990 279.670013
463546.239990 4831432.040009 279.739990
463546.190002 4831432.239990 279.839996
463546.190002 4831432.269989 279.880005
463546.260010 4831432.109985 280.029999
463546.340027 4831431.649994 279.510010
463546.299988 4831431.799988 279.440002
463546.289978 4831431.779999 279.450012
463546.309998 4831431.760010 279.459991
463546.330017 4831431.750000 279.510010
463546.340027 4831431.750000 279.609985
463546.320007 4831431.720001 279.600006
463546.400024 4831431.799988 279.549988
463546.369995 4831431.750000 279.549988
463546.330017 4831431.700012 279.459991
463546.340027 4831431.709991 279.579987
463546.340027 4831431.670013 279.470001
463546.340027 4831431.670013 279.559998
463546.359985 4831431.649994 279.470001
463546.349976 4831431.640015 279.519989
463546.390015 4831431.619995 279.489990
463546.380005 4831431.609985 279.529999
463546.330017 4831431.660004 279.429993
463546.210022 4831432.230011 279.820007
463546.219971 4831432.179993 279.779999
463546.210022 4831432.179993 279.839996
463546.239990 4831432.170013 279.920013
463546.229980 4831432.200012 280.109985
463546.219971 4831432.200012 280.170013
463546.239990 4831432.059998 279.750000
463546.239990 4831432.089996 279.890015
463546.239990 4831432.170013 280.109985
463546.239990 4831432.170013 280.179993
463546.159973 4831431.809998 279.359985
463546.250000 4831432.019989 279.750000
463546.250000 4831432.119995 280.109985
463546.150024 4831431.769989 279.730011
463546.210022 4831432.299988 279.750000
463546.229980 4831432.220001 279.760010
463546.239990 4831432.130005 279.769989
463546.229980 4831432.010010 279.790009
463546.380005 4831431.679993 279.570007
463546.369995 4831431.660004 279.480011
463546.359985 4831431.730011 279.619995
463546.359985 4831431.720001 279.540009
463546.359985 4831431.720001 279.489990
463546.440002 4831431.829987 279.559998
463546.260010 4831432.160004 279.779999
463546.359985 4831431.709991 279.570007
463546.349976 4831431.679993 279.480011
463546.270020 4831432.089996 279.980011
463546.359985 4831431.640015 279.489990
463546.270020 4831432.070007 279.929993
463546.179993 4831431.839996 279.339996
463546.250000 4831432.109985 279.750000
463546.210022 4831432.179993 279.920013
463546.250000 4831432.019989 279.750000
463546.210022 4831432.220001 279.769989
463546.190002 4831432.290009 279.779999
463546.260010 4831432.119995 280.040009
463546.349976 4831431.690002 279.529999
463546.340027 4831431.679993 279.579987
463546.369995 4831431.640015 279.489990
463546.309998 4831431.730011 279.470001
463546.239990 4831432.179993 280.070007
463546.239990 4831432.170013 280.119995
463546.159973 4831432.059998 280.100006
463546.150024 4831432.040009 280.130005
463546.190002 4831431.829987 279.329987
463546.239990 4831432.179993 280.209991
463546.250000 4831431.970001 279.850006
463546.250000 4831431.989990 279.890015
463546.250000 4831432.019989 279.910004
463546.250000 4831432.040009 279.929993
463546.250000 4831432.070007 279.950012
463546.250000 4831432.089996 279.959991
463546.250000 4831432.119995 279.980011
463546.320007 4831431.709991 279.470001
463546.260010 4831432.160004 280.269989
463546.309998 4831431.760010 279.480011
463546.359985 4831431.649994 279.529999
463546.359985 4831431.670013 279.420013
463546.369995 4831431.670013 279.519989
463546.349976 4831431.739990 279.380005
463546.359985 4831431.750000 279.600006
463546.380005 4831431.640015 279.500000
463546.380005 4831431.720001 279.589996
463546.270020 4831432.040009 279.950012
463546.260010 4831432.179993 280.049988
463546.229980 4831432.269989 279.839996
463546.150024 4831431.820007 279.309998
463546.130005 4831431.920013 279.440002
463546.159973 4831431.890015 279.380005
463546.179993 4831431.869995 279.369995
463546.219971 4831432.269989 279.769989
463546.349976 4831431.609985 279.510010
463546.330017 4831431.630005 279.540009
463546.260010 4831432.049988 280.000000
463546.219971 4831432.100006 279.809998
463546.239990 4831432.100006 280.019989
463546.210022 4831432.130005 279.859985
463546.250000 4831431.989990 279.929993
463546.239990 4831432.049988 280.019989
463546.369995 4831431.640015 279.549988
463546.359985 4831431.660004 279.540009
463546.390015 4831431.640015 279.549988
463546.380005 4831431.649994 279.559998
463546.380005 4831431.989990 279.640015
463546.260010 4831432.089996 279.790009
463546.390015 4831431.649994 279.549988
463546.400024 4831431.640015 279.500000
463546.390015 4831431.690002 279.549988
463546.359985 4831431.670013 279.420013
463546.270020 4831431.790009 279.559998
463546.380005 4831431.760010 279.600006
463546.330017 4831431.720001 279.410004
463546.369995 4831431.799988 279.549988
463546.260010 4831432.179993 279.820007
463546.190002 4831431.820007 279.320007
463545.739990 4831431.480011 279.440002
463545.770020 4831431.459991 279.480011
463546.419983 4831431.429993 279.339996
463546.409973 4831431.470001 279.329987
463546.400024 4831431.480011 279.350006
463546.380005 4831431.480011 279.359985
463546.359985 4831431.470001 279.320007
463546.380005 4831431.470001 279.359985
463545.750000 4831431.500000 279.420013
463545.750000 4831431.500000 279.480011
463545.760010 4831431.559998 279.350006
463545.729980 4831431.510010 279.339996
463545.789978 4831431.500000 279.339996
463545.770020 4831431.489990 279.390015
463546.479980 4831431.570007 279.519989
463546.500000 4831431.500000 279.429993
463546.359985 4831431.609985 279.480011
463546.369995 4831431.579987 279.480011
463546.380005 4831431.600006 279.500000
463546.380005 4831431.589996 279.489990
463546.419983 4831431.579987 279.339996
463546.400024 4831431.609985 279.369995
463546.359985 4831431.529999 279.410004
463546.390015 4831431.559998 279.470001
463546.340027 4831431.609985 279.440002
463546.380005 4831431.579987 279.450012
463546.390015 4831431.540009 279.429993
463546.369995 4831431.609985 279.429993
463546.359985 4831431.589996 279.459991
463546.390015 4831431.559998 279.399994
463546.369995 4831431.540009 279.399994
463546.400024 4831431.609985 279.489990
463546.390015 4831431.609985 279.459991
463546.380005 4831431.579987 279.420013
463546.380005 4831431.500000 279.309998
463546.390015 4831431.519989 279.390015
463546.400024 4831431.519989 279.329987
463546.349976 4831431.579987 279.390015
463546.359985 4831431.609985 279.339996
463546.270020 4831431.540009 279.529999
463546.280029 4831431.570007 279.459991
463546.409973 4831431.519989 279.380005
463546.390015 4831431.589996 279.480011
463546.400024 4831431.559998 279.410004
463546.330017 4831431.579987 279.399994
463546.359985 4831431.609985 279.390015
463546.349976 4831431.559998 279.410004
463546.359985 4831431.489990 279.359985
463546.369995 4831431.500000 279.339996
463545.710022 4831431.459991 279.540009
463545.710022 4831431.480011 279.399994
463545.679993 4831431.470001 279.459991
463545.710022 4831431.480011 279.500000
463545.710022 4831431.470001 279.429993
463545.710022 4831431.489990 279.459991
463545.690002 4831431.540009 279.529999
463545.679993 4831431.489990 279.459991
463545.669983 4831431.500000 279.510010
463545.690002 4831431.519989 279.529999
463545.659973 4831431.519989 279.600006
463545.630005 4831431.529999 279.720001
463545.619995 4831431.529999 279.589996
463545.609985 4831431.529999 279.640015
463545.640015 4831431.549988 279.390015
463545.719971 4831431.500000 279.529999
463545.669983 4831431.540009 279.480011
463545.669983 4831431.540009 279.459991
463545.690002 4831431.529999 279.459991
463545.640015 4831431.559998 279.450012
463545.659973 4831431.559998 279.470001
463545.640015 4831431.529999 279.510010
463545.630005 4831431.519989 279.540009
463545.679993 4831431.549988 279.410004
463545.659973 4831431.519989 279.410004
463545.679993 4831431.540009 279.420013
463545.719971 4831431.510010 279.369995
463545.710022 4831431.559998 279.399994
463545.700012 4831431.540009 279.429993
463545.609985 4831431.540009 279.519989
463545.630005 4831431.519989 279.440002
463545.619995 4831431.529999 279.480011
463545.679993 4831431.510010 279.399994
463545.650024 4831431.519989 279.380005
