463548.159973 4831432.429993 282.380005
463548.169983 4831432.200012 282.260010
463548.119995 4831432.329987 282.339996
463548.150024 4831432.329987 282.320007
463548.320007 4831432.190002 282.630005
463548.340027 4831432.149994 282.549988
463548.330017 4831432.260010 282.390015
463548.280029 4831432.149994 282.529999
463548.229980 4831432.420013 282.329987
463548.210022 4831432.410004 282.369995
463548.270020 4831432.339996 282.559998
463548.299988 4831432.350006 282.500000
463548.280029 4831432.329987 282.470001
463548.270020 4831432.399994 282.410004
463548.260010 4831432.380005 282.420013
463548.179993 4831432.399994 282.359985
463548.200012 4831432.399994 282.429993
463548.250000 4831432.359985 282.549988
463548.239990 4831432.329987 282.559998
463548.239990 4831432.350006 282.329987
463548.330017 4831432.140015 282.640015
463548.340027 4831432.239990 282.739990
463548.340027 4831432.239990 282.700012
463548.320007 4831432.220001 282.399994
463548.309998 4831432.239990 282.709991
463548.320007 4831432.250000 282.679993
463548.309998 4831432.250000 282.609985
463548.330017 4831432.279999 282.390015
463548.320007 4831432.290009 282.720001
463548.299988 4831432.269989 282.640015
463548.309998 4831432.279999 282.589996
463548.270020 4831432.239990 282.399994
463548.309998 4831432.269989 282.690002
463548.309998 4831432.269989 282.640015
463548.320007 4831432.290009 282.390015
463548.320007 4831432.290009 282.730011
463548.299988 4831432.279999 282.660004
463548.309998 4831432.290009 282.410004
463548.299988 4831432.309998 282.730011
463548.309998 4831432.329987 282.589996
463548.330017 4831432.359985 282.579987
463548.299988 4831432.320007 282.470001
463548.289978 4831432.309998 282.390015
463548.289978 4831432.350006 282.579987
463548.280029 4831432.339996 282.440002
463548.299988 4831432.369995 282.440002
463548.280029 4831432.350006 282.339996
463548.330017 4831432.410004 282.390015
463548.260010 4831432.369995 282.410004
463549.059998 4831432.299988 282.140015
463548.330017 4831432.279999 282.820007
463548.330017 4831432.290009 282.739990
463548.299988 4831432.200012 282.549988
463548.299988 4831432.290009 282.709991
463548.309998 4831432.279999 282.589996
463548.309998 4831432.239990 282.390015
463548.330017 4831432.269989 282.390015
463548.289978 4831432.299988 282.720001
463548.309998 4831432.299988 282.570007
463548.320007 4831432.279999 282.390015
463548.320007 4831432.329987 282.559998
463548.320007 4831432.309998 282.489990
463548.340027 4831432.339996 282.429993
463548.299988 4831432.290009 282.709991
463548.299988 4831432.279999 282.649994
463548.309998 4831432.299988 282.630005
463548.299988 4831432.220001 282.399994
463548.330017 4831432.359985 282.589996
463548.309998 4831432.299988 282.440002
463548.289978 4831432.350006 282.559998
463548.280029 4831432.309998 282.450012
463548.309998 4831432.359985 282.429993
463548.289978 4831432.359985 282.350006
463548.299988 4831432.279999 282.510010
463548.280029 4831432.339996 282.420013
463548.239990 4831432.010010 282.760010
463548.250000 4831432.250000 282.519989
463548.229980 4831432.239990 282.109985
463548.250000 4831432.339996 282.529999
463548.219971 4831432.399994 282.410004
463548.239990 4831432.429993 282.399994
463548.210022 4831432.390015 282.279999
463548.229980 4831432.299988 282.570007
463548.250000 4831432.350006 282.579987
463548.200012 4831432.399994 282.429993
463548.210022 4831432.410004 282.390015
463548.239990 4831432.359985 282.380005
463548.219971 4831432.339996 282.399994
463548.190002 4831432.200012 282.299988
463548.190002 4831432.369995 282.350006
463548.239990 4831432.339996 282.359985
463548.969971 4831432.269989 282.609985
463548.929993 4831432.420013 282.670013
463548.239990 4831432.329987 282.739990
463548.309998 4831432.309998 282.549988
463548.299988 4831432.309998 282.559998
463548.299988 4831432.290009 282.510010
463548.299988 4831432.269989 282.519989
463548.280029 4831432.250000 282.529999
463548.320007 4831432.230011 282.510010
463548.309998 4831432.230011 282.480011
463548.260010 4831432.179993 282.609985
463548.289978 4831432.260010 282.470001
463548.359985 4831432.269989 282.299988
463548.250000 4831432.309998 282.519989
463548.239990 4831432.200012 282.519989
463548.210022 4831432.209991 282.540009
463548.250000 4831432.399994 282.399994
463548.309998 4831432.179993 282.410004
463548.270020 4831432.269989 282.489990
463548.299988 4831432.299988 282.600006
463548.289978 4831432.320007 282.480011
463548.309998 4831432.309998 282.470001
463548.309998 4831432.309998 282.410004
463548.320007 4831432.380005 282.420013
463548.289978 4831432.119995 282.540009
463548.299988 4831432.089996 282.390015
463548.289978 4831432.209991 282.600006
463548.270020 4831432.269989 282.600006
463548.289978 4831432.250000 282.600006
463548.280029 4831432.230011 282.399994
463548.330017 4831432.209991 282.450012
463548.299988 4831432.299988 282.519989
463548.320007 4831432.290009 282.510010
463548.330017 4831432.279999 282.470001
463548.320007 4831432.350006 282.500000
463548.340027 4831432.329987 282.489990
463548.270020 4831432.149994 282.549988
463548.299988 4831432.260010 282.630005
463548.270020 4831432.230011 282.459991
463548.289978 4831432.220001 282.450012
463548.260010 4831431.940002 282.750000
463548.260010 4831432.239990 282.489990
463549.469971 4831432.359985 282.760010
463549.440002 4831432.410004 282.630005
463549.479980 4831432.399994 282.700012
463549.409973 4831432.380005 282.730011
463549.369995 4831432.359985 282.709991
463549.400024 4831432.390015 282.670013
463549.400024 4831432.399994 282.679993
463549.440002 4831432.420013 282.619995
463549.460022 4831432.429993 282.609985
463549.450012 4831432.420013 282.630005
463549.400024 4831432.390015 282.670013
463549.400024 4831432.390015 282.649994
463549.450012 4831432.420013 282.510010
463549.479980 4831432.500000 282.570007
463549.419983 4831432.399994 282.529999
463549.400024 4831432.390015 282.570007
463549.429993 4831432.410004 282.559998
463549.409973 4831432.380005 282.670013
463549.450012 4831432.440002 282.600006
463549.429993 4831432.380005 282.739990
463549.460022 4831432.429993 282.779999
463549.460022 4831432.410004 282.730011
463549.469971 4831432.429993 282.739990
463549.510010 4831432.380005 282.739990
463549.489990 4831432.380005 282.690002
463549.469971 4831432.410004 282.760010
463549.450012 4831432.399994 282.700012
463549.460022 4831432.429993 282.739990
463549.429993 4831432.440002 282.679993
463549.359985 4831432.420013 282.750000
463549.390015 4831432.450012 282.679993
463549.359985 4831432.429993 282.670013
463549.359985 4831432.359985 282.670013
463549.390015 4831432.450012 282.750000
463549.390015 4831432.440002 282.649994
463549.429993 4831432.380005 282.739990
463549.349976 4831432.350006 282.690002
463549.500000 4831432.390015 282.730011
463549.429993 4831432.429993 282.769989
463549.400024 4831432.390015 282.640015
463549.450012 4831432.459991 282.700012
463549.400024 4831432.390015 282.529999
463549.570007 4831432.380005 282.739990
463549.489990 4831432.369995 282.769989
463549.510010 4831432.420013 282.790009
463549.340027 4831432.380005 282.549988
463549.359985 4831432.480011 282.750000
463549.390015 4831432.420013 282.730011
463549.390015 4831432.399994 282.570007
463549.400024 4831432.399994 282.619995
463549.380005 4831432.380005 282.640015
463549.400024 4831432.420013 282.589996
463549.320007 4831432.359985 282.730011
463549.380005 4831432.429993 282.679993
463549.330017 4831432.369995 282.739990
463549.390015 4831432.450012 282.779999
463549.349976 4831432.390015 282.609985
463549.390015 4831432.429993 282.470001
463549.309998 4831432.350006 282.750000
463549.630005 4831432.459991 282.720001
463549.739990 4831432.140015 282.170013
463549.390015 4831432.369995 282.660004
463549.429993 4831432.429993 282.779999
463549.369995 4831432.380005 282.690002
463549.380005 4831432.410004 282.559998
463549.419983 4831432.410004 282.690002
463549.429993 4831432.410004 282.760010
463549.429993 4831432.440002 282.660004
463549.440002 4831432.450012 282.739990
463549.429993 4831432.420013 282.510010
463548.299988 4831432.730011 282.049988
463548.280029 4831432.700012 282.100006
463548.299988 4831432.730011 282.119995
463548.320007 4831432.779999 282.160004
463548.270020 4831432.730011 282.130005
463548.200012 4831432.709991 282.079987
463548.229980 4831432.679993 282.119995
463548.250000 4831432.700012 282.109985
463548.289978 4831432.730011 282.019989
463548.349976 4831432.709991 282.089996
463548.270020 4831432.679993 282.070007
463548.260010 4831432.690002 282.079987
463548.260010 4831432.690002 282.059998
463548.349976 4831432.700012 282.130005
463548.359985 4831432.739990 282.160004
463548.299988 4831432.700012 282.130005
463548.270020 4831432.720001 282.160004
463548.229980 4831432.690002 282.059998
463548.250000 4831432.709991 282.160004
463548.239990 4831432.690002 282.149994
463548.250000 4831432.730011 282.149994
463548.239990 4831432.690002 282.140015
463548.250000 4831432.700012 282.109985
463548.280029 4831432.690002 282.029999
463548.280029 4831432.700012 282.019989
463548.260010 4831432.679993 282.040009
463548.280029 4831432.700012 282.029999
463548.229980 4831432.670013 282.029999
463548.270020 4831432.700012 282.109985
463548.229980 4831432.579987 282.010010
463548.179993 4831432.679993 282.040009
463548.239990 4831432.690002 282.029999
463548.289978 4831432.720001 282.089996
463548.289978 4831432.730011 282.079987
463548.270020 4831432.730011 282.079987
463548.289978 4831432.720001 282.070007
463548.270020 4831432.730011 282.100006
463548.280029 4831432.709991 282.100006
463548.239990 4831432.670013 282.070007
463548.229980 4831432.700012 282.089996
463548.260010 4831432.709991 282.109985
463548.200012 4831432.720001 282.130005
463548.289978 4831432.700012 282.049988
463548.239990 4831432.769989 282.070007
463548.270020 4831432.730011 282.059998
463548.289978 4831432.720001 282.070007
463548.239990 4831432.690002 282.109985
463548.219971 4831432.679993 282.029999
463548.340027 4831432.709991 282.059998
463548.309998 4831432.679993 282.119995
463548.299988 4831432.739990 282.010010
463548.229980 4831432.670013 282.019989
463549.460022 4831432.529999 282.619995
463549.130005 4831433.149994 282.640015
463549.119995 4831433.209991 282.600006
463549.080017 4831433.170013 282.579987
463549.080017 4831433.170013 282.559998
463549.119995 4831433.239990 282.570007
463549.119995 4831433.230011 282.570007
463549.159973 4831433.209991 282.549988
463549.080017 4831433.179993 282.609985
463549.070007 4831433.179993 282.619995
463549.140015 4831433.209991 282.559998
463549.099976 4831433.160004 282.640015
463549.150024 4831433.160004 282.570007
463549.109985 4831433.290009 282.630005
463549.190002 4831433.160004 282.549988
463549.150024 4831433.350006 282.600006
463549.169983 4831433.359985 282.619995
463549.119995 4831433.299988 282.619995
463549.049988 4831433.100006 282.589996
463549.030029 4831433.079987 282.609985
463549.090027 4831433.260010 282.619995
463549.039978 4831433.179993 282.579987
463549.099976 4831433.329987 282.630005
463549.130005 4831433.160004 282.619995
463549.200012 4831433.109985 282.589996
463549.200012 4831433.130005 282.630005
463549.010010 4831433.040009 282.230011
463549.109985 4831433.179993 282.589996
463549.109985 4831433.239990 282.579987
463549.179993 4831433.380005 282.649994
463549.090027 4831433.170013 282.619995
463549.130005 4831433.279999 282.619995
463549.039978 4831433.149994 282.660004
463549.119995 4831432.959991 282.149994
463549.159973 4831433.149994 282.619995
463549.059998 4831433.109985 282.690002
463549.049988 4831433.109985 282.640015
463549.049988 4831433.100006 282.600006
463549.169983 4831433.190002 282.570007
463549.380005 4831433.309998 282.600006
463549.429993 4831433.179993 282.529999
463549.400024 4831433.119995 282.510010
463549.340027 4831433.190002 282.589996
463549.330017 4831433.309998 282.640015
463549.380005 4831433.309998 282.579987
463549.219971 4831433.399994 282.559998
463549.320007 4831433.250000 282.540009
463549.340027 4831433.380005 282.510010
463549.270020 4831433.339996 282.579987
463549.340027 4831433.339996 282.510010
463549.299988 4831433.200012 282.600006
463549.239990 4831433.320007 282.570007
463549.400024 4831433.359985 282.600006
463549.349976 4831433.220001 282.549988
463549.340027 4831433.290009 282.570007
463549.359985 4831433.329987 282.500000
463549.299988 4831433.309998 282.619995
463549.299988 4831433.329987 282.549988
463549.320007 4831433.359985 282.579987
463549.289978 4831433.390015 282.619995
463549.330017 4831433.359985 282.589996
463549.289978 4831433.309998 282.609985
463549.299988 4831433.329987 282.619995
463549.229980 4831433.320007 282.579987
463549.289978 4831433.329987 282.579987
463549.219971 4831433.380005 282.640015
463549.289978 4831433.320007 282.519989
463549.340027 4831433.339996 282.589996
463549.330017 4831433.320007 282.589996
463549.359985 4831433.290009 282.609985
463549.270020 4831433.130005 282.609985
463549.340027 4831433.170013 282.570007
463549.340027 4831433.079987 282.529999
463549.330017 4831433.380005 282.579987
463549.309998 4831433.339996 282.609985
463549.330017 4831433.309998 282.640015
463549.330017 4831433.250000 282.600006
463549.299988 4831433.140015 282.579987
463549.320007 4831433.119995 282.559998
463549.219971 4831433.390015 282.600006
463549.320007 4831433.339996 282.549988
463549.299988 4831433.309998 282.559998
463549.340027 4831433.279999 282.619995
463549.409973 4831433.320007 282.579987
463549.239990 4831432.920013 282.029999
463549.409973 4831433.390015 282.540009
463549.349976 4831433.170013 282.540009
463549.340027 4831433.350006 282.600006
463549.340027 4831433.339996 282.549988
463549.309998 4831433.119995 282.549988
463549.340027 4831433.309998 282.549988
463549.309998 4831433.369995 282.630005
463549.219971 4831433.410004 282.640015
463549.349976 4831433.390015 282.529999
463549.320007 4831433.269989 282.529999
463549.330017 4831433.350006 282.519989
463549.229980 4831433.390015 282.609985
463549.340027 4831433.320007 282.589996
463549.309998 4831433.250000 282.570007
463549.229980 4831433.399994 282.619995
463549.219971 4831433.390015 282.640015
463549.289978 4831433.329987 282.570007
463549.309998 4831433.380005 282.619995
463549.340027 4831433.380005 282.609985
463549.400024 4831433.190002 282.570007
463549.369995 4831433.209991 282.519989
463549.330017 4831433.190002 282.549988
463549.419983 4831433.059998 282.750000
463549.390015 4831433.079987 282.739990
463549.380005 4831433.040009 282.730011
463549.340027 4831433.070007 282.750000
463549.280029 4831433.019989 282.570007
463549.450012 4831433.269989 282.630005
463549.450012 4831433.220001 282.609985
463549.429993 4831433.179993 282.579987
463549.409973 4831433.190002 282.570007
463549.419983 4831433.190002 282.480011
463549.340027 4831433.140015 282.579987
463549.460022 4831433.059998 282.700012
463549.419983 4831433.079987 282.739990
463549.500000 4831433.040009 282.709991
463549.419983 4831433.079987 282.739990
463549.419983 4831433.079987 282.750000
463549.460022 4831433.049988 282.690002
463549.429993 4831433.070007 282.720001
463549.450012 4831433.029999 282.730011
463549.440002 4831433.040009 282.679993
463549.349976 4831433.089996 282.700012
463549.299988 4831433.119995 282.630005
463549.320007 4831433.059998 282.630005
463549.299988 4831433.079987 282.609985
463549.419983 4831433.320007 282.600006
463549.400024 4831433.299988 282.510010
463549.340027 4831433.250000 282.600006
463549.349976 4831433.200012 282.619995
463549.419983 4831433.160004 282.480011
463549.340027 4831433.179993 282.559998
463549.450012 4831433.079987 282.660004
463549.419983 4831433.089996 282.670013
463549.380005 4831433.160004 282.480011
463549.340027 4831433.149994 282.540009
463549.280029 4831433.160004 282.600006
463549.299988 4831433.119995 282.649994
463549.270020 4831433.130005 282.660004
463549.299988 4831433.140015 282.570007
463549.219971 4831433.119995 282.649994
463549.330017 4831433.239990 282.549988
463549.330017 4831433.410004 282.529999
463549.309998 4831433.369995 282.540009
463549.349976 4831433.350006 282.609985
463549.340027 4831433.109985 282.459991
463549.280029 4831433.309998 282.579987
463549.330017 4831433.290009 282.589996
463549.349976 4831433.250000 282.540009
463549.280029 4831433.339996 282.619995
463549.349976 4831433.279999 282.579987
463549.340027 4831433.290009 282.519989
463549.320007 4831433.359985 282.649994
463549.349976 4831433.329987 282.609985
463549.369995 4831433.299988 282.559998
463549.309998 4831433.369995 282.600006
463549.330017 4831433.339996 282.529999
463549.349976 4831433.329987 282.529999
463549.369995 4831433.339996 282.609985
463549.390015 4831433.309998 282.559998
463549.349976 4831433.350006 282.529999
463549.210022 4831433.380005 282.549988
463549.320007 4831433.369995 282.549988
463549.270020 4831433.369995 282.540009
463549.270020 4831433.329987 282.529999
463549.289978 4831433.279999 282.549988
463549.270020 4831433.290009 282.540009
463549.280029 4831433.079987 282.630005
463549.229980 4831433.119995 282.570007
463549.330017 4831433.390015 282.630005
463549.320007 4831433.410004 282.519989
463549.409973 4831433.170013 282.570007
463549.369995 4831433.290009 282.529999
463549.390015 4831433.279999 282.510010
463549.390015 4831433.350006 282.640015
463549.340027 4831433.410004 282.589996
463549.340027 4831433.399994 282.540009
463549.390015 4831433.380005 282.589996
463549.359985 4831433.239990 282.619995
463549.280029 4831433.380005 282.640015
463549.349976 4831433.329987 282.549988
463549.409973 4831433.380005 282.589996
463549.380005 4831433.390015 282.519989
463549.390015 4831433.420013 282.540009
463548.849976 4831433.480011 282.140015
463548.830017 4831433.500000 282.109985
463548.820007 4831433.500000 282.149994
463548.770020 4831433.480011 282.190002
463548.830017 4831433.480011 282.119995
463548.840027 4831433.500000 282.140015
463548.849976 4831433.519989 282.109985
463548.780029 4831433.489990 282.179993
463548.799988 4831433.510010 282.160004
463548.760010 4831433.510010 282.130005
463548.719971 4831433.450012 282.029999
463548.659973 4831433.489990 282.029999
463548.830017 4831433.510010 282.149994
463549.169983 4831433.450012 282.570007
463548.849976 4831433.519989 282.140015
463548.799988 4831433.510010 282.109985
463548.869995 4831433.489990 282.140015
463548.869995 4831433.489990 282.130005
463548.820007 4831433.480011 282.119995
463548.799988 4831433.529999 282.119995
463548.859985 4831433.500000 282.140015
463548.809998 4831433.519989 282.079987
463548.770020 4831433.480011 282.079987
463548.820007 4831433.519989 282.109985
463548.750000 4831433.489990 282.160004
463548.830017 4831433.489990 282.149994
463548.760010 4831433.510010 282.190002
463548.739990 4831433.529999 282.170013
463548.750000 4831433.459991 282.010010
463549.270020 4831433.440002 282.549988
463549.260010 4831433.459991 282.540009
463549.320007 4831433.480011 282.529999
463549.330017 4831433.440002 282.510010
463549.280029 4831433.450012 282.649994
463549.289978 4831433.429993 282.670013
463549.270020 4831433.440002 282.660004
463549.229980 4831433.429993 282.619995
463549.330017 4831433.429993 282.579987
463549.340027 4831433.450012 282.589996
463549.320007 4831433.450012 282.589996
463549.280029 4831433.429993 282.549988
463549.340027 4831433.450012 282.500000
463549.369995 4831433.429993 282.519989
463549.419983 4831433.450012 282.510010
463549.289978 4831433.470001 282.040009
463548.789978 4831433.619995 282.070007
463548.719971 4831433.570007 282.059998
463548.729980 4831433.579987 282.130005
463548.739990 4831433.589996 282.130005
463548.719971 4831433.579987 282.109985
463548.809998 4831433.570007 282.119995
463548.799988 4831433.549988 282.109985
463548.770020 4831433.579987 282.029999
463548.770020 4831433.549988 282.089996
463548.739990 4831433.600006 282.089996
463548.669983 4831433.619995 282.079987
463548.760010 4831433.609985 282.059998
463548.750000 4831433.579987 282.089996
463548.750000 4831433.609985 282.059998
463548.760010 4831433.589996 282.059998
463549.039978 4831433.579987 282.420013
463548.789978 4831433.559998 282.140015
463548.969971 4831433.619995 282.649994
463548.789978 4831433.600006 282.829987
463548.789978 4831433.579987 282.829987
463548.719971 4831433.609985 282.049988
463548.799988 4831433.549988 282.079987
463548.770020 4831433.549988 282.109985
463548.719971 4831433.579987 282.070007
463548.690002 4831433.579987 282.100006
463548.950012 4831433.589996 282.739990
463548.140015 4831433.220001 282.010010
463548.179993 4831433.109985 282.029999
463548.169983 4831433.109985 282.029999
463548.169983 4831433.140015 282.019989
463548.179993 4831433.100006 282.010010
463548.179993 4831433.100006 282.019989
463548.169983 4831433.149994 282.019989
463548.179993 4831433.140015 282.010010
463548.150024 4831433.059998 282.019989
463548.150024 4831433.089996 282.019989
463548.159973 4831433.049988 282.029999
463548.150024 4831433.089996 282.019989
463548.130005 4831433.000000 282.029999
463548.159973 4831433.100006 282.010010
463548.150024 4831433.019989 282.019989
463548.140015 4831433.170013 282.010010
463548.200012 4831433.010010 282.010010
463548.229980 4831433.089996 282.010010
463548.250000 4831433.160004 282.019989
463548.210022 4831432.989990 282.010010
