463549.130005 4831430.890015 280.640015
463549.119995 4831430.890015 280.700012
463549.169983 4831430.910004 280.399994
463549.159973 4831430.920013 280.440002
463549.109985 4831430.880005 280.600006
463549.099976 4831430.880005 280.660004
463549.099976 4831430.890015 280.700012
463549.159973 4831430.929993 280.440002
463549.109985 4831430.890015 280.600006
463549.090027 4831430.880005 280.660004
463549.090027 4831430.890015 280.700012
463549.109985 4831430.890015 280.459991
463549.090027 4831430.880005 280.540009
463549.070007 4831430.869995 280.619995
463549.099976 4831430.920013 280.619995
463549.059998 4831430.839996 280.369995
463549.059998 4831430.859985 280.410004
463549.049988 4831430.859985 280.470001
463549.039978 4831430.859985 280.399994
463549.049988 4831430.910004 280.519989
463549.020020 4831430.910004 280.450012
463549.169983 4831430.899994 280.970001
463549.150024 4831430.899994 281.029999
463549.099976 4831430.839996 280.579987
463549.099976 4831430.859985 280.619995
463549.080017 4831430.859985 280.679993
463549.099976 4831430.890015 280.709991
463549.049988 4831430.839996 280.500000
463549.049988 4831430.859985 280.540009
463549.049988 4831430.880005 280.579987
463549.059998 4831430.899994 280.619995
463549.080017 4831431.040009 280.899994
463549.080017 4831431.059998 280.940002
463549.020020 4831430.850006 280.369995
463549.020020 4831430.869995 280.399994
463549.030029 4831430.890015 280.440002
463549.030029 4831430.910004 280.470001
463548.989990 4831430.890015 280.359985
463549.140015 4831431.029999 280.950012
463549.150024 4831431.029999 280.899994
463549.179993 4831430.989990 280.899994
463549.169983 4831430.970001 280.869995
463549.119995 4831430.839996 280.489990
463549.119995 4831430.829987 280.450012
463549.119995 4831430.820007 280.410004
463549.109985 4831430.809998 280.380005
463549.169983 4831430.859985 280.690002
463549.159973 4831430.850006 280.660004
463549.179993 4831430.779999 281.179993
463549.179993 4831431.220001 281.179993
463549.140015 4831430.880005 280.579987
463549.130005 4831430.869995 280.549988
463549.169983 4831430.829987 280.589996
463549.070007 4831431.230011 281.059998
463549.150024 4831431.089996 281.059998
463549.130005 4831431.059998 281.059998
463549.140015 4831430.850006 280.609985
463549.130005 4831430.859985 280.549988
463549.119995 4831430.839996 280.519989
463549.099976 4831430.839996 280.410004
463549.179993 4831430.829987 280.549988
463549.140015 4831430.829987 280.359985
463549.190002 4831430.890015 280.720001
463549.200012 4831430.910004 280.750000
463549.159973 4831430.910004 280.890015
463549.159973 4831430.899994 280.959991
463549.169983 4831430.910004 281.000000
463549.169983 4831430.920013 281.049988
463549.169983 4831430.899994 281.220001
463549.130005 4831430.910004 280.679993
463549.140015 4831430.910004 280.970001
463549.140015 4831430.920013 281.019989
463549.150024 4831430.940002 281.029999
463549.159973 4831430.950012 281.070007
463549.119995 4831430.940002 280.959991
463549.140015 4831431.239990 281.239990
463549.080017 4831431.230011 281.190002
463549.150024 4831430.880005 281.079987
463549.159973 4831430.910004 281.089996
463549.059998 4831430.859985 280.600006
463549.020020 4831430.850006 280.410004
463549.020020 4831430.859985 280.450012
463549.030029 4831430.869995 280.480011
463548.989990 4831430.869995 280.329987
463549.130005 4831430.850006 280.779999
463549.099976 4831430.910004 280.980011
463549.080017 4831430.859985 280.760010
463549.080017 4831430.880005 280.790009
463549.049988 4831430.899994 280.679993
463549.049988 4831430.910004 280.730011
463549.059998 4831431.010010 280.899994
463549.059998 4831431.040009 280.920013
463549.059998 4831431.049988 280.970001
463549.059998 4831431.089996 281.019989
463549.059998 4831431.109985 281.070007
463549.070007 4831431.130005 281.089996
463549.080017 4831431.149994 281.109985
463549.080017 4831431.170013 281.140015
463549.080017 4831431.190002 281.170013
463549.010010 4831430.869995 280.489990
463549.010010 4831430.890015 280.529999
463549.020020 4831430.920013 280.549988
463548.979980 4831430.850006 280.320007
463548.979980 4831430.869995 280.339996
463549.000000 4831431.220001 281.130005
463549.080017 4831431.239990 281.230011
463549.070007 4831431.220001 281.179993
463549.049988 4831431.200012 281.149994
463549.039978 4831431.190002 281.070007
463549.070007 4831431.140015 281.160004
463549.059998 4831431.140015 281.059998
463549.049988 4831431.119995 281.040009
463549.090027 4831431.109985 281.029999
463549.080017 4831431.089996 280.980011
463549.059998 4831431.070007 280.950012
463549.099976 4831431.040009 280.920013
463549.070007 4831431.000000 280.869995
463549.070007 4831430.910004 280.950012
463549.070007 4831430.920013 280.709991
463549.049988 4831430.910004 280.630005
463549.039978 4831430.890015 280.559998
463549.030029 4831430.869995 280.510010
463549.020020 4831430.859985 280.459991
463549.140015 4831430.910004 281.179993
463549.130005 4831430.899994 281.049988
463549.119995 4831430.890015 280.940002
463549.109985 4831430.880005 280.850006
463549.099976 4831430.869995 280.769989
463549.090027 4831430.859985 280.660004
463549.080017 4831430.850006 280.549988
463549.179993 4831430.880005 281.260010
463549.169983 4831430.869995 281.109985
463549.140015 4831430.850006 280.790009
463549.090027 4831431.200012 281.149994
463549.140015 4831430.910004 281.179993
463549.130005 4831430.890015 280.910004
463549.109985 4831430.880005 280.869995
463549.080017 4831430.890015 280.720001
463549.049988 4831430.899994 280.579987
463549.020020 4831430.899994 280.440002
463549.090027 4831430.890015 280.440002
463549.059998 4831430.859985 280.380005
463549.000000 4831430.899994 280.440002
463549.030029 4831430.929993 280.559998
463549.080017 4831431.179993 281.109985
463549.049988 4831430.910004 280.700012
463549.059998 4831430.940002 280.769989
463549.070007 4831430.970001 280.809998
463549.020020 4831430.910004 280.549988
463549.030029 4831430.940002 280.619995
463549.000000 4831430.959991 280.529999
463549.039978 4831430.959991 280.320007
463549.039978 4831431.170013 281.040009
463548.950012 4831430.910004 280.320007
463548.960022 4831430.929993 280.320007
463548.960022 4831430.910004 280.350006
463548.969971 4831430.950012 280.390015
463548.960022 4831430.899994 280.329987
463548.979980 4831430.970001 280.429993
463548.960022 4831430.940002 280.320007
463548.940002 4831430.899994 280.339996
463548.960022 4831430.920013 280.329987
463548.969971 4831430.920013 280.339996
463548.979980 4831430.890015 280.390015
463548.989990 4831430.929993 280.480011
463549.000000 4831430.959991 280.519989
463549.039978 4831430.970001 280.329987
463549.030029 4831431.160004 281.040009
463549.039978 4831431.200012 281.089996
463549.049988 4831431.239990 281.140015
463548.989990 4831430.869995 280.339996
463549.000000 4831430.920013 280.459991
463549.010010 4831430.940002 280.489990
463549.039978 4831431.170013 281.029999
463549.049988 4831431.200012 281.089996
463549.059998 4831431.079987 280.890015
463549.030029 4831430.920013 280.700012
463549.049988 4831430.950012 280.730011
463549.059998 4831430.980011 280.799988
463549.049988 4831431.070007 280.890015
463549.010010 4831430.920013 280.519989
463549.010010 4831430.959991 280.619995
463549.030029 4831431.079987 280.890015
463549.049988 4831431.160004 281.049988
463549.059998 4831431.200012 281.100006
463548.979980 4831430.899994 280.440002
463548.989990 4831430.940002 280.519989
463549.010010 4831430.970001 280.529999
463549.030029 4831431.170013 281.070007
463549.039978 4831431.200012 281.089996
463548.960022 4831430.899994 280.329987
463548.979980 4831430.970001 280.440002
463549.150024 4831430.910004 280.950012
463549.130005 4831430.980011 281.109985
463549.150024 4831431.000000 281.089996
463549.090027 4831430.980011 281.000000
463549.140015 4831430.899994 280.959991
463549.119995 4831430.980011 281.130005
463549.140015 4831431.000000 281.109985
463549.080017 4831430.929993 281.299988
463549.099976 4831430.940002 281.260010
463549.150024 4831430.910004 281.079987
463549.140015 4831430.970001 281.209991
463549.150024 4831431.000000 281.200012
463549.150024 4831431.000000 281.160004
463549.109985 4831430.970001 281.049988
463549.119995 4831431.000000 281.059998
463549.000000 4831430.970001 280.589996
463549.010010 4831431.000000 280.589996
463549.169983 4831430.970001 281.179993
463549.169983 4831430.970001 281.239990
463549.179993 4831430.859985 280.890015
463549.179993 4831430.899994 281.040009
463549.200012 4831430.829987 280.890015
463549.200012 4831430.929993 281.239990
463549.020020 4831430.940002 280.359985
463549.159973 4831431.000000 280.970001
463549.150024 4831430.989990 280.859985
463549.130005 4831430.970001 280.649994
463549.109985 4831431.220001 281.140015
463549.109985 4831431.089996 281.100006
463549.119995 4831431.000000 280.940002
463549.049988 4831431.010010 280.809998
463549.070007 4831431.070007 280.839996
463549.080017 4831431.029999 280.739990
463549.030029 4831430.980011 280.540009
463549.039978 4831430.970001 280.489990
463548.940002 4831431.339996 281.140015
463548.969971 4831430.970001 280.480011
463548.979980 4831430.970001 280.420013
463549.000000 4831430.980011 280.390015
463549.010010 4831430.970001 280.339996
463549.020020 4831430.980011 280.309998
463548.960022 4831430.989990 280.399994
463548.969971 4831430.989990 280.350006
463548.960022 4831431.279999 281.100006
463548.919983 4831430.940002 280.309998
463548.979980 4831430.940002 280.329987
463548.969971 4831430.940002 280.380005
463548.969971 4831430.940002 280.440002
463549.030029 4831430.920013 280.450012
463549.030029 4831430.940002 280.519989
463549.030029 4831430.950012 280.570007
463549.030029 4831430.970001 280.640015
463549.119995 4831430.959991 280.989990
463549.200012 4831430.839996 280.929993
463549.070007 4831431.130005 280.989990
463549.010010 4831430.989990 280.320007
463549.000000 4831430.970001 280.359985
463549.000000 4831430.959991 280.459991
463549.059998 4831431.029999 280.809998
463549.049988 4831430.940002 280.529999
463549.090027 4831430.980011 280.790009
463549.109985 4831431.010010 280.980011
463549.109985 4831430.940002 280.839996
463549.130005 4831430.959991 280.929993
463549.140015 4831430.970001 280.989990
463549.150024 4831430.980011 281.049988
463549.200012 4831430.959991 281.200012
463549.200012 4831430.959991 281.299988
463549.190002 4831430.859985 280.859985
463549.179993 4831430.850006 280.899994
463549.059998 4831431.220001 281.049988
463549.080017 4831431.230011 281.119995
463549.059998 4831431.149994 280.980011
463549.070007 4831431.119995 280.890015
463549.059998 4831431.010010 280.809998
463549.020020 4831430.970001 280.489990
463549.039978 4831430.980011 280.549988
463549.049988 4831430.980011 280.619995
463549.080017 4831430.989990 280.690002
463549.090027 4831430.989990 280.760010
463549.099976 4831430.980011 280.820007
463549.109985 4831430.980011 280.880005
463549.119995 4831430.980011 280.929993
463549.140015 4831430.980011 280.989990
463549.140015 4831430.980011 281.040009
463549.169983 4831430.989990 281.119995
463549.169983 4831430.980011 281.160004
463549.190002 4831430.980011 281.290009
463549.080017 4831430.950012 280.549988
463549.099976 4831430.950012 280.660004
463549.119995 4831430.950012 280.730011
463549.119995 4831430.950012 280.779999
463549.130005 4831430.940002 280.820007
463549.140015 4831430.950012 280.890015
463549.169983 4831430.959991 280.970001
463549.179993 4831430.959991 281.029999
463549.190002 4831430.950012 281.089996
463549.190002 4831430.940002 281.149994
463549.030029 4831430.920013 280.709991
463549.030029 4831430.940002 280.730011
463549.030029 4831430.980011 280.839996
463549.030029 4831431.130005 280.970001
463548.969971 4831430.899994 280.440002
463548.969971 4831430.929993 280.459991
463549.200012 4831430.799988 280.980011
463549.200012 4831430.839996 280.929993
463549.140015 4831430.869995 280.869995
463549.119995 4831430.920013 281.059998
463549.099976 4831430.940002 281.160004
463549.049988 4831430.929993 281.190002
463549.070007 4831430.989990 280.970001
463549.039978 4831431.209991 281.109985
463549.039978 4831431.230011 281.140015
463549.030029 4831431.260010 281.170013
463549.030029 4831431.279999 281.200012
463549.020020 4831431.019989 280.850006
463549.020020 4831431.049988 280.850006
463549.010010 4831431.070007 280.859985
463549.010010 4831431.089996 280.910004
463549.000000 4831431.109985 280.920013
463549.000000 4831431.130005 280.970001
463549.000000 4831431.160004 280.980011
463548.979980 4831431.230011 281.119995
463548.950012 4831430.910004 280.350006
463549.020020 4831431.179993 281.100006
463548.940002 4831430.920013 280.470001
463549.030029 4831430.890015 280.399994
463549.000000 4831430.899994 280.489990
463549.030029 4831430.880005 280.510010
463548.969971 4831430.899994 280.630005
463549.080017 4831430.970001 280.809998
463549.109985 4831430.950012 280.929993
463549.169983 4831430.910004 281.209991
463549.169983 4831430.910004 281.260010
463549.179993 4831430.899994 281.299988
463549.070007 4831431.079987 280.950012
463548.979980 4831430.929993 280.320007
463548.979980 4831430.940002 280.380005
463548.989990 4831430.940002 280.410004
463549.010010 4831430.950012 280.609985
463549.030029 4831430.940002 280.640015
463549.030029 4831430.940002 280.700012
463549.059998 4831430.929993 280.709991
463549.140015 4831430.929993 281.059998
463549.200012 4831430.880005 281.010010
463549.140015 4831430.940002 281.170013
463549.169983 4831430.920013 281.190002
463549.150024 4831430.940002 281.279999
463549.169983 4831430.950012 281.230011
463549.179993 4831430.950012 281.279999
463548.979980 4831430.899994 280.410004
463549.030029 4831430.910004 280.579987
463549.039978 4831430.920013 280.630005
463548.989990 4831430.910004 280.399994
463549.039978 4831430.929993 280.570007
463549.049988 4831430.940002 280.619995
463548.969971 4831431.230011 281.119995
463549.059998 4831431.170013 281.220001
463549.039978 4831431.089996 281.040009
463549.039978 4831430.890015 280.630005
463549.190002 4831431.260010 281.220001
463549.200012 4831430.829987 281.220001
463549.169983 4831430.829987 281.049988
463549.159973 4831430.890015 280.359985
463549.099976 4831430.850006 280.750000
463549.090027 4831430.859985 280.700012
463549.090027 4831430.869995 280.640015
463549.140015 4831430.869995 280.350006
463549.169983 4831430.760010 280.809998
463549.130005 4831430.790009 280.790009
463549.109985 4831430.799988 280.769989
463549.090027 4831430.809998 280.739990
463549.070007 4831430.829987 280.670013
463549.059998 4831430.850006 280.559998
463549.039978 4831430.859985 280.549988
463549.159973 4831430.739990 280.799988
463549.109985 4831430.769989 280.790009
463549.099976 4831430.779999 280.750000
463549.099976 4831430.790009 280.679993
463549.080017 4831430.799988 280.649994
463549.070007 4831430.809998 280.630005
463549.049988 4831430.829987 280.540009
463549.039978 4831430.839996 280.510010
463549.049988 4831430.799988 280.519989
463549.039978 4831430.809998 280.480011
463549.030029 4831430.820007 280.450012
463549.010010 4831430.829987 280.429993
463549.000000 4831430.850006 280.320007
463549.039978 4831430.769989 280.500000
463549.030029 4831430.779999 280.450012
463549.020020 4831430.790009 280.410004
463549.010010 4831430.779999 280.309998
463549.080017 4831431.079987 281.100006
463549.099976 4831431.040009 280.959991
463549.099976 4831430.980011 280.880005
463549.190002 4831430.809998 281.000000
463549.179993 4831430.829987 280.950012
463549.140015 4831430.859985 280.920013
463549.140015 4831430.809998 280.739990
463549.070007 4831430.809998 280.529999
463549.049988 4831430.829987 280.510010
463549.059998 4831430.839996 280.440002
463549.059998 4831430.779999 280.320007
463549.030029 4831430.799988 280.309998
463548.989990 4831430.970001 280.320007
463549.000000 4831430.970001 280.390015
463549.010010 4831430.970001 280.489990
463549.020020 4831430.970001 280.559998
463549.039978 4831430.970001 280.649994
463549.049988 4831430.970001 280.730011
463549.070007 4831430.970001 280.799988
463549.099976 4831430.959991 280.940002
463549.119995 4831430.970001 281.040009
463549.140015 4831430.959991 281.109985
463549.090027 4831431.000000 280.459991
463549.059998 4831431.130005 280.950012
463549.070007 4831431.190002 281.059998
463549.109985 4831430.970001 280.970001
463549.130005 4831430.980011 281.049988
463549.159973 4831430.989990 281.140015
463549.010010 4831430.959991 280.429993
463549.039978 4831431.000000 280.609985
463549.059998 4831431.059998 280.850006
463549.039978 4831431.220001 281.059998
463549.059998 4831431.230011 281.119995
463549.109985 4831430.910004 281.230011
463549.070007 4831430.869995 280.890015
463549.020020 4831430.910004 280.790009
463549.020020 4831430.839996 280.480011
463549.000000 4831430.850006 280.519989
463548.979980 4831430.859985 280.519989
463548.950012 4831430.890015 280.429993
463549.039978 4831430.880005 280.769989
463549.030029 4831430.829987 280.600006
463549.000000 4831430.839996 280.600006
463549.099976 4831430.859985 280.480011
463549.049988 4831431.220001 281.109985
463549.179993 4831430.929993 280.890015
463549.150024 4831430.880005 280.649994
463549.099976 4831430.859985 280.500000
463549.119995 4831431.029999 280.859985
463549.090027 4831430.920013 280.459991
463549.229980 4831430.970001 280.559998
463549.210022 4831430.880005 280.980011
463549.210022 4831430.880005 280.929993
463549.210022 4831430.859985 280.890015
463549.219971 4831430.859985 281.290009
463549.229980 4831430.859985 281.230011
463549.229980 4831430.839996 281.130005
463549.299988 4831430.850006 281.279999
463549.309998 4831430.839996 281.230011
463549.349976 4831430.730011 280.940002
463549.429993 4831430.730011 281.019989
463549.409973 4831430.700012 281.000000
463549.400024 4831430.679993 280.980011
463549.419983 4831430.720001 280.980011
463549.489990 4831430.690002 281.119995
463549.479980 4831430.690002 281.079987
463549.260010 4831430.869995 281.230011
463549.260010 4831430.880005 281.160004
463549.239990 4831430.859985 281.140015
463549.239990 4831430.899994 281.040009
463549.229980 4831430.880005 281.019989
463549.219971 4831430.880005 280.959991
463549.210022 4831430.880005 280.920013
463549.349976 4831430.779999 280.940002
463549.400024 4831430.739990 280.970001
463549.390015 4831430.720001 280.940002
463549.460022 4831430.690002 281.070007
463549.460022 4831430.700012 281.010010
463549.520020 4831430.670013 281.079987
463549.409973 4831430.720001 281.119995
463549.270020 4831430.779999 280.959991
463549.280029 4831430.809998 280.940002
463549.210022 4831430.899994 281.109985
463549.210022 4831430.899994 281.190002
463549.210022 4831430.910004 281.299988
463549.409973 4831430.670013 281.160004
463549.419983 4831430.690002 281.170013
463549.359985 4831430.690002 281.119995
463549.380005 4831430.709991 281.130005
463549.429993 4831430.679993 281.160004
463549.380005 4831430.700012 281.119995
463549.349976 4831430.709991 281.049988
463549.330017 4831430.690002 281.059998
463549.429993 4831430.649994 281.170013
463549.219971 4831430.790009 280.899994
463549.340027 4831430.750000 281.049988
463549.219971 4831430.880005 281.290009
463549.239990 4831430.829987 280.859985
463549.229980 4831430.799988 280.880005
463549.309998 4831430.769989 280.980011
463549.380005 4831430.739990 281.130005
463549.309998 4831430.760010 281.059998
463549.330017 4831430.790009 281.079987
463549.219971 4831430.820007 280.959991
463549.219971 4831430.820007 280.920013
463549.210022 4831430.829987 281.019989
463549.299988 4831430.769989 281.019989
463549.400024 4831430.739990 281.130005
463549.400024 4831430.720001 281.140015
463549.219971 4831430.850006 280.899994
463549.219971 4831430.839996 280.940002
463549.270020 4831430.839996 280.940002
463549.270020 4831430.820007 280.980011
463549.340027 4831430.809998 281.070007
463549.320007 4831430.779999 281.059998
463549.270020 4831430.839996 280.940002
463549.280029 4831430.850006 280.910004
463549.219971 4831430.880005 280.880005
463549.229980 4831430.890015 280.850006
463549.210022 4831430.850006 280.920013
463549.229980 4831430.880005 280.920013
463549.330017 4831430.760010 281.100006
463549.229980 4831430.829987 280.929993
463549.219971 4831430.809998 280.950012
463549.280029 4831430.799988 281.000000
463549.340027 4831430.779999 281.059998
463549.349976 4831430.790009 281.119995
463549.219971 4831430.959991 281.230011
463549.210022 4831430.869995 280.850006
463549.210022 4831430.850006 280.890015
463549.280029 4831430.829987 280.970001
463549.280029 4831430.779999 281.049988
463549.280029 4831430.809998 281.049988
463549.239990 4831430.799988 280.980011
463549.239990 4831430.829987 280.959991
463549.309998 4831430.779999 281.089996
463549.280029 4831430.880005 281.279999
463549.219971 4831430.850006 281.269989
463549.250000 4831430.709991 280.899994
463549.219971 4831430.839996 281.200012
463549.219971 4831430.850006 281.160004
463549.219971 4831430.869995 281.100006
463549.210022 4831430.880005 281.059998
463549.299988 4831430.790009 281.049988
463549.349976 4831430.769989 281.049988
463549.359985 4831430.750000 281.109985
463549.380005 4831430.739990 281.140015
463549.210022 4831430.890015 280.899994
463549.299988 4831430.760010 281.079987
463549.219971 4831430.799988 281.010010
463549.239990 4831430.700012 280.989990
463549.219971 4831430.720001 280.950012
463549.280029 4831430.820007 280.880005
463549.479980 4831430.700012 281.149994
463549.409973 4831430.750000 281.089996
463549.239990 4831430.920013 281.209991
463549.229980 4831430.899994 281.140015
463549.229980 4831430.890015 281.100006
463549.270020 4831430.809998 280.890015
463549.219971 4831430.910004 280.890015
