2.812600100000000225e+02 4.831432970000999980e+06 4.635481599730000016e+05
2.811400150000000053e+02 4.831432970000999980e+06 4.635481500239999732e+05
2.812699890000000096e+02 4.831432940001999959e+06 4.635481400150000118e+05
2.810100100000000225e+02 4.831432850006000139e+06 4.635483599849999882e+05
2.810499879999999848e+02 4.831432869994999841e+06 4.635482399899999727e+05
2.811000060000000076e+02 4.831432880005000159e+06 4.635482399899999727e+05
2.811700129999999831e+02 4.831432890014999546e+06 4.635482199709999841e+05
2.811799930000000245e+02 4.831432929992999882e+06 4.635482299800000037e+05
2.810499879999999848e+02 4.831432869994999841e+06 4.635482899779999861e+05
2.810299989999999752e+02 4.831432820007000118e+06 4.635484000239999732e+05
2.810100100000000225e+02 4.831432829986999743e+06 4.635483800049999845e+05
2.811199950000000172e+02 4.831432799987999722e+06 4.635483499760000268e+05
2.810899959999999851e+02 4.831432859985000454e+06 4.635483599849999882e+05
2.810100100000000225e+02 4.831432890014999546e+06 4.635482500000000000e+05
2.810799870000000169e+02 4.831432910004000179e+06 4.635482299800000037e+05
2.811199950000000172e+02 4.831432920013000257e+06 4.635482100220000139e+05
2.820499879999999848e+02 4.831432730011000298e+06 4.635482999880000134e+05
2.821000060000000076e+02 4.831432700012000278e+06 4.635482800290000159e+05
2.821199950000000172e+02 4.831432730011000298e+06 4.635482999880000134e+05
2.821600040000000149e+02 4.831432779999000020e+06 4.635483200070000021e+05
2.821300049999999828e+02 4.831432730011000298e+06 4.635482700199999963e+05
2.820799870000000169e+02 4.831432709990999661e+06 4.635482000119999866e+05
2.821199950000000172e+02 4.831432679992999882e+06 4.635482299800000037e+05
2.821099849999999947e+02 4.831432700012000278e+06 4.635482500000000000e+05
2.812300109999999904e+02 4.831432940001999959e+06 4.635481900020000176e+05
2.811600040000000149e+02 4.831432929992999882e+06 4.635482100220000139e+05
2.811000060000000076e+02 4.831432910004000179e+06 4.635482299800000037e+05
2.810400089999999977e+02 4.831432890014999546e+06 4.635482500000000000e+05
2.815299989999999752e+02 4.831432790009000339e+06 4.635484799800000037e+05
2.820199890000000096e+02 4.831432730011000298e+06 4.635482899779999861e+05
2.819899899999999775e+02 4.831432670013000257e+06 4.635482399899999727e+05
2.810700069999999755e+02 4.831432910004000179e+06 4.635482399899999727e+05
2.820899959999999851e+02 4.831432709990999661e+06 4.635483499760000268e+05
2.820700069999999755e+02 4.831432679992999882e+06 4.635482700199999963e+05
2.820799870000000169e+02 4.831432690001999959e+06 4.635482600100000273e+05
2.820599980000000073e+02 4.831432690001999959e+06 4.635482600100000273e+05
2.821300049999999828e+02 4.831432700012000278e+06 4.635483499760000268e+05
2.821600040000000149e+02 4.831432739989999682e+06 4.635483599849999882e+05
2.821300049999999828e+02 4.831432700012000278e+06 4.635482999880000134e+05
2.821600040000000149e+02 4.831432720000999980e+06 4.635482700199999963e+05
2.820599980000000073e+02 4.831432690001999959e+06 4.635482299800000037e+05
2.821600040000000149e+02 4.831432709990999661e+06 4.635482500000000000e+05
2.821499939999999924e+02 4.831432690001999959e+06 4.635482399899999727e+05
2.821499939999999924e+02 4.831432730011000298e+06 4.635482500000000000e+05
2.821400150000000053e+02 4.831432690001999959e+06 4.635482399899999727e+05
2.821099849999999947e+02 4.831432700012000278e+06 4.635482500000000000e+05
2.819899899999999775e+02 4.831432660004000179e+06 4.635482700199999963e+05
2.819899899999999775e+02 4.831432649993999861e+06 4.635482000119999866e+05
2.820299989999999752e+02 4.831432690001999959e+06 4.635482800290000159e+05
2.820199890000000096e+02 4.831432700012000278e+06 4.635482800290000159e+05
2.820400089999999977e+02 4.831432679992999882e+06 4.635482600100000273e+05
2.820299989999999752e+02 4.831432700012000278e+06 4.635482800290000159e+05
2.820299989999999752e+02 4.831432670013000257e+06 4.635482299800000037e+05
2.821099849999999947e+02 4.831432700012000278e+06 4.635482700199999963e+05
2.820400089999999977e+02 4.831432679992999882e+06 4.635481799929999979e+05
2.820299989999999752e+02 4.831432690001999959e+06 4.635482399899999727e+05
2.815100100000000225e+02 4.831432760010000318e+06 4.635485700070000021e+05
2.810299989999999752e+02 4.831432910004000179e+06 4.635482399899999727e+05
2.810400089999999977e+02 4.831432899993999861e+06 4.635482299800000037e+05
2.820899959999999851e+02 4.831432720000999980e+06 4.635482899779999861e+05
2.820799870000000169e+02 4.831432730011000298e+06 4.635482899779999861e+05
2.820799870000000169e+02 4.831432730011000298e+06 4.635482700199999963e+05
2.820700069999999755e+02 4.831432720000999980e+06 4.635482899779999861e+05
2.821000060000000076e+02 4.831432730011000298e+06 4.635482700199999963e+05
2.821000060000000076e+02 4.831432709990999661e+06 4.635482800290000159e+05
2.820700069999999755e+02 4.831432670013000257e+06 4.635482399899999727e+05
2.820899959999999851e+02 4.831432700012000278e+06 4.635482299800000037e+05
2.821099849999999947e+02 4.831432709990999661e+06 4.635482600100000273e+05
2.821300049999999828e+02 4.831432720000999980e+06 4.635482000119999866e+05
2.811000060000000076e+02 4.831432899993999861e+06 4.635482399899999727e+05
2.820499879999999848e+02 4.831432700012000278e+06 4.635482899779999861e+05
2.810400089999999977e+02 4.831432890014999546e+06 4.635482800290000159e+05
2.820700069999999755e+02 4.831432769988999702e+06 4.635482399899999727e+05
2.811700129999999831e+02 4.831432850006000139e+06 4.635483099979999824e+05
2.819899899999999775e+02 4.831432670013000257e+06 4.635482700199999963e+05
2.819899899999999775e+02 4.831432649993999861e+06 4.635482700199999963e+05
2.812000120000000152e+02 4.831432890014999546e+06 4.635482700199999963e+05
2.811900019999999927e+02 4.831432899993999861e+06 4.635482500000000000e+05
2.820599980000000073e+02 4.831432730011000298e+06 4.635482700199999963e+05
2.820700069999999755e+02 4.831432720000999980e+06 4.635482899779999861e+05
2.821099849999999947e+02 4.831432690001999959e+06 4.635482399899999727e+05
2.810299989999999752e+02 4.831432910004000179e+06 4.635482500000000000e+05
2.820299989999999752e+02 4.831432679992999882e+06 4.635482199709999841e+05
2.820599980000000073e+02 4.831432709990999661e+06 4.635483400269999984e+05
2.821199950000000172e+02 4.831432679992999882e+06 4.635483099979999824e+05
2.820100100000000225e+02 4.831432739989999682e+06 4.635482999880000134e+05
2.820199890000000096e+02 4.831432670013000257e+06 4.635482299800000037e+05
2.820000000000000000e+02 4.831432700012000278e+06 4.635482700199999963e+05
2.819899899999999775e+02 4.831433299987999722e+06 4.635486099849999882e+05
2.821900019999999927e+02 4.831433480011000298e+06 4.635487700199999963e+05
2.821799930000000245e+02 4.831433489989999682e+06 4.635487800290000159e+05
2.821600040000000149e+02 4.831433510010000318e+06 4.635487999880000134e+05
2.821300049999999828e+02 4.831433510010000318e+06 4.635487600100000273e+05
2.820299989999999752e+02 4.831433450012000278e+06 4.635487199709999841e+05
2.820299989999999752e+02 4.831433489989999682e+06 4.635486599730000016e+05
2.821099849999999947e+02 4.831433510010000318e+06 4.635487999880000134e+05
2.819100040000000149e+02 4.831433529999000020e+06 4.635487100220000139e+05
2.819500120000000152e+02 4.831433519988999702e+06 4.635487500000000000e+05
2.819700010000000248e+02 4.831433500000000000e+06 4.635487399899999727e+05
2.818800049999999828e+02 4.831433529999000020e+06 4.635487000119999866e+05
2.821199950000000172e+02 4.831433529999000020e+06 4.635487999880000134e+05
2.820799870000000169e+02 4.831433480011000298e+06 4.635487700199999963e+05
2.821600040000000149e+02 4.831433489989999682e+06 4.635487500000000000e+05
2.821900019999999927e+02 4.831433510010000318e+06 4.635487600100000273e+05
2.821700129999999831e+02 4.831433529999000020e+06 4.635487399899999727e+05
2.819700010000000248e+02 4.831433459990999661e+06 4.635487700199999963e+05
2.819700010000000248e+02 4.831433470000999980e+06 4.635487500000000000e+05
2.819299930000000245e+02 4.831433500000000000e+06 4.635487100220000139e+05
2.819599910000000023e+02 4.831433489989999682e+06 4.635487800290000159e+05
2.819500120000000152e+02 4.831433450012000278e+06 4.635487800290000159e+05
2.818900150000000053e+02 4.831433519988999702e+06 4.635487100220000139e+05
2.820100100000000225e+02 4.831433459990999661e+06 4.635487500000000000e+05
2.818800049999999828e+02 4.831433519988999702e+06 4.635487100220000139e+05
2.819700010000000248e+02 4.831433480011000298e+06 4.635487999880000134e+05
2.820000000000000000e+02 4.831433670013000257e+06 4.635487500000000000e+05
2.820700069999999755e+02 4.831433619994999841e+06 4.635487899779999861e+05
2.820599980000000073e+02 4.831433570007000118e+06 4.635487199709999841e+05
2.821300049999999828e+02 4.831433579986999743e+06 4.635487299800000037e+05
2.821300049999999828e+02 4.831433589995999821e+06 4.635487399899999727e+05
2.821099849999999947e+02 4.831433579986999743e+06 4.635487199709999841e+05
2.821099849999999947e+02 4.831433549987999722e+06 4.635487999880000134e+05
2.820299989999999752e+02 4.831433579986999743e+06 4.635487700199999963e+05
2.820899959999999851e+02 4.831433549987999722e+06 4.635487700199999963e+05
2.820899959999999851e+02 4.831433600006000139e+06 4.635487399899999727e+05
2.820899959999999851e+02 4.831433679992999882e+06 4.635487500000000000e+05
2.820799870000000169e+02 4.831433619994999841e+06 4.635486699830000289e+05
2.820799870000000169e+02 4.831433679992999882e+06 4.635486300049999845e+05
2.819500120000000152e+02 4.831433739989999682e+06 4.635487800290000159e+05
2.820000000000000000e+02 4.831433769988999702e+06 4.635487999880000134e+05
2.819899899999999775e+02 4.831433649993999861e+06 4.635487700199999963e+05
2.820599980000000073e+02 4.831433649993999861e+06 4.635486199950000155e+05
2.820499879999999848e+02 4.831433649993999861e+06 4.635486699830000289e+05
2.820899959999999851e+02 4.831433679992999882e+06 4.635487399899999727e+05
2.820899959999999851e+02 4.831433700012000278e+06 4.635487399899999727e+05
2.821099849999999947e+02 4.831433630005000159e+06 4.635487100220000139e+05
2.821099849999999947e+02 4.831433679992999882e+06 4.635487199709999841e+05
2.820000000000000000e+02 4.831433690001999959e+06 4.635487899779999861e+05
2.820599980000000073e+02 4.831433660004000179e+06 4.635487199709999841e+05
2.820599980000000073e+02 4.831433609985000454e+06 4.635487600100000273e+05
2.820799870000000169e+02 4.831433670013000257e+06 4.635487100220000139e+05
2.820700069999999755e+02 4.831433739989999682e+06 4.635487399899999727e+05
2.820599980000000073e+02 4.831433640014999546e+06 4.635487000119999866e+05
2.820799870000000169e+02 4.831433739989999682e+06 4.635487399899999727e+05
2.820899959999999851e+02 4.831433730011000298e+06 4.635487299800000037e+05
2.821000060000000076e+02 4.831433700012000278e+06 4.635487299800000037e+05
2.821099849999999947e+02 4.831433750000000000e+06 4.635487700199999963e+05
2.821199950000000172e+02 4.831433720000999980e+06 4.635487100220000139e+05
2.821099849999999947e+02 4.831433720000999980e+06 4.635487899779999861e+05
2.821099849999999947e+02 4.831433750000000000e+06 4.635487899779999861e+05
2.821099849999999947e+02 4.831433730011000298e+06 4.635487500000000000e+05
2.821300049999999828e+02 4.831433700012000278e+06 4.635487000119999866e+05
2.821099849999999947e+02 4.831433730011000298e+06 4.635486900020000176e+05
2.819800109999999904e+02 4.831433619994999841e+06 4.635487700199999963e+05
2.819700010000000248e+02 4.831433570007000118e+06 4.635487700199999963e+05
2.819200129999999831e+02 4.831433690001999959e+06 4.635487899779999861e+05
2.821199950000000172e+02 4.831433649993999861e+06 4.635486900020000176e+05
2.820199890000000096e+02 4.831433709990999661e+06 4.635487999880000134e+05
2.819700010000000248e+02 4.831433750000000000e+06 4.635487500000000000e+05
2.819800109999999904e+02 4.831433640014999546e+06 4.635487800290000159e+05
2.820400089999999977e+02 4.831433769988999702e+06 4.635487000119999866e+05
2.820199890000000096e+02 4.831433709990999661e+06 4.635487999880000134e+05
2.820599980000000073e+02 4.831433649993999861e+06 4.635486599730000016e+05
2.820899959999999851e+02 4.831433579986999743e+06 4.635487500000000000e+05
2.820599980000000073e+02 4.831433609985000454e+06 4.635487500000000000e+05
2.820899959999999851e+02 4.831433630005000159e+06 4.635487500000000000e+05
2.820499879999999848e+02 4.831433649993999861e+06 4.635487100220000139e+05
2.820799870000000169e+02 4.831433700012000278e+06 4.635487100220000139e+05
2.820899959999999851e+02 4.831433640014999546e+06 4.635487600100000273e+05
2.820799870000000169e+02 4.831433640014999546e+06 4.635487000119999866e+05
2.821600040000000149e+02 4.831433720000999980e+06 4.635486599730000016e+05
2.821099849999999947e+02 4.831433829986999743e+06 4.635487999880000134e+05
2.821099849999999947e+02 4.831433709990999661e+06 4.635487399899999727e+05
2.821400150000000053e+02 4.831433720000999980e+06 4.635486500239999732e+05
2.821199950000000172e+02 4.831433760010000318e+06 4.635487899779999861e+05
2.821000060000000076e+02 4.831433839995999821e+06 4.635487899779999861e+05
2.821099849999999947e+02 4.831433690001999959e+06 4.635486900020000176e+05
2.819299930000000245e+02 4.831433690001999959e+06 4.635487600100000273e+05
2.819899899999999775e+02 4.831433609985000454e+06 4.635487899779999861e+05
2.820100100000000225e+02 4.831433760010000318e+06 4.635487800290000159e+05
2.820599980000000073e+02 4.831433589995999821e+06 4.635487600100000273e+05
2.821300049999999828e+02 4.831433679992999882e+06 4.635487199709999841e+05
2.821000060000000076e+02 4.831433670013000257e+06 4.635487500000000000e+05
2.821400150000000053e+02 4.831433559998000041e+06 4.635487899779999861e+05
2.819299930000000245e+02 4.831433549987999722e+06 4.635487299800000037e+05
2.819200129999999831e+02 4.831433549987999722e+06 4.635487299800000037e+05
2.818999939999999924e+02 4.831433549987999722e+06 4.635487199709999841e+05
2.820499879999999848e+02 4.831433609985000454e+06 4.635487199709999841e+05
2.820799870000000169e+02 4.831433549987999722e+06 4.635487999880000134e+05
2.820799870000000169e+02 4.831433630005000159e+06 4.635487299800000037e+05
2.821099849999999947e+02 4.831433549987999722e+06 4.635487700199999963e+05
2.819599910000000023e+02 4.831433690001999959e+06 4.635487399899999727e+05
2.820000000000000000e+02 4.831433679992999882e+06 4.635487600100000273e+05
2.819899899999999775e+02 4.831433670013000257e+06 4.635487800290000159e+05
2.820299989999999752e+02 4.831433670013000257e+06 4.635486900020000176e+05
2.819700010000000248e+02 4.831433630005000159e+06 4.635487600100000273e+05
2.819500120000000152e+02 4.831433670013000257e+06 4.635487600100000273e+05
2.819700010000000248e+02 4.831433540009000339e+06 4.635487500000000000e+05
2.820700069999999755e+02 4.831433579986999743e+06 4.635487199709999841e+05
2.821000060000000076e+02 4.831433579986999743e+06 4.635486900020000176e+05
2.821199950000000172e+02 4.831433799987999722e+06 4.635487999880000134e+05
2.818900150000000053e+02 4.831433549987999722e+06 4.635487199709999841e+05
2.821000060000000076e+02 4.831433640014999546e+06 4.635487500000000000e+05
2.820799870000000169e+02 4.831433709990999661e+06 4.635487000119999866e+05
2.821099849999999947e+02 4.831433690001999959e+06 4.635487299800000037e+05
2.820199890000000096e+02 4.831433709990999661e+06 4.635486900020000176e+05
2.819599910000000023e+02 4.831433200012000278e+06 4.635481500239999732e+05
2.820100100000000225e+02 4.831433220000999980e+06 4.635481400150000118e+05
2.819299930000000245e+02 4.831433260010000318e+06 4.635481400150000118e+05
2.819299930000000245e+02 4.831433059998000041e+06 4.635481699830000289e+05
2.819299930000000245e+02 4.831432980011000298e+06 4.635481799929999979e+05
2.819299930000000245e+02 4.831433079986999743e+06 4.635481699830000289e+05
2.819400019999999927e+02 4.831433250000000000e+06 4.635481500239999732e+05
2.818999939999999924e+02 4.831433279999000020e+06 4.635480800169999711e+05
2.819200129999999831e+02 4.831433290009000339e+06 4.635480200199999963e+05
2.819500120000000152e+02 4.831433000000000000e+06 4.635481799929999979e+05
2.819200129999999831e+02 4.831433079986999743e+06 4.635481699830000289e+05
2.819200129999999831e+02 4.831433269988999702e+06 4.635481099849999882e+05
2.819100040000000149e+02 4.831433290009000339e+06 4.635481300049999845e+05
2.818999939999999924e+02 4.831433260010000318e+06 4.635480399779999861e+05
2.819400019999999927e+02 4.831433269988999702e+06 4.635480200199999963e+05
2.819200129999999831e+02 4.831433209990999661e+06 4.635481500239999732e+05
2.820000000000000000e+02 4.831433079986999743e+06 4.635481699830000289e+05
2.819500120000000152e+02 4.831433010010000318e+06 4.635481699830000289e+05
2.819599910000000023e+02 4.831433269988999702e+06 4.635481699830000289e+05
2.819400019999999927e+02 4.831433239989999682e+06 4.635481500239999732e+05
2.820000000000000000e+02 4.831433140014999546e+06 4.635481699830000289e+05
2.819500120000000152e+02 4.831433079986999743e+06 4.635481799929999979e+05
2.819899899999999775e+02 4.831433070007000118e+06 4.635481799929999979e+05
2.819200129999999831e+02 4.831433239989999682e+06 4.635481699830000289e+05
2.819100040000000149e+02 4.831433279999000020e+06 4.635481099849999882e+05
2.812000120000000152e+02 4.831433040009000339e+06 4.635481500239999732e+05
2.819200129999999831e+02 4.831433279999000020e+06 4.635480399779999861e+05
2.818800049999999828e+02 4.831433290009000339e+06 4.635481400150000118e+05
2.819200129999999831e+02 4.831433000000000000e+06 4.635481199950000155e+05
2.819800109999999904e+02 4.831433029999000020e+06 4.635481699830000289e+05
2.819599910000000023e+02 4.831433209990999661e+06 4.635481699830000289e+05
2.819500120000000152e+02 4.831433239989999682e+06 4.635481699830000289e+05
2.820299989999999752e+02 4.831433109985000454e+06 4.635481799929999979e+05
2.819299930000000245e+02 4.831433179992999882e+06 4.635481699830000289e+05
2.820299989999999752e+02 4.831433109985000454e+06 4.635481699830000289e+05
2.820199890000000096e+02 4.831433140014999546e+06 4.635481699830000289e+05
2.819200129999999831e+02 4.831433179992999882e+06 4.635481599730000016e+05
2.820100100000000225e+02 4.831433100006000139e+06 4.635481799929999979e+05
2.819599910000000023e+02 4.831433179992999882e+06 4.635481699830000289e+05
2.819100040000000149e+02 4.831433209990999661e+06 4.635481599730000016e+05
2.819400019999999927e+02 4.831433179992999882e+06 4.635481699830000289e+05
2.819200129999999831e+02 4.831433200012000278e+06 4.635481699830000289e+05
2.820199890000000096e+02 4.831433100006000139e+06 4.635481799929999979e+05
2.820199890000000096e+02 4.831433149993999861e+06 4.635481699830000289e+05
2.819400019999999927e+02 4.831433179992999882e+06 4.635481699830000289e+05
2.819400019999999927e+02 4.831433209990999661e+06 4.635481599730000016e+05
2.819299930000000245e+02 4.831433200012000278e+06 4.635481699830000289e+05
2.819700010000000248e+02 4.831433220000999980e+06 4.635481699830000289e+05
2.820100100000000225e+02 4.831433140014999546e+06 4.635481799929999979e+05
2.819299930000000245e+02 4.831433179992999882e+06 4.635481699830000289e+05
2.819200129999999831e+02 4.831433209990999661e+06 4.635481699830000289e+05
2.819500120000000152e+02 4.831433170013000257e+06 4.635481599730000016e+05
2.819500120000000152e+02 4.831433200012000278e+06 4.635481599730000016e+05
2.820199890000000096e+02 4.831433059998000041e+06 4.635481500239999732e+05
2.820199890000000096e+02 4.831433089995999821e+06 4.635481500239999732e+05
2.820299989999999752e+02 4.831433049987999722e+06 4.635481599730000016e+05
2.819500120000000152e+02 4.831433059998000041e+06 4.635481400150000118e+05
2.819200129999999831e+02 4.831433269988999702e+06 4.635481300049999845e+05
2.819200129999999831e+02 4.831433250000000000e+06 4.635481599730000016e+05
2.819100040000000149e+02 4.831433230011000298e+06 4.635481599730000016e+05
2.819800109999999904e+02 4.831433170013000257e+06 4.635481699830000289e+05
2.819500120000000152e+02 4.831433149993999861e+06 4.635481799929999979e+05
2.819299930000000245e+02 4.831433190001999959e+06 4.635481599730000016e+05
2.818900150000000053e+02 4.831433290009000339e+06 4.635480800169999711e+05
2.819500120000000152e+02 4.831433019988999702e+06 4.635481799929999979e+05
2.819200129999999831e+02 4.831433040009000339e+06 4.635481699830000289e+05
2.819200129999999831e+02 4.831433250000000000e+06 4.635481199950000155e+05
2.818999939999999924e+02 4.831433230011000298e+06 4.635481400150000118e+05
2.819400019999999927e+02 4.831433230011000298e+06 4.635481599730000016e+05
2.819899899999999775e+02 4.831433220000999980e+06 4.635481599730000016e+05
2.820199890000000096e+02 4.831433089995999821e+06 4.635481500239999732e+05
2.820299989999999752e+02 4.831433000000000000e+06 4.635481300049999845e+05
2.819400019999999927e+02 4.831433149993999861e+06 4.635481599730000016e+05
2.819299930000000245e+02 4.831433140014999546e+06 4.635481500239999732e+05
2.819599910000000023e+02 4.831433130005000159e+06 4.635481500239999732e+05
2.819299930000000245e+02 4.831433130005000159e+06 4.635481699830000289e+05
2.819800109999999904e+02 4.831433130005000159e+06 4.635481599730000016e+05
2.820100100000000225e+02 4.831433100006000139e+06 4.635481599730000016e+05
2.820199890000000096e+02 4.831433019988999702e+06 4.635481500239999732e+05
2.819400019999999927e+02 4.831433200012000278e+06 4.635481500239999732e+05
2.820100100000000225e+02 4.831433170013000257e+06 4.635481400150000118e+05
2.820000000000000000e+02 4.831433170013000257e+06 4.635481199950000155e+05
2.818999939999999924e+02 4.831433250000000000e+06 4.635482399899999727e+05
2.815000000000000000e+02 4.831433299987999722e+06 4.635486300049999845e+05
2.815000000000000000e+02 4.831433320007000118e+06 4.635485300290000159e+05
2.819400019999999927e+02 4.831433239989999682e+06 4.635481900020000176e+05
2.819599910000000023e+02 4.831433160004000179e+06 4.635482100220000139e+05
2.819299930000000245e+02 4.831432970000999980e+06 4.635482000119999866e+05
2.819200129999999831e+02 4.831433000000000000e+06 4.635482100220000139e+05
2.820100100000000225e+02 4.831433010010000318e+06 4.635482000119999866e+05
2.819599910000000023e+02 4.831433029999000020e+06 4.635482100220000139e+05
2.819700010000000248e+02 4.831433109985000454e+06 4.635482100220000139e+05
2.819599910000000023e+02 4.831433149993999861e+06 4.635482399899999727e+05
2.819800109999999904e+02 4.831433029999000020e+06 4.635481799929999979e+05
2.819299930000000245e+02 4.831433230011000298e+06 4.635482000119999866e+05
2.818999939999999924e+02 4.831433230011000298e+06 4.635481900020000176e+05
2.819800109999999904e+02 4.831433200012000278e+06 4.635481900020000176e+05
2.819700010000000248e+02 4.831433209990999661e+06 4.635481900020000176e+05
2.819400019999999927e+02 4.831433260010000318e+06 4.635482500000000000e+05
2.819500120000000152e+02 4.831433160004000179e+06 4.635481900020000176e+05
2.819700010000000248e+02 4.831433149993999861e+06 4.635482199709999841e+05
2.819700010000000248e+02 4.831433100006000139e+06 4.635481900020000176e+05
2.811099849999999947e+02 4.831432940001999959e+06 4.635482199709999841e+05
2.811000060000000076e+02 4.831432929992999882e+06 4.635482399899999727e+05
2.810299989999999752e+02 4.831432910004000179e+06 4.635482600100000273e+05
2.819400019999999927e+02 4.831433250000000000e+06 4.635482299800000037e+05
2.811600040000000149e+02 4.831432959990999661e+06 4.635482199709999841e+05
2.811099849999999947e+02 4.831432940001999959e+06 4.635482299800000037e+05
2.810299989999999752e+02 4.831432929992999882e+06 4.635482500000000000e+05
2.811400150000000053e+02 4.831432980011000298e+06 4.635482600100000273e+05
2.812099910000000023e+02 4.831433000000000000e+06 4.635482100220000139e+05
2.810499879999999848e+02 4.831432929992999882e+06 4.635482600100000273e+05
2.819400019999999927e+02 4.831433109985000454e+06 4.635482299800000037e+05
2.811400150000000053e+02 4.831432959990999661e+06 4.635482500000000000e+05
2.810799870000000169e+02 4.831432950012000278e+06 4.635482500000000000e+05
2.810499879999999848e+02 4.831432959990999661e+06 4.635482600100000273e+05
2.819599910000000023e+02 4.831433170013000257e+06 4.635482199709999841e+05
2.812300109999999904e+02 4.831433010010000318e+06 4.635481799929999979e+05
2.811700129999999831e+02 4.831433000000000000e+06 4.635482000119999866e+05
2.810899959999999851e+02 4.831432970000999980e+06 4.635482100220000139e+05
2.818900150000000053e+02 4.831433260010000318e+06 4.635482500000000000e+05
2.818500060000000076e+02 4.831433279999000020e+06 4.635482500000000000e+05
2.818699950000000172e+02 4.831433260010000318e+06 4.635482100220000139e+05
2.818999939999999924e+02 4.831433250000000000e+06 4.635481799929999979e+05
2.819400019999999927e+02 4.831433230011000298e+06 4.635481799929999979e+05
2.819299930000000245e+02 4.831433220000999980e+06 4.635481799929999979e+05
2.819599910000000023e+02 4.831433000000000000e+06 4.635482199709999841e+05
2.819400019999999927e+02 4.831433239989999682e+06 4.635481799929999979e+05
2.820100100000000225e+02 4.831433089995999821e+06 4.635482299800000037e+05
2.810700069999999755e+02 4.831432880005000159e+06 4.635486599730000016e+05
2.820199890000000096e+02 4.831433160004000179e+06 4.635482500000000000e+05
2.819200129999999831e+02 4.831433160004000179e+06 4.635482299800000037e+05
2.819400019999999927e+02 4.831433190001999959e+06 4.635481900020000176e+05
2.819400019999999927e+02 4.831433109985000454e+06 4.635482100220000139e+05
2.819899899999999775e+02 4.831433140014999546e+06 4.635482700199999963e+05
2.819200129999999831e+02 4.831433140014999546e+06 4.635482800290000159e+05
2.819700010000000248e+02 4.831433160004000179e+06 4.635482299800000037e+05
2.819899899999999775e+02 4.831433149993999861e+06 4.635481900020000176e+05
2.819200129999999831e+02 4.831433130005000159e+06 4.635482100220000139e+05
2.819599910000000023e+02 4.831433149993999861e+06 4.635482299800000037e+05
2.819500120000000152e+02 4.831433170013000257e+06 4.635481799929999979e+05
2.818900150000000053e+02 4.831433260010000318e+06 4.635481900020000176e+05
2.819100040000000149e+02 4.831433019988999702e+06 4.635482199709999841e+05
2.819200129999999831e+02 4.831432970000999980e+06 4.635481900020000176e+05
2.819899899999999775e+02 4.831433049987999722e+06 4.635481900020000176e+05
2.819800109999999904e+02 4.831433079986999743e+06 4.635481900020000176e+05
2.811600040000000149e+02 4.831432920013000257e+06 4.635482600100000273e+05
2.811199950000000172e+02 4.831432920013000257e+06 4.635482700199999963e+05
2.810899959999999851e+02 4.831432910004000179e+06 4.635482899779999861e+05
2.820100100000000225e+02 4.831432989989999682e+06 4.635482100220000139e+05
2.819599910000000023e+02 4.831433059998000041e+06 4.635482199709999841e+05
2.819299930000000245e+02 4.831433029999000020e+06 4.635482000119999866e+05
2.819100040000000149e+02 4.831433019988999702e+06 4.635482100220000139e+05
2.819800109999999904e+02 4.831433079986999743e+06 4.635482000119999866e+05
2.819299930000000245e+02 4.831433130005000159e+06 4.635481900020000176e+05
2.819200129999999831e+02 4.831433109985000454e+06 4.635482399899999727e+05
2.819500120000000152e+02 4.831433029999000020e+06 4.635482100220000139e+05
2.820000000000000000e+02 4.831433130005000159e+06 4.635482000119999866e+05
2.819299930000000245e+02 4.831433209990999661e+06 4.635481900020000176e+05
2.819200129999999831e+02 4.831433179992999882e+06 4.635482500000000000e+05
2.819800109999999904e+02 4.831433170013000257e+06 4.635483099979999824e+05
2.810499879999999848e+02 4.831432910004000179e+06 4.635483099979999824e+05
2.818500060000000076e+02 4.831433380005000159e+06 4.635481599730000016e+05
2.812699890000000096e+02 4.831433769988999702e+06 4.635487399899999727e+05
2.812999879999999848e+02 4.831433720000999980e+06 4.635487000119999866e+05
2.812500000000000000e+02 4.831433799987999722e+06 4.635486599730000016e+05
2.812399899999999775e+02 4.831433760010000318e+06 4.635486400150000118e+05
2.813299870000000169e+02 4.831433859985000454e+06 4.635487299800000037e+05
2.812200010000000248e+02 4.831433769988999702e+06 4.635486900020000176e+05
2.812099910000000023e+02 4.831433859985000454e+06 4.635487100220000139e+05
2.813699950000000172e+02 4.831433790009000339e+06 4.635487500000000000e+05
2.811900019999999927e+02 4.831433790009000339e+06 4.635486199950000155e+05
2.812000120000000152e+02 4.831433809998000041e+06 4.635486699830000289e+05
2.810899959999999851e+02 4.831433839995999821e+06 4.635485599979999824e+05
2.813299870000000169e+02 4.831433779999000020e+06 4.635487999880000134e+05
2.812799989999999752e+02 4.831433850006000139e+06 4.635487800290000159e+05
2.813099980000000073e+02 4.831433850006000139e+06 4.635487600100000273e+05
2.811900019999999927e+02 4.831433829986999743e+06 4.635487899779999861e+05
2.813399959999999851e+02 4.831433809998000041e+06 4.635487000119999866e+05
2.812600100000000225e+02 4.831433829986999743e+06 4.635487500000000000e+05
2.812200010000000248e+02 4.831433750000000000e+06 4.635486300049999845e+05
2.811099849999999947e+02 4.831433829986999743e+06 4.635485700070000021e+05
2.811600040000000149e+02 4.831433829986999743e+06 4.635485599979999824e+05
2.811700129999999831e+02 4.831433869994999841e+06 4.635485700070000021e+05
2.812399899999999775e+02 4.831433809998000041e+06 4.635487800290000159e+05
2.813599849999999947e+02 4.831433799987999722e+06 4.635487500000000000e+05
2.813699950000000172e+02 4.831433730011000298e+06 4.635487600100000273e+05
2.812799989999999752e+02 4.831433700012000278e+06 4.635487999880000134e+05
2.812000120000000152e+02 4.831433820007000118e+06 4.635487899779999861e+05
2.814899899999999775e+02 4.831433820007000118e+06 4.635485399779999861e+05
2.811300049999999828e+02 4.831433839995999821e+06 4.635485200199999963e+05
2.810100100000000225e+02 4.831433570007000118e+06 4.635487999880000134e+05
2.810599980000000073e+02 4.831433859985000454e+06 4.635485399779999861e+05
2.812300109999999904e+02 4.831433779999000020e+06 4.635487999880000134e+05
2.811799930000000245e+02 4.831433790009000339e+06 4.635485900269999984e+05
2.811600040000000149e+02 4.831433820007000118e+06 4.635485900269999984e+05
2.811700129999999831e+02 4.831433839995999821e+06 4.635486199950000155e+05
2.813500060000000076e+02 4.831433750000000000e+06 4.635487800290000159e+05
2.811799930000000245e+02 4.831433859985000454e+06 4.635486099849999882e+05
2.812900089999999977e+02 4.831433799987999722e+06 4.635487299800000037e+05
2.813399959999999851e+02 4.831433790009000339e+06 4.635487600100000273e+05
2.812399899999999775e+02 4.831433760010000318e+06 4.635487899779999861e+05
2.813800049999999828e+02 4.831433829986999743e+06 4.635487299800000037e+05
2.812500000000000000e+02 4.831433809998000041e+06 4.635487600100000273e+05
2.812699890000000096e+02 4.831433839995999821e+06 4.635487800290000159e+05
2.812000120000000152e+02 4.831433829986999743e+06 4.635487899779999861e+05
2.812600100000000225e+02 4.831433869994999841e+06 4.635487000119999866e+05
2.811199950000000172e+02 4.831433820007000118e+06 4.635485700070000021e+05
2.811000060000000076e+02 4.831433829986999743e+06 4.635485499880000134e+05
2.811799930000000245e+02 4.831433809998000041e+06 4.635486400150000118e+05
2.811000060000000076e+02 4.831433799987999722e+06 4.635485300290000159e+05
2.815000000000000000e+02 4.831433829986999743e+06 4.635485000000000000e+05
2.813399959999999851e+02 4.831433769988999702e+06 4.635487899779999861e+05
2.812900089999999977e+02 4.831433799987999722e+06 4.635487399899999727e+05
2.812500000000000000e+02 4.831433809998000041e+06 4.635487299800000037e+05
2.813399959999999851e+02 4.831433809998000041e+06 4.635487700199999963e+05
2.812699890000000096e+02 4.831433790009000339e+06 4.635487600100000273e+05
2.812000120000000152e+02 4.831433799987999722e+06 4.635487100220000139e+05
