2.741000060000000076e+02 4.831431040009000339e+06 4.635490599979999824e+05
2.741000060000000076e+02 4.831431029999000020e+06 4.635490300290000159e+05
2.741099849999999947e+02 4.831431019988999702e+06 4.635490399779999861e+05
2.743200069999999755e+02 4.831431040009000339e+06 4.635491799929999979e+05
2.742999879999999848e+02 4.831431059998000041e+06 4.635491599730000016e+05
2.741900019999999927e+02 4.831431019988999702e+06 4.635491199950000155e+05
2.742399899999999775e+02 4.831431029999000020e+06 4.635491199950000155e+05
2.742600100000000225e+02 4.831431049987999722e+06 4.635491199950000155e+05
2.741700129999999831e+02 4.831431029999000020e+06 4.635490999760000268e+05
2.742099910000000023e+02 4.831431049987999722e+06 4.635490999760000268e+05
2.742399899999999775e+02 4.831431070007000118e+06 4.635491099849999882e+05
2.741700129999999831e+02 4.831431029999000020e+06 4.635490800169999711e+05
2.742099910000000023e+02 4.831431049987999722e+06 4.635490900269999984e+05
2.742300109999999904e+02 4.831431079986999743e+06 4.635490999760000268e+05
2.741300049999999828e+02 4.831431059998000041e+06 4.635490700070000021e+05
2.741300049999999828e+02 4.831431059998000041e+06 4.635490599979999824e+05
2.741300049999999828e+02 4.831431059998000041e+06 4.635490499880000134e+05
2.741400150000000053e+02 4.831431049987999722e+06 4.635490399779999861e+05
2.741400150000000053e+02 4.831431040009000339e+06 4.635490499880000134e+05
2.741600040000000149e+02 4.831431070007000118e+06 4.635490599979999824e+05
2.741799930000000245e+02 4.831431049987999722e+06 4.635490800169999711e+05
2.741799930000000245e+02 4.831431010010000318e+06 4.635491099849999882e+05
2.741900019999999927e+02 4.831431049987999722e+06 4.635491300049999845e+05
2.742399899999999775e+02 4.831431059998000041e+06 4.635491300049999845e+05
2.742999879999999848e+02 4.831431029999000020e+06 4.635491699830000289e+05
2.743299870000000169e+02 4.831431059998000041e+06 4.635491900020000176e+05
2.742600100000000225e+02 4.831431040009000339e+06 4.635491599730000016e+05
2.743200069999999755e+02 4.831431049987999722e+06 4.635491599730000016e+05
2.743099980000000073e+02 4.831431100006000139e+06 4.635491900020000176e+05
2.742000120000000152e+02 4.831431029999000020e+06 4.635491199950000155e+05
2.742300109999999904e+02 4.831431059998000041e+06 4.635491300049999845e+05
2.741199950000000172e+02 4.831431019988999702e+06 4.635490800169999711e+05
2.741700129999999831e+02 4.831431029999000020e+06 4.635490800169999711e+05
2.742000120000000152e+02 4.831431049987999722e+06 4.635490900269999984e+05
2.742200010000000248e+02 4.831431079986999743e+06 4.635490999760000268e+05
2.741199950000000172e+02 4.831431029999000020e+06 4.635490399779999861e+05
2.741499939999999924e+02 4.831431059998000041e+06 4.635490499880000134e+05
2.741900019999999927e+02 4.831431079986999743e+06 4.635490499880000134e+05
2.739899899999999775e+02 4.831431000000000000e+06 4.635489899899999727e+05
2.740299989999999752e+02 4.831431010010000318e+06 4.635489899899999727e+05
2.738900150000000053e+02 4.831430970000999980e+06 4.635489400020000176e+05
2.739299930000000245e+02 4.831430989989999682e+06 4.635489400020000176e+05
2.739599910000000023e+02 4.831431010010000318e+06 4.635489500119999866e+05
2.740100100000000225e+02 4.831431029999000020e+06 4.635489500119999866e+05
2.738900150000000053e+02 4.831431010010000318e+06 4.635488800049999845e+05
2.740899959999999851e+02 4.831430980011000298e+06 4.635490499880000134e+05
2.740899959999999851e+02 4.831431010010000318e+06 4.635490900269999984e+05
2.740599980000000073e+02 4.831430989989999682e+06 4.635490800169999711e+05
2.740799870000000169e+02 4.831431029999000020e+06 4.635490900269999984e+05
2.741900019999999927e+02 4.831431049987999722e+06 4.635491300049999845e+05
2.741700129999999831e+02 4.831431019988999702e+06 4.635491199950000155e+05
2.741499939999999924e+02 4.831431000000000000e+06 4.635490999760000268e+05
2.741099849999999947e+02 4.831430980011000298e+06 4.635490900269999984e+05
2.742200010000000248e+02 4.831431029999000020e+06 4.635491500239999732e+05
2.742000120000000152e+02 4.831431000000000000e+06 4.635491400150000118e+05
2.741700129999999831e+02 4.831430989989999682e+06 4.635491300049999845e+05
2.741300049999999828e+02 4.831430970000999980e+06 4.635491199950000155e+05
2.742900089999999977e+02 4.831431029999000020e+06 4.635491799929999979e+05
2.742600100000000225e+02 4.831431010010000318e+06 4.635491699830000289e+05
2.742300109999999904e+02 4.831430989989999682e+06 4.635491599730000016e+05
2.742000120000000152e+02 4.831430970000999980e+06 4.635491500239999732e+05
2.741700129999999831e+02 4.831430959990999661e+06 4.635491400150000118e+05
2.742999879999999848e+02 4.831431019988999702e+06 4.635492000119999866e+05
2.742799989999999752e+02 4.831431000000000000e+06 4.635491900020000176e+05
2.742500000000000000e+02 4.831430989989999682e+06 4.635491900020000176e+05
2.742399899999999775e+02 4.831430959990999661e+06 4.635491900020000176e+05
2.742200010000000248e+02 4.831431010010000318e+06 4.635491799929999979e+05
2.741700129999999831e+02 4.831431010010000318e+06 4.635491699830000289e+05
2.741000060000000076e+02 4.831431049987999722e+06 4.635491099849999882e+05
2.742600100000000225e+02 4.831431040009000339e+06 4.635492000119999866e+05
2.741900019999999927e+02 4.831431049987999722e+06 4.635491900020000176e+05
2.739700010000000248e+02 4.831430959990999661e+06 4.635490000000000000e+05
2.737000120000000152e+02 4.831430959990999661e+06 4.635488400269999984e+05
2.736400150000000053e+02 4.831430920013000257e+06 4.635488099979999824e+05
2.737600100000000225e+02 4.831430929992999882e+06 4.635488900150000118e+05
2.737200010000000248e+02 4.831430920013000257e+06 4.635488800049999845e+05
2.736900019999999927e+02 4.831430899993999861e+06 4.635488699950000155e+05
2.739200129999999831e+02 4.831430970000999980e+06 4.635489899899999727e+05
2.737799989999999752e+02 4.831430929992999882e+06 4.635489600220000139e+05
2.740199890000000096e+02 4.831430970000999980e+06 4.635490700070000021e+05
2.740000000000000000e+02 4.831431000000000000e+06 4.635490599979999824e+05
2.739299930000000245e+02 4.831430980011000298e+06 4.635490399779999861e+05
2.740799870000000169e+02 4.831431040009000339e+06 4.635490100100000273e+05
2.740599980000000073e+02 4.831431049987999722e+06 4.635489799800000037e+05
2.740700069999999755e+02 4.831431070007000118e+06 4.635489400020000176e+05
2.741000060000000076e+02 4.831431070007000118e+06 4.635489899899999727e+05
2.743399959999999851e+02 4.831431049987999722e+06 4.635491599730000016e+05
2.743699950000000172e+02 4.831431070007000118e+06 4.635491699830000289e+05
2.744100040000000149e+02 4.831431079986999743e+06 4.635491699830000289e+05
2.744299930000000245e+02 4.831431109985000454e+06 4.635491799929999979e+05
2.744400019999999927e+02 4.831431130005000159e+06 4.635491900020000176e+05
2.743099980000000073e+02 4.831431070007000118e+06 4.635491300049999845e+05
2.743800049999999828e+02 4.831431119994999841e+06 4.635491500239999732e+05
2.742200010000000248e+02 4.831431049987999722e+06 4.635490999760000268e+05
2.742600100000000225e+02 4.831431070007000118e+06 4.635490999760000268e+05
2.742799989999999752e+02 4.831431089995999821e+06 4.635491199950000155e+05
2.742399899999999775e+02 4.831431059998000041e+06 4.635490900269999984e+05
2.742699890000000096e+02 4.831431079986999743e+06 4.635490900269999984e+05
2.742999879999999848e+02 4.831431109985000454e+06 4.635490999760000268e+05
2.742500000000000000e+02 4.831431079986999743e+06 4.635490700070000021e+05
2.742699890000000096e+02 4.831431100006000139e+06 4.635490900269999984e+05
2.742999879999999848e+02 4.831431119994999841e+06 4.635490900269999984e+05
2.741499939999999924e+02 4.831431040009000339e+06 4.635490399779999861e+05
2.741600040000000149e+02 4.831431059998000041e+06 4.635490499880000134e+05
2.742099910000000023e+02 4.831431070007000118e+06 4.635490499880000134e+05
2.742300109999999904e+02 4.831431100006000139e+06 4.635490700070000021e+05
2.742600100000000225e+02 4.831431119994999841e+06 4.635490700070000021e+05
2.741300049999999828e+02 4.831431040009000339e+06 4.635490300290000159e+05
2.741600040000000149e+02 4.831431059998000041e+06 4.635490399779999861e+05
2.742000120000000152e+02 4.831431079986999743e+06 4.635490399779999861e+05
2.742099910000000023e+02 4.831431100006000139e+06 4.635490599979999824e+05
2.742300109999999904e+02 4.831431119994999841e+06 4.635490700070000021e+05
2.741199950000000172e+02 4.831431049987999722e+06 4.635490100100000273e+05
2.741499939999999924e+02 4.831431070007000118e+06 4.635490200199999963e+05
2.741700129999999831e+02 4.831431089995999821e+06 4.635490300290000159e+05
2.742099910000000023e+02 4.831431109985000454e+06 4.635490300290000159e+05
2.741199950000000172e+02 4.831431089995999821e+06 4.635490000000000000e+05
2.741300049999999828e+02 4.831431109985000454e+06 4.635490100100000273e+05
2.740000000000000000e+02 4.831431040009000339e+06 4.635489099730000016e+05
2.739200129999999831e+02 4.831431019988999702e+06 4.635488599849999882e+05
2.739200129999999831e+02 4.831431049987999722e+06 4.635488699950000155e+05
2.739700010000000248e+02 4.831431059998000041e+06 4.635488800049999845e+05
2.739899899999999775e+02 4.831431029999000020e+06 4.635490200199999963e+05
2.740100100000000225e+02 4.831431029999000020e+06 4.635489799800000037e+05
2.739200129999999831e+02 4.831431010010000318e+06 4.635489099730000016e+05
2.739500120000000152e+02 4.831431029999000020e+06 4.635489199830000289e+05
2.740000000000000000e+02 4.831431040009000339e+06 4.635489199830000289e+05
2.740299989999999752e+02 4.831431070007000118e+06 4.635489299929999979e+05
2.740400089999999977e+02 4.831431089995999821e+06 4.635489400020000176e+05
2.738599849999999947e+02 4.831431000000000000e+06 4.635488599849999882e+05
2.738999939999999924e+02 4.831431010010000318e+06 4.635488599849999882e+05
2.739400019999999927e+02 4.831431029999000020e+06 4.635488599849999882e+05
2.740000000000000000e+02 4.831431019988999702e+06 4.635489299929999979e+05
2.740199890000000096e+02 4.831431049987999722e+06 4.635489400020000176e+05
2.740799870000000169e+02 4.831431059998000041e+06 4.635489899899999727e+05
2.743500060000000076e+02 4.831431040009000339e+06 4.635491699830000289e+05
2.741300049999999828e+02 4.831431059998000041e+06 4.635490499880000134e+05
2.738800049999999828e+02 4.831430989989999682e+06 4.635488599849999882e+05
2.737600100000000225e+02 4.831430980011000298e+06 4.635488099979999824e+05
2.739400019999999927e+02 4.831431040009000339e+06 4.635489199830000289e+05
2.739200129999999831e+02 4.831431019988999702e+06 4.635489000239999732e+05
2.738999939999999924e+02 4.831431000000000000e+06 4.635488900150000118e+05
2.738599849999999947e+02 4.831430970000999980e+06 4.635488699950000155e+05
2.738099980000000073e+02 4.831430950012000278e+06 4.635488599849999882e+05
2.740000000000000000e+02 4.831431019988999702e+06 4.635489600220000139e+05
2.739599910000000023e+02 4.831431000000000000e+06 4.635489500119999866e+05
2.739100040000000149e+02 4.831430970000999980e+06 4.635489299929999979e+05
2.738599849999999947e+02 4.831430950012000278e+06 4.635489199830000289e+05
2.740199890000000096e+02 4.831430989989999682e+06 4.635490000000000000e+05
2.740899959999999851e+02 4.831431059998000041e+06 4.635489600220000139e+05
2.741900019999999927e+02 4.831431100006000139e+06 4.635490200199999963e+05
2.741700129999999831e+02 4.831431119994999841e+06 4.635490300290000159e+05
2.743599849999999947e+02 4.831431119994999841e+06 4.635491199950000155e+05
2.743500060000000076e+02 4.831431140014999546e+06 4.635491400150000118e+05
2.743399959999999851e+02 4.831431109985000454e+06 4.635490999760000268e+05
2.743399959999999851e+02 4.831431140014999546e+06 4.635491099849999882e+05
2.743599849999999947e+02 4.831431160004000179e+06 4.635491199950000155e+05
2.742600100000000225e+02 4.831431089995999821e+06 4.635490700070000021e+05
2.742900089999999977e+02 4.831431119994999841e+06 4.635490800169999711e+05
2.743200069999999755e+02 4.831431100006000139e+06 4.635490800169999711e+05
2.743099980000000073e+02 4.831431119994999841e+06 4.635490900269999984e+05
2.743099980000000073e+02 4.831431149993999861e+06 4.635491099849999882e+05
2.743099980000000073e+02 4.831431089995999821e+06 4.635490900269999984e+05
2.743299870000000169e+02 4.831431130005000159e+06 4.635490999760000268e+05
2.743699950000000172e+02 4.831431130005000159e+06 4.635491199950000155e+05
2.743800049999999828e+02 4.831431160004000179e+06 4.635491300049999845e+05
2.743500060000000076e+02 4.831431109985000454e+06 4.635491099849999882e+05
2.743599849999999947e+02 4.831431140014999546e+06 4.635491300049999845e+05
2.743999939999999924e+02 4.831431119994999841e+06 4.635491400150000118e+05
2.743800049999999828e+02 4.831431119994999841e+06 4.635491300049999845e+05
2.743699950000000172e+02 4.831431140014999546e+06 4.635491400150000118e+05
2.743299870000000169e+02 4.831431100006000139e+06 4.635490999760000268e+05
2.743500060000000076e+02 4.831431130005000159e+06 4.635491099849999882e+05
2.743099980000000073e+02 4.831431149993999861e+06 4.635491300049999845e+05
2.742099910000000023e+02 4.831431079986999743e+06 4.635490300290000159e+05
2.742300109999999904e+02 4.831431109985000454e+06 4.635490399779999861e+05
2.742200010000000248e+02 4.831431140014999546e+06 4.635490499880000134e+05
2.741199950000000172e+02 4.831431100006000139e+06 4.635489699709999841e+05
2.741300049999999828e+02 4.831431130005000159e+06 4.635489899899999727e+05
2.738900150000000053e+02 4.831431029999000020e+06 4.635488200070000021e+05
2.740000000000000000e+02 4.831431059998000041e+06 4.635488800049999845e+05
2.739700010000000248e+02 4.831431079986999743e+06 4.635489000239999732e+05
2.739800109999999904e+02 4.831431109985000454e+06 4.635489099730000016e+05
2.738599849999999947e+02 4.831431059998000041e+06 4.635488099979999824e+05
2.738599849999999947e+02 4.831431079986999743e+06 4.635488200070000021e+05
2.740899959999999851e+02 4.831431029999000020e+06 4.635489899899999727e+05
2.741199950000000172e+02 4.831431109985000454e+06 4.635490399779999861e+05
2.741300049999999828e+02 4.831431079986999743e+06 4.635490200199999963e+05
2.740100100000000225e+02 4.831431059998000041e+06 4.635489199830000289e+05
2.739899899999999775e+02 4.831431019988999702e+06 4.635489000239999732e+05
2.738200069999999755e+02 4.831431040009000339e+06 4.635488099979999824e+05
2.739500120000000152e+02 4.831431079986999743e+06 4.635489299929999979e+05
2.740000000000000000e+02 4.831431070007000118e+06 4.635489299929999979e+05
2.739599910000000023e+02 4.831431029999000020e+06 4.635489099730000016e+05
2.739599910000000023e+02 4.831431000000000000e+06 4.635488900150000118e+05
2.740700069999999755e+02 4.831431119994999841e+06 4.635490100100000273e+05
2.740700069999999755e+02 4.831431119994999841e+06 4.635489899899999727e+05
2.740599980000000073e+02 4.831431130005000159e+06 4.635490100100000273e+05
2.740799870000000169e+02 4.831431100006000139e+06 4.635489600220000139e+05
2.740700069999999755e+02 4.831431130005000159e+06 4.635489799800000037e+05
2.740700069999999755e+02 4.831431100006000139e+06 4.635489500119999866e+05
2.740899959999999851e+02 4.831431089995999821e+06 4.635489400020000176e+05
2.740899959999999851e+02 4.831431130005000159e+06 4.635489600220000139e+05
2.740599980000000073e+02 4.831431119994999841e+06 4.635489400020000176e+05
2.744400019999999927e+02 4.831431140014999546e+06 4.635491900020000176e+05
2.743599849999999947e+02 4.831431140014999546e+06 4.635491799929999979e+05
2.742099910000000023e+02 4.831431089995999821e+06 4.635490399779999861e+05
2.742300109999999904e+02 4.831431130005000159e+06 4.635490700070000021e+05
2.741700129999999831e+02 4.831431130005000159e+06 4.635490599979999824e+05
2.741799930000000245e+02 4.831431089995999821e+06 4.635490000000000000e+05
2.741600040000000149e+02 4.831431109985000454e+06 4.635490200199999963e+05
2.741300049999999828e+02 4.831431119994999841e+06 4.635490300290000159e+05
2.741700129999999831e+02 4.831431100006000139e+06 4.635489899899999727e+05
2.741499939999999924e+02 4.831431130005000159e+06 4.635490100100000273e+05
2.743699950000000172e+02 4.831431109985000454e+06 4.635491199950000155e+05
2.743699950000000172e+02 4.831431140014999546e+06 4.635491400150000118e+05
2.743299870000000169e+02 4.831431140014999546e+06 4.635491500239999732e+05
2.742300109999999904e+02 4.831431109985000454e+06 4.635490499880000134e+05
2.742099910000000023e+02 4.831431140014999546e+06 4.635490700070000021e+05
2.741600040000000149e+02 4.831431140014999546e+06 4.635490800169999711e+05
2.741000060000000076e+02 4.831431109985000454e+06 4.635489799800000037e+05
2.745199890000000096e+02 4.831431109985000454e+06 4.635492000119999866e+05
2.743900150000000053e+02 4.831431119994999841e+06 4.635491400150000118e+05
2.743800049999999828e+02 4.831431140014999546e+06 4.635491599730000016e+05
2.743200069999999755e+02 4.831431119994999841e+06 4.635490800169999711e+05
2.742999879999999848e+02 4.831431130005000159e+06 4.635490900269999984e+05
2.742799989999999752e+02 4.831431149993999861e+06 4.635491099849999882e+05
2.742300109999999904e+02 4.831431100006000139e+06 4.635490300290000159e+05
2.742200010000000248e+02 4.831431130005000159e+06 4.635490499880000134e+05
2.741799930000000245e+02 4.831431140014999546e+06 4.635490700070000021e+05
2.741900019999999927e+02 4.831431109985000454e+06 4.635490100100000273e+05
2.741799930000000245e+02 4.831431140014999546e+06 4.635490300290000159e+05
2.741400150000000053e+02 4.831431149993999861e+06 4.635490399779999861e+05
2.741300049999999828e+02 4.831431100006000139e+06 4.635489699709999841e+05
2.741099849999999947e+02 4.831431130005000159e+06 4.635489899899999727e+05
2.740000000000000000e+02 4.831431070007000118e+06 4.635490200199999963e+05
2.740299989999999752e+02 4.831431109985000454e+06 4.635490100100000273e+05
2.740100100000000225e+02 4.831431070007000118e+06 4.635489199830000289e+05
2.740100100000000225e+02 4.831431100006000139e+06 4.635489400020000176e+05
2.739299930000000245e+02 4.831431100006000139e+06 4.635489299929999979e+05
2.739200129999999831e+02 4.831431059998000041e+06 4.635488499760000268e+05
2.739200129999999831e+02 4.831431089995999821e+06 4.635488699950000155e+05
2.738800049999999828e+02 4.831431100006000139e+06 4.635488900150000118e+05
2.738800049999999828e+02 4.831431059998000041e+06 4.635488300169999711e+05
2.738599849999999947e+02 4.831431079986999743e+06 4.635488499760000268e+05
2.740400089999999977e+02 4.831431130005000159e+06 4.635489699709999841e+05
2.740100100000000225e+02 4.831431130005000159e+06 4.635489799800000037e+05
2.740299989999999752e+02 4.831431130005000159e+06 4.635489799800000037e+05
2.740000000000000000e+02 4.831431109985000454e+06 4.635489600220000139e+05
2.739700010000000248e+02 4.831431040009000339e+06 4.635488900150000118e+05
2.740000000000000000e+02 4.831431100006000139e+06 4.635489099730000016e+05
2.739599910000000023e+02 4.831431119994999841e+06 4.635489299929999979e+05
2.739800109999999904e+02 4.831431059998000041e+06 4.635488800049999845e+05
2.739700010000000248e+02 4.831431089995999821e+06 4.635488900150000118e+05
2.739500120000000152e+02 4.831431109985000454e+06 4.635489099730000016e+05
2.740000000000000000e+02 4.831431079986999743e+06 4.635488900150000118e+05
2.739800109999999904e+02 4.831431100006000139e+06 4.635489099730000016e+05
2.739500120000000152e+02 4.831431119994999841e+06 4.635489199830000289e+05
2.739599910000000023e+02 4.831431070007000118e+06 4.635488800049999845e+05
2.739500120000000152e+02 4.831431109985000454e+06 4.635489000239999732e+05
2.739100040000000149e+02 4.831431109985000454e+06 4.635489099730000016e+05
2.739400019999999927e+02 4.831431059998000041e+06 4.635488599849999882e+05
2.739400019999999927e+02 4.831431089995999821e+06 4.635488699950000155e+05
2.739200129999999831e+02 4.831431109985000454e+06 4.635488900150000118e+05
2.738999939999999924e+02 4.831431130005000159e+06 4.635489000239999732e+05
2.738900150000000053e+02 4.831431059998000041e+06 4.635488400269999984e+05
2.738800049999999828e+02 4.831431089995999821e+06 4.635488599849999882e+05
2.738999939999999924e+02 4.831431029999000020e+06 4.635488200070000021e+05
2.739100040000000149e+02 4.831431070007000118e+06 4.635488400269999984e+05
2.738900150000000053e+02 4.831431089995999821e+06 4.635488599849999882e+05
2.738699950000000172e+02 4.831431059998000041e+06 4.635488200070000021e+05
2.738599849999999947e+02 4.831431089995999821e+06 4.635488400269999984e+05
2.738599849999999947e+02 4.831431079986999743e+06 4.635488200070000021e+05
2.738200069999999755e+02 4.831431089995999821e+06 4.635488300169999711e+05
2.737900089999999977e+02 4.831431079986999743e+06 4.635488099979999824e+05
2.737900089999999977e+02 4.831431079986999743e+06 4.635488099979999824e+05
2.737999879999999848e+02 4.831431079986999743e+06 4.635488099979999824e+05
2.737799989999999752e+02 4.831431070007000118e+06 4.635488099979999824e+05
2.738500060000000076e+02 4.831431070007000118e+06 4.635488099979999824e+05
2.738200069999999755e+02 4.831431089995999821e+06 4.635488300169999711e+05
2.738699950000000172e+02 4.831431049987999722e+06 4.635488099979999824e+05
2.738599849999999947e+02 4.831431079986999743e+06 4.635488200070000021e+05
2.738200069999999755e+02 4.831431089995999821e+06 4.635488400269999984e+05
2.738399959999999851e+02 4.831431089995999821e+06 4.635488200070000021e+05
2.738200069999999755e+02 4.831431109985000454e+06 4.635488400269999984e+05
2.738299870000000169e+02 4.831431070007000118e+06 4.635488099979999824e+05
2.737900089999999977e+02 4.831431079986999743e+06 4.635488200070000021e+05
2.738299870000000169e+02 4.831431089995999821e+06 4.635488200070000021e+05
2.738500060000000076e+02 4.831431070007000118e+06 4.635488099979999824e+05
2.738200069999999755e+02 4.831431089995999821e+06 4.635488300169999711e+05
2.741099849999999947e+02 4.831431089995999821e+06 4.635489799800000037e+05
2.741300049999999828e+02 4.831431059998000041e+06 4.635489600220000139e+05
2.741400150000000053e+02 4.831431109985000454e+06 4.635490599979999824e+05
2.741900019999999927e+02 4.831431100006000139e+06 4.635490499880000134e+05
2.742200010000000248e+02 4.831431079986999743e+06 4.635490399779999861e+05
2.742699890000000096e+02 4.831431109985000454e+06 4.635491099849999882e+05
2.743200069999999755e+02 4.831431100006000139e+06 4.635490999760000268e+05
2.743299870000000169e+02 4.831431130005000159e+06 4.635491699830000289e+05
2.743699950000000172e+02 4.831431119994999841e+06 4.635491599730000016e+05
2.744200129999999831e+02 4.831431109985000454e+06 4.635491500239999732e+05
2.744599910000000023e+02 4.831431109985000454e+06 4.635492000119999866e+05
2.745000000000000000e+02 4.831431100006000139e+06 4.635491900020000176e+05
2.741000060000000076e+02 4.831431100006000139e+06 4.635490200199999963e+05
2.741700129999999831e+02 4.831431109985000454e+06 4.635490200199999963e+05
2.742399899999999775e+02 4.831431109985000454e+06 4.635490999760000268e+05
2.742999879999999848e+02 4.831431119994999841e+06 4.635490999760000268e+05
2.742900089999999977e+02 4.831431070007000118e+06 4.635490700070000021e+05
2.743099980000000073e+02 4.831431119994999841e+06 4.635491699830000289e+05
2.743800049999999828e+02 4.831431130005000159e+06 4.635491799929999979e+05
2.741000060000000076e+02 4.831431100006000139e+06 4.635489899899999727e+05
2.741099849999999947e+02 4.831431109985000454e+06 4.635490499880000134e+05
2.742300109999999904e+02 4.831431130005000159e+06 4.635490900269999984e+05
2.742399899999999775e+02 4.831431109985000454e+06 4.635491300049999845e+05
2.743500060000000076e+02 4.831431130005000159e+06 4.635491699830000289e+05
2.738800049999999828e+02 4.831431059998000041e+06 4.635488699950000155e+05
2.739200129999999831e+02 4.831431049987999722e+06 4.635488599849999882e+05
2.740100100000000225e+02 4.831431049987999722e+06 4.635489699709999841e+05
2.739899899999999775e+02 4.831431070007000118e+06 4.635489899899999727e+05
2.737600100000000225e+02 4.831431040009000339e+06 4.635488099979999824e+05
2.738500060000000076e+02 4.831431059998000041e+06 4.635488400269999984e+05
2.738900150000000053e+02 4.831431049987999722e+06 4.635488400269999984e+05
2.738500060000000076e+02 4.831431059998000041e+06 4.635489099730000016e+05
2.739599910000000023e+02 4.831431089995999821e+06 4.635489600220000139e+05
2.739899899999999775e+02 4.831431079986999743e+06 4.635490000000000000e+05
2.741000060000000076e+02 4.831431100006000139e+06 4.635489500119999866e+05
2.744599910000000023e+02 4.831431059998000041e+06 4.635492000119999866e+05
2.745199890000000096e+02 4.831431119994999841e+06 4.635491900020000176e+05
2.744599910000000023e+02 4.831431109985000454e+06 4.635491799929999979e+05
2.744700010000000248e+02 4.831431140014999546e+06 4.635491799929999979e+05
2.743900150000000053e+02 4.831431070007000118e+06 4.635491500239999732e+05
2.744200129999999831e+02 4.831431100006000139e+06 4.635491500239999732e+05
2.744299930000000245e+02 4.831431130005000159e+06 4.635491500239999732e+05
2.743399959999999851e+02 4.831431059998000041e+06 4.635491300049999845e+05
2.743699950000000172e+02 4.831431089995999821e+06 4.635491300049999845e+05
2.743699950000000172e+02 4.831431119994999841e+06 4.635491300049999845e+05
2.743399959999999851e+02 4.831431049987999722e+06 4.635491199950000155e+05
2.743599849999999947e+02 4.831431079986999743e+06 4.635491199950000155e+05
2.743500060000000076e+02 4.831431109985000454e+06 4.635491199950000155e+05
2.743399959999999851e+02 4.831431079986999743e+06 4.635491099849999882e+05
2.743500060000000076e+02 4.831431109985000454e+06 4.635491099849999882e+05
2.743299870000000169e+02 4.831431140014999546e+06 4.635491099849999882e+05
2.742799989999999752e+02 4.831431070007000118e+06 4.635490900269999984e+05
2.743099980000000073e+02 4.831431089995999821e+06 4.635490900269999984e+05
2.742999879999999848e+02 4.831431119994999841e+06 4.635490900269999984e+05
2.742500000000000000e+02 4.831431070007000118e+06 4.635490599979999824e+05
2.742699890000000096e+02 4.831431100006000139e+06 4.635490599979999824e+05
2.742699890000000096e+02 4.831431130005000159e+06 4.635490599979999824e+05
2.742000120000000152e+02 4.831431059998000041e+06 4.635490499880000134e+05
2.742399899999999775e+02 4.831431079986999743e+06 4.635490499880000134e+05
2.742500000000000000e+02 4.831431109985000454e+06 4.635490399779999861e+05
2.742600100000000225e+02 4.831431130005000159e+06 4.635490399779999861e+05
2.742000120000000152e+02 4.831431059998000041e+06 4.635490300290000159e+05
2.742200010000000248e+02 4.831431089995999821e+06 4.635490200199999963e+05
2.742300109999999904e+02 4.831431109985000454e+06 4.635490200199999963e+05
2.741300049999999828e+02 4.831431100006000139e+06 4.635489799800000037e+05
2.744299930000000245e+02 4.831431070007000118e+06 4.635491599730000016e+05
2.744400019999999927e+02 4.831431100006000139e+06 4.635491500239999732e+05
2.744299930000000245e+02 4.831431130005000159e+06 4.635491599730000016e+05
2.743099980000000073e+02 4.831431040009000339e+06 4.635491099849999882e+05
2.743200069999999755e+02 4.831431079986999743e+06 4.635490999760000268e+05
2.743500060000000076e+02 4.831431100006000139e+06 4.635490900269999984e+05
2.742500000000000000e+02 4.831431049987999722e+06 4.635490700070000021e+05
2.742699890000000096e+02 4.831431070007000118e+06 4.635490599979999824e+05
2.742799989999999752e+02 4.831431100006000139e+06 4.635490599979999824e+05
2.741799930000000245e+02 4.831431040009000339e+06 4.635490100100000273e+05
2.741799930000000245e+02 4.831431070007000118e+06 4.635490100100000273e+05
2.741900019999999927e+02 4.831431089995999821e+06 4.635490100100000273e+05
2.741000060000000076e+02 4.831431040009000339e+06 4.635489799800000037e+05
2.741300049999999828e+02 4.831431070007000118e+06 4.635489699709999841e+05
2.741099849999999947e+02 4.831431109985000454e+06 4.635489699709999841e+05
2.739899899999999775e+02 4.831431019988999702e+06 4.635489500119999866e+05
2.740299989999999752e+02 4.831431049987999722e+06 4.635489500119999866e+05
2.740700069999999755e+02 4.831430980011000298e+06 4.635489199830000289e+05
2.743099980000000073e+02 4.831431049987999722e+06 4.635490700070000021e+05
2.742300109999999904e+02 4.831431019988999702e+06 4.635490000000000000e+05
2.741300049999999828e+02 4.831431010010000318e+06 4.635489400020000176e+05
2.742999879999999848e+02 4.831430989989999682e+06 4.635490900269999984e+05
2.742600100000000225e+02 4.831430959990999661e+06 4.635490599979999824e+05
2.742399899999999775e+02 4.831430980011000298e+06 4.635490300290000159e+05
2.739500120000000152e+02 4.831430929992999882e+06 4.635488499760000268e+05
2.740199890000000096e+02 4.831430940001999959e+06 4.635489299929999979e+05
2.740700069999999755e+02 4.831431010010000318e+06 4.635489799800000037e+05
2.740599980000000073e+02 4.831431070007000118e+06 4.635489699709999841e+05
2.740799870000000169e+02 4.831431079986999743e+06 4.635490000000000000e+05
2.740799870000000169e+02 4.831431079986999743e+06 4.635489899899999727e+05
2.740599980000000073e+02 4.831431070007000118e+06 4.635489600220000139e+05
2.740899959999999851e+02 4.831431059998000041e+06 4.635489799800000037e+05
2.740499879999999848e+02 4.831431040009000339e+06 4.635489400020000176e+05
2.740599980000000073e+02 4.831431070007000118e+06 4.635489699709999841e+05
2.740700069999999755e+02 4.831431040009000339e+06 4.635489500119999866e+05
2.740599980000000073e+02 4.831431040009000339e+06 4.635489600220000139e+05
2.740499879999999848e+02 4.831431079986999743e+06 4.635489600220000139e+05
2.740599980000000073e+02 4.831431089995999821e+06 4.635489699709999841e+05
2.740799870000000169e+02 4.831431119994999841e+06 4.635490100100000273e+05
2.740899959999999851e+02 4.831431059998000041e+06 4.635490000000000000e+05
2.740899959999999851e+02 4.831431079986999743e+06 4.635489699709999841e+05
2.741099849999999947e+02 4.831431059998000041e+06 4.635489799800000037e+05
2.741199950000000172e+02 4.831431049987999722e+06 4.635490100100000273e+05
2.741499939999999924e+02 4.831431040009000339e+06 4.635490200199999963e+05
2.742099910000000023e+02 4.831431040009000339e+06 4.635490200199999963e+05
2.741300049999999828e+02 4.831431079986999743e+06 4.635490000000000000e+05
2.741600040000000149e+02 4.831431059998000041e+06 4.635490300290000159e+05
2.742000120000000152e+02 4.831431049987999722e+06 4.635490399779999861e+05
2.741199950000000172e+02 4.831431070007000118e+06 4.635490000000000000e+05
2.741499939999999924e+02 4.831431059998000041e+06 4.635490200199999963e+05
2.741799930000000245e+02 4.831431049987999722e+06 4.635490300290000159e+05
2.741099849999999947e+02 4.831431049987999722e+06 4.635490000000000000e+05
2.741400150000000053e+02 4.831431040009000339e+06 4.635490200199999963e+05
2.741900019999999927e+02 4.831431040009000339e+06 4.635490200199999963e+05
2.741300049999999828e+02 4.831431040009000339e+06 4.635490200199999963e+05
2.742300109999999904e+02 4.831431119994999841e+06 4.635490499880000134e+05
2.742500000000000000e+02 4.831431100006000139e+06 4.635490800169999711e+05
2.742799989999999752e+02 4.831431089995999821e+06 4.635490999760000268e+05
2.743099980000000073e+02 4.831431079986999743e+06 4.635491099849999882e+05
2.743299870000000169e+02 4.831431070007000118e+06 4.635491300049999845e+05
2.743800049999999828e+02 4.831431070007000118e+06 4.635491400150000118e+05
2.741300049999999828e+02 4.831431079986999743e+06 4.635489699709999841e+05
2.741700129999999831e+02 4.831431079986999743e+06 4.635489799800000037e+05
2.741600040000000149e+02 4.831431109985000454e+06 4.635490200199999963e+05
2.741799930000000245e+02 4.831431100006000139e+06 4.635490399779999861e+05
2.743599849999999947e+02 4.831431130005000159e+06 4.635491400150000118e+05
2.744200129999999831e+02 4.831431119994999841e+06 4.635491799929999979e+05
2.744599910000000023e+02 4.831431109985000454e+06 4.635491900020000176e+05
2.741199950000000172e+02 4.831431059998000041e+06 4.635489699709999841e+05
2.741300049999999828e+02 4.831431079986999743e+06 4.635489899899999727e+05
2.741600040000000149e+02 4.831431070007000118e+06 4.635490200199999963e+05
2.742099910000000023e+02 4.831431070007000118e+06 4.635490300290000159e+05
2.741000060000000076e+02 4.831431089995999821e+06 4.635489899899999727e+05
2.741300049999999828e+02 4.831431079986999743e+06 4.635490100100000273e+05
2.741700129999999831e+02 4.831431079986999743e+06 4.635490300290000159e+05
2.742300109999999904e+02 4.831431089995999821e+06 4.635490399779999861e+05
2.742699890000000096e+02 4.831431089995999821e+06 4.635490499880000134e+05
2.741300049999999828e+02 4.831431119994999841e+06 4.635490200199999963e+05
2.741600040000000149e+02 4.831431119994999841e+06 4.635490300290000159e+05
2.742099910000000023e+02 4.831431119994999841e+06 4.635490499880000134e+05
2.742300109999999904e+02 4.831431109985000454e+06 4.635490700070000021e+05
2.742699890000000096e+02 4.831431109985000454e+06 4.635490900269999984e+05
2.742799989999999752e+02 4.831431089995999821e+06 4.635491199950000155e+05
2.744599910000000023e+02 4.831431089995999821e+06 4.635491900020000176e+05
2.738900150000000053e+02 4.831431019988999702e+06 4.635488599849999882e+05
2.739500120000000152e+02 4.831431000000000000e+06 4.635488900150000118e+05
2.739899899999999775e+02 4.831431040009000339e+06 4.635489199830000289e+05
2.740000000000000000e+02 4.831431029999000020e+06 4.635489400020000176e+05
2.740199890000000096e+02 4.831431079986999743e+06 4.635489600220000139e+05
2.740100100000000225e+02 4.831431100006000139e+06 4.635489699709999841e+05
2.740100100000000225e+02 4.831431089995999821e+06 4.635489600220000139e+05
2.740100100000000225e+02 4.831431079986999743e+06 4.635489500119999866e+05
2.739800109999999904e+02 4.831431040009000339e+06 4.635489400020000176e+05
2.740400089999999977e+02 4.831431019988999702e+06 4.635489799800000037e+05
2.739400019999999927e+02 4.831431040009000339e+06 4.635488900150000118e+05
2.739599910000000023e+02 4.831431029999000020e+06 4.635489099730000016e+05
2.738200069999999755e+02 4.831431059998000041e+06 4.635488200070000021e+05
2.738500060000000076e+02 4.831431049987999722e+06 4.635488400269999984e+05
2.738900150000000053e+02 4.831431040009000339e+06 4.635488499760000268e+05
2.738299870000000169e+02 4.831431049987999722e+06 4.635488300169999711e+05
2.738599849999999947e+02 4.831431040009000339e+06 4.635488499760000268e+05
2.738999939999999924e+02 4.831431040009000339e+06 4.635488499760000268e+05
2.739200129999999831e+02 4.831431059998000041e+06 4.635488800049999845e+05
2.739899899999999775e+02 4.831431029999000020e+06 4.635489199830000289e+05
2.740199890000000096e+02 4.831431029999000020e+06 4.635489400020000176e+05
2.739899899999999775e+02 4.831431079986999743e+06 4.635489400020000176e+05
2.740199890000000096e+02 4.831431070007000118e+06 4.635489600220000139e+05
2.738500060000000076e+02 4.831431049987999722e+06 4.635488200070000021e+05
2.738900150000000053e+02 4.831431049987999722e+06 4.635488400269999984e+05
2.739299930000000245e+02 4.831431049987999722e+06 4.635488599849999882e+05
2.739500120000000152e+02 4.831431029999000020e+06 4.635488900150000118e+05
2.740000000000000000e+02 4.831431040009000339e+06 4.635489099730000016e+05
2.740400089999999977e+02 4.831431029999000020e+06 4.635489199830000289e+05
2.738200069999999755e+02 4.831431040009000339e+06 4.635488300169999711e+05
2.738699950000000172e+02 4.831431049987999722e+06 4.635488400269999984e+05
2.739100040000000149e+02 4.831431049987999722e+06 4.635488599849999882e+05
2.739400019999999927e+02 4.831431040009000339e+06 4.635488800049999845e+05
2.739700010000000248e+02 4.831431029999000020e+06 4.635489000239999732e+05
2.739899899999999775e+02 4.831431019988999702e+06 4.635489299929999979e+05
2.738900150000000053e+02 4.831431070007000118e+06 4.635488400269999984e+05
2.739200129999999831e+02 4.831431059998000041e+06 4.635488599849999882e+05
2.739400019999999927e+02 4.831431049987999722e+06 4.635488900150000118e+05
2.739899899999999775e+02 4.831431049987999722e+06 4.635489099730000016e+05
2.740299989999999752e+02 4.831431049987999722e+06 4.635489299929999979e+05
2.738500060000000076e+02 4.831431059998000041e+06 4.635488499760000268e+05
2.739100040000000149e+02 4.831431079986999743e+06 4.635488599849999882e+05
2.739299930000000245e+02 4.831431070007000118e+06 4.635488800049999845e+05
2.739800109999999904e+02 4.831431070007000118e+06 4.635488900150000118e+05
2.740000000000000000e+02 4.831431059998000041e+06 4.635489199830000289e+05
2.740299989999999752e+02 4.831431049987999722e+06 4.635489400020000176e+05
2.738999939999999924e+02 4.831431079986999743e+06 4.635488900150000118e+05
2.739299930000000245e+02 4.831431079986999743e+06 4.635489099730000016e+05
2.739800109999999904e+02 4.831431089995999821e+06 4.635489199830000289e+05
2.740199890000000096e+02 4.831431079986999743e+06 4.635489400020000176e+05
2.739100040000000149e+02 4.831431089995999821e+06 4.635489000239999732e+05
2.739899899999999775e+02 4.831431100006000139e+06 4.635489400020000176e+05
2.740299989999999752e+02 4.831431089995999821e+06 4.635489500119999866e+05
2.740000000000000000e+02 4.831431119994999841e+06 4.635489699709999841e+05
2.740299989999999752e+02 4.831431109985000454e+06 4.635489899899999727e+05
2.740700069999999755e+02 4.831431079986999743e+06 4.635489799800000037e+05
2.740899959999999851e+02 4.831430989989999682e+06 4.635490200199999963e+05
2.740799870000000169e+02 4.831431010010000318e+06 4.635489899899999727e+05
2.740799870000000169e+02 4.831430980011000298e+06 4.635489899899999727e+05
2.740599980000000073e+02 4.831430989989999682e+06 4.635489699709999841e+05
2.744400019999999927e+02 4.831431109985000454e+06 4.635492000119999866e+05
2.744899899999999775e+02 4.831431070007000118e+06 4.635492000119999866e+05
2.744700010000000248e+02 4.831431079986999743e+06 4.635491799929999979e+05
2.744299930000000245e+02 4.831431089995999821e+06 4.635491599730000016e+05
2.743800049999999828e+02 4.831431089995999821e+06 4.635491500239999732e+05
2.743500060000000076e+02 4.831431100006000139e+06 4.635491300049999845e+05
2.745000000000000000e+02 4.831431040009000339e+06 4.635491900020000176e+05
2.744700010000000248e+02 4.831431049987999722e+06 4.635491699830000289e+05
2.744400019999999927e+02 4.831431059998000041e+06 4.635491500239999732e+05
2.743900150000000053e+02 4.831431059998000041e+06 4.635491300049999845e+05
2.743500060000000076e+02 4.831431070007000118e+06 4.635491199950000155e+05
2.743200069999999755e+02 4.831431079986999743e+06 4.635490999760000268e+05
2.742799989999999752e+02 4.831431079986999743e+06 4.635490900269999984e+05
2.742799989999999752e+02 4.831431100006000139e+06 4.635490599979999824e+05
2.742300109999999904e+02 4.831431100006000139e+06 4.635490499880000134e+05
2.743800049999999828e+02 4.831431029999000020e+06 4.635491099849999882e+05
2.743200069999999755e+02 4.831431029999000020e+06 4.635490999760000268e+05
2.742900089999999977e+02 4.831431040009000339e+06 4.635490800169999711e+05
2.742699890000000096e+02 4.831431049987999722e+06 4.635490499880000134e+05
2.742200010000000248e+02 4.831431059998000041e+06 4.635490300290000159e+05
2.742000120000000152e+02 4.831431070007000118e+06 4.635490200199999963e+05
2.741499939999999924e+02 4.831431070007000118e+06 4.635490000000000000e+05
2.741199950000000172e+02 4.831431070007000118e+06 4.635489899899999727e+05
2.741700129999999831e+02 4.831431019988999702e+06 4.635489899899999727e+05
2.741400150000000053e+02 4.831431029999000020e+06 4.635489699709999841e+05
2.742799989999999752e+02 4.831431019988999702e+06 4.635490999760000268e+05
2.741000060000000076e+02 4.831431019988999702e+06 4.635489500119999866e+05
2.740400089999999977e+02 4.831431040009000339e+06 4.635489400020000176e+05
2.740199890000000096e+02 4.831431049987999722e+06 4.635489199830000289e+05
2.740100100000000225e+02 4.831431000000000000e+06 4.635488900150000118e+05
2.739700010000000248e+02 4.831431010010000318e+06 4.635488699950000155e+05
2.739599910000000023e+02 4.831431029999000020e+06 4.635488400269999984e+05
2.738900150000000053e+02 4.831431019988999702e+06 4.635488400269999984e+05
2.738500060000000076e+02 4.831431029999000020e+06 4.635488200070000021e+05
2.738699950000000172e+02 4.831430959990999661e+06 4.635488099979999824e+05
2.740000000000000000e+02 4.831430950012000278e+06 4.635490000000000000e+05
2.740000000000000000e+02 4.831430989989999682e+06 4.635489299929999979e+05
2.739599910000000023e+02 4.831430950012000278e+06 4.635489299929999979e+05
2.739599910000000023e+02 4.831430970000999980e+06 4.635489000239999732e+05
2.739299930000000245e+02 4.831430980011000298e+06 4.635488800049999845e+05
2.739100040000000149e+02 4.831431000000000000e+06 4.635488599849999882e+05
2.739100040000000149e+02 4.831430950012000278e+06 4.635488400269999984e+05
2.737900089999999977e+02 4.831430920013000257e+06 4.635488099979999824e+05
2.741900019999999927e+02 4.831431119994999841e+06 4.635490700070000021e+05
2.742399899999999775e+02 4.831431089995999821e+06 4.635490999760000268e+05
2.741900019999999927e+02 4.831431100006000139e+06 4.635490200199999963e+05
2.741900019999999927e+02 4.831431079986999743e+06 4.635490399779999861e+05
2.742200010000000248e+02 4.831431140014999546e+06 4.635490599979999824e+05
2.742399899999999775e+02 4.831431130005000159e+06 4.635490800169999711e+05
2.742799989999999752e+02 4.831431130005000159e+06 4.635490999760000268e+05
2.743099980000000073e+02 4.831431119994999841e+06 4.635491300049999845e+05
2.743599849999999947e+02 4.831431119994999841e+06 4.635491500239999732e+05
2.743999939999999924e+02 4.831431119994999841e+06 4.635491799929999979e+05
2.744400019999999927e+02 4.831431119994999841e+06 4.635492000119999866e+05
2.738599849999999947e+02 4.831431070007000118e+06 4.635488400269999984e+05
2.738900150000000053e+02 4.831431059998000041e+06 4.635488599849999882e+05
2.739299930000000245e+02 4.831431040009000339e+06 4.635488800049999845e+05
2.739299930000000245e+02 4.831431079986999743e+06 4.635488699950000155e+05
2.739500120000000152e+02 4.831431100006000139e+06 4.635489099730000016e+05
2.739800109999999904e+02 4.831431119994999841e+06 4.635489099730000016e+05
2.739899899999999775e+02 4.831431100006000139e+06 4.635489400020000176e+05
2.740700069999999755e+02 4.831431049987999722e+06 4.635490000000000000e+05
2.740899959999999851e+02 4.831431029999000020e+06 4.635490100100000273e+05
2.740899959999999851e+02 4.831431019988999702e+06 4.635490100100000273e+05
2.740899959999999851e+02 4.831431029999000020e+06 4.635489899899999727e+05
2.742699890000000096e+02 4.831431070007000118e+06 4.635490800169999711e+05
2.742399899999999775e+02 4.831431089995999821e+06 4.635490499880000134e+05
2.741099849999999947e+02 4.831431040009000339e+06 4.635489899899999727e+05
2.744200129999999831e+02 4.831431029999000020e+06 4.635492000119999866e+05
2.744100040000000149e+02 4.831431040009000339e+06 4.635491799929999979e+05
2.743800049999999828e+02 4.831431070007000118e+06 4.635491500239999732e+05
2.741700129999999831e+02 4.831431029999000020e+06 4.635490800169999711e+05
2.738099980000000073e+02 4.831430989989999682e+06 4.635488099979999824e+05
2.740299989999999752e+02 4.831431059998000041e+06 4.635489400020000176e+05
2.740199890000000096e+02 4.831430989989999682e+06 4.635489899899999727e+05
2.740299989999999752e+02 4.831431000000000000e+06 4.635489600220000139e+05
2.740299989999999752e+02 4.831431019988999702e+06 4.635489400020000176e+05
2.739599910000000023e+02 4.831431000000000000e+06 4.635489299929999979e+05
2.739500120000000152e+02 4.831431019988999702e+06 4.635489000239999732e+05
2.740000000000000000e+02 4.831430980011000298e+06 4.635489500119999866e+05
2.739599910000000023e+02 4.831431000000000000e+06 4.635489299929999979e+05
2.739599910000000023e+02 4.831431010010000318e+06 4.635489000239999732e+05
2.739800109999999904e+02 4.831430980011000298e+06 4.635489400020000176e+05
2.739599910000000023e+02 4.831431000000000000e+06 4.635489099730000016e+05
2.739200129999999831e+02 4.831431019988999702e+06 4.635488800049999845e+05
2.739599910000000023e+02 4.831430980011000298e+06 4.635489400020000176e+05
2.739200129999999831e+02 4.831431000000000000e+06 4.635488800049999845e+05
2.739100040000000149e+02 4.831431010010000318e+06 4.635488599849999882e+05
2.738999939999999924e+02 4.831430980011000298e+06 4.635489000239999732e+05
2.739200129999999831e+02 4.831430989989999682e+06 4.635488800049999845e+05
2.739100040000000149e+02 4.831431000000000000e+06 4.635488599849999882e+05
2.738800049999999828e+02 4.831430970000999980e+06 4.635488800049999845e+05
2.738800049999999828e+02 4.831430989989999682e+06 4.635488499760000268e+05
2.738699950000000172e+02 4.831431000000000000e+06 4.635488300169999711e+05
2.738299870000000169e+02 4.831430959990999661e+06 4.635488400269999984e+05
2.738299870000000169e+02 4.831430980011000298e+06 4.635488099979999824e+05
2.740599980000000073e+02 4.831431070007000118e+06 4.635489799800000037e+05
2.741799930000000245e+02 4.831431070007000118e+06 4.635490599979999824e+05
2.742000120000000152e+02 4.831431049987999722e+06 4.635490900269999984e+05
2.738500060000000076e+02 4.831431019988999702e+06 4.635488200070000021e+05
2.738299870000000169e+02 4.831431010010000318e+06 4.635488400269999984e+05
2.738900150000000053e+02 4.831431019988999702e+06 4.635488800049999845e+05
2.738999939999999924e+02 4.831431040009000339e+06 4.635488800049999845e+05
2.739100040000000149e+02 4.831431019988999702e+06 4.635489500119999866e+05
2.740199890000000096e+02 4.831431049987999722e+06 4.635490100100000273e+05
2.737300109999999904e+02 4.831431000000000000e+06 4.635488200070000021e+05
2.738399959999999851e+02 4.831431040009000339e+06 4.635488800049999845e+05
2.740299989999999752e+02 4.831431049987999722e+06 4.635490100100000273e+05
2.737900089999999977e+02 4.831431040009000339e+06 4.635488200070000021e+05
2.737999879999999848e+02 4.831431079986999743e+06 4.635488400269999984e+05
2.740299989999999752e+02 4.831431070007000118e+06 4.635489699709999841e+05
2.747399899999999775e+02 4.831430859985000454e+06 4.635495300290000159e+05
2.745000000000000000e+02 4.831431040009000339e+06 4.635493499760000268e+05
2.745599980000000073e+02 4.831431049987999722e+06 4.635493400269999984e+05
2.746099849999999947e+02 4.831431059998000041e+06 4.635493400269999984e+05
2.744899899999999775e+02 4.831431049987999722e+06 4.635492800290000159e+05
2.745199890000000096e+02 4.831431059998000041e+06 4.635492800290000159e+05
2.745499879999999848e+02 4.831431089995999821e+06 4.635492899779999861e+05
2.743699950000000172e+02 4.831431049987999722e+06 4.635492199709999841e+05
2.744100040000000149e+02 4.831431070007000118e+06 4.635492299800000037e+05
2.744599910000000023e+02 4.831431070007000118e+06 4.635492199709999841e+05
2.744599910000000023e+02 4.831431010010000318e+06 4.635492700199999963e+05
2.744899899999999775e+02 4.831431040009000339e+06 4.635492800290000159e+05
2.745400089999999977e+02 4.831431049987999722e+06 4.635492800290000159e+05
2.745700069999999755e+02 4.831431019988999702e+06 4.635493300169999711e+05
2.745899959999999851e+02 4.831431049987999722e+06 4.635493400269999984e+05
2.745799870000000169e+02 4.831430989989999682e+06 4.635493599849999882e+05
2.746099849999999947e+02 4.831431019988999702e+06 4.635493699950000155e+05
2.746099849999999947e+02 4.831431000000000000e+06 4.635493800049999845e+05
2.745799870000000169e+02 4.831431010010000318e+06 4.635493599849999882e+05
2.746000060000000076e+02 4.831431049987999722e+06 4.635493699950000155e+05
2.745499879999999848e+02 4.831431010010000318e+06 4.635493300169999711e+05
2.745799870000000169e+02 4.831431029999000020e+06 4.635493300169999711e+05
2.746099849999999947e+02 4.831431059998000041e+06 4.635493400269999984e+05
2.745000000000000000e+02 4.831431010010000318e+06 4.635492600100000273e+05
2.745000000000000000e+02 4.831431059998000041e+06 4.635492800290000159e+05
2.746000060000000076e+02 4.831430970000999980e+06 4.635493900150000118e+05
2.745499879999999848e+02 4.831431070007000118e+06 4.635492899779999861e+05
2.743200069999999755e+02 4.831431049987999722e+06 4.635492199709999841e+05
2.743699950000000172e+02 4.831431019988999702e+06 4.635492199709999841e+05
2.743200069999999755e+02 4.831431010010000318e+06 4.635492199709999841e+05
2.742900089999999977e+02 4.831431000000000000e+06 4.635492100220000139e+05
2.742600100000000225e+02 4.831430980011000298e+06 4.635492100220000139e+05
2.744100040000000149e+02 4.831431040009000339e+06 4.635492600100000273e+05
2.743800049999999828e+02 4.831431019988999702e+06 4.635492500000000000e+05
2.743399959999999851e+02 4.831431000000000000e+06 4.635492399899999727e+05
2.743099980000000073e+02 4.831430980011000298e+06 4.635492299800000037e+05
2.744800109999999904e+02 4.831431049987999722e+06 4.635493099979999824e+05
2.744700010000000248e+02 4.831431029999000020e+06 4.635492899779999861e+05
2.744400019999999927e+02 4.831431010010000318e+06 4.635492800290000159e+05
2.744299930000000245e+02 4.831430980011000298e+06 4.635492600100000273e+05
2.745100100000000225e+02 4.831431029999000020e+06 4.635493300169999711e+05
2.744899899999999775e+02 4.831431000000000000e+06 4.635493099979999824e+05
2.744400019999999927e+02 4.831431000000000000e+06 4.635493099979999824e+05
2.745700069999999755e+02 4.831431010010000318e+06 4.635493499760000268e+05
2.745299989999999752e+02 4.831431000000000000e+06 4.635493499760000268e+05
2.745100100000000225e+02 4.831430970000999980e+06 4.635493300169999711e+05
2.745899959999999851e+02 4.831430980011000298e+06 4.635493900150000118e+05
2.742799989999999752e+02 4.831431000000000000e+06 4.635492500000000000e+05
2.745899959999999851e+02 4.831431079986999743e+06 4.635493900150000118e+05
2.745599980000000073e+02 4.831431059998000041e+06 4.635493800049999845e+05
2.745299989999999752e+02 4.831431040009000339e+06 4.635493599849999882e+05
2.745199890000000096e+02 4.831431019988999702e+06 4.635493499760000268e+05
2.744700010000000248e+02 4.831431010010000318e+06 4.635493400269999984e+05
2.746600040000000149e+02 4.831430899993999861e+06 4.635495499880000134e+05
2.746499939999999924e+02 4.831430869994999841e+06 4.635495300290000159e+05
2.747200010000000248e+02 4.831430820007000118e+06 4.635495999760000268e+05
2.742900089999999977e+02 4.831431040009000339e+06 4.635492600100000273e+05
2.742799989999999752e+02 4.831431010010000318e+06 4.635492500000000000e+05
2.742500000000000000e+02 4.831431000000000000e+06 4.635492299800000037e+05
2.746400150000000053e+02 4.831430980011000298e+06 4.635494199830000289e+05
2.744599910000000023e+02 4.831431079986999743e+06 4.635492800290000159e+05
2.745499879999999848e+02 4.831431070007000118e+06 4.635492800290000159e+05
2.744599910000000023e+02 4.831431100006000139e+06 4.635492100220000139e+05
2.744899899999999775e+02 4.831431109985000454e+06 4.635492199709999841e+05
2.746900019999999927e+02 4.831430929992999882e+06 4.635494299929999979e+05
2.747000120000000152e+02 4.831430959990999661e+06 4.635494400020000176e+05
2.746300049999999828e+02 4.831431000000000000e+06 4.635493900150000118e+05
2.746400150000000053e+02 4.831431019988999702e+06 4.635494000239999732e+05
2.745899959999999851e+02 4.831431029999000020e+06 4.635493200070000021e+05
2.746199950000000172e+02 4.831431049987999722e+06 4.635493300169999711e+05
2.745299989999999752e+02 4.831431049987999722e+06 4.635492700199999963e+05
2.746499939999999924e+02 4.831431040009000339e+06 4.635492500000000000e+05
2.747000120000000152e+02 4.831431049987999722e+06 4.635492500000000000e+05
2.744299930000000245e+02 4.831431049987999722e+06 4.635492199709999841e+05
2.744700010000000248e+02 4.831431070007000118e+06 4.635492199709999841e+05
2.745100100000000225e+02 4.831431089995999821e+06 4.635492299800000037e+05
2.745299989999999752e+02 4.831431119994999841e+06 4.635492399899999727e+05
2.746600040000000149e+02 4.831430959990999661e+06 4.635494299929999979e+05
2.746499939999999924e+02 4.831430989989999682e+06 4.635494099730000016e+05
2.745899959999999851e+02 4.831431059998000041e+06 4.635493200070000021e+05
2.746799930000000245e+02 4.831431070007000118e+06 4.635492899779999861e+05
2.745499879999999848e+02 4.831431040009000339e+06 4.635492600100000273e+05
2.745799870000000169e+02 4.831431059998000041e+06 4.635492600100000273e+05
2.745199890000000096e+02 4.831431089995999821e+06 4.635492199709999841e+05
2.745299989999999752e+02 4.831431119994999841e+06 4.635492399899999727e+05
2.745799870000000169e+02 4.831431170013000257e+06 4.635492500000000000e+05
2.744800109999999904e+02 4.831431079986999743e+06 4.635492399899999727e+05
2.746400150000000053e+02 4.831431040009000339e+06 4.635493499760000268e+05
2.746000060000000076e+02 4.831431209990999661e+06 4.635492999880000134e+05
2.744500120000000152e+02 4.831431130005000159e+06 4.635492100220000139e+05
2.745899959999999851e+02 4.831431149993999861e+06 4.635492100220000139e+05
2.745000000000000000e+02 4.831431109985000454e+06 4.635492299800000037e+05
2.744800109999999904e+02 4.831431070007000118e+06 4.635492100220000139e+05
2.746199950000000172e+02 4.831431209990999661e+06 4.635493900150000118e+05
2.747000120000000152e+02 4.831431079986999743e+06 4.635493599849999882e+05
2.746900019999999927e+02 4.831431040009000339e+06 4.635493400269999984e+05
2.745599980000000073e+02 4.831431179992999882e+06 4.635492899779999861e+05
2.745199890000000096e+02 4.831431190001999959e+06 4.635492899779999861e+05
2.746099849999999947e+02 4.831431070007000118e+06 4.635493300169999711e+05
2.745899959999999851e+02 4.831431170013000257e+06 4.635493200070000021e+05
2.746300049999999828e+02 4.831431230011000298e+06 4.635493499760000268e+05
2.745499879999999848e+02 4.831431119994999841e+06 4.635492100220000139e+05
2.745499879999999848e+02 4.831431149993999861e+06 4.635492299800000037e+05
2.745299989999999752e+02 4.831431170013000257e+06 4.635492399899999727e+05
2.746300049999999828e+02 4.831431059998000041e+06 4.635493900150000118e+05
2.746499939999999924e+02 4.831431140014999546e+06 4.635493300169999711e+05
2.746799930000000245e+02 4.831431239989999682e+06 4.635493599849999882e+05
2.746600040000000149e+02 4.831431269988999702e+06 4.635493800049999845e+05
2.746400150000000053e+02 4.831431290009000339e+06 4.635494000239999732e+05
2.745799870000000169e+02 4.831431140014999546e+06 4.635492700199999963e+05
2.745499879999999848e+02 4.831431160004000179e+06 4.635492800290000159e+05
2.745199890000000096e+02 4.831431170013000257e+06 4.635492999880000134e+05
2.745299989999999752e+02 4.831431149993999861e+06 4.635492199709999841e+05
2.744899899999999775e+02 4.831431160004000179e+06 4.635492399899999727e+05
2.743999939999999924e+02 4.831431109985000454e+06 4.635492100220000139e+05
2.745599980000000073e+02 4.831431140014999546e+06 4.635492600100000273e+05
2.746000060000000076e+02 4.831431089995999821e+06 4.635492399899999727e+05
2.746400150000000053e+02 4.831431179992999882e+06 4.635493400269999984e+05
2.746199950000000172e+02 4.831431070007000118e+06 4.635492899779999861e+05
2.746099849999999947e+02 4.831431040009000339e+06 4.635493300169999711e+05
2.746300049999999828e+02 4.831431029999000020e+06 4.635493699950000155e+05
2.746700129999999831e+02 4.831431029999000020e+06 4.635493599849999882e+05
2.747200010000000248e+02 4.831431019988999702e+06 4.635494099730000016e+05
2.746799930000000245e+02 4.831430970000999980e+06 4.635494400020000176e+05
2.746499939999999924e+02 4.831431200012000278e+06 4.635492399899999727e+05
2.744100040000000149e+02 4.831431119994999841e+06 4.635492399899999727e+05
2.745000000000000000e+02 4.831431130005000159e+06 4.635492500000000000e+05
2.745799870000000169e+02 4.831431149993999861e+06 4.635492600100000273e+05
2.746099849999999947e+02 4.831431190001999959e+06 4.635493599849999882e+05
2.746099849999999947e+02 4.831431100006000139e+06 4.635493599849999882e+05
2.746099849999999947e+02 4.831431040009000339e+06 4.635493900150000118e+05
2.746499939999999924e+02 4.831431019988999702e+06 4.635493800049999845e+05
2.746900019999999927e+02 4.831431019988999702e+06 4.635494400020000176e+05
2.746700129999999831e+02 4.831431000000000000e+06 4.635493800049999845e+05
2.747200010000000248e+02 4.831430950012000278e+06 4.635494099730000016e+05
2.747200010000000248e+02 4.831430980011000298e+06 4.635494099730000016e+05
2.744899899999999775e+02 4.831431119994999841e+06 4.635492100220000139e+05
2.745400089999999977e+02 4.831431089995999821e+06 4.635492199709999841e+05
2.745299989999999752e+02 4.831431130005000159e+06 4.635492199709999841e+05
2.746600040000000149e+02 4.831430899993999861e+06 4.635493599849999882e+05
2.746700129999999831e+02 4.831430869994999841e+06 4.635493599849999882e+05
2.746499939999999924e+02 4.831430899993999861e+06 4.635493400269999984e+05
2.747399899999999775e+02 4.831430839995999821e+06 4.635494099730000016e+05
2.746499939999999924e+02 4.831430880005000159e+06 4.635493499760000268e+05
2.746600040000000149e+02 4.831430890014999546e+06 4.635493400269999984e+05
2.746600040000000149e+02 4.831430869994999841e+06 4.635493699950000155e+05
2.744700010000000248e+02 4.831431089995999821e+06 4.635492299800000037e+05
2.745599980000000073e+02 4.831431109985000454e+06 4.635492199709999841e+05
2.745299989999999752e+02 4.831431149993999861e+06 4.635492500000000000e+05
2.746099849999999947e+02 4.831431200012000278e+06 4.635493400269999984e+05
2.746400150000000053e+02 4.831431190001999959e+06 4.635493499760000268e+05
2.746300049999999828e+02 4.831431200012000278e+06 4.635493699950000155e+05
2.746799930000000245e+02 4.831431200012000278e+06 4.635493800049999845e+05
2.746400150000000053e+02 4.831431209990999661e+06 4.635493699950000155e+05
2.747300109999999904e+02 4.831431220000999980e+06 4.635493499760000268e+05
2.747300109999999904e+02 4.831431209990999661e+06 4.635493800049999845e+05
2.746199950000000172e+02 4.831431200012000278e+06 4.635493599849999882e+05
2.746000060000000076e+02 4.831431209990999661e+06 4.635493599849999882e+05
2.746300049999999828e+02 4.831431200012000278e+06 4.635493800049999845e+05
2.746099849999999947e+02 4.831431209990999661e+06 4.635493599849999882e+05
2.746499939999999924e+02 4.831431200012000278e+06 4.635493800049999845e+05
2.746199950000000172e+02 4.831431200012000278e+06 4.635493599849999882e+05
2.746099849999999947e+02 4.831431209990999661e+06 4.635493499760000268e+05
2.746499939999999924e+02 4.831431200012000278e+06 4.635493699950000155e+05
2.746199950000000172e+02 4.831431220000999980e+06 4.635493599849999882e+05
2.746799930000000245e+02 4.831431220000999980e+06 4.635493699950000155e+05
2.746099849999999947e+02 4.831431209990999661e+06 4.635493599849999882e+05
2.746799930000000245e+02 4.831431220000999980e+06 4.635493599849999882e+05
2.746199950000000172e+02 4.831431209990999661e+06 4.635493599849999882e+05
2.747000120000000152e+02 4.831431220000999980e+06 4.635493599849999882e+05
2.746099849999999947e+02 4.831431200012000278e+06 4.635493699950000155e+05
2.746700129999999831e+02 4.831431209990999661e+06 4.635493699950000155e+05
2.746199950000000172e+02 4.831431220000999980e+06 4.635493599849999882e+05
2.746799930000000245e+02 4.831431220000999980e+06 4.635493699950000155e+05
2.746499939999999924e+02 4.831431230011000298e+06 4.635493599849999882e+05
2.747099910000000023e+02 4.831431230011000298e+06 4.635493699950000155e+05
2.746400150000000053e+02 4.831431230011000298e+06 4.635493699950000155e+05
2.747000120000000152e+02 4.831431230011000298e+06 4.635493699950000155e+05
2.746000060000000076e+02 4.831431220000999980e+06 4.635493699950000155e+05
2.746700129999999831e+02 4.831431220000999980e+06 4.635493699950000155e+05
2.747399899999999775e+02 4.831431230011000298e+06 4.635493699950000155e+05
2.746600040000000149e+02 4.831431230011000298e+06 4.635493699950000155e+05
2.746499939999999924e+02 4.831431239989999682e+06 4.635493699950000155e+05
2.746799930000000245e+02 4.831431230011000298e+06 4.635493900150000118e+05
2.746099849999999947e+02 4.831431209990999661e+06 4.635493800049999845e+05
2.747099910000000023e+02 4.831431239989999682e+06 4.635493699950000155e+05
2.746000060000000076e+02 4.831431200012000278e+06 4.635493599849999882e+05
2.746499939999999924e+02 4.831431209990999661e+06 4.635493699950000155e+05
2.746799930000000245e+02 4.831431200012000278e+06 4.635493800049999845e+05
2.746000060000000076e+02 4.831431209990999661e+06 4.635493599849999882e+05
2.746499939999999924e+02 4.831431209990999661e+06 4.635493699950000155e+05
2.746099849999999947e+02 4.831431179992999882e+06 4.635493699950000155e+05
2.745000000000000000e+02 4.831431160004000179e+06 4.635492800290000159e+05
2.745199890000000096e+02 4.831431179992999882e+06 4.635492600100000273e+05
2.746000060000000076e+02 4.831431179992999882e+06 4.635492800290000159e+05
2.745100100000000225e+02 4.831431170013000257e+06 4.635492800290000159e+05
2.746400150000000053e+02 4.831431230011000298e+06 4.635493800049999845e+05
2.747399899999999775e+02 4.831430970000999980e+06 4.635494099730000016e+05
2.745400089999999977e+02 4.831431070007000118e+06 4.635492500000000000e+05
2.745799870000000169e+02 4.831431040009000339e+06 4.635492999880000134e+05
2.745899959999999851e+02 4.831431029999000020e+06 4.635493300169999711e+05
2.746400150000000053e+02 4.831431029999000020e+06 4.635493499760000268e+05
2.747500000000000000e+02 4.831430989989999682e+06 4.635494500119999866e+05
2.745299989999999752e+02 4.831431130005000159e+06 4.635492399899999727e+05
2.747000120000000152e+02 4.831431059998000041e+06 4.635493200070000021e+05
2.746199950000000172e+02 4.831431000000000000e+06 4.635493300169999711e+05
2.746000060000000076e+02 4.831431010010000318e+06 4.635493099979999824e+05
2.745599980000000073e+02 4.831431059998000041e+06 4.635492199709999841e+05
2.745299989999999752e+02 4.831431070007000118e+06 4.635492100220000139e+05
2.747000120000000152e+02 4.831430940001999959e+06 4.635493800049999845e+05
2.746099849999999947e+02 4.831430980011000298e+06 4.635492999880000134e+05
2.745599980000000073e+02 4.831431000000000000e+06 4.635492600100000273e+05
2.745400089999999977e+02 4.831431029999000020e+06 4.635492100220000139e+05
2.746700129999999831e+02 4.831431010010000318e+06 4.635493699950000155e+05
2.744500120000000152e+02 4.831431160004000179e+06 4.635492299800000037e+05
2.746400150000000053e+02 4.831431200012000278e+06 4.635492600100000273e+05
2.747000120000000152e+02 4.831431190001999959e+06 4.635493099979999824e+05
2.746600040000000149e+02 4.831431029999000020e+06 4.635493599849999882e+05
2.746400150000000053e+02 4.831431040009000339e+06 4.635493400269999984e+05
2.747500000000000000e+02 4.831431109985000454e+06 4.635492999880000134e+05
2.746199950000000172e+02 4.831431000000000000e+06 4.635493300169999711e+05
2.745799870000000169e+02 4.831431019988999702e+06 4.635492999880000134e+05
2.746900019999999927e+02 4.831431029999000020e+06 4.635492500000000000e+05
2.747099910000000023e+02 4.831430970000999980e+06 4.635493599849999882e+05
2.746499939999999924e+02 4.831431040009000339e+06 4.635492600100000273e+05
2.746199950000000172e+02 4.831430970000999980e+06 4.635493699950000155e+05
2.746700129999999831e+02 4.831430970000999980e+06 4.635493499760000268e+05
2.746099849999999947e+02 4.831431000000000000e+06 4.635493300169999711e+05
2.746000060000000076e+02 4.831431019988999702e+06 4.635492999880000134e+05
2.747099910000000023e+02 4.831431010010000318e+06 4.635492700199999963e+05
2.746199950000000172e+02 4.831430980011000298e+06 4.635493699950000155e+05
2.746600040000000149e+02 4.831430989989999682e+06 4.635493400269999984e+05
2.746199950000000172e+02 4.831431010010000318e+06 4.635493099979999824e+05
2.747000120000000152e+02 4.831431010010000318e+06 4.635492800290000159e+05
2.747300109999999904e+02 4.831431019988999702e+06 4.635492600100000273e+05
2.747099910000000023e+02 4.831431049987999722e+06 4.635492899779999861e+05
2.745899959999999851e+02 4.831431000000000000e+06 4.635493099979999824e+05
2.745899959999999851e+02 4.831431010010000318e+06 4.635492899779999861e+05
2.745899959999999851e+02 4.831431029999000020e+06 4.635492600100000273e+05
2.743699950000000172e+02 4.831431019988999702e+06 4.635492299800000037e+05
2.746799930000000245e+02 4.831430980011000298e+06 4.635494799800000037e+05
