2.806499939999999924e+02 4.831433390014999546e+06 4.635491099849999882e+05
2.806600040000000149e+02 4.831433369994999841e+06 4.635491099849999882e+05
2.806400150000000053e+02 4.831433410004000179e+06 4.635491099849999882e+05
2.806600040000000149e+02 4.831433390014999546e+06 4.635491099849999882e+05
2.801400150000000053e+02 4.831433480011000298e+06 4.635491500239999732e+05
2.800700069999999755e+02 4.831433359985000454e+06 4.635495100100000273e+05
2.801000060000000076e+02 4.831433369994999841e+06 4.635495999760000268e+05
2.800799870000000169e+02 4.831433420013000257e+06 4.635495700070000021e+05
2.800199890000000096e+02 4.831433480011000298e+06 4.635496099849999882e+05
2.807900089999999977e+02 4.831432959990999661e+06 4.635492800290000159e+05
2.800799870000000169e+02 4.831433459990999661e+06 4.635495300290000159e+05
2.807200010000000248e+02 4.831432940001999959e+06 4.635492299800000037e+05
2.807699890000000096e+02 4.831432929992999882e+06 4.635492500000000000e+05
2.807399899999999775e+02 4.831432950012000278e+06 4.635492600100000273e+05
2.806600040000000149e+02 4.831432970000999980e+06 4.635492600100000273e+05
2.800499879999999848e+02 4.831433470000999980e+06 4.635495200199999963e+05
2.801799930000000245e+02 4.831433399993999861e+06 4.635495000000000000e+05
2.800400089999999977e+02 4.831433410004000179e+06 4.635495000000000000e+05
2.801300049999999828e+02 4.831433440001999959e+06 4.635495300290000159e+05
2.807699890000000096e+02 4.831432959990999661e+06 4.635492800290000159e+05
2.807399899999999775e+02 4.831432980011000298e+06 4.635492899779999861e+05
2.801400150000000053e+02 4.831433459990999661e+06 4.635495399779999861e+05
2.800899959999999851e+02 4.831433480011000298e+06 4.635495499880000134e+05
2.807900089999999977e+02 4.831432950012000278e+06 4.635492800290000159e+05
2.801099849999999947e+02 4.831433459990999661e+06 4.635495499880000134e+05
2.806499939999999924e+02 4.831432940001999959e+06 4.635492299800000037e+05
2.800000000000000000e+02 4.831433440001999959e+06 4.635495499880000134e+05
2.802000120000000152e+02 4.831433399993999861e+06 4.635494199830000289e+05
2.802099910000000023e+02 4.831433420013000257e+06 4.635495200199999963e+05
2.800799870000000169e+02 4.831433440001999959e+06 4.635495599979999824e+05
2.801000060000000076e+02 4.831433410004000179e+06 4.635495499880000134e+05
2.800899959999999851e+02 4.831433470000999980e+06 4.635495300290000159e+05
2.801300049999999828e+02 4.831433459990999661e+06 4.635495300290000159e+05
2.801600040000000149e+02 4.831433440001999959e+06 4.635495200199999963e+05
2.801199950000000172e+02 4.831433410004000179e+06 4.635494899899999727e+05
2.807799989999999752e+02 4.831432989989999682e+06 4.635493499760000268e+05
2.807999879999999848e+02 4.831432970000999980e+06 4.635493400269999984e+05
2.800700069999999755e+02 4.831433410004000179e+06 4.635495399779999861e+05
2.801099849999999947e+02 4.831433429992999882e+06 4.635495599979999824e+05
2.800199890000000096e+02 4.831433450012000278e+06 4.635495700070000021e+05
2.801900019999999927e+02 4.831433399993999861e+06 4.635494799800000037e+05
2.801199950000000172e+02 4.831433459990999661e+06 4.635495399779999861e+05
2.801600040000000149e+02 4.831433410004000179e+06 4.635495000000000000e+05
2.801600040000000149e+02 4.831433380005000159e+06 4.635495499880000134e+05
2.800299989999999752e+02 4.831433519988999702e+06 4.635495700070000021e+05
2.801300049999999828e+02 4.831433440001999959e+06 4.635494199830000289e+05
2.801099849999999947e+02 4.831433519988999702e+06 4.635494000239999732e+05
2.801300049999999828e+02 4.831433350006000139e+06 4.635495200199999963e+05
2.801099849999999947e+02 4.831433529999000020e+06 4.635494400020000176e+05
2.800599980000000073e+02 4.831433369994999841e+06 4.635495300290000159e+05
2.802300109999999904e+02 4.831433420013000257e+06 4.635494799800000037e+05
2.801199950000000172e+02 4.831433420013000257e+06 4.635494400020000176e+05
2.800199890000000096e+02 4.831433420013000257e+06 4.635495800169999711e+05
2.800000000000000000e+02 4.831433410004000179e+06 4.635495999760000268e+05
2.801300049999999828e+02 4.831433339995999821e+06 4.635496900020000176e+05
2.800199890000000096e+02 4.831433359985000454e+06 4.635495499880000134e+05
2.801000060000000076e+02 4.831433459990999661e+06 4.635495999760000268e+05
2.799899899999999775e+02 4.831433519988999702e+06 4.635495499880000134e+05
2.801000060000000076e+02 4.831433390014999546e+06 4.635495499880000134e+05
2.800599980000000073e+02 4.831433380005000159e+06 4.635495700070000021e+05
2.801099849999999947e+02 4.831433420013000257e+06 4.635495800169999711e+05
2.800700069999999755e+02 4.831433450012000278e+06 4.635495399779999861e+05
2.800199890000000096e+02 4.831433450012000278e+06 4.635495399779999861e+05
2.800700069999999755e+02 4.831433500000000000e+06 4.635495499880000134e+05
2.800599980000000073e+02 4.831433459990999661e+06 4.635496199950000155e+05
2.800599980000000073e+02 4.831433579986999743e+06 4.635494299929999979e+05
2.800599980000000073e+02 4.831433600006000139e+06 4.635494299929999979e+05
2.798500060000000076e+02 4.831433750000000000e+06 4.635493099979999824e+05
2.798599849999999947e+02 4.831433720000999980e+06 4.635492399899999727e+05
2.800899959999999851e+02 4.831433609985000454e+06 4.635493599849999882e+05
2.801700129999999831e+02 4.831433609985000454e+06 4.635492700199999963e+05
2.802000120000000152e+02 4.831433589995999821e+06 4.635492600100000273e+05
2.806600040000000149e+02 4.831433369994999841e+06 4.635492000119999866e+05
2.807699890000000096e+02 4.831433450012000278e+06 4.635491900020000176e+05
2.807500000000000000e+02 4.831433450012000278e+06 4.635492000119999866e+05
2.807600100000000225e+02 4.831433359985000454e+06 4.635492000119999866e+05
2.807000120000000152e+02 4.831433429992999882e+06 4.635491500239999732e+05
2.806900019999999927e+02 4.831433440001999959e+06 4.635492000119999866e+05
2.806900019999999927e+02 4.831433470000999980e+06 4.635491799929999979e+05
2.806400150000000053e+02 4.831433390014999546e+06 4.635491799929999979e+05
2.806099849999999947e+02 4.831433410004000179e+06 4.635491699830000289e+05
2.806900019999999927e+02 4.831433459990999661e+06 4.635491799929999979e+05
2.807399899999999775e+02 4.831433500000000000e+06 4.635491900020000176e+05
2.807500000000000000e+02 4.831432980011000298e+06 4.635499500119999866e+05
2.806199950000000172e+02 4.831433000000000000e+06 4.635498599849999882e+05
2.802699890000000096e+02 4.831433410004000179e+06 4.635495700070000021e+05
2.806700129999999831e+02 4.831433160004000179e+06 4.635497399899999727e+05
2.807500000000000000e+02 4.831433200012000278e+06 4.635498699950000155e+05
2.807399899999999775e+02 4.831433140014999546e+06 4.635497299800000037e+05
2.807699890000000096e+02 4.831433179992999882e+06 4.635497600100000273e+05
2.807600100000000225e+02 4.831433209990999661e+06 4.635497700199999963e+05
2.802200010000000248e+02 4.831433410004000179e+06 4.635495800169999711e+05
2.802000120000000152e+02 4.831433420013000257e+06 4.635495200199999963e+05
2.801799930000000245e+02 4.831433489989999682e+06 4.635495599979999824e+05
2.801199950000000172e+02 4.831433510010000318e+06 4.635495700070000021e+05
2.801099849999999947e+02 4.831433529999000020e+06 4.635495800169999711e+05
2.802099910000000023e+02 4.831433529999000020e+06 4.635495900269999984e+05
2.801600040000000149e+02 4.831433489989999682e+06 4.635495700070000021e+05
2.807999879999999848e+02 4.831432970000999980e+06 4.635499299929999979e+05
2.807799989999999752e+02 4.831432989989999682e+06 4.635499400020000176e+05
2.807699890000000096e+02 4.831433350006000139e+06 4.635495800169999711e+05
2.806799930000000245e+02 4.831433350006000139e+06 4.635495700070000021e+05
2.807000120000000152e+02 4.831433299987999722e+06 4.635495900269999984e+05
2.807799989999999752e+02 4.831433000000000000e+06 4.635499199830000289e+05
2.806900019999999927e+02 4.831433299987999722e+06 4.635496699830000289e+05
2.807399899999999775e+02 4.831433339995999821e+06 4.635495700070000021e+05
2.801000060000000076e+02 4.831433529999000020e+06 4.635495499880000134e+05
2.802200010000000248e+02 4.831433440001999959e+06 4.635496300049999845e+05
2.806600040000000149e+02 4.831433200012000278e+06 4.635497700199999963e+05
2.807900089999999977e+02 4.831433190001999959e+06 4.635497700199999963e+05
2.806900019999999927e+02 4.831433170013000257e+06 4.635498099979999824e+05
2.801400150000000053e+02 4.831433519988999702e+06 4.635495800169999711e+05
2.802200010000000248e+02 4.831433459990999661e+06 4.635496300049999845e+05
2.802000120000000152e+02 4.831433399993999861e+06 4.635495900269999984e+05
2.807600100000000225e+02 4.831433309998000041e+06 4.635496099849999882e+05
2.807900089999999977e+02 4.831433220000999980e+06 4.635498099979999824e+05
2.806499939999999924e+02 4.831433100006000139e+06 4.635497299800000037e+05
2.807500000000000000e+02 4.831432980011000298e+06 4.635499699709999841e+05
2.806900019999999927e+02 4.831433399993999861e+06 4.635492100220000139e+05
2.801400150000000053e+02 4.831433529999000020e+06 4.635495800169999711e+05
2.801099849999999947e+02 4.831433500000000000e+06 4.635495499880000134e+05
2.801099849999999947e+02 4.831433470000999980e+06 4.635495999760000268e+05
2.802000120000000152e+02 4.831433420013000257e+06 4.635495800169999711e+05
2.807000120000000152e+02 4.831433290009000339e+06 4.635496699830000289e+05
2.806900019999999927e+02 4.831433239989999682e+06 4.635497000119999866e+05
2.807399899999999775e+02 4.831433010010000318e+06 4.635499799800000037e+05
2.807699890000000096e+02 4.831433239989999682e+06 4.635498599849999882e+05
2.807900089999999977e+02 4.831433260010000318e+06 4.635498400269999984e+05
2.807000120000000152e+02 4.831433290009000339e+06 4.635496400150000118e+05
2.801799930000000245e+02 4.831433500000000000e+06 4.635496900020000176e+05
2.807900089999999977e+02 4.831433420013000257e+06 4.635495700070000021e+05
2.802200010000000248e+02 4.831433519988999702e+06 4.635496199950000155e+05
2.800799870000000169e+02 4.831433519988999702e+06 4.635495499880000134e+05
2.807300109999999904e+02 4.831433470000999980e+06 4.635492399899999727e+05
2.807600100000000225e+02 4.831432940001999959e+06 4.635499400020000176e+05
2.807600100000000225e+02 4.831432980011000298e+06 4.635499500119999866e+05
2.807900089999999977e+02 4.831433239989999682e+06 4.635498400269999984e+05
2.806499939999999924e+02 4.831433230011000298e+06 4.635497199709999841e+05
2.806900019999999927e+02 4.831433329986999743e+06 4.635495800169999711e+05
2.801799930000000245e+02 4.831433500000000000e+06 4.635496500239999732e+05
2.806600040000000149e+02 4.831433440001999959e+06 4.635492100220000139e+05
2.807999879999999848e+02 4.831433269988999702e+06 4.635497899779999861e+05
2.802099910000000023e+02 4.831433510010000318e+06 4.635496199950000155e+05
2.801799930000000245e+02 4.831433519988999702e+06 4.635496300049999845e+05
2.802200010000000248e+02 4.831433459990999661e+06 4.635496400150000118e+05
2.807699890000000096e+02 4.831433160004000179e+06 4.635497700199999963e+05
2.806499939999999924e+02 4.831433480011000298e+06 4.635492100220000139e+05
2.801499939999999924e+02 4.831433500000000000e+06 4.635495399779999861e+05
2.802099910000000023e+02 4.831433410004000179e+06 4.635495499880000134e+05
2.807699890000000096e+02 4.831432970000999980e+06 4.635499600220000139e+05
2.802099910000000023e+02 4.831433480011000298e+06 4.635495700070000021e+05
2.807300109999999904e+02 4.831432950012000278e+06 4.635499699709999841e+05
2.807900089999999977e+02 4.831432950012000278e+06 4.635499799800000037e+05
2.806400150000000053e+02 4.831433070007000118e+06 4.635497899779999861e+05
2.806099849999999947e+02 4.831433119994999841e+06 4.635497800290000159e+05
2.801000060000000076e+02 4.831433500000000000e+06 4.635496099849999882e+05
2.802099910000000023e+02 4.831433510010000318e+06 4.635496199950000155e+05
2.806400150000000053e+02 4.831433239989999682e+06 4.635497100220000139e+05
2.806400150000000053e+02 4.831433179992999882e+06 4.635498499760000268e+05
2.807300109999999904e+02 4.831432940001999959e+06 4.635500300290000159e+05
2.806600040000000149e+02 4.831433380005000159e+06 4.635495800169999711e+05
2.807099910000000023e+02 4.831433450012000278e+06 4.635495399779999861e+05
2.807799989999999752e+02 4.831432959990999661e+06 4.635499299929999979e+05
2.807600100000000225e+02 4.831432989989999682e+06 4.635499099730000016e+05
2.807699890000000096e+02 4.831432970000999980e+06 4.635499500119999866e+05
2.806600040000000149e+02 4.831432970000999980e+06 4.635499199830000289e+05
2.807200010000000248e+02 4.831433329986999743e+06 4.635496500239999732e+05
2.807000120000000152e+02 4.831433440001999959e+06 4.635495800169999711e+05
2.800700069999999755e+02 4.831433519988999702e+06 4.635495900269999984e+05
2.800199890000000096e+02 4.831433529999000020e+06 4.635496099849999882e+05
2.801199950000000172e+02 4.831433510010000318e+06 4.635495399779999861e+05
2.806900019999999927e+02 4.831433279999000020e+06 4.635497000119999866e+05
2.806900019999999927e+02 4.831433070007000118e+06 4.635497800290000159e+05
2.802000120000000152e+02 4.831433420013000257e+06 4.635496199950000155e+05
2.806799930000000245e+02 4.831433239989999682e+06 4.635497700199999963e+05
2.807500000000000000e+02 4.831433200012000278e+06 4.635497800290000159e+05
2.807000120000000152e+02 4.831433089995999821e+06 4.635497299800000037e+05
2.806199950000000172e+02 4.831433049987999722e+06 4.635498099979999824e+05
2.807900089999999977e+02 4.831433209990999661e+06 4.635498800049999845e+05
2.801199950000000172e+02 4.831433380005000159e+06 4.635497199709999841e+05
2.800799870000000169e+02 4.831433519988999702e+06 4.635495900269999984e+05
2.801700129999999831e+02 4.831433470000999980e+06 4.635496599730000016e+05
2.807699890000000096e+02 4.831433070007000118e+06 4.635496699830000289e+05
2.807300109999999904e+02 4.831433149993999861e+06 4.635497999880000134e+05
2.807000120000000152e+02 4.831433220000999980e+06 4.635498499760000268e+05
2.801900019999999927e+02 4.831433440001999959e+06 4.635495800169999711e+05
2.802000120000000152e+02 4.831433420013000257e+06 4.635496099849999882e+05
2.801499939999999924e+02 4.831433410004000179e+06 4.635496099849999882e+05
2.801700129999999831e+02 4.831433480011000298e+06 4.635495700070000021e+05
2.801199950000000172e+02 4.831433519988999702e+06 4.635495700070000021e+05
2.801700129999999831e+02 4.831433470000999980e+06 4.635496699830000289e+05
2.807200010000000248e+02 4.831433040009000339e+06 4.635497500000000000e+05
2.807000120000000152e+02 4.831433019988999702e+06 4.635497600100000273e+05
2.806900019999999927e+02 4.831433049987999722e+06 4.635497199709999841e+05
2.807000120000000152e+02 4.831433079986999743e+06 4.635497299800000037e+05
2.807900089999999977e+02 4.831433070007000118e+06 4.635497999880000134e+05
2.806700129999999831e+02 4.831433040009000339e+06 4.635498499760000268e+05
2.807999879999999848e+02 4.831433160004000179e+06 4.635497500000000000e+05
2.807399899999999775e+02 4.831433100006000139e+06 4.635498300169999711e+05
2.807099910000000023e+02 4.831433160004000179e+06 4.635497399899999727e+05
2.806700129999999831e+02 4.831433140014999546e+06 4.635497399899999727e+05
2.807099910000000023e+02 4.831433170013000257e+06 4.635497500000000000e+05
2.807699890000000096e+02 4.831433149993999861e+06 4.635497899779999861e+05
2.807600100000000225e+02 4.831433160004000179e+06 4.635497700199999963e+05
2.806600040000000149e+02 4.831433209990999661e+06 4.635498099979999824e+05
2.802099910000000023e+02 4.831433440001999959e+06 4.635495200199999963e+05
2.802200010000000248e+02 4.831433429992999882e+06 4.635495599979999824e+05
2.802099910000000023e+02 4.831433440001999959e+06 4.635495999760000268e+05
2.801400150000000053e+02 4.831433470000999980e+06 4.635495399779999861e+05
2.801499939999999924e+02 4.831433519988999702e+06 4.635495599979999824e+05
2.800599980000000073e+02 4.831433540009000339e+06 4.635495800169999711e+05
2.800499879999999848e+02 4.831433559998000041e+06 4.635495599979999824e+05
2.801600040000000149e+02 4.831433540009000339e+06 4.635495800169999711e+05
2.800799870000000169e+02 4.831433540009000339e+06 4.635495599979999824e+05
2.802000120000000152e+02 4.831433549987999722e+06 4.635495800169999711e+05
2.801600040000000149e+02 4.831433540009000339e+06 4.635495700070000021e+05
2.802000120000000152e+02 4.831433549987999722e+06 4.635495800169999711e+05
2.800599980000000073e+02 4.831433549987999722e+06 4.635496099849999882e+05
2.801799930000000245e+02 4.831433540009000339e+06 4.635495399779999861e+05
2.800199890000000096e+02 4.831433559998000041e+06 4.635495599979999824e+05
2.807600100000000225e+02 4.831433519988999702e+06 4.635492399899999727e+05
2.807600100000000225e+02 4.831433500000000000e+06 4.635492199709999841e+05
2.807099910000000023e+02 4.831433890014999546e+06 4.635491599730000016e+05
2.806900019999999927e+02 4.831433899993999861e+06 4.635491400150000118e+05
2.806700129999999831e+02 4.831433910004000179e+06 4.635491199950000155e+05
2.805100100000000225e+02 4.831433899993999861e+06 4.635491500239999732e+05
2.804400019999999927e+02 4.831433859985000454e+06 4.635491699830000289e+05
2.806400150000000053e+02 4.831433869994999841e+06 4.635491799929999979e+05
2.806700129999999831e+02 4.831433890014999546e+06 4.635491400150000118e+05
2.806499939999999924e+02 4.831433899993999861e+06 4.635491300049999845e+05
2.805100100000000225e+02 4.831433890014999546e+06 4.635491599730000016e+05
2.807300109999999904e+02 4.831433880005000159e+06 4.635491799929999979e+05
2.807399899999999775e+02 4.831433899993999861e+06 4.635491400150000118e+05
2.807600100000000225e+02 4.831433920013000257e+06 4.635491099849999882e+05
2.807399899999999775e+02 4.831433899993999861e+06 4.635491599730000016e+05
2.806900019999999927e+02 4.831433920013000257e+06 4.635491199950000155e+05
2.807300109999999904e+02 4.831433880005000159e+06 4.635491799929999979e+05
2.807000120000000152e+02 4.831433890014999546e+06 4.635491599730000016e+05
2.807099910000000023e+02 4.831433880005000159e+06 4.635491599730000016e+05
2.807200010000000248e+02 4.831433899993999861e+06 4.635491300049999845e+05
2.807000120000000152e+02 4.831433910004000179e+06 4.635491099849999882e+05
2.806199950000000172e+02 4.831433869994999841e+06 4.635491500239999732e+05
2.805799870000000169e+02 4.831433880005000159e+06 4.635491400150000118e+05
2.807099910000000023e+02 4.831433880005000159e+06 4.635491300049999845e+05
2.806600040000000149e+02 4.831433910004000179e+06 4.635491099849999882e+05
2.801900019999999927e+02 4.831433579986999743e+06 4.635496099849999882e+05
2.802399899999999775e+02 4.831433609985000454e+06 4.635495599979999824e+05
2.801300049999999828e+02 4.831433609985000454e+06 4.635495499880000134e+05
2.803200069999999755e+02 4.831433600006000139e+06 4.635496199950000155e+05
2.801900019999999927e+02 4.831433579986999743e+06 4.635496199950000155e+05
2.801199950000000172e+02 4.831433570007000118e+06 4.635495800169999711e+05
2.802999879999999848e+02 4.831433600006000139e+06 4.635496099849999882e+05
2.801400150000000053e+02 4.831433559998000041e+06 4.635494500119999866e+05
2.801300049999999828e+02 4.831433649993999861e+06 4.635495000000000000e+05
2.800700069999999755e+02 4.831433660004000179e+06 4.635494699709999841e+05
2.801400150000000053e+02 4.831433619994999841e+06 4.635495000000000000e+05
2.802300109999999904e+02 4.831433619994999841e+06 4.635492999880000134e+05
2.802500000000000000e+02 4.831433649993999861e+06 4.635494799800000037e+05
2.801799930000000245e+02 4.831433630005000159e+06 4.635495000000000000e+05
2.802300109999999904e+02 4.831433619994999841e+06 4.635495000000000000e+05
2.802000120000000152e+02 4.831433570007000118e+06 4.635495700070000021e+05
2.802200010000000248e+02 4.831433640014999546e+06 4.635493300169999711e+05
2.802099910000000023e+02 4.831433609985000454e+06 4.635493099979999824e+05
2.802399899999999775e+02 4.831433670013000257e+06 4.635494299929999979e+05
2.800899959999999851e+02 4.831433649993999861e+06 4.635494400020000176e+05
2.801799930000000245e+02 4.831433600006000139e+06 4.635495000000000000e+05
2.801300049999999828e+02 4.831433589995999821e+06 4.635495499880000134e+05
2.801700129999999831e+02 4.831433570007000118e+06 4.635495399779999861e+05
2.802999879999999848e+02 4.831433579986999743e+06 4.635495999760000268e+05
2.802500000000000000e+02 4.831433630005000159e+06 4.635495300290000159e+05
2.801799930000000245e+02 4.831433670013000257e+06 4.635494699709999841e+05
2.801700129999999831e+02 4.831433690001999959e+06 4.635494899899999727e+05
2.806300049999999828e+02 4.831433640014999546e+06 4.635492700199999963e+05
2.806099849999999947e+02 4.831433589995999821e+06 4.635492100220000139e+05
2.803200069999999755e+02 4.831433589995999821e+06 4.635495999760000268e+05
2.802200010000000248e+02 4.831433559998000041e+06 4.635495999760000268e+05
2.801700129999999831e+02 4.831433559998000041e+06 4.635496099849999882e+05
2.802799989999999752e+02 4.831433640014999546e+06 4.635495499880000134e+05
2.802099910000000023e+02 4.831433660004000179e+06 4.635495200199999963e+05
2.800899959999999851e+02 4.831433619994999841e+06 4.635495100100000273e+05
2.802099910000000023e+02 4.831433640014999546e+06 4.635494500119999866e+05
2.800799870000000169e+02 4.831433619994999841e+06 4.635494600220000139e+05
2.802399899999999775e+02 4.831433640014999546e+06 4.635494000239999732e+05
2.802600100000000225e+02 4.831433690001999959e+06 4.635494299929999979e+05
2.802500000000000000e+02 4.831433670013000257e+06 4.635494099730000016e+05
2.802200010000000248e+02 4.831433690001999959e+06 4.635494199830000289e+05
2.802600100000000225e+02 4.831433679992999882e+06 4.635494199830000289e+05
2.802200010000000248e+02 4.831433690001999959e+06 4.635494299929999979e+05
2.807200010000000248e+02 4.831433559998000041e+06 4.635492600100000273e+05
2.802200010000000248e+02 4.831433579986999743e+06 4.635493400269999984e+05
2.802099910000000023e+02 4.831433660004000179e+06 4.635493900150000118e+05
2.802900089999999977e+02 4.831433709990999661e+06 4.635493400269999984e+05
2.802200010000000248e+02 4.831433570007000118e+06 4.635495499880000134e+05
2.801799930000000245e+02 4.831433589995999821e+06 4.635495700070000021e+05
2.802500000000000000e+02 4.831433660004000179e+06 4.635494299929999979e+05
2.801499939999999924e+02 4.831433619994999841e+06 4.635494400020000176e+05
2.801199950000000172e+02 4.831433670013000257e+06 4.635494699709999841e+05
2.802399899999999775e+02 4.831433660004000179e+06 4.635493699950000155e+05
2.802099910000000023e+02 4.831433670013000257e+06 4.635493800049999845e+05
2.801600040000000149e+02 4.831433640014999546e+06 4.635493300169999711e+05
2.802900089999999977e+02 4.831433640014999546e+06 4.635492999880000134e+05
2.807399899999999775e+02 4.831433540009000339e+06 4.635492100220000139e+05
2.802200010000000248e+02 4.831433640014999546e+06 4.635494699709999841e+05
2.807900089999999977e+02 4.831433559998000041e+06 4.635492100220000139e+05
2.802300109999999904e+02 4.831433619994999841e+06 4.635492899779999861e+05
2.807000120000000152e+02 4.831433570007000118e+06 4.635492399899999727e+05
2.802500000000000000e+02 4.831433660004000179e+06 4.635494400020000176e+05
2.801900019999999927e+02 4.831433679992999882e+06 4.635495000000000000e+05
2.802000120000000152e+02 4.831433649993999861e+06 4.635494699709999841e+05
2.801799930000000245e+02 4.831433559998000041e+06 4.635495499880000134e+05
2.802300109999999904e+02 4.831433549987999722e+06 4.635495499880000134e+05
2.802799989999999752e+02 4.831433630005000159e+06 4.635496099849999882e+05
2.800700069999999755e+02 4.831433709990999661e+06 4.635494699709999841e+05
2.806199950000000172e+02 4.831433549987999722e+06 4.635492500000000000e+05
2.802300109999999904e+02 4.831433640014999546e+06 4.635493200070000021e+05
2.802699890000000096e+02 4.831433600006000139e+06 4.635492600100000273e+05
2.802399899999999775e+02 4.831433670013000257e+06 4.635494299929999979e+05
2.802399899999999775e+02 4.831433660004000179e+06 4.635494600220000139e+05
2.802799989999999752e+02 4.831433679992999882e+06 4.635495100100000273e+05
2.802200010000000248e+02 4.831433640014999546e+06 4.635494699709999841e+05
2.801900019999999927e+02 4.831433609985000454e+06 4.635494899899999727e+05
2.801799930000000245e+02 4.831433640014999546e+06 4.635494699709999841e+05
2.802000120000000152e+02 4.831433640014999546e+06 4.635494899899999727e+05
2.802699890000000096e+02 4.831433640014999546e+06 4.635495100100000273e+05
2.800700069999999755e+02 4.831433570007000118e+06 4.635495300290000159e+05
2.802200010000000248e+02 4.831433600006000139e+06 4.635495499880000134e+05
2.802200010000000248e+02 4.831433589995999821e+06 4.635495800169999711e+05
2.802699890000000096e+02 4.831433660004000179e+06 4.635495100100000273e+05
2.801799930000000245e+02 4.831433589995999821e+06 4.635495900269999984e+05
2.802399899999999775e+02 4.831433670013000257e+06 4.635495200199999963e+05
2.802000120000000152e+02 4.831433670013000257e+06 4.635495200199999963e+05
2.801700129999999831e+02 4.831433660004000179e+06 4.635494299929999979e+05
2.802099910000000023e+02 4.831433630005000159e+06 4.635495100100000273e+05
2.802600100000000225e+02 4.831433559998000041e+06 4.635496099849999882e+05
2.801400150000000053e+02 4.831433720000999980e+06 4.635495000000000000e+05
2.801499939999999924e+02 4.831433559998000041e+06 4.635495800169999711e+05
2.801600040000000149e+02 4.831433619994999841e+06 4.635495200199999963e+05
2.802699890000000096e+02 4.831433589995999821e+06 4.635495900269999984e+05
2.802600100000000225e+02 4.831433579986999743e+06 4.635496099849999882e+05
2.801300049999999828e+02 4.831433579986999743e+06 4.635495900269999984e+05
2.802699890000000096e+02 4.831433619994999841e+06 4.635495499880000134e+05
2.801700129999999831e+02 4.831433619994999841e+06 4.635495399779999861e+05
2.802600100000000225e+02 4.831433589995999821e+06 4.635495999760000268e+05
2.802300109999999904e+02 4.831433579986999743e+06 4.635496199950000155e+05
2.800100100000000225e+02 4.831433589995999821e+06 4.635495499880000134e+05
2.801900019999999927e+02 4.831433630005000159e+06 4.635495300290000159e+05
2.802300109999999904e+02 4.831433600006000139e+06 4.635495800169999711e+05
2.802600100000000225e+02 4.831433579986999743e+06 4.635496199950000155e+05
2.801900019999999927e+02 4.831433579986999743e+06 4.635496199950000155e+05
2.802500000000000000e+02 4.831433640014999546e+06 4.635495499880000134e+05
2.800599980000000073e+02 4.831433640014999546e+06 4.635495000000000000e+05
2.802200010000000248e+02 4.831433609985000454e+06 4.635495999760000268e+05
2.802200010000000248e+02 4.831433589995999821e+06 4.635496199950000155e+05
2.800400089999999977e+02 4.831433600006000139e+06 4.635495800169999711e+05
2.800899959999999851e+02 4.831433690001999959e+06 4.635494600220000139e+05
2.802000120000000152e+02 4.831433660004000179e+06 4.635495399779999861e+05
2.801300049999999828e+02 4.831433679992999882e+06 4.635495200199999963e+05
2.802099910000000023e+02 4.831433640014999546e+06 4.635493300169999711e+05
2.802500000000000000e+02 4.831433619994999841e+06 4.635495100100000273e+05
2.802600100000000225e+02 4.831433589995999821e+06 4.635495700070000021e+05
2.802099910000000023e+02 4.831433579986999743e+06 4.635495800169999711e+05
2.802099910000000023e+02 4.831433649993999861e+06 4.635495399779999861e+05
