2.736099849999999947e+02 4.831431029999000020e+06 4.635481500239999732e+05
2.736099849999999947e+02 4.831431059998000041e+06 4.635481400150000118e+05
2.734100040000000149e+02 4.831430940001999959e+06 4.635481699830000289e+05
2.734200129999999831e+02 4.831430989989999682e+06 4.635481599730000016e+05
2.734100040000000149e+02 4.831430970000999980e+06 4.635481500239999732e+05
2.732999879999999848e+02 4.831430989989999682e+06 4.635481500239999732e+05
2.731600040000000149e+02 4.831430929992999882e+06 4.635481400150000118e+05
2.732600100000000225e+02 4.831430980011000298e+06 4.635481699830000289e+05
2.732600100000000225e+02 4.831430950012000278e+06 4.635481500239999732e+05
2.731499939999999924e+02 4.831430929992999882e+06 4.635481199950000155e+05
2.731000060000000076e+02 4.831430940001999959e+06 4.635481199950000155e+05
2.733900150000000053e+02 4.831431029999000020e+06 4.635481300049999845e+05
2.733200069999999755e+02 4.831431019988999702e+06 4.635481300049999845e+05
2.732500000000000000e+02 4.831431019988999702e+06 4.635481300049999845e+05
2.731199950000000172e+02 4.831431000000000000e+06 4.635481099849999882e+05
2.736199950000000172e+02 4.831431149993999861e+06 4.635481799929999979e+05
2.735400089999999977e+02 4.831431140014999546e+06 4.635481699830000289e+05
2.734299930000000245e+02 4.831431119994999841e+06 4.635481500239999732e+05
2.732799989999999752e+02 4.831431070007000118e+06 4.635481099849999882e+05
2.737399899999999775e+02 4.831431179992999882e+06 4.635481699830000289e+05
2.736499939999999924e+02 4.831431170013000257e+06 4.635481599730000016e+05
2.735700069999999755e+02 4.831431160004000179e+06 4.635481500239999732e+05
2.734599910000000023e+02 4.831431130005000159e+06 4.635481300049999845e+05
2.733399959999999851e+02 4.831431100006000139e+06 4.635481099849999882e+05
2.736799930000000245e+02 4.831431230011000298e+06 4.635481599730000016e+05
2.737200010000000248e+02 4.831431260010000318e+06 4.635481400150000118e+05
2.737799989999999752e+02 4.831431299987999722e+06 4.635481099849999882e+05
2.736300049999999828e+02 4.831431140014999546e+06 4.635481699830000289e+05
2.734100040000000149e+02 4.831431040009000339e+06 4.635481400150000118e+05
2.736499939999999924e+02 4.831431200012000278e+06 4.635481599730000016e+05
2.732600100000000225e+02 4.831431040009000339e+06 4.635481099849999882e+05
2.735499879999999848e+02 4.831431149993999861e+06 4.635481099849999882e+05
2.736700129999999831e+02 4.831431200012000278e+06 4.635481199950000155e+05
2.731700129999999831e+02 4.831430959990999661e+06 4.635481099849999882e+05
2.732900089999999977e+02 4.831431019988999702e+06 4.635481199950000155e+05
2.735199890000000096e+02 4.831431100006000139e+06 4.635481400150000118e+05
2.736099849999999947e+02 4.831431140014999546e+06 4.635481500239999732e+05
2.737200010000000248e+02 4.831431190001999959e+06 4.635481599730000016e+05
2.737099910000000023e+02 4.831431260010000318e+06 4.635481199950000155e+05
2.737900089999999977e+02 4.831431269988999702e+06 4.635481300049999845e+05
2.736199950000000172e+02 4.831431190001999959e+06 4.635481300049999845e+05
2.737099910000000023e+02 4.831431220000999980e+06 4.635481500239999732e+05
2.733200069999999755e+02 4.831431070007000118e+06 4.635481099849999882e+05
2.735100100000000225e+02 4.831431119994999841e+06 4.635481500239999732e+05
2.735899959999999851e+02 4.831431130005000159e+06 4.635481599730000016e+05
2.736600040000000149e+02 4.831431140014999546e+06 4.635481699830000289e+05
2.737399899999999775e+02 4.831431149993999861e+06 4.635481799929999979e+05
2.732000120000000152e+02 4.831430980011000298e+06 4.635481199950000155e+05
2.732900089999999977e+02 4.831431000000000000e+06 4.635481400150000118e+05
2.733500060000000076e+02 4.831431000000000000e+06 4.635481400150000118e+05
2.734800109999999904e+02 4.831431010010000318e+06 4.635481500239999732e+05
2.734100040000000149e+02 4.831431109985000454e+06 4.635481500239999732e+05
2.735599980000000073e+02 4.831431079986999743e+06 4.635481500239999732e+05
2.733999939999999924e+02 4.831431059998000041e+06 4.635481599730000016e+05
2.734500120000000152e+02 4.831431049987999722e+06 4.635481599730000016e+05
2.734800109999999904e+02 4.831431019988999702e+06 4.635481500239999732e+05
2.734599910000000023e+02 4.831431010010000318e+06 4.635481500239999732e+05
2.733500060000000076e+02 4.831430959990999661e+06 4.635481199950000155e+05
2.734299930000000245e+02 4.831431000000000000e+06 4.635481099849999882e+05
2.733399959999999851e+02 4.831430989989999682e+06 4.635481400150000118e+05
2.732900089999999977e+02 4.831430980011000298e+06 4.635481599730000016e+05
2.732300109999999904e+02 4.831430980011000298e+06 4.635481699830000289e+05
2.735299989999999752e+02 4.831431010010000318e+06 4.635481400150000118e+05
2.733999939999999924e+02 4.831431010010000318e+06 4.635481599730000016e+05
2.733599849999999947e+02 4.831431010010000318e+06 4.635481699830000289e+05
2.733200069999999755e+02 4.831430970000999980e+06 4.635481400150000118e+05
2.732699890000000096e+02 4.831430959990999661e+06 4.635481500239999732e+05
2.732000120000000152e+02 4.831430950012000278e+06 4.635481599730000016e+05
2.734100040000000149e+02 4.831431040009000339e+06 4.635481799929999979e+05
2.733599849999999947e+02 4.831430989989999682e+06 4.635481799929999979e+05
2.737099910000000023e+02 4.831431040009000339e+06 4.635482100220000139e+05
2.737900089999999977e+02 4.831431040009000339e+06 4.635482500000000000e+05
2.737999879999999848e+02 4.831430959990999661e+06 4.635482399899999727e+05
2.735000000000000000e+02 4.831430989989999682e+06 4.635481900020000176e+05
2.736099849999999947e+02 4.831431130005000159e+06 4.635481900020000176e+05
2.736600040000000149e+02 4.831431109985000454e+06 4.635481900020000176e+05
2.736400150000000053e+02 4.831431130005000159e+06 4.635482000119999866e+05
2.737699890000000096e+02 4.831430959990999661e+06 4.635482500000000000e+05
2.737500000000000000e+02 4.831431170013000257e+06 4.635481900020000176e+05
2.737200010000000248e+02 4.831431179992999882e+06 4.635482000119999866e+05
2.737300109999999904e+02 4.831430989989999682e+06 4.635482399899999727e+05
2.733999939999999924e+02 4.831431029999000020e+06 4.635481900020000176e+05
2.734299930000000245e+02 4.831431040009000339e+06 4.635481900020000176e+05
2.737099910000000023e+02 4.831431079986999743e+06 4.635482100220000139e+05
2.737699890000000096e+02 4.831430959990999661e+06 4.635482500000000000e+05
2.735400089999999977e+02 4.831430970000999980e+06 4.635481900020000176e+05
2.737699890000000096e+02 4.831431029999000020e+06 4.635482500000000000e+05
2.735100100000000225e+02 4.831431040009000339e+06 4.635481799929999979e+05
2.733500060000000076e+02 4.831431029999000020e+06 4.635481799929999979e+05
2.732699890000000096e+02 4.831431019988999702e+06 4.635481799929999979e+05
2.736300049999999828e+02 4.831431089995999821e+06 4.635482199709999841e+05
2.737200010000000248e+02 4.831431140014999546e+06 4.635482500000000000e+05
2.731199950000000172e+02 4.831430940001999959e+06 4.635481599730000016e+05
2.736600040000000149e+02 4.831430929992999882e+06 4.635487800290000159e+05
2.735400089999999977e+02 4.831430950012000278e+06 4.635482299800000037e+05
2.737000120000000152e+02 4.831430959990999661e+06 4.635488400269999984e+05
2.737600100000000225e+02 4.831430929992999882e+06 4.635488900150000118e+05
2.737799989999999752e+02 4.831430929992999882e+06 4.635489600220000139e+05
2.737200010000000248e+02 4.831431000000000000e+06 4.635487800290000159e+05
2.737600100000000225e+02 4.831431010010000318e+06 4.635487899779999861e+05
2.737300109999999904e+02 4.831431019988999702e+06 4.635487299800000037e+05
2.735400089999999977e+02 4.831430959990999661e+06 4.635485999760000268e+05
2.734100040000000149e+02 4.831430959990999661e+06 4.635484899899999727e+05
2.734500120000000152e+02 4.831430940001999959e+06 4.635485200199999963e+05
2.734599910000000023e+02 4.831430959990999661e+06 4.635485300290000159e+05
2.733800049999999828e+02 4.831430929992999882e+06 4.635484600220000139e+05
2.733999939999999924e+02 4.831430950012000278e+06 4.635484699709999841e+05
2.733900150000000053e+02 4.831430929992999882e+06 4.635484799800000037e+05
2.734200129999999831e+02 4.831430959990999661e+06 4.635484799800000037e+05
2.737200010000000248e+02 4.831430940001999959e+06 4.635487700199999963e+05
2.737000120000000152e+02 4.831431000000000000e+06 4.635487600100000273e+05
2.736900019999999927e+02 4.831430980011000298e+06 4.635487500000000000e+05
2.737600100000000225e+02 4.831430980011000298e+06 4.635488099979999824e+05
2.737200010000000248e+02 4.831430950012000278e+06 4.635487899779999861e+05
2.736499939999999924e+02 4.831430929992999882e+06 4.635487800290000159e+05
2.737099910000000023e+02 4.831431040009000339e+06 4.635487299800000037e+05
2.737099910000000023e+02 4.831431059998000041e+06 4.635487100220000139e+05
2.735400089999999977e+02 4.831430959990999661e+06 4.635485700070000021e+05
2.734299930000000245e+02 4.831430929992999882e+06 4.635484699709999841e+05
2.734400019999999927e+02 4.831430959990999661e+06 4.635484899899999727e+05
2.733599849999999947e+02 4.831430950012000278e+06 4.635484199830000289e+05
2.735299989999999752e+02 4.831430980011000298e+06 4.635485999760000268e+05
2.736600040000000149e+02 4.831431010010000318e+06 4.635487100220000139e+05
2.736600040000000149e+02 4.831430989989999682e+06 4.635486900020000176e+05
2.737900089999999977e+02 4.831431000000000000e+06 4.635487899779999861e+05
2.737999879999999848e+02 4.831431040009000339e+06 4.635487700199999963e+05
2.737600100000000225e+02 4.831431059998000041e+06 4.635487899779999861e+05
2.734899899999999775e+02 4.831430959990999661e+06 4.635485300290000159e+05
2.734800109999999904e+02 4.831430989989999682e+06 4.635485499880000134e+05
2.733200069999999755e+02 4.831430950012000278e+06 4.635484199830000289e+05
2.733200069999999755e+02 4.831430980011000298e+06 4.635484400020000176e+05
2.731900019999999927e+02 4.831430929992999882e+06 4.635482999880000134e+05
2.732300109999999904e+02 4.831430970000999980e+06 4.635483300169999711e+05
2.737900089999999977e+02 4.831431029999000020e+06 4.635487700199999963e+05
2.737699890000000096e+02 4.831431049987999722e+06 4.635487899779999861e+05
2.737799989999999752e+02 4.831431029999000020e+06 4.635487500000000000e+05
2.737799989999999752e+02 4.831431059998000041e+06 4.635487700199999963e+05
2.737300109999999904e+02 4.831431059998000041e+06 4.635487800290000159e+05
2.737300109999999904e+02 4.831431010010000318e+06 4.635487299800000037e+05
2.737399899999999775e+02 4.831431040009000339e+06 4.635487500000000000e+05
2.736900019999999927e+02 4.831431059998000041e+06 4.635487600100000273e+05
2.737500000000000000e+02 4.831431019988999702e+06 4.635487199709999841e+05
2.737399899999999775e+02 4.831431049987999722e+06 4.635487399899999727e+05
2.737099910000000023e+02 4.831431059998000041e+06 4.635487500000000000e+05
2.737300109999999904e+02 4.831431019988999702e+06 4.635487199709999841e+05
2.737300109999999904e+02 4.831431040009000339e+06 4.635487299800000037e+05
2.737000120000000152e+02 4.831431059998000041e+06 4.635487500000000000e+05
2.737699890000000096e+02 4.831431019988999702e+06 4.635487399899999727e+05
2.737699890000000096e+02 4.831431049987999722e+06 4.635487600100000273e+05
2.737200010000000248e+02 4.831431059998000041e+06 4.635487700199999963e+05
2.737300109999999904e+02 4.831431019988999702e+06 4.635487199709999841e+05
2.737300109999999904e+02 4.831431059998000041e+06 4.635487399899999727e+05
2.736900019999999927e+02 4.831431070007000118e+06 4.635487500000000000e+05
2.737300109999999904e+02 4.831431019988999702e+06 4.635486900020000176e+05
2.737099910000000023e+02 4.831431049987999722e+06 4.635487100220000139e+05
2.736700129999999831e+02 4.831431059998000041e+06 4.635487199709999841e+05
2.736499939999999924e+02 4.831431029999000020e+06 4.635486799929999979e+05
2.736300049999999828e+02 4.831431040009000339e+06 4.635486900020000176e+05
2.736099849999999947e+02 4.831431070007000118e+06 4.635487100220000139e+05
2.736199950000000172e+02 4.831431040009000339e+06 4.635486500239999732e+05
2.735400089999999977e+02 4.831430980011000298e+06 4.635485599979999824e+05
2.735299989999999752e+02 4.831431010010000318e+06 4.635485800169999711e+05
2.734400019999999927e+02 4.831430950012000278e+06 4.635484899899999727e+05
2.734299930000000245e+02 4.831430980011000298e+06 4.635485100100000273e+05
2.733699950000000172e+02 4.831430980011000298e+06 4.635485100100000273e+05
2.733500060000000076e+02 4.831430940001999959e+06 4.635484199830000289e+05
2.733200069999999755e+02 4.831430970000999980e+06 4.635484400020000176e+05
2.732799989999999752e+02 4.831430950012000278e+06 4.635483800049999845e+05
2.732399899999999775e+02 4.831430929992999882e+06 4.635483099979999824e+05
2.731700129999999831e+02 4.831430929992999882e+06 4.635482800290000159e+05
2.737900089999999977e+02 4.831431079986999743e+06 4.635488099979999824e+05
2.737900089999999977e+02 4.831431079986999743e+06 4.635488099979999824e+05
2.737999879999999848e+02 4.831431079986999743e+06 4.635488099979999824e+05
2.737799989999999752e+02 4.831431070007000118e+06 4.635488099979999824e+05
2.737900089999999977e+02 4.831431079986999743e+06 4.635488200070000021e+05
2.737799989999999752e+02 4.831431040009000339e+06 4.635487500000000000e+05
2.737699890000000096e+02 4.831431070007000118e+06 4.635487700199999963e+05
2.737399899999999775e+02 4.831431089995999821e+06 4.635487899779999861e+05
2.737399899999999775e+02 4.831431029999000020e+06 4.635487100220000139e+05
2.737200010000000248e+02 4.831431049987999722e+06 4.635487199709999841e+05
2.737000120000000152e+02 4.831431070007000118e+06 4.635487399899999727e+05
2.736400150000000053e+02 4.831431040009000339e+06 4.635486699830000289e+05
2.736199950000000172e+02 4.831431059998000041e+06 4.635486900020000176e+05
2.735799870000000169e+02 4.831431029999000020e+06 4.635486099849999882e+05
2.735599980000000073e+02 4.831431049987999722e+06 4.635486300049999845e+05
2.734700010000000248e+02 4.831430980011000298e+06 4.635485200199999963e+05
2.734599910000000023e+02 4.831431000000000000e+06 4.635485300290000159e+05
2.733299870000000169e+02 4.831430959990999661e+06 4.635484299929999979e+05
2.732399899999999775e+02 4.831430950012000278e+06 4.635483300169999711e+05
2.732099910000000023e+02 4.831430970000999980e+06 4.635483499760000268e+05
2.733399959999999851e+02 4.831430929992999882e+06 4.635484299929999979e+05
2.733800049999999828e+02 4.831430940001999959e+06 4.635484699709999841e+05
2.734500120000000152e+02 4.831430959990999661e+06 4.635485200199999963e+05
2.734800109999999904e+02 4.831430940001999959e+06 4.635485100100000273e+05
2.734899899999999775e+02 4.831430970000999980e+06 4.635485700070000021e+05
2.735400089999999977e+02 4.831430950012000278e+06 4.635485499880000134e+05
2.736300049999999828e+02 4.831431010010000318e+06 4.635487000119999866e+05
2.736900019999999927e+02 4.831431010010000318e+06 4.635486900020000176e+05
2.737200010000000248e+02 4.831430989989999682e+06 4.635486799929999979e+05
2.737000120000000152e+02 4.831431029999000020e+06 4.635487500000000000e+05
2.737399899999999775e+02 4.831431019988999702e+06 4.635487399899999727e+05
2.737799989999999752e+02 4.831431000000000000e+06 4.635487299800000037e+05
2.737300109999999904e+02 4.831431019988999702e+06 4.635487999880000134e+05
2.737900089999999977e+02 4.831431029999000020e+06 4.635487899779999861e+05
2.732200010000000248e+02 4.831430929992999882e+06 4.635483599849999882e+05
2.733699950000000172e+02 4.831430959990999661e+06 4.635485100100000273e+05
2.734400019999999927e+02 4.831430959990999661e+06 4.635485200199999963e+05
2.734599910000000023e+02 4.831430929992999882e+06 4.635485000000000000e+05
2.734899899999999775e+02 4.831430989989999682e+06 4.635485900269999984e+05
2.735499879999999848e+02 4.831430989989999682e+06 4.635485999760000268e+05
2.736199950000000172e+02 4.831431010010000318e+06 4.635486599730000016e+05
2.736300049999999828e+02 4.831431010010000318e+06 4.635487100220000139e+05
2.737000120000000152e+02 4.831431010010000318e+06 4.635487199709999841e+05
2.737999879999999848e+02 4.831431040009000339e+06 4.635487999880000134e+05
2.736499939999999924e+02 4.831431029999000020e+06 4.635487299800000037e+05
2.736900019999999927e+02 4.831431019988999702e+06 4.635487199709999841e+05
2.736700129999999831e+02 4.831431040009000339e+06 4.635487899779999861e+05
2.737600100000000225e+02 4.831431040009000339e+06 4.635488099979999824e+05
2.737900089999999977e+02 4.831431010010000318e+06 4.635487399899999727e+05
2.737900089999999977e+02 4.831430950012000278e+06 4.635487299800000037e+05
2.734500120000000152e+02 4.831430980011000298e+06 4.635485399779999861e+05
2.734899899999999775e+02 4.831430980011000298e+06 4.635485599979999824e+05
2.735299989999999752e+02 4.831430980011000298e+06 4.635485800169999711e+05
2.735700069999999755e+02 4.831430970000999980e+06 4.635485999760000268e+05
2.733900150000000053e+02 4.831430970000999980e+06 4.635485000000000000e+05
2.734299930000000245e+02 4.831430959990999661e+06 4.635485100100000273e+05
2.734800109999999904e+02 4.831430970000999980e+06 4.635485300290000159e+05
2.735299989999999752e+02 4.831430980011000298e+06 4.635485399779999861e+05
2.734100040000000149e+02 4.831430989989999682e+06 4.635484699709999841e+05
2.734200129999999831e+02 4.831430970000999980e+06 4.635485000000000000e+05
2.735400089999999977e+02 4.831431019988999702e+06 4.635484899899999727e+05
2.735100100000000225e+02 4.831430970000999980e+06 4.635485399779999861e+05
2.736199950000000172e+02 4.831430980011000298e+06 4.635486599730000016e+05
2.736400150000000053e+02 4.831431019988999702e+06 4.635487000119999866e+05
2.737099910000000023e+02 4.831431029999000020e+06 4.635487000119999866e+05
2.737099910000000023e+02 4.831431010010000318e+06 4.635487299800000037e+05
2.737799989999999752e+02 4.831431010010000318e+06 4.635487600100000273e+05
2.736499939999999924e+02 4.831431049987999722e+06 4.635487600100000273e+05
2.737300109999999904e+02 4.831431070007000118e+06 4.635487600100000273e+05
2.737799989999999752e+02 4.831431000000000000e+06 4.635487500000000000e+05
2.737699890000000096e+02 4.831431010010000318e+06 4.635487299800000037e+05
2.737900089999999977e+02 4.831430950012000278e+06 4.635487500000000000e+05
2.737699890000000096e+02 4.831430970000999980e+06 4.635487199709999841e+05
2.737799989999999752e+02 4.831430989989999682e+06 4.635486900020000176e+05
2.735599980000000073e+02 4.831430929992999882e+06 4.635485800169999711e+05
2.735400089999999977e+02 4.831430940001999959e+06 4.635485499880000134e+05
2.734299930000000245e+02 4.831430940001999959e+06 4.635484899899999727e+05
2.733399959999999851e+02 4.831430929992999882e+06 4.635484400020000176e+05
2.733800049999999828e+02 4.831430970000999980e+06 4.635485000000000000e+05
2.734200129999999831e+02 4.831430959990999661e+06 4.635484899899999727e+05
2.734500120000000152e+02 4.831430950012000278e+06 4.635485200199999963e+05
2.734700010000000248e+02 4.831430929992999882e+06 4.635485499880000134e+05
2.734500120000000152e+02 4.831430959990999661e+06 4.635485100100000273e+05
2.734700010000000248e+02 4.831430950012000278e+06 4.635485399779999861e+05
2.733699950000000172e+02 4.831430970000999980e+06 4.635484799800000037e+05
2.734299930000000245e+02 4.831430970000999980e+06 4.635485100100000273e+05
2.734599910000000023e+02 4.831430959990999661e+06 4.635485300290000159e+05
2.734899899999999775e+02 4.831430959990999661e+06 4.635485499880000134e+05
2.735100100000000225e+02 4.831430950012000278e+06 4.635485800169999711e+05
2.733800049999999828e+02 4.831430970000999980e+06 4.635485000000000000e+05
2.734500120000000152e+02 4.831430980011000298e+06 4.635485300290000159e+05
2.734899899999999775e+02 4.831430970000999980e+06 4.635485599979999824e+05
2.735299989999999752e+02 4.831430970000999980e+06 4.635485800169999711e+05
2.734700010000000248e+02 4.831430989989999682e+06 4.635485499880000134e+05
2.735000000000000000e+02 4.831430980011000298e+06 4.635485800169999711e+05
2.734899899999999775e+02 4.831430989989999682e+06 4.635485900269999984e+05
2.734599910000000023e+02 4.831430929992999882e+06 4.635485200199999963e+05
2.737900089999999977e+02 4.831431000000000000e+06 4.635487800290000159e+05
2.737300109999999904e+02 4.831430940001999959e+06 4.635487800290000159e+05
2.737300109999999904e+02 4.831430959990999661e+06 4.635487500000000000e+05
2.733599849999999947e+02 4.831430929992999882e+06 4.635484500119999866e+05
2.733699950000000172e+02 4.831430950012000278e+06 4.635484699709999841e+05
2.733999939999999924e+02 4.831430929992999882e+06 4.635485000000000000e+05
2.735199890000000096e+02 4.831430950012000278e+06 4.635485800169999711e+05
2.737200010000000248e+02 4.831431019988999702e+06 4.635487600100000273e+05
2.737600100000000225e+02 4.831431000000000000e+06 4.635487899779999861e+05
2.733399959999999851e+02 4.831430929992999882e+06 4.635484600220000139e+05
2.734400019999999927e+02 4.831430959990999661e+06 4.635485200199999963e+05
2.734800109999999904e+02 4.831430940001999959e+06 4.635485700070000021e+05
2.735400089999999977e+02 4.831430970000999980e+06 4.635486099849999882e+05
2.735000000000000000e+02 4.831430940001999959e+06 4.635486500239999732e+05
2.736000060000000076e+02 4.831430980011000298e+06 4.635486799929999979e+05
2.735700069999999755e+02 4.831430959990999661e+06 4.635487000119999866e+05
2.736499939999999924e+02 4.831430989989999682e+06 4.635487299800000037e+05
2.737300109999999904e+02 4.831431029999000020e+06 4.635487700199999963e+05
2.737600100000000225e+02 4.831431010010000318e+06 4.635487999880000134e+05
2.737300109999999904e+02 4.831431000000000000e+06 4.635488200070000021e+05
2.737900089999999977e+02 4.831431040009000339e+06 4.635488200070000021e+05
2.737999879999999848e+02 4.831431079986999743e+06 4.635488400269999984e+05
