463545.909973 4831432.510010 280.559998
463545.869995 4831432.489990 280.600006
463545.909973 4831432.950012 280.619995
463545.929993 4831432.679993 280.559998
463545.900024 4831432.670013 280.649994
463545.869995 4831432.660004 280.619995
463545.900024 4831432.739990 280.679993
463545.890015 4831432.750000 280.609985
463545.849976 4831432.700012 280.589996
463545.869995 4831432.730011 280.649994
463545.919983 4831432.739990 280.690002
463545.849976 4831432.709991 280.589996
463545.830017 4831432.739990 280.630005
463545.809998 4831432.950012 280.570007
463545.719971 4831432.980011 280.600006
463545.809998 4831432.929993 280.549988
463545.799988 4831432.950012 280.660004
463545.859985 4831432.640015 280.640015
463545.979980 4831432.799988 280.730011
463545.969971 4831432.799988 280.790009
463545.929993 4831432.769989 280.649994
463545.880005 4831432.690002 280.609985
463545.950012 4831432.850006 280.690002
463545.890015 4831432.799988 280.589996
463545.880005 4831432.760010 280.640015
463545.900024 4831432.760010 280.730011
463545.940002 4831432.559998 280.630005
463545.950012 4831432.760010 280.760010
463545.929993 4831432.760010 280.769989
463545.880005 4831432.690002 280.600006
463545.950012 4831432.820007 280.720001
463545.900024 4831432.730011 280.679993
463545.909973 4831432.720001 280.559998
463545.750000 4831433.049988 280.579987
463545.640015 4831433.029999 280.619995
463545.690002 4831433.019989 280.529999
463545.940002 4831432.769989 280.790009
463545.940002 4831432.809998 280.739990
463545.900024 4831432.779999 280.750000
463545.890015 4831432.690002 280.609985
463545.859985 4831432.750000 280.589996
463545.799988 4831432.850006 280.649994
463545.780029 4831432.820007 280.649994
463545.770020 4831432.869995 280.690002
463545.940002 4831432.820007 280.700012
463545.890015 4831432.700012 280.559998
463545.890015 4831432.720001 280.630005
463545.789978 4831432.959991 280.600006
463545.940002 4831432.559998 280.609985
463545.789978 4831432.829987 280.679993
463545.880005 4831432.609985 280.630005
463545.869995 4831432.589996 280.600006
463545.929993 4831432.799988 280.739990
463545.840027 4831432.899994 280.579987
463545.820007 4831432.950012 280.559998
463545.820007 4831432.929993 280.660004
463545.830017 4831432.880005 280.619995
463545.909973 4831432.549988 280.570007
463545.900024 4831432.660004 280.640015
463545.929993 4831432.730011 280.690002
463545.780029 4831432.839996 280.570007
463545.960022 4831432.519989 280.540009
463546.059998 4831433.179993 280.500000
463545.780029 4831432.779999 280.589996
463545.909973 4831432.700012 280.589996
463545.950012 4831432.739990 280.760010
463546.309998 4831432.489990 280.459991
463546.460022 4831432.459991 280.420013
463546.530029 4831432.739990 280.519989
463546.570007 4831432.750000 280.459991
463546.580017 4831432.640015 280.489990
463546.500000 4831433.000000 280.350006
463546.460022 4831433.000000 280.420013
463546.549988 4831432.649994 280.510010
463546.549988 4831432.739990 280.510010
463546.570007 4831432.750000 280.459991
463546.570007 4831432.920013 280.510010
463546.559998 4831432.910004 280.450012
463546.429993 4831433.000000 280.480011
463546.520020 4831433.100006 280.450012
463546.539978 4831432.970001 280.350006
463546.570007 4831432.720001 280.489990
463546.570007 4831432.709991 280.549988
463546.479980 4831433.049988 280.380005
463546.520020 4831432.959991 280.450012
463546.530029 4831432.890015 280.489990
463546.570007 4831432.760010 280.470001
463546.419983 4831432.940002 280.380005
463546.580017 4831432.899994 280.489990
463546.530029 4831432.730011 280.459991
463546.510010 4831432.750000 280.510010
463546.580017 4831432.730011 280.459991
463546.539978 4831432.959991 280.489990
463546.549988 4831432.950012 280.309998
463546.570007 4831432.970001 280.420013
463546.570007 4831432.880005 280.519989
463546.580017 4831432.790009 280.450012
463546.510010 4831432.790009 280.529999
463546.599976 4831432.690002 280.529999
463546.599976 4831432.760010 280.549988
463546.520020 4831432.649994 280.489990
463546.580017 4831432.750000 280.540009
463546.450012 4831432.989990 280.309998
463546.460022 4831432.989990 280.390015
463546.590027 4831432.750000 280.549988
463546.570007 4831432.690002 280.510010
463546.190002 4831433.299988 280.630005
