463547.609985 4831434.540009 279.390015
463547.619995 4831434.540009 279.380005
463547.619995 4831434.859985 280.220001
463547.669983 4831434.750000 280.290009
463547.640015 4831434.730011 280.299988
463547.609985 4831434.750000 280.299988
463547.690002 4831434.829987 280.170013
463547.799988 4831434.690002 279.959991
463547.849976 4831434.739990 279.899994
463547.840027 4831434.750000 279.850006
463547.679993 4831434.839996 280.089996
463547.619995 4831434.839996 280.239990
463547.679993 4831434.839996 279.890015
463547.700012 4831434.880005 279.859985
463547.609985 4831434.839996 280.010010
463547.840027 4831434.809998 279.920013
463547.719971 4831434.820007 279.940002
463547.739990 4831434.850006 279.929993
463547.799988 4831434.920013 279.869995
463547.700012 4831434.869995 279.880005
463547.739990 4831434.760010 279.950012
463547.659973 4831434.829987 280.079987
463547.630005 4831434.859985 280.170013
463547.739990 4831434.609985 279.890015
463547.729980 4831434.779999 280.019989
463547.719971 4831434.760010 279.959991
463547.770020 4831434.750000 279.980011
463547.750000 4831434.649994 279.890015
463547.729980 4831434.839996 280.049988
463547.659973 4831434.829987 280.049988
463547.650024 4831434.839996 280.070007
463547.659973 4831434.839996 280.070007
463547.640015 4831434.829987 280.079987
463547.630005 4831434.839996 280.100006
463547.609985 4831434.880005 280.200012
463547.700012 4831434.790009 280.029999
463547.710022 4831434.809998 279.989990
463547.739990 4831434.850006 279.920013
463547.669983 4831434.809998 279.869995
463547.640015 4831434.850006 280.040009
463547.729980 4831434.790009 280.010010
463547.760010 4831434.839996 280.029999
463547.609985 4831434.570007 279.429993
463547.650024 4831434.769989 279.950012
463547.710022 4831434.829987 280.049988
463547.700012 4831434.809998 280.070007
463547.710022 4831434.829987 280.049988
463547.609985 4831434.839996 280.079987
463547.710022 4831434.850006 280.049988
463547.650024 4831434.850006 279.510010
463547.640015 4831434.829987 280.010010
463547.619995 4831434.779999 279.950012
463547.750000 4831434.829987 280.029999
463547.640015 4831434.839996 280.000000
463547.630005 4831434.829987 280.029999
463547.640015 4831434.790009 279.940002
463547.719971 4831434.839996 280.010010
463547.719971 4831434.869995 280.029999
463547.669983 4831434.809998 280.089996
463547.669983 4831434.820007 280.089996
463547.669983 4831434.869995 280.049988
463547.609985 4831434.899994 280.130005
463547.630005 4831434.839996 280.119995
463547.619995 4831434.559998 279.410004
463547.609985 4831434.799988 279.989990
463547.659973 4831434.859985 280.040009
463547.650024 4831434.850006 279.959991
463547.679993 4831434.820007 279.989990
463547.679993 4831434.829987 280.070007
463547.619995 4831434.839996 280.100006
463547.619995 4831434.910004 280.160004
463547.700012 4831434.829987 280.230011
463547.619995 4831434.769989 279.980011
463547.739990 4831434.790009 279.989990
463547.719971 4831434.820007 279.980011
463547.619995 4831434.869995 280.140015
463547.619995 4831434.890015 280.190002
463547.619995 4831434.910004 280.200012
463547.609985 4831434.890015 280.250000
463547.760010 4831434.790009 279.940002
463547.750000 4831434.820007 279.929993
463547.780029 4831434.890015 279.890015
463547.739990 4831434.739990 279.899994
463547.729980 4831434.820007 279.929993
463547.719971 4831434.839996 279.959991
463547.729980 4831434.880005 279.880005
463547.679993 4831434.839996 280.040009
463547.659973 4831434.820007 279.850006
463547.630005 4831434.910004 280.019989
463547.609985 4831434.820007 279.940002
463547.809998 4831434.790009 279.940002
463547.739990 4831434.769989 279.980011
463547.729980 4831434.790009 280.019989
463547.760010 4831434.839996 279.920013
463547.750000 4831434.859985 279.950012
463547.669983 4831434.820007 279.989990
463547.619995 4831434.790009 279.869995
463547.650024 4831434.799988 279.859985
463547.750000 4831434.850006 280.059998
463547.650024 4831434.760010 280.290009
463547.630005 4831434.779999 280.269989
463547.650024 4831434.769989 280.279999
463547.650024 4831434.760010 280.290009
463547.659973 4831434.829987 280.119995
463547.630005 4831434.839996 280.260010
463547.630005 4831434.829987 280.200012
463547.679993 4831434.720001 280.279999
463547.669983 4831434.720001 280.279999
463547.669983 4831434.709991 280.269989
463547.619995 4831434.720001 280.269989
463547.609985 4831434.730011 280.279999
463547.669983 4831434.709991 280.290009
463547.809998 4831434.730011 279.980011
463547.690002 4831434.769989 279.890015
463547.630005 4831434.799988 279.899994
463547.609985 4831434.769989 279.920013
463547.719971 4831434.760010 279.899994
463547.609985 4831434.820007 279.910004
463547.619995 4831434.820007 279.799988
463547.849976 4831434.720001 279.980011
463547.859985 4831434.730011 279.890015
463547.729980 4831434.790009 279.910004
463547.659973 4831434.739990 279.890015
463547.619995 4831434.809998 279.890015
463547.700012 4831434.820007 279.850006
463547.789978 4831434.709991 279.899994
463547.619995 4831434.619995 279.410004
463547.719971 4831434.809998 280.059998
463547.700012 4831434.829987 280.070007
463547.619995 4831434.820007 280.299988
463547.640015 4831434.820007 280.290009
463547.640015 4831434.839996 280.269989
463547.659973 4831434.829987 280.250000
463547.630005 4831434.750000 280.239990
463547.609985 4831434.839996 280.290009
463547.630005 4831434.839996 280.220001
463547.630005 4831434.859985 280.220001
463547.650024 4831434.839996 280.209991
463547.609985 4831434.859985 280.230011
463547.630005 4831434.839996 280.209991
463547.619995 4831434.869995 280.179993
463547.640015 4831434.869995 280.209991
463547.690002 4831434.809998 280.100006
463547.820007 4831434.750000 279.859985
463547.869995 4831434.730011 279.910004
463547.840027 4831434.769989 279.850006
463547.700012 4831434.869995 279.920013
463547.789978 4831434.850006 280.000000
463547.830017 4831434.839996 279.929993
463547.609985 4831434.640015 279.880005
463547.729980 4831434.609985 279.890015
463547.780029 4831434.720001 279.920013
463547.679993 4831434.799988 280.019989
463547.690002 4831434.829987 279.980011
463547.760010 4831434.799988 280.040009
463547.760010 4831434.820007 279.989990
463547.789978 4831434.829987 280.000000
463547.809998 4831434.829987 280.040009
463547.609985 4831434.799988 280.070007
463547.669983 4831434.799988 279.940002
463547.690002 4831434.779999 279.910004
463547.669983 4831434.799988 279.869995
463547.609985 4831434.829987 279.820007
463547.669983 4831434.769989 280.010010
463547.640015 4831434.799988 279.929993
463547.619995 4831434.799988 279.980011
463547.669983 4831434.790009 280.049988
463547.659973 4831434.799988 280.010010
463547.679993 4831434.809998 280.010010
463547.710022 4831434.829987 279.880005
463547.700012 4831434.829987 279.910004
463547.690002 4831434.820007 279.980011
463547.679993 4831434.799988 279.970001
463547.710022 4831434.769989 279.859985
463547.659973 4831434.790009 279.880005
463547.640015 4831434.809998 279.850006
463547.650024 4831434.750000 279.929993
463547.700012 4831434.829987 279.899994
463547.690002 4831434.709991 279.899994
463547.609985 4831434.809998 279.790009
463547.609985 4831434.640015 279.929993
463547.700012 4831434.820007 280.079987
463547.630005 4831434.869995 280.200012
463547.650024 4831434.859985 280.179993
463547.650024 4831434.839996 280.130005
463547.630005 4831434.850006 280.209991
463547.640015 4831434.850006 280.149994
463547.669983 4831434.820007 280.179993
463547.650024 4831434.820007 280.179993
463547.669983 4831434.859985 280.209991
463547.669983 4831434.850006 280.149994
463547.619995 4831434.559998 279.390015
463547.609985 4831434.720001 279.890015
463547.789978 4831434.760010 279.980011
463547.739990 4831434.859985 279.859985
