2.819400019999999927e+02 4.831431480011000298e+06 4.635476500239999732e+05
2.819899899999999775e+02 4.831431480011000298e+06 4.635476199950000155e+05
2.819500120000000152e+02 4.831431459990999661e+06 4.635476199950000155e+05
2.819500120000000152e+02 4.831431470000999980e+06 4.635475800169999711e+05
2.819400019999999927e+02 4.831431440001999959e+06 4.635475800169999711e+05
2.819599910000000023e+02 4.831431459990999661e+06 4.635475900269999984e+05
2.819700010000000248e+02 4.831431480011000298e+06 4.635475300290000159e+05
2.819500120000000152e+02 4.831431420013000257e+06 4.635476099849999882e+05
2.819599910000000023e+02 4.831431480011000298e+06 4.635475700070000021e+05
2.819100040000000149e+02 4.831431480011000298e+06 4.635476300049999845e+05
2.818999939999999924e+02 4.831431480011000298e+06 4.635475300290000159e+05
2.819700010000000248e+02 4.831431489989999682e+06 4.635475700070000021e+05
2.818500060000000076e+02 4.831431480011000298e+06 4.635475100100000273e+05
2.819100040000000149e+02 4.831431480011000298e+06 4.635476099849999882e+05
2.819899899999999775e+02 4.831431459990999661e+06 4.635475900269999984e+05
2.819700010000000248e+02 4.831431450012000278e+06 4.635476099849999882e+05
2.819899899999999775e+02 4.831431459990999661e+06 4.635476099849999882e+05
2.819899899999999775e+02 4.831431459990999661e+06 4.635476300049999845e+05
2.824700010000000248e+02 4.831431910004000179e+06 4.635471199950000155e+05
2.820000000000000000e+02 4.831431529999000020e+06 4.635475999760000268e+05
2.820199890000000096e+02 4.831431559998000041e+06 4.635475700070000021e+05
2.820000000000000000e+02 4.831431510010000318e+06 4.635475900269999984e+05
2.819800109999999904e+02 4.831431489989999682e+06 4.635475900269999984e+05
2.819200129999999831e+02 4.831431500000000000e+06 4.635475800169999711e+05
2.825100100000000225e+02 4.831431809998000041e+06 4.635472100220000139e+05
2.819500120000000152e+02 4.831431500000000000e+06 4.635476099849999882e+05
2.819700010000000248e+02 4.831431540009000339e+06 4.635475700070000021e+05
2.819700010000000248e+02 4.831431540009000339e+06 4.635475599979999824e+05
2.819100040000000149e+02 4.831431529999000020e+06 4.635475800169999711e+05
2.819299930000000245e+02 4.831431500000000000e+06 4.635475200199999963e+05
2.824500120000000152e+02 4.831431829986999743e+06 4.635472199709999841e+05
2.825499879999999848e+02 4.831431500000000000e+06 4.635474400020000176e+05
2.818699950000000172e+02 4.831431489989999682e+06 4.635475999760000268e+05
2.818200069999999755e+02 4.831431369994999841e+06 4.635476699830000289e+05
2.818599849999999947e+02 4.831431350006000139e+06 4.635476799929999979e+05
2.818699950000000172e+02 4.831431339995999821e+06 4.635476599730000016e+05
2.818299870000000169e+02 4.831431359985000454e+06 4.635476900020000176e+05
2.818299870000000169e+02 4.831431390014999546e+06 4.635476199950000155e+05
2.818699950000000172e+02 4.831431410004000179e+06 4.635476099849999882e+05
2.819400019999999927e+02 4.831431350006000139e+06 4.635476300049999845e+05
2.819400019999999927e+02 4.831431369994999841e+06 4.635475999760000268e+05
2.820899959999999851e+02 4.831431359985000454e+06 4.635475700070000021e+05
2.818099980000000073e+02 4.831431350006000139e+06 4.635477100220000139e+05
2.826700129999999831e+02 4.831431410004000179e+06 4.635480100100000273e+05
2.819100040000000149e+02 4.831431470000999980e+06 4.635477100220000139e+05
2.820899959999999851e+02 4.831431450012000278e+06 4.635478099979999824e+05
2.826099849999999947e+02 4.831431420013000257e+06 4.635480100100000273e+05
2.819100040000000149e+02 4.831431480011000298e+06 4.635479899899999727e+05
2.822900089999999977e+02 4.831431730011000298e+06 4.635480900269999984e+05
2.822699890000000096e+02 4.831431709990999661e+06 4.635480700070000021e+05
2.821700129999999831e+02 4.831431730011000298e+06 4.635480999760000268e+05
2.821799930000000245e+02 4.831431690001999959e+06 4.635480700070000021e+05
2.823999939999999924e+02 4.831431750000000000e+06 4.635479600220000139e+05
2.826099849999999947e+02 4.831431549987999722e+06 4.635480300290000159e+05
2.826700129999999831e+02 4.831431519988999702e+06 4.635479799800000037e+05
2.824700010000000248e+02 4.831431630005000159e+06 4.635480499880000134e+05
2.823900150000000053e+02 4.831431679992999882e+06 4.635480399779999861e+05
2.823900150000000053e+02 4.831431730011000298e+06 4.635480399779999861e+05
2.820899959999999851e+02 4.831431410004000179e+06 4.635478900150000118e+05
2.820799870000000169e+02 4.831431369994999841e+06 4.635479400020000176e+05
2.818399959999999851e+02 4.831431329986999743e+06 4.635477600100000273e+05
2.818299870000000169e+02 4.831431339995999821e+06 4.635477999880000134e+05
2.818099980000000073e+02 4.831431320007000118e+06 4.635477899779999861e+05
2.818099980000000073e+02 4.831431309998000041e+06 4.635478300169999711e+05
2.819599910000000023e+02 4.831431309998000041e+06 4.635479600220000139e+05
2.818099980000000073e+02 4.831431320007000118e+06 4.635478200070000021e+05
2.820100100000000225e+02 4.831431369994999841e+06 4.635479400020000176e+05
2.820400089999999977e+02 4.831431309998000041e+06 4.635479400020000176e+05
2.819299930000000245e+02 4.831431309998000041e+06 4.635479400020000176e+05
2.819100040000000149e+02 4.831431309998000041e+06 4.635479699709999841e+05
2.818699950000000172e+02 4.831431299987999722e+06 4.635479699709999841e+05
2.818900150000000053e+02 4.831431269988999702e+06 4.635479799800000037e+05
2.818200069999999755e+02 4.831431279999000020e+06 4.635479799800000037e+05
2.818399959999999851e+02 4.831431359985000454e+06 4.635477500000000000e+05
2.818200069999999755e+02 4.831431290009000339e+06 4.635479799800000037e+05
2.820400089999999977e+02 4.831431179992999882e+06 4.635480200199999963e+05
2.818800049999999828e+02 4.831431309998000041e+06 4.635478599849999882e+05
2.818200069999999755e+02 4.831431350006000139e+06 4.635477399899999727e+05
2.819700010000000248e+02 4.831431160004000179e+06 4.635479500119999866e+05
2.818800049999999828e+02 4.831431100006000139e+06 4.635479699709999841e+05
2.820799870000000169e+02 4.831431320007000118e+06 4.635479099730000016e+05
2.820899959999999851e+02 4.831431329986999743e+06 4.635479000239999732e+05
2.819800109999999904e+02 4.831431230011000298e+06 4.635479199830000289e+05
2.820299989999999752e+02 4.831431239989999682e+06 4.635479299929999979e+05
2.818099980000000073e+02 4.831431339995999821e+06 4.635477899779999861e+05
2.818699950000000172e+02 4.831431359985000454e+06 4.635478699950000155e+05
2.819100040000000149e+02 4.831431209990999661e+06 4.635479899899999727e+05
2.819599910000000023e+02 4.831431359985000454e+06 4.635478599849999882e+05
2.819700010000000248e+02 4.831431399993999861e+06 4.635478900150000118e+05
2.819299930000000245e+02 4.831431410004000179e+06 4.635479000239999732e+05
2.819700010000000248e+02 4.831431369994999841e+06 4.635478499760000268e+05
2.819599910000000023e+02 4.831431399993999861e+06 4.635478699950000155e+05
2.819299930000000245e+02 4.831431410004000179e+06 4.635478800049999845e+05
2.819100040000000149e+02 4.831431410004000179e+06 4.635478699950000155e+05
2.818999939999999924e+02 4.831431390014999546e+06 4.635478900150000118e+05
2.818099980000000073e+02 4.831431350006000139e+06 4.635478400269999984e+05
2.818299870000000169e+02 4.831431359985000454e+06 4.635477299800000037e+05
2.819899899999999775e+02 4.831431230011000298e+06 4.635480300290000159e+05
2.820100100000000225e+02 4.831431250000000000e+06 4.635479400020000176e+05
2.820700069999999755e+02 4.831431290009000339e+06 4.635478800049999845e+05
2.821300049999999828e+02 4.831431359985000454e+06 4.635478900150000118e+05
2.821000060000000076e+02 4.831431299987999722e+06 4.635478699950000155e+05
2.818299870000000169e+02 4.831431149993999861e+06 4.635479600220000139e+05
2.819899899999999775e+02 4.831431290009000339e+06 4.635478800049999845e+05
2.819599910000000023e+02 4.831431239989999682e+06 4.635478900150000118e+05
2.819500120000000152e+02 4.831431260010000318e+06 4.635478699950000155e+05
2.818200069999999755e+02 4.831431029999000020e+06 4.635478099979999824e+05
2.818900150000000053e+02 4.831431239989999682e+06 4.635478900150000118e+05
2.818299870000000169e+02 4.831431029999000020e+06 4.635478099979999824e+05
2.820700069999999755e+02 4.831431299987999722e+06 4.635479299929999979e+05
2.820599980000000073e+02 4.831431350006000139e+06 4.635478599849999882e+05
2.820899959999999851e+02 4.831431329986999743e+06 4.635479299929999979e+05
2.821400150000000053e+02 4.831431299987999722e+06 4.635479299929999979e+05
2.818900150000000053e+02 4.831431200012000278e+06 4.635479500119999866e+05
2.818200069999999755e+02 4.831431329986999743e+06 4.635477299800000037e+05
2.818200069999999755e+02 4.831431320007000118e+06 4.635477600100000273e+05
2.818299870000000169e+02 4.831431269988999702e+06 4.635478499760000268e+05
2.819200129999999831e+02 4.831431269988999702e+06 4.635479000239999732e+05
2.820199890000000096e+02 4.831431279999000020e+06 4.635479400020000176e+05
2.820100100000000225e+02 4.831431279999000020e+06 4.635479600220000139e+05
2.820000000000000000e+02 4.831431290009000339e+06 4.635479400020000176e+05
