2.797799989999999752e+02 4.831429440001999959e+06 4.635484400020000176e+05
2.797500000000000000e+02 4.831429440001999959e+06 4.635484199830000289e+05
2.797000120000000152e+02 4.831429429992999882e+06 4.635485300290000159e+05
2.797600100000000225e+02 4.831429440001999959e+06 4.635483800049999845e+05
2.797900089999999977e+02 4.831429429992999882e+06 4.635484500119999866e+05
2.797099910000000023e+02 4.831429420013000257e+06 4.635483800049999845e+05
2.797600100000000225e+02 4.831429420013000257e+06 4.635483800049999845e+05
2.797999879999999848e+02 4.831429429992999882e+06 4.635484400020000176e+05
2.797600100000000225e+02 4.831429910004000179e+06 4.635488200070000021e+05
2.797500000000000000e+02 4.831429890014999546e+06 4.635490900269999984e+05
2.796700129999999831e+02 4.831429920013000257e+06 4.635490000000000000e+05
2.797600100000000225e+02 4.831429899993999861e+06 4.635487999880000134e+05
2.797799989999999752e+02 4.831429459990999661e+06 4.635484299929999979e+05
2.796900019999999927e+02 4.831429489989999682e+06 4.635484299929999979e+05
2.796700129999999831e+02 4.831429489989999682e+06 4.635484099730000016e+05
2.797000120000000152e+02 4.831429500000000000e+06 4.635484199830000289e+05
2.796799930000000245e+02 4.831429529999000020e+06 4.635484299929999979e+05
2.796600040000000149e+02 4.831429529999000020e+06 4.635484099730000016e+05
2.795599980000000073e+02 4.831429619994999841e+06 4.635483800049999845e+05
2.792300109999999904e+02 4.831429920013000257e+06 4.635483099979999824e+05
2.796900019999999927e+02 4.831429899993999861e+06 4.635482199709999841e+05
2.797099910000000023e+02 4.831429910004000179e+06 4.635490499880000134e+05
2.797600100000000225e+02 4.831429450012000278e+06 4.635484099730000016e+05
2.797300109999999904e+02 4.831429890014999546e+06 4.635487700199999963e+05
2.797600100000000225e+02 4.831429910004000179e+06 4.635487700199999963e+05
2.795599980000000073e+02 4.831429600006000139e+06 4.635483699950000155e+05
2.797699890000000096e+02 4.831429869994999841e+06 4.635482199709999841e+05
2.796600040000000149e+02 4.831429899993999861e+06 4.635482199709999841e+05
2.792300109999999904e+02 4.831429910004000179e+06 4.635482700199999963e+05
2.792900089999999977e+02 4.831429920013000257e+06 4.635485100100000273e+05
2.795000000000000000e+02 4.831429609985000454e+06 4.635484299929999979e+05
2.795599980000000073e+02 4.831429559998000041e+06 4.635484600220000139e+05
2.796499939999999924e+02 4.831429910004000179e+06 4.635488099979999824e+05
2.796000060000000076e+02 4.831429899993999861e+06 4.635488099979999824e+05
2.796400150000000053e+02 4.831429470000999980e+06 4.635484799800000037e+05
2.795899959999999851e+02 4.831429470000999980e+06 4.635484799800000037e+05
2.797900089999999977e+02 4.831429859985000454e+06 4.635488499760000268e+05
2.797399899999999775e+02 4.831429859985000454e+06 4.635488499760000268e+05
2.795599980000000073e+02 4.831429910004000179e+06 4.635489199830000289e+05
2.794800109999999904e+02 4.831429920013000257e+06 4.635489400020000176e+05
2.795799870000000169e+02 4.831429910004000179e+06 4.635490100100000273e+05
2.795400089999999977e+02 4.831429899993999861e+06 4.635490000000000000e+05
2.796499939999999924e+02 4.831429869994999841e+06 4.635482800290000159e+05
2.797600100000000225e+02 4.831429869994999841e+06 4.635488400269999984e+05
2.796499939999999924e+02 4.831429899993999861e+06 4.635488599849999882e+05
2.795700069999999755e+02 4.831429910004000179e+06 4.635488599849999882e+05
2.794700010000000248e+02 4.831429920013000257e+06 4.635489500119999866e+05
2.797799989999999752e+02 4.831429829986999743e+06 4.635482800290000159e+05
2.796799930000000245e+02 4.831429859985000454e+06 4.635482700199999963e+05
2.797500000000000000e+02 4.831429899993999861e+06 4.635488200070000021e+05
2.797200010000000248e+02 4.831429869994999841e+06 4.635488699950000155e+05
2.797300109999999904e+02 4.831429480011000298e+06 4.635484099730000016e+05
2.796799930000000245e+02 4.831429540009000339e+06 4.635484000239999732e+05
2.796300049999999828e+02 4.831429549987999722e+06 4.635483800049999845e+05
2.797500000000000000e+02 4.831429910004000179e+06 4.635487600100000273e+05
2.795499879999999848e+02 4.831429619994999841e+06 4.635483499760000268e+05
2.797500000000000000e+02 4.831429470000999980e+06 4.635484000239999732e+05
2.796700129999999831e+02 4.831429899993999861e+06 4.635487299800000037e+05
2.797200010000000248e+02 4.831429920013000257e+06 4.635487199709999841e+05
2.796499939999999924e+02 4.831429510010000318e+06 4.635483800049999845e+05
2.796000060000000076e+02 4.831429559998000041e+06 4.635483499760000268e+05
2.796499939999999924e+02 4.831429869994999841e+06 4.635482999880000134e+05
2.796900019999999927e+02 4.831429920013000257e+06 4.635490300290000159e+05
2.797999879999999848e+02 4.831429910004000179e+06 4.635490599979999824e+05
2.796300049999999828e+02 4.831429529999000020e+06 4.635483900150000118e+05
2.796300049999999828e+02 4.831429600006000139e+06 4.635483499760000268e+05
2.797699890000000096e+02 4.831429489989999682e+06 4.635483699950000155e+05
2.797500000000000000e+02 4.831429510010000318e+06 4.635483800049999845e+05
2.795899959999999851e+02 4.831429609985000454e+06 4.635483400269999984e+05
2.795499879999999848e+02 4.831429609985000454e+06 4.635483200070000021e+05
2.796099849999999947e+02 4.831429559998000041e+06 4.635483499760000268e+05
2.796900019999999927e+02 4.831429540009000339e+06 4.635483800049999845e+05
2.797900089999999977e+02 4.831429480011000298e+06 4.635484000239999732e+05
2.797600100000000225e+02 4.831429920013000257e+06 4.635490499880000134e+05
2.796099849999999947e+02 4.831429619994999841e+06 4.635483599849999882e+05
2.795700069999999755e+02 4.831429630005000159e+06 4.635483800049999845e+05
2.797900089999999977e+02 4.831429480011000298e+06 4.635484000239999732e+05
2.797699890000000096e+02 4.831429500000000000e+06 4.635483699950000155e+05
2.797300109999999904e+02 4.831429510010000318e+06 4.635483900150000118e+05
2.797000120000000152e+02 4.831429519988999702e+06 4.635483599849999882e+05
2.796900019999999927e+02 4.831429540009000339e+06 4.635483800049999845e+05
2.797099910000000023e+02 4.831429540009000339e+06 4.635483599849999882e+05
2.796700129999999831e+02 4.831429549987999722e+06 4.635483699950000155e+05
2.796300049999999828e+02 4.831429579986999743e+06 4.635483499760000268e+05
2.796099849999999947e+02 4.831429600006000139e+06 4.635483699950000155e+05
2.795700069999999755e+02 4.831429619994999841e+06 4.635483099979999824e+05
2.796099849999999947e+02 4.831429559998000041e+06 4.635483300169999711e+05
2.797500000000000000e+02 4.831429920013000257e+06 4.635490100100000273e+05
2.797399899999999775e+02 4.831429910004000179e+06 4.635490599979999824e+05
2.796700129999999831e+02 4.831429549987999722e+06 4.635483599849999882e+05
2.797000120000000152e+02 4.831429519988999702e+06 4.635483499760000268e+05
2.797699890000000096e+02 4.831429489989999682e+06 4.635483900150000118e+05
2.797099910000000023e+02 4.831429920013000257e+06 4.635490900269999984e+05
2.792699890000000096e+02 4.831429920013000257e+06 4.635482600100000273e+05
2.796400150000000053e+02 4.831429559998000041e+06 4.635483800049999845e+05
2.796799930000000245e+02 4.831429549987999722e+06 4.635483800049999845e+05
2.797399899999999775e+02 4.831429559998000041e+06 4.635483300169999711e+05
2.796499939999999924e+02 4.831429579986999743e+06 4.635483499760000268e+05
2.796600040000000149e+02 4.831429579986999743e+06 4.635483499760000268e+05
2.796499939999999924e+02 4.831429579986999743e+06 4.635483400269999984e+05
2.796499939999999924e+02 4.831429570007000118e+06 4.635483400269999984e+05
2.796499939999999924e+02 4.831429570007000118e+06 4.635483300169999711e+05
2.796600040000000149e+02 4.831429589995999821e+06 4.635483400269999984e+05
2.796099849999999947e+02 4.831429579986999743e+06 4.635482999880000134e+05
2.795700069999999755e+02 4.831429609985000454e+06 4.635483099979999824e+05
2.795599980000000073e+02 4.831429640014999546e+06 4.635483099979999824e+05
2.797300109999999904e+02 4.831429880005000159e+06 4.635482299800000037e+05
2.797900089999999977e+02 4.831429880005000159e+06 4.635482299800000037e+05
2.797399899999999775e+02 4.831429839995999821e+06 4.635483400269999984e+05
2.796400150000000053e+02 4.831429549987999722e+06 4.635483499760000268e+05
2.796600040000000149e+02 4.831429500000000000e+06 4.635483800049999845e+05
2.796600040000000149e+02 4.831429510010000318e+06 4.635483599849999882e+05
2.796300049999999828e+02 4.831429519988999702e+06 4.635483400269999984e+05
2.797600100000000225e+02 4.831429880005000159e+06 4.635487800290000159e+05
2.794700010000000248e+02 4.831429600006000139e+06 4.635483300169999711e+05
2.794599910000000023e+02 4.831429609985000454e+06 4.635483099979999824e+05
2.796199950000000172e+02 4.831429480011000298e+06 4.635483800049999845e+05
2.795700069999999755e+02 4.831429910004000179e+06 4.635487299800000037e+05
2.797500000000000000e+02 4.831429510010000318e+06 4.635484000239999732e+05
2.797799989999999752e+02 4.831429500000000000e+06 4.635484199830000289e+05
2.791900019999999927e+02 4.831429890014999546e+06 4.635483099979999824e+05
2.796499939999999924e+02 4.831429899993999861e+06 4.635482000119999866e+05
2.797000120000000152e+02 4.831429899993999861e+06 4.635490800169999711e+05
2.797300109999999904e+02 4.831429899993999861e+06 4.635490999760000268e+05
