2.808200069999999755e+02 4.831431950012000278e+06 4.635499699709999841e+05
2.808200069999999755e+02 4.831431959990999661e+06 4.635498499760000268e+05
2.808099980000000073e+02 4.831431940001999959e+06 4.635498300169999711e+05
2.808200069999999755e+02 4.831431959990999661e+06 4.635498400269999984e+05
2.807900089999999977e+02 4.831431950012000278e+06 4.635498300169999711e+05
2.808399959999999851e+02 4.831431970000999980e+06 4.635498499760000268e+05
2.808599849999999947e+02 4.831431980011000298e+06 4.635498300169999711e+05
2.808399959999999851e+02 4.831432019988999702e+06 4.635498599849999882e+05
2.808099980000000073e+02 4.831431970000999980e+06 4.635498200070000021e+05
2.808999939999999924e+02 4.831432000000000000e+06 4.635498400269999984e+05
2.808399959999999851e+02 4.831432010010000318e+06 4.635498499760000268e+05
2.808599849999999947e+02 4.831432059998000041e+06 4.635498499760000268e+05
2.808099980000000073e+02 4.831432010010000318e+06 4.635498699950000155e+05
2.808299870000000169e+02 4.831431980011000298e+06 4.635498699950000155e+05
2.808099980000000073e+02 4.831432019988999702e+06 4.635498499760000268e+05
2.808399959999999851e+02 4.831432000000000000e+06 4.635498499760000268e+05
2.807699890000000096e+02 4.831431950012000278e+06 4.635498099979999824e+05
2.807900089999999977e+02 4.831431950012000278e+06 4.635498300169999711e+05
2.810700069999999755e+02 4.831432390014999546e+06 4.635499600220000139e+05
2.811199950000000172e+02 4.831431980011000298e+06 4.635498499760000268e+05
2.810799870000000169e+02 4.831432130005000159e+06 4.635498099979999824e+05
2.810899959999999851e+02 4.831431950012000278e+06 4.635500200199999963e+05
2.808299870000000169e+02 4.831432049987999722e+06 4.635498800049999845e+05
2.808699950000000172e+02 4.831432010010000318e+06 4.635498499760000268e+05
2.810899959999999851e+02 4.831431929992999882e+06 4.635499299929999979e+05
2.808500060000000076e+02 4.831432019988999702e+06 4.635498499760000268e+05
2.808800049999999828e+02 4.831432010010000318e+06 4.635498699950000155e+05
2.808900150000000053e+02 4.831431980011000298e+06 4.635499299929999979e+05
2.807000120000000152e+02 4.831431890014999546e+06 4.635498200070000021e+05
2.806700129999999831e+02 4.831431880005000159e+06 4.635498300169999711e+05
2.807999879999999848e+02 4.831432010010000318e+06 4.635498699950000155e+05
2.805799870000000169e+02 4.831432779999000020e+06 4.635498400269999984e+05
2.805799870000000169e+02 4.831432700012000278e+06 4.635500499880000134e+05
2.803999939999999924e+02 4.831432029999000020e+06 4.635504799800000037e+05
2.804500120000000152e+02 4.831432000000000000e+06 4.635504400020000176e+05
2.810299989999999752e+02 4.831431920013000257e+06 4.635510700070000021e+05
2.805000000000000000e+02 4.831432540009000339e+06 4.635504699709999841e+05
2.802200010000000248e+02 4.831432720000999980e+06 4.635504500119999866e+05
2.811099849999999947e+02 4.831432109985000454e+06 4.635512500000000000e+05
2.811600040000000149e+02 4.831432109985000454e+06 4.635512299800000037e+05
2.811400150000000053e+02 4.831432100006000139e+06 4.635512199709999841e+05
2.811099849999999947e+02 4.831432070007000118e+06 4.635513200070000021e+05
2.811799930000000245e+02 4.831432089995999821e+06 4.635512999880000134e+05
2.811300049999999828e+02 4.831432100006000139e+06 4.635513300169999711e+05
2.811199950000000172e+02 4.831432119994999841e+06 4.635512700199999963e+05
2.811499939999999924e+02 4.831432119994999841e+06 4.635512800290000159e+05
2.811099849999999947e+02 4.831432119994999841e+06 4.635512899779999861e+05
2.811600040000000149e+02 4.831432179992999882e+06 4.635512700199999963e+05
2.811000060000000076e+02 4.831432160004000179e+06 4.635512800290000159e+05
2.811300049999999828e+02 4.831432119994999841e+06 4.635512700199999963e+05
2.811300049999999828e+02 4.831432049987999722e+06 4.635514099730000016e+05
2.811400150000000053e+02 4.831432070007000118e+06 4.635513499760000268e+05
2.811099849999999947e+02 4.831432070007000118e+06 4.635513699950000155e+05
2.815199890000000096e+02 4.831433510010000318e+06 4.635498300169999711e+05
2.807500000000000000e+02 4.831432980011000298e+06 4.635499500119999866e+05
2.806199950000000172e+02 4.831433000000000000e+06 4.635498599849999882e+05
2.808399959999999851e+02 4.831433130005000159e+06 4.635498300169999711e+05
2.808200069999999755e+02 4.831433209990999661e+06 4.635498400269999984e+05
2.808200069999999755e+02 4.831433209990999661e+06 4.635498599849999882e+05
2.808299870000000169e+02 4.831433170013000257e+06 4.635498300169999711e+05
2.807500000000000000e+02 4.831433200012000278e+06 4.635498699950000155e+05
2.808500060000000076e+02 4.831433100006000139e+06 4.635498200070000021e+05
2.808200069999999755e+02 4.831433220000999980e+06 4.635498099979999824e+05
2.807699890000000096e+02 4.831432769988999702e+06 4.635500000000000000e+05
2.807300109999999904e+02 4.831432880005000159e+06 4.635500200199999963e+05
2.807300109999999904e+02 4.831432899993999861e+06 4.635500100100000273e+05
2.807600100000000225e+02 4.831432910004000179e+06 4.635500000000000000e+05
2.807300109999999904e+02 4.831432869994999841e+06 4.635500100100000273e+05
2.808099980000000073e+02 4.831432869994999841e+06 4.635500100100000273e+05
2.807300109999999904e+02 4.831432869994999841e+06 4.635500200199999963e+05
2.807399899999999775e+02 4.831432899993999861e+06 4.635500100100000273e+05
2.807999879999999848e+02 4.831432880005000159e+06 4.635499899899999727e+05
2.807900089999999977e+02 4.831432910004000179e+06 4.635500100100000273e+05
2.808200069999999755e+02 4.831432899993999861e+06 4.635500000000000000e+05
2.807600100000000225e+02 4.831432869994999841e+06 4.635500100100000273e+05
2.807699890000000096e+02 4.831432869994999841e+06 4.635500200199999963e+05
2.807399899999999775e+02 4.831432829986999743e+06 4.635500499880000134e+05
2.807799989999999752e+02 4.831432839995999821e+06 4.635500300290000159e+05
2.807999879999999848e+02 4.831432970000999980e+06 4.635499299929999979e+05
2.807799989999999752e+02 4.831432989989999682e+06 4.635499400020000176e+05
2.808200069999999755e+02 4.831433230011000298e+06 4.635498099979999824e+05
2.807099910000000023e+02 4.831432890014999546e+06 4.635500100100000273e+05
2.807799989999999752e+02 4.831433000000000000e+06 4.635499199830000289e+05
2.807799989999999752e+02 4.831432910004000179e+06 4.635500100100000273e+05
2.807099910000000023e+02 4.831432890014999546e+06 4.635500000000000000e+05
2.806900019999999927e+02 4.831433170013000257e+06 4.635498099979999824e+05
2.808200069999999755e+02 4.831433190001999959e+06 4.635498300169999711e+05
2.807500000000000000e+02 4.831432809998000041e+06 4.635500300290000159e+05
2.807900089999999977e+02 4.831433220000999980e+06 4.635498099979999824e+05
2.807500000000000000e+02 4.831432980011000298e+06 4.635499699709999841e+05
2.807600100000000225e+02 4.831432850006000139e+06 4.635500100100000273e+05
2.807799989999999752e+02 4.831432850006000139e+06 4.635500700070000021e+05
2.807799989999999752e+02 4.831432920013000257e+06 4.635500200199999963e+05
2.807399899999999775e+02 4.831433010010000318e+06 4.635499799800000037e+05
2.808699950000000172e+02 4.831433079986999743e+06 4.635498599849999882e+05
2.808200069999999755e+02 4.831433239989999682e+06 4.635498599849999882e+05
2.807699890000000096e+02 4.831433239989999682e+06 4.635498599849999882e+05
2.808200069999999755e+02 4.831433239989999682e+06 4.635498400269999984e+05
2.807900089999999977e+02 4.831433260010000318e+06 4.635498400269999984e+05
2.807900089999999977e+02 4.831432869994999841e+06 4.635500399779999861e+05
2.808200069999999755e+02 4.831432910004000179e+06 4.635499799800000037e+05
2.807600100000000225e+02 4.831432940001999959e+06 4.635499400020000176e+05
2.807600100000000225e+02 4.831432980011000298e+06 4.635499500119999866e+05
2.808500060000000076e+02 4.831433100006000139e+06 4.635498699950000155e+05
2.808099980000000073e+02 4.831433070007000118e+06 4.635498300169999711e+05
2.807900089999999977e+02 4.831433239989999682e+06 4.635498400269999984e+05
2.808299870000000169e+02 4.831433019988999702e+06 4.635499600220000139e+05
2.808299870000000169e+02 4.831433089995999821e+06 4.635498300169999711e+05
2.808200069999999755e+02 4.831433119994999841e+06 4.635498099979999824e+05
2.808299870000000169e+02 4.831433179992999882e+06 4.635498300169999711e+05
2.808399959999999851e+02 4.831433010010000318e+06 4.635498599849999882e+05
2.807699890000000096e+02 4.831432970000999980e+06 4.635499600220000139e+05
2.808200069999999755e+02 4.831433200012000278e+06 4.635498099979999824e+05
2.808200069999999755e+02 4.831433049987999722e+06 4.635498599849999882e+05
2.807300109999999904e+02 4.831432950012000278e+06 4.635499699709999841e+05
2.807900089999999977e+02 4.831432950012000278e+06 4.635499799800000037e+05
2.807999879999999848e+02 4.831432920013000257e+06 4.635499500119999866e+05
2.807999879999999848e+02 4.831432890014999546e+06 4.635499899899999727e+05
2.807900089999999977e+02 4.831432859985000454e+06 4.635500300290000159e+05
2.807799989999999752e+02 4.831432859985000454e+06 4.635500300290000159e+05
2.807300109999999904e+02 4.831432839995999821e+06 4.635500800169999711e+05
2.807799989999999752e+02 4.831432899993999861e+06 4.635500900269999984e+05
2.808200069999999755e+02 4.831433209990999661e+06 4.635498400269999984e+05
2.806400150000000053e+02 4.831433179992999882e+06 4.635498499760000268e+05
2.807699890000000096e+02 4.831432850006000139e+06 4.635500599979999824e+05
2.808099980000000073e+02 4.831432880005000159e+06 4.635500300290000159e+05
2.808200069999999755e+02 4.831432910004000179e+06 4.635500800169999711e+05
2.807300109999999904e+02 4.831432940001999959e+06 4.635500300290000159e+05
2.807900089999999977e+02 4.831432839995999821e+06 4.635500700070000021e+05
2.807500000000000000e+02 4.831432820007000118e+06 4.635500999760000268e+05
2.807600100000000225e+02 4.831432829986999743e+06 4.635500700070000021e+05
2.808200069999999755e+02 4.831432839995999821e+06 4.635500499880000134e+05
2.807799989999999752e+02 4.831432829986999743e+06 4.635500700070000021e+05
2.807699890000000096e+02 4.831432880005000159e+06 4.635500000000000000e+05
2.807900089999999977e+02 4.831432829986999743e+06 4.635500800169999711e+05
2.807799989999999752e+02 4.831432880005000159e+06 4.635500000000000000e+05
2.807300109999999904e+02 4.831432809998000041e+06 4.635501199950000155e+05
2.807799989999999752e+02 4.831432829986999743e+06 4.635500800169999711e+05
2.807600100000000225e+02 4.831432880005000159e+06 4.635500000000000000e+05
2.807399899999999775e+02 4.831432799987999722e+06 4.635501199950000155e+05
2.808099980000000073e+02 4.831432829986999743e+06 4.635500599979999824e+05
2.807500000000000000e+02 4.831432899993999861e+06 4.635500200199999963e+05
2.808299870000000169e+02 4.831433029999000020e+06 4.635498400269999984e+05
2.808299870000000169e+02 4.831433010010000318e+06 4.635498900150000118e+05
2.806900019999999927e+02 4.831432869994999841e+06 4.635499400020000176e+05
2.807500000000000000e+02 4.831432899993999861e+06 4.635499699709999841e+05
2.807300109999999904e+02 4.831432839995999821e+06 4.635500700070000021e+05
2.808299870000000169e+02 4.831433019988999702e+06 4.635498699950000155e+05
2.808099980000000073e+02 4.831432980011000298e+06 4.635499500119999866e+05
2.808399959999999851e+02 4.831433019988999702e+06 4.635498300169999711e+05
2.808200069999999755e+02 4.831432899993999861e+06 4.635500300290000159e+05
2.807799989999999752e+02 4.831432959990999661e+06 4.635499299929999979e+05
2.808200069999999755e+02 4.831432970000999980e+06 4.635499500119999866e+05
2.808399959999999851e+02 4.831433049987999722e+06 4.635498599849999882e+05
2.807600100000000225e+02 4.831432989989999682e+06 4.635499099730000016e+05
2.808099980000000073e+02 4.831432980011000298e+06 4.635499500119999866e+05
2.807699890000000096e+02 4.831432970000999980e+06 4.635499500119999866e+05
2.806600040000000149e+02 4.831432970000999980e+06 4.635499199830000289e+05
2.808399959999999851e+02 4.831433100006000139e+06 4.635498599849999882e+05
2.808099980000000073e+02 4.831433239989999682e+06 4.635498400269999984e+05
2.807999879999999848e+02 4.831432880005000159e+06 4.635500499880000134e+05
2.808200069999999755e+02 4.831432950012000278e+06 4.635499400020000176e+05
2.806199950000000172e+02 4.831433049987999722e+06 4.635498099979999824e+05
2.807699890000000096e+02 4.831432880005000159e+06 4.635500499880000134e+05
2.808200069999999755e+02 4.831433200012000278e+06 4.635498099979999824e+05
2.808399959999999851e+02 4.831433230011000298e+06 4.635498499760000268e+05
2.808200069999999755e+02 4.831433209990999661e+06 4.635498699950000155e+05
2.807900089999999977e+02 4.831433209990999661e+06 4.635498800049999845e+05
2.808500060000000076e+02 4.831433040009000339e+06 4.635498200070000021e+05
2.808099980000000073e+02 4.831433220000999980e+06 4.635498599849999882e+05
2.807000120000000152e+02 4.831433220000999980e+06 4.635498499760000268e+05
2.808200069999999755e+02 4.831432989989999682e+06 4.635499099730000016e+05
2.808200069999999755e+02 4.831432980011000298e+06 4.635499400020000176e+05
2.808200069999999755e+02 4.831432959990999661e+06 4.635499699709999841e+05
2.808099980000000073e+02 4.831432989989999682e+06 4.635499000239999732e+05
2.808299870000000169e+02 4.831432970000999980e+06 4.635499400020000176e+05
2.808299870000000169e+02 4.831432940001999959e+06 4.635499600220000139e+05
2.808200069999999755e+02 4.831432940001999959e+06 4.635499600220000139e+05
2.808200069999999755e+02 4.831432980011000298e+06 4.635499199830000289e+05
2.806700129999999831e+02 4.831433040009000339e+06 4.635498499760000268e+05
2.807399899999999775e+02 4.831433100006000139e+06 4.635498300169999711e+05
2.806600040000000149e+02 4.831433209990999661e+06 4.635498099979999824e+05
2.805700069999999755e+02 4.831433209990999661e+06 4.635502199709999841e+05
2.806199950000000172e+02 4.831433339995999821e+06 4.635502199709999841e+05
2.806300049999999828e+02 4.831433290009000339e+06 4.635502199709999841e+05
2.806799930000000245e+02 4.831432190001999959e+06 4.635511799929999979e+05
2.806900019999999927e+02 4.831432179992999882e+06 4.635511099849999882e+05
2.806799930000000245e+02 4.831432179992999882e+06 4.635510999760000268e+05
2.807300109999999904e+02 4.831432140014999546e+06 4.635511500239999732e+05
2.805700069999999755e+02 4.831432290009000339e+06 4.635510700070000021e+05
2.808399959999999851e+02 4.831432209990999661e+06 4.635511799929999979e+05
2.808599849999999947e+02 4.831432190001999959e+06 4.635512100220000139e+05
2.806900019999999927e+02 4.831432209990999661e+06 4.635512500000000000e+05
2.808299870000000169e+02 4.831432190001999959e+06 4.635511500239999732e+05
2.807799989999999752e+02 4.831432190001999959e+06 4.635511199950000155e+05
2.807799989999999752e+02 4.831432209990999661e+06 4.635511900020000176e+05
2.808999939999999924e+02 4.831432190001999959e+06 4.635511300049999845e+05
2.807399899999999775e+02 4.831432190001999959e+06 4.635511699830000289e+05
2.808900150000000053e+02 4.831432220000999980e+06 4.635512000119999866e+05
2.808800049999999828e+02 4.831432190001999959e+06 4.635511799929999979e+05
2.806900019999999927e+02 4.831432140014999546e+06 4.635511900020000176e+05
2.807300109999999904e+02 4.831432220000999980e+06 4.635510100100000273e+05
2.806499939999999924e+02 4.831432200012000278e+06 4.635510399779999861e+05
2.808099980000000073e+02 4.831432209990999661e+06 4.635510900269999984e+05
2.806600040000000149e+02 4.831432200012000278e+06 4.635510700070000021e+05
2.808299870000000169e+02 4.831432220000999980e+06 4.635511199950000155e+05
2.808999939999999924e+02 4.831432209990999661e+06 4.635511300049999845e+05
2.806700129999999831e+02 4.831432200012000278e+06 4.635510999760000268e+05
2.808500060000000076e+02 4.831432220000999980e+06 4.635511500239999732e+05
2.808900150000000053e+02 4.831432209990999661e+06 4.635511500239999732e+05
2.809100040000000149e+02 4.831432290009000339e+06 4.635512399899999727e+05
2.807099910000000023e+02 4.831432220000999980e+06 4.635511400150000118e+05
2.808099980000000073e+02 4.831432220000999980e+06 4.635511599730000016e+05
2.808800049999999828e+02 4.831432200012000278e+06 4.635511699830000289e+05
2.808299870000000169e+02 4.831432239989999682e+06 4.635512000119999866e+05
2.808800049999999828e+02 4.831432230011000298e+06 4.635512100220000139e+05
2.808900150000000053e+02 4.831432200012000278e+06 4.635511900020000176e+05
2.807900089999999977e+02 4.831432220000999980e+06 4.635512399899999727e+05
2.810700069999999755e+02 4.831432059998000041e+06 4.635511799929999979e+05
2.806799930000000245e+02 4.831432220000999980e+06 4.635510200199999963e+05
2.808099980000000073e+02 4.831432290009000339e+06 4.635512299800000037e+05
2.806400150000000053e+02 4.831432220000999980e+06 4.635512000119999866e+05
2.807999879999999848e+02 4.831432230011000298e+06 4.635511500239999732e+05
2.806700129999999831e+02 4.831432200012000278e+06 4.635510200199999963e+05
2.808800049999999828e+02 4.831432190001999959e+06 4.635512399899999727e+05
2.807399899999999775e+02 4.831432209990999661e+06 4.635511599730000016e+05
2.807500000000000000e+02 4.831432239989999682e+06 4.635511599730000016e+05
2.807600100000000225e+02 4.831432200012000278e+06 4.635509699709999841e+05
2.807799989999999752e+02 4.831432220000999980e+06 4.635509699709999841e+05
2.807999879999999848e+02 4.831432209990999661e+06 4.635511599730000016e+05
2.807699890000000096e+02 4.831432230011000298e+06 4.635510100100000273e+05
2.807600100000000225e+02 4.831432200012000278e+06 4.635509600220000139e+05
2.807500000000000000e+02 4.831431980011000298e+06 4.635512500000000000e+05
2.806300049999999828e+02 4.831432200012000278e+06 4.635511099849999882e+05
2.806600040000000149e+02 4.831432190001999959e+06 4.635511199950000155e+05
2.808999939999999924e+02 4.831432329986999743e+06 4.635512299800000037e+05
2.807900089999999977e+02 4.831432100006000139e+06 4.635512000119999866e+05
2.809599910000000023e+02 4.831431980011000298e+06 4.635512199709999841e+05
2.808900150000000053e+02 4.831432000000000000e+06 4.635512199709999841e+05
2.808299870000000169e+02 4.831432200012000278e+06 4.635511199950000155e+05
2.808800049999999828e+02 4.831432220000999980e+06 4.635512100220000139e+05
2.806900019999999927e+02 4.831432190001999959e+06 4.635510399779999861e+05
2.808599849999999947e+02 4.831432200012000278e+06 4.635512100220000139e+05
2.808200069999999755e+02 4.831432209990999661e+06 4.635512100220000139e+05
2.808800049999999828e+02 4.831432209990999661e+06 4.635512299800000037e+05
2.808599849999999947e+02 4.831432220000999980e+06 4.635512399899999727e+05
2.808999939999999924e+02 4.831432290009000339e+06 4.635512500000000000e+05
2.807600100000000225e+02 4.831432179992999882e+06 4.635511599730000016e+05
2.808200069999999755e+02 4.831432190001999959e+06 4.635511500239999732e+05
2.809200129999999831e+02 4.831432209990999661e+06 4.635511400150000118e+05
2.807399899999999775e+02 4.831432179992999882e+06 4.635510499880000134e+05
2.805899959999999851e+02 4.831432309998000041e+06 4.635510499880000134e+05
2.808399959999999851e+02 4.831432200012000278e+06 4.635511900020000176e+05
2.808900150000000053e+02 4.831432170013000257e+06 4.635512299800000037e+05
2.806700129999999831e+02 4.831432309998000041e+06 4.635512299800000037e+05
2.808800049999999828e+02 4.831432209990999661e+06 4.635511500239999732e+05
2.808800049999999828e+02 4.831432190001999959e+06 4.635511900020000176e+05
2.808800049999999828e+02 4.831432170013000257e+06 4.635512100220000139e+05
2.806300049999999828e+02 4.831432170013000257e+06 4.635511699830000289e+05
2.808200069999999755e+02 4.831432239989999682e+06 4.635511599730000016e+05
2.805899959999999851e+02 4.831432359985000454e+06 4.635509799800000037e+05
2.808800049999999828e+02 4.831432190001999959e+06 4.635511199950000155e+05
2.807200010000000248e+02 4.831432220000999980e+06 4.635510100100000273e+05
2.808200069999999755e+02 4.831432200012000278e+06 4.635511199950000155e+05
2.807000120000000152e+02 4.831432179992999882e+06 4.635510800169999711e+05
2.807699890000000096e+02 4.831432250000000000e+06 4.635510300290000159e+05
2.808800049999999828e+02 4.831432209990999661e+06 4.635511699830000289e+05
2.808399959999999851e+02 4.831432200012000278e+06 4.635511799929999979e+05
2.808599849999999947e+02 4.831432109985000454e+06 4.635514000239999732e+05
2.805299989999999752e+02 4.831432380005000159e+06 4.635514799800000037e+05
2.808900150000000053e+02 4.831432170013000257e+06 4.635513699950000155e+05
2.808699950000000172e+02 4.831432130005000159e+06 4.635514000239999732e+05
2.808299870000000169e+02 4.831432109985000454e+06 4.635514000239999732e+05
2.809700010000000248e+02 4.831432269988999702e+06 4.635512899779999861e+05
2.809400019999999927e+02 4.831432230011000298e+06 4.635513099979999824e+05
2.809299930000000245e+02 4.831432200012000278e+06 4.635513300169999711e+05
2.808900150000000053e+02 4.831432190001999959e+06 4.635513200070000021e+05
2.807799989999999752e+02 4.831432179992999882e+06 4.635513099979999824e+05
2.807699890000000096e+02 4.831432130005000159e+06 4.635512800290000159e+05
2.808999939999999924e+02 4.831432190001999959e+06 4.635513400269999984e+05
2.808200069999999755e+02 4.831432190001999959e+06 4.635513300169999711e+05
2.807500000000000000e+02 4.831432179992999882e+06 4.635513200070000021e+05
2.807300109999999904e+02 4.831432130005000159e+06 4.635512999880000134e+05
2.809200129999999831e+02 4.831432170013000257e+06 4.635513499760000268e+05
2.809599910000000023e+02 4.831432160004000179e+06 4.635513800049999845e+05
2.809100040000000149e+02 4.831432149993999861e+06 4.635513699950000155e+05
2.807900089999999977e+02 4.831432140014999546e+06 4.635513699950000155e+05
2.809899899999999775e+02 4.831432089995999821e+06 4.635513400269999984e+05
2.809100040000000149e+02 4.831432119994999841e+06 4.635513800049999845e+05
2.809200129999999831e+02 4.831432109985000454e+06 4.635514099730000016e+05
2.809599910000000023e+02 4.831432239989999682e+06 4.635512999880000134e+05
2.809200129999999831e+02 4.831432190001999959e+06 4.635513599849999882e+05
2.809100040000000149e+02 4.831432170013000257e+06 4.635513400269999984e+05
2.810400089999999977e+02 4.831432109985000454e+06 4.635513400269999984e+05
2.810400089999999977e+02 4.831432089995999821e+06 4.635513200070000021e+05
2.807600100000000225e+02 4.831432149993999861e+06 4.635513200070000021e+05
2.808900150000000053e+02 4.831432220000999980e+06 4.635512999880000134e+05
2.809200129999999831e+02 4.831432239989999682e+06 4.635513099979999824e+05
2.808500060000000076e+02 4.831432119994999841e+06 4.635513699950000155e+05
2.807300109999999904e+02 4.831432130005000159e+06 4.635514000239999732e+05
2.807600100000000225e+02 4.831432130005000159e+06 4.635513200070000021e+05
2.809400019999999927e+02 4.831432209990999661e+06 4.635513300169999711e+05
2.808200069999999755e+02 4.831432279999000020e+06 4.635512700199999963e+05
2.807099910000000023e+02 4.831432380005000159e+06 4.635513400269999984e+05
2.810199890000000096e+02 4.831432140014999546e+06 4.635513499760000268e+05
2.809800109999999904e+02 4.831432149993999861e+06 4.635513699950000155e+05
2.807799989999999752e+02 4.831432179992999882e+06 4.635513200070000021e+05
2.808999939999999924e+02 4.831432230011000298e+06 4.635513099979999824e+05
2.807500000000000000e+02 4.831432329986999743e+06 4.635513699950000155e+05
2.808299870000000169e+02 4.831432119994999841e+06 4.635513699950000155e+05
2.808999939999999924e+02 4.831432119994999841e+06 4.635514000239999732e+05
2.809599910000000023e+02 4.831432089995999821e+06 4.635513800049999845e+05
2.809800109999999904e+02 4.831432070007000118e+06 4.635513599849999882e+05
2.810499879999999848e+02 4.831432059998000041e+06 4.635513800049999845e+05
2.808200069999999755e+02 4.831432220000999980e+06 4.635512899779999861e+05
2.808500060000000076e+02 4.831432200012000278e+06 4.635512899779999861e+05
2.807399899999999775e+02 4.831432079986999743e+06 4.635513499760000268e+05
2.809299930000000245e+02 4.831432279999000020e+06 4.635512800290000159e+05
2.808099980000000073e+02 4.831432209990999661e+06 4.635512700199999963e+05
2.808900150000000053e+02 4.831432209990999661e+06 4.635513300169999711e+05
2.808200069999999755e+02 4.831432190001999959e+06 4.635513499760000268e+05
2.808599849999999947e+02 4.831432160004000179e+06 4.635513699950000155e+05
2.809700010000000248e+02 4.831432140014999546e+06 4.635513800049999845e+05
2.810599980000000073e+02 4.831432130005000159e+06 4.635513900150000118e+05
2.807399899999999775e+02 4.831432100006000139e+06 4.635513800049999845e+05
2.807799989999999752e+02 4.831432140014999546e+06 4.635514400020000176e+05
2.807099910000000023e+02 4.831432160004000179e+06 4.635513699950000155e+05
2.810400089999999977e+02 4.831432100006000139e+06 4.635513499760000268e+05
2.805899959999999851e+02 4.831432440001999959e+06 4.635512700199999963e+05
2.806400150000000053e+02 4.831432440001999959e+06 4.635512600100000273e+05
2.806300049999999828e+02 4.831432380005000159e+06 4.635513499760000268e+05
2.808699950000000172e+02 4.831432200012000278e+06 4.635513599849999882e+05
2.804800109999999904e+02 4.831432339995999821e+06 4.635514500119999866e+05
2.809100040000000149e+02 4.831432239989999682e+06 4.635513099979999824e+05
2.810700069999999755e+02 4.831432160004000179e+06 4.635512600100000273e+05
2.808099980000000073e+02 4.831432220000999980e+06 4.635512899779999861e+05
2.808999939999999924e+02 4.831432260010000318e+06 4.635512800290000159e+05
2.809299930000000245e+02 4.831432290009000339e+06 4.635512700199999963e+05
2.809400019999999927e+02 4.831432179992999882e+06 4.635513499760000268e+05
2.808699950000000172e+02 4.831432209990999661e+06 4.635513099979999824e+05
2.809100040000000149e+02 4.831432239989999682e+06 4.635512899779999861e+05
2.809299930000000245e+02 4.831432260010000318e+06 4.635512899779999861e+05
2.808900150000000053e+02 4.831432170013000257e+06 4.635513499760000268e+05
2.809200129999999831e+02 4.831432160004000179e+06 4.635513699950000155e+05
2.810899959999999851e+02 4.831432119994999841e+06 4.635513499760000268e+05
2.808500060000000076e+02 4.831432190001999959e+06 4.635513099979999824e+05
2.810499879999999848e+02 4.831432010010000318e+06 4.635513900150000118e+05
2.806199950000000172e+02 4.831432399993999861e+06 4.635513599849999882e+05
2.810700069999999755e+02 4.831432209990999661e+06 4.635513099979999824e+05
2.809599910000000023e+02 4.831432209990999661e+06 4.635513300169999711e+05
2.809200129999999831e+02 4.831432220000999980e+06 4.635513200070000021e+05
2.809899899999999775e+02 4.831432130005000159e+06 4.635513599849999882e+05
2.809200129999999831e+02 4.831432130005000159e+06 4.635513699950000155e+05
2.809400019999999927e+02 4.831432149993999861e+06 4.635513300169999711e+05
2.809299930000000245e+02 4.831432170013000257e+06 4.635513099979999824e+05
2.809700010000000248e+02 4.831432029999000020e+06 4.635514600220000139e+05
2.809299930000000245e+02 4.831432029999000020e+06 4.635514500119999866e+05
2.810100100000000225e+02 4.831432070007000118e+06 4.635513900150000118e+05
2.809100040000000149e+02 4.831432040009000339e+06 4.635514000239999732e+05
2.808699950000000172e+02 4.831432040009000339e+06 4.635514000239999732e+05
2.807999879999999848e+02 4.831432049987999722e+06 4.635514000239999732e+05
2.808399959999999851e+02 4.831432100006000139e+06 4.635512999880000134e+05
2.809800109999999904e+02 4.831432019988999702e+06 4.635514099730000016e+05
2.809500120000000152e+02 4.831432029999000020e+06 4.635513900150000118e+05
2.808699950000000172e+02 4.831432040009000339e+06 4.635514000239999732e+05
2.808399959999999851e+02 4.831432049987999722e+06 4.635513800049999845e+05
2.806900019999999927e+02 4.831432040009000339e+06 4.635514199830000289e+05
2.808099980000000073e+02 4.831432079986999743e+06 4.635513300169999711e+05
2.807900089999999977e+02 4.831432089995999821e+06 4.635513099979999824e+05
2.809200129999999831e+02 4.831432019988999702e+06 4.635514000239999732e+05
2.808399959999999851e+02 4.831432029999000020e+06 4.635514099730000016e+05
2.807999879999999848e+02 4.831432029999000020e+06 4.635514000239999732e+05
2.807000120000000152e+02 4.831432029999000020e+06 4.635514099730000016e+05
2.807500000000000000e+02 4.831432059998000041e+06 4.635513599849999882e+05
2.808900150000000053e+02 4.831432029999000020e+06 4.635514000239999732e+05
2.808099980000000073e+02 4.831432029999000020e+06 4.635514099730000016e+05
2.807500000000000000e+02 4.831432040009000339e+06 4.635514000239999732e+05
2.809800109999999904e+02 4.831432019988999702e+06 4.635514199830000289e+05
2.809400019999999927e+02 4.831432029999000020e+06 4.635514099730000016e+05
2.808900150000000053e+02 4.831432040009000339e+06 4.635514000239999732e+05
2.807900089999999977e+02 4.831432029999000020e+06 4.635514199830000289e+05
2.809299930000000245e+02 4.831432029999000020e+06 4.635514099730000016e+05
2.808699950000000172e+02 4.831432040009000339e+06 4.635514000239999732e+05
2.807200010000000248e+02 4.831432019988999702e+06 4.635514400020000176e+05
2.808299870000000169e+02 4.831432059998000041e+06 4.635513599849999882e+05
2.809200129999999831e+02 4.831432029999000020e+06 4.635513900150000118e+05
2.807900089999999977e+02 4.831432019988999702e+06 4.635514199830000289e+05
2.807999879999999848e+02 4.831432040009000339e+06 4.635513900150000118e+05
2.807900089999999977e+02 4.831432070007000118e+06 4.635513300169999711e+05
2.807399899999999775e+02 4.831432079986999743e+06 4.635513200070000021e+05
2.808099980000000073e+02 4.831432049987999722e+06 4.635513200070000021e+05
2.808299870000000169e+02 4.831432070007000118e+06 4.635512800290000159e+05
2.809100040000000149e+02 4.831432220000999980e+06 4.635513300169999711e+05
2.808900150000000053e+02 4.831432230011000298e+06 4.635513099979999824e+05
2.808800049999999828e+02 4.831432109985000454e+06 4.635514000239999732e+05
2.808299870000000169e+02 4.831432130005000159e+06 4.635514000239999732e+05
2.808299870000000169e+02 4.831432140014999546e+06 4.635513699950000155e+05
2.808500060000000076e+02 4.831432170013000257e+06 4.635512999880000134e+05
2.807799989999999752e+02 4.831432190001999959e+06 4.635512899779999861e+05
2.808900150000000053e+02 4.831432119994999841e+06 4.635514000239999732e+05
2.808599849999999947e+02 4.831432269988999702e+06 4.635512700199999963e+05
2.808699950000000172e+02 4.831432239989999682e+06 4.635513200070000021e+05
2.809299930000000245e+02 4.831432049987999722e+06 4.635513200070000021e+05
2.811000060000000076e+02 4.831432119994999841e+06 4.635513200070000021e+05
2.808699950000000172e+02 4.831432100006000139e+06 4.635513900150000118e+05
2.807600100000000225e+02 4.831432170013000257e+06 4.635513499760000268e+05
2.808699950000000172e+02 4.831432170013000257e+06 4.635513599849999882e+05
2.808800049999999828e+02 4.831432279999000020e+06 4.635512600100000273e+05
2.807799989999999752e+02 4.831432250000000000e+06 4.635512999880000134e+05
2.808999939999999924e+02 4.831432260010000318e+06 4.635513099979999824e+05
2.807099910000000023e+02 4.831432279999000020e+06 4.635512899779999861e+05
2.807799989999999752e+02 4.831432290009000339e+06 4.635513099979999824e+05
2.810799870000000169e+02 4.831432089995999821e+06 4.635513599849999882e+05
2.807699890000000096e+02 4.831432019988999702e+06 4.635513699950000155e+05
2.809299930000000245e+02 4.831432109985000454e+06 4.635513900150000118e+05
2.809700010000000248e+02 4.831432140014999546e+06 4.635513900150000118e+05
2.809599910000000023e+02 4.831432149993999861e+06 4.635514000239999732e+05
2.809200129999999831e+02 4.831432239989999682e+06 4.635512899779999861e+05
2.809100040000000149e+02 4.831432230011000298e+06 4.635513099979999824e+05
2.808399959999999851e+02 4.831432170013000257e+06 4.635513599849999882e+05
2.808299870000000169e+02 4.831432230011000298e+06 4.635513200070000021e+05
2.807799989999999752e+02 4.831432179992999882e+06 4.635513699950000155e+05
2.807999879999999848e+02 4.831432149993999861e+06 4.635513800049999845e+05
2.809800109999999904e+02 4.831432209990999661e+06 4.635513200070000021e+05
2.809599910000000023e+02 4.831432220000999980e+06 4.635512899779999861e+05
2.807799989999999752e+02 4.831432160004000179e+06 4.635512800290000159e+05
2.806499939999999924e+02 4.831432369994999841e+06 4.635514000239999732e+05
2.808200069999999755e+02 4.831432329986999743e+06 4.635513099979999824e+05
2.808900150000000053e+02 4.831432230011000298e+06 4.635513200070000021e+05
2.809700010000000248e+02 4.831432179992999882e+06 4.635513200070000021e+05
2.810499879999999848e+02 4.831432100006000139e+06 4.635513400269999984e+05
2.807900089999999977e+02 4.831432160004000179e+06 4.635512899779999861e+05
2.809599910000000023e+02 4.831432239989999682e+06 4.635513099979999824e+05
2.809700010000000248e+02 4.831432170013000257e+06 4.635513800049999845e+05
2.809599910000000023e+02 4.831432179992999882e+06 4.635513499760000268e+05
2.809700010000000248e+02 4.831432119994999841e+06 4.635513800049999845e+05
2.808999939999999924e+02 4.831432149993999861e+06 4.635513599849999882e+05
2.809500120000000152e+02 4.831432160004000179e+06 4.635513300169999711e+05
2.808900150000000053e+02 4.831432190001999959e+06 4.635513099979999824e+05
2.808999939999999924e+02 4.831432260010000318e+06 4.635512700199999963e+05
2.809400019999999927e+02 4.831432220000999980e+06 4.635513300169999711e+05
2.809500120000000152e+02 4.831432309998000041e+06 4.635512600100000273e+05
2.808699950000000172e+02 4.831432200012000278e+06 4.635513200070000021e+05
2.808900150000000053e+02 4.831432170013000257e+06 4.635513699950000155e+05
2.806400150000000053e+02 4.831432359985000454e+06 4.635513800049999845e+05
2.806499939999999924e+02 4.831432369994999841e+06 4.635513800049999845e+05
2.806499939999999924e+02 4.831432380005000159e+06 4.635513800049999845e+05
2.807399899999999775e+02 4.831432630005000159e+06 4.635509699709999841e+05
2.802200010000000248e+02 4.831432929992999882e+06 4.635510100100000273e+05
2.805499879999999848e+02 4.831432609985000454e+06 4.635506599730000016e+05
2.807900089999999977e+02 4.831432730011000298e+06 4.635508900150000118e+05
2.808200069999999755e+02 4.831432750000000000e+06 4.635509000239999732e+05
2.808500060000000076e+02 4.831432809998000041e+06 4.635508400269999984e+05
2.805899959999999851e+02 4.831433269988999702e+06 4.635502999880000134e+05
2.808500060000000076e+02 4.831433010010000318e+06 4.635505000000000000e+05
2.803699950000000172e+02 4.831432839995999821e+06 4.635503699950000155e+05
2.807000120000000152e+02 4.831433029999000020e+06 4.635506099849999882e+05
2.807900089999999977e+02 4.831432980011000298e+06 4.635506500239999732e+05
2.808500060000000076e+02 4.831432970000999980e+06 4.635507100220000139e+05
2.808200069999999755e+02 4.831432880005000159e+06 4.635507899779999861e+05
2.808200069999999755e+02 4.831432809998000041e+06 4.635508200070000021e+05
2.807999879999999848e+02 4.831432670013000257e+06 4.635507299800000037e+05
2.807200010000000248e+02 4.831433029999000020e+06 4.635506500239999732e+05
2.807000120000000152e+02 4.831433000000000000e+06 4.635506400150000118e+05
2.807099910000000023e+02 4.831432980011000298e+06 4.635507000119999866e+05
2.808800049999999828e+02 4.831432940001999959e+06 4.635507199709999841e+05
2.808500060000000076e+02 4.831432899993999861e+06 4.635507000119999866e+05
2.808800049999999828e+02 4.831432899993999861e+06 4.635507700199999963e+05
2.808699950000000172e+02 4.831432869994999841e+06 4.635507600100000273e+05
2.802799989999999752e+02 4.831433000000000000e+06 4.635510100100000273e+05
2.808900150000000053e+02 4.831432850006000139e+06 4.635508099979999824e+05
2.808099980000000073e+02 4.831432809998000041e+06 4.635507899779999861e+05
2.808299870000000169e+02 4.831432709990999661e+06 4.635509299929999979e+05
2.807699890000000096e+02 4.831432690001999959e+06 4.635509199830000289e+05
2.807600100000000225e+02 4.831432670013000257e+06 4.635509699709999841e+05
2.807500000000000000e+02 4.831432640014999546e+06 4.635509600220000139e+05
2.807500000000000000e+02 4.831432619994999841e+06 4.635509899899999727e+05
2.807600100000000225e+02 4.831432589995999821e+06 4.635509699709999841e+05
2.806600040000000149e+02 4.831433350006000139e+06 4.635503800049999845e+05
2.807799989999999752e+02 4.831432690001999959e+06 4.635509199830000289e+05
2.807799989999999752e+02 4.831432670013000257e+06 4.635509099730000016e+05
2.807699890000000096e+02 4.831432630005000159e+06 4.635508800049999845e+05
2.804400019999999927e+02 4.831432869994999841e+06 4.635503699950000155e+05
2.808699950000000172e+02 4.831433029999000020e+06 4.635506500239999732e+05
2.807000120000000152e+02 4.831433049987999722e+06 4.635506199950000155e+05
2.807600100000000225e+02 4.831432989989999682e+06 4.635505999760000268e+05
2.808599849999999947e+02 4.831432950012000278e+06 4.635506900020000176e+05
2.808699950000000172e+02 4.831432899993999861e+06 4.635507399899999727e+05
2.806300049999999828e+02 4.831432630005000159e+06 4.635505200199999963e+05
2.808900150000000053e+02 4.831432859985000454e+06 4.635507999880000134e+05
2.808299870000000169e+02 4.831432850006000139e+06 4.635507800290000159e+05
2.805700069999999755e+02 4.831432609985000454e+06 4.635505700070000021e+05
2.807099910000000023e+02 4.831432630005000159e+06 4.635507000119999866e+05
2.806400150000000053e+02 4.831432630005000159e+06 4.635506799929999979e+05
2.805299989999999752e+02 4.831432640014999546e+06 4.635506599730000016e+05
2.805299989999999752e+02 4.831432609985000454e+06 4.635506400150000118e+05
2.808500060000000076e+02 4.831432690001999959e+06 4.635509400020000176e+05
2.808599849999999947e+02 4.831432630005000159e+06 4.635509899899999727e+05
2.808299870000000169e+02 4.831432609985000454e+06 4.635509699709999841e+05
2.808099980000000073e+02 4.831432700012000278e+06 4.635509199830000289e+05
2.807799989999999752e+02 4.831432739989999682e+06 4.635508499760000268e+05
2.807900089999999977e+02 4.831432760010000318e+06 4.635508599849999882e+05
2.808599849999999947e+02 4.831432829986999743e+06 4.635508200070000021e+05
2.806099849999999947e+02 4.831432579986999743e+06 4.635505599979999824e+05
2.805400089999999977e+02 4.831432700012000278e+06 4.635506300049999845e+05
2.808599849999999947e+02 4.831432869994999841e+06 4.635507500000000000e+05
2.808399959999999851e+02 4.831432890014999546e+06 4.635507700199999963e+05
2.802300109999999904e+02 4.831433079986999743e+06 4.635508400269999984e+05
2.808900150000000053e+02 4.831432929992999882e+06 4.635507000119999866e+05
2.808900150000000053e+02 4.831432950012000278e+06 4.635507100220000139e+05
2.807999879999999848e+02 4.831432970000999980e+06 4.635507199709999841e+05
2.808399959999999851e+02 4.831432989989999682e+06 4.635506500239999732e+05
2.808299870000000169e+02 4.831433010010000318e+06 4.635506599730000016e+05
2.807999879999999848e+02 4.831433029999000020e+06 4.635506699830000289e+05
2.802600100000000225e+02 4.831433149993999861e+06 4.635507100220000139e+05
2.807600100000000225e+02 4.831433070007000118e+06 4.635506199950000155e+05
2.803699950000000172e+02 4.831432899993999861e+06 4.635503499760000268e+05
2.803900150000000053e+02 4.831432890014999546e+06 4.635503499760000268e+05
2.803900150000000053e+02 4.831432890014999546e+06 4.635503499760000268e+05
2.803599849999999947e+02 4.831433179992999882e+06 4.635505200199999963e+05
2.803800049999999828e+02 4.831432910004000179e+06 4.635503300169999711e+05
2.805899959999999851e+02 4.831432640014999546e+06 4.635508900150000118e+05
2.807900089999999977e+02 4.831432700012000278e+06 4.635508900150000118e+05
2.808500060000000076e+02 4.831432730011000298e+06 4.635509000239999732e+05
2.807799989999999752e+02 4.831432750000000000e+06 4.635508300169999711e+05
2.807999879999999848e+02 4.831432769988999702e+06 4.635508400269999984e+05
2.807500000000000000e+02 4.831432670013000257e+06 4.635507000119999866e+05
2.806799930000000245e+02 4.831432679992999882e+06 4.635507199709999841e+05
2.808599849999999947e+02 4.831432850006000139e+06 4.635507899779999861e+05
2.806199950000000172e+02 4.831432640014999546e+06 4.635506300049999845e+05
2.805899959999999851e+02 4.831432660004000179e+06 4.635506400150000118e+05
2.805400089999999977e+02 4.831432540009000339e+06 4.635504899899999727e+05
2.805700069999999755e+02 4.831432670013000257e+06 4.635505599979999824e+05
2.808800049999999828e+02 4.831432980011000298e+06 4.635506900020000176e+05
2.803099980000000073e+02 4.831433119994999841e+06 4.635508599849999882e+05
2.808699950000000172e+02 4.831433000000000000e+06 4.635506300049999845e+05
2.807999879999999848e+02 4.831433019988999702e+06 4.635506500239999732e+05
2.808500060000000076e+02 4.831433019988999702e+06 4.635505999760000268e+05
2.808299870000000169e+02 4.831433040009000339e+06 4.635506199950000155e+05
2.807600100000000225e+02 4.831433049987999722e+06 4.635506300049999845e+05
2.807999879999999848e+02 4.831432950012000278e+06 4.635505300290000159e+05
2.807900089999999977e+02 4.831433000000000000e+06 4.635505499880000134e+05
2.807900089999999977e+02 4.831433019988999702e+06 4.635505700070000021e+05
2.807500000000000000e+02 4.831433059998000041e+06 4.635505999760000268e+05
2.806799930000000245e+02 4.831433070007000118e+06 4.635506199950000155e+05
2.804599910000000023e+02 4.831432850006000139e+06 4.635504699709999841e+05
2.802799989999999752e+02 4.831432829986999743e+06 4.635504699709999841e+05
2.803599849999999947e+02 4.831433160004000179e+06 4.635506500239999732e+05
2.803099980000000073e+02 4.831432829986999743e+06 4.635504699709999841e+05
2.802999879999999848e+02 4.831432839995999821e+06 4.635504699709999841e+05
2.802900089999999977e+02 4.831433149993999861e+06 4.635506400150000118e+05
2.803500060000000076e+02 4.831433149993999861e+06 4.635505900269999984e+05
2.803099980000000073e+02 4.831432850006000139e+06 4.635503599849999882e+05
2.803599849999999947e+02 4.831433200012000278e+06 4.635504199830000289e+05
2.806199950000000172e+02 4.831433339995999821e+06 4.635502700199999963e+05
2.806099849999999947e+02 4.831433309998000041e+06 4.635502600100000273e+05
2.806400150000000053e+02 4.831433329986999743e+06 4.635502700199999963e+05
2.806199950000000172e+02 4.831433329986999743e+06 4.635502700199999963e+05
2.806400150000000053e+02 4.831433299987999722e+06 4.635502700199999963e+05
2.806400150000000053e+02 4.831432649993999861e+06 4.635508800049999845e+05
2.807399899999999775e+02 4.831432700012000278e+06 4.635508699950000155e+05
2.808299870000000169e+02 4.831432829986999743e+06 4.635508099979999824e+05
2.805599980000000073e+02 4.831432549987999722e+06 4.635506699830000289e+05
2.805899959999999851e+02 4.831432540009000339e+06 4.635505900269999984e+05
2.805799870000000169e+02 4.831432609985000454e+06 4.635506300049999845e+05
2.808699950000000172e+02 4.831432950012000278e+06 4.635507199709999841e+05
2.808900150000000053e+02 4.831433000000000000e+06 4.635506699830000289e+05
2.807799989999999752e+02 4.831433029999000020e+06 4.635506599730000016e+05
2.808699950000000172e+02 4.831432970000999980e+06 4.635505200199999963e+05
2.808399959999999851e+02 4.831432980011000298e+06 4.635505399779999861e+05
2.808399959999999851e+02 4.831433000000000000e+06 4.635505499880000134e+05
2.808099980000000073e+02 4.831433019988999702e+06 4.635505700070000021e+05
2.807200010000000248e+02 4.831433049987999722e+06 4.635506099849999882e+05
2.807000120000000152e+02 4.831433070007000118e+06 4.635506300049999845e+05
2.805000000000000000e+02 4.831432859985000454e+06 4.635503599849999882e+05
2.806600040000000149e+02 4.831433309998000041e+06 4.635504099730000016e+05
2.802999879999999848e+02 4.831432839995999821e+06 4.635503599849999882e+05
2.802399899999999775e+02 4.831432859985000454e+06 4.635504699709999841e+05
2.803999939999999924e+02 4.831432859985000454e+06 4.635502999880000134e+05
2.805199890000000096e+02 4.831432959990999661e+06 4.635503200070000021e+05
2.806700129999999831e+02 4.831433339995999821e+06 4.635503900150000118e+05
2.805899959999999851e+02 4.831433309998000041e+06 4.635502500000000000e+05
2.805899959999999851e+02 4.831433309998000041e+06 4.635502600100000273e+05
2.806000060000000076e+02 4.831433309998000041e+06 4.635502600100000273e+05
2.806000060000000076e+02 4.831433320007000118e+06 4.635502600100000273e+05
2.806099849999999947e+02 4.831433309998000041e+06 4.635502600100000273e+05
2.806099849999999947e+02 4.831433299987999722e+06 4.635502600100000273e+05
2.805899959999999851e+02 4.831433320007000118e+06 4.635502600100000273e+05
2.806099849999999947e+02 4.831433309998000041e+06 4.635502700199999963e+05
2.806799930000000245e+02 4.831433350006000139e+06 4.635504000239999732e+05
2.804400019999999927e+02 4.831432920013000257e+06 4.635503200070000021e+05
2.805499879999999848e+02 4.831432940001999959e+06 4.635503300169999711e+05
2.804599910000000023e+02 4.831432899993999861e+06 4.635503300169999711e+05
2.802999879999999848e+02 4.831432850006000139e+06 4.635503699950000155e+05
2.803099980000000073e+02 4.831432829986999743e+06 4.635503599849999882e+05
2.802699890000000096e+02 4.831432820007000118e+06 4.635503900150000118e+05
2.802799989999999752e+02 4.831432839995999821e+06 4.635504699709999841e+05
2.802799989999999752e+02 4.831432809998000041e+06 4.635504600220000139e+05
2.806700129999999831e+02 4.831433059998000041e+06 4.635506300049999845e+05
2.807000120000000152e+02 4.831433049987999722e+06 4.635506099849999882e+05
2.807399899999999775e+02 4.831433040009000339e+06 4.635505999760000268e+05
2.802600100000000225e+02 4.831433049987999722e+06 4.635507100220000139e+05
2.807300109999999904e+02 4.831433040009000339e+06 4.635506400150000118e+05
2.807399899999999775e+02 4.831433029999000020e+06 4.635506300049999845e+05
2.807500000000000000e+02 4.831433000000000000e+06 4.635506099849999882e+05
2.805700069999999755e+02 4.831432769988999702e+06 4.635505100100000273e+05
2.807399899999999775e+02 4.831433019988999702e+06 4.635506599730000016e+05
2.807699890000000096e+02 4.831433000000000000e+06 4.635506400150000118e+05
2.808800049999999828e+02 4.831433019988999702e+06 4.635506400150000118e+05
2.807999879999999848e+02 4.831432989989999682e+06 4.635506699830000289e+05
2.808200069999999755e+02 4.831432970000999980e+06 4.635506599730000016e+05
2.808800049999999828e+02 4.831432970000999980e+06 4.635506500239999732e+05
2.807900089999999977e+02 4.831432970000999980e+06 4.635506900020000176e+05
2.808399959999999851e+02 4.831432970000999980e+06 4.635506799929999979e+05
2.808699950000000172e+02 4.831432959990999661e+06 4.635506699830000289e+05
2.807600100000000225e+02 4.831432970000999980e+06 4.635507100220000139e+05
2.808399959999999851e+02 4.831432980011000298e+06 4.635507000119999866e+05
2.808599849999999947e+02 4.831432959990999661e+06 4.635506900020000176e+05
2.805700069999999755e+02 4.831432769988999702e+06 4.635506199950000155e+05
2.808699950000000172e+02 4.831432970000999980e+06 4.635507000119999866e+05
2.806199950000000172e+02 4.831432630005000159e+06 4.635505499880000134e+05
2.808800049999999828e+02 4.831432970000999980e+06 4.635507100220000139e+05
2.807900089999999977e+02 4.831432970000999980e+06 4.635507199709999841e+05
2.805799870000000169e+02 4.831432750000000000e+06 4.635506300049999845e+05
2.807300109999999904e+02 4.831432959990999661e+06 4.635507299800000037e+05
2.808900150000000053e+02 4.831432970000999980e+06 4.635507100220000139e+05
2.805700069999999755e+02 4.831432739989999682e+06 4.635506300049999845e+05
2.808299870000000169e+02 4.831432940001999959e+06 4.635507299800000037e+05
2.807999879999999848e+02 4.831432910004000179e+06 4.635507500000000000e+05
2.808800049999999828e+02 4.831432890014999546e+06 4.635507600100000273e+05
2.805799870000000169e+02 4.831432660004000179e+06 4.635506699830000289e+05
2.805700069999999755e+02 4.831432600006000139e+06 4.635506400150000118e+05
2.806400150000000053e+02 4.831432630005000159e+06 4.635506699830000289e+05
2.808500060000000076e+02 4.831432829986999743e+06 4.635507899779999861e+05
2.806799930000000245e+02 4.831432649993999861e+06 4.635507100220000139e+05
2.808500060000000076e+02 4.831432829986999743e+06 4.635508200070000021e+05
2.808599849999999947e+02 4.831432809998000041e+06 4.635508400269999984e+05
2.807999879999999848e+02 4.831432790009000339e+06 4.635508699950000155e+05
2.807900089999999977e+02 4.831432760010000318e+06 4.635508499760000268e+05
2.807699890000000096e+02 4.831432720000999980e+06 4.635508400269999984e+05
2.807999879999999848e+02 4.831432750000000000e+06 4.635508900150000118e+05
2.807799989999999752e+02 4.831432720000999980e+06 4.635508699950000155e+05
2.807500000000000000e+02 4.831432690001999959e+06 4.635509000239999732e+05
2.807300109999999904e+02 4.831432660004000179e+06 4.635508800049999845e+05
2.807300109999999904e+02 4.831432630005000159e+06 4.635508599849999882e+05
2.807600100000000225e+02 4.831432720000999980e+06 4.635509299929999979e+05
2.807799989999999752e+02 4.831432700012000278e+06 4.635509199830000289e+05
2.806499939999999924e+02 4.831432619994999841e+06 4.635508900150000118e+05
2.807699890000000096e+02 4.831432679992999882e+06 4.635509400020000176e+05
2.807000120000000152e+02 4.831432630005000159e+06 4.635509199830000289e+05
2.805799870000000169e+02 4.831432609985000454e+06 4.635509500119999866e+05
2.807200010000000248e+02 4.831433070007000118e+06 4.635506300049999845e+05
2.807300109999999904e+02 4.831433040009000339e+06 4.635506099849999882e+05
2.807699890000000096e+02 4.831433029999000020e+06 4.635505999760000268e+05
2.808900150000000053e+02 4.831433029999000020e+06 4.635506099849999882e+05
2.803299870000000169e+02 4.831433089995999821e+06 4.635507000119999866e+05
2.803299870000000169e+02 4.831433059998000041e+06 4.635506799929999979e+05
2.807999879999999848e+02 4.831433000000000000e+06 4.635506699830000289e+05
2.808299870000000169e+02 4.831432980011000298e+06 4.635506599730000016e+05
2.808500060000000076e+02 4.831432959990999661e+06 4.635506400150000118e+05
2.808399959999999851e+02 4.831432959990999661e+06 4.635507199709999841e+05
2.808800049999999828e+02 4.831432940001999959e+06 4.635507100220000139e+05
2.808699950000000172e+02 4.831432899993999861e+06 4.635507500000000000e+05
2.802699890000000096e+02 4.831433019988999702e+06 4.635510000000000000e+05
2.803099980000000073e+02 4.831433000000000000e+06 4.635509899899999727e+05
2.807799989999999752e+02 4.831432760010000318e+06 4.635508599849999882e+05
2.802399899999999775e+02 4.831432989989999682e+06 4.635510399779999861e+05
2.808099980000000073e+02 4.831432730011000298e+06 4.635509000239999732e+05
2.807600100000000225e+02 4.831432690001999959e+06 4.635508699950000155e+05
2.806799930000000245e+02 4.831432649993999861e+06 4.635509099730000016e+05
2.804599910000000023e+02 4.831432950012000278e+06 4.635503099979999824e+05
2.807200010000000248e+02 4.831433070007000118e+06 4.635505999760000268e+05
2.808200069999999755e+02 4.831433040009000339e+06 4.635505999760000268e+05
2.807999879999999848e+02 4.831433029999000020e+06 4.635506699830000289e+05
2.808500060000000076e+02 4.831433010010000318e+06 4.635506699830000289e+05
2.808399959999999851e+02 4.831432950012000278e+06 4.635506300049999845e+05
2.803900150000000053e+02 4.831433109985000454e+06 4.635507000119999866e+05
2.808699950000000172e+02 4.831432959990999661e+06 4.635507100220000139e+05
2.808699950000000172e+02 4.831432940001999959e+06 4.635506900020000176e+05
2.807999879999999848e+02 4.831432920013000257e+06 4.635507100220000139e+05
2.808599849999999947e+02 4.831432880005000159e+06 4.635507000119999866e+05
2.808099980000000073e+02 4.831432880005000159e+06 4.635507600100000273e+05
2.805599980000000073e+02 4.831432649993999861e+06 4.635505999760000268e+05
2.806199950000000172e+02 4.831432549987999722e+06 4.635505399779999861e+05
2.807300109999999904e+02 4.831432760010000318e+06 4.635508499760000268e+05
2.807900089999999977e+02 4.831432720000999980e+06 4.635509099730000016e+05
2.807799989999999752e+02 4.831432690001999959e+06 4.635508900150000118e+05
2.802300109999999904e+02 4.831432940001999959e+06 4.635510200199999963e+05
2.806700129999999831e+02 4.831432649993999861e+06 4.635509199830000289e+05
2.806099849999999947e+02 4.831432630005000159e+06 4.635509000239999732e+05
2.807699890000000096e+02 4.831432760010000318e+06 4.635508900150000118e+05
2.805199890000000096e+02 4.831432649993999861e+06 4.635506799929999979e+05
2.806300049999999828e+02 4.831432700012000278e+06 4.635506199950000155e+05
2.806300049999999828e+02 4.831432730011000298e+06 4.635506400150000118e+05
2.807999879999999848e+02 4.831432880005000159e+06 4.635507500000000000e+05
2.807600100000000225e+02 4.831432890014999546e+06 4.635505999760000268e+05
2.808299870000000169e+02 4.831432959990999661e+06 4.635506500239999732e+05
2.808099980000000073e+02 4.831433029999000020e+06 4.635506300049999845e+05
2.807699890000000096e+02 4.831433040009000339e+06 4.635506300049999845e+05
2.807600100000000225e+02 4.831433059998000041e+06 4.635506500239999732e+05
2.808999939999999924e+02 4.831433059998000041e+06 4.635506199950000155e+05
2.807799989999999752e+02 4.831433059998000041e+06 4.635506199950000155e+05
2.807300109999999904e+02 4.831433070007000118e+06 4.635506199950000155e+05
2.807999879999999848e+02 4.831432910004000179e+06 4.635504699709999841e+05
2.808500060000000076e+02 4.831433019988999702e+06 4.635505599979999824e+05
2.808399959999999851e+02 4.831433040009000339e+06 4.635505399779999861e+05
2.804700010000000248e+02 4.831432970000999980e+06 4.635503200070000021e+05
2.807300109999999904e+02 4.831432690001999959e+06 4.635509199830000289e+05
2.807500000000000000e+02 4.831432750000000000e+06 4.635508800049999845e+05
2.802799989999999752e+02 4.831432980011000298e+06 4.635510700070000021e+05
2.802300109999999904e+02 4.831433019988999702e+06 4.635510200199999963e+05
2.807000120000000152e+02 4.831432739989999682e+06 4.635507299800000037e+05
2.808399959999999851e+02 4.831432869994999841e+06 4.635507399899999727e+05
2.808599849999999947e+02 4.831432929992999882e+06 4.635507000119999866e+05
2.808500060000000076e+02 4.831433010010000318e+06 4.635506599730000016e+05
2.807799989999999752e+02 4.831433000000000000e+06 4.635506699830000289e+05
2.808200069999999755e+02 4.831432970000999980e+06 4.635505599979999824e+05
2.807500000000000000e+02 4.831433029999000020e+06 4.635505999760000268e+05
2.807200010000000248e+02 4.831433040009000339e+06 4.635506099849999882e+05
2.806700129999999831e+02 4.831432579986999743e+06 4.635509000239999732e+05
2.807200010000000248e+02 4.831432790009000339e+06 4.635508400269999984e+05
2.808299870000000169e+02 4.831432890014999546e+06 4.635507800290000159e+05
2.806000060000000076e+02 4.831432649993999861e+06 4.635506900020000176e+05
2.808399959999999851e+02 4.831432910004000179e+06 4.635507399899999727e+05
2.808200069999999755e+02 4.831432869994999841e+06 4.635507100220000139e+05
2.808699950000000172e+02 4.831432940001999959e+06 4.635507299800000037e+05
2.808900150000000053e+02 4.831433000000000000e+06 4.635506900020000176e+05
2.805799870000000169e+02 4.831432709990999661e+06 4.635506099849999882e+05
2.808599849999999947e+02 4.831433000000000000e+06 4.635506599730000016e+05
2.802200010000000248e+02 4.831433089995999821e+06 4.635508900150000118e+05
2.807999879999999848e+02 4.831433029999000020e+06 4.635506599730000016e+05
2.802300109999999904e+02 4.831433109985000454e+06 4.635508599849999882e+05
2.808800049999999828e+02 4.831433029999000020e+06 4.635506199950000155e+05
2.807699890000000096e+02 4.831432980011000298e+06 4.635506300049999845e+05
2.807999879999999848e+02 4.831433040009000339e+06 4.635506500239999732e+05
2.802600100000000225e+02 4.831433130005000159e+06 4.635508499760000268e+05
2.808699950000000172e+02 4.831432989989999682e+06 4.635505599979999824e+05
2.808200069999999755e+02 4.831432989989999682e+06 4.635505700070000021e+05
2.808200069999999755e+02 4.831433029999000020e+06 4.635505900269999984e+05
2.807799989999999752e+02 4.831433040009000339e+06 4.635506099849999882e+05
2.807300109999999904e+02 4.831433040009000339e+06 4.635506199950000155e+05
2.802699890000000096e+02 4.831433040009000339e+06 4.635507000119999866e+05
2.807600100000000225e+02 4.831433049987999722e+06 4.635505700070000021e+05
2.807600100000000225e+02 4.831433010010000318e+06 4.635505999760000268e+05
2.808099980000000073e+02 4.831433000000000000e+06 4.635506500239999732e+05
2.808500060000000076e+02 4.831432980011000298e+06 4.635506400150000118e+05
2.808599849999999947e+02 4.831432950012000278e+06 4.635506199950000155e+05
2.808399959999999851e+02 4.831432940001999959e+06 4.635506799929999979e+05
2.808800049999999828e+02 4.831432940001999959e+06 4.635506799929999979e+05
2.806400150000000053e+02 4.831432549987999722e+06 4.635506400150000118e+05
2.808599849999999947e+02 4.831432829986999743e+06 4.635508200070000021e+05
2.808800049999999828e+02 4.831432750000000000e+06 4.635508499760000268e+05
2.808599849999999947e+02 4.831432720000999980e+06 4.635509099730000016e+05
2.806700129999999831e+02 4.831433359985000454e+06 4.635503900150000118e+05
2.808299870000000169e+02 4.831433029999000020e+06 4.635506400150000118e+05
2.808999939999999924e+02 4.831432989989999682e+06 4.635506799929999979e+05
2.805000000000000000e+02 4.831432779999000020e+06 4.635505999760000268e+05
2.807699890000000096e+02 4.831432899993999861e+06 4.635507500000000000e+05
2.806199950000000172e+02 4.831432640014999546e+06 4.635506400150000118e+05
2.806000060000000076e+02 4.831432679992999882e+06 4.635507199709999841e+05
2.806300049999999828e+02 4.831432660004000179e+06 4.635507100220000139e+05
2.808699950000000172e+02 4.831432720000999980e+06 4.635508900150000118e+05
2.808399959999999851e+02 4.831433029999000020e+06 4.635505800169999711e+05
2.808800049999999828e+02 4.831433019988999702e+06 4.635505700070000021e+05
2.807900089999999977e+02 4.831433019988999702e+06 4.635506599730000016e+05
2.808200069999999755e+02 4.831432989989999682e+06 4.635506500239999732e+05
2.808399959999999851e+02 4.831432970000999980e+06 4.635506300049999845e+05
2.804100040000000149e+02 4.831433119994999841e+06 4.635507199709999841e+05
2.803099980000000073e+02 4.831433029999000020e+06 4.635506199950000155e+05
2.807600100000000225e+02 4.831433000000000000e+06 4.635506900020000176e+05
2.808599849999999947e+02 4.831432950012000278e+06 4.635506699830000289e+05
2.807900089999999977e+02 4.831432959990999661e+06 4.635507199709999841e+05
2.808299870000000169e+02 4.831432940001999959e+06 4.635507199709999841e+05
2.804700010000000248e+02 4.831432799987999722e+06 4.635505900269999984e+05
2.806499939999999924e+02 4.831432880005000159e+06 4.635506900020000176e+05
2.808599849999999947e+02 4.831432899993999861e+06 4.635507500000000000e+05
2.802500000000000000e+02 4.831433100006000139e+06 4.635508599849999882e+05
2.806000060000000076e+02 4.831432730011000298e+06 4.635506199950000155e+05
2.806099849999999947e+02 4.831432660004000179e+06 4.635506400150000118e+05
2.806900019999999927e+02 4.831432670013000257e+06 4.635506699830000289e+05
2.807999879999999848e+02 4.831432700012000278e+06 4.635508599849999882e+05
2.808399959999999851e+02 4.831432750000000000e+06 4.635508699950000155e+05
2.808500060000000076e+02 4.831432779999000020e+06 4.635508599849999882e+05
2.808500060000000076e+02 4.831432869994999841e+06 4.635507800290000159e+05
2.807600100000000225e+02 4.831433059998000041e+06 4.635506199950000155e+05
2.805000000000000000e+02 4.831432609985000454e+06 4.635504899899999727e+05
2.805700069999999755e+02 4.831432660004000179e+06 4.635504899899999727e+05
2.808099980000000073e+02 4.831432750000000000e+06 4.635508800049999845e+05
2.808099980000000073e+02 4.831432779999000020e+06 4.635508800049999845e+05
2.807000120000000152e+02 4.831432750000000000e+06 4.635508499760000268e+05
2.807699890000000096e+02 4.831432799987999722e+06 4.635508400269999984e+05
2.808099980000000073e+02 4.831432820007000118e+06 4.635508300169999711e+05
2.808299870000000169e+02 4.831432859985000454e+06 4.635507800290000159e+05
2.808200069999999755e+02 4.831432890014999546e+06 4.635507800290000159e+05
2.808099980000000073e+02 4.831433059998000041e+06 4.635506400150000118e+05
2.806400150000000053e+02 4.831432609985000454e+06 4.635506300049999845e+05
2.808800049999999828e+02 4.831433029999000020e+06 4.635505800169999711e+05
2.807500000000000000e+02 4.831433070007000118e+06 4.635505900269999984e+05
2.807399899999999775e+02 4.831433100006000139e+06 4.635505900269999984e+05
2.808200069999999755e+02 4.831433019988999702e+06 4.635505499880000134e+05
2.808699950000000172e+02 4.831433029999000020e+06 4.635505499880000134e+05
2.806300049999999828e+02 4.831433290009000339e+06 4.635502800290000159e+05
2.806300049999999828e+02 4.831433320007000118e+06 4.635502800290000159e+05
2.804299930000000245e+02 4.831432929992999882e+06 4.635502899779999861e+05
2.808099980000000073e+02 4.831432790009000339e+06 4.635508400269999984e+05
2.808399959999999851e+02 4.831433029999000020e+06 4.635506500239999732e+05
2.807699890000000096e+02 4.831433049987999722e+06 4.635506199950000155e+05
2.808200069999999755e+02 4.831433040009000339e+06 4.635505900269999984e+05
2.807999879999999848e+02 4.831433070007000118e+06 4.635505900269999984e+05
2.805700069999999755e+02 4.831432529999000020e+06 4.635506699830000289e+05
2.807300109999999904e+02 4.831432890014999546e+06 4.635506099849999882e+05
2.808500060000000076e+02 4.831433040009000339e+06 4.635505700070000021e+05
2.807399899999999775e+02 4.831433079986999743e+06 4.635505999760000268e+05
2.808099980000000073e+02 4.831433049987999722e+06 4.635505900269999984e+05
2.807300109999999904e+02 4.831433089995999821e+06 4.635506099849999882e+05
2.808699950000000172e+02 4.831433029999000020e+06 4.635505800169999711e+05
2.807600100000000225e+02 4.831433109985000454e+06 4.635506099849999882e+05
2.808900150000000053e+02 4.831433049987999722e+06 4.635505900269999984e+05
2.808200069999999755e+02 4.831433049987999722e+06 4.635505599979999824e+05
2.805100100000000225e+02 4.831432649993999861e+06 4.635506300049999845e+05
2.803099980000000073e+02 4.831432859985000454e+06 4.635505000000000000e+05
2.803200069999999755e+02 4.831432820007000118e+06 4.635504500119999866e+05
2.805799870000000169e+02 4.831433170013000257e+06 4.635503499760000268e+05
2.805400089999999977e+02 4.831433200012000278e+06 4.635503599849999882e+05
2.805400089999999977e+02 4.831433209990999661e+06 4.635503699950000155e+05
2.805700069999999755e+02 4.831433220000999980e+06 4.635503800049999845e+05
2.802699890000000096e+02 4.831433190001999959e+06 4.635504500119999866e+05
2.806000060000000076e+02 4.831433220000999980e+06 4.635503499760000268e+05
2.806199950000000172e+02 4.831433250000000000e+06 4.635503499760000268e+05
2.802300109999999904e+02 4.831432829986999743e+06 4.635504600220000139e+05
2.804299930000000245e+02 4.831432820007000118e+06 4.635504000239999732e+05
2.805299989999999752e+02 4.831433200012000278e+06 4.635503599849999882e+05
2.802999879999999848e+02 4.831433160004000179e+06 4.635504099730000016e+05
2.802500000000000000e+02 4.831432829986999743e+06 4.635503699950000155e+05
2.806400150000000053e+02 4.831433290009000339e+06 4.635502500000000000e+05
2.805199890000000096e+02 4.831432730011000298e+06 4.635505399779999861e+05
2.807200010000000248e+02 4.831433029999000020e+06 4.635506400150000118e+05
2.807500000000000000e+02 4.831433019988999702e+06 4.635506500239999732e+05
2.807699890000000096e+02 4.831433010010000318e+06 4.635506699830000289e+05
2.805199890000000096e+02 4.831433279999000020e+06 4.635503699950000155e+05
2.807500000000000000e+02 4.831432690001999959e+06 4.635508699950000155e+05
2.807999879999999848e+02 4.831433029999000020e+06 4.635505800169999711e+05
2.808200069999999755e+02 4.831433019988999702e+06 4.635506099849999882e+05
2.808099980000000073e+02 4.831432989989999682e+06 4.635506500239999732e+05
2.808299870000000169e+02 4.831432989989999682e+06 4.635506699830000289e+05
2.804400019999999927e+02 4.831432769988999702e+06 4.635504600220000139e+05
2.805199890000000096e+02 4.831432690001999959e+06 4.635505900269999984e+05
2.807999879999999848e+02 4.831432959990999661e+06 4.635505499880000134e+05
2.808500060000000076e+02 4.831432970000999980e+06 4.635505599979999824e+05
2.807200010000000248e+02 4.831432679992999882e+06 4.635509000239999732e+05
2.807200010000000248e+02 4.831432649993999861e+06 4.635509299929999979e+05
2.807000120000000152e+02 4.831433019988999702e+06 4.635506300049999845e+05
2.807500000000000000e+02 4.831433019988999702e+06 4.635506400150000118e+05
2.807799989999999752e+02 4.831433010010000318e+06 4.635506599730000016e+05
2.808099980000000073e+02 4.831433000000000000e+06 4.635506900020000176e+05
2.802300109999999904e+02 4.831432950012000278e+06 4.635510100100000273e+05
2.802799989999999752e+02 4.831433109985000454e+06 4.635509000239999732e+05
2.802900089999999977e+02 4.831433010010000318e+06 4.635510300290000159e+05
2.802399899999999775e+02 4.831432959990999661e+06 4.635510599979999824e+05
2.802699890000000096e+02 4.831432989989999682e+06 4.635510200199999963e+05
2.806300049999999828e+02 4.831433290009000339e+06 4.635504199830000289e+05
2.806199950000000172e+02 4.831433250000000000e+06 4.635503699950000155e+05
2.803099980000000073e+02 4.831433170013000257e+06 4.635504199830000289e+05
2.807500000000000000e+02 4.831432940001999959e+06 4.635507399899999727e+05
2.807300109999999904e+02 4.831432950012000278e+06 4.635507199709999841e+05
2.807300109999999904e+02 4.831432970000999980e+06 4.635507000119999866e+05
2.806900019999999927e+02 4.831432970000999980e+06 4.635506900020000176e+05
2.806799930000000245e+02 4.831432980011000298e+06 4.635506699830000289e+05
2.806700129999999831e+02 4.831433000000000000e+06 4.635506400150000118e+05
2.808200069999999755e+02 4.831432839995999821e+06 4.635507999880000134e+05
2.808200069999999755e+02 4.831432880005000159e+06 4.635507500000000000e+05
2.808699950000000172e+02 4.831432920013000257e+06 4.635507100220000139e+05
2.808299870000000169e+02 4.831432920013000257e+06 4.635506900020000176e+05
2.807000120000000152e+02 4.831432929992999882e+06 4.635506500239999732e+05
2.807099910000000023e+02 4.831432950012000278e+06 4.635506199950000155e+05
2.808299870000000169e+02 4.831432690001999959e+06 4.635509500119999866e+05
2.807999879999999848e+02 4.831432690001999959e+06 4.635509299929999979e+05
2.807900089999999977e+02 4.831432700012000278e+06 4.635509099730000016e+05
2.808099980000000073e+02 4.831432730011000298e+06 4.635508699950000155e+05
2.808500060000000076e+02 4.831432769988999702e+06 4.635508300169999711e+05
2.808900150000000053e+02 4.831432609985000454e+06 4.635509699709999841e+05
2.807500000000000000e+02 4.831432600006000139e+06 4.635509600220000139e+05
2.807699890000000096e+02 4.831432630005000159e+06 4.635509199830000289e+05
2.807399899999999775e+02 4.831432630005000159e+06 4.635509099730000016e+05
2.807799989999999752e+02 4.831432649993999861e+06 4.635507299800000037e+05
2.805400089999999977e+02 4.831432649993999861e+06 4.635505000000000000e+05
2.805100100000000225e+02 4.831432600006000139e+06 4.635504899899999727e+05
2.806199950000000172e+02 4.831432559998000041e+06 4.635505200199999963e+05
2.805599980000000073e+02 4.831432559998000041e+06 4.635505100100000273e+05
2.802699890000000096e+02 4.831433000000000000e+06 4.635510100100000273e+05
2.802600100000000225e+02 4.831433010010000318e+06 4.635509899899999727e+05
2.806900019999999927e+02 4.831433350006000139e+06 4.635504000239999732e+05
2.803500060000000076e+02 4.831433200012000278e+06 4.635505700070000021e+05
2.806099849999999947e+02 4.831433220000999980e+06 4.635503699950000155e+05
2.807999879999999848e+02 4.831432950012000278e+06 4.635507199709999841e+05
2.807200010000000248e+02 4.831432950012000278e+06 4.635507299800000037e+05
2.807099910000000023e+02 4.831432980011000298e+06 4.635506799929999979e+05
2.807000120000000152e+02 4.831433000000000000e+06 4.635506500239999732e+05
2.808800049999999828e+02 4.831432859985000454e+06 4.635507999880000134e+05
2.808500060000000076e+02 4.831432910004000179e+06 4.635507100220000139e+05
2.807900089999999977e+02 4.831432920013000257e+06 4.635507000119999866e+05
2.807999879999999848e+02 4.831432940001999959e+06 4.635506699830000289e+05
2.807799989999999752e+02 4.831432950012000278e+06 4.635506500239999732e+05
2.807300109999999904e+02 4.831432959990999661e+06 4.635506500239999732e+05
2.808699950000000172e+02 4.831432850006000139e+06 4.635507800290000159e+05
2.807900089999999977e+02 4.831432929992999882e+06 4.635506500239999732e+05
2.807600100000000225e+02 4.831432940001999959e+06 4.635506400150000118e+05
2.808299870000000169e+02 4.831432760010000318e+06 4.635508900150000118e+05
2.808200069999999755e+02 4.831432769988999702e+06 4.635508699950000155e+05
2.808699950000000172e+02 4.831432799987999722e+06 4.635508200070000021e+05
2.807699890000000096e+02 4.831432910004000179e+06 4.635506400150000118e+05
2.807399899999999775e+02 4.831432929992999882e+06 4.635506199950000155e+05
2.808299870000000169e+02 4.831432769988999702e+06 4.635508699950000155e+05
2.808399959999999851e+02 4.831432790009000339e+06 4.635508300169999711e+05
2.807399899999999775e+02 4.831432910004000179e+06 4.635506300049999845e+05
2.808200069999999755e+02 4.831432779999000020e+06 4.635508599849999882e+05
2.807699890000000096e+02 4.831432920013000257e+06 4.635506300049999845e+05
2.808800049999999828e+02 4.831432850006000139e+06 4.635507700199999963e+05
2.808099980000000073e+02 4.831432920013000257e+06 4.635506599730000016e+05
2.807799989999999752e+02 4.831432929992999882e+06 4.635506500239999732e+05
2.807500000000000000e+02 4.831432940001999959e+06 4.635506300049999845e+05
2.808900150000000053e+02 4.831432859985000454e+06 4.635507700199999963e+05
2.808299870000000169e+02 4.831432910004000179e+06 4.635507000119999866e+05
2.807999879999999848e+02 4.831432920013000257e+06 4.635506799929999979e+05
2.807900089999999977e+02 4.831432929992999882e+06 4.635506599730000016e+05
2.807600100000000225e+02 4.831432940001999959e+06 4.635506400150000118e+05
2.807000120000000152e+02 4.831432950012000278e+06 4.635506400150000118e+05
2.808800049999999828e+02 4.831432910004000179e+06 4.635507299800000037e+05
2.808800049999999828e+02 4.831432929992999882e+06 4.635507000119999866e+05
2.807699890000000096e+02 4.831432920013000257e+06 4.635507100220000139e+05
2.807200010000000248e+02 4.831432940001999959e+06 4.635506799929999979e+05
2.806900019999999927e+02 4.831432950012000278e+06 4.635506699830000289e+05
2.808800049999999828e+02 4.831432940001999959e+06 4.635507199709999841e+05
2.808599849999999947e+02 4.831432950012000278e+06 4.635507000119999866e+05
2.807399899999999775e+02 4.831432940001999959e+06 4.635507199709999841e+05
2.807000120000000152e+02 4.831432950012000278e+06 4.635507100220000139e+05
2.807099910000000023e+02 4.831432970000999980e+06 4.635506699830000289e+05
2.806900019999999927e+02 4.831432989989999682e+06 4.635506500239999732e+05
2.807200010000000248e+02 4.831432950012000278e+06 4.635507299800000037e+05
2.806900019999999927e+02 4.831432980011000298e+06 4.635506799929999979e+05
2.806799930000000245e+02 4.831433000000000000e+06 4.635506599730000016e+05
2.802999879999999848e+02 4.831433140014999546e+06 4.635504600220000139e+05
2.808099980000000073e+02 4.831432959990999661e+06 4.635507199709999841e+05
2.806099849999999947e+02 4.831433200012000278e+06 4.635503400269999984e+05
2.807900089999999977e+02 4.831432950012000278e+06 4.635507299800000037e+05
2.807300109999999904e+02 4.831432950012000278e+06 4.635507299800000037e+05
2.807099910000000023e+02 4.831432980011000298e+06 4.635506799929999979e+05
2.807000120000000152e+02 4.831433000000000000e+06 4.635506599730000016e+05
2.806700129999999831e+02 4.831433010010000318e+06 4.635506400150000118e+05
2.807300109999999904e+02 4.831432940001999959e+06 4.635507299800000037e+05
2.807099910000000023e+02 4.831432970000999980e+06 4.635506799929999979e+05
2.806900019999999927e+02 4.831432989989999682e+06 4.635506599730000016e+05
2.806700129999999831e+02 4.831433000000000000e+06 4.635506500239999732e+05
2.808800049999999828e+02 4.831432880005000159e+06 4.635507899779999861e+05
2.808200069999999755e+02 4.831432899993999861e+06 4.635507600100000273e+05
2.807999879999999848e+02 4.831432929992999882e+06 4.635507100220000139e+05
2.807200010000000248e+02 4.831432929992999882e+06 4.635507199709999841e+05
2.807099910000000023e+02 4.831432950012000278e+06 4.635506900020000176e+05
2.807000120000000152e+02 4.831432959990999661e+06 4.635506699830000289e+05
2.807900089999999977e+02 4.831432910004000179e+06 4.635507100220000139e+05
2.807900089999999977e+02 4.831432920013000257e+06 4.635506799929999979e+05
2.807799989999999752e+02 4.831432940001999959e+06 4.635506599730000016e+05
2.807500000000000000e+02 4.831432950012000278e+06 4.635506500239999732e+05
2.807799989999999752e+02 4.831432929992999882e+06 4.635506300049999845e+05
2.807500000000000000e+02 4.831432940001999959e+06 4.635506199950000155e+05
2.808200069999999755e+02 4.831432760010000318e+06 4.635508800049999845e+05
2.808399959999999851e+02 4.831432779999000020e+06 4.635508499760000268e+05
2.807200010000000248e+02 4.831432920013000257e+06 4.635506099849999882e+05
2.807900089999999977e+02 4.831432709990999661e+06 4.635509299929999979e+05
2.807799989999999752e+02 4.831432720000999980e+06 4.635509199830000289e+05
2.808299870000000169e+02 4.831432750000000000e+06 4.635508599849999882e+05
2.804200129999999831e+02 4.831432850006000139e+06 4.635507299800000037e+05
2.807799989999999752e+02 4.831432709990999661e+06 4.635509199830000289e+05
2.808299870000000169e+02 4.831432739989999682e+06 4.635508699950000155e+05
2.808299870000000169e+02 4.831432760010000318e+06 4.635508400269999984e+05
2.807500000000000000e+02 4.831432890014999546e+06 4.635506300049999845e+05
2.808299870000000169e+02 4.831432750000000000e+06 4.635508800049999845e+05
2.808299870000000169e+02 4.831432760010000318e+06 4.635508499760000268e+05
2.808800049999999828e+02 4.831432790009000339e+06 4.635507999880000134e+05
2.807399899999999775e+02 4.831432899993999861e+06 4.635506400150000118e+05
2.807099910000000023e+02 4.831432910004000179e+06 4.635506300049999845e+05
2.808299870000000169e+02 4.831432760010000318e+06 4.635508800049999845e+05
2.808399959999999851e+02 4.831432779999000020e+06 4.635508499760000268e+05
2.807600100000000225e+02 4.831432910004000179e+06 4.635506300049999845e+05
2.807200010000000248e+02 4.831432920013000257e+06 4.635506199950000155e+05
2.807900089999999977e+02 4.831432920013000257e+06 4.635506500239999732e+05
2.808699950000000172e+02 4.831432880005000159e+06 4.635507399899999727e+05
2.807799989999999752e+02 4.831432920013000257e+06 4.635506900020000176e+05
2.807500000000000000e+02 4.831432929992999882e+06 4.635506699830000289e+05
2.807099910000000023e+02 4.831432940001999959e+06 4.635506599730000016e+05
2.808500060000000076e+02 4.831432910004000179e+06 4.635507100220000139e+05
2.807900089999999977e+02 4.831432910004000179e+06 4.635507100220000139e+05
2.807300109999999904e+02 4.831432929992999882e+06 4.635506799929999979e+05
2.807099910000000023e+02 4.831432940001999959e+06 4.635506599730000016e+05
2.807900089999999977e+02 4.831432899993999861e+06 4.635507199709999841e+05
2.807900089999999977e+02 4.831432920013000257e+06 4.635506900020000176e+05
2.807699890000000096e+02 4.831432929992999882e+06 4.635506699830000289e+05
2.807300109999999904e+02 4.831432940001999959e+06 4.635506599730000016e+05
2.808800049999999828e+02 4.831432829986999743e+06 4.635507800290000159e+05
2.807799989999999752e+02 4.831432929992999882e+06 4.635506400150000118e+05
2.807200010000000248e+02 4.831432929992999882e+06 4.635506300049999845e+05
2.807999879999999848e+02 4.831432690001999959e+06 4.635509500119999866e+05
2.807799989999999752e+02 4.831432709990999661e+06 4.635509299929999979e+05
2.808299870000000169e+02 4.831432730011000298e+06 4.635508800049999845e+05
2.808200069999999755e+02 4.831432750000000000e+06 4.635508499760000268e+05
2.807600100000000225e+02 4.831432890014999546e+06 4.635506300049999845e+05
2.808599849999999947e+02 4.831432619994999841e+06 4.635509799800000037e+05
2.807900089999999977e+02 4.831432649993999861e+06 4.635509199830000289e+05
2.807600100000000225e+02 4.831432660004000179e+06 4.635509099730000016e+05
2.806099849999999947e+02 4.831432589995999821e+06 4.635505499880000134e+05
2.805599980000000073e+02 4.831432619994999841e+06 4.635505100100000273e+05
2.805400089999999977e+02 4.831432630005000159e+06 4.635505000000000000e+05
2.805400089999999977e+02 4.831432649993999861e+06 4.635504699709999841e+05
2.806099849999999947e+02 4.831432579986999743e+06 4.635505300290000159e+05
2.806099849999999947e+02 4.831432589995999821e+06 4.635505000000000000e+05
2.806099849999999947e+02 4.831432609985000454e+06 4.635504799800000037e+05
2.805899959999999851e+02 4.831432559998000041e+06 4.635505399779999861e+05
2.805499879999999848e+02 4.831432570007000118e+06 4.635505300290000159e+05
2.805499879999999848e+02 4.831432559998000041e+06 4.635505599979999824e+05
2.805400089999999977e+02 4.831432559998000041e+06 4.635505399779999861e+05
2.808699950000000172e+02 4.831432929992999882e+06 4.635507000119999866e+05
2.808500060000000076e+02 4.831432950012000278e+06 4.635506799929999979e+05
2.807500000000000000e+02 4.831432959990999661e+06 4.635507100220000139e+05
2.808599849999999947e+02 4.831432929992999882e+06 4.635506599730000016e+05
2.807900089999999977e+02 4.831432940001999959e+06 4.635506799929999979e+05
2.807600100000000225e+02 4.831432959990999661e+06 4.635506599730000016e+05
2.807200010000000248e+02 4.831432970000999980e+06 4.635506500239999732e+05
2.807799989999999752e+02 4.831432940001999959e+06 4.635506599730000016e+05
2.807500000000000000e+02 4.831432950012000278e+06 4.635506500239999732e+05
2.807300109999999904e+02 4.831432959990999661e+06 4.635506400150000118e+05
2.807699890000000096e+02 4.831432929992999882e+06 4.635506500239999732e+05
2.807099910000000023e+02 4.831432940001999959e+06 4.635506400150000118e+05
2.807200010000000248e+02 4.831432920013000257e+06 4.635506500239999732e+05
2.807099910000000023e+02 4.831432899993999861e+06 4.635506500239999732e+05
2.806600040000000149e+02 4.831432880005000159e+06 4.635506400150000118e+05
2.804599910000000023e+02 4.831432910004000179e+06 4.635506900020000176e+05
2.805000000000000000e+02 4.831433010010000318e+06 4.635503699950000155e+05
2.807200010000000248e+02 4.831432619994999841e+06 4.635509500119999866e+05
2.807099910000000023e+02 4.831432640014999546e+06 4.635509299929999979e+05
2.806199950000000172e+02 4.831432519988999702e+06 4.635507100220000139e+05
2.806099849999999947e+02 4.831432559998000041e+06 4.635504899899999727e+05
2.805100100000000225e+02 4.831432660004000179e+06 4.635504500119999866e+05
2.806400150000000053e+02 4.831432630005000159e+06 4.635506300049999845e+05
2.806199950000000172e+02 4.831432619994999841e+06 4.635506500239999732e+05
2.804899899999999775e+02 4.831432970000999980e+06 4.635503599849999882e+05
2.808299870000000169e+02 4.831432670013000257e+06 4.635508599849999882e+05
2.808800049999999828e+02 4.831432769988999702e+06 4.635508300169999711e+05
2.808599849999999947e+02 4.831432760010000318e+06 4.635508499760000268e+05
2.808299870000000169e+02 4.831432739989999682e+06 4.635508900150000118e+05
2.808800049999999828e+02 4.831432920013000257e+06 4.635506900020000176e+05
2.802600100000000225e+02 4.831433179992999882e+06 4.635504600220000139e+05
2.807500000000000000e+02 4.831433059998000041e+06 4.635505900269999984e+05
2.807699890000000096e+02 4.831433040009000339e+06 4.635506199950000155e+05
2.807200010000000248e+02 4.831433029999000020e+06 4.635506500239999732e+05
2.808900150000000053e+02 4.831432989989999682e+06 4.635506799929999979e+05
2.802699890000000096e+02 4.831433250000000000e+06 4.635505200199999963e+05
2.805700069999999755e+02 4.831432609985000454e+06 4.635506300049999845e+05
2.806700129999999831e+02 4.831432609985000454e+06 4.635506400150000118e+05
2.806099849999999947e+02 4.831432649993999861e+06 4.635506500239999732e+05
2.805299989999999752e+02 4.831432690001999959e+06 4.635506199950000155e+05
2.805400089999999977e+02 4.831432670013000257e+06 4.635506500239999732e+05
2.805899959999999851e+02 4.831432519988999702e+06 4.635509299929999979e+05
2.806600040000000149e+02 4.831432690001999959e+06 4.635506900020000176e+05
2.807699890000000096e+02 4.831432720000999980e+06 4.635507100220000139e+05
2.807399899999999775e+02 4.831432700012000278e+06 4.635508699950000155e+05
2.806700129999999831e+02 4.831432670013000257e+06 4.635509000239999732e+05
2.807699890000000096e+02 4.831432760010000318e+06 4.635508400269999984e+05
2.807999879999999848e+02 4.831432750000000000e+06 4.635508599849999882e+05
2.807999879999999848e+02 4.831432739989999682e+06 4.635508800049999845e+05
2.807099910000000023e+02 4.831432709990999661e+06 4.635509099730000016e+05
2.808200069999999755e+02 4.831432709990999661e+06 4.635509299929999979e+05
2.808599849999999947e+02 4.831432980011000298e+06 4.635505499880000134e+05
2.807799989999999752e+02 4.831432799987999722e+06 4.635508400269999984e+05
2.807999879999999848e+02 4.831432790009000339e+06 4.635508599849999882e+05
2.808399959999999851e+02 4.831433000000000000e+06 4.635505800169999711e+05
2.808800049999999828e+02 4.831432970000999980e+06 4.635506400150000118e+05
2.808099980000000073e+02 4.831433029999000020e+06 4.635505900269999984e+05
2.808299870000000169e+02 4.831433019988999702e+06 4.635506099849999882e+05
2.808800049999999828e+02 4.831432989989999682e+06 4.635506799929999979e+05
2.807399899999999775e+02 4.831433059998000041e+06 4.635505999760000268e+05
2.807300109999999904e+02 4.831433040009000339e+06 4.635506199950000155e+05
2.807900089999999977e+02 4.831433040009000339e+06 4.635506400150000118e+05
2.808900150000000053e+02 4.831433049987999722e+06 4.635506500239999732e+05
2.807099910000000023e+02 4.831433100006000139e+06 4.635505999760000268e+05
2.807300109999999904e+02 4.831433089995999821e+06 4.635506199950000155e+05
2.802799989999999752e+02 4.831433040009000339e+06 4.635506699830000289e+05
2.803500060000000076e+02 4.831433130005000159e+06 4.635506199950000155e+05
2.803200069999999755e+02 4.831433119994999841e+06 4.635506799929999979e+05
2.802900089999999977e+02 4.831433190001999959e+06 4.635506099849999882e+05
2.805899959999999851e+02 4.831432549987999722e+06 4.635504799800000037e+05
2.805799870000000169e+02 4.831432649993999861e+06 4.635505200199999963e+05
2.805899959999999851e+02 4.831432619994999841e+06 4.635506400150000118e+05
2.806300049999999828e+02 4.831432690001999959e+06 4.635506500239999732e+05
2.805899959999999851e+02 4.831432649993999861e+06 4.635506900020000176e+05
2.805799870000000169e+02 4.831432700012000278e+06 4.635507299800000037e+05
2.802300109999999904e+02 4.831432850006000139e+06 4.635504199830000289e+05
2.803800049999999828e+02 4.831432880005000159e+06 4.635504400020000176e+05
2.808099980000000073e+02 4.831432959990999661e+06 4.635505300290000159e+05
2.806900019999999927e+02 4.831432730011000298e+06 4.635508499760000268e+05
2.807900089999999977e+02 4.831432750000000000e+06 4.635508599849999882e+05
2.807399899999999775e+02 4.831432720000999980e+06 4.635508900150000118e+05
2.805599980000000073e+02 4.831432640014999546e+06 4.635509099730000016e+05
2.807600100000000225e+02 4.831433040009000339e+06 4.635505900269999984e+05
2.807699890000000096e+02 4.831433029999000020e+06 4.635506199950000155e+05
2.808699950000000172e+02 4.831433040009000339e+06 4.635506400150000118e+05
2.808200069999999755e+02 4.831433010010000318e+06 4.635506599730000016e+05
2.808200069999999755e+02 4.831433000000000000e+06 4.635506900020000176e+05
2.807500000000000000e+02 4.831433070007000118e+06 4.635505999760000268e+05
2.807600100000000225e+02 4.831433059998000041e+06 4.635506300049999845e+05
2.807500000000000000e+02 4.831433049987999722e+06 4.635506500239999732e+05
2.807000120000000152e+02 4.831433089995999821e+06 4.635505999760000268e+05
2.802699890000000096e+02 4.831433239989999682e+06 4.635505599979999824e+05
2.803299870000000169e+02 4.831433149993999861e+06 4.635507299800000037e+05
2.802900089999999977e+02 4.831433130005000159e+06 4.635505200199999963e+05
2.807000120000000152e+02 4.831432989989999682e+06 4.635506900020000176e+05
2.807399899999999775e+02 4.831433010010000318e+06 4.635506799929999979e+05
2.807999879999999848e+02 4.831433019988999702e+06 4.635506599730000016e+05
2.807699890000000096e+02 4.831433040009000339e+06 4.635506300049999845e+05
2.807500000000000000e+02 4.831433049987999722e+06 4.635506099849999882e+05
2.807600100000000225e+02 4.831433059998000041e+06 4.635505800169999711e+05
2.807900089999999977e+02 4.831433079986999743e+06 4.635505599979999824e+05
2.808599849999999947e+02 4.831432859985000454e+06 4.635508099979999824e+05
2.807999879999999848e+02 4.831432869994999841e+06 4.635507800290000159e+05
2.808200069999999755e+02 4.831432899993999861e+06 4.635507299800000037e+05
2.808200069999999755e+02 4.831432910004000179e+06 4.635507100220000139e+05
2.808500060000000076e+02 4.831432929992999882e+06 4.635506900020000176e+05
2.807799989999999752e+02 4.831432709990999661e+06 4.635509299929999979e+05
2.807999879999999848e+02 4.831432720000999980e+06 4.635509099730000016e+05
2.808500060000000076e+02 4.831432739989999682e+06 4.635509000239999732e+05
2.808599849999999947e+02 4.831432750000000000e+06 4.635508800049999845e+05
2.808200069999999755e+02 4.831432760010000318e+06 4.635508499760000268e+05
2.807999879999999848e+02 4.831432769988999702e+06 4.635508200070000021e+05
2.808299870000000169e+02 4.831432790009000339e+06 4.635508099979999824e+05
2.808599849999999947e+02 4.831432959990999661e+06 4.635505100100000273e+05
2.806199950000000172e+02 4.831432579986999743e+06 4.635508800049999845e+05
2.803599849999999947e+02 4.831432880005000159e+06 4.635503200070000021e+05
2.803900150000000053e+02 4.831432899993999861e+06 4.635502999880000134e+05
2.805100100000000225e+02 4.831432929992999882e+06 4.635502800290000159e+05
2.805299989999999752e+02 4.831432700012000278e+06 4.635504899899999727e+05
2.805799870000000169e+02 4.831432579986999743e+06 4.635505999760000268e+05
2.803599849999999947e+02 4.831433119994999841e+06 4.635507000119999866e+05
2.808099980000000073e+02 4.831432959990999661e+06 4.635507000119999866e+05
2.808099980000000073e+02 4.831433000000000000e+06 4.635506300049999845e+05
2.808099980000000073e+02 4.831433010010000318e+06 4.635506099849999882e+05
2.807799989999999752e+02 4.831433040009000339e+06 4.635505700070000021e+05
2.807900089999999977e+02 4.831432929992999882e+06 4.635507199709999841e+05
2.808699950000000172e+02 4.831432929992999882e+06 4.635507100220000139e+05
2.808500060000000076e+02 4.831432989989999682e+06 4.635506099849999882e+05
2.807999879999999848e+02 4.831432910004000179e+06 4.635507500000000000e+05
2.807500000000000000e+02 4.831432920013000257e+06 4.635507199709999841e+05
2.808699950000000172e+02 4.831432920013000257e+06 4.635507100220000139e+05
2.808500060000000076e+02 4.831432950012000278e+06 4.635506900020000176e+05
2.808699950000000172e+02 4.831432980011000298e+06 4.635506500239999732e+05
2.807799989999999752e+02 4.831433000000000000e+06 4.635506199950000155e+05
2.807099910000000023e+02 4.831432940001999959e+06 4.635507399899999727e+05
2.808399959999999851e+02 4.831432950012000278e+06 4.635507000119999866e+05
2.808200069999999755e+02 4.831433000000000000e+06 4.635506199950000155e+05
2.808099980000000073e+02 4.831433029999000020e+06 4.635505700070000021e+05
2.808099980000000073e+02 4.831432959990999661e+06 4.635507199709999841e+05
2.808699950000000172e+02 4.831432980011000298e+06 4.635506799929999979e+05
2.808399959999999851e+02 4.831432989989999682e+06 4.635506599730000016e+05
2.807699890000000096e+02 4.831433010010000318e+06 4.635506300049999845e+05
2.807699890000000096e+02 4.831433029999000020e+06 4.635506099849999882e+05
2.802500000000000000e+02 4.831433059998000041e+06 4.635506900020000176e+05
2.807500000000000000e+02 4.831433029999000020e+06 4.635506599730000016e+05
2.807399899999999775e+02 4.831433040009000339e+06 4.635506400150000118e+05
2.808800049999999828e+02 4.831433049987999722e+06 4.635505999760000268e+05
2.803599849999999947e+02 4.831433089995999821e+06 4.635506900020000176e+05
2.804100040000000149e+02 4.831433149993999861e+06 4.635505999760000268e+05
2.803200069999999755e+02 4.831433079986999743e+06 4.635507100220000139e+05
2.803099980000000073e+02 4.831433100006000139e+06 4.635506900020000176e+05
2.803099980000000073e+02 4.831433160004000179e+06 4.635505800169999711e+05
2.806300049999999828e+02 4.831433290009000339e+06 4.635502700199999963e+05
2.802500000000000000e+02 4.831433049987999722e+06 4.635507000119999866e+05
2.808099980000000073e+02 4.831433000000000000e+06 4.635506799929999979e+05
2.807600100000000225e+02 4.831433019988999702e+06 4.635506500239999732e+05
2.807399899999999775e+02 4.831433040009000339e+06 4.635506300049999845e+05
2.808200069999999755e+02 4.831433040009000339e+06 4.635506099849999882e+05
2.808800049999999828e+02 4.831433040009000339e+06 4.635505900269999984e+05
2.807600100000000225e+02 4.831432989989999682e+06 4.635506900020000176e+05
2.808399959999999851e+02 4.831432989989999682e+06 4.635506699830000289e+05
2.807600100000000225e+02 4.831433010010000318e+06 4.635506400150000118e+05
2.807500000000000000e+02 4.831433029999000020e+06 4.635506199950000155e+05
2.807699890000000096e+02 4.831433049987999722e+06 4.635505700070000021e+05
2.808299870000000169e+02 4.831432950012000278e+06 4.635507100220000139e+05
2.808800049999999828e+02 4.831432950012000278e+06 4.635506900020000176e+05
2.808500060000000076e+02 4.831432980011000298e+06 4.635506400150000118e+05
2.807900089999999977e+02 4.831433010010000318e+06 4.635506199950000155e+05
2.807799989999999752e+02 4.831433040009000339e+06 4.635505700070000021e+05
2.807500000000000000e+02 4.831432910004000179e+06 4.635507399899999727e+05
2.807799989999999752e+02 4.831432920013000257e+06 4.635507199709999841e+05
2.808699950000000172e+02 4.831432920013000257e+06 4.635506900020000176e+05
2.808299870000000169e+02 4.831432809998000041e+06 4.635508400269999984e+05
2.808500060000000076e+02 4.831432829986999743e+06 4.635508099979999824e+05
2.808500060000000076e+02 4.831432779999000020e+06 4.635508699950000155e+05
2.808599849999999947e+02 4.831432790009000339e+06 4.635508400269999984e+05
2.808800049999999828e+02 4.831432809998000041e+06 4.635508200070000021e+05
2.808599849999999947e+02 4.831432820007000118e+06 4.635507999880000134e+05
2.808800049999999828e+02 4.831432829986999743e+06 4.635507800290000159e+05
2.808399959999999851e+02 4.831432769988999702e+06 4.635508599849999882e+05
2.807600100000000225e+02 4.831432899993999861e+06 4.635505900269999984e+05
2.807900089999999977e+02 4.831432660004000179e+06 4.635509199830000289e+05
2.808599849999999947e+02 4.831432630005000159e+06 4.635508599849999882e+05
2.807500000000000000e+02 4.831432670013000257e+06 4.635506900020000176e+05
2.802900089999999977e+02 4.831432820007000118e+06 4.635503499760000268e+05
2.803599849999999947e+02 4.831432829986999743e+06 4.635503300169999711e+05
2.805000000000000000e+02 4.831432609985000454e+06 4.635505100100000273e+05
2.807699890000000096e+02 4.831433070007000118e+06 4.635506300049999845e+05
2.807799989999999752e+02 4.831432980011000298e+06 4.635506599730000016e+05
2.808399959999999851e+02 4.831432750000000000e+06 4.635509000239999732e+05
2.808299870000000169e+02 4.831432769988999702e+06 4.635508699950000155e+05
2.808399959999999851e+02 4.831432790009000339e+06 4.635508200070000021e+05
2.808099980000000073e+02 4.831432690001999959e+06 4.635507100220000139e+05
2.808200069999999755e+02 4.831432679992999882e+06 4.635506799929999979e+05
2.806199950000000172e+02 4.831433290009000339e+06 4.635502600100000273e+05
2.806000060000000076e+02 4.831433309998000041e+06 4.635502399899999727e+05
2.806600040000000149e+02 4.831433309998000041e+06 4.635502600100000273e+05
2.806400150000000053e+02 4.831433320007000118e+06 4.635502500000000000e+05
2.806600040000000149e+02 4.831433320007000118e+06 4.635502500000000000e+05
2.805899959999999851e+02 4.831433309998000041e+06 4.635502399899999727e+05
2.806000060000000076e+02 4.831432549987999722e+06 4.635505800169999711e+05
2.806799930000000245e+02 4.831432609985000454e+06 4.635506599730000016e+05
2.805499879999999848e+02 4.831432600006000139e+06 4.635506900020000176e+05
2.807500000000000000e+02 4.831432649993999861e+06 4.635506799929999979e+05
2.805799870000000169e+02 4.831432670013000257e+06 4.635506799929999979e+05
2.807699890000000096e+02 4.831432679992999882e+06 4.635507100220000139e+05
2.808099980000000073e+02 4.831432730011000298e+06 4.635507100220000139e+05
2.808999939999999924e+02 4.831432959990999661e+06 4.635507199709999841e+05
2.808099980000000073e+02 4.831432649993999861e+06 4.635507100220000139e+05
2.807600100000000225e+02 4.831432700012000278e+06 4.635507800290000159e+05
2.808699950000000172e+02 4.831432820007000118e+06 4.635508099979999824e+05
2.808200069999999755e+02 4.831432809998000041e+06 4.635508099979999824e+05
2.807099910000000023e+02 4.831432809998000041e+06 4.635507999880000134e+05
2.808599849999999947e+02 4.831432950012000278e+06 4.635506500239999732e+05
2.808699950000000172e+02 4.831432890014999546e+06 4.635507600100000273e+05
2.808399959999999851e+02 4.831432859985000454e+06 4.635507999880000134e+05
2.808999939999999924e+02 4.831432959990999661e+06 4.635507100220000139e+05
2.808699950000000172e+02 4.831432950012000278e+06 4.635507299800000037e+05
2.805000000000000000e+02 4.831432890014999546e+06 4.635507700199999963e+05
2.804899899999999775e+02 4.831433200012000278e+06 4.635502800290000159e+05
2.807399899999999775e+02 4.831433040009000339e+06 4.635506199950000155e+05
2.805799870000000169e+02 4.831433209990999661e+06 4.635503499760000268e+05
2.806300049999999828e+02 4.831433260010000318e+06 4.635503300169999711e+05
2.805299989999999752e+02 4.831433309998000041e+06 4.635502700199999963e+05
2.802600100000000225e+02 4.831433089995999821e+06 4.635507000119999866e+05
2.806700129999999831e+02 4.831433329986999743e+06 4.635504099730000016e+05
2.802399899999999775e+02 4.831433119994999841e+06 4.635507000119999866e+05
2.802500000000000000e+02 4.831433079986999743e+06 4.635507600100000273e+05
2.802399899999999775e+02 4.831433140014999546e+06 4.635507299800000037e+05
2.802399899999999775e+02 4.831433100006000139e+06 4.635507899779999861e+05
2.806000060000000076e+02 4.831432549987999722e+06 4.635505999760000268e+05
2.806099849999999947e+02 4.831432559998000041e+06 4.635506099849999882e+05
2.806400150000000053e+02 4.831432519988999702e+06 4.635507100220000139e+05
2.806000060000000076e+02 4.831432589995999821e+06 4.635505700070000021e+05
2.806000060000000076e+02 4.831432600006000139e+06 4.635505700070000021e+05
2.806199950000000172e+02 4.831432579986999743e+06 4.635505999760000268e+05
2.806000060000000076e+02 4.831432630005000159e+06 4.635506199950000155e+05
2.807699890000000096e+02 4.831432709990999661e+06 4.635507100220000139e+05
2.807300109999999904e+02 4.831432700012000278e+06 4.635507199709999841e+05
2.805700069999999755e+02 4.831432670013000257e+06 4.635506699830000289e+05
2.805599980000000073e+02 4.831432679992999882e+06 4.635506599730000016e+05
2.807699890000000096e+02 4.831432709990999661e+06 4.635507199709999841e+05
2.807099910000000023e+02 4.831432690001999959e+06 4.635507199709999841e+05
2.807699890000000096e+02 4.831432720000999980e+06 4.635507100220000139e+05
2.805700069999999755e+02 4.831432679992999882e+06 4.635506799929999979e+05
2.807799989999999752e+02 4.831432720000999980e+06 4.635507199709999841e+05
2.807300109999999904e+02 4.831432709990999661e+06 4.635507199709999841e+05
2.806900019999999927e+02 4.831432690001999959e+06 4.635507299800000037e+05
2.805199890000000096e+02 4.831432670013000257e+06 4.635506400150000118e+05
2.807600100000000225e+02 4.831432709990999661e+06 4.635507100220000139e+05
2.807200010000000248e+02 4.831432700012000278e+06 4.635507100220000139e+05
2.806199950000000172e+02 4.831432679992999882e+06 4.635506900020000176e+05
2.807999879999999848e+02 4.831432739989999682e+06 4.635507199709999841e+05
2.807399899999999775e+02 4.831432730011000298e+06 4.635507199709999841e+05
2.805899959999999851e+02 4.831432700012000278e+06 4.635506699830000289e+05
2.806199950000000172e+02 4.831432690001999959e+06 4.635507100220000139e+05
2.805299989999999752e+02 4.831432929992999882e+06 4.635503200070000021e+05
2.805100100000000225e+02 4.831432779999000020e+06 4.635506199950000155e+05
2.807900089999999977e+02 4.831432730011000298e+06 4.635508900150000118e+05
2.808500060000000076e+02 4.831432910004000179e+06 4.635506900020000176e+05
2.808800049999999828e+02 4.831432890014999546e+06 4.635507600100000273e+05
2.808599849999999947e+02 4.831432869994999841e+06 4.635507700199999963e+05
2.808200069999999755e+02 4.831432850006000139e+06 4.635507800290000159e+05
2.808099980000000073e+02 4.831432829986999743e+06 4.635508300169999711e+05
2.808699950000000172e+02 4.831432980011000298e+06 4.635506500239999732e+05
2.808800049999999828e+02 4.831432950012000278e+06 4.635507100220000139e+05
2.808599849999999947e+02 4.831432940001999959e+06 4.635507299800000037e+05
2.808299870000000169e+02 4.831432920013000257e+06 4.635507500000000000e+05
2.807699890000000096e+02 4.831432899993999861e+06 4.635507399899999727e+05
2.807999879999999848e+02 4.831433000000000000e+06 4.635506400150000118e+05
2.807399899999999775e+02 4.831433029999000020e+06 4.635506300049999845e+05
2.807600100000000225e+02 4.831433089995999821e+06 4.635505999760000268e+05
2.807399899999999775e+02 4.831433079986999743e+06 4.635506199950000155e+05
2.807300109999999904e+02 4.831433059998000041e+06 4.635506400150000118e+05
2.806199950000000172e+02 4.831433239989999682e+06 4.635503300169999711e+05
2.805799870000000169e+02 4.831433279999000020e+06 4.635503099979999824e+05
2.805599980000000073e+02 4.831433269988999702e+06 4.635503300169999711e+05
2.802900089999999977e+02 4.831433179992999882e+06 4.635507000119999866e+05
2.802799989999999752e+02 4.831433059998000041e+06 4.635510000000000000e+05
2.802300109999999904e+02 4.831433049987999722e+06 4.635510200199999963e+05
2.802200010000000248e+02 4.831433089995999821e+06 4.635509799800000037e+05
2.802600100000000225e+02 4.831433079986999743e+06 4.635509799800000037e+05
2.802799989999999752e+02 4.831433040009000339e+06 4.635510200199999963e+05
2.802900089999999977e+02 4.831433010010000318e+06 4.635510700070000021e+05
2.802900089999999977e+02 4.831433019988999702e+06 4.635510399779999861e+05
2.803099980000000073e+02 4.831433010010000318e+06 4.635510599979999824e+05
2.802399899999999775e+02 4.831433049987999722e+06 4.635510399779999861e+05
2.802300109999999904e+02 4.831433059998000041e+06 4.635510200199999963e+05
2.802200010000000248e+02 4.831433019988999702e+06 4.635511400150000118e+05
2.803500060000000076e+02 4.831432750000000000e+06 4.635514600220000139e+05
