2.775299989999999752e+02 4.831430149993999861e+06 4.635460900269999984e+05
2.777500000000000000e+02 4.831430130005000159e+06 4.635459799800000037e+05
2.780799870000000169e+02 4.831430130005000159e+06 4.635458699950000155e+05
2.781799930000000245e+02 4.831431230011000298e+06 4.635461099849999882e+05
2.782799989999999752e+02 4.831430750000000000e+06 4.635457500000000000e+05
2.781799930000000245e+02 4.831431160004000179e+06 4.635459299929999979e+05
2.781099849999999947e+02 4.831431140014999546e+06 4.635461199950000155e+05
2.781499939999999924e+02 4.831431160004000179e+06 4.635461300049999845e+05
2.781400150000000053e+02 4.831431190001999959e+06 4.635460900269999984e+05
2.780700069999999755e+02 4.831431339995999821e+06 4.635459600220000139e+05
2.781300049999999828e+02 4.831431119994999841e+06 4.635459500119999866e+05
2.783099980000000073e+02 4.831430690001999959e+06 4.635457500000000000e+05
2.777900089999999977e+02 4.831430679992999882e+06 4.635458599849999882e+05
2.781199950000000172e+02 4.831431200012000278e+06 4.635461099849999882e+05
2.781099849999999947e+02 4.831431209990999661e+06 4.635461099849999882e+05
2.781000060000000076e+02 4.831431190001999959e+06 4.635461099849999882e+05
2.781000060000000076e+02 4.831431190001999959e+06 4.635461300049999845e+05
2.781199950000000172e+02 4.831431220000999980e+06 4.635460700070000021e+05
2.781099849999999947e+02 4.831431239989999682e+06 4.635460900269999984e+05
2.781400150000000053e+02 4.831431250000000000e+06 4.635460399779999861e+05
2.777300109999999904e+02 4.831430929992999882e+06 4.635458300169999711e+05
2.777799989999999752e+02 4.831430989989999682e+06 4.635458200070000021e+05
2.781499939999999924e+02 4.831431250000000000e+06 4.635460200199999963e+05
2.781700129999999831e+02 4.831431239989999682e+06 4.635460399779999861e+05
2.781600040000000149e+02 4.831431250000000000e+06 4.635460300290000159e+05
2.781099849999999947e+02 4.831431239989999682e+06 4.635460499880000134e+05
2.781600040000000149e+02 4.831431230011000298e+06 4.635460499880000134e+05
2.781199950000000172e+02 4.831431200012000278e+06 4.635460700070000021e+05
2.778699950000000172e+02 4.831430940001999959e+06 4.635457399899999727e+05
2.781000060000000076e+02 4.831431209990999661e+06 4.635461099849999882e+05
2.781600040000000149e+02 4.831431260010000318e+06 4.635460300290000159e+05
2.781700129999999831e+02 4.831431209990999661e+06 4.635460900269999984e+05
2.781600040000000149e+02 4.831431239989999682e+06 4.635460900269999984e+05
2.777799989999999752e+02 4.831430720000999980e+06 4.635458499760000268e+05
2.781300049999999828e+02 4.831431230011000298e+06 4.635460499880000134e+05
2.780400089999999977e+02 4.831431179992999882e+06 4.635461099849999882e+05
2.780199890000000096e+02 4.831431200012000278e+06 4.635460800169999711e+05
2.777399899999999775e+02 4.831430829986999743e+06 4.635458099979999824e+05
2.781300049999999828e+02 4.831431209990999661e+06 4.635461199950000155e+05
2.780700069999999755e+02 4.831431059998000041e+06 4.635462899779999861e+05
2.784599910000000023e+02 4.831431059998000041e+06 4.635462899779999861e+05
2.784400019999999927e+02 4.831431059998000041e+06 4.635462600100000273e+05
2.784800109999999904e+02 4.831431079986999743e+06 4.635462600100000273e+05
2.783999939999999924e+02 4.831431059998000041e+06 4.635462999880000134e+05
2.780799870000000169e+02 4.831431119994999841e+06 4.635462199709999841e+05
2.780499879999999848e+02 4.831431130005000159e+06 4.635462000119999866e+05
2.784899899999999775e+02 4.831430959990999661e+06 4.635462399899999727e+05
2.779899899999999775e+02 4.831431019988999702e+06 4.635462999880000134e+05
2.784899899999999775e+02 4.831431079986999743e+06 4.635462999880000134e+05
2.781099849999999947e+02 4.831431160004000179e+06 4.635462299800000037e+05
2.780499879999999848e+02 4.831431070007000118e+06 4.635462700199999963e+05
2.783699950000000172e+02 4.831431040009000339e+06 4.635462800290000159e+05
2.783900150000000053e+02 4.831431059998000041e+06 4.635462899779999861e+05
2.783900150000000053e+02 4.831431010010000318e+06 4.635462800290000159e+05
2.784200129999999831e+02 4.831431029999000020e+06 4.635462800290000159e+05
2.780700069999999755e+02 4.831431220000999980e+06 4.635461400150000118e+05
2.785000000000000000e+02 4.831431100006000139e+06 4.635462100220000139e+05
2.780400089999999977e+02 4.831431049987999722e+06 4.635462500000000000e+05
2.783699950000000172e+02 4.831431019988999702e+06 4.635462999880000134e+05
2.784400019999999927e+02 4.831431070007000118e+06 4.635462899779999861e+05
2.784100040000000149e+02 4.831431049987999722e+06 4.635462700199999963e+05
2.784500120000000152e+02 4.831431130005000159e+06 4.635462800290000159e+05
2.784599910000000023e+02 4.831431100006000139e+06 4.635462600100000273e+05
2.783699950000000172e+02 4.831431079986999743e+06 4.635462700199999963e+05
2.783900150000000053e+02 4.831431059998000041e+06 4.635462999880000134e+05
2.781199950000000172e+02 4.831431089995999821e+06 4.635462600100000273e+05
2.780899959999999851e+02 4.831431160004000179e+06 4.635462000119999866e+05
2.784599910000000023e+02 4.831431079986999743e+06 4.635462500000000000e+05
2.781099849999999947e+02 4.831431170013000257e+06 4.635461599730000016e+05
2.780199890000000096e+02 4.831431149993999861e+06 4.635461699830000289e+05
2.780299989999999752e+02 4.831431130005000159e+06 4.635462100220000139e+05
2.779700010000000248e+02 4.831431100006000139e+06 4.635462299800000037e+05
2.784599910000000023e+02 4.831431089995999821e+06 4.635462600100000273e+05
2.783699950000000172e+02 4.831431089995999821e+06 4.635462700199999963e+05
2.780599980000000073e+02 4.831431130005000159e+06 4.635462100220000139e+05
2.780499879999999848e+02 4.831431160004000179e+06 4.635461799929999979e+05
2.780599980000000073e+02 4.831431170013000257e+06 4.635461500239999732e+05
2.784700010000000248e+02 4.831431130005000159e+06 4.635462299800000037e+05
2.784599910000000023e+02 4.831431119994999841e+06 4.635462000119999866e+05
2.780299989999999752e+02 4.831431089995999821e+06 4.635462500000000000e+05
2.780000000000000000e+02 4.831431170013000257e+06 4.635461500239999732e+05
2.780299989999999752e+02 4.831431209990999661e+06 4.635461799929999979e+05
2.780199890000000096e+02 4.831431239989999682e+06 4.635461900020000176e+05
2.780400089999999977e+02 4.831431109985000454e+06 4.635462199709999841e+05
2.780100100000000225e+02 4.831431089995999821e+06 4.635462199709999841e+05
2.780199890000000096e+02 4.831431119994999841e+06 4.635462299800000037e+05
2.780299989999999752e+02 4.831431190001999959e+06 4.635461699830000289e+05
2.784200129999999831e+02 4.831431059998000041e+06 4.635462600100000273e+05
2.783900150000000053e+02 4.831431079986999743e+06 4.635462800290000159e+05
2.784200129999999831e+02 4.831431070007000118e+06 4.635462700199999963e+05
2.783699950000000172e+02 4.831431089995999821e+06 4.635462700199999963e+05
2.783999939999999924e+02 4.831431070007000118e+06 4.635462600100000273e+05
2.783500060000000076e+02 4.831431079986999743e+06 4.635462899779999861e+05
2.783699950000000172e+02 4.831431059998000041e+06 4.635462800290000159e+05
2.780599980000000073e+02 4.831431119994999841e+06 4.635462100220000139e+05
2.785000000000000000e+02 4.831431140014999546e+06 4.635462399899999727e+05
2.780100100000000225e+02 4.831431070007000118e+06 4.635462600100000273e+05
2.783999939999999924e+02 4.831431070007000118e+06 4.635462899779999861e+05
2.783699950000000172e+02 4.831431089995999821e+06 4.635462999880000134e+05
2.784599910000000023e+02 4.831431109985000454e+06 4.635462600100000273e+05
2.784200129999999831e+02 4.831431130005000159e+06 4.635462700199999963e+05
2.783900150000000053e+02 4.831431089995999821e+06 4.635462999880000134e+05
2.784500120000000152e+02 4.831431140014999546e+06 4.635462500000000000e+05
2.783800049999999828e+02 4.831431100006000139e+06 4.635462999880000134e+05
2.784100040000000149e+02 4.831431070007000118e+06 4.635462800290000159e+05
2.780599980000000073e+02 4.831431179992999882e+06 4.635462000119999866e+05
2.780799870000000169e+02 4.831431149993999861e+06 4.635461799929999979e+05
2.780599980000000073e+02 4.831431149993999861e+06 4.635461599730000016e+05
2.781799930000000245e+02 4.831431220000999980e+06 4.635461500239999732e+05
2.784100040000000149e+02 4.831431100006000139e+06 4.635462500000000000e+05
2.780000000000000000e+02 4.831431059998000041e+06 4.635462700199999963e+05
2.780000000000000000e+02 4.831431019988999702e+06 4.635462999880000134e+05
2.779700010000000248e+02 4.831431049987999722e+06 4.635462999880000134e+05
2.779800109999999904e+02 4.831431149993999861e+06 4.635461300049999845e+05
2.780400089999999977e+02 4.831431089995999821e+06 4.635462199709999841e+05
2.780299989999999752e+02 4.831431179992999882e+06 4.635461799929999979e+05
2.780499879999999848e+02 4.831431130005000159e+06 4.635462000119999866e+05
2.783500060000000076e+02 4.831431070007000118e+06 4.635462999880000134e+05
2.783500060000000076e+02 4.831431040009000339e+06 4.635462999880000134e+05
2.782099910000000023e+02 4.831430970000999980e+06 4.635462999880000134e+05
2.780899959999999851e+02 4.831431170013000257e+06 4.635461400150000118e+05
2.781900019999999927e+02 4.831431089995999821e+06 4.635462199709999841e+05
2.784100040000000149e+02 4.831431100006000139e+06 4.635462299800000037e+05
2.784400019999999927e+02 4.831431119994999841e+06 4.635462299800000037e+05
2.784899899999999775e+02 4.831431149993999861e+06 4.635461699830000289e+05
2.783800049999999828e+02 4.831431059998000041e+06 4.635462500000000000e+05
2.783900150000000053e+02 4.831431089995999821e+06 4.635462399899999727e+05
2.779899899999999775e+02 4.831431019988999702e+06 4.635462800290000159e+05
2.784100040000000149e+02 4.831430989989999682e+06 4.635462500000000000e+05
2.784100040000000149e+02 4.831431100006000139e+06 4.635462700199999963e+05
2.783900150000000053e+02 4.831431070007000118e+06 4.635462899779999861e+05
2.784200129999999831e+02 4.831431049987999722e+06 4.635462700199999963e+05
2.784200129999999831e+02 4.831431089995999821e+06 4.635462600100000273e+05
2.783399959999999851e+02 4.831431019988999702e+06 4.635462999880000134e+05
2.783800049999999828e+02 4.831431029999000020e+06 4.635462800290000159e+05
2.783900150000000053e+02 4.831431040009000339e+06 4.635462600100000273e+05
2.780799870000000169e+02 4.831431149993999861e+06 4.635461799929999979e+05
2.780700069999999755e+02 4.831431130005000159e+06 4.635461699830000289e+05
2.780599980000000073e+02 4.831431149993999861e+06 4.635461400150000118e+05
2.784100040000000149e+02 4.831431059998000041e+06 4.635462399899999727e+05
2.784800109999999904e+02 4.831431089995999821e+06 4.635462100220000139e+05
2.784599910000000023e+02 4.831431100006000139e+06 4.635462399899999727e+05
2.784899899999999775e+02 4.831431109985000454e+06 4.635462199709999841e+05
2.783500060000000076e+02 4.831431059998000041e+06 4.635462299800000037e+05
2.782600100000000225e+02 4.831431089995999821e+06 4.635462000119999866e+05
2.781099849999999947e+02 4.831431029999000020e+06 4.635462500000000000e+05
2.785000000000000000e+02 4.831431089995999821e+06 4.635461799929999979e+05
2.780100100000000225e+02 4.831431109985000454e+06 4.635462199709999841e+05
2.779299930000000245e+02 4.831431079986999743e+06 4.635462100220000139e+05
2.779800109999999904e+02 4.831431040009000339e+06 4.635462299800000037e+05
2.784899899999999775e+02 4.831431100006000139e+06 4.635462800290000159e+05
2.782999879999999848e+02 4.831430170013000257e+06 4.635454400020000176e+05
2.783699950000000172e+02 4.831430140014999546e+06 4.635456500239999732e+05
2.782600100000000225e+02 4.831430720000999980e+06 4.635456699830000289e+05
2.783399959999999851e+02 4.831430700012000278e+06 4.635456500239999732e+05
2.778599849999999947e+02 4.831430890014999546e+06 4.635456900020000176e+05
2.782999879999999848e+02 4.831430709990999661e+06 4.635454400020000176e+05
2.783200069999999755e+02 4.831430679992999882e+06 4.635454500119999866e+05
2.783099980000000073e+02 4.831430649993999861e+06 4.635454299929999979e+05
2.783299870000000169e+02 4.831430630005000159e+06 4.635454400020000176e+05
2.782600100000000225e+02 4.831430630005000159e+06 4.635454600220000139e+05
2.782999879999999848e+02 4.831430690001999959e+06 4.635455300290000159e+05
2.783399959999999851e+02 4.831430609985000454e+06 4.635454600220000139e+05
2.782999879999999848e+02 4.831430690001999959e+06 4.635455599979999824e+05
2.783399959999999851e+02 4.831430640014999546e+06 4.635455200199999963e+05
2.783099980000000073e+02 4.831430739989999682e+06 4.635456400150000118e+05
2.782799989999999752e+02 4.831430660004000179e+06 4.635455800169999711e+05
2.782799989999999752e+02 4.831430730011000298e+06 4.635454600220000139e+05
2.783299870000000169e+02 4.831430640014999546e+06 4.635454600220000139e+05
2.783299870000000169e+02 4.831430679992999882e+06 4.635455200199999963e+05
2.783299870000000169e+02 4.831430820007000118e+06 4.635456400150000118e+05
2.782799989999999752e+02 4.831430709990999661e+06 4.635455700070000021e+05
2.782799989999999752e+02 4.831430679992999882e+06 4.635455599979999824e+05
2.783099980000000073e+02 4.831430750000000000e+06 4.635453699950000155e+05
2.783200069999999755e+02 4.831430769988999702e+06 4.635453800049999845e+05
2.782900089999999977e+02 4.831430720000999980e+06 4.635456900020000176e+05
2.782999879999999848e+02 4.831430790009000339e+06 4.635457000119999866e+05
2.783299870000000169e+02 4.831430700012000278e+06 4.635455499880000134e+05
2.783299870000000169e+02 4.831430709990999661e+06 4.635456199950000155e+05
2.783500060000000076e+02 4.831430690001999959e+06 4.635455999760000268e+05
2.783299870000000169e+02 4.831430660004000179e+06 4.635456599730000016e+05
2.782600100000000225e+02 4.831430619994999841e+06 4.635456400150000118e+05
2.783200069999999755e+02 4.831430700012000278e+06 4.635456599730000016e+05
2.783299870000000169e+02 4.831430750000000000e+06 4.635453400269999984e+05
2.783099980000000073e+02 4.831430670013000257e+06 4.635455999760000268e+05
2.783299870000000169e+02 4.831430670013000257e+06 4.635455499880000134e+05
2.782900089999999977e+02 4.831430690001999959e+06 4.635454600220000139e+05
2.783699950000000172e+02 4.831430670013000257e+06 4.635453400269999984e+05
2.783800049999999828e+02 4.831430790009000339e+06 4.635453099979999824e+05
2.783399959999999851e+02 4.831430850006000139e+06 4.635456199950000155e+05
2.783099980000000073e+02 4.831430859985000454e+06 4.635456300049999845e+05
2.783399959999999851e+02 4.831430660004000179e+06 4.635455499880000134e+05
2.782900089999999977e+02 4.831430609985000454e+06 4.635455499880000134e+05
2.782699890000000096e+02 4.831430709990999661e+06 4.635455900269999984e+05
2.782999879999999848e+02 4.831430799987999722e+06 4.635456599730000016e+05
2.783500060000000076e+02 4.831430869994999841e+06 4.635456199950000155e+05
2.783399959999999851e+02 4.831430700012000278e+06 4.635453300169999711e+05
2.783999939999999924e+02 4.831430720000999980e+06 4.635452999880000134e+05
2.783999939999999924e+02 4.831430760010000318e+06 4.635452800290000159e+05
2.783500060000000076e+02 4.831430760010000318e+06 4.635452800290000159e+05
2.783399959999999851e+02 4.831430809998000041e+06 4.635456599730000016e+05
2.782999879999999848e+02 4.831430750000000000e+06 4.635453599849999882e+05
2.784200129999999831e+02 4.831431369994999841e+06 4.635451500239999732e+05
2.782999879999999848e+02 4.831430820007000118e+06 4.635456199950000155e+05
2.784500120000000152e+02 4.831431309998000041e+06 4.635452999880000134e+05
2.782900089999999977e+02 4.831430730011000298e+06 4.635456799929999979e+05
2.782799989999999752e+02 4.831430619994999841e+06 4.635454000239999732e+05
2.783200069999999755e+02 4.831430829986999743e+06 4.635456300049999845e+05
2.782999879999999848e+02 4.831430690001999959e+06 4.635455700070000021e+05
2.782799989999999752e+02 4.831430750000000000e+06 4.635456599730000016e+05
2.783299870000000169e+02 4.831430649993999861e+06 4.635455900269999984e+05
2.783200069999999755e+02 4.831430679992999882e+06 4.635456199950000155e+05
2.783099980000000073e+02 4.831430709990999661e+06 4.635456199950000155e+05
2.783200069999999755e+02 4.831430720000999980e+06 4.635456400150000118e+05
2.783399959999999851e+02 4.831430850006000139e+06 4.635456300049999845e+05
2.782999879999999848e+02 4.831430679992999882e+06 4.635454299929999979e+05
2.783099980000000073e+02 4.831430670013000257e+06 4.635454099730000016e+05
2.783699950000000172e+02 4.831431200012000278e+06 4.635453699950000155e+05
2.783399959999999851e+02 4.831430670013000257e+06 4.635454000239999732e+05
2.783599849999999947e+02 4.831430750000000000e+06 4.635453099979999824e+05
2.782699890000000096e+02 4.831430630005000159e+06 4.635454199830000289e+05
2.783200069999999755e+02 4.831430730011000298e+06 4.635453699950000155e+05
2.783299870000000169e+02 4.831430720000999980e+06 4.635454000239999732e+05
2.782999879999999848e+02 4.831430730011000298e+06 4.635453900150000118e+05
2.782900089999999977e+02 4.831430690001999959e+06 4.635455399779999861e+05
2.783099980000000073e+02 4.831430679992999882e+06 4.635456699830000289e+05
2.783200069999999755e+02 4.831430690001999959e+06 4.635454500119999866e+05
2.783099980000000073e+02 4.831430649993999861e+06 4.635455900269999984e+05
2.783099980000000073e+02 4.831430739989999682e+06 4.635456300049999845e+05
2.783900150000000053e+02 4.831430829986999743e+06 4.635456500239999732e+05
2.783900150000000053e+02 4.831430880005000159e+06 4.635456699830000289e+05
2.783599849999999947e+02 4.831430859985000454e+06 4.635456699830000289e+05
2.782799989999999752e+02 4.831430709990999661e+06 4.635456400150000118e+05
2.782500000000000000e+02 4.831430649993999861e+06 4.635455999760000268e+05
2.783299870000000169e+02 4.831430649993999861e+06 4.635455800169999711e+05
2.782799989999999752e+02 4.831430660004000179e+06 4.635454899899999727e+05
2.783399959999999851e+02 4.831430730011000298e+06 4.635453699950000155e+05
2.783399959999999851e+02 4.831430720000999980e+06 4.635453699950000155e+05
2.782900089999999977e+02 4.831430690001999959e+06 4.635453900150000118e+05
2.783099980000000073e+02 4.831430679992999882e+06 4.635455700070000021e+05
2.783299870000000169e+02 4.831430730011000298e+06 4.635456400150000118e+05
2.783500060000000076e+02 4.831430739989999682e+06 4.635453699950000155e+05
2.783399959999999851e+02 4.831430790009000339e+06 4.635452800290000159e+05
2.782999879999999848e+02 4.831430679992999882e+06 4.635454899899999727e+05
2.782600100000000225e+02 4.831430649993999861e+06 4.635455300290000159e+05
2.783599849999999947e+02 4.831430690001999959e+06 4.635456099849999882e+05
2.783200069999999755e+02 4.831430679992999882e+06 4.635456199950000155e+05
2.782999879999999848e+02 4.831430750000000000e+06 4.635455999760000268e+05
2.782600100000000225e+02 4.831430720000999980e+06 4.635456400150000118e+05
2.783399959999999851e+02 4.831430809998000041e+06 4.635456699830000289e+05
2.783099980000000073e+02 4.831430790009000339e+06 4.635456900020000176e+05
2.783800049999999828e+02 4.831430890014999546e+06 4.635456599730000016e+05
2.783399959999999851e+02 4.831430869994999841e+06 4.635456699830000289e+05
2.782900089999999977e+02 4.831430859985000454e+06 4.635456699830000289e+05
