463548.039978 4831433.450012 277.549988
463548.010010 4831433.529999 277.660004
463547.979980 4831433.519989 277.690002
463548.049988 4831433.440002 277.559998
463548.000000 4831433.529999 277.679993
463548.030029 4831433.519989 277.649994
463548.020020 4831433.510010 277.609985
463548.049988 4831433.470001 277.649994
463548.049988 4831433.480011 277.589996
463548.000000 4831433.329987 277.799988
463548.000000 4831433.480011 277.570007
463548.080017 4831433.029999 277.450012
463548.020020 4831433.309998 277.739990
463547.979980 4831433.470001 277.589996
463547.929993 4831433.510010 277.609985
463547.950012 4831433.529999 277.600006
463548.090027 4831433.299988 277.649994
463548.049988 4831433.299988 277.649994
463547.979980 4831433.440002 277.549988
463547.929993 4831433.529999 277.630005
463547.960022 4831433.500000 277.579987
463547.989990 4831433.329987 277.730011
463547.989990 4831433.320007 277.700012
463548.020020 4831433.359985 277.660004
463548.000000 4831433.309998 277.690002
463548.059998 4831433.390015 277.799988
463547.979980 4831433.279999 277.619995
463548.010010 4831433.309998 277.679993
463548.010010 4831433.299988 277.640015
463547.950012 4831433.209991 277.679993
463548.070007 4831433.369995 277.739990
463548.010010 4831433.279999 277.619995
463547.960022 4831433.500000 277.579987
463547.979980 4831433.470001 277.549988
463547.989990 4831433.279999 277.660004
463547.950012 4831433.480011 277.540009
463548.030029 4831433.279999 277.700012
463548.010010 4831433.299988 277.779999
463548.030029 4831433.260010 277.690002
463547.979980 4831433.480011 277.540009
463548.099976 4831433.049988 277.429993
463548.030029 4831433.350006 277.640015
463548.030029 4831433.329987 277.769989
463548.000000 4831433.350006 277.649994
463548.000000 4831433.390015 277.630005
463547.960022 4831433.459991 277.570007
463548.090027 4831433.239990 277.700012
463548.090027 4831433.010010 277.410004
463548.090027 4831433.029999 277.429993
463548.020020 4831432.929993 277.459991
463547.929993 4831433.489990 277.630005
463547.969971 4831433.410004 277.570007
463547.940002 4831433.440002 277.600006
463547.890015 4831433.519989 277.730011
463548.080017 4831432.929993 277.480011
463547.909973 4831433.529999 277.700012
463547.950012 4831433.519989 277.600006
463547.979980 4831433.510010 277.579987
463548.080017 4831433.329987 277.739990
463547.989990 4831433.489990 277.769989
463548.080017 4831433.320007 277.660004
463548.090027 4831433.420013 277.760010
463547.909973 4831433.519989 277.709991
463548.030029 4831433.480011 277.649994
463548.039978 4831433.320007 277.670013
463547.919983 4831433.540009 277.660004
463547.940002 4831433.540009 277.600006
463547.950012 4831433.559998 277.609985
463547.940002 4831433.540009 277.600006
463547.940002 4831433.549988 277.609985
463547.960022 4831433.559998 277.630005
463547.989990 4831433.549988 277.649994
463547.989990 4831433.559998 277.679993
463547.950012 4831433.630005 277.790009
463547.950012 4831433.630005 277.790009
463547.890015 4831433.649994 277.779999
463547.900024 4831433.570007 277.649994
463547.820007 4831433.670013 277.769989
463547.869995 4831433.640015 277.799988
463547.909973 4831433.589996 277.690002
463547.940002 4831433.570007 277.700012
463547.919983 4831433.649994 277.730011
463547.919983 4831433.570007 277.649994
463547.929993 4831433.589996 277.630005
463547.880005 4831433.660004 277.739990
463547.890015 4831433.640015 277.750000
463547.900024 4831433.619995 277.679993
463547.919983 4831433.579987 277.670013
463547.900024 4831433.600006 277.760010
463547.880005 4831433.630005 277.760010
463547.849976 4831433.570007 277.730011
463547.859985 4831433.600006 277.690002
463547.849976 4831433.630005 277.720001
463547.820007 4831433.640015 277.799988
463547.890015 4831433.619995 277.760010
463547.869995 4831433.559998 277.760010
463547.859985 4831433.579987 277.790009
463547.940002 4831433.579987 277.679993
463547.880005 4831433.589996 277.720001
463547.859985 4831433.600006 277.730011
463547.869995 4831433.619995 277.779999
463547.960022 4831433.570007 277.709991
463547.969971 4831433.559998 277.679993
463547.900024 4831433.649994 277.779999
463547.919983 4831433.640015 277.760010
463547.960022 4831433.589996 277.679993
463547.989990 4831433.579987 277.670013
