2.821000060000000076e+02 4.831432489989999682e+06 4.635459400020000176e+05
2.820299989999999752e+02 4.831432500000000000e+06 4.635459400020000176e+05
2.819599910000000023e+02 4.831432459990999661e+06 4.635459199830000289e+05
2.820400089999999977e+02 4.831432480011000298e+06 4.635459899899999727e+05
2.820199890000000096e+02 4.831432500000000000e+06 4.635458400269999984e+05
2.819400019999999927e+02 4.831432510010000318e+06 4.635457899779999861e+05
2.818200069999999755e+02 4.831432480011000298e+06 4.635455599979999824e+05
2.825299989999999752e+02 4.831432769988999702e+06 4.635456400150000118e+05
2.818900150000000053e+02 4.831432510010000318e+06 4.635458900150000118e+05
2.824599910000000023e+02 4.831432700012000278e+06 4.635454500119999866e+05
2.824599910000000023e+02 4.831432779999000020e+06 4.635455000000000000e+05
2.824400019999999927e+02 4.831432730011000298e+06 4.635454699709999841e+05
2.824599910000000023e+02 4.831432709990999661e+06 4.635454600220000139e+05
2.825100100000000225e+02 4.831432769988999702e+06 4.635456099849999882e+05
2.825100100000000225e+02 4.831432700012000278e+06 4.635456500239999732e+05
2.818500060000000076e+02 4.831432570007000118e+06 4.635457199709999841e+05
2.819400019999999927e+02 4.831432540009000339e+06 4.635457899779999861e+05
2.820899959999999851e+02 4.831432690001999959e+06 4.635456900020000176e+05
2.820599980000000073e+02 4.831432679992999882e+06 4.635457299800000037e+05
2.820599980000000073e+02 4.831432700012000278e+06 4.635456099849999882e+05
2.820700069999999755e+02 4.831432779999000020e+06 4.635457100220000139e+05
2.821099849999999947e+02 4.831432670013000257e+06 4.635456799929999979e+05
2.824200129999999831e+02 4.831432720000999980e+06 4.635454500119999866e+05
2.821099849999999947e+02 4.831432679992999882e+06 4.635456500239999732e+05
2.821099849999999947e+02 4.831432700012000278e+06 4.635456599730000016e+05
2.821099849999999947e+02 4.831432720000999980e+06 4.635456699830000289e+05
2.824899899999999775e+02 4.831432739989999682e+06 4.635455399779999861e+05
2.821900019999999927e+02 4.831432720000999980e+06 4.635456300049999845e+05
2.818599849999999947e+02 4.831432600006000139e+06 4.635458699950000155e+05
2.818699950000000172e+02 4.831432579986999743e+06 4.635458200070000021e+05
2.818800049999999828e+02 4.831432609985000454e+06 4.635457999880000134e+05
2.819899899999999775e+02 4.831432640014999546e+06 4.635457800290000159e+05
2.819899899999999775e+02 4.831432700012000278e+06 4.635457000119999866e+05
2.820299989999999752e+02 4.831432730011000298e+06 4.635457199709999841e+05
2.818900150000000053e+02 4.831432739989999682e+06 4.635457100220000139e+05
2.819400019999999927e+02 4.831432600006000139e+06 4.635457100220000139e+05
2.819599910000000023e+02 4.831432679992999882e+06 4.635457500000000000e+05
2.820199890000000096e+02 4.831432690001999959e+06 4.635456799929999979e+05
2.820700069999999755e+02 4.831432690001999959e+06 4.635456400150000118e+05
2.820799870000000169e+02 4.831432609985000454e+06 4.635458099979999824e+05
2.825100100000000225e+02 4.831432730011000298e+06 4.635454199830000289e+05
2.824800109999999904e+02 4.831432779999000020e+06 4.635455000000000000e+05
2.821900019999999927e+02 4.831432690001999959e+06 4.635455900269999984e+05
2.825000000000000000e+02 4.831432779999000020e+06 4.635455399779999861e+05
2.824599910000000023e+02 4.831432760010000318e+06 4.635455800169999711e+05
2.825299989999999752e+02 4.831432760010000318e+06 4.635455900269999984e+05
2.825100100000000225e+02 4.831432820007000118e+06 4.635455200199999963e+05
2.824299930000000245e+02 4.831432799987999722e+06 4.635455999760000268e+05
2.821099849999999947e+02 4.831432709990999661e+06 4.635455700070000021e+05
2.821400150000000053e+02 4.831432690001999959e+06 4.635455599979999824e+05
2.821099849999999947e+02 4.831432670013000257e+06 4.635456400150000118e+05
2.818299870000000169e+02 4.831432640014999546e+06 4.635456900020000176e+05
2.818399959999999851e+02 4.831432619994999841e+06 4.635456699830000289e+05
2.818800049999999828e+02 4.831432589995999821e+06 4.635457100220000139e+05
2.818800049999999828e+02 4.831432589995999821e+06 4.635457600100000273e+05
2.820199890000000096e+02 4.831432630005000159e+06 4.635457600100000273e+05
2.820100100000000225e+02 4.831432570007000118e+06 4.635457299800000037e+05
2.819500120000000152e+02 4.831432529999000020e+06 4.635457800290000159e+05
2.819899899999999775e+02 4.831432700012000278e+06 4.635457000119999866e+05
2.820000000000000000e+02 4.831432679992999882e+06 4.635456900020000176e+05
2.819500120000000152e+02 4.831432640014999546e+06 4.635457399899999727e+05
2.818099980000000073e+02 4.831432570007000118e+06 4.635457600100000273e+05
2.818900150000000053e+02 4.831432529999000020e+06 4.635458099979999824e+05
2.820400089999999977e+02 4.831432700012000278e+06 4.635456500239999732e+05
2.818200069999999755e+02 4.831432640014999546e+06 4.635456699830000289e+05
2.820299989999999752e+02 4.831432670013000257e+06 4.635457399899999727e+05
2.818200069999999755e+02 4.831432600006000139e+06 4.635457399899999727e+05
2.818599849999999947e+02 4.831432579986999743e+06 4.635457399899999727e+05
2.820599980000000073e+02 4.831432529999000020e+06 4.635458400269999984e+05
2.820799870000000169e+02 4.831432600006000139e+06 4.635458200070000021e+05
2.820799870000000169e+02 4.831432609985000454e+06 4.635458200070000021e+05
2.820899959999999851e+02 4.831432609985000454e+06 4.635458099979999824e+05
2.820599980000000073e+02 4.831432630005000159e+06 4.635458200070000021e+05
2.821000060000000076e+02 4.831432609985000454e+06 4.635458099979999824e+05
2.820799870000000169e+02 4.831432630005000159e+06 4.635458099979999824e+05
2.820499879999999848e+02 4.831432649993999861e+06 4.635458200070000021e+05
2.820700069999999755e+02 4.831432660004000179e+06 4.635457399899999727e+05
2.820799870000000169e+02 4.831432670013000257e+06 4.635457399899999727e+05
2.820799870000000169e+02 4.831432670013000257e+06 4.635457399899999727e+05
2.820899959999999851e+02 4.831432679992999882e+06 4.635457199709999841e+05
2.820499879999999848e+02 4.831432619994999841e+06 4.635457700199999963e+05
2.820599980000000073e+02 4.831432670013000257e+06 4.635456799929999979e+05
2.820599980000000073e+02 4.831432660004000179e+06 4.635457500000000000e+05
2.821000060000000076e+02 4.831432649993999861e+06 4.635457199709999841e+05
2.821499939999999924e+02 4.831432649993999861e+06 4.635457199709999841e+05
2.821900019999999927e+02 4.831432670013000257e+06 4.635457100220000139e+05
2.821600040000000149e+02 4.831432679992999882e+06 4.635457199709999841e+05
2.821300049999999828e+02 4.831432670013000257e+06 4.635456500239999732e+05
2.821199950000000172e+02 4.831432690001999959e+06 4.635456699830000289e+05
2.825000000000000000e+02 4.831432750000000000e+06 4.635456699830000289e+05
2.824200129999999831e+02 4.831432730011000298e+06 4.635456599730000016e+05
2.821600040000000149e+02 4.831432679992999882e+06 4.635456199950000155e+05
2.821400150000000053e+02 4.831432700012000278e+06 4.635456400150000118e+05
2.824800109999999904e+02 4.831432779999000020e+06 4.635456599730000016e+05
2.825199890000000096e+02 4.831432790009000339e+06 4.635456099849999882e+05
2.824299930000000245e+02 4.831432760010000318e+06 4.635455999760000268e+05
2.825000000000000000e+02 4.831432790009000339e+06 4.635455599979999824e+05
2.825299989999999752e+02 4.831432820007000118e+06 4.635455599979999824e+05
2.825100100000000225e+02 4.831432750000000000e+06 4.635456099849999882e+05
2.824899899999999775e+02 4.831432769988999702e+06 4.635456199950000155e+05
2.821700129999999831e+02 4.831432670013000257e+06 4.635456699830000289e+05
2.821199950000000172e+02 4.831432660004000179e+06 4.635456799929999979e+05
2.821700129999999831e+02 4.831432700012000278e+06 4.635456099849999882e+05
2.819599910000000023e+02 4.831432519988999702e+06 4.635458499760000268e+05
2.819700010000000248e+02 4.831432559998000041e+06 4.635458800049999845e+05
2.820000000000000000e+02 4.831432559998000041e+06 4.635458699950000155e+05
2.819299930000000245e+02 4.831432559998000041e+06 4.635458599849999882e+05
2.819599910000000023e+02 4.831432549987999722e+06 4.635458300169999711e+05
2.818500060000000076e+02 4.831432559998000041e+06 4.635458300169999711e+05
2.819700010000000248e+02 4.831432559998000041e+06 4.635458099979999824e+05
2.818399959999999851e+02 4.831432589995999821e+06 4.635458200070000021e+05
2.820199890000000096e+02 4.831432559998000041e+06 4.635458099979999824e+05
2.819500120000000152e+02 4.831432549987999722e+06 4.635457999880000134e+05
2.820100100000000225e+02 4.831432559998000041e+06 4.635458099979999824e+05
2.819400019999999927e+02 4.831432549987999722e+06 4.635457999880000134e+05
2.818299870000000169e+02 4.831432589995999821e+06 4.635458300169999711e+05
2.818099980000000073e+02 4.831432609985000454e+06 4.635458400269999984e+05
2.820100100000000225e+02 4.831432589995999821e+06 4.635458099979999824e+05
2.819299930000000245e+02 4.831432579986999743e+06 4.635457999880000134e+05
2.818500060000000076e+02 4.831432589995999821e+06 4.635458099979999824e+05
2.820299989999999752e+02 4.831432619994999841e+06 4.635458200070000021e+05
2.819200129999999831e+02 4.831432589995999821e+06 4.635457999880000134e+05
2.818299870000000169e+02 4.831432579986999743e+06 4.635457800290000159e+05
2.818099980000000073e+02 4.831432589995999821e+06 4.635457999880000134e+05
2.820199890000000096e+02 4.831432640014999546e+06 4.635458300169999711e+05
2.818699950000000172e+02 4.831432579986999743e+06 4.635457800290000159e+05
2.818299870000000169e+02 4.831432579986999743e+06 4.635457899779999861e+05
2.820400089999999977e+02 4.831432609985000454e+06 4.635458099979999824e+05
2.820199890000000096e+02 4.831432619994999841e+06 4.635458200070000021e+05
2.818800049999999828e+02 4.831432570007000118e+06 4.635457800290000159e+05
2.818399959999999851e+02 4.831432579986999743e+06 4.635457899779999861e+05
2.818099980000000073e+02 4.831432589995999821e+06 4.635457899779999861e+05
2.819100040000000149e+02 4.831432600006000139e+06 4.635457800290000159e+05
2.820100100000000225e+02 4.831432619994999841e+06 4.635457700199999963e+05
2.819200129999999831e+02 4.831432600006000139e+06 4.635457500000000000e+05
2.818299870000000169e+02 4.831432589995999821e+06 4.635457399899999727e+05
2.820299989999999752e+02 4.831432640014999546e+06 4.635457700199999963e+05
2.819200129999999831e+02 4.831432600006000139e+06 4.635457500000000000e+05
2.818699950000000172e+02 4.831432609985000454e+06 4.635457500000000000e+05
2.819800109999999904e+02 4.831432619994999841e+06 4.635457600100000273e+05
2.818800049999999828e+02 4.831432600006000139e+06 4.635457500000000000e+05
2.820100100000000225e+02 4.831432649993999861e+06 4.635457500000000000e+05
2.819400019999999927e+02 4.831432640014999546e+06 4.635457500000000000e+05
2.820100100000000225e+02 4.831432660004000179e+06 4.635457399899999727e+05
2.820400089999999977e+02 4.831432709990999661e+06 4.635457700199999963e+05
2.819800109999999904e+02 4.831432640014999546e+06 4.635457199709999841e+05
2.820299989999999752e+02 4.831432709990999661e+06 4.635457700199999963e+05
2.819899899999999775e+02 4.831432649993999861e+06 4.635457199709999841e+05
2.820299989999999752e+02 4.831432700012000278e+06 4.635457600100000273e+05
2.819599910000000023e+02 4.831432690001999959e+06 4.635457500000000000e+05
2.820400089999999977e+02 4.831432679992999882e+06 4.635457100220000139e+05
2.820299989999999752e+02 4.831432640014999546e+06 4.635457899779999861e+05
2.819899899999999775e+02 4.831432649993999861e+06 4.635457999880000134e+05
2.818500060000000076e+02 4.831432579986999743e+06 4.635457800290000159e+05
2.818200069999999755e+02 4.831432600006000139e+06 4.635457899779999861e+05
2.820199890000000096e+02 4.831432679992999882e+06 4.635456900020000176e+05
2.819299930000000245e+02 4.831432690001999959e+06 4.635457100220000139e+05
2.819500120000000152e+02 4.831432570007000118e+06 4.635458300169999711e+05
2.820000000000000000e+02 4.831432660004000179e+06 4.635457700199999963e+05
2.819299930000000245e+02 4.831432630005000159e+06 4.635457800290000159e+05
2.819899899999999775e+02 4.831432660004000179e+06 4.635457199709999841e+05
2.819700010000000248e+02 4.831432690001999959e+06 4.635457399899999727e+05
2.818200069999999755e+02 4.831432609985000454e+06 4.635457399899999727e+05
2.818599849999999947e+02 4.831432570007000118e+06 4.635456400150000118e+05
2.818399959999999851e+02 4.831432589995999821e+06 4.635456599730000016e+05
2.821700129999999831e+02 4.831432709990999661e+06 4.635455300290000159e+05
2.824599910000000023e+02 4.831432790009000339e+06 4.635455000000000000e+05
2.821799930000000245e+02 4.831432619994999841e+06 4.635455000000000000e+05
2.821499939999999924e+02 4.831432570007000118e+06 4.635454400020000176e+05
2.821600040000000149e+02 4.831432660004000179e+06 4.635455200199999963e+05
2.819899899999999775e+02 4.831432549987999722e+06 4.635457299800000037e+05
2.819899899999999775e+02 4.831432570007000118e+06 4.635457199709999841e+05
2.818500060000000076e+02 4.831432630005000159e+06 4.635456099849999882e+05
2.824599910000000023e+02 4.831432739989999682e+06 4.635454500119999866e+05
2.825199890000000096e+02 4.831432850006000139e+06 4.635455499880000134e+05
2.824700010000000248e+02 4.831432720000999980e+06 4.635454500119999866e+05
2.822399899999999775e+02 4.831432730011000298e+06 4.635456599730000016e+05
2.818800049999999828e+02 4.831432589995999821e+06 4.635456300049999845e+05
2.818900150000000053e+02 4.831432559998000041e+06 4.635457999880000134e+05
2.824200129999999831e+02 4.831432730011000298e+06 4.635456699830000289e+05
2.824800109999999904e+02 4.831432739989999682e+06 4.635455700070000021e+05
2.824599910000000023e+02 4.831432670013000257e+06 4.635454299929999979e+05
2.822399899999999775e+02 4.831432730011000298e+06 4.635456599730000016e+05
2.820400089999999977e+02 4.831432510010000318e+06 4.635459099730000016e+05
2.820700069999999755e+02 4.831432660004000179e+06 4.635458099979999824e+05
2.820700069999999755e+02 4.831432679992999882e+06 4.635456799929999979e+05
2.821199950000000172e+02 4.831432670013000257e+06 4.635457800290000159e+05
2.821600040000000149e+02 4.831432730011000298e+06 4.635457299800000037e+05
2.825199890000000096e+02 4.831432820007000118e+06 4.635455499880000134e+05
2.824800109999999904e+02 4.831432850006000139e+06 4.635455499880000134e+05
2.824400019999999927e+02 4.831432839995999821e+06 4.635455800169999711e+05
2.825000000000000000e+02 4.831432850006000139e+06 4.635455800169999711e+05
2.825199890000000096e+02 4.831432839995999821e+06 4.635455999760000268e+05
2.824299930000000245e+02 4.831432820007000118e+06 4.635455800169999711e+05
2.824700010000000248e+02 4.831432809998000041e+06 4.635455999760000268e+05
2.824899899999999775e+02 4.831432820007000118e+06 4.635455100100000273e+05
2.821199950000000172e+02 4.831432679992999882e+06 4.635457100220000139e+05
2.819500120000000152e+02 4.831432720000999980e+06 4.635457899779999861e+05
2.819700010000000248e+02 4.831432750000000000e+06 4.635457800290000159e+05
2.819599910000000023e+02 4.831432679992999882e+06 4.635457299800000037e+05
2.818900150000000053e+02 4.831432750000000000e+06 4.635457600100000273e+05
2.819599910000000023e+02 4.831432619994999841e+06 4.635457299800000037e+05
2.820000000000000000e+02 4.831432589995999821e+06 4.635457999880000134e+05
2.819400019999999927e+02 4.831432559998000041e+06 4.635458200070000021e+05
2.818800049999999828e+02 4.831432529999000020e+06 4.635458400269999984e+05
2.819500120000000152e+02 4.831432690001999959e+06 4.635457299800000037e+05
2.818299870000000169e+02 4.831432640014999546e+06 4.635457500000000000e+05
2.818999939999999924e+02 4.831432640014999546e+06 4.635457700199999963e+05
2.820000000000000000e+02 4.831432660004000179e+06 4.635457999880000134e+05
2.818099980000000073e+02 4.831432649993999861e+06 4.635458200070000021e+05
2.820700069999999755e+02 4.831432619994999841e+06 4.635458300169999711e+05
2.820899959999999851e+02 4.831432690001999959e+06 4.635457800290000159e+05
2.824800109999999904e+02 4.831432709990999661e+06 4.635456799929999979e+05
2.825000000000000000e+02 4.831432709990999661e+06 4.635456300049999845e+05
2.824400019999999927e+02 4.831432769988999702e+06 4.635456099849999882e+05
2.824200129999999831e+02 4.831432750000000000e+06 4.635456300049999845e+05
2.821099849999999947e+02 4.831432640014999546e+06 4.635458200070000021e+05
2.824500120000000152e+02 4.831432820007000118e+06 4.635454799800000037e+05
2.823900150000000053e+02 4.831432820007000118e+06 4.635454400020000176e+05
2.824899899999999775e+02 4.831432820007000118e+06 4.635455100100000273e+05
2.824700010000000248e+02 4.831432820007000118e+06 4.635454199830000289e+05
2.824599910000000023e+02 4.831432839995999821e+06 4.635454400020000176e+05
2.824800109999999904e+02 4.831432790009000339e+06 4.635454699709999841e+05
2.824599910000000023e+02 4.831432760010000318e+06 4.635454500119999866e+05
2.824899899999999775e+02 4.831432790009000339e+06 4.635453599849999882e+05
2.824100040000000149e+02 4.831432779999000020e+06 4.635454099730000016e+05
2.825199890000000096e+02 4.831432730011000298e+06 4.635453800049999845e+05
2.824800109999999904e+02 4.831432790009000339e+06 4.635454699709999841e+05
2.824700010000000248e+02 4.831432859985000454e+06 4.635454199830000289e+05
2.825000000000000000e+02 4.831432790009000339e+06 4.635453800049999845e+05
2.825000000000000000e+02 4.831432820007000118e+06 4.635454899899999727e+05
2.824800109999999904e+02 4.831432839995999821e+06 4.635454299929999979e+05
2.824400019999999927e+02 4.831432869994999841e+06 4.635454299929999979e+05
2.825199890000000096e+02 4.831432709990999661e+06 4.635454000239999732e+05
2.824400019999999927e+02 4.831432750000000000e+06 4.635454000239999732e+05
2.823999939999999924e+02 4.831432779999000020e+06 4.635454099730000016e+05
2.825199890000000096e+02 4.831432700012000278e+06 4.635453800049999845e+05
2.825299989999999752e+02 4.831432839995999821e+06 4.635454199830000289e+05
2.824800109999999904e+02 4.831432790009000339e+06 4.635454000239999732e+05
2.824800109999999904e+02 4.831432850006000139e+06 4.635454500119999866e+05
