463545.630005 4831431.410004 282.309998
463545.630005 4831431.399994 282.269989
463546.080017 4831431.290009 282.209991
463546.109985 4831431.369995 282.230011
463546.070007 4831431.339996 282.209991
463546.130005 4831431.489990 282.220001
463546.119995 4831431.459991 282.260010
463546.119995 4831431.339996 282.239990
463546.109985 4831431.399994 282.179993
463546.130005 4831431.420013 282.170013
463546.119995 4831431.450012 282.260010
463546.099976 4831431.410004 282.179993
463546.099976 4831431.410004 282.230011
463546.090027 4831431.390015 282.260010
463546.099976 4831431.339996 282.170013
463546.119995 4831431.339996 282.290009
463546.099976 4831431.410004 282.190002
463546.109985 4831431.369995 282.179993
463545.609985 4831431.320007 282.040009
463546.119995 4831431.440002 282.250000
463546.109985 4831431.359985 282.260010
463546.090027 4831431.339996 282.250000
463546.109985 4831431.299988 282.250000
463546.109985 4831431.329987 282.209991
463546.109985 4831431.399994 282.239990
463546.119995 4831431.299988 282.179993
463546.049988 4831431.410004 282.209991
463546.090027 4831431.380005 282.279999
463546.059998 4831431.339996 282.269989
463546.159973 4831431.329987 282.260010
463546.150024 4831431.299988 282.179993
463546.150024 4831431.369995 282.250000
463546.169983 4831431.410004 282.230011
463546.140015 4831431.369995 282.230011
463546.140015 4831431.369995 282.170013
463546.130005 4831431.329987 282.269989
463546.150024 4831431.350006 282.290009
463546.150024 4831431.450012 282.179993
463546.179993 4831431.329987 282.260010
463546.169983 4831431.320007 282.200012
463546.130005 4831431.290009 282.220001
463546.159973 4831431.390015 282.209991
463546.140015 4831431.459991 282.170013
463545.780029 4831431.549988 282.700012
463545.880005 4831431.750000 282.040009
463545.710022 4831431.529999 282.779999
463545.719971 4831431.519989 282.769989
463546.190002 4831431.529999 282.209991
463545.979980 4831430.399994 282.089996
463546.020020 4831430.420013 282.100006
463545.979980 4831430.410004 282.119995
463545.859985 4831430.390015 283.089996
463546.010010 4831430.420013 282.390015
463545.900024 4831430.440002 282.790009
463545.950012 4831430.390015 282.309998
463545.940002 4831430.399994 282.359985
463546.010010 4831430.410004 282.010010
463546.070007 4831430.369995 282.089996
463546.090027 4831430.329987 282.059998
463546.080017 4831430.359985 282.089996
463546.070007 4831430.339996 282.070007
463546.109985 4831430.309998 282.100006
463545.989990 4831430.450012 282.200012
463545.979980 4831430.429993 282.179993
463546.020020 4831430.399994 282.140015
463546.070007 4831430.350006 282.299988
463546.080017 4831430.350006 282.230011
463546.080017 4831430.339996 282.179993
463546.090027 4831430.339996 282.109985
463546.010010 4831430.429993 282.190002
463546.020020 4831430.440002 282.130005
463546.030029 4831430.350006 282.559998
463546.039978 4831430.359985 282.440002
463546.049988 4831430.380005 282.350006
463546.109985 4831430.380005 282.279999
463546.090027 4831430.369995 282.260010
463546.090027 4831430.369995 282.200012
463546.090027 4831430.369995 282.140015
463546.090027 4831430.359985 282.100006
463545.840027 4831430.459991 282.269989
463546.030029 4831430.369995 282.549988
463546.020020 4831430.369995 282.500000
463546.020020 4831430.380005 282.440002
463546.010010 4831430.380005 282.380005
463546.059998 4831430.380005 282.450012
463546.049988 4831430.369995 282.420013
463546.039978 4831430.369995 282.369995
463546.010010 4831430.399994 282.119995
463546.080017 4831430.359985 282.350006
463546.080017 4831430.369995 282.290009
463546.059998 4831430.369995 282.239990
463546.059998 4831430.380005 282.179993
463546.049988 4831430.369995 282.149994
463546.090027 4831430.369995 282.119995
463546.099976 4831430.329987 282.010010
463546.090027 4831430.359985 282.029999
463546.130005 4831430.339996 282.040009
463546.109985 4831430.320007 282.010010
463546.000000 4831430.390015 282.070007
463546.000000 4831430.399994 282.109985
463545.940002 4831430.459991 282.119995
463545.859985 4831430.399994 283.019989
463545.869995 4831430.410004 283.079987
463546.070007 4831430.320007 282.200012
463546.000000 4831430.390015 282.010010
463545.960022 4831430.420013 282.130005
463545.909973 4831430.459991 282.230011
463545.950012 4831430.459991 282.160004
463545.950012 4831430.459991 282.200012
463545.979980 4831430.399994 282.109985
463545.940002 4831430.459991 282.140015
463545.940002 4831430.410004 282.350006
463546.070007 4831430.269989 282.200012
463545.869995 4831430.459991 282.440002
463545.859985 4831430.410004 283.070007
463545.940002 4831430.459991 282.320007
463545.950012 4831430.459991 282.450012
463545.929993 4831430.429993 282.450012
463545.919983 4831430.459991 282.380005
463545.940002 4831430.450012 282.200012
463546.049988 4831430.359985 282.089996
463546.000000 4831430.410004 282.089996
463545.989990 4831430.459991 282.100006
463546.049988 4831430.350006 282.100006
463545.940002 4831430.459991 282.760010
463545.880005 4831430.459991 282.910004
463545.890015 4831430.459991 282.859985
463545.900024 4831430.459991 282.799988
463545.969971 4831430.459991 282.200012
463545.979980 4831430.450012 282.140015
463546.070007 4831430.369995 282.170013
463546.049988 4831430.369995 282.119995
463545.890015 4831430.450012 282.769989
463546.039978 4831430.390015 282.130005
463546.049988 4831430.390015 282.179993
463546.049988 4831430.410004 282.170013
463546.000000 4831430.459991 282.010010
463545.890015 4831430.459991 282.230011
463545.979980 4831430.399994 282.119995
463546.010010 4831430.390015 282.239990
463546.099976 4831430.350006 282.200012
463546.080017 4831430.350006 282.290009
463545.869995 4831430.429993 282.839996
463545.919983 4831430.420013 282.390015
463545.940002 4831430.410004 282.260010
463545.940002 4831430.429993 282.320007
463545.960022 4831430.429993 282.350006
463545.840027 4831430.399994 283.100006
463545.869995 4831430.369995 283.019989
463545.880005 4831430.299988 283.089996
463545.880005 4831430.059998 282.019989
463545.919983 4831430.459991 282.079987
463546.099976 4831430.350006 282.329987
463545.940002 4831430.459991 282.119995
463545.830017 4831430.440002 282.989990
463545.849976 4831430.380005 282.829987
463546.010010 4831430.390015 282.079987
463545.919983 4831430.359985 283.049988
463545.969971 4831430.380005 282.500000
463545.979980 4831430.380005 282.369995
463545.890015 4831430.339996 283.079987
463545.880005 4831430.350006 283.070007
463545.919983 4831430.329987 283.100006
463545.890015 4831430.350006 283.140015
463545.890015 4831430.339996 283.070007
463545.890015 4831430.359985 283.140015
463545.890015 4831430.359985 283.070007
463545.890015 4831430.369995 283.049988
463546.059998 4831430.350006 282.489990
463545.969971 4831430.399994 282.519989
463545.979980 4831430.429993 282.510010
463546.020020 4831430.390015 282.019989
463546.039978 4831430.380005 282.010010
463545.880005 4831430.519989 282.260010
463545.789978 4831430.890015 282.309998
463546.080017 4831431.269989 282.179993
463545.830017 4831430.529999 282.799988
463545.880005 4831430.519989 282.399994
463545.880005 4831430.510010 282.339996
463545.929993 4831430.470001 282.269989
463545.820007 4831430.609985 282.600006
463545.809998 4831430.600006 282.390015
463545.869995 4831430.489990 282.470001
463545.900024 4831430.540009 282.320007
463545.940002 4831430.510010 282.290009
463545.979980 4831430.480011 282.200012
463545.820007 4831430.500000 282.899994
463545.770020 4831430.600006 282.399994
463545.859985 4831430.519989 282.859985
463545.820007 4831430.600006 282.459991
463545.809998 4831430.579987 282.429993
463545.890015 4831430.500000 282.250000
463545.929993 4831430.510010 282.239990
463545.929993 4831430.529999 282.160004
463545.940002 4831430.489990 282.170013
463545.969971 4831430.480011 282.160004
463545.960022 4831430.470001 282.119995
463545.780029 4831430.809998 282.200012
463545.770020 4831430.820007 282.250000
463545.739990 4831430.869995 282.239990
463545.750000 4831430.579987 282.380005
463545.789978 4831430.890015 282.309998
463545.880005 4831430.500000 282.170013
463546.109985 4831430.820007 282.679993
463545.820007 4831430.470001 282.850006
463545.840027 4831430.489990 282.829987
463545.880005 4831430.489990 282.559998
463545.859985 4831430.480011 282.519989
463545.880005 4831430.480011 282.480011
463545.900024 4831430.480011 282.399994
463545.940002 4831430.470001 282.149994
463545.840027 4831430.500000 282.519989
463545.869995 4831430.480011 282.410004
463545.900024 4831430.480011 282.320007
463545.919983 4831430.480011 282.250000
463545.859985 4831430.480011 282.450012
463545.890015 4831430.470001 282.339996
463545.909973 4831430.480011 282.279999
463545.849976 4831430.470001 282.519989
463545.869995 4831430.489990 282.480011
463545.900024 4831430.480011 282.390015
463545.849976 4831430.480011 282.510010
463545.880005 4831430.480011 282.429993
463545.909973 4831430.480011 282.339996
463545.859985 4831430.489990 282.519989
463545.890015 4831430.489990 282.440002
463545.840027 4831430.489990 282.459991
463545.869995 4831430.480011 282.359985
463545.900024 4831430.480011 282.269989
463545.780029 4831430.589996 282.260010
463545.799988 4831430.470001 282.089996
463545.739990 4831430.950012 282.299988
463545.729980 4831430.609985 282.450012
463545.739990 4831430.899994 282.230011
463545.890015 4831430.510010 282.190002
463545.960022 4831430.500000 282.339996
463545.960022 4831430.480011 282.450012
463545.880005 4831431.019989 282.959991
463545.739990 4831430.929993 282.279999
463545.960022 4831431.019989 282.929993
463545.760010 4831430.890015 282.140015
463545.739990 4831430.600006 282.299988
463545.890015 4831430.489990 282.440002
463545.900024 4831430.480011 282.500000
463545.900024 4831430.470001 282.549988
463545.919983 4831430.470001 282.320007
463545.940002 4831430.480011 282.109985
463545.950012 4831430.470001 282.179993
463545.760010 4831430.910004 282.049988
463545.739990 4831430.869995 282.019989
463545.780029 4831430.829987 282.029999
463545.770020 4831430.730011 282.029999
463545.780029 4831430.839996 282.029999
463545.830017 4831430.850006 282.089996
463545.820007 4831430.899994 282.070007
463545.950012 4831430.489990 282.179993
463545.900024 4831430.500000 282.160004
463545.809998 4831430.890015 282.209991
463545.809998 4831430.890015 282.160004
463545.760010 4831430.950012 282.230011
463545.969971 4831430.510010 282.429993
463545.969971 4831430.470001 282.260010
463545.940002 4831430.470001 282.109985
463545.929993 4831430.519989 282.190002
463545.900024 4831430.519989 282.200012
463545.909973 4831430.529999 282.170013
463545.880005 4831430.529999 282.170013
463545.869995 4831430.529999 282.170013
463545.820007 4831430.570007 282.619995
463545.849976 4831430.559998 282.220001
463545.799988 4831430.559998 282.329987
463545.809998 4831430.570007 282.279999
463545.760010 4831430.589996 282.380005
463545.770020 4831430.609985 282.359985
463545.760010 4831430.940002 282.350006
463545.750000 4831430.890015 282.230011
463545.770020 4831430.920013 282.209991
463545.849976 4831430.519989 283.040009
463545.869995 4831430.500000 282.970001
463545.880005 4831430.480011 282.899994
463545.890015 4831430.489990 282.859985
463545.840027 4831430.519989 283.049988
463545.849976 4831430.500000 282.980011
463545.869995 4831430.489990 282.929993
463545.880005 4831430.480011 282.880005
463545.890015 4831430.470001 282.820007
463545.849976 4831430.500000 283.010010
463545.859985 4831430.500000 282.959991
463545.869995 4831430.480011 282.890015
463545.890015 4831430.480011 282.839996
463545.859985 4831430.519989 282.989990
463545.869995 4831430.489990 282.899994
463545.880005 4831430.489990 282.859985
463545.849976 4831430.510010 283.019989
463545.869995 4831430.510010 282.980011
463545.880005 4831430.489990 282.910004
463545.890015 4831430.480011 282.850006
463545.859985 4831430.500000 283.000000
463545.849976 4831430.519989 283.010010
463545.869995 4831430.489990 282.920013
463545.880005 4831430.489990 282.869995
463545.849976 4831430.540009 282.980011
463545.859985 4831430.489990 282.880005
463545.869995 4831430.480011 282.829987
463545.890015 4831430.480011 282.779999
463545.849976 4831430.519989 282.970001
463545.859985 4831430.500000 282.899994
463545.869995 4831430.489990 282.850006
463545.880005 4831430.470001 282.790009
463545.849976 4831430.500000 282.929993
463545.869995 4831430.489990 282.859985
463545.880005 4831430.480011 282.809998
463545.900024 4831430.500000 282.559998
463545.919983 4831430.519989 282.540009
463545.929993 4831430.519989 282.489990
463545.909973 4831430.459991 282.309998
463545.919983 4831430.470001 282.269989
463545.929993 4831430.480011 282.230011
463545.940002 4831430.480011 282.190002
463545.960022 4831430.489990 282.170013
463545.909973 4831430.489990 282.109985
463545.859985 4831430.559998 282.149994
463545.789978 4831430.839996 282.079987
463545.789978 4831430.859985 282.070007
463545.869995 4831430.480011 282.899994
463546.119995 4831431.290009 282.179993
463545.750000 4831430.890015 282.140015
463545.719971 4831430.920013 282.410004
463545.859985 4831430.790009 282.010010
463545.859985 4831430.609985 282.049988
463545.770020 4831430.869995 282.100006
463545.789978 4831430.829987 282.260010
463545.789978 4831430.820007 282.170013
463545.820007 4831430.720001 282.119995
463545.780029 4831430.750000 282.220001
463546.109985 4831431.269989 282.140015
463546.130005 4831431.250000 282.160004
463546.039978 4831431.279999 282.230011
463546.070007 4831431.200012 282.179993
463545.770020 4831430.579987 282.350006
463545.799988 4831430.570007 282.299988
463545.849976 4831430.570007 282.269989
463545.900024 4831430.489990 282.429993
463545.919983 4831430.489990 282.470001
463545.940002 4831430.480011 282.500000
463545.750000 4831430.660004 282.579987
463545.929993 4831430.500000 282.429993
463545.950012 4831430.480011 282.399994
463545.830017 4831430.570007 282.250000
463545.869995 4831430.519989 282.160004
463545.900024 4831430.489990 282.130005
463545.729980 4831430.980011 282.209991
463545.780029 4831431.070007 282.380005
463545.799988 4831430.890015 282.040009
463545.760010 4831430.980011 282.049988
463546.059998 4831431.260010 282.220001
463545.760010 4831430.829987 282.109985
463545.729980 4831430.839996 282.130005
463545.809998 4831430.839996 282.079987
463545.760010 4831430.920013 282.070007
463545.820007 4831430.559998 282.940002
463545.840027 4831430.549988 282.920013
463545.809998 4831430.839996 282.160004
463545.780029 4831430.850006 282.309998
463545.750000 4831430.859985 282.190002
463545.820007 4831430.549988 282.320007
463545.830017 4831430.779999 282.019989
463545.750000 4831430.940002 282.049988
463546.140015 4831430.369995 282.109985
463546.140015 4831430.279999 282.350006
463546.140015 4831430.279999 282.410004
463546.140015 4831430.290009 282.429993
463546.140015 4831430.260010 282.339996
463546.150024 4831430.320007 282.369995
463546.140015 4831431.279999 282.160004
463545.469971 4831430.049988 283.179993
463545.659973 4831430.660004 282.519989
463545.669983 4831430.660004 282.500000
463545.260010 4831430.730011 282.750000
463545.489990 4831431.029999 283.230011
463545.710022 4831430.950012 282.200012
463545.690002 4831430.630005 282.470001
463545.710022 4831430.609985 282.380005
463545.669983 4831430.670013 282.399994
463545.679993 4831430.670013 282.470001
463545.710022 4831430.630005 282.390015
463545.679993 4831430.670013 282.399994
463545.479980 4831431.049988 283.220001
463545.679993 4831430.579987 282.459991
463545.469971 4831430.730011 282.899994
