463545.010010 4831430.059998 279.820007
463544.969971 4831430.109985 279.929993
463545.030029 4831430.059998 279.859985
463545.020020 4831430.040009 279.829987
463544.969971 4831430.089996 279.839996
463545.000000 4831430.089996 279.790009
463545.020020 4831430.059998 279.850006
463545.000000 4831429.920013 280.369995
463544.979980 4831429.929993 280.279999
463544.969971 4831429.679993 280.549988
463544.909973 4831429.649994 280.529999
463544.869995 4831429.630005 280.510010
463544.880005 4831429.640015 280.579987
463545.020020 4831429.600006 280.480011
463544.900024 4831429.579987 280.510010
463545.049988 4831429.630005 280.440002
463544.909973 4831429.649994 280.540009
463544.950012 4831429.880005 280.100006
463545.049988 4831429.760010 280.510010
463545.030029 4831429.869995 280.190002
463545.010010 4831429.809998 280.410004
463545.020020 4831429.880005 280.190002
463545.010010 4831429.720001 280.510010
463545.010010 4831429.739990 280.459991
463545.000000 4831429.779999 280.380005
463544.979980 4831429.850006 280.200012
463544.830017 4831429.899994 280.130005
463544.940002 4831429.970001 279.829987
463544.770020 4831429.989990 280.250000
463544.919983 4831429.880005 280.079987
463545.030029 4831429.829987 280.160004
463544.950012 4831429.709991 280.769989
463544.900024 4831429.880005 280.170013
463544.880005 4831429.869995 280.119995
463544.929993 4831429.890015 280.109985
463544.989990 4831429.890015 279.950012
463544.859985 4831429.760010 280.059998
463544.989990 4831429.880005 280.250000
463544.809998 4831429.940002 280.170013
463544.989990 4831429.869995 280.250000
463544.950012 4831429.950012 279.839996
463544.900024 4831429.880005 279.869995
463544.940002 4831429.950012 279.829987
463544.960022 4831429.970001 279.839996
463544.969971 4831429.980011 279.890015
463544.960022 4831429.970001 279.820007
463544.950012 4831429.880005 280.089996
463544.979980 4831429.850006 280.220001
463545.010010 4831429.799988 280.399994
463544.989990 4831429.779999 280.390015
463544.950012 4831429.940002 279.829987
463544.929993 4831429.899994 279.799988
463544.909973 4831429.880005 279.829987
463544.890015 4831429.850006 279.869995
463544.859985 4831429.829987 279.910004
463544.859985 4831429.799988 279.970001
463544.969971 4831429.940002 279.850006
463545.010010 4831430.010010 279.769989
463544.979980 4831429.970001 279.820007
463544.770020 4831429.709991 280.049988
463544.849976 4831429.649994 280.489990
463544.979980 4831429.829987 280.339996
463544.969971 4831429.859985 280.329987
463544.979980 4831429.869995 280.320007
463544.969971 4831429.829987 280.320007
463544.979980 4831429.859985 280.339996
463544.909973 4831429.660004 280.489990
463544.900024 4831429.660004 280.549988
463544.849976 4831429.660004 280.519989
463544.969971 4831429.829987 280.410004
463544.979980 4831429.850006 280.380005
463544.940002 4831429.880005 280.290009
463544.950012 4831429.910004 280.309998
463544.950012 4831429.850006 280.350006
463544.960022 4831429.869995 280.350006
463544.940002 4831429.899994 280.209991
463544.919983 4831430.000000 279.779999
463544.940002 4831429.880005 280.079987
463544.929993 4831429.890015 280.160004
463544.929993 4831429.929993 279.790009
463544.789978 4831429.700012 279.910004
463544.830017 4831429.779999 279.980011
463544.809998 4831429.750000 279.970001
463544.890015 4831429.970001 279.829987
463544.950012 4831429.970001 279.769989
463544.940002 4831429.950012 279.779999
463544.950012 4831429.980011 279.760010
463544.940002 4831429.959991 279.799988
463544.929993 4831429.950012 279.839996
463545.000000 4831429.839996 280.320007
463545.020020 4831429.720001 280.549988
463545.010010 4831429.809998 280.459991
463544.989990 4831429.869995 280.350006
463544.969971 4831429.890015 280.279999
463544.950012 4831429.940002 280.149994
463544.789978 4831429.679993 279.929993
463544.840027 4831429.750000 279.970001
463544.859985 4831429.769989 279.980011
463544.979980 4831429.940002 279.760010
463544.940002 4831429.970001 279.899994
463544.960022 4831429.989990 279.880005
463544.950012 4831429.980011 279.820007
463544.979980 4831430.019989 279.769989
463544.780029 4831429.950012 280.260010
463544.929993 4831429.910004 280.190002
463544.950012 4831429.890015 280.279999
463544.909973 4831429.899994 280.170013
463544.919983 4831429.910004 280.170013
463544.919983 4831429.910004 280.170013
463544.929993 4831429.989990 279.790009
463544.919983 4831430.010010 279.769989
463544.929993 4831430.059998 279.820007
463544.969971 4831430.059998 279.839996
463544.830017 4831429.820007 279.910004
463544.830017 4831429.779999 279.920013
463544.820007 4831429.760010 279.929993
463544.820007 4831429.730011 279.940002
463544.809998 4831429.720001 279.910004
463544.909973 4831429.940002 279.839996
463544.940002 4831429.970001 279.859985
463544.989990 4831429.769989 280.399994
463544.919983 4831429.950012 279.820007
463544.880005 4831429.829987 279.760010
463544.979980 4831429.839996 280.410004
463545.000000 4831429.829987 280.410004
463544.979980 4831429.929993 280.190002
463544.989990 4831429.910004 280.239990
463544.840027 4831429.640015 280.579987
463544.909973 4831429.690002 280.500000
463545.000000 4831429.769989 280.489990
463545.020020 4831429.760010 280.519989
463545.000000 4831429.850006 280.399994
463544.820007 4831429.760010 279.970001
463544.869995 4831429.869995 279.890015
463544.909973 4831429.929993 279.809998
463544.799988 4831429.690002 279.890015
463544.809998 4831429.730011 279.899994
463544.830017 4831429.750000 279.820007
463544.799988 4831429.709991 280.010010
463544.929993 4831429.980011 279.910004
463544.960022 4831429.970001 279.850006
463544.789978 4831429.959991 280.239990
463544.919983 4831430.010010 279.890015
463544.929993 4831429.920013 279.799988
463544.909973 4831429.929993 279.859985
463544.950012 4831429.899994 279.799988
463544.919983 4831429.950012 279.809998
463544.909973 4831429.970001 279.850006
463545.010010 4831429.790009 280.410004
463545.010010 4831429.829987 280.309998
463544.989990 4831429.869995 280.160004
463544.859985 4831429.829987 279.910004
463544.950012 4831429.940002 279.890015
463544.929993 4831429.959991 279.899994
463544.950012 4831429.950012 279.859985
463544.960022 4831429.950012 279.820007
463544.960022 4831429.959991 279.859985
463544.760010 4831429.679993 279.980011
463544.809998 4831429.700012 280.029999
463544.770020 4831429.649994 280.000000
463544.650024 4831429.500000 279.799988
463544.109985 4831429.880005 280.640015
463544.669983 4831429.820007 279.820007
463544.409973 4831430.049988 280.149994
463544.409973 4831429.760010 280.640015
463544.270020 4831429.739990 280.559998
463544.159973 4831429.829987 280.670013
463544.739990 4831429.950012 280.220001
463544.580017 4831429.959991 280.320007
463544.729980 4831429.959991 280.209991
463544.690002 4831429.829987 280.149994
463544.580017 4831430.000000 280.230011
