2.790899959999999851e+02 4.831434399993999861e+06 4.635470200199999963e+05
2.792200010000000248e+02 4.831434519988999702e+06 4.635468400269999984e+05
2.791000060000000076e+02 4.831434390014999546e+06 4.635470100100000273e+05
2.791099849999999947e+02 4.831434410004000179e+06 4.635469600220000139e+05
2.791099849999999947e+02 4.831434420013000257e+06 4.635469400020000176e+05
2.791199950000000172e+02 4.831434429992999882e+06 4.635469400020000176e+05
2.791099849999999947e+02 4.831434429992999882e+06 4.635469299929999979e+05
2.791199950000000172e+02 4.831434450012000278e+06 4.635469099730000016e+05
2.792399899999999775e+02 4.831434529999000020e+06 4.635468099979999824e+05
2.791099849999999947e+02 4.831434500000000000e+06 4.635468599849999882e+05
2.791400150000000053e+02 4.831434450012000278e+06 4.635469400020000176e+05
2.791000060000000076e+02 4.831434399993999861e+06 4.635469899899999727e+05
2.791600040000000149e+02 4.831434450012000278e+06 4.635468599849999882e+05
2.791400150000000053e+02 4.831434429992999882e+06 4.635469199830000289e+05
2.791000060000000076e+02 4.831434390014999546e+06 4.635469699709999841e+05
2.792000120000000152e+02 4.831434519988999702e+06 4.635468400269999984e+05
2.791400150000000053e+02 4.831434480011000298e+06 4.635468900150000118e+05
2.791099849999999947e+02 4.831434429992999882e+06 4.635469400020000176e+05
2.790499879999999848e+02 4.831434380005000159e+06 4.635470499880000134e+05
2.791199950000000172e+02 4.831434470000999980e+06 4.635469400020000176e+05
2.791499939999999924e+02 4.831434470000999980e+06 4.635469099730000016e+05
2.791499939999999924e+02 4.831434470000999980e+06 4.635468900150000118e+05
2.791700129999999831e+02 4.831434500000000000e+06 4.635469099730000016e+05
2.791700129999999831e+02 4.831434510010000318e+06 4.635468800049999845e+05
2.791700129999999831e+02 4.831434500000000000e+06 4.635468699950000155e+05
2.791700129999999831e+02 4.831434519988999702e+06 4.635468699950000155e+05
2.792000120000000152e+02 4.831434529999000020e+06 4.635468300169999711e+05
2.791199950000000172e+02 4.831434489989999682e+06 4.635469299929999979e+05
2.792000120000000152e+02 4.831434519988999702e+06 4.635468400269999984e+05
2.791199950000000172e+02 4.831434480011000298e+06 4.635469000239999732e+05
2.792000120000000152e+02 4.831434519988999702e+06 4.635468699950000155e+05
2.791600040000000149e+02 4.831434529999000020e+06 4.635468599849999882e+05
2.791099849999999947e+02 4.831434480011000298e+06 4.635469199830000289e+05
2.790299989999999752e+02 4.831434470000999980e+06 4.635469000239999732e+05
2.791300049999999828e+02 4.831434529999000020e+06 4.635468599849999882e+05
2.791199950000000172e+02 4.831434529999000020e+06 4.635469000239999732e+05
2.791900019999999927e+02 4.831434500000000000e+06 4.635468300169999711e+05
2.791400150000000053e+02 4.831434420013000257e+06 4.635469600220000139e+05
2.791799930000000245e+02 4.831434510010000318e+06 4.635468499760000268e+05
2.791499939999999924e+02 4.831434489989999682e+06 4.635468900150000118e+05
2.792000120000000152e+02 4.831434500000000000e+06 4.635469099730000016e+05
2.791199950000000172e+02 4.831434450012000278e+06 4.635469099730000016e+05
2.791000060000000076e+02 4.831434450012000278e+06 4.635469400020000176e+05
2.791000060000000076e+02 4.831434410004000179e+06 4.635469799800000037e+05
2.791000060000000076e+02 4.831434410004000179e+06 4.635470000000000000e+05
2.792000120000000152e+02 4.831434540009000339e+06 4.635468800049999845e+05
2.791300049999999828e+02 4.831434500000000000e+06 4.635468900150000118e+05
2.791400150000000053e+02 4.831434480011000298e+06 4.635469400020000176e+05
2.791400150000000053e+02 4.831434489989999682e+06 4.635469099730000016e+05
2.791900019999999927e+02 4.831434540009000339e+06 4.635468300169999711e+05
2.791199950000000172e+02 4.831434459990999661e+06 4.635469199830000289e+05
2.791300049999999828e+02 4.831434489989999682e+06 4.635469199830000289e+05
2.792099910000000023e+02 4.831434549987999722e+06 4.635468200070000021e+05
2.791099849999999947e+02 4.831434459990999661e+06 4.635469199830000289e+05
2.791199950000000172e+02 4.831434480011000298e+06 4.635469199830000289e+05
2.791799930000000245e+02 4.831434519988999702e+06 4.635469000239999732e+05
2.791600040000000149e+02 4.831434450012000278e+06 4.635469400020000176e+05
2.791499939999999924e+02 4.831434440001999959e+06 4.635469699709999841e+05
2.791199950000000172e+02 4.831434410004000179e+06 4.635470100100000273e+05
2.791099849999999947e+02 4.831434399993999861e+06 4.635470399779999861e+05
2.791000060000000076e+02 4.831434390014999546e+06 4.635470700070000021e+05
2.792000120000000152e+02 4.831434529999000020e+06 4.635468599849999882e+05
2.792300109999999904e+02 4.831434519988999702e+06 4.635468699950000155e+05
2.792000120000000152e+02 4.831434500000000000e+06 4.635469000239999732e+05
2.791400150000000053e+02 4.831434489989999682e+06 4.635469400020000176e+05
2.792099910000000023e+02 4.831434519988999702e+06 4.635468699950000155e+05
2.792099910000000023e+02 4.831434510010000318e+06 4.635468900150000118e+05
2.791900019999999927e+02 4.831434489989999682e+06 4.635469199830000289e+05
2.791499939999999924e+02 4.831434470000999980e+06 4.635469400020000176e+05
2.791400150000000053e+02 4.831434459990999661e+06 4.635469699709999841e+05
2.791099849999999947e+02 4.831434410004000179e+06 4.635470399779999861e+05
2.790799870000000169e+02 4.831434390014999546e+06 4.635470700070000021e+05
2.792099910000000023e+02 4.831434540009000339e+06 4.635468699950000155e+05
2.792099910000000023e+02 4.831434529999000020e+06 4.635469000239999732e+05
2.791700129999999831e+02 4.831434500000000000e+06 4.635469199830000289e+05
2.791499939999999924e+02 4.831434470000999980e+06 4.635469600220000139e+05
2.792300109999999904e+02 4.831434540009000339e+06 4.635468699950000155e+05
2.792200010000000248e+02 4.831434529999000020e+06 4.635468900150000118e+05
2.792500000000000000e+02 4.831434549987999722e+06 4.635468400269999984e+05
2.792399899999999775e+02 4.831434529999000020e+06 4.635468599849999882e+05
2.792200010000000248e+02 4.831434519988999702e+06 4.635468800049999845e+05
2.792099910000000023e+02 4.831434510010000318e+06 4.635469000239999732e+05
2.791799930000000245e+02 4.831434480011000298e+06 4.635469400020000176e+05
2.791600040000000149e+02 4.831434470000999980e+06 4.635469600220000139e+05
2.791499939999999924e+02 4.831434450012000278e+06 4.635469799800000037e+05
2.791199950000000172e+02 4.831434429992999882e+06 4.635470300290000159e+05
2.791000060000000076e+02 4.831434410004000179e+06 4.635470499880000134e+05
2.790899959999999851e+02 4.831434390014999546e+06 4.635470800169999711e+05
2.790799870000000169e+02 4.831434380005000159e+06 4.635470999760000268e+05
2.793299870000000169e+02 4.831434420013000257e+06 4.635473800049999845e+05
2.793900150000000053e+02 4.831434500000000000e+06 4.635475499880000134e+05
2.793399959999999851e+02 4.831434429992999882e+06 4.635474199830000289e+05
2.793299870000000169e+02 4.831434500000000000e+06 4.635474000239999732e+05
2.793299870000000169e+02 4.831434450012000278e+06 4.635474000239999732e+05
2.793399959999999851e+02 4.831434420013000257e+06 4.635473800049999845e+05
2.793399959999999851e+02 4.831434429992999882e+06 4.635473499760000268e+05
2.793900150000000053e+02 4.831434399993999861e+06 4.635474000239999732e+05
2.793800049999999828e+02 4.831434529999000020e+06 4.635474699709999841e+05
2.793599849999999947e+02 4.831434420013000257e+06 4.635473900150000118e+05
2.793999939999999924e+02 4.831434440001999959e+06 4.635474000239999732e+05
2.785899959999999851e+02 4.831434429992999882e+06 4.635474000239999732e+05
2.793399959999999851e+02 4.831434399993999861e+06 4.635473499760000268e+05
2.793299870000000169e+02 4.831434429992999882e+06 4.635473499760000268e+05
2.793399959999999851e+02 4.831434369994999841e+06 4.635473800049999845e+05
2.793399959999999851e+02 4.831434459990999661e+06 4.635473800049999845e+05
2.793099980000000073e+02 4.831434369994999841e+06 4.635474799800000037e+05
2.785400089999999977e+02 4.831434420013000257e+06 4.635473400269999984e+05
2.785700069999999755e+02 4.831434420013000257e+06 4.635473499760000268e+05
2.792999879999999848e+02 4.831434470000999980e+06 4.635474099730000016e+05
2.793999939999999924e+02 4.831434470000999980e+06 4.635474299929999979e+05
2.793200069999999755e+02 4.831434429992999882e+06 4.635473800049999845e+05
2.793200069999999755e+02 4.831434489989999682e+06 4.635474299929999979e+05
2.793099980000000073e+02 4.831434390014999546e+06 4.635474899899999727e+05
2.793299870000000169e+02 4.831434410004000179e+06 4.635474000239999732e+05
2.793599849999999947e+02 4.831434420013000257e+06 4.635474500119999866e+05
2.793699950000000172e+02 4.831434380005000159e+06 4.635474400020000176e+05
2.793999939999999924e+02 4.831434480011000298e+06 4.635473900150000118e+05
2.793999939999999924e+02 4.831434450012000278e+06 4.635474199830000289e+05
2.793999939999999924e+02 4.831434489989999682e+06 4.635475300290000159e+05
2.791600040000000149e+02 4.831434570007000118e+06 4.635468499760000268e+05
2.792200010000000248e+02 4.831434619994999841e+06 4.635468200070000021e+05
2.791700129999999831e+02 4.831434579986999743e+06 4.635468499760000268e+05
2.797500000000000000e+02 4.831434649993999861e+06 4.635475200199999963e+05
2.797399899999999775e+02 4.831434609985000454e+06 4.635474799800000037e+05
2.797399899999999775e+02 4.831434709990999661e+06 4.635475100100000273e+05
2.797000120000000152e+02 4.831434700012000278e+06 4.635475399779999861e+05
2.793999939999999924e+02 4.831434570007000118e+06 4.635473800049999845e+05
2.793999939999999924e+02 4.831434619994999841e+06 4.635475300290000159e+05
2.797300109999999904e+02 4.831434750000000000e+06 4.635474699709999841e+05
2.797500000000000000e+02 4.831434640014999546e+06 4.635474500119999866e+05
2.797000120000000152e+02 4.831434799987999722e+06 4.635474899899999727e+05
2.797000120000000152e+02 4.831434769988999702e+06 4.635475399779999861e+05
2.797200010000000248e+02 4.831434700012000278e+06 4.635475300290000159e+05
2.791600040000000149e+02 4.831433899993999861e+06 4.635471199950000155e+05
2.792300109999999904e+02 4.831433880005000159e+06 4.635470700070000021e+05
2.791499939999999924e+02 4.831433890014999546e+06 4.635471400150000118e+05
2.792399899999999775e+02 4.831433910004000179e+06 4.635470999760000268e+05
2.791300049999999828e+02 4.831434100006000139e+06 4.635471599730000016e+05
2.791600040000000149e+02 4.831434100006000139e+06 4.635471099849999882e+05
2.791099849999999947e+02 4.831434109985000454e+06 4.635471400150000118e+05
2.792300109999999904e+02 4.831433890014999546e+06 4.635471400150000118e+05
2.792200010000000248e+02 4.831433899993999861e+06 4.635471199950000155e+05
2.792399899999999775e+02 4.831433880005000159e+06 4.635471099849999882e+05
2.791700129999999831e+02 4.831434070007000118e+06 4.635471500239999732e+05
2.792000120000000152e+02 4.831433920013000257e+06 4.635471500239999732e+05
2.792099910000000023e+02 4.831433890014999546e+06 4.635471400150000118e+05
2.791799930000000245e+02 4.831434010010000318e+06 4.635471400150000118e+05
2.791300049999999828e+02 4.831434119994999841e+06 4.635471400150000118e+05
2.792500000000000000e+02 4.831433910004000179e+06 4.635471400150000118e+05
2.792000120000000152e+02 4.831433910004000179e+06 4.635471500239999732e+05
2.791600040000000149e+02 4.831433890014999546e+06 4.635470300290000159e+05
2.791199950000000172e+02 4.831433890014999546e+06 4.635470399779999861e+05
2.790299989999999752e+02 4.831434059998000041e+06 4.635471300049999845e+05
2.791099849999999947e+02 4.831433970000999980e+06 4.635471199950000155e+05
2.790400089999999977e+02 4.831434029999000020e+06 4.635471400150000118e+05
2.791799930000000245e+02 4.831433880005000159e+06 4.635470800169999711e+05
2.792399899999999775e+02 4.831433880005000159e+06 4.635470700070000021e+05
2.790499879999999848e+02 4.831434089995999821e+06 4.635471300049999845e+05
2.791600040000000149e+02 4.831433929992999882e+06 4.635471300049999845e+05
2.788299870000000169e+02 4.831433910004000179e+06 4.635473400269999984e+05
2.792099910000000023e+02 4.831433929992999882e+06 4.635471799929999979e+05
2.791000060000000076e+02 4.831434130005000159e+06 4.635471699830000289e+05
2.790299989999999752e+02 4.831434119994999841e+06 4.635471599730000016e+05
2.791900019999999927e+02 4.831433929992999882e+06 4.635471900020000176e+05
2.792399899999999775e+02 4.831433899993999861e+06 4.635471599730000016e+05
2.787000120000000152e+02 4.831433890014999546e+06 4.635473900150000118e+05
2.791099849999999947e+02 4.831434079986999743e+06 4.635471599730000016e+05
2.791900019999999927e+02 4.831433950012000278e+06 4.635471799929999979e+05
2.792300109999999904e+02 4.831433940001999959e+06 4.635471699830000289e+05
2.790599980000000073e+02 4.831434140014999546e+06 4.635471699830000289e+05
2.790799870000000169e+02 4.831434130005000159e+06 4.635471599730000016e+05
2.791700129999999831e+02 4.831434119994999841e+06 4.635471799929999979e+05
2.791700129999999831e+02 4.831433929992999882e+06 4.635471599730000016e+05
2.791900019999999927e+02 4.831433970000999980e+06 4.635471900020000176e+05
2.791300049999999828e+02 4.831433970000999980e+06 4.635471799929999979e+05
2.791799930000000245e+02 4.831433940001999959e+06 4.635471699830000289e+05
2.791900019999999927e+02 4.831433989989999682e+06 4.635472000119999866e+05
2.791600040000000149e+02 4.831434130005000159e+06 4.635471599730000016e+05
2.792000120000000152e+02 4.831433989989999682e+06 4.635471799929999979e+05
2.790100100000000225e+02 4.831434100006000139e+06 4.635471599730000016e+05
2.791900019999999927e+02 4.831433940001999959e+06 4.635472100220000139e+05
2.791900019999999927e+02 4.831433970000999980e+06 4.635472000119999866e+05
2.791199950000000172e+02 4.831434140014999546e+06 4.635474000239999732e+05
2.790599980000000073e+02 4.831434160004000179e+06 4.635472100220000139e+05
2.791400150000000053e+02 4.831433899993999861e+06 4.635473300169999711e+05
2.790199890000000096e+02 4.831434160004000179e+06 4.635472600100000273e+05
2.790499879999999848e+02 4.831434130005000159e+06 4.635472500000000000e+05
2.790000000000000000e+02 4.831434079986999743e+06 4.635472500000000000e+05
2.790499879999999848e+02 4.831434109985000454e+06 4.635472100220000139e+05
2.790499879999999848e+02 4.831434070007000118e+06 4.635472000119999866e+05
2.791700129999999831e+02 4.831434040009000339e+06 4.635471900020000176e+05
2.791499939999999924e+02 4.831434049987999722e+06 4.635471799929999979e+05
2.790599980000000073e+02 4.831434070007000118e+06 4.635472199709999841e+05
2.792500000000000000e+02 4.831433899993999861e+06 4.635472000119999866e+05
2.791600040000000149e+02 4.831433910004000179e+06 4.635472399899999727e+05
2.790799870000000169e+02 4.831434149993999861e+06 4.635472000119999866e+05
2.791000060000000076e+02 4.831434119994999841e+06 4.635472000119999866e+05
2.790899959999999851e+02 4.831434119994999841e+06 4.635472000119999866e+05
2.790899959999999851e+02 4.831434130005000159e+06 4.635472100220000139e+05
2.790499879999999848e+02 4.831434149993999861e+06 4.635472100220000139e+05
2.790199890000000096e+02 4.831434140014999546e+06 4.635471799929999979e+05
2.791700129999999831e+02 4.831433880005000159e+06 4.635472100220000139e+05
2.792000120000000152e+02 4.831433920013000257e+06 4.635471799929999979e+05
2.791700129999999831e+02 4.831433910004000179e+06 4.635471900020000176e+05
2.790299989999999752e+02 4.831434179992999882e+06 4.635472800290000159e+05
2.790400089999999977e+02 4.831434140014999546e+06 4.635472399899999727e+05
2.789500120000000152e+02 4.831434149993999861e+06 4.635471500239999732e+05
2.790000000000000000e+02 4.831434250000000000e+06 4.635470499880000134e+05
2.792900089999999977e+02 4.831434320007000118e+06 4.635474299929999979e+05
2.793399959999999851e+02 4.831434339995999821e+06 4.635473599849999882e+05
2.787000120000000152e+02 4.831434230011000298e+06 4.635475300290000159e+05
2.793399959999999851e+02 4.831434320007000118e+06 4.635474099730000016e+05
2.792799989999999752e+02 4.831434329986999743e+06 4.635474199830000289e+05
2.790899959999999851e+02 4.831434179992999882e+06 4.635472199709999841e+05
2.790100100000000225e+02 4.831434170013000257e+06 4.635472199709999841e+05
2.789700010000000248e+02 4.831434140014999546e+06 4.635471799929999979e+05
2.793099980000000073e+02 4.831434260010000318e+06 4.635474699709999841e+05
2.792399899999999775e+02 4.831434269988999702e+06 4.635474899899999727e+05
2.790100100000000225e+02 4.831434190001999959e+06 4.635472399899999727e+05
2.790100100000000225e+02 4.831434160004000179e+06 4.635472000119999866e+05
2.793200069999999755e+02 4.831434350006000139e+06 4.635473900150000118e+05
2.793299870000000169e+02 4.831434299987999722e+06 4.635474000239999732e+05
2.793099980000000073e+02 4.831434290009000339e+06 4.635474199830000289e+05
2.792699890000000096e+02 4.831434329986999743e+06 4.635473599849999882e+05
2.792999879999999848e+02 4.831434359985000454e+06 4.635474199830000289e+05
2.787000120000000152e+02 4.831434260010000318e+06 4.635475499880000134e+05
2.792999879999999848e+02 4.831434320007000118e+06 4.635474400020000176e+05
2.793500060000000076e+02 4.831434279999000020e+06 4.635474199830000289e+05
2.793299870000000169e+02 4.831434290009000339e+06 4.635474000239999732e+05
2.793500060000000076e+02 4.831434299987999722e+06 4.635473800049999845e+05
2.793500060000000076e+02 4.831434320007000118e+06 4.635474500119999866e+05
2.792900089999999977e+02 4.831434279999000020e+06 4.635474299929999979e+05
2.793299870000000169e+02 4.831434320007000118e+06 4.635474199830000289e+05
2.792900089999999977e+02 4.831434339995999821e+06 4.635474699709999841e+05
