463546.760010 4831432.470001 278.200012
463546.900024 4831432.429993 277.769989
463546.789978 4831432.470001 278.260010
463546.780029 4831432.450012 278.230011
463546.799988 4831432.440002 278.260010
463546.830017 4831432.440002 278.290009
463546.859985 4831432.450012 278.299988
463546.859985 4831432.470001 278.299988
463546.760010 4831432.459991 278.049988
463546.760010 4831432.450012 278.179993
463546.840027 4831432.440002 277.799988
463546.789978 4831432.470001 277.989990
463546.780029 4831432.459991 277.880005
463546.809998 4831432.470001 277.829987
463546.729980 4831432.459991 278.070007
463546.719971 4831432.459991 278.100006
463546.750000 4831432.459991 278.119995
463546.710022 4831432.500000 278.200012
463546.729980 4831432.480011 278.140015
463546.700012 4831432.440002 278.109985
463546.760010 4831432.440002 278.010010
463546.840027 4831432.429993 277.760010
463546.750000 4831432.480011 278.049988
463546.780029 4831432.480011 278.010010
463546.770020 4831432.459991 278.029999
463546.789978 4831432.459991 277.989990
463546.809998 4831432.440002 277.859985
463546.809998 4831432.440002 277.929993
463546.840027 4831432.429993 277.750000
463546.840027 4831432.429993 277.820007
463546.789978 4831432.480011 277.980011
463546.780029 4831432.459991 278.000000
463546.830017 4831432.470001 277.899994
463546.809998 4831432.450012 277.910004
463546.840027 4831432.450012 277.820007
463546.869995 4831432.429993 277.739990
463546.900024 4831432.450012 277.529999
463546.909973 4831432.429993 277.660004
463546.760010 4831432.500000 278.059998
463546.750000 4831432.500000 278.119995
463546.880005 4831432.429993 277.730011
463546.890015 4831432.440002 277.679993
463546.840027 4831432.440002 277.869995
463546.840027 4831432.450012 277.839996
463546.849976 4831432.459991 277.790009
463546.849976 4831432.470001 277.750000
463546.770020 4831432.470001 277.950012
463546.909973 4831432.429993 277.500000
463546.830017 4831432.450012 277.850006
463546.830017 4831432.450012 277.799988
463546.840027 4831432.450012 277.760010
463546.859985 4831432.480011 277.750000
463546.770020 4831432.500000 278.010010
463546.770020 4831432.489990 277.950012
463546.830017 4831432.470001 277.859985
463546.840027 4831432.440002 277.769989
463546.869995 4831432.440002 277.660004
463546.750000 4831432.500000 278.109985
463546.770020 4831432.459991 277.950012
463546.820007 4831432.450012 277.750000
463546.750000 4831432.429993 277.829987
463546.799988 4831432.470001 277.959991
463546.820007 4831432.459991 277.829987
463546.809998 4831432.440002 277.859985
463546.820007 4831432.440002 277.920013
463546.849976 4831432.450012 277.750000
463546.849976 4831432.440002 277.799988
463546.880005 4831432.429993 277.709991
463546.719971 4831432.489990 278.149994
463546.750000 4831432.489990 278.100006
463546.869995 4831432.450012 278.290009
463546.750000 4831432.489990 278.100006
463546.859985 4831432.429993 277.769989
463546.789978 4831432.489990 277.980011
463546.840027 4831432.459991 277.829987
463546.849976 4831432.459991 277.750000
463546.880005 4831432.440002 277.739990
463546.900024 4831432.440002 277.670013
463546.750000 4831432.459991 278.089996
463546.729980 4831432.459991 278.179993
463546.750000 4831432.440002 278.140015
463546.719971 4831432.450012 278.160004
463546.799988 4831432.489990 278.070007
463546.789978 4831432.500000 278.130005
463546.890015 4831432.440002 277.839996
463546.880005 4831432.429993 277.750000
463546.940002 4831432.429993 277.649994
463546.700012 4831432.519989 278.179993
463546.909973 4831432.980011 278.299988
463546.719971 4831432.519989 278.200012
463546.729980 4831432.519989 278.200012
463546.710022 4831432.529999 278.200012
463546.719971 4831432.519989 278.160004
463546.630005 4831432.570007 278.079987
463546.890015 4831433.000000 278.299988
463546.929993 4831432.980011 278.299988
463546.929993 4831433.000000 278.299988
463546.929993 4831433.019989 278.299988
463546.940002 4831433.000000 278.299988
463546.940002 4831433.010010 278.299988
463546.710022 4831432.519989 278.109985
463546.750000 4831432.510010 278.230011
