463547.150024 4831433.380005 278.570007
463548.000000 4831433.190002 278.190002
463548.000000 4831433.149994 278.200012
463547.419983 4831433.359985 278.790009
463548.090027 4831433.290009 277.970001
463548.049988 4831433.140015 278.230011
463548.059998 4831433.160004 278.140015
463547.969971 4831433.540009 277.959991
463548.070007 4831433.500000 278.089996
463547.929993 4831433.170013 278.279999
463548.099976 4831433.339996 277.839996
463548.090027 4831433.410004 277.899994
463548.030029 4831433.250000 278.059998
463547.260010 4831433.470001 278.579987
463547.989990 4831433.140015 278.290009
463548.080017 4831433.529999 278.160004
463547.979980 4831433.200012 278.170013
463548.030029 4831433.239990 277.940002
463548.020020 4831433.220001 277.869995
463547.950012 4831433.489990 277.920013
463547.960022 4831433.519989 277.890015
463547.190002 4831433.440002 278.600006
463547.950012 4831433.190002 278.369995
463547.969971 4831433.200012 278.329987
463547.169983 4831433.429993 278.619995
463548.080017 4831433.410004 277.869995
463548.090027 4831433.359985 277.850006
463547.960022 4831433.269989 278.079987
463547.969971 4831433.269989 278.059998
463547.979980 4831433.260010 278.070007
463547.989990 4831433.260010 278.049988
463547.919983 4831433.239990 278.089996
463547.229980 4831433.429993 278.510010
463547.950012 4831433.190002 278.209991
463547.929993 4831433.170013 278.250000
463547.940002 4831433.190002 278.250000
463547.950012 4831433.190002 278.200012
463547.950012 4831433.190002 278.260010
463547.950012 4831433.190002 278.239990
463547.960022 4831433.190002 278.230011
463547.960022 4831433.179993 278.290009
463547.960022 4831433.179993 278.369995
463547.969971 4831433.179993 278.269989
463547.969971 4831433.179993 278.339996
463547.969971 4831433.170013 278.420013
463547.989990 4831433.160004 278.390015
463547.979980 4831433.140015 278.410004
463547.280029 4831433.440002 278.540009
463548.099976 4831433.359985 277.820007
463548.090027 4831433.359985 277.880005
463548.000000 4831433.529999 278.029999
463547.969971 4831433.290009 278.049988
463548.039978 4831433.399994 277.859985
463547.979980 4831433.279999 278.000000
463548.000000 4831433.299988 278.010010
463547.989990 4831433.279999 278.040009
463548.010010 4831433.299988 277.850006
463548.010010 4831433.299988 278.000000
463548.000000 4831433.279999 278.029999
463548.010010 4831433.309998 277.869995
463548.010010 4831433.290009 277.970001
463548.000000 4831433.279999 278.019989
463547.989990 4831433.260010 278.049988
463548.010010 4831433.279999 278.010010
463548.000000 4831433.250000 278.010010
463548.090027 4831433.390015 277.899994
463547.960022 4831433.519989 277.959991
463548.080017 4831433.529999 278.029999
463548.090027 4831433.380005 277.890015
463547.969971 4831433.309998 278.070007
463547.960022 4831433.309998 278.100006
463547.960022 4831433.299988 278.100006
463547.969971 4831433.179993 278.399994
463547.979980 4831433.200012 278.380005
463547.989990 4831433.209991 278.339996
463547.950012 4831433.209991 278.239990
463547.950012 4831433.220001 278.190002
463547.969971 4831433.130005 278.399994
463547.969971 4831433.190002 278.410004
463547.950012 4831433.179993 278.290009
463547.950012 4831433.130005 278.230011
463548.010010 4831433.299988 278.040009
463548.020020 4831433.320007 278.010010
463548.099976 4831433.390015 277.869995
463548.030029 4831433.290009 277.829987
463548.010010 4831433.309998 278.040009
463548.099976 4831433.440002 277.899994
463547.979980 4831433.320007 278.040009
463547.989990 4831433.339996 278.019989
463548.090027 4831433.420013 277.859985
463547.969971 4831433.279999 278.059998
463547.979980 4831433.269989 278.049988
463548.000000 4831433.279999 278.059998
463548.039978 4831433.529999 278.109985
463547.950012 4831433.170013 278.290009
463547.940002 4831433.170013 278.339996
463547.969971 4831433.140015 278.440002
463547.309998 4831433.450012 278.519989
463547.940002 4831433.190002 278.269989
463547.979980 4831433.149994 278.369995
463547.979980 4831433.149994 278.429993
463547.969971 4831433.209991 278.239990
463547.969971 4831433.190002 278.279999
463547.950012 4831433.500000 277.970001
463547.989990 4831433.299988 277.989990
463547.979980 4831433.290009 278.029999
463548.090027 4831433.390015 277.910004
463548.010010 4831433.320007 277.989990
463548.070007 4831433.320007 277.820007
463548.000000 4831433.529999 277.959991
463548.000000 4831433.299988 278.019989
463547.890015 4831433.230011 278.059998
463547.200012 4831433.410004 278.579987
463548.099976 4831433.399994 277.880005
463548.000000 4831433.320007 278.010010
463547.919983 4831433.260010 278.000000
463547.919983 4831433.510010 277.940002
463547.909973 4831433.529999 277.970001
463548.010010 4831433.410004 278.059998
463548.030029 4831433.299988 277.929993
463548.010010 4831433.309998 277.850006
463547.960022 4831433.250000 277.989990
463548.000000 4831433.390015 278.049988
463547.929993 4831433.329987 277.989990
463548.059998 4831433.489990 278.049988
463547.969971 4831433.269989 278.089996
463547.969971 4831433.299988 278.070007
463548.030029 4831433.540009 278.100006
463548.059998 4831433.519989 278.119995
463547.950012 4831433.209991 278.230011
463547.969971 4831433.200012 278.260010
463547.979980 4831433.200012 278.309998
463547.969971 4831433.209991 278.390015
463547.989990 4831433.100006 278.359985
463548.000000 4831433.109985 278.410004
463547.989990 4831433.130005 278.380005
463548.039978 4831433.079987 278.350006
463547.969971 4831433.179993 278.369995
463548.000000 4831433.160004 278.369995
463548.099976 4831433.350006 277.869995
463548.059998 4831433.299988 277.920013
463547.969971 4831433.109985 278.399994
463548.000000 4831433.119995 278.339996
463547.969971 4831433.140015 278.329987
463547.989990 4831433.089996 278.399994
463547.979980 4831433.100006 278.350006
463547.979980 4831433.109985 278.290009
463547.969971 4831433.119995 278.239990
463547.950012 4831433.130005 278.209991
463547.979980 4831433.079987 278.410004
463547.960022 4831433.089996 278.380005
463547.960022 4831433.100006 278.309998
463547.979980 4831433.079987 278.420013
463547.969971 4831433.089996 278.350006
463547.969971 4831433.100006 278.290009
463547.950012 4831433.109985 278.200012
463547.260010 4831433.440002 278.600006
463548.039978 4831433.529999 278.190002
463547.960022 4831433.149994 278.250000
463548.080017 4831433.279999 277.890015
463548.090027 4831433.170013 277.820007
463548.090027 4831433.339996 277.859985
463547.239990 4831433.410004 278.589996
463547.950012 4831433.220001 278.309998
463547.969971 4831433.200012 278.290009
463548.000000 4831433.200012 278.339996
463547.960022 4831433.230011 278.209991
463548.080017 4831433.339996 277.839996
463548.070007 4831433.510010 278.049988
463548.020020 4831433.320007 278.000000
463547.989990 4831433.230011 277.829987
463548.080017 4831433.510010 278.029999
463547.229980 4831433.459991 278.640015
463548.010010 4831433.179993 278.369995
463548.000000 4831433.179993 278.380005
463548.010010 4831433.170013 278.390015
463548.010010 4831433.170013 278.399994
463548.030029 4831433.170013 278.390015
463548.090027 4831433.529999 278.109985
463548.049988 4831433.540009 278.130005
463548.059998 4831433.540009 278.089996
463548.070007 4831433.549988 278.070007
463548.059998 4831433.540009 278.000000
463547.409973 4831433.510010 278.609985
463547.229980 4831433.500000 278.660004
463547.219971 4831433.489990 278.559998
463547.440002 4831433.519989 278.290009
463547.169983 4831433.500000 278.609985
463547.200012 4831433.470001 278.630005
463547.229980 4831433.510010 278.559998
463547.210022 4831433.489990 278.640015
463547.190002 4831433.480011 278.589996
463547.210022 4831433.540009 278.549988
463547.619995 4831433.500000 278.750000
463547.239990 4831433.489990 278.660004
463547.309998 4831433.519989 278.579987
463547.179993 4831433.459991 278.630005
463547.260010 4831433.510010 278.529999
463547.289978 4831433.500000 278.549988
463547.219971 4831433.470001 278.619995
463547.229980 4831433.510010 278.630005
463547.179993 4831433.510010 278.540009
463547.369995 4831433.519989 278.589996
463547.409973 4831433.529999 278.649994
463547.409973 4831433.529999 278.630005
463547.419983 4831433.540009 278.690002
463547.150024 4831433.630005 278.660004
463548.049988 4831433.549988 278.179993
463548.059998 4831433.579987 278.209991
463547.900024 4831433.549988 277.850006
463547.950012 4831433.670013 277.809998
463547.880005 4831433.690002 278.000000
463547.890015 4831433.640015 277.820007
463547.510010 4831433.679993 278.059998
463547.500000 4831433.559998 278.640015
463547.960022 4831433.640015 277.809998
463548.070007 4831433.570007 278.190002
463547.619995 4831433.809998 278.380005
463547.460022 4831433.660004 278.769989
463548.039978 4831433.589996 278.200012
463548.000000 4831433.619995 278.239990
463547.549988 4831433.709991 278.309998
463547.880005 4831433.739990 277.920013
463547.789978 4831433.700012 277.950012
463547.390015 4831433.709991 278.769989
463547.380005 4831433.690002 278.750000
463547.460022 4831433.660004 278.679993
463547.400024 4831433.549988 278.600006
463547.270020 4831433.670013 278.690002
463547.510010 4831433.790009 278.279999
463547.419983 4831433.630005 278.709991
463547.570007 4831433.750000 278.339996
463547.549988 4831433.709991 278.429993
463547.630005 4831433.769989 278.350006
463547.650024 4831433.739990 278.269989
463547.630005 4831433.630005 278.440002
463547.530029 4831433.769989 278.369995
463547.849976 4831433.730011 277.959991
463547.880005 4831433.630005 277.829987
463547.590027 4831433.779999 278.239990
463547.559998 4831433.799988 278.260010
463547.400024 4831433.579987 278.709991
463547.440002 4831433.799988 278.140015
463547.289978 4831433.579987 278.769989
463547.239990 4831433.820007 278.709991
463548.030029 4831433.559998 278.119995
463547.650024 4831433.600006 278.760010
463547.460022 4831433.570007 278.359985
463547.609985 4831433.839996 278.369995
463547.380005 4831433.570007 278.630005
463547.570007 4831433.790009 278.230011
463547.580017 4831433.839996 278.410004
463547.590027 4831433.859985 278.390015
463547.460022 4831433.549988 278.359985
463547.489990 4831433.589996 278.299988
463547.510010 4831433.619995 278.339996
463547.619995 4831433.790009 278.230011
463547.530029 4831433.649994 278.380005
463547.469971 4831433.570007 278.279999
463547.609985 4831433.809998 278.299988
463547.369995 4831433.630005 278.660004
463547.530029 4831433.809998 278.299988
463547.270020 4831433.600006 278.649994
463547.469971 4831433.799988 278.140015
463547.590027 4831433.589996 278.799988
463547.299988 4831433.579987 278.760010
463547.330017 4831433.570007 278.640015
463547.330017 4831433.609985 278.720001
463547.559998 4831433.779999 278.320007
463547.570007 4831433.809998 278.350006
463547.520020 4831433.790009 278.179993
463547.840027 4831433.720001 277.970001
463547.830017 4831433.709991 278.029999
463547.739990 4831433.739990 277.959991
463547.409973 4831433.799988 278.179993
463547.400024 4831433.850006 278.700012
463547.280029 4831433.570007 278.709991
463547.320007 4831433.559998 278.709991
463547.609985 4831433.790009 278.299988
463547.599976 4831433.799988 278.390015
463547.419983 4831433.540009 278.690002
463547.969971 4831433.579987 278.160004
463547.390015 4831433.890015 278.700012
463547.440002 4831433.790009 278.140015
463547.320007 4831433.570007 278.720001
463547.390015 4831433.549988 278.619995
463547.400024 4831433.559998 278.739990
463547.559998 4831433.790009 278.250000
463547.580017 4831433.790009 278.269989
463548.049988 4831433.600006 278.160004
463547.280029 4831433.579987 278.720001
463547.380005 4831433.809998 278.149994
463547.400024 4831433.559998 278.660004
463547.570007 4831433.619995 278.250000
463547.559998 4831433.609985 278.269989
463547.599976 4831433.619995 278.420013
463547.729980 4831433.679993 278.799988
463548.039978 4831433.589996 278.140015
463547.849976 4831433.720001 278.019989
463547.830017 4831433.720001 277.970001
463548.049988 4831433.589996 278.119995
463547.739990 4831433.670013 278.730011
463547.549988 4831433.630005 278.239990
463547.619995 4831433.820007 278.230011
463547.380005 4831433.589996 278.799988
463547.359985 4831433.559998 278.679993
463547.320007 4831433.579987 278.730011
463547.320007 4831433.579987 278.670013
463547.289978 4831433.589996 278.769989
463547.270020 4831433.559998 278.670013
463547.299988 4831433.600006 278.690002
463547.210022 4831433.730011 278.279999
463547.760010 4831433.690002 278.739990
463547.419983 4831433.600006 278.779999
463547.419983 4831433.589996 278.700012
463547.630005 4831433.850006 278.320007
463547.369995 4831433.589996 278.720001
463547.289978 4831433.579987 278.769989
463547.289978 4831433.549988 278.649994
463547.289978 4831433.540009 278.589996
463547.369995 4831433.859985 278.730011
463547.359985 4831433.570007 278.790009
463547.960022 4831433.559998 277.959991
463547.849976 4831433.760010 277.959991
463547.489990 4831433.769989 278.160004
463547.380005 4831433.540009 278.730011
463547.609985 4831433.839996 278.429993
463547.489990 4831433.570007 278.329987
463547.640015 4831433.739990 278.279999
463548.020020 4831433.559998 278.130005
463547.349976 4831433.820007 278.109985
463547.280029 4831433.570007 278.720001
463547.460022 4831433.790009 278.119995
463547.340027 4831433.559998 278.730011
463547.390015 4831433.549988 278.709991
463547.739990 4831433.839996 278.420013
463547.760010 4831433.679993 278.779999
463548.039978 4831433.570007 278.109985
463548.039978 4831433.559998 278.160004
463547.669983 4831433.839996 278.339996
463547.679993 4831433.640015 278.799988
463547.650024 4831433.600006 278.790009
463548.049988 4831433.630005 278.100006
463548.049988 4831433.619995 278.160004
463548.049988 4831433.600006 278.200012
463548.059998 4831433.559998 278.130005
463547.820007 4831433.769989 277.959991
463547.849976 4831433.720001 278.040009
463547.900024 4831433.709991 277.809998
463547.989990 4831433.790009 277.980011
463548.099976 4831433.559998 278.040009
463547.599976 4831433.700012 278.339996
463547.590027 4831433.820007 278.339996
463547.580017 4831433.839996 278.410004
463547.539978 4831433.760010 278.290009
463547.409973 4831433.670013 278.769989
463547.409973 4831433.700012 278.750000
463547.400024 4831433.790009 278.170013
463548.030029 4831433.549988 278.149994
463548.030029 4831433.570007 278.149994
463547.599976 4831433.809998 278.320007
463547.590027 4831433.820007 278.369995
463547.580017 4831433.850006 278.399994
463547.400024 4831433.739990 278.700012
463547.309998 4831433.559998 278.779999
463547.330017 4831433.600006 278.700012
463547.250000 4831433.570007 278.690002
463547.900024 4831433.559998 277.910004
463547.830017 4831433.600006 277.929993
463547.539978 4831433.709991 278.369995
463547.549988 4831433.579987 278.179993
463547.760010 4831433.559998 278.799988
463547.659973 4831433.869995 278.500000
463547.789978 4831433.609985 277.859985
463547.309998 4831433.559998 278.690002
463547.609985 4831433.570007 278.750000
463547.469971 4831433.779999 278.100006
463548.030029 4831433.589996 278.200012
463547.260010 4831433.579987 278.799988
463547.469971 4831433.799988 278.109985
463547.429993 4831433.799988 278.739990
463547.570007 4831433.839996 278.410004
463547.590027 4831433.829987 278.420013
463547.849976 4831433.720001 278.019989
463547.609985 4831433.779999 278.399994
463547.609985 4831433.720001 278.269989
463547.510010 4831433.790009 278.260010
463547.429993 4831433.739990 278.670013
463547.349976 4831433.540009 278.690002
463547.799988 4831433.899994 278.450012
463547.299988 4831433.589996 278.640015
463547.820007 4831433.720001 277.959991
463547.849976 4831433.709991 277.959991
463547.859985 4831433.670013 277.950012
463547.820007 4831433.690002 277.950012
463547.849976 4831433.630005 277.869995
463547.859985 4831433.619995 277.839996
463547.890015 4831433.600006 277.809998
463547.849976 4831433.619995 277.839996
463547.859985 4831433.600006 277.820007
463547.840027 4831433.579987 277.910004
463547.250000 4831433.540009 278.619995
463547.320007 4831433.579987 278.730011
463547.429993 4831433.609985 278.790009
463547.400024 4831433.720001 278.720001
463547.429993 4831433.709991 278.670013
463547.450012 4831433.690002 278.670013
463547.590027 4831433.649994 278.290009
463547.309998 4831433.540009 278.630005
463547.299988 4831433.600006 278.709991
463547.349976 4831433.579987 278.799988
463547.359985 4831433.670013 278.730011
463547.409973 4831433.640015 278.679993
463547.440002 4831433.619995 278.670013
463547.599976 4831433.549988 278.799988
463547.510010 4831433.600006 278.390015
463547.630005 4831433.559998 278.709991
463547.570007 4831433.609985 278.269989
463547.700012 4831433.589996 278.760010
463547.580017 4831433.769989 278.230011
463547.619995 4831433.839996 278.420013
463547.640015 4831433.820007 278.329987
463548.070007 4831433.549988 278.109985
463547.309998 4831433.540009 278.670013
463547.419983 4831433.579987 278.660004
463547.599976 4831433.559998 278.739990
463547.530029 4831433.589996 278.329987
463547.539978 4831433.609985 278.329987
463547.570007 4831433.640015 278.339996
463547.570007 4831433.630005 278.260010
463547.599976 4831433.649994 278.380005
463547.570007 4831433.700012 278.440002
463547.590027 4831433.630005 278.260010
463547.580017 4831433.630005 278.239990
463547.429993 4831433.809998 278.130005
463547.450012 4831433.799988 278.140015
463547.559998 4831433.850006 278.339996
463547.590027 4831433.809998 278.250000
463547.609985 4831433.790009 278.250000
463547.890015 4831433.630005 277.829987
463548.010010 4831433.570007 278.190002
463547.750000 4831433.700012 278.769989
463547.369995 4831433.559998 278.609985
463547.380005 4831433.630005 278.640015
463547.380005 4831433.649994 278.709991
463547.469971 4831433.600006 278.649994
463547.289978 4831433.559998 278.609985
463547.400024 4831433.570007 278.730011
463547.409973 4831433.559998 278.690002
463547.340027 4831433.579987 278.600006
463547.340027 4831433.559998 278.640015
463547.390015 4831433.549988 278.739990
463547.429993 4831433.559998 278.730011
463547.400024 4831433.589996 278.700012
463547.409973 4831433.570007 278.649994
463547.489990 4831433.799988 278.130005
463547.630005 4831433.799988 278.239990
463548.080017 4831433.570007 278.119995
463548.099976 4831433.559998 278.109985
463547.900024 4831433.670013 277.829987
463547.869995 4831433.769989 277.940002
463547.530029 4831433.890015 278.320007
