2.821900019999999927e+02 4.831431420013000257e+06 4.635462100220000139e+05
2.820199890000000096e+02 4.831431559998000041e+06 4.635475700070000021e+05
2.825100100000000225e+02 4.831431809998000041e+06 4.635472100220000139e+05
2.824500120000000152e+02 4.831431829986999743e+06 4.635472199709999841e+05
2.825499879999999848e+02 4.831431500000000000e+06 4.635474400020000176e+05
2.824299930000000245e+02 4.831430380005000159e+06 4.635469500119999866e+05
2.823299870000000169e+02 4.831430339995999821e+06 4.635469500119999866e+05
2.824100040000000149e+02 4.831430410004000179e+06 4.635469500119999866e+05
2.830899959999999851e+02 4.831430170013000257e+06 4.635473499760000268e+05
2.822200010000000248e+02 4.831430579986999743e+06 4.635462299800000037e+05
2.827000120000000152e+02 4.831430850006000139e+06 4.635462399899999727e+05
2.825799870000000169e+02 4.831430750000000000e+06 4.635462600100000273e+05
2.820100100000000225e+02 4.831430660004000179e+06 4.635473200070000021e+05
2.820899959999999851e+02 4.831431359985000454e+06 4.635475700070000021e+05
2.820899959999999851e+02 4.831431450012000278e+06 4.635478099979999824e+05
2.823999939999999924e+02 4.831431750000000000e+06 4.635479600220000139e+05
2.826700129999999831e+02 4.831431519988999702e+06 4.635479799800000037e+05
2.820899959999999851e+02 4.831430420013000257e+06 4.635478599849999882e+05
2.825899959999999851e+02 4.831430380005000159e+06 4.635479400020000176e+05
2.823900150000000053e+02 4.831430410004000179e+06 4.635479500119999866e+05
2.824299930000000245e+02 4.831430450012000278e+06 4.635479699709999841e+05
2.820100100000000225e+02 4.831430299987999722e+06 4.635478900150000118e+05
2.820100100000000225e+02 4.831430359985000454e+06 4.635479299929999979e+05
2.821400150000000053e+02 4.831430049987999722e+06 4.635478699950000155e+05
2.820599980000000073e+02 4.831430260010000318e+06 4.635478599849999882e+05
2.820899959999999851e+02 4.831430260010000318e+06 4.635478599849999882e+05
2.821499939999999924e+02 4.831430459990999661e+06 4.635478900150000118e+05
2.820899959999999851e+02 4.831430450012000278e+06 4.635479799800000037e+05
2.822999879999999848e+02 4.831430429992999882e+06 4.635479799800000037e+05
2.823800049999999828e+02 4.831430429992999882e+06 4.635479699709999841e+05
2.823099980000000073e+02 4.831430420013000257e+06 4.635479899899999727e+05
2.823900150000000053e+02 4.831430429992999882e+06 4.635479899899999727e+05
2.820199890000000096e+02 4.831430450012000278e+06 4.635479699709999841e+05
2.820299989999999752e+02 4.831430350006000139e+06 4.635479699709999841e+05
2.822200010000000248e+02 4.831430190001999959e+06 4.635478800049999845e+05
2.821499939999999924e+02 4.831430059998000041e+06 4.635478400269999984e+05
2.821400150000000053e+02 4.831430179992999882e+06 4.635478400269999984e+05
2.821600040000000149e+02 4.831430239989999682e+06 4.635477899779999861e+05
2.820899959999999851e+02 4.831430220000999980e+06 4.635478699950000155e+05
2.821400150000000053e+02 4.831430459990999661e+06 4.635479600220000139e+05
2.822000120000000152e+02 4.831430459990999661e+06 4.635479600220000139e+05
2.823299870000000169e+02 4.831430220000999980e+06 4.635477700199999963e+05
2.820299989999999752e+02 4.831430450012000278e+06 4.635479500119999866e+05
2.820400089999999977e+02 4.831430279999000020e+06 4.635479000239999732e+05
2.825100100000000225e+02 4.831430410004000179e+06 4.635479400020000176e+05
2.821700129999999831e+02 4.831430459990999661e+06 4.635478400269999984e+05
2.822300109999999904e+02 4.831430130005000159e+06 4.635477700199999963e+05
2.820899959999999851e+02 4.831431410004000179e+06 4.635478900150000118e+05
2.820799870000000169e+02 4.831431369994999841e+06 4.635479400020000176e+05
2.820100100000000225e+02 4.831431369994999841e+06 4.635479400020000176e+05
2.820400089999999977e+02 4.831431309998000041e+06 4.635479400020000176e+05
2.820599980000000073e+02 4.831430480011000298e+06 4.635479699709999841e+05
2.825299989999999752e+02 4.831430519988999702e+06 4.635479799800000037e+05
2.825599980000000073e+02 4.831430540009000339e+06 4.635479799800000037e+05
2.826000060000000076e+02 4.831430549987999722e+06 4.635479799800000037e+05
2.826799930000000245e+02 4.831430660004000179e+06 4.635479400020000176e+05
2.820799870000000169e+02 4.831431320007000118e+06 4.635479099730000016e+05
2.820899959999999851e+02 4.831431329986999743e+06 4.635479000239999732e+05
2.820299989999999752e+02 4.831431239989999682e+06 4.635479299929999979e+05
2.823200069999999755e+02 4.831430890014999546e+06 4.635479099730000016e+05
2.825400089999999977e+02 4.831430549987999722e+06 4.635479500119999866e+05
2.826900019999999927e+02 4.831430670013000257e+06 4.635479299929999979e+05
2.826300049999999828e+02 4.831430619994999841e+06 4.635479500119999866e+05
2.825299989999999752e+02 4.831430570007000118e+06 4.635479600220000139e+05
2.823800049999999828e+02 4.831430500000000000e+06 4.635479600220000139e+05
2.824800109999999904e+02 4.831430500000000000e+06 4.635479699709999841e+05
2.826700129999999831e+02 4.831430519988999702e+06 4.635479899899999727e+05
2.826300049999999828e+02 4.831430670013000257e+06 4.635479199830000289e+05
2.825899959999999851e+02 4.831430640014999546e+06 4.635479600220000139e+05
2.825100100000000225e+02 4.831430579986999743e+06 4.635479699709999841e+05
2.821600040000000149e+02 4.831430470000999980e+06 4.635478800049999845e+05
2.824100040000000149e+02 4.831430510010000318e+06 4.635479600220000139e+05
2.825100100000000225e+02 4.831430510010000318e+06 4.635479799800000037e+05
2.825299989999999752e+02 4.831430480011000298e+06 4.635479699709999841e+05
2.822900089999999977e+02 4.831430470000999980e+06 4.635479699709999841e+05
2.823599849999999947e+02 4.831430470000999980e+06 4.635479899899999727e+05
2.821099849999999947e+02 4.831430470000999980e+06 4.635479899899999727e+05
2.820299989999999752e+02 4.831430470000999980e+06 4.635479799800000037e+05
2.820599980000000073e+02 4.831430480011000298e+06 4.635480000000000000e+05
2.820799870000000169e+02 4.831430489989999682e+06 4.635479400020000176e+05
2.821199950000000172e+02 4.831430480011000298e+06 4.635480000000000000e+05
2.826300049999999828e+02 4.831430660004000179e+06 4.635480000000000000e+05
2.826300049999999828e+02 4.831430500000000000e+06 4.635479500119999866e+05
2.825400089999999977e+02 4.831430500000000000e+06 4.635479699709999841e+05
2.822200010000000248e+02 4.831430500000000000e+06 4.635479600220000139e+05
2.820100100000000225e+02 4.831430480011000298e+06 4.635480000000000000e+05
2.822999879999999848e+02 4.831430489989999682e+06 4.635476500239999732e+05
2.825499879999999848e+02 4.831430519988999702e+06 4.635479299929999979e+05
2.826000060000000076e+02 4.831430559998000041e+06 4.635479400020000176e+05
2.822500000000000000e+02 4.831430470000999980e+06 4.635479699709999841e+05
2.824899899999999775e+02 4.831430489989999682e+06 4.635479699709999841e+05
2.825000000000000000e+02 4.831430480011000298e+06 4.635479699709999841e+05
2.820100100000000225e+02 4.831431250000000000e+06 4.635479400020000176e+05
2.820700069999999755e+02 4.831431290009000339e+06 4.635478800049999845e+05
2.821300049999999828e+02 4.831431359985000454e+06 4.635478900150000118e+05
2.821000060000000076e+02 4.831431299987999722e+06 4.635478699950000155e+05
2.821799930000000245e+02 4.831430470000999980e+06 4.635478900150000118e+05
2.825599980000000073e+02 4.831430619994999841e+06 4.635479400020000176e+05
2.826099849999999947e+02 4.831430630005000159e+06 4.635479600220000139e+05
2.825599980000000073e+02 4.831430640014999546e+06 4.635479699709999841e+05
2.825499879999999848e+02 4.831430519988999702e+06 4.635479500119999866e+05
2.820700069999999755e+02 4.831431299987999722e+06 4.635479299929999979e+05
2.820599980000000073e+02 4.831431350006000139e+06 4.635478599849999882e+05
2.820899959999999851e+02 4.831431329986999743e+06 4.635479299929999979e+05
2.821400150000000053e+02 4.831431299987999722e+06 4.635479299929999979e+05
2.820199890000000096e+02 4.831431279999000020e+06 4.635479400020000176e+05
2.820100100000000225e+02 4.831431279999000020e+06 4.635479600220000139e+05
