2.782399899999999775e+02 4.831431920013000257e+06 4.635488400269999984e+05
2.786099849999999947e+02 4.831431880005000159e+06 4.635487999880000134e+05
2.782900089999999977e+02 4.831431920013000257e+06 4.635488900150000118e+05
2.780499879999999848e+02 4.831431920013000257e+06 4.635486400150000118e+05
2.783099980000000073e+02 4.831431920013000257e+06 4.635487199709999841e+05
2.780499879999999848e+02 4.831431869994999841e+06 4.635487399899999727e+05
2.778200069999999755e+02 4.831431850006000139e+06 4.635487800290000159e+05
2.778500060000000076e+02 4.831431869994999841e+06 4.635487899779999861e+05
2.778900150000000053e+02 4.831431880005000159e+06 4.635487999880000134e+05
2.779400019999999927e+02 4.831431890014999546e+06 4.635487999880000134e+05
2.779700010000000248e+02 4.831431899993999861e+06 4.635488099979999824e+05
2.780400089999999977e+02 4.831431880005000159e+06 4.635487999880000134e+05
2.778200069999999755e+02 4.831431859985000454e+06 4.635487500000000000e+05
2.778500060000000076e+02 4.831431880005000159e+06 4.635487600100000273e+05
2.778900150000000053e+02 4.831431890014999546e+06 4.635487600100000273e+05
2.779599910000000023e+02 4.831431890014999546e+06 4.635487600100000273e+05
2.780000000000000000e+02 4.831431899993999861e+06 4.635487700199999963e+05
2.778099980000000073e+02 4.831431820007000118e+06 4.635487600100000273e+05
2.778500060000000076e+02 4.831431839995999821e+06 4.635487600100000273e+05
2.778900150000000053e+02 4.831431859985000454e+06 4.635487600100000273e+05
2.779800109999999904e+02 4.831431869994999841e+06 4.635487600100000273e+05
2.780299989999999752e+02 4.831431880005000159e+06 4.635487500000000000e+05
2.778599849999999947e+02 4.831431890014999546e+06 4.635487199709999841e+05
2.778900150000000053e+02 4.831431839995999821e+06 4.635487600100000273e+05
2.779400019999999927e+02 4.831431850006000139e+06 4.635487600100000273e+05
2.779899899999999775e+02 4.831431869994999841e+06 4.635487600100000273e+05
2.778399959999999851e+02 4.831431850006000139e+06 4.635487299800000037e+05
2.778800049999999828e+02 4.831431869994999841e+06 4.635487299800000037e+05
2.779400019999999927e+02 4.831431880005000159e+06 4.635487299800000037e+05
2.779800109999999904e+02 4.831431899993999861e+06 4.635487299800000037e+05
2.780799870000000169e+02 4.831431899993999861e+06 4.635488300169999711e+05
2.780899959999999851e+02 4.831431880005000159e+06 4.635488599849999882e+05
2.781199950000000172e+02 4.831431910004000179e+06 4.635488400269999984e+05
2.781300049999999828e+02 4.831431890014999546e+06 4.635488699950000155e+05
2.779899899999999775e+02 4.831431850006000139e+06 4.635488200070000021e+05
2.779599910000000023e+02 4.831431839995999821e+06 4.635488099979999824e+05
2.780400089999999977e+02 4.831431890014999546e+06 4.635488200070000021e+05
2.780100100000000225e+02 4.831431869994999841e+06 4.635488099979999824e+05
2.780100100000000225e+02 4.831431899993999861e+06 4.635488699950000155e+05
2.780199890000000096e+02 4.831431859985000454e+06 4.635488400269999984e+05
2.779800109999999904e+02 4.831431850006000139e+06 4.635488300169999711e+05
2.779200129999999831e+02 4.831431839995999821e+06 4.635488300169999711e+05
2.778900150000000053e+02 4.831431829986999743e+06 4.635488200070000021e+05
2.778099980000000073e+02 4.831431880005000159e+06 4.635487800290000159e+05
2.779299930000000245e+02 4.831431809998000041e+06 4.635488400269999984e+05
2.778099980000000073e+02 4.831431820007000118e+06 4.635488300169999711e+05
2.778500060000000076e+02 4.831431869994999841e+06 4.635487199709999841e+05
2.778800049999999828e+02 4.831431920013000257e+06 4.635486699830000289e+05
2.778200069999999755e+02 4.831431899993999861e+06 4.635487800290000159e+05
2.778500060000000076e+02 4.831431910004000179e+06 4.635487500000000000e+05
2.780400089999999977e+02 4.831431880005000159e+06 4.635486699830000289e+05
2.781099849999999947e+02 4.831431899993999861e+06 4.635487000119999866e+05
2.778699950000000172e+02 4.831431910004000179e+06 4.635487100220000139e+05
2.778500060000000076e+02 4.831431890014999546e+06 4.635487399899999727e+05
2.778599849999999947e+02 4.831431920013000257e+06 4.635487399899999727e+05
2.779200129999999831e+02 4.831431920013000257e+06 4.635487399899999727e+05
2.778099980000000073e+02 4.831431880005000159e+06 4.635487600100000273e+05
2.778900150000000053e+02 4.831431880005000159e+06 4.635486900020000176e+05
2.779200129999999831e+02 4.831431910004000179e+06 4.635486799929999979e+05
2.778299870000000169e+02 4.831431869994999841e+06 4.635486699830000289e+05
2.778500060000000076e+02 4.831431890014999546e+06 4.635486699830000289e+05
2.778099980000000073e+02 4.831431920013000257e+06 4.635486799929999979e+05
2.778200069999999755e+02 4.831431869994999841e+06 4.635486599730000016e+05
2.778399959999999851e+02 4.831431899993999861e+06 4.635486599730000016e+05
2.780100100000000225e+02 4.831431869994999841e+06 4.635486300049999845e+05
2.778500060000000076e+02 4.831431839995999821e+06 4.635486599730000016e+05
2.779299930000000245e+02 4.831431809998000041e+06 4.635486199950000155e+05
2.778599849999999947e+02 4.831431799987999722e+06 4.635486300049999845e+05
2.778099980000000073e+02 4.831431799987999722e+06 4.635486199950000155e+05
2.780199890000000096e+02 4.831431839995999821e+06 4.635486199950000155e+05
2.781499939999999924e+02 4.831431829986999743e+06 4.635486599730000016e+05
2.778200069999999755e+02 4.831431920013000257e+06 4.635487999880000134e+05
2.778200069999999755e+02 4.831431880005000159e+06 4.635486699830000289e+05
2.778399959999999851e+02 4.831431920013000257e+06 4.635486799929999979e+05
2.778399959999999851e+02 4.831431920013000257e+06 4.635486699830000289e+05
2.778800049999999828e+02 4.831431920013000257e+06 4.635486799929999979e+05
2.778999939999999924e+02 4.831431910004000179e+06 4.635487000119999866e+05
2.778399959999999851e+02 4.831431920013000257e+06 4.635486799929999979e+05
2.778399959999999851e+02 4.831431920013000257e+06 4.635486799929999979e+05
2.778699950000000172e+02 4.831431890014999546e+06 4.635486799929999979e+05
2.779700010000000248e+02 4.831431910004000179e+06 4.635486900020000176e+05
2.778099980000000073e+02 4.831431899993999861e+06 4.635486900020000176e+05
2.778800049999999828e+02 4.831431920013000257e+06 4.635487000119999866e+05
2.778099980000000073e+02 4.831431899993999861e+06 4.635486900020000176e+05
2.778800049999999828e+02 4.831431920013000257e+06 4.635487000119999866e+05
2.778699950000000172e+02 4.831431910004000179e+06 4.635486900020000176e+05
2.778500060000000076e+02 4.831431920013000257e+06 4.635486900020000176e+05
2.778900150000000053e+02 4.831431920013000257e+06 4.635487100220000139e+05
2.781600040000000149e+02 4.831431899993999861e+06 4.635487100220000139e+05
2.782200010000000248e+02 4.831431899993999861e+06 4.635488599849999882e+05
2.780299989999999752e+02 4.831431920013000257e+06 4.635487000119999866e+05
2.779599910000000023e+02 4.831431920013000257e+06 4.635486900020000176e+05
2.780299989999999752e+02 4.831431890014999546e+06 4.635486900020000176e+05
2.779400019999999927e+02 4.831431880005000159e+06 4.635486900020000176e+05
2.778500060000000076e+02 4.831431869994999841e+06 4.635486900020000176e+05
2.778399959999999851e+02 4.831431880005000159e+06 4.635486699830000289e+05
2.779500120000000152e+02 4.831431839995999821e+06 4.635486799929999979e+05
2.780000000000000000e+02 4.831431910004000179e+06 4.635487399899999727e+05
2.780199890000000096e+02 4.831431859985000454e+06 4.635487199709999841e+05
2.779700010000000248e+02 4.831431869994999841e+06 4.635487100220000139e+05
2.779299930000000245e+02 4.831431880005000159e+06 4.635487000119999866e+05
2.778800049999999828e+02 4.831431809998000041e+06 4.635487100220000139e+05
2.778500060000000076e+02 4.831431820007000118e+06 4.635487000119999866e+05
2.778399959999999851e+02 4.831431820007000118e+06 4.635487399899999727e+05
2.779500120000000152e+02 4.831431890014999546e+06 4.635486900020000176e+05
2.778599849999999947e+02 4.831431869994999841e+06 4.635487500000000000e+05
2.778500060000000076e+02 4.831431869994999841e+06 4.635487399899999727e+05
2.778099980000000073e+02 4.831431859985000454e+06 4.635487500000000000e+05
2.779500120000000152e+02 4.831431920013000257e+06 4.635487999880000134e+05
2.778699950000000172e+02 4.831431910004000179e+06 4.635487899779999861e+05
2.778200069999999755e+02 4.831431899993999861e+06 4.635487999880000134e+05
2.778900150000000053e+02 4.831431910004000179e+06 4.635487299800000037e+05
