463548.150024 4831433.369995 277.920013
463548.150024 4831433.320007 277.859985
463548.140015 4831433.309998 277.859985
463548.150024 4831433.299988 277.820007
463548.109985 4831433.390015 277.839996
463548.109985 4831433.390015 277.899994
463548.119995 4831433.350006 277.850006
463548.119995 4831433.359985 277.809998
463548.109985 4831433.420013 277.859985
463548.130005 4831433.489990 278.040009
463548.119995 4831433.390015 277.839996
463548.119995 4831433.380005 277.880005
463548.130005 4831433.320007 277.820007
463548.109985 4831433.369995 277.890015
463548.140015 4831433.350006 277.850006
463548.179993 4831433.359985 277.859985
463548.140015 4831433.359985 277.859985
463548.119995 4831433.500000 278.029999
463548.530029 4831433.269989 278.239990
463548.530029 4831433.290009 278.279999
463548.539978 4831433.309998 278.320007
463548.549988 4831433.309998 278.369995
463548.520020 4831433.329987 278.399994
463548.520020 4831433.320007 278.459991
463548.510010 4831433.399994 278.589996
463548.510010 4831433.410004 278.640015
463548.489990 4831433.260010 278.359985
463548.510010 4831433.309998 278.429993
463548.520020 4831433.350006 278.500000
463548.510010 4831433.359985 278.549988
463548.500000 4831433.369995 278.589996
463548.530029 4831433.399994 278.609985
463548.539978 4831433.359985 278.450012
463548.510010 4831433.350006 278.529999
463548.510010 4831433.369995 278.570007
463548.510010 4831433.380005 278.600006
463548.520020 4831433.410004 278.640015
463548.489990 4831433.399994 278.709991
463548.500000 4831433.269989 278.350006
463548.500000 4831433.309998 278.429993
463548.510010 4831433.329987 278.450012
463548.510010 4831433.339996 278.500000
463548.500000 4831433.359985 278.540009
463548.500000 4831433.369995 278.589996
463548.510010 4831433.399994 278.619995
463548.520020 4831433.290009 278.329987
463548.520020 4831433.320007 278.410004
463548.539978 4831433.350006 278.440002
463548.510010 4831433.350006 278.510010
463548.489990 4831433.359985 278.579987
463548.510010 4831433.380005 278.600006
463548.520020 4831433.410004 278.619995
463548.510010 4831433.290009 278.329987
463548.520020 4831433.329987 278.399994
463548.520020 4831433.350006 278.440002
463548.510010 4831433.350006 278.500000
463548.489990 4831433.359985 278.559998
463548.510010 4831433.390015 278.589996
463548.510010 4831433.410004 278.630005
463548.500000 4831433.420013 278.679993
463548.559998 4831433.369995 278.399994
463548.510010 4831433.350006 278.500000
463548.500000 4831433.359985 278.549988
463548.500000 4831433.380005 278.589996
463548.510010 4831433.399994 278.619995
463548.510010 4831433.420013 278.660004
463548.489990 4831433.290009 278.329987
463548.489990 4831433.339996 278.450012
463548.489990 4831433.359985 278.489990
463548.469971 4831433.359985 278.549988
463548.489990 4831433.410004 278.600006
463548.489990 4831433.369995 278.459991
463548.479980 4831433.380005 278.510010
463548.520020 4831433.089996 277.809998
463548.530029 4831433.109985 277.940002
463548.200012 4831433.299988 277.839996
463548.510010 4831433.070007 277.820007
463548.479980 4831433.070007 277.839996
463548.510010 4831433.059998 277.809998
463548.510010 4831433.079987 277.839996
463548.510010 4831433.109985 277.929993
463548.500000 4831433.059998 277.820007
463548.489990 4831433.070007 277.869995
463548.479980 4831433.079987 277.929993
463548.500000 4831433.109985 277.940002
463548.500000 4831433.130005 277.970001
463548.469971 4831433.119995 278.049988
463548.500000 4831433.070007 277.859985
463548.500000 4831433.109985 277.940002
463548.510010 4831433.130005 277.980011
463548.500000 4831433.079987 277.850006
463548.510010 4831433.100006 277.880005
463548.489990 4831433.109985 277.950012
463548.500000 4831433.130005 277.980011
463548.510010 4831433.070007 277.809998
463548.500000 4831433.079987 277.850006
463548.500000 4831433.119995 277.940002
463548.489990 4831433.089996 277.839996
463548.469971 4831433.100006 277.899994
463548.479980 4831433.130005 277.970001
463548.460022 4831433.079987 277.820007
463548.469971 4831433.100006 277.859985
463548.469971 4831433.109985 277.899994
463548.460022 4831433.130005 277.940002
463548.460022 4831433.149994 277.989990
463548.580017 4831433.260010 278.290009
463548.570007 4831433.239990 278.250000
463548.570007 4831433.230011 278.220001
463548.549988 4831433.200012 278.160004
463548.549988 4831433.179993 278.119995
463548.559998 4831433.279999 278.339996
463548.570007 4831433.309998 278.390015
463548.210022 4831433.279999 277.839996
463548.549988 4831433.049988 277.859985
463548.570007 4831433.119995 278.029999
463548.450012 4831433.209991 278.049988
463548.489990 4831433.279999 278.230011
463548.469971 4831433.279999 278.220001
463548.479980 4831433.279999 278.220001
463548.479980 4831433.279999 278.230011
463548.479980 4831433.290009 278.209991
463548.489990 4831433.359985 278.489990
463548.469971 4831433.410004 278.540009
463548.479980 4831433.269989 278.250000
463548.460022 4831433.279999 278.320007
463548.469971 4831433.299988 278.350006
463548.460022 4831433.140015 277.959991
463548.479980 4831433.190002 278.019989
463548.450012 4831433.130005 277.890015
463548.440002 4831433.170013 277.980011
463548.469971 4831433.190002 278.070007
463548.429993 4831433.350006 278.750000
463548.479980 4831433.350006 278.549988
463548.479980 4831433.329987 278.450012
463548.369995 4831433.269989 278.739990
463548.450012 4831433.149994 278.010010
463548.479980 4831433.160004 278.040009
463548.469971 4831433.130005 277.989990
463548.510010 4831433.109985 277.880005
463548.429993 4831433.420013 278.510010
463548.440002 4831433.459991 278.540009
463548.559998 4831433.320007 278.059998
463548.359985 4831433.350006 278.779999
463548.489990 4831433.480011 278.730011
463548.489990 4831433.429993 278.579987
463548.479980 4831433.309998 278.329987
463548.520020 4831433.440002 278.559998
463548.489990 4831433.410004 278.540009
463548.460022 4831433.109985 277.899994
463548.530029 4831433.279999 278.040009
463548.450012 4831433.170013 277.850006
463548.460022 4831433.230011 277.950012
463548.460022 4831433.220001 277.980011
463548.460022 4831433.200012 278.029999
463548.469971 4831433.170013 277.940002
463548.489990 4831433.380005 278.380005
463548.479980 4831433.380005 278.309998
463548.479980 4831433.470001 278.640015
463548.479980 4831433.470001 278.589996
463548.500000 4831433.500000 278.559998
463548.419983 4831433.440002 278.670013
463548.460022 4831433.510010 278.739990
463548.460022 4831433.500000 278.670013
463548.460022 4831433.470001 278.570007
463548.469971 4831433.510010 278.709991
463548.479980 4831433.420013 278.540009
463548.510010 4831433.510010 278.570007
463548.469971 4831433.519989 278.709991
463548.469971 4831433.519989 278.720001
463548.489990 4831433.459991 278.549988
463548.510010 4831433.510010 278.570007
463548.460022 4831433.519989 278.720001
463548.469971 4831433.450012 278.570007
463548.489990 4831433.489990 278.570007
463548.469971 4831433.510010 278.690002
463548.479980 4831433.450012 278.559998
463548.500000 4831433.500000 278.570007
463548.460022 4831433.540009 278.750000
463548.510010 4831433.510010 278.570007
463548.469971 4831433.529999 278.730011
463548.479980 4831433.470001 278.609985
463548.500000 4831433.500000 278.559998
463548.380005 4831433.380005 278.609985
463548.390015 4831433.410004 278.600006
463548.409973 4831433.429993 278.570007
463548.429993 4831433.459991 278.570007
463548.440002 4831433.450012 278.510010
463548.460022 4831433.410004 278.390015
463548.469971 4831433.380005 278.309998
463548.270020 4831433.350006 278.739990
463548.409973 4831433.350006 278.260010
463548.489990 4831433.170013 277.880005
463548.479980 4831433.260010 278.029999
463548.460022 4831433.230011 277.920013
463548.479980 4831433.190002 277.970001
463548.469971 4831433.140015 277.839996
463548.479980 4831433.230011 278.049988
463548.380005 4831433.390015 278.619995
463548.359985 4831433.369995 278.649994
463548.419983 4831433.329987 278.309998
463548.429993 4831433.380005 278.410004
463548.429993 4831433.390015 278.480011
463548.440002 4831433.440002 278.640015
463548.429993 4831433.450012 278.700012
463548.450012 4831433.279999 278.269989
463548.469971 4831433.329987 278.369995
463548.479980 4831433.369995 278.459991
463548.489990 4831433.429993 278.570007
463548.489990 4831433.429993 278.619995
463548.460022 4831433.489990 278.670013
463548.469971 4831433.500000 278.739990
463548.460022 4831433.480011 278.779999
463548.419983 4831433.420013 278.760010
463548.380005 4831433.359985 278.739990
463548.479980 4831433.440002 278.529999
463548.479980 4831433.440002 278.589996
463548.479980 4831433.440002 278.660004
463548.450012 4831433.350006 278.299988
463548.469971 4831433.369995 278.390015
463548.460022 4831433.290009 278.190002
463548.479980 4831433.309998 278.290009
463548.270020 4831433.339996 278.799988
463548.479980 4831433.529999 278.739990
463548.479980 4831433.510010 278.779999
463548.460022 4831433.459991 278.579987
463548.469971 4831433.450012 278.630005
463548.429993 4831433.410004 278.619995
463548.469971 4831433.429993 278.450012
463548.489990 4831433.429993 278.510010
463548.500000 4831433.429993 278.579987
463548.489990 4831433.390015 278.470001
463548.460022 4831433.350006 278.250000
463548.479980 4831433.350006 278.329987
463548.469971 4831433.299988 278.200012
463548.479980 4831433.299988 278.250000
463548.429993 4831433.160004 277.899994
463548.440002 4831433.200012 278.000000
463548.510010 4831433.250000 278.019989
463548.479980 4831433.260010 277.989990
463548.450012 4831433.140015 277.850006
463548.489990 4831433.260010 278.029999
463548.479980 4831433.200012 277.950012
463548.450012 4831433.459991 278.760010
463548.440002 4831433.420013 278.660004
463548.429993 4831433.440002 278.709991
463548.409973 4831433.299988 278.299988
463548.429993 4831433.269989 278.200012
463548.429993 4831433.140015 277.890015
463548.419983 4831433.140015 277.929993
463548.419983 4831433.170013 277.950012
463548.400024 4831433.190002 277.989990
463548.469971 4831433.200012 278.070007
463548.460022 4831433.200012 278.049988
463548.390015 4831433.109985 278.079987
463548.380005 4831433.309998 278.589996
463548.380005 4831433.299988 278.529999
463548.380005 4831433.299988 278.480011
463548.419983 4831433.390015 278.790009
463548.400024 4831433.209991 278.329987
463548.419983 4831433.390015 278.779999
463548.400024 4831433.279999 278.500000
463548.419983 4831433.290009 278.440002
463548.409973 4831433.220001 278.299988
463548.419983 4831433.200012 278.260010
463548.400024 4831433.170013 278.260010
463548.380005 4831433.149994 278.029999
463548.469971 4831433.070007 277.809998
463548.380005 4831433.029999 277.869995
463548.380005 4831433.029999 277.820007
463548.390015 4831432.989990 277.809998
463548.510010 4831433.230011 278.040009
463548.469971 4831433.179993 278.059998
463548.530029 4831433.279999 278.070007
463548.549988 4831433.309998 278.070007
463548.460022 4831433.299988 278.220001
463548.469971 4831433.299988 278.269989
463548.469971 4831433.290009 278.320007
463548.349976 4831433.320007 278.720001
463548.469971 4831433.329987 278.299988
463548.469971 4831433.329987 278.350006
463548.469971 4831433.329987 278.390015
463548.390015 4831433.339996 278.670013
463548.479980 4831433.380005 278.489990
463548.469971 4831433.380005 278.549988
463548.510010 4831433.440002 278.589996
463548.479980 4831433.450012 278.690002
463548.479980 4831433.450012 278.739990
463548.479980 4831433.420013 278.480011
463548.460022 4831433.440002 278.570007
463548.469971 4831433.450012 278.640015
463548.460022 4831433.459991 278.720001
463548.479980 4831433.109985 277.820007
463548.469971 4831433.109985 277.899994
463548.460022 4831433.190002 278.000000
463548.450012 4831433.200012 277.970001
463548.559998 4831433.309998 278.089996
463548.440002 4831433.170013 278.079987
463548.559998 4831433.279999 278.059998
463548.539978 4831433.250000 278.070007
463548.530029 4831433.230011 278.089996
463548.520020 4831433.220001 278.079987
463548.510010 4831433.209991 278.059998
463548.510010 4831433.200012 278.089996
463548.460022 4831433.160004 278.079987
463548.469971 4831433.149994 278.059998
463548.440002 4831433.309998 278.380005
463548.479980 4831433.429993 278.779999
463548.520020 4831433.410004 278.600006
463548.479980 4831433.350006 278.600006
463548.440002 4831433.309998 278.579987
463548.469971 4831433.309998 278.440002
463548.419983 4831433.290009 278.559998
463548.440002 4831433.290009 278.450012
463548.460022 4831433.309998 278.459991
463548.419983 4831433.269989 278.470001
463548.479980 4831433.279999 278.299988
463548.469971 4831433.230011 278.260010
463548.469971 4831433.109985 277.869995
463548.450012 4831433.089996 277.910004
463548.440002 4831433.079987 277.850006
463548.520020 4831432.940002 277.890015
463548.520020 4831433.239990 278.049988
463548.460022 4831433.100006 277.970001
463548.479980 4831433.100006 277.839996
463548.450012 4831433.059998 277.880005
463548.460022 4831433.170013 278.019989
463548.479980 4831433.109985 277.989990
463548.460022 4831433.130005 277.950012
463548.460022 4831433.089996 277.920013
463548.460022 4831433.059998 277.880005
463548.510010 4831433.459991 278.649994
463548.510010 4831433.470001 278.609985
463548.330017 4831433.339996 278.769989
463548.349976 4831433.350006 278.700012
463548.369995 4831433.380005 278.730011
463548.419983 4831433.440002 278.670013
463548.469971 4831433.130005 277.850006
463548.460022 4831433.160004 277.880005
463548.510010 4831433.250000 278.029999
463548.530029 4831433.170013 277.809998
463548.479980 4831433.220001 278.049988
463548.450012 4831433.339996 278.399994
463548.429993 4831433.350006 278.420013
463548.469971 4831433.410004 278.609985
463548.469971 4831433.329987 278.410004
463548.349976 4831433.339996 278.540009
463548.450012 4831433.269989 278.309998
463548.510010 4831433.410004 278.579987
463548.429993 4831433.130005 277.910004
463548.520020 4831433.250000 278.079987
463548.549988 4831433.320007 278.059998
463548.320007 4831433.309998 278.799988
463548.489990 4831433.279999 278.250000
463548.500000 4831433.269989 278.209991
463548.510010 4831433.260010 278.160004
463548.510010 4831433.329987 278.329987
463548.520020 4831433.320007 278.279999
463548.460022 4831433.410004 278.549988
463548.450012 4831433.329987 278.239990
463548.489990 4831433.309998 278.250000
463548.500000 4831433.290009 278.209991
463548.510010 4831433.489990 278.730011
463548.500000 4831433.470001 278.649994
463548.520020 4831433.450012 278.630005
463548.510010 4831433.100006 277.829987
463548.500000 4831433.200012 278.049988
463548.520020 4831433.179993 278.010010
463548.440002 4831433.140015 277.850006
463548.440002 4831433.220001 277.980011
463548.489990 4831433.190002 277.970001
463548.500000 4831433.230011 277.980011
463548.469971 4831433.540009 278.769989
463548.150024 4831433.790009 278.350006
463548.250000 4831433.779999 278.239990
463548.210022 4831433.779999 278.239990
463548.239990 4831433.869995 278.429993
463548.239990 4831433.920013 278.440002
463548.219971 4831433.899994 278.440002
463548.250000 4831433.799988 278.410004
463548.239990 4831433.750000 278.239990
463548.260010 4831433.750000 278.369995
463548.219971 4831433.899994 278.440002
463548.239990 4831433.769989 278.390015
463548.260010 4831433.790009 278.390015
463548.239990 4831433.739990 278.390015
463548.210022 4831433.890015 278.420013
463548.250000 4831433.790009 278.410004
463548.229980 4831433.730011 278.299988
463548.229980 4831433.880005 278.399994
463548.250000 4831433.829987 278.410004
463548.260010 4831433.760010 278.380005
463548.239990 4831433.739990 278.380005
463548.270020 4831433.739990 278.369995
463548.270020 4831433.720001 278.369995
463548.200012 4831433.920013 278.380005
463548.219971 4831433.869995 278.380005
463548.229980 4831433.829987 278.390015
463548.229980 4831433.790009 278.329987
463548.250000 4831433.739990 278.329987
463548.270020 4831433.739990 278.359985
463548.250000 4831433.799988 278.359985
463548.229980 4831433.769989 278.239990
463548.229980 4831433.839996 278.420013
463548.239990 4831433.859985 278.390015
463548.229980 4831433.920013 278.429993
463548.250000 4831433.739990 278.299988
463548.250000 4831433.760010 278.339996
463548.239990 4831433.750000 278.339996
463548.239990 4831433.779999 278.339996
463548.229980 4831433.850006 278.420013
463548.210022 4831433.890015 278.359985
463548.460022 4831433.540009 278.790009
463548.460022 4831433.540009 278.779999
463548.229980 4831433.899994 278.410004
463548.250000 4831433.869995 278.390015
463548.250000 4831433.820007 278.429993
463548.200012 4831433.769989 278.250000
463548.250000 4831433.779999 278.420013
463548.239990 4831433.820007 278.420013
463548.270020 4831433.799988 278.420013
463548.239990 4831433.899994 278.450012
463548.270020 4831433.739990 278.380005
463548.289978 4831433.720001 278.369995
463548.229980 4831433.769989 278.250000
463548.270020 4831433.769989 278.390015
463548.239990 4831433.799988 278.399994
463548.270020 4831433.790009 278.399994
463548.229980 4831433.839996 278.420013
463548.260010 4831433.820007 278.410004
463548.250000 4831433.880005 278.429993
463548.250000 4831433.920013 278.450012
463548.250000 4831433.750000 278.339996
463548.270020 4831433.750000 278.380005
463548.219971 4831433.779999 278.250000
463548.250000 4831433.799988 278.399994
463548.239990 4831433.829987 278.410004
463548.260010 4831433.820007 278.399994
463548.219971 4831433.869995 278.390015
463548.239990 4831433.890015 278.429993
463548.219971 4831433.920013 278.440002
463548.250000 4831433.899994 278.429993
463548.229980 4831433.820007 278.420013
463548.280029 4831433.760010 278.380005
463548.260010 4831433.739990 278.279999
463548.270020 4831433.850006 278.410004
463548.260010 4831433.839996 278.339996
463548.669983 4831433.279999 278.059998
463548.630005 4831433.390015 278.549988
463548.580017 4831433.309998 278.510010
463548.590027 4831433.320007 278.440002
463548.570007 4831433.299988 278.429993
463548.590027 4831433.369995 278.640015
463548.510010 4831433.510010 278.790009
