463545.000000 4831430.089996 279.790009
463545.059998 4831429.940002 279.660004
463545.090027 4831429.959991 279.519989
463544.979980 4831429.970001 279.549988
463545.099976 4831430.000000 279.500000
463545.090027 4831429.989990 279.760010
463545.090027 4831429.989990 279.429993
463545.099976 4831430.010010 279.459991
463545.000000 4831429.950012 279.609985
463545.020020 4831429.970001 279.609985
463545.030029 4831429.980011 279.649994
463545.080017 4831430.000000 279.369995
463545.000000 4831429.940002 279.739990
463544.979980 4831429.929993 279.589996
463545.010010 4831430.010010 279.769989
463545.010010 4831429.989990 279.660004
463544.979980 4831429.959991 279.720001
463545.099976 4831429.970001 279.440002
463545.030029 4831430.000000 279.619995
463545.010010 4831429.970001 279.660004
463545.099976 4831429.989990 279.440002
463545.000000 4831429.959991 279.609985
463545.080017 4831429.980011 279.510010
463545.080017 4831430.040009 279.459991
463545.099976 4831430.049988 279.380005
463544.919983 4831430.000000 279.779999
463544.929993 4831429.929993 279.790009
463544.979980 4831429.929993 279.589996
463544.979980 4831430.000000 279.630005
463544.969971 4831429.989990 279.679993
463544.960022 4831429.970001 279.700012
463544.950012 4831429.970001 279.769989
463544.940002 4831429.950012 279.779999
463545.059998 4831430.019989 279.429993
463545.039978 4831430.000000 279.510010
463545.020020 4831429.970001 279.570007
463545.010010 4831429.959991 279.600006
463545.000000 4831429.970001 279.690002
463545.099976 4831430.010010 279.420013
463545.080017 4831430.000000 279.450012
463545.059998 4831429.950012 279.420013
463544.979980 4831430.029999 279.750000
463544.950012 4831429.989990 279.720001
463544.950012 4831429.980011 279.760010
463544.940002 4831429.959991 279.799988
463545.030029 4831430.010010 279.579987
463545.020020 4831429.989990 279.589996
463545.010010 4831429.970001 279.619995
463545.099976 4831430.040009 279.369995
463545.090027 4831430.029999 279.410004
463545.090027 4831430.010010 279.450012
463545.099976 4831430.049988 279.420013
463545.080017 4831430.010010 279.470001
463544.979980 4831429.940002 279.760010
463544.969971 4831429.929993 279.679993
463545.000000 4831429.980011 279.709991
463545.020020 4831430.000000 279.690002
463544.979980 4831430.019989 279.769989
463545.020020 4831430.010010 279.640015
463545.059998 4831430.040009 279.480011
463545.070007 4831430.049988 279.440002
463545.080017 4831430.049988 279.399994
463545.090027 4831430.059998 279.369995
463545.099976 4831430.070007 279.329987
463544.909973 4831429.970001 279.700012
463544.960022 4831430.000000 279.559998
463544.950012 4831430.070007 279.500000
463544.929993 4831429.940002 279.700012
463544.940002 4831429.940002 279.600006
463545.049988 4831430.029999 279.480011
463545.049988 4831430.049988 279.500000
463544.979980 4831429.959991 279.589996
463544.979980 4831429.980011 279.600006
463544.929993 4831429.989990 279.790009
463545.099976 4831430.040009 279.350006
463545.059998 4831430.029999 279.440002
463545.059998 4831430.059998 279.390015
463544.989990 4831429.989990 279.630005
463545.000000 4831430.029999 279.570007
463544.919983 4831430.010010 279.769989
463544.940002 4831430.059998 279.559998
463544.969971 4831429.989990 279.700012
463544.989990 4831429.989990 279.630005
463545.080017 4831430.059998 279.320007
463544.960022 4831429.929993 279.500000
463545.070007 4831429.950012 279.290009
463545.049988 4831429.970001 279.269989
463545.020020 4831429.950012 279.359985
463545.020020 4831429.950012 279.299988
463544.919983 4831429.929993 279.730011
463544.960022 4831429.950012 279.690002
463544.950012 4831430.070007 279.549988
463545.000000 4831430.040009 279.540009
463545.000000 4831430.019989 279.679993
463545.039978 4831430.010010 279.589996
463545.070007 4831430.070007 279.529999
463544.960022 4831429.970001 279.709991
463544.950012 4831430.040009 279.739990
463544.979980 4831430.019989 279.730011
463545.000000 4831430.000000 279.670013
463544.989990 4831430.059998 279.700012
463545.020020 4831430.040009 279.649994
463544.979980 4831430.079987 279.500000
463545.080017 4831430.029999 279.500000
463545.080017 4831430.070007 279.450012
463545.070007 4831430.059998 279.459991
463545.099976 4831430.040009 279.450012
463545.070007 4831429.950012 279.000000
463545.099976 4831430.070007 279.429993
463545.030029 4831429.970001 279.510010
463545.010010 4831429.970001 279.589996
463544.979980 4831429.980011 279.619995
463544.960022 4831429.989990 279.640015
463544.989990 4831430.010010 279.750000
463545.039978 4831429.989990 279.579987
463545.059998 4831429.980011 279.540009
463544.140015 4831430.890015 279.149994
463544.460022 4831430.869995 279.230011
463544.489990 4831430.880005 279.109985
463544.190002 4831430.920013 279.149994
463544.429993 4831430.899994 279.170013
463544.460022 4831430.829987 279.190002
463544.450012 4831430.820007 279.209991
463544.460022 4831430.829987 279.190002
463544.450012 4831430.820007 279.130005
463544.460022 4831430.869995 279.179993
463544.400024 4831430.779999 279.089996
463544.419983 4831430.799988 279.100006
463544.429993 4831430.829987 279.100006
463544.419983 4831430.839996 279.160004
463544.429993 4831430.859985 279.170013
463544.440002 4831430.890015 279.200012
463544.390015 4831430.779999 279.089996
463544.409973 4831430.809998 279.089996
463544.419983 4831430.829987 279.100006
463544.409973 4831430.850006 279.149994
463544.429993 4831430.880005 279.160004
463544.349976 4831430.750000 279.049988
463544.359985 4831430.769989 279.059998
463544.369995 4831430.790009 279.079987
463544.380005 4831430.820007 279.079987
463544.390015 4831430.880005 279.160004
463544.320007 4831430.769989 279.029999
463544.340027 4831430.790009 279.049988
463544.390015 4831430.820007 279.100006
463544.380005 4831430.790009 279.079987
463544.450012 4831430.850006 279.230011
463544.440002 4831430.829987 279.200012
463544.440002 4831430.799988 279.119995
463544.380005 4831430.920013 279.170013
463544.349976 4831430.790009 279.049988
463544.330017 4831430.769989 279.029999
463544.450012 4831430.850006 279.179993
463544.419983 4831430.820007 279.100006
463544.409973 4831430.799988 279.079987
463544.390015 4831430.769989 279.079987
463544.429993 4831430.829987 279.109985
463544.590027 4831430.910004 279.390015
463544.299988 4831430.790009 279.049988
463544.429993 4831430.809998 279.170013
463544.440002 4831430.850006 279.209991
463544.340027 4831430.899994 279.209991
463544.369995 4831430.820007 279.160004
463544.619995 4831430.920013 279.450012
463544.440002 4831430.820007 279.230011
463544.369995 4831430.769989 279.160004
463544.369995 4831430.760010 279.149994
463544.400024 4831430.920013 279.130005
463544.369995 4831430.790009 279.130005
463544.320007 4831430.809998 278.950012
463544.320007 4831430.799988 278.940002
463544.330017 4831430.869995 279.160004
463544.320007 4831430.850006 279.200012
463544.419983 4831430.839996 279.239990
463544.479980 4831430.839996 279.230011
463544.400024 4831430.899994 279.209991
463544.510010 4831430.869995 279.220001
463544.479980 4831430.839996 279.190002
463544.440002 4831430.809998 279.130005
463544.440002 4831430.829987 279.179993
463544.429993 4831430.850006 279.250000
463544.429993 4831430.899994 279.230011
463544.619995 4831430.920013 279.459991
463544.580017 4831430.899994 279.369995
463544.559998 4831430.899994 279.369995
463544.559998 4831430.910004 279.359985
463544.590027 4831430.910004 279.369995
463544.619995 4831430.920013 279.450012
463544.599976 4831430.910004 279.390015
463544.429993 4831430.820007 279.130005
463544.309998 4831430.769989 279.040009
463544.309998 4831430.799988 279.029999
463544.309998 4831430.820007 279.040009
463544.320007 4831430.809998 278.890015
463544.280029 4831430.809998 279.010010
463544.299988 4831430.820007 278.970001
463544.299988 4831430.790009 279.029999
463544.299988 4831430.820007 279.029999
463544.330017 4831430.750000 279.029999
463544.320007 4831430.769989 279.049988
463544.320007 4831430.799988 279.049988
463544.330017 4831430.750000 279.079987
463544.320007 4831430.760010 279.040009
463544.309998 4831430.779999 279.040009
463544.309998 4831430.809998 279.049988
463544.369995 4831430.750000 279.089996
463544.349976 4831430.760010 279.059998
463544.599976 4831430.910004 279.480011
463544.530029 4831430.880005 279.470001
463544.520020 4831430.890015 279.429993
463544.419983 4831430.799988 279.279999
463544.400024 4831430.820007 279.260010
463544.320007 4831430.880005 279.149994
463544.320007 4831430.790009 279.220001
463544.380005 4831430.809998 279.260010
463544.369995 4831430.779999 279.170013
463544.460022 4831430.859985 279.130005
463544.450012 4831430.869995 279.209991
463544.479980 4831430.850006 279.209991
463544.429993 4831430.899994 279.209991
463544.599976 4831430.920013 279.369995
463544.390015 4831430.809998 279.100006
463544.429993 4831430.829987 279.109985
463544.450012 4831430.820007 279.149994
463544.340027 4831430.739990 279.140015
463544.469971 4831430.820007 279.290009
463544.450012 4831430.839996 279.279999
463544.369995 4831430.910004 279.140015
463544.440002 4831430.809998 279.209991
463544.400024 4831430.839996 279.170013
463544.359985 4831430.779999 279.089996
463544.380005 4831430.760010 279.109985
463544.400024 4831430.820007 279.089996
463544.450012 4831430.869995 279.109985
463544.460022 4831430.859985 279.200012
463544.489990 4831430.839996 279.190002
463544.330017 4831430.790009 279.019989
463544.309998 4831430.829987 278.890015
463544.330017 4831430.820007 278.980011
463544.450012 4831430.829987 279.170013
463544.440002 4831430.880005 279.140015
463544.460022 4831430.869995 279.190002
463544.309998 4831430.809998 278.899994
463544.340027 4831430.829987 279.019989
463544.349976 4831430.790009 279.130005
463544.570007 4831430.880005 279.470001
463544.289978 4831430.799988 278.980011
463544.320007 4831430.769989 278.890015
463544.280029 4831430.779999 278.890015
463544.289978 4831430.769989 278.910004
463544.309998 4831430.750000 279.019989
463544.280029 4831430.750000 278.989990
463544.299988 4831430.760010 279.019989
463544.289978 4831430.779999 278.890015
463544.250000 4831430.769989 278.899994
463544.280029 4831430.809998 278.890015
463544.280029 4831430.779999 278.929993
463544.280029 4831430.809998 278.929993
463544.309998 4831430.779999 278.899994
463544.299988 4831430.760010 278.970001
463544.289978 4831430.779999 279.000000
463544.299988 4831430.750000 278.970001
463544.289978 4831430.779999 279.010010
463544.299988 4831430.760010 279.029999
463544.289978 4831430.769989 278.920013
463544.289978 4831430.799988 278.920013
463544.270020 4831430.750000 279.059998
463544.309998 4831430.739990 279.070007
463544.250000 4831430.769989 278.920013
463544.270020 4831430.769989 278.899994
463544.270020 4831430.769989 278.899994
463544.289978 4831430.799988 278.899994
463544.309998 4831430.790009 278.910004
