463548.130005 4831430.910004 273.640015
463548.109985 4831430.910004 273.179993
463548.159973 4831430.910004 273.399994
463548.140015 4831430.890015 273.230011
463548.130005 4831430.880005 273.200012
463548.109985 4831430.850006 273.179993
463548.130005 4831430.920013 273.209991
463548.140015 4831430.920013 273.140015
463548.109985 4831430.910004 273.160004
463548.119995 4831430.899994 273.130005
463548.169983 4831430.869995 273.339996
463548.159973 4831430.850006 273.239990
463548.179993 4831430.820007 273.100006
463548.179993 4831430.880005 273.109985
463548.109985 4831430.739990 272.980011
463548.109985 4831430.739990 272.970001
463548.109985 4831430.760010 272.899994
463548.119995 4831430.799988 272.899994
463548.140015 4831430.809998 272.920013
463548.190002 4831430.890015 273.350006
463548.289978 4831430.899994 273.799988
463548.530029 4831430.880005 273.320007
463548.570007 4831430.839996 273.390015
463548.549988 4831430.829987 273.339996
463548.659973 4831430.890015 273.489990
463548.650024 4831430.869995 273.459991
463548.630005 4831430.850006 273.429993
463548.619995 4831430.839996 273.399994
463548.609985 4831430.820007 273.369995
463548.809998 4831430.920013 273.640015
463548.799988 4831430.899994 273.609985
463548.880005 4831430.920013 273.720001
463548.869995 4831430.899994 273.690002
463548.500000 4831430.899994 273.420013
463548.500000 4831430.920013 273.440002
463548.429993 4831430.880005 273.339996
463548.440002 4831430.899994 273.359985
463548.390015 4831430.890015 273.309998
463548.400024 4831430.910004 273.309998
463548.349976 4831430.859985 273.250000
463548.359985 4831430.880005 273.260010
463548.369995 4831430.910004 273.290009
463548.270020 4831430.799988 273.130005
463548.289978 4831430.839996 273.190002
463548.299988 4831430.859985 273.200012
463548.309998 4831430.890015 273.220001
463548.239990 4831430.829987 273.130005
463548.239990 4831430.850006 273.160004
463548.260010 4831430.869995 273.170013
463548.270020 4831430.910004 273.179993
463548.440002 4831430.859985 273.350006
463548.460022 4831430.880005 273.350006
463548.460022 4831430.910004 273.390015
463548.380005 4831430.850006 273.260010
463548.390015 4831430.890015 273.309998
463548.299988 4831430.839996 273.209991
463548.309998 4831430.859985 273.230011
463548.320007 4831430.890015 273.239990
463548.200012 4831430.820007 273.089996
463548.260010 4831430.839996 273.140015
463548.250000 4831430.820007 273.140015
463548.229980 4831430.799988 273.130005
463548.219971 4831430.779999 273.089996
463548.320007 4831430.850006 273.200012
463548.299988 4831430.829987 273.200012
463548.289978 4831430.799988 273.170013
463548.280029 4831430.779999 273.140015
463548.359985 4831430.820007 273.250000
463548.460022 4831430.890015 273.359985
463548.510010 4831430.869995 273.399994
463548.250000 4831430.809998 273.089996
463548.200012 4831430.839996 273.109985
463548.270020 4831430.880005 273.170013
463548.250000 4831430.850006 273.160004
463548.229980 4831430.809998 273.130005
463548.320007 4831430.880005 273.209991
463548.289978 4831430.829987 273.179993
463548.270020 4831430.799988 273.160004
463548.400024 4831430.899994 273.299988
463548.380005 4831430.869995 273.290009
463548.460022 4831430.899994 273.359985
463548.330017 4831430.910004 273.230011
463548.289978 4831430.869995 273.179993
463548.390015 4831430.920013 273.329987
463548.250000 4831430.859985 273.179993
463548.280029 4831430.910004 273.209991
463548.359985 4831430.920013 273.299988
463548.289978 4831430.890015 273.230011
463548.270020 4831430.899994 273.190002
463548.229980 4831430.890015 273.140015
463548.239990 4831430.920013 273.130005
463548.219971 4831430.899994 273.160004
463548.239990 4831430.920013 273.130005
463548.190002 4831430.869995 273.130005
463548.210022 4831430.899994 273.119995
463548.200012 4831430.910004 273.100006
463548.320007 4831430.920013 273.239990
463548.239990 4831430.920013 273.190002
463548.239990 4831430.880005 273.140015
463548.219971 4831430.859985 273.170013
463548.299988 4831430.899994 273.170013
463548.289978 4831430.890015 273.230011
463548.270020 4831430.859985 273.239990
463548.340027 4831430.910004 273.250000
463548.320007 4831430.880005 273.269989
463548.390015 4831430.920013 273.290009
463548.369995 4831430.899994 273.320007
463548.419983 4831430.910004 273.359985
463548.460022 4831430.920013 273.420013
463548.270020 4831430.880005 273.200012
463548.359985 4831430.920013 273.260010
463548.340027 4831430.899994 273.290009
463548.280029 4831430.890015 273.220001
463548.289978 4831430.899994 273.200012
463548.330017 4831430.859985 273.260010
463548.450012 4831430.920013 273.420013
463548.489990 4831430.899994 273.420013
463548.559998 4831430.899994 273.529999
463548.479980 4831430.920013 273.420013
463548.469971 4831430.920013 273.380005
463548.549988 4831430.880005 273.549988
463548.469971 4831430.910004 273.420013
463548.489990 4831430.890015 273.450012
463548.479980 4831430.890015 273.450012
463548.479980 4831430.890015 273.440002
463548.469971 4831430.880005 273.450012
463548.429993 4831430.899994 273.410004
463548.409973 4831430.869995 273.359985
463548.809998 4831430.920013 273.790009
463548.710022 4831430.920013 273.690002
463548.460022 4831430.920013 273.359985
463548.270020 4831430.899994 273.239990
463548.340027 4831430.880005 273.239990
463548.260010 4831430.820007 273.160004
463548.229980 4831430.850006 273.130005
463548.210022 4831430.760010 273.059998
463548.210022 4831430.779999 273.089996
463548.299988 4831430.859985 273.220001
463548.320007 4831430.850006 273.170013
463548.369995 4831430.890015 273.269989
463548.440002 4831430.890015 273.329987
463548.440002 4831430.899994 273.339996
463548.469971 4831430.880005 273.339996
463548.440002 4831430.910004 273.329987
463548.460022 4831430.899994 273.350006
463548.460022 4831430.910004 273.350006
463548.479980 4831430.890015 273.339996
463548.479980 4831430.910004 273.369995
463548.510010 4831430.890015 273.350006
463548.530029 4831430.910004 273.399994
463548.219971 4831430.839996 273.100006
463548.250000 4831430.890015 273.130005
463548.299988 4831430.869995 273.179993
463548.320007 4831430.859985 273.179993
463548.340027 4831430.839996 273.149994
463548.380005 4831430.910004 273.260010
463548.500000 4831430.910004 273.380005
463548.510010 4831430.899994 273.350006
463548.590027 4831430.920013 273.450012
