463547.950012 4831429.290009 282.070007
463547.950012 4831429.220001 282.070007
463547.940002 4831429.239990 282.070007
463547.950012 4831429.279999 282.029999
463548.000000 4831429.390015 282.010010
463547.869995 4831429.250000 282.029999
463547.820007 4831429.209991 282.040009
463547.969971 4831429.230011 282.000000
463547.969971 4831429.260010 281.989990
463547.849976 4831429.170013 282.019989
463547.900024 4831429.279999 282.079987
463547.909973 4831429.250000 282.070007
463547.989990 4831429.269989 282.070007
463547.960022 4831429.339996 282.100006
463547.979980 4831429.350006 282.010010
463547.960022 4831429.390015 282.019989
463547.880005 4831429.309998 282.010010
463547.960022 4831429.420013 282.019989
463547.960022 4831429.399994 282.040009
463547.979980 4831429.339996 282.059998
463547.919983 4831429.320007 282.010010
463547.909973 4831429.380005 282.049988
463547.929993 4831429.399994 281.970001
463547.909973 4831429.230011 282.079987
463547.890015 4831429.239990 282.079987
463547.929993 4831429.190002 282.100006
463547.890015 4831429.320007 282.019989
463547.919983 4831429.329987 282.019989
463547.940002 4831429.230011 282.029999
463547.940002 4831429.250000 282.059998
463547.979980 4831429.299988 282.059998
463547.969971 4831429.179993 282.040009
463548.000000 4831429.290009 282.040009
463548.000000 4831429.329987 281.980011
463547.979980 4831429.619995 282.059998
463548.039978 4831429.709991 281.609985
463548.030029 4831429.700012 281.679993
463548.039978 4831429.709991 281.709991
463548.020020 4831429.750000 281.510010
463548.020020 4831429.730011 281.570007
463548.020020 4831429.730011 281.630005
463548.010010 4831429.720001 281.690002
463548.010010 4831429.720001 281.750000
463548.059998 4831429.859985 281.070007
463548.039978 4831429.809998 281.170013
463548.020020 4831429.760010 281.329987
463548.010010 4831429.739990 281.470001
463548.020020 4831429.750000 281.510010
463548.010010 4831429.739990 281.619995
463548.010010 4831429.730011 281.679993
463548.030029 4831429.760010 281.369995
463548.020020 4831429.750000 281.489990
463548.020020 4831429.739990 281.549988
463548.020020 4831429.739990 281.600006
463548.020020 4831429.730011 281.670013
463548.010010 4831429.720001 281.739990
463548.010010 4831429.720001 281.500000
463548.020020 4831429.739990 281.529999
463548.020020 4831429.739990 281.589996
463548.020020 4831429.720001 281.660004
463548.010010 4831429.720001 281.720001
463548.010010 4831429.709991 281.519989
463548.030029 4831429.750000 281.519989
463548.030029 4831429.739990 281.579987
463548.020020 4831429.720001 281.649994
463548.020020 4831429.720001 281.700012
463548.059998 4831429.859985 281.049988
463548.059998 4831429.850006 281.109985
463548.039978 4831429.809998 281.200012
463548.010010 4831429.760010 281.359985
463548.010010 4831429.739990 281.480011
463548.010010 4831429.750000 281.519989
463548.010010 4831429.739990 281.640015
463548.000000 4831429.720001 281.709991
463548.049988 4831429.869995 281.019989
463548.039978 4831429.859985 281.100006
463548.030029 4831429.829987 281.179993
463548.010010 4831429.799988 281.269989
463548.010010 4831429.799988 281.329987
463548.000000 4831429.760010 281.459991
463548.000000 4831429.769989 281.549988
463548.030029 4831429.899994 281.010010
463548.030029 4831429.880005 281.070007
463548.030029 4831429.890015 281.109985
463548.010010 4831429.839996 281.220001
463548.000000 4831429.809998 281.299988
463547.979980 4831429.779999 281.559998
463548.020020 4831429.619995 281.989990
463548.020020 4831429.739990 281.260010
463548.059998 4831429.799988 281.250000
463548.010010 4831429.760010 281.359985
463548.010010 4831429.760010 281.410004
463548.020020 4831429.829987 281.109985
463548.010010 4831429.820007 281.170013
463547.989990 4831429.809998 281.239990
463548.020020 4831429.619995 281.929993
463547.989990 4831429.609985 282.000000
463548.000000 4831429.679993 281.609985
463547.989990 4831429.690002 281.670013
463548.000000 4831429.709991 281.480011
463548.010010 4831429.750000 281.299988
463547.979980 4831429.750000 281.369995
463547.979980 4831429.760010 281.399994
463547.979980 4831429.769989 281.450012
463548.000000 4831429.779999 281.160004
463547.979980 4831429.779999 281.220001
463547.969971 4831429.790009 281.269989
463548.010010 4831429.839996 281.029999
463548.090027 4831429.820007 281.040009
463548.080017 4831429.769989 281.179993
463548.090027 4831429.779999 281.109985
463548.090027 4831429.730011 281.190002
463548.080017 4831429.690002 281.440002
463548.070007 4831429.660004 281.410004
463548.070007 4831429.649994 281.690002
463548.090027 4831429.649994 281.619995
463548.099976 4831429.660004 281.549988
463548.109985 4831429.649994 281.510010
463548.119995 4831429.619995 281.690002
463547.960022 4831429.890015 281.059998
463547.950012 4831429.779999 281.350006
463547.979980 4831429.779999 281.320007
463548.000000 4831429.769989 281.309998
463548.049988 4831429.760010 281.290009
463548.099976 4831429.850006 281.029999
463548.080017 4831429.700012 281.540009
463548.099976 4831429.750000 281.239990
463548.109985 4831429.769989 281.140015
463548.119995 4831429.799988 281.040009
463548.109985 4831429.660004 281.609985
463548.109985 4831429.670013 281.540009
463548.109985 4831429.660004 281.489990
463548.109985 4831429.679993 281.250000
463547.929993 4831429.829987 281.269989
463547.960022 4831429.730011 281.559998
463547.960022 4831429.820007 281.149994
463547.909973 4831429.450012 281.739990
463547.969971 4831429.679993 281.619995
463547.929993 4831429.720001 281.339996
463547.940002 4831429.739990 281.350006
463547.900024 4831429.820007 281.140015
463547.929993 4831429.899994 281.040009
463547.979980 4831429.579987 282.070007
463547.989990 4831429.609985 282.089996
463547.869995 4831430.049988 282.140015
463548.000000 4831429.880005 281.029999
463547.979980 4831429.839996 281.160004
463547.969971 4831429.809998 281.220001
463547.950012 4831429.779999 281.290009
463548.010010 4831429.779999 281.350006
463547.969971 4831429.690002 281.679993
463547.960022 4831429.720001 281.260010
463548.030029 4831429.720001 281.540009
463547.979980 4831429.869995 281.130005
463547.989990 4831429.890015 281.089996
463548.000000 4831429.910004 281.029999
463547.979980 4831429.760010 281.679993
463547.950012 4831429.739990 281.290009
463547.940002 4831429.839996 281.459991
463547.950012 4831429.910004 281.089996
463547.969971 4831429.920013 281.049988
463547.929993 4831429.859985 281.239990
463547.960022 4831429.880005 281.190002
463547.979980 4831429.890015 281.149994
463547.950012 4831429.799988 281.440002
463547.960022 4831429.750000 281.750000
463547.940002 4831429.700012 282.000000
463548.020020 4831429.839996 281.980011
463547.950012 4831429.750000 281.690002
463547.940002 4831429.820007 281.450012
463547.950012 4831429.869995 281.239990
463547.979980 4831429.869995 281.170013
463547.929993 4831429.880005 281.140015
463547.979980 4831429.940002 281.029999
463547.989990 4831429.890015 281.019989
463547.960022 4831429.859985 281.089996
463547.950012 4831429.850006 281.130005
463548.010010 4831429.880005 281.019989
463547.989990 4831429.859985 281.089996
463547.979980 4831429.850006 281.130005
463547.969971 4831429.839996 281.149994
463547.960022 4831429.820007 281.190002
463548.000000 4831429.809998 281.200012
463547.989990 4831429.799988 281.239990
463548.000000 4831429.899994 281.029999
463547.989990 4831429.880005 281.040009
463547.979980 4831429.750000 281.540009
463547.979980 4831429.750000 281.630005
463547.979980 4831429.750000 281.700012
463547.969971 4831429.730011 281.730011
463548.010010 4831429.929993 281.029999
463548.000000 4831429.899994 281.029999
463548.000000 4831429.890015 281.070007
463547.979980 4831429.670013 281.709991
463547.900024 4831429.450012 282.040009
463547.780029 4831429.880005 282.070007
463547.840027 4831430.059998 282.149994
463548.039978 4831429.559998 281.980011
463548.020020 4831429.760010 281.750000
463548.020020 4831429.769989 281.350006
463548.030029 4831429.790009 281.309998
463548.000000 4831429.850006 281.410004
463548.000000 4831429.850006 281.309998
463548.010010 4831429.859985 281.279999
463548.010010 4831429.859985 281.220001
463548.030029 4831429.890015 281.149994
463548.039978 4831429.910004 281.070007
463547.900024 4831429.850006 281.350006
463548.020020 4831429.720001 281.750000
463547.960022 4831429.739990 281.790009
463548.000000 4831429.769989 281.619995
463548.020020 4831429.779999 281.529999
463548.020020 4831429.790009 281.500000
463548.030029 4831429.779999 281.440002
463548.000000 4831429.809998 281.450012
463548.000000 4831429.799988 281.390015
463548.010010 4831429.809998 281.339996
463547.979980 4831429.820007 281.369995
463547.989990 4831429.829987 281.329987
463548.000000 4831429.839996 281.290009
463548.010010 4831429.839996 281.239990
463548.020020 4831429.859985 281.220001
463547.960022 4831429.820007 281.279999
463547.979980 4831429.839996 281.260010
463547.989990 4831429.850006 281.220001
463548.000000 4831429.869995 281.190002
463548.020020 4831429.880005 281.109985
463548.030029 4831429.899994 281.070007
463548.039978 4831429.910004 281.029999
463547.969971 4831429.890015 281.200012
463547.979980 4831429.899994 281.160004
463547.989990 4831429.890015 281.109985
463548.000000 4831429.899994 281.070007
463548.010010 4831429.910004 281.040009
463547.909973 4831429.850006 281.329987
463547.979980 4831429.920013 281.070007
463547.989990 4831429.920013 281.029999
463547.869995 4831429.850006 281.380005
463548.030029 4831429.720001 281.750000
463547.989990 4831429.809998 281.410004
463547.940002 4831429.859985 281.290009
463548.049988 4831429.820007 282.059998
463547.960022 4831429.829987 281.290009
463547.950012 4831429.869995 281.160004
463547.940002 4831429.910004 281.100006
463547.570007 4831429.760010 282.000000
463547.929993 4831429.769989 281.250000
463547.919983 4831429.839996 281.269989
463547.950012 4831429.600006 282.079987
463548.010010 4831429.739990 281.260010
463547.989990 4831429.739990 281.489990
463547.979980 4831429.799988 281.260010
463548.000000 4831429.790009 281.290009
463548.000000 4831429.779999 281.390015
463548.010010 4831429.769989 281.440002
463547.989990 4831429.820007 281.190002
463547.989990 4831429.820007 281.230011
463548.000000 4831429.809998 281.269989
463548.010010 4831429.799988 281.299988
463547.989990 4831429.829987 281.170013
463548.000000 4831429.820007 281.209991
463548.000000 4831429.820007 281.260010
463548.020020 4831429.809998 281.299988
463548.000000 4831429.839996 281.149994
463548.010010 4831429.829987 281.179993
463548.020020 4831429.820007 281.220001
463548.010010 4831429.820007 281.279999
463548.000000 4831429.829987 281.179993
463548.020020 4831429.820007 281.209991
463548.020020 4831429.820007 281.250000
463548.000000 4831429.850006 281.160004
463548.010010 4831429.839996 281.200012
463547.950012 4831429.679993 282.010010
463547.969971 4831429.640015 281.980011
463547.979980 4831429.640015 282.010010
463547.950012 4831429.790009 281.329987
463547.969971 4831429.779999 281.369995
463547.989990 4831429.779999 281.410004
463547.969971 4831429.929993 281.029999
463548.010010 4831429.510010 282.089996
463548.020020 4831429.470001 282.059998
463547.989990 4831429.850006 281.100006
463547.979980 4831429.829987 281.109985
463547.979980 4831429.829987 281.119995
463547.989990 4831429.809998 281.130005
463547.960022 4831429.820007 281.119995
463547.979980 4831429.679993 281.630005
463547.950012 4831429.700012 281.619995
463547.960022 4831429.640015 281.760010
463547.950012 4831429.640015 281.700012
463548.099976 4831429.690002 282.000000
463548.039978 4831429.510010 281.989990
463548.010010 4831429.480011 282.019989
463547.989990 4831429.600006 281.559998
463548.010010 4831429.640015 281.209991
463547.960022 4831429.579987 282.049988
463547.969971 4831429.670013 281.690002
463547.960022 4831429.769989 281.570007
463547.960022 4831429.760010 281.700012
463547.969971 4831429.739990 281.750000
463547.960022 4831429.720001 281.700012
463547.960022 4831429.820007 281.290009
463548.030029 4831429.559998 282.070007
463547.969971 4831429.640015 282.070007
463548.010010 4831429.600006 282.100006
463548.030029 4831429.589996 282.070007
463548.020020 4831429.570007 282.109985
463548.000000 4831429.660004 282.140015
463548.010010 4831429.630005 281.739990
463548.030029 4831429.690002 281.660004
463548.049988 4831429.690002 281.619995
463548.049988 4831429.690002 281.549988
463548.020020 4831429.730011 281.350006
463548.010010 4831429.820007 281.269989
463548.020020 4831429.809998 281.239990
463548.039978 4831429.799988 281.230011
463548.020020 4831429.899994 281.019989
463547.969971 4831429.480011 281.720001
463548.039978 4831429.540009 281.910004
463548.010010 4831429.609985 282.040009
463548.020020 4831429.600006 282.000000
463548.030029 4831429.589996 281.959991
463547.929993 4831429.690002 282.040009
463548.020020 4831429.630005 281.929993
463547.989990 4831429.769989 281.329987
463548.030029 4831429.750000 281.359985
463548.020020 4831429.750000 281.260010
463548.039978 4831429.660004 281.739990
463547.979980 4831429.790009 281.309998
463548.049988 4831429.779999 281.380005
463548.030029 4831429.839996 281.109985
463548.039978 4831429.829987 281.070007
463548.400024 4831429.420013 281.929993
463548.799988 4831429.929993 282.209991
463548.260010 4831429.670013 282.089996
463548.330017 4831429.440002 281.970001
463548.330017 4831429.459991 281.920013
463548.770020 4831429.570007 281.630005
