463545.630005 4831431.399994 282.269989
463546.080017 4831431.290009 282.209991
463546.109985 4831431.369995 282.230011
463546.070007 4831431.339996 282.209991
463546.119995 4831431.339996 282.239990
463546.109985 4831431.399994 282.179993
463546.130005 4831431.420013 282.170013
463546.099976 4831431.410004 282.179993
463546.099976 4831431.410004 282.230011
463546.090027 4831431.390015 282.260010
463546.099976 4831431.339996 282.170013
463546.119995 4831431.339996 282.290009
463546.099976 4831431.410004 282.190002
463546.109985 4831431.369995 282.179993
463545.609985 4831431.320007 282.040009
463546.109985 4831431.359985 282.260010
463546.090027 4831431.339996 282.250000
463546.109985 4831431.299988 282.250000
463546.109985 4831431.329987 282.209991
463546.109985 4831431.399994 282.239990
463546.119995 4831431.299988 282.179993
463546.049988 4831431.410004 282.209991
463546.090027 4831431.380005 282.279999
463546.059998 4831431.339996 282.269989
463546.210022 4831431.420013 282.190002
463546.159973 4831431.329987 282.260010
463546.150024 4831431.299988 282.179993
463546.150024 4831431.369995 282.250000
463546.169983 4831431.410004 282.230011
463546.140015 4831431.369995 282.230011
463546.140015 4831431.369995 282.170013
463546.130005 4831431.329987 282.269989
463546.150024 4831431.350006 282.290009
463546.179993 4831431.329987 282.260010
463546.169983 4831431.320007 282.200012
463546.130005 4831431.290009 282.220001
463546.159973 4831431.390015 282.209991
463546.059998 4831430.429993 281.510010
463545.989990 4831430.450012 282.200012
463545.979980 4831430.429993 282.179993
463546.010010 4831430.429993 282.190002
463546.020020 4831430.440002 282.130005
463545.840027 4831430.459991 282.269989
463546.090027 4831430.450012 281.869995
463545.940002 4831430.459991 282.119995
463545.909973 4831430.459991 282.230011
463545.950012 4831430.459991 282.160004
463545.950012 4831430.459991 282.200012
463545.940002 4831430.459991 282.140015
463546.039978 4831430.440002 281.649994
463546.000000 4831430.450012 281.940002
463546.070007 4831430.440002 281.470001
463546.010010 4831430.429993 281.899994
463545.950012 4831430.440002 281.799988
463545.940002 4831430.450012 282.200012
463546.049988 4831430.440002 281.640015
463546.039978 4831430.429993 281.679993
463546.030029 4831430.440002 281.809998
463546.020020 4831430.450012 281.890015
463546.030029 4831430.450012 281.549988
463546.070007 4831430.440002 281.459991
463545.989990 4831430.459991 282.100006
463545.969971 4831430.459991 282.200012
463545.979980 4831430.450012 282.140015
463546.049988 4831430.429993 281.959991
463546.000000 4831430.459991 282.010010
463545.989990 4831430.429993 281.739990
463546.010010 4831430.459991 281.709991
463546.049988 4831430.450012 281.549988
463546.070007 4831430.440002 281.500000
463546.049988 4831430.459991 281.329987
463545.890015 4831430.459991 282.230011
463546.059998 4831430.450012 281.570007
463545.919983 4831430.459991 282.079987
463545.940002 4831430.459991 282.119995
463546.030029 4831430.459991 281.540009
463545.880005 4831430.519989 282.260010
463545.820007 4831430.690002 281.859985
463545.830017 4831430.690002 281.839996
463545.809998 4831430.690002 281.839996
463546.080017 4831431.269989 282.179993
463545.929993 4831430.470001 282.269989
463545.940002 4831430.510010 282.290009
463545.979980 4831430.480011 282.200012
463545.890015 4831430.500000 282.250000
463545.929993 4831430.510010 282.239990
463545.929993 4831430.529999 282.160004
463545.940002 4831430.489990 282.170013
463545.969971 4831430.480011 282.160004
463545.960022 4831430.470001 282.119995
463546.059998 4831431.250000 281.899994
463546.000000 4831431.200012 281.809998
463545.780029 4831430.809998 282.200012
463545.770020 4831430.820007 282.250000
463545.739990 4831430.869995 282.239990
463546.039978 4831430.480011 281.489990
463545.950012 4831430.529999 281.890015
463546.010010 4831430.559998 281.649994
463546.049988 4831430.519989 281.529999
463546.030029 4831430.489990 281.570007
463546.049988 4831430.510010 281.959991
463545.880005 4831430.500000 282.170013
463545.940002 4831430.470001 282.149994
463545.919983 4831430.480011 282.250000
463545.909973 4831430.480011 282.279999
463545.900024 4831430.480011 282.269989
463545.780029 4831430.589996 282.260010
463546.080017 4831430.500000 281.579987
463545.799988 4831430.470001 282.089996
463545.739990 4831430.950012 282.299988
463545.739990 4831430.899994 282.230011
463545.890015 4831430.510010 282.190002
463545.739990 4831430.929993 282.279999
463545.760010 4831430.890015 282.140015
463545.739990 4831430.600006 282.299988
463545.940002 4831430.480011 282.109985
463545.950012 4831430.470001 282.179993
463545.760010 4831430.910004 282.049988
463545.739990 4831430.869995 282.019989
463546.020020 4831430.529999 281.549988
463545.780029 4831430.829987 282.029999
463545.770020 4831430.730011 282.029999
463545.789978 4831430.720001 281.859985
463545.780029 4831430.839996 282.029999
463545.830017 4831430.850006 282.089996
463545.820007 4831430.899994 282.070007
463545.950012 4831430.489990 282.179993
463545.900024 4831430.500000 282.160004
463545.809998 4831430.890015 282.209991
463545.809998 4831430.890015 282.160004
463545.760010 4831430.950012 282.230011
463545.969971 4831430.470001 282.260010
463545.940002 4831430.470001 282.109985
463545.929993 4831430.519989 282.190002
463545.900024 4831430.519989 282.200012
463545.909973 4831430.529999 282.170013
463545.880005 4831430.529999 282.170013
463545.869995 4831430.529999 282.170013
463545.849976 4831430.559998 282.220001
463545.809998 4831430.570007 282.279999
463545.750000 4831430.890015 282.230011
463545.770020 4831430.920013 282.209991
463545.919983 4831430.470001 282.269989
463545.929993 4831430.480011 282.230011
463545.940002 4831430.480011 282.190002
463545.960022 4831430.489990 282.170013
463545.909973 4831430.489990 282.109985
463545.859985 4831430.559998 282.149994
463545.880005 4831430.809998 282.000000
463545.859985 4831430.760010 281.920013
463545.989990 4831430.510010 281.869995
463546.039978 4831430.459991 281.619995
463545.789978 4831430.839996 282.079987
463545.789978 4831430.859985 282.070007
463546.119995 4831431.290009 282.179993
463545.750000 4831430.890015 282.140015
463546.030029 4831430.540009 281.600006
463546.070007 4831430.489990 281.540009
463546.049988 4831430.549988 281.579987
463545.849976 4831430.700012 281.859985
463545.859985 4831430.790009 282.010010
463545.859985 4831430.609985 282.049988
463545.770020 4831430.869995 282.100006
463545.789978 4831430.829987 282.260010
463545.789978 4831430.820007 282.170013
463545.820007 4831430.720001 282.119995
463545.780029 4831430.750000 282.220001
463546.109985 4831431.269989 282.140015
463546.130005 4831431.250000 282.160004
463546.039978 4831431.279999 282.230011
463546.070007 4831431.200012 282.179993
463545.859985 4831430.700012 281.910004
463546.030029 4831430.549988 281.649994
463546.070007 4831430.500000 281.589996
463545.799988 4831430.570007 282.299988
463545.849976 4831430.570007 282.269989
463545.830017 4831430.570007 282.250000
463545.869995 4831430.519989 282.160004
463545.900024 4831430.489990 282.130005
463545.729980 4831430.980011 282.209991
463546.049988 4831430.470001 281.649994
463545.849976 4831430.730011 281.829987
463545.799988 4831430.890015 282.040009
463545.760010 4831430.980011 282.049988
463546.059998 4831431.260010 282.220001
463545.760010 4831430.829987 282.109985
463545.729980 4831430.839996 282.130005
463546.030029 4831430.529999 281.540009
463546.119995 4831430.500000 281.890015
463546.020020 4831430.510010 281.570007
463545.809998 4831430.839996 282.079987
463545.760010 4831430.920013 282.070007
463545.809998 4831430.839996 282.160004
463545.750000 4831430.859985 282.190002
463545.830017 4831430.779999 282.019989
463545.849976 4831430.769989 281.989990
463545.750000 4831430.940002 282.049988
463546.140015 4831431.279999 282.160004
463546.229980 4831430.579987 282.220001
463546.400024 4831430.799988 281.720001
463546.390015 4831430.809998 281.660004
463546.179993 4831430.489990 281.549988
463546.289978 4831430.470001 281.420013
463546.169983 4831430.529999 281.440002
463545.710022 4831430.950012 282.200012
