463547.669983 4831434.380005 279.369995
463547.700012 4831434.369995 279.380005
463547.710022 4831434.369995 279.489990
463547.669983 4831434.369995 279.359985
463547.679993 4831434.359985 279.359985
463548.169983 4831433.459991 280.040009
463548.150024 4831433.440002 280.040009
463548.159973 4831433.450012 279.959991
463548.179993 4831433.470001 279.950012
463548.169983 4831433.440002 280.019989
463548.200012 4831433.429993 279.899994
463548.159973 4831433.529999 280.019989
463547.859985 4831434.230011 279.359985
463548.130005 4831433.739990 280.049988
463548.169983 4831433.679993 280.040009
463548.150024 4831433.720001 280.049988
463548.140015 4831433.700012 280.010010
463547.789978 4831434.220001 279.309998
463548.159973 4831433.690002 279.970001
463548.159973 4831433.690002 280.049988
463548.150024 4831433.760010 280.029999
463548.159973 4831433.690002 280.029999
463547.770020 4831434.250000 279.339996
463547.770020 4831434.239990 279.350006
463547.789978 4831434.230011 279.320007
463548.140015 4831433.730011 280.059998
463548.130005 4831433.679993 280.109985
463548.159973 4831433.779999 280.000000
463548.070007 4831433.670013 279.869995
463548.119995 4831433.760010 279.980011
463548.169983 4831433.720001 279.950012
463548.119995 4831433.720001 280.019989
463548.179993 4831433.630005 280.040009
463548.159973 4831433.709991 280.049988
463548.119995 4831433.730011 280.059998
463548.169983 4831433.739990 280.059998
463548.169983 4831433.690002 279.899994
463548.169983 4831433.750000 280.029999
463547.849976 4831434.250000 279.309998
463548.190002 4831433.480011 279.890015
463548.200012 4831433.500000 279.899994
463548.210022 4831433.510010 279.910004
463548.190002 4831433.470001 279.890015
463548.239990 4831433.529999 279.899994
463548.229980 4831433.510010 279.940002
463548.239990 4831433.510010 279.970001
463548.200012 4831433.510010 279.920013
463548.219971 4831433.519989 279.929993
463548.190002 4831433.480011 279.940002
463548.210022 4831433.480011 279.910004
463548.210022 4831433.709991 280.040009
463548.210022 4831433.649994 280.070007
463548.219971 4831433.649994 280.059998
463548.200012 4831433.649994 280.040009
463548.179993 4831433.679993 279.959991
463548.229980 4831433.549988 279.970001
463548.239990 4831433.549988 279.950012
463548.190002 4831433.720001 280.040009
463548.260010 4831433.579987 279.920013
463548.330017 4831433.540009 279.489990
463548.229980 4831433.649994 279.959991
463548.190002 4831433.690002 280.070007
463548.210022 4831433.670013 280.079987
463548.520020 4831433.510010 279.510010
463548.559998 4831433.480011 280.059998
463548.440002 4831433.470001 280.209991
463548.409973 4831433.470001 280.190002
463548.260010 4831433.450012 280.279999
463548.260010 4831433.450012 280.299988
463548.419983 4831433.459991 280.209991
463548.320007 4831433.459991 280.290009
463548.429993 4831433.459991 280.170013
463548.489990 4831433.459991 280.130005
463548.500000 4831433.429993 280.170013
463548.309998 4831433.440002 279.929993
463548.460022 4831433.470001 280.179993
463548.500000 4831433.470001 280.029999
463548.299988 4831433.459991 280.269989
463548.419983 4831433.470001 280.209991
463548.450012 4831433.470001 280.220001
463548.260010 4831433.510010 280.260010
463548.400024 4831433.500000 280.209991
463548.309998 4831433.480011 280.269989
463548.289978 4831433.489990 280.269989
463548.429993 4831433.510010 280.230011
463548.280029 4831433.529999 279.910004
463548.460022 4831433.500000 280.170013
463548.340027 4831433.480011 280.279999
463548.349976 4831433.489990 280.250000
463548.239990 4831433.500000 280.290009
463548.400024 4831433.529999 280.250000
463548.330017 4831433.489990 280.299988
463548.340027 4831433.500000 280.260010
463548.250000 4831433.529999 280.299988
463548.250000 4831433.510010 280.269989
463548.409973 4831433.500000 280.239990
463548.289978 4831433.519989 280.290009
463548.330017 4831433.470001 280.290009
463548.340027 4831433.510010 280.269989
463548.479980 4831433.529999 280.290009
463548.429993 4831433.500000 280.179993
463548.489990 4831433.480011 280.250000
463548.440002 4831433.480011 280.160004
463548.380005 4831433.519989 279.589996
463548.479980 4831433.500000 280.260010
463548.349976 4831433.529999 279.899994
463548.359985 4831433.519989 279.929993
463548.330017 4831433.529999 279.920013
463548.299988 4831433.519989 280.299988
463548.340027 4831433.500000 280.279999
463548.409973 4831433.519989 280.200012
463548.289978 4831433.470001 280.279999
463548.429993 4831433.489990 280.220001
463548.330017 4831433.480011 279.920013
463548.320007 4831433.589996 279.649994
463548.409973 4831433.589996 279.549988
463548.340027 4831433.559998 279.910004
463548.489990 4831433.609985 279.470001
463548.479980 4831433.630005 279.489990
463548.469971 4831433.609985 279.500000
463548.440002 4831433.570007 279.589996
463548.479980 4831433.619995 279.529999
463548.469971 4831433.589996 279.519989
463548.369995 4831433.579987 279.609985
463548.390015 4831433.609985 279.660004
463548.400024 4831433.630005 279.640015
463548.359985 4831433.619995 279.799988
463548.299988 4831433.600006 280.019989
463548.340027 4831433.609985 279.829987
463548.359985 4831433.619995 279.790009
463548.380005 4831433.619995 279.670013
463548.400024 4831433.559998 280.279999
463548.349976 4831433.630005 279.660004
463548.380005 4831433.640015 279.600006
463548.400024 4831433.640015 279.540009
463548.419983 4831433.660004 279.519989
463548.340027 4831433.589996 279.790009
463548.390015 4831433.619995 279.640015
463548.380005 4831433.600006 279.649994
463548.369995 4831433.579987 279.660004
463548.440002 4831433.649994 279.529999
463548.419983 4831433.619995 279.549988
463548.419983 4831433.609985 279.589996
463548.409973 4831433.600006 279.619995
463548.450012 4831433.609985 279.470001
463548.409973 4831433.640015 279.570007
463548.409973 4831433.619995 279.609985
463548.450012 4831433.649994 279.459991
463548.440002 4831433.640015 279.489990
463548.409973 4831433.630005 279.690002
463548.409973 4831433.640015 279.649994
463548.419983 4831433.649994 279.619995
463548.419983 4831433.649994 279.559998
463548.440002 4831433.679993 279.540009
463548.309998 4831433.540009 279.989990
463548.400024 4831433.640015 279.709991
463548.409973 4831433.630005 279.660004
463548.409973 4831433.630005 279.609985
463548.419983 4831433.649994 279.579987
463548.429993 4831433.649994 279.540009
463548.440002 4831433.660004 279.500000
463548.419983 4831433.559998 280.250000
463548.429993 4831433.570007 280.209991
463548.380005 4831433.640015 279.720001
463548.330017 4831433.609985 279.790009
463548.359985 4831433.640015 279.730011
463548.380005 4831433.660004 279.700012
463548.390015 4831433.660004 279.660004
463548.409973 4831433.660004 279.619995
463548.440002 4831433.690002 279.549988
463548.320007 4831433.640015 279.799988
463548.330017 4831433.619995 279.720001
463548.349976 4831433.649994 279.709991
463548.369995 4831433.670013 279.679993
463548.380005 4831433.660004 279.609985
463548.390015 4831433.660004 279.570007
463548.409973 4831433.670013 279.540009
463548.419983 4831433.679993 279.510010
463548.440002 4831433.670013 279.450012
463548.349976 4831433.609985 279.549988
463548.349976 4831433.619995 279.559998
463548.359985 4831433.660004 279.570007
463548.390015 4831433.679993 279.500000
463548.400024 4831433.679993 279.450012
463548.400024 4831433.609985 279.429993
463548.390015 4831433.609985 279.480011
463548.390015 4831433.619995 279.540009
463548.380005 4831433.589996 279.559998
463548.359985 4831433.549988 279.570007
463548.469971 4831433.670013 279.459991
463548.440002 4831433.630005 279.529999
463548.469971 4831433.670013 279.450012
463548.340027 4831433.589996 279.679993
463548.429993 4831433.660004 279.450012
463548.429993 4831433.670013 279.559998
463548.369995 4831433.630005 279.600006
463548.320007 4831433.600006 280.049988
463548.250000 4831433.540009 280.269989
463548.419983 4831433.660004 279.559998
463548.460022 4831433.609985 279.559998
463548.409973 4831433.649994 279.440002
463548.419983 4831433.559998 279.440002
463548.380005 4831433.609985 279.619995
463548.419983 4831433.589996 279.609985
463548.409973 4831433.600006 279.690002
463548.349976 4831433.609985 279.829987
463548.299988 4831433.619995 279.959991
463548.400024 4831433.600006 279.589996
463548.380005 4831433.619995 279.679993
463548.320007 4831433.609985 279.959991
463548.369995 4831433.589996 279.579987
463548.380005 4831433.609985 279.649994
463548.390015 4831433.609985 279.690002
463548.460022 4831433.640015 279.450012
463548.460022 4831433.660004 279.529999
463548.460022 4831433.589996 279.529999
463548.429993 4831433.579987 279.549988
463548.429993 4831433.570007 279.470001
463548.409973 4831433.559998 279.640015
463548.400024 4831433.559998 279.579987
463548.380005 4831433.559998 279.850006
463548.340027 4831433.540009 279.859985
463548.479980 4831433.559998 279.470001
463548.309998 4831433.600006 279.970001
463548.349976 4831433.619995 279.839996
463548.369995 4831433.609985 279.880005
463548.440002 4831433.649994 279.440002
463548.460022 4831433.559998 280.269989
463548.440002 4831433.559998 280.279999
463548.380005 4831433.600006 279.630005
463548.419983 4831433.630005 279.619995
463548.340027 4831433.570007 280.029999
463548.359985 4831433.549988 280.000000
463548.320007 4831433.609985 279.940002
463548.340027 4831433.609985 279.899994
463548.340027 4831433.579987 279.549988
463548.390015 4831433.589996 279.540009
463548.400024 4831433.609985 279.540009
463548.429993 4831433.630005 279.640015
463548.409973 4831433.609985 279.450012
463548.390015 4831433.589996 279.869995
463548.359985 4831433.549988 279.579987
463548.469971 4831433.619995 279.529999
463548.479980 4831433.609985 279.489990
463548.369995 4831433.589996 279.600006
463548.390015 4831433.570007 279.579987
463548.440002 4831433.630005 279.649994
463548.460022 4831433.640015 279.549988
463548.460022 4831433.619995 279.510010
463548.479980 4831433.670013 279.549988
463548.479980 4831433.649994 279.500000
463548.479980 4831433.630005 279.450012
463547.750000 4831434.350006 279.529999
463547.719971 4831434.309998 279.489990
463547.750000 4831434.290009 279.649994
463547.849976 4831434.239990 279.359985
463547.729980 4831434.320007 279.459991
463547.719971 4831434.309998 279.489990
463547.700012 4831434.339996 279.549988
463547.710022 4831434.290009 279.390015
463547.710022 4831434.329987 279.459991
463547.719971 4831434.339996 279.320007
463547.710022 4831434.309998 279.339996
463547.710022 4831434.299988 279.339996
463547.700012 4831434.299988 279.500000
463547.739990 4831434.299988 279.309998
463547.789978 4831434.260010 279.329987
463547.719971 4831434.299988 279.369995
463547.700012 4831434.299988 279.420013
463547.679993 4831434.329987 279.549988
463547.770020 4831434.279999 279.339996
463547.710022 4831434.309998 279.420013
463547.700012 4831434.329987 279.399994
463547.700012 4831434.320007 279.410004
463547.729980 4831434.309998 279.420013
463547.739990 4831434.309998 279.410004
463547.760010 4831434.290009 279.369995
463547.700012 4831434.309998 279.470001
463547.719971 4831434.320007 279.399994
463547.669983 4831434.359985 279.390015
463547.690002 4831434.290009 279.339996
463547.719971 4831434.269989 279.420013
463547.679993 4831434.309998 279.489990
463547.780029 4831434.269989 279.320007
463547.700012 4831434.320007 279.459991
463547.739990 4831434.299988 279.380005
463547.719971 4831434.339996 279.440002
463547.780029 4831434.250000 279.320007
463547.669983 4831434.359985 279.380005
463547.710022 4831434.309998 279.470001
463547.669983 4831434.339996 279.519989
463547.700012 4831434.350006 279.390015
463547.710022 4831434.329987 279.489990
463547.739990 4831434.320007 279.420013
463547.719971 4831434.299988 279.440002
463547.690002 4831434.339996 279.320007
463547.739990 4831434.279999 279.390015
463547.700012 4831434.299988 279.399994
463547.700012 4831434.320007 279.450012
463547.719971 4831434.299988 279.380005
463547.710022 4831434.320007 279.410004
463547.679993 4831434.339996 279.420013
463547.630005 4831434.230011 279.339996
463547.770020 4831434.279999 279.359985
463547.679993 4831434.309998 279.410004
463547.640015 4831434.329987 279.359985
463547.729980 4831434.290009 279.489990
463547.700012 4831434.320007 279.549988
463547.729980 4831434.290009 279.470001
463547.719971 4831434.320007 279.399994
463547.739990 4831434.309998 279.440002
463547.729980 4831434.279999 279.369995
463547.760010 4831434.200012 279.510010
463547.739990 4831434.200012 279.549988
463547.700012 4831434.339996 279.589996
463547.710022 4831434.320007 279.559998
463547.739990 4831434.320007 279.380005
463547.830017 4831434.260010 279.320007
463547.659973 4831433.529999 280.269989
463547.609985 4831433.630005 280.170013
463547.630005 4831433.579987 280.290009
463547.609985 4831433.640015 280.299988
463547.619995 4831433.630005 280.260010
463547.630005 4831433.619995 280.299988
463547.619995 4831433.640015 280.260010
463547.609985 4831433.660004 280.250000
463547.619995 4831433.649994 280.279999
463547.619995 4831433.630005 280.290009
463547.619995 4831433.589996 280.200012
463547.650024 4831433.589996 280.220001
463547.650024 4831433.600006 280.299988
463547.650024 4831433.570007 280.299988
463547.659973 4831433.559998 280.279999
463547.690002 4831433.540009 280.239990
463547.640015 4831433.589996 280.279999
463547.619995 4831433.600006 280.269989
463547.630005 4831433.679993 280.299988
463547.619995 4831433.660004 280.299988
463547.619995 4831433.679993 280.290009
