2.752900089999999977e+02 4.831430660004000179e+06 4.635498599849999882e+05
2.752699890000000096e+02 4.831430670013000257e+06 4.635498599849999882e+05
2.752699890000000096e+02 4.831430660004000179e+06 4.635498300169999711e+05
2.752900089999999977e+02 4.831430690001999959e+06 4.635498499760000268e+05
2.752300109999999904e+02 4.831430700012000278e+06 4.635498300169999711e+05
2.752699890000000096e+02 4.831430720000999980e+06 4.635498400269999984e+05
2.752099910000000023e+02 4.831430700012000278e+06 4.635498099979999824e+05
2.752600100000000225e+02 4.831430720000999980e+06 4.635498200070000021e+05
2.751900019999999927e+02 4.831430720000999980e+06 4.635497800290000159e+05
2.752399899999999775e+02 4.831430730011000298e+06 4.635497800290000159e+05
2.751300049999999828e+02 4.831430750000000000e+06 4.635497500000000000e+05
2.750400089999999977e+02 4.831430779999000020e+06 4.635496900020000176e+05
2.750700069999999755e+02 4.831430799987999722e+06 4.635497000119999866e+05
2.751400150000000053e+02 4.831430730011000298e+06 4.635497399899999727e+05
2.750799870000000169e+02 4.831430880005000159e+06 4.635496500239999732e+05
2.750700069999999755e+02 4.831430859985000454e+06 4.635496300049999845e+05
2.748399959999999851e+02 4.831430799987999722e+06 4.635496199950000155e+05
2.747999879999999848e+02 4.831430779999000020e+06 4.635496099849999882e+05
2.749200129999999831e+02 4.831430760010000318e+06 4.635496300049999845e+05
2.749200129999999831e+02 4.831430750000000000e+06 4.635496699830000289e+05
2.749899899999999775e+02 4.831430769988999702e+06 4.635497299800000037e+05
2.749800109999999904e+02 4.831430739989999682e+06 4.635497100220000139e+05
2.749599910000000023e+02 4.831430720000999980e+06 4.635496900020000176e+05
2.750799870000000169e+02 4.831430750000000000e+06 4.635497399899999727e+05
2.750400089999999977e+02 4.831430739989999682e+06 4.635497399899999727e+05
2.750000000000000000e+02 4.831430720000999980e+06 4.635497299800000037e+05
2.750799870000000169e+02 4.831430720000999980e+06 4.635497700199999963e+05
2.750499879999999848e+02 4.831430700012000278e+06 4.635497600100000273e+05
2.751300049999999828e+02 4.831430709990999661e+06 4.635498099979999824e+05
2.751099849999999947e+02 4.831430690001999959e+06 4.635497899779999861e+05
2.751799930000000245e+02 4.831430670013000257e+06 4.635498300169999711e+05
2.751600040000000149e+02 4.831430649993999861e+06 4.635498200070000021e+05
2.752399899999999775e+02 4.831430649993999861e+06 4.635498699950000155e+05
2.751900019999999927e+02 4.831430630005000159e+06 4.635498699950000155e+05
2.752900089999999977e+02 4.831430589995999821e+06 4.635499000239999732e+05
2.751000060000000076e+02 4.831430880005000159e+06 4.635496599730000016e+05
2.747799989999999752e+02 4.831430820007000118e+06 4.635496099849999882e+05
2.749599910000000023e+02 4.831430809998000041e+06 4.635497199709999841e+05
2.749599910000000023e+02 4.831430779999000020e+06 4.635497000119999866e+05
2.750899959999999851e+02 4.831430750000000000e+06 4.635497800290000159e+05
2.751000060000000076e+02 4.831430709990999661e+06 4.635497600100000273e+05
2.751600040000000149e+02 4.831430679992999882e+06 4.635498499760000268e+05
2.748800049999999828e+02 4.831430799987999722e+06 4.635496400150000118e+05
2.750499879999999848e+02 4.831430739989999682e+06 4.635497600100000273e+05
2.750000000000000000e+02 4.831430739989999682e+06 4.635497600100000273e+05
2.752500000000000000e+02 4.831430679992999882e+06 4.635498900150000118e+05
2.752000120000000152e+02 4.831430670013000257e+06 4.635498800049999845e+05
2.752099910000000023e+02 4.831430640014999546e+06 4.635498699950000155e+05
2.752799989999999752e+02 4.831430640014999546e+06 4.635499400020000176e+05
2.752999879999999848e+02 4.831430609985000454e+06 4.635499699709999841e+05
2.752000120000000152e+02 4.831430779999000020e+06 4.635497500000000000e+05
2.751799930000000245e+02 4.831430760010000318e+06 4.635497299800000037e+05
2.751000060000000076e+02 4.831430779999000020e+06 4.635496900020000176e+05
2.751199950000000172e+02 4.831430799987999722e+06 4.635497100220000139e+05
2.750599980000000073e+02 4.831430779999000020e+06 4.635496699830000289e+05
2.750899959999999851e+02 4.831430799987999722e+06 4.635496799929999979e+05
2.751000060000000076e+02 4.831430829986999743e+06 4.635496900020000176e+05
2.750700069999999755e+02 4.831430809998000041e+06 4.635496599730000016e+05
2.751099849999999947e+02 4.831430829986999743e+06 4.635496699830000289e+05
2.750199890000000096e+02 4.831430809998000041e+06 4.635496400150000118e+05
2.750499879999999848e+02 4.831430829986999743e+06 4.635496500239999732e+05
2.751600040000000149e+02 4.831430799987999722e+06 4.635497100220000139e+05
2.751099849999999947e+02 4.831430820007000118e+06 4.635497199709999841e+05
2.751600040000000149e+02 4.831430790009000339e+06 4.635497100220000139e+05
2.751600040000000149e+02 4.831430809998000041e+06 4.635496900020000176e+05
2.751300049999999828e+02 4.831430799987999722e+06 4.635496900020000176e+05
2.751400150000000053e+02 4.831430790009000339e+06 4.635496900020000176e+05
2.751499939999999924e+02 4.831430790009000339e+06 4.635496900020000176e+05
2.751700129999999831e+02 4.831430790009000339e+06 4.635497000119999866e+05
2.751799930000000245e+02 4.831430769988999702e+06 4.635497100220000139e+05
2.751799930000000245e+02 4.831430790009000339e+06 4.635497299800000037e+05
2.752000120000000152e+02 4.831430779999000020e+06 4.635497299800000037e+05
2.751900019999999927e+02 4.831430760010000318e+06 4.635497299800000037e+05
2.751900019999999927e+02 4.831430790009000339e+06 4.635497399899999727e+05
2.751799930000000245e+02 4.831430799987999722e+06 4.635497199709999841e+05
2.751900019999999927e+02 4.831430769988999702e+06 4.635497100220000139e+05
2.751799930000000245e+02 4.831430790009000339e+06 4.635497299800000037e+05
2.751700129999999831e+02 4.831430769988999702e+06 4.635497100220000139e+05
2.751700129999999831e+02 4.831430790009000339e+06 4.635497199709999841e+05
2.752000120000000152e+02 4.831430779999000020e+06 4.635497299800000037e+05
2.751700129999999831e+02 4.831430790009000339e+06 4.635497199709999841e+05
2.752200010000000248e+02 4.831430760010000318e+06 4.635497299800000037e+05
2.752200010000000248e+02 4.831430790009000339e+06 4.635497399899999727e+05
2.752200010000000248e+02 4.831430750000000000e+06 4.635497399899999727e+05
2.752099910000000023e+02 4.831430779999000020e+06 4.635497600100000273e+05
2.752600100000000225e+02 4.831430769988999702e+06 4.635497899779999861e+05
2.752600100000000225e+02 4.831430750000000000e+06 4.635497700199999963e+05
2.752600100000000225e+02 4.831430779999000020e+06 4.635497800290000159e+05
2.751900019999999927e+02 4.831430769988999702e+06 4.635497199709999841e+05
2.751700129999999831e+02 4.831430799987999722e+06 4.635497299800000037e+05
2.751199950000000172e+02 4.831430829986999743e+06 4.635496699830000289e+05
2.750599980000000073e+02 4.831430829986999743e+06 4.635496400150000118e+05
2.751300049999999828e+02 4.831430859985000454e+06 4.635496500239999732e+05
2.752300109999999904e+02 4.831430750000000000e+06 4.635497800290000159e+05
2.752799989999999752e+02 4.831430720000999980e+06 4.635498099979999824e+05
2.750000000000000000e+02 4.831430829986999743e+06 4.635496699830000289e+05
2.750499879999999848e+02 4.831430820007000118e+06 4.635496599730000016e+05
2.752200010000000248e+02 4.831430769988999702e+06 4.635497500000000000e+05
2.752600100000000225e+02 4.831430760010000318e+06 4.635498099979999824e+05
2.752399899999999775e+02 4.831430730011000298e+06 4.635497800290000159e+05
2.752999879999999848e+02 4.831430739989999682e+06 4.635498499760000268e+05
2.752600100000000225e+02 4.831430760010000318e+06 4.635497899779999861e+05
2.752200010000000248e+02 4.831430779999000020e+06 4.635497999880000134e+05
2.751900019999999927e+02 4.831430790009000339e+06 4.635497100220000139e+05
2.751600040000000149e+02 4.831430799987999722e+06 4.635497199709999841e+05
2.751199950000000172e+02 4.831430820007000118e+06 4.635497299800000037e+05
2.750100100000000225e+02 4.831430859985000454e+06 4.635496300049999845e+05
2.752799989999999752e+02 4.831430750000000000e+06 4.635497700199999963e+05
2.752600100000000225e+02 4.831430769988999702e+06 4.635497899779999861e+05
2.751700129999999831e+02 4.831430779999000020e+06 4.635497100220000139e+05
2.751600040000000149e+02 4.831430799987999722e+06 4.635497199709999841e+05
2.751099849999999947e+02 4.831430809998000041e+06 4.635497399899999727e+05
2.751000060000000076e+02 4.831430820007000118e+06 4.635496699830000289e+05
2.750599980000000073e+02 4.831430839995999821e+06 4.635496799929999979e+05
2.750299989999999752e+02 4.831430859985000454e+06 4.635496199950000155e+05
2.752799989999999752e+02 4.831430750000000000e+06 4.635497999880000134e+05
2.752699890000000096e+02 4.831430779999000020e+06 4.635498200070000021e+05
2.751400150000000053e+02 4.831430799987999722e+06 4.635496799929999979e+05
2.751300049999999828e+02 4.831430820007000118e+06 4.635497000119999866e+05
2.751000060000000076e+02 4.831430839995999821e+06 4.635497100220000139e+05
2.750599980000000073e+02 4.831430839995999821e+06 4.635496500239999732e+05
2.750400089999999977e+02 4.831430859985000454e+06 4.635496599730000016e+05
2.750599980000000073e+02 4.831430890014999546e+06 4.635496099849999882e+05
2.750499879999999848e+02 4.831430820007000118e+06 4.635496400150000118e+05
2.751300049999999828e+02 4.831430790009000339e+06 4.635497000119999866e+05
2.752200010000000248e+02 4.831430750000000000e+06 4.635497299800000037e+05
2.750499879999999848e+02 4.831430829986999743e+06 4.635496500239999732e+05
2.750799870000000169e+02 4.831430809998000041e+06 4.635497000119999866e+05
2.751199950000000172e+02 4.831430799987999722e+06 4.635496900020000176e+05
2.751600040000000149e+02 4.831430769988999702e+06 4.635497500000000000e+05
2.752000120000000152e+02 4.831430760010000318e+06 4.635497500000000000e+05
2.752500000000000000e+02 4.831430760010000318e+06 4.635497399899999727e+05
2.752399899999999775e+02 4.831430739989999682e+06 4.635497999880000134e+05
2.752900089999999977e+02 4.831430720000999980e+06 4.635497899779999861e+05
2.749800109999999904e+02 4.831430850006000139e+06 4.635496599730000016e+05
2.750400089999999977e+02 4.831430839995999821e+06 4.635496599730000016e+05
2.750700069999999755e+02 4.831430820007000118e+06 4.635497100220000139e+05
2.751099849999999947e+02 4.831430809998000041e+06 4.635497100220000139e+05
2.752999879999999848e+02 4.831430690001999959e+06 4.635497800290000159e+05
2.752900089999999977e+02 4.831430720000999980e+06 4.635497800290000159e+05
2.751499939999999924e+02 4.831430779999000020e+06 4.635496799929999979e+05
2.752999879999999848e+02 4.831430649993999861e+06 4.635497500000000000e+05
2.752699890000000096e+02 4.831430660004000179e+06 4.635497399899999727e+05
2.752500000000000000e+02 4.831430670013000257e+06 4.635497199709999841e+05
2.752099910000000023e+02 4.831430679992999882e+06 4.635497000119999866e+05
2.751799930000000245e+02 4.831430690001999959e+06 4.635496799929999979e+05
2.751600040000000149e+02 4.831430709990999661e+06 4.635496500239999732e+05
2.752900089999999977e+02 4.831430640014999546e+06 4.635497299800000037e+05
2.752600100000000225e+02 4.831430649993999861e+06 4.635497100220000139e+05
2.752200010000000248e+02 4.831430670013000257e+06 4.635496900020000176e+05
2.751799930000000245e+02 4.831430679992999882e+06 4.635496699830000289e+05
2.751600040000000149e+02 4.831430690001999959e+06 4.635496500239999732e+05
2.751300049999999828e+02 4.831430709990999661e+06 4.635496300049999845e+05
2.752999879999999848e+02 4.831430630005000159e+06 4.635497500000000000e+05
2.752699890000000096e+02 4.831430640014999546e+06 4.635497299800000037e+05
2.752399899999999775e+02 4.831430649993999861e+06 4.635497100220000139e+05
2.752099910000000023e+02 4.831430670013000257e+06 4.635496900020000176e+05
2.751799930000000245e+02 4.831430679992999882e+06 4.635496599730000016e+05
2.751499939999999924e+02 4.831430700012000278e+06 4.635496400150000118e+05
2.752999879999999848e+02 4.831430630005000159e+06 4.635497399899999727e+05
2.752699890000000096e+02 4.831430649993999861e+06 4.635497199709999841e+05
2.752399899999999775e+02 4.831430649993999861e+06 4.635497100220000139e+05
2.752099910000000023e+02 4.831430670013000257e+06 4.635496799929999979e+05
2.751799930000000245e+02 4.831430679992999882e+06 4.635496699830000289e+05
2.751499939999999924e+02 4.831430700012000278e+06 4.635496400150000118e+05
2.751199950000000172e+02 4.831430709990999661e+06 4.635496199950000155e+05
2.752900089999999977e+02 4.831430609985000454e+06 4.635497399899999727e+05
2.752699890000000096e+02 4.831430630005000159e+06 4.635497100220000139e+05
2.752399899999999775e+02 4.831430640014999546e+06 4.635497000119999866e+05
2.752000120000000152e+02 4.831430660004000179e+06 4.635496699830000289e+05
2.751700129999999831e+02 4.831430670013000257e+06 4.635496500239999732e+05
2.751400150000000053e+02 4.831430679992999882e+06 4.635496300049999845e+05
2.752699890000000096e+02 4.831430609985000454e+06 4.635497199709999841e+05
2.752500000000000000e+02 4.831430630005000159e+06 4.635496900020000176e+05
2.752200010000000248e+02 4.831430640014999546e+06 4.635496699830000289e+05
2.751900019999999927e+02 4.831430649993999861e+06 4.635496599730000016e+05
2.751600040000000149e+02 4.831430660004000179e+06 4.635496400150000118e+05
2.751300049999999828e+02 4.831430670013000257e+06 4.635496199950000155e+05
2.752399899999999775e+02 4.831430609985000454e+06 4.635497000119999866e+05
2.752200010000000248e+02 4.831430619994999841e+06 4.635496900020000176e+05
2.750799870000000169e+02 4.831430660004000179e+06 4.635496300049999845e+05
2.752600100000000225e+02 4.831430619994999841e+06 4.635496799929999979e+05
2.751199950000000172e+02 4.831430640014999546e+06 4.635496500239999732e+05
2.750700069999999755e+02 4.831430660004000179e+06 4.635496300049999845e+05
2.751400150000000053e+02 4.831430649993999861e+06 4.635496799929999979e+05
2.751000060000000076e+02 4.831430660004000179e+06 4.635496599730000016e+05
2.750799870000000169e+02 4.831430790009000339e+06 4.635496500239999732e+05
2.751099849999999947e+02 4.831430779999000020e+06 4.635496799929999979e+05
2.751700129999999831e+02 4.831430769988999702e+06 4.635497100220000139e+05
2.751799930000000245e+02 4.831430760010000318e+06 4.635497299800000037e+05
2.752200010000000248e+02 4.831430750000000000e+06 4.635497500000000000e+05
2.752999879999999848e+02 4.831430750000000000e+06 4.635497800290000159e+05
2.750499879999999848e+02 4.831430839995999821e+06 4.635496599730000016e+05
2.750799870000000169e+02 4.831430829986999743e+06 4.635496799929999979e+05
2.750700069999999755e+02 4.831430799987999722e+06 4.635496500239999732e+05
2.751000060000000076e+02 4.831430790009000339e+06 4.635496699830000289e+05
2.751199950000000172e+02 4.831430779999000020e+06 4.635496900020000176e+05
2.751499939999999924e+02 4.831430779999000020e+06 4.635497100220000139e+05
2.751799930000000245e+02 4.831430769988999702e+06 4.635497299800000037e+05
2.752000120000000152e+02 4.831430760010000318e+06 4.635497600100000273e+05
2.752300109999999904e+02 4.831430750000000000e+06 4.635497800290000159e+05
2.750799870000000169e+02 4.831430799987999722e+06 4.635496599730000016e+05
2.751000060000000076e+02 4.831430779999000020e+06 4.635496900020000176e+05
2.751400150000000053e+02 4.831430779999000020e+06 4.635497000119999866e+05
2.751700129999999831e+02 4.831430779999000020e+06 4.635497299800000037e+05
2.752000120000000152e+02 4.831430769988999702e+06 4.635497500000000000e+05
2.752300109999999904e+02 4.831430750000000000e+06 4.635497800290000159e+05
2.750700069999999755e+02 4.831430809998000041e+06 4.635496599730000016e+05
2.751000060000000076e+02 4.831430809998000041e+06 4.635496699830000289e+05
2.751300049999999828e+02 4.831430799987999722e+06 4.635497000119999866e+05
2.751499939999999924e+02 4.831430790009000339e+06 4.635497199709999841e+05
2.751700129999999831e+02 4.831430779999000020e+06 4.635497399899999727e+05
2.752000120000000152e+02 4.831430769988999702e+06 4.635497600100000273e+05
2.752300109999999904e+02 4.831430760010000318e+06 4.635497899779999861e+05
2.750700069999999755e+02 4.831430820007000118e+06 4.635496599730000016e+05
2.751000060000000076e+02 4.831430809998000041e+06 4.635496900020000176e+05
2.751300049999999828e+02 4.831430809998000041e+06 4.635497100220000139e+05
2.751600040000000149e+02 4.831430799987999722e+06 4.635497399899999727e+05
2.751799930000000245e+02 4.831430779999000020e+06 4.635497700199999963e+05
2.752099910000000023e+02 4.831430769988999702e+06 4.635497800290000159e+05
2.752600100000000225e+02 4.831430779999000020e+06 4.635497899779999861e+05
2.750700069999999755e+02 4.831430829986999743e+06 4.635496900020000176e+05
2.750799870000000169e+02 4.831430799987999722e+06 4.635496599730000016e+05
2.750400089999999977e+02 4.831430809998000041e+06 4.635496400150000118e+05
2.752900089999999977e+02 4.831430690001999959e+06 4.635497800290000159e+05
2.752600100000000225e+02 4.831430700012000278e+06 4.635497600100000273e+05
2.752300109999999904e+02 4.831430709990999661e+06 4.635497399899999727e+05
2.752000120000000152e+02 4.831430720000999980e+06 4.635497199709999841e+05
2.751700129999999831e+02 4.831430730011000298e+06 4.635497000119999866e+05
2.751199950000000172e+02 4.831430750000000000e+06 4.635496599730000016e+05
2.750899959999999851e+02 4.831430760010000318e+06 4.635496400150000118e+05
2.750599980000000073e+02 4.831430769988999702e+06 4.635496300049999845e+05
2.752900089999999977e+02 4.831430609985000454e+06 4.635497999880000134e+05
2.752399899999999775e+02 4.831430640014999546e+06 4.635497700199999963e+05
2.752000120000000152e+02 4.831430649993999861e+06 4.635497500000000000e+05
2.751799930000000245e+02 4.831430670013000257e+06 4.635497299800000037e+05
2.751600040000000149e+02 4.831430679992999882e+06 4.635497100220000139e+05
2.750499879999999848e+02 4.831430730011000298e+06 4.635496400150000118e+05
2.750299989999999752e+02 4.831430739989999682e+06 4.635496199950000155e+05
2.750700069999999755e+02 4.831430829986999743e+06 4.635496699830000289e+05
2.751099849999999947e+02 4.831430829986999743e+06 4.635497100220000139e+05
2.752999879999999848e+02 4.831430730011000298e+06 4.635498099979999824e+05
2.752999879999999848e+02 4.831430730011000298e+06 4.635498200070000021e+05
2.752500000000000000e+02 4.831430760010000318e+06 4.635497700199999963e+05
2.752799989999999752e+02 4.831430750000000000e+06 4.635497999880000134e+05
2.752999879999999848e+02 4.831430739989999682e+06 4.635498200070000021e+05
2.751700129999999831e+02 4.831430779999000020e+06 4.635497299800000037e+05
2.751900019999999927e+02 4.831430769988999702e+06 4.635497500000000000e+05
2.752399899999999775e+02 4.831430779999000020e+06 4.635497700199999963e+05
2.752600100000000225e+02 4.831430769988999702e+06 4.635497999880000134e+05
2.752799989999999752e+02 4.831430760010000318e+06 4.635498200070000021e+05
2.751300049999999828e+02 4.831430799987999722e+06 4.635497000119999866e+05
2.751600040000000149e+02 4.831430799987999722e+06 4.635497199709999841e+05
2.751900019999999927e+02 4.831430790009000339e+06 4.635497500000000000e+05
2.752300109999999904e+02 4.831430790009000339e+06 4.635497700199999963e+05
2.752399899999999775e+02 4.831430779999000020e+06 4.635497999880000134e+05
2.751199950000000172e+02 4.831430809998000041e+06 4.635497100220000139e+05
2.751600040000000149e+02 4.831430809998000041e+06 4.635497399899999727e+05
2.751799930000000245e+02 4.831430799987999722e+06 4.635497600100000273e+05
2.752099910000000023e+02 4.831430799987999722e+06 4.635497800290000159e+05
2.752300109999999904e+02 4.831430790009000339e+06 4.635497999880000134e+05
2.752900089999999977e+02 4.831430739989999682e+06 4.635497800290000159e+05
2.752999879999999848e+02 4.831430720000999980e+06 4.635497800290000159e+05
2.752200010000000248e+02 4.831430739989999682e+06 4.635497500000000000e+05
2.751000060000000076e+02 4.831430730011000298e+06 4.635496900020000176e+05
2.751300049999999828e+02 4.831430739989999682e+06 4.635497000119999866e+05
2.751400150000000053e+02 4.831430750000000000e+06 4.635497199709999841e+05
2.751300049999999828e+02 4.831430769988999702e+06 4.635496900020000176e+05
2.751300049999999828e+02 4.831430750000000000e+06 4.635497100220000139e+05
2.751300049999999828e+02 4.831430739989999682e+06 4.635497299800000037e+05
2.751199950000000172e+02 4.831430760010000318e+06 4.635497000119999866e+05
2.751900019999999927e+02 4.831430709990999661e+06 4.635497299800000037e+05
2.751099849999999947e+02 4.831430760010000318e+06 4.635496900020000176e+05
2.750199890000000096e+02 4.831430839995999821e+06 4.635496699830000289e+05
2.751099849999999947e+02 4.831430820007000118e+06 4.635497299800000037e+05
2.751600040000000149e+02 4.831430799987999722e+06 4.635497800290000159e+05
2.752099910000000023e+02 4.831430779999000020e+06 4.635498300169999711e+05
2.752900089999999977e+02 4.831430739989999682e+06 4.635498300169999711e+05
2.750700069999999755e+02 4.831430839995999821e+06 4.635497100220000139e+05
2.750700069999999755e+02 4.831430829986999743e+06 4.635497399899999727e+05
