463548.070007 4831431.380005 274.739990
463548.090027 4831431.480011 274.179993
463548.059998 4831431.470001 274.709991
463548.099976 4831431.299988 273.959991
463547.989990 4831431.459991 274.799988
463548.099976 4831431.299988 274.089996
463548.020020 4831431.480011 274.769989
463547.989990 4831431.480011 274.769989
463548.099976 4831431.480011 274.640015
463547.869995 4831431.399994 274.179993
463548.059998 4831431.320007 274.040009
463548.070007 4831431.320007 273.989990
463548.020020 4831431.239990 274.049988
463547.989990 4831431.489990 274.750000
463547.979980 4831431.470001 274.799988
463548.030029 4831431.470001 274.690002
463548.020020 4831431.470001 274.730011
463548.070007 4831431.459991 274.640015
463548.059998 4831431.450012 274.690002
463548.049988 4831431.429993 274.709991
463548.090027 4831431.329987 274.130005
463548.099976 4831431.440002 274.640015
463548.090027 4831431.429993 274.670013
463548.039978 4831431.480011 274.709991
463548.049988 4831431.480011 274.640015
463548.059998 4831431.480011 274.700012
463548.099976 4831431.470001 274.630005
463548.090027 4831431.450012 274.649994
463548.070007 4831431.320007 273.989990
463548.030029 4831431.239990 274.000000
463548.090027 4831431.309998 274.059998
463548.099976 4831431.260010 274.000000
463548.090027 4831431.290009 274.040009
463548.099976 4831431.250000 274.000000
463548.080017 4831431.350006 274.589996
463548.080017 4831431.359985 274.540009
463548.090027 4831431.339996 274.459991
463547.940002 4831431.410004 274.760010
463548.070007 4831431.470001 274.660004
463548.070007 4831431.440002 274.700012
463548.070007 4831431.450012 274.709991
463548.059998 4831431.459991 274.720001
463548.049988 4831431.470001 274.709991
463548.099976 4831431.290009 274.079987
463548.090027 4831431.279999 274.059998
463548.070007 4831431.279999 274.070007
463548.090027 4831431.380005 274.640015
463548.039978 4831431.420013 274.700012
463548.010010 4831431.450012 274.730011
463548.000000 4831431.440002 274.750000
463547.969971 4831431.470001 274.779999
463547.969971 4831431.450012 274.779999
463547.979980 4831431.429993 274.750000
463547.979980 4831431.429993 274.760010
463547.960022 4831431.440002 274.779999
463548.099976 4831431.279999 273.980011
463548.090027 4831431.459991 274.660004
463548.000000 4831431.489990 274.769989
463548.080017 4831431.489990 274.739990
463548.099976 4831431.459991 274.700012
463548.000000 4831431.489990 274.779999
463548.070007 4831431.470001 274.709991
463548.090027 4831431.459991 274.679993
463548.080017 4831431.529999 274.619995
463547.969971 4831431.500000 274.790009
463548.000000 4831431.559998 274.720001
463547.919983 4831431.600006 274.700012
463547.890015 4831431.619995 274.760010
463548.000000 4831431.500000 274.700012
463547.969971 4831431.500000 274.779999
463547.989990 4831431.519989 274.769989
463547.979980 4831431.519989 274.769989
463548.000000 4831431.500000 274.739990
463548.039978 4831431.500000 274.720001
463548.030029 4831431.500000 274.720001
463548.039978 4831431.500000 274.670013
463547.960022 4831431.549988 274.779999
463548.070007 4831431.489990 274.630005
463547.950012 4831431.549988 274.769989
463547.950012 4831431.529999 274.799988
463547.979980 4831431.519989 274.760010
463547.969971 4831431.500000 274.790009
463548.000000 4831431.489990 274.750000
463547.940002 4831431.549988 274.799988
463547.979980 4831431.529999 274.760010
463547.969971 4831431.510010 274.790009
463548.010010 4831431.500000 274.700012
463548.010010 4831431.489990 274.750000
463547.919983 4831431.540009 274.779999
463548.000000 4831431.489990 274.750000
463548.049988 4831431.489990 274.649994
463548.020020 4831431.489990 274.730011
463547.979980 4831431.529999 274.750000
463548.020020 4831431.500000 274.739990
463547.969971 4831431.529999 274.790009
463548.010010 4831431.489990 274.760010
463547.969971 4831431.540009 274.769989
463548.010010 4831431.500000 274.750000
463548.020020 4831431.500000 274.709991
463548.059998 4831431.489990 274.140015
463547.929993 4831431.549988 274.660004
463547.979980 4831431.510010 274.769989
463548.000000 4831431.500000 274.779999
463547.919983 4831431.589996 274.589996
463547.989990 4831431.529999 274.799988
463548.000000 4831431.529999 274.790009
463548.030029 4831431.510010 274.769989
463548.059998 4831431.489990 274.739990
463547.989990 4831431.540009 274.720001
463548.010010 4831431.529999 274.750000
463548.030029 4831431.519989 274.750000
463547.880005 4831431.500000 274.790009
463547.969971 4831431.510010 274.760010
463548.070007 4831431.510010 274.119995
463548.099976 4831431.510010 274.130005
463547.989990 4831431.529999 274.790009
463548.030029 4831431.500000 274.739990
