2.796300049999999828e+02 4.831432369994999841e+06 4.635491400150000118e+05
2.792799989999999752e+02 4.831431970000999980e+06 4.635500499880000134e+05
2.790499879999999848e+02 4.831431929992999882e+06 4.635499099730000016e+05
2.791000060000000076e+02 4.831431929992999882e+06 4.635498900150000118e+05
2.790199890000000096e+02 4.831431940001999959e+06 4.635498800049999845e+05
2.788699950000000172e+02 4.831431929992999882e+06 4.635498200070000021e+05
2.791099849999999947e+02 4.831432040009000339e+06 4.635498200070000021e+05
2.791300049999999828e+02 4.831431970000999980e+06 4.635500900269999984e+05
2.793599849999999947e+02 4.831431980011000298e+06 4.635499799800000037e+05
2.793099980000000073e+02 4.831432019988999702e+06 4.635500000000000000e+05
2.793500060000000076e+02 4.831432029999000020e+06 4.635500000000000000e+05
2.796099849999999947e+02 4.831432209990999661e+06 4.635500999760000268e+05
2.789899899999999775e+02 4.831431989989999682e+06 4.635498800049999845e+05
2.788399959999999851e+02 4.831431950012000278e+06 4.635497800290000159e+05
2.788299870000000169e+02 4.831431929992999882e+06 4.635497800290000159e+05
2.788699950000000172e+02 4.831431970000999980e+06 4.635497999880000134e+05
2.790400089999999977e+02 4.831431929992999882e+06 4.635498699950000155e+05
2.790400089999999977e+02 4.831431950012000278e+06 4.635498699950000155e+05
2.789599910000000023e+02 4.831431950012000278e+06 4.635498200070000021e+05
2.788599849999999947e+02 4.831431929992999882e+06 4.635497999880000134e+05
2.790000000000000000e+02 4.831431940001999959e+06 4.635498699950000155e+05
2.793399959999999851e+02 4.831431929992999882e+06 4.635500700070000021e+05
2.793399959999999851e+02 4.831431989989999682e+06 4.635500200199999963e+05
2.794400019999999927e+02 4.831432019988999702e+06 4.635500399779999861e+05
2.791400150000000053e+02 4.831431980011000298e+06 4.635499099730000016e+05
2.792200010000000248e+02 4.831432010010000318e+06 4.635499400020000176e+05
2.792200010000000248e+02 4.831432029999000020e+06 4.635499500119999866e+05
2.796000060000000076e+02 4.831432179992999882e+06 4.635500700070000021e+05
2.796099849999999947e+02 4.831432200012000278e+06 4.635500800169999711e+05
2.796499939999999924e+02 4.831432220000999980e+06 4.635500999760000268e+05
2.789500120000000152e+02 4.831431959990999661e+06 4.635498200070000021e+05
2.790199890000000096e+02 4.831431989989999682e+06 4.635498400269999984e+05
2.790400089999999977e+02 4.831432010010000318e+06 4.635498499760000268e+05
2.788099980000000073e+02 4.831431980011000298e+06 4.635497500000000000e+05
2.795199890000000096e+02 4.831432040009000339e+06 4.635500700070000021e+05
2.795100100000000225e+02 4.831432040009000339e+06 4.635500499880000134e+05
2.794200129999999831e+02 4.831432010010000318e+06 4.635500200199999963e+05
2.794500120000000152e+02 4.831432040009000339e+06 4.635500300290000159e+05
2.795799870000000169e+02 4.831432130005000159e+06 4.635500599979999824e+05
2.793200069999999755e+02 4.831432029999000020e+06 4.635499699709999841e+05
2.791099849999999947e+02 4.831432040009000339e+06 4.635499500119999866e+05
2.790499879999999848e+02 4.831431980011000298e+06 4.635498499760000268e+05
2.790799870000000169e+02 4.831431980011000298e+06 4.635498400269999984e+05
2.793699950000000172e+02 4.831432029999000020e+06 4.635499899899999727e+05
2.793699950000000172e+02 4.831432049987999722e+06 4.635500000000000000e+05
2.791300049999999828e+02 4.831432089995999821e+06 4.635499500119999866e+05
2.791199950000000172e+02 4.831432109985000454e+06 4.635499600220000139e+05
2.788200069999999755e+02 4.831431989989999682e+06 4.635497399899999727e+05
2.789100040000000149e+02 4.831431970000999980e+06 4.635497700199999963e+05
2.789200129999999831e+02 4.831432000000000000e+06 4.635497800290000159e+05
2.793399959999999851e+02 4.831431980011000298e+06 4.635500200199999963e+05
2.794400019999999927e+02 4.831432029999000020e+06 4.635500100100000273e+05
2.794500120000000152e+02 4.831432059998000041e+06 4.635500200199999963e+05
2.796199950000000172e+02 4.831432220000999980e+06 4.635500499880000134e+05
2.796600040000000149e+02 4.831432260010000318e+06 4.635500599979999824e+05
2.795700069999999755e+02 4.831432049987999722e+06 4.635500800169999711e+05
2.793699950000000172e+02 4.831432010010000318e+06 4.635500000000000000e+05
2.794100040000000149e+02 4.831432049987999722e+06 4.635500100100000273e+05
2.794400019999999927e+02 4.831432079986999743e+06 4.635500100100000273e+05
2.791700129999999831e+02 4.831432140014999546e+06 4.635500200199999963e+05
2.791300049999999828e+02 4.831432029999000020e+06 4.635498699950000155e+05
2.789400019999999927e+02 4.831431980011000298e+06 4.635497800290000159e+05
2.788699950000000172e+02 4.831431980011000298e+06 4.635497700199999963e+05
2.788699950000000172e+02 4.831431989989999682e+06 4.635497700199999963e+05
2.792099910000000023e+02 4.831431980011000298e+06 4.635499500119999866e+05
2.792799989999999752e+02 4.831431980011000298e+06 4.635499899899999727e+05
2.797600100000000225e+02 4.831432239989999682e+06 4.635500900269999984e+05
2.793699950000000172e+02 4.831432000000000000e+06 4.635500200199999963e+05
2.793999939999999924e+02 4.831432010010000318e+06 4.635500399779999861e+05
2.795000000000000000e+02 4.831432019988999702e+06 4.635500599979999824e+05
2.797000120000000152e+02 4.831432299987999722e+06 4.635500999760000268e+05
2.790599980000000073e+02 4.831432000000000000e+06 4.635498900150000118e+05
2.790499879999999848e+02 4.831431959990999661e+06 4.635498699950000155e+05
2.796600040000000149e+02 4.831432170013000257e+06 4.635500999760000268e+05
2.792099910000000023e+02 4.831431980011000298e+06 4.635499600220000139e+05
2.791799930000000245e+02 4.831432160004000179e+06 4.635500999760000268e+05
2.794500120000000152e+02 4.831432079986999743e+06 4.635500900269999984e+05
2.793900150000000053e+02 4.831432070007000118e+06 4.635500900269999984e+05
2.793099980000000073e+02 4.831432049987999722e+06 4.635500000000000000e+05
2.792900089999999977e+02 4.831432070007000118e+06 4.635500100100000273e+05
2.791799930000000245e+02 4.831432160004000179e+06 4.635500800169999711e+05
2.791099849999999947e+02 4.831432040009000339e+06 4.635499199830000289e+05
2.790000000000000000e+02 4.831432019988999702e+06 4.635498400269999984e+05
2.789599910000000023e+02 4.831432019988999702e+06 4.635498499760000268e+05
2.793099980000000073e+02 4.831432079986999743e+06 4.635499799800000037e+05
2.791499939999999924e+02 4.831432179992999882e+06 4.635500700070000021e+05
2.791199950000000172e+02 4.831432190001999959e+06 4.635500800169999711e+05
2.791799930000000245e+02 4.831432040009000339e+06 4.635499099730000016e+05
2.791300049999999828e+02 4.831432040009000339e+06 4.635499299929999979e+05
2.790799870000000169e+02 4.831432109985000454e+06 4.635499699709999841e+05
2.790599980000000073e+02 4.831432029999000020e+06 4.635498699950000155e+05
2.789299930000000245e+02 4.831431959990999661e+06 4.635498699950000155e+05
2.790100100000000225e+02 4.831432010010000318e+06 4.635498300169999711e+05
2.789700010000000248e+02 4.831432010010000318e+06 4.635498400269999984e+05
2.789200129999999831e+02 4.831432010010000318e+06 4.635497999880000134e+05
2.788500060000000076e+02 4.831431980011000298e+06 4.635498099979999824e+05
2.788800049999999828e+02 4.831431980011000298e+06 4.635497600100000273e+05
2.788699950000000172e+02 4.831432010010000318e+06 4.635497800290000159e+05
2.788200069999999755e+02 4.831431929992999882e+06 4.635497899779999861e+05
2.789299930000000245e+02 4.831431970000999980e+06 4.635497999880000134e+05
2.789599910000000023e+02 4.831431950012000278e+06 4.635497899779999861e+05
2.790499879999999848e+02 4.831431989989999682e+06 4.635498800049999845e+05
2.791300049999999828e+02 4.831432040009000339e+06 4.635499500119999866e+05
2.791400150000000053e+02 4.831432010010000318e+06 4.635499400020000176e+05
2.792399899999999775e+02 4.831432010010000318e+06 4.635499299929999979e+05
2.791099849999999947e+02 4.831432160004000179e+06 4.635500700070000021e+05
2.795700069999999755e+02 4.831432040009000339e+06 4.635500900269999984e+05
2.788299870000000169e+02 4.831431970000999980e+06 4.635497600100000273e+05
2.788900150000000053e+02 4.831431970000999980e+06 4.635498300169999711e+05
2.789700010000000248e+02 4.831431989989999682e+06 4.635498400269999984e+05
2.790199890000000096e+02 4.831431980011000298e+06 4.635498400269999984e+05
2.791099849999999947e+02 4.831432029999000020e+06 4.635499299929999979e+05
2.793599849999999947e+02 4.831431970000999980e+06 4.635500399779999861e+05
2.791199950000000172e+02 4.831432000000000000e+06 4.635499400020000176e+05
2.792300109999999904e+02 4.831432029999000020e+06 4.635499899899999727e+05
2.793099980000000073e+02 4.831432049987999722e+06 4.635500200199999963e+05
2.793299870000000169e+02 4.831431929992999882e+06 4.635500700070000021e+05
2.797000120000000152e+02 4.831432339995999821e+06 4.635500900269999984e+05
2.789599910000000023e+02 4.831431959990999661e+06 4.635498300169999711e+05
2.793200069999999755e+02 4.831432019988999702e+06 4.635500000000000000e+05
2.793900150000000053e+02 4.831432019988999702e+06 4.635499899899999727e+05
2.788099980000000073e+02 4.831431959990999661e+06 4.635497700199999963e+05
2.788500060000000076e+02 4.831431959990999661e+06 4.635497800290000159e+05
2.790799870000000169e+02 4.831432010010000318e+06 4.635498599849999882e+05
2.797799989999999752e+02 4.831432399993999861e+06 4.635500499880000134e+05
2.788999939999999924e+02 4.831431989989999682e+06 4.635497800290000159e+05
2.791300049999999828e+02 4.831432059998000041e+06 4.635499099730000016e+05
2.794200129999999831e+02 4.831432070007000118e+06 4.635500200199999963e+05
2.790899959999999851e+02 4.831432089995999821e+06 4.635499899899999727e+05
2.792000120000000152e+02 4.831432190001999959e+06 4.635500900269999984e+05
2.795199890000000096e+02 4.831432019988999702e+06 4.635500800169999711e+05
2.795199890000000096e+02 4.831431989989999682e+06 4.635500800169999711e+05
2.795299989999999752e+02 4.831431929992999882e+06 4.635500999760000268e+05
2.794100040000000149e+02 4.831431959990999661e+06 4.635500300290000159e+05
2.790599980000000073e+02 4.831431950012000278e+06 4.635498599849999882e+05
2.797099910000000023e+02 4.831432160004000179e+06 4.635500700070000021e+05
2.796099849999999947e+02 4.831432130005000159e+06 4.635500700070000021e+05
2.795700069999999755e+02 4.831431970000999980e+06 4.635500800169999711e+05
2.792900089999999977e+02 4.831431929992999882e+06 4.635499799800000037e+05
2.793200069999999755e+02 4.831431959990999661e+06 4.635500300290000159e+05
2.788299870000000169e+02 4.831431940001999959e+06 4.635497800290000159e+05
2.788200069999999755e+02 4.831431959990999661e+06 4.635498400269999984e+05
2.790199890000000096e+02 4.831431970000999980e+06 4.635498599849999882e+05
2.790599980000000073e+02 4.831432000000000000e+06 4.635498699950000155e+05
2.791600040000000149e+02 4.831432010010000318e+06 4.635499099730000016e+05
2.792300109999999904e+02 4.831432040009000339e+06 4.635499500119999866e+05
2.792500000000000000e+02 4.831432019988999702e+06 4.635499699709999841e+05
2.796700129999999831e+02 4.831432269988999702e+06 4.635500900269999984e+05
2.792900089999999977e+02 4.831432029999000020e+06 4.635499699709999841e+05
2.793200069999999755e+02 4.831432029999000020e+06 4.635500000000000000e+05
2.793200069999999755e+02 4.831431989989999682e+06 4.635500499880000134e+05
2.793699950000000172e+02 4.831432049987999722e+06 4.635500399779999861e+05
2.796499939999999924e+02 4.831432260010000318e+06 4.635500800169999711e+05
2.796600040000000149e+02 4.831432250000000000e+06 4.635500999760000268e+05
2.788900150000000053e+02 4.831431980011000298e+06 4.635498099979999824e+05
2.789500120000000152e+02 4.831432019988999702e+06 4.635498400269999984e+05
2.790299989999999752e+02 4.831432029999000020e+06 4.635498599849999882e+05
2.791900019999999927e+02 4.831432040009000339e+06 4.635499400020000176e+05
2.796600040000000149e+02 4.831432260010000318e+06 4.635500999760000268e+05
2.796900019999999927e+02 4.831432279999000020e+06 4.635500999760000268e+05
2.797000120000000152e+02 4.831432290009000339e+06 4.635500800169999711e+05
2.796700129999999831e+02 4.831432209990999661e+06 4.635500700070000021e+05
2.795299989999999752e+02 4.831432040009000339e+06 4.635500700070000021e+05
2.794599910000000023e+02 4.831432049987999722e+06 4.635500300290000159e+05
2.793999939999999924e+02 4.831432010010000318e+06 4.635500100100000273e+05
2.792699890000000096e+02 4.831432019988999702e+06 4.635499699709999841e+05
2.791300049999999828e+02 4.831432029999000020e+06 4.635499199830000289e+05
2.788099980000000073e+02 4.831432119994999841e+06 4.635496900020000176e+05
2.792600100000000225e+02 4.831431959990999661e+06 4.635500100100000273e+05
2.793399959999999851e+02 4.831431989989999682e+06 4.635499799800000037e+05
2.792999879999999848e+02 4.831432000000000000e+06 4.635499500119999866e+05
2.791700129999999831e+02 4.831432010010000318e+06 4.635499000239999732e+05
2.791600040000000149e+02 4.831432019988999702e+06 4.635498800049999845e+05
2.792200010000000248e+02 4.831431980011000298e+06 4.635499199830000289e+05
2.791799930000000245e+02 4.831431989989999682e+06 4.635498900150000118e+05
2.791199950000000172e+02 4.831432000000000000e+06 4.635498599849999882e+05
2.792099910000000023e+02 4.831431980011000298e+06 4.635499099730000016e+05
2.791600040000000149e+02 4.831431989989999682e+06 4.635498800049999845e+05
2.791400150000000053e+02 4.831431970000999980e+06 4.635498800049999845e+05
2.791199950000000172e+02 4.831431980011000298e+06 4.635498599849999882e+05
2.790400089999999977e+02 4.831431989989999682e+06 4.635498300169999711e+05
2.790599980000000073e+02 4.831431950012000278e+06 4.635498400269999984e+05
2.790100100000000225e+02 4.831431959990999661e+06 4.635498099979999824e+05
2.789500120000000152e+02 4.831431980011000298e+06 4.635497800290000159e+05
2.788599849999999947e+02 4.831431929992999882e+06 4.635497600100000273e+05
2.796400150000000053e+02 4.831432160004000179e+06 4.635500800169999711e+05
2.788500060000000076e+02 4.831431950012000278e+06 4.635498200070000021e+05
2.788699950000000172e+02 4.831431929992999882e+06 4.635498499760000268e+05
2.790100100000000225e+02 4.831431929992999882e+06 4.635499099730000016e+05
2.791300049999999828e+02 4.831431989989999682e+06 4.635499299929999979e+05
2.792200010000000248e+02 4.831431989989999682e+06 4.635499899899999727e+05
2.792799989999999752e+02 4.831432010010000318e+06 4.635500200199999963e+05
2.793099980000000073e+02 4.831431989989999682e+06 4.635500499880000134e+05
2.792300109999999904e+02 4.831431980011000298e+06 4.635500800169999711e+05
2.788200069999999755e+02 4.831431929992999882e+06 4.635498200070000021e+05
2.789800109999999904e+02 4.831431950012000278e+06 4.635499099730000016e+05
2.788900150000000053e+02 4.831431950012000278e+06 4.635499000239999732e+05
2.792000120000000152e+02 4.831431989989999682e+06 4.635500100100000273e+05
2.794800109999999904e+02 4.831432920013000257e+06 4.635492199709999841e+05
