2.799100040000000149e+02 4.831434440001999959e+06 4.635473099979999824e+05
2.798599849999999947e+02 4.831434549987999722e+06 4.635474199830000289e+05
2.798699950000000172e+02 4.831434549987999722e+06 4.635473699950000155e+05
2.799700010000000248e+02 4.831434429992999882e+06 4.635473900150000118e+05
2.799400019999999927e+02 4.831434549987999722e+06 4.635472999880000134e+05
2.798299870000000169e+02 4.831434470000999980e+06 4.635474400020000176e+05
2.798800049999999828e+02 4.831434519988999702e+06 4.635473800049999845e+05
2.799299930000000245e+02 4.831434380005000159e+06 4.635473599849999882e+05
2.798500060000000076e+02 4.831434510010000318e+06 4.635474799800000037e+05
2.801900019999999927e+02 4.831434899993999861e+06 4.635475399779999861e+05
2.802000120000000152e+02 4.831434890014999546e+06 4.635475300290000159e+05
2.803299870000000169e+02 4.831434880005000159e+06 4.635474299929999979e+05
2.800700069999999755e+02 4.831434829986999743e+06 4.635475499880000134e+05
2.803200069999999755e+02 4.831434980011000298e+06 4.635474199830000289e+05
2.803299870000000169e+02 4.831434929992999882e+06 4.635473800049999845e+05
2.803299870000000169e+02 4.831434850006000139e+06 4.635474400020000176e+05
2.797799989999999752e+02 4.831434619994999841e+06 4.635474299929999979e+05
2.797600100000000225e+02 4.831434609985000454e+06 4.635474600220000139e+05
2.803299870000000169e+02 4.831434859985000454e+06 4.635473200070000021e+05
2.803500060000000076e+02 4.831434890014999546e+06 4.635473599849999882e+05
2.803200069999999755e+02 4.831434869994999841e+06 4.635474299929999979e+05
2.799100040000000149e+02 4.831434619994999841e+06 4.635473200070000021e+05
2.803299870000000169e+02 4.831434869994999841e+06 4.635474299929999979e+05
2.802799989999999752e+02 4.831434959990999661e+06 4.635474699709999841e+05
2.803200069999999755e+02 4.831434899993999861e+06 4.635473800049999845e+05
2.803299870000000169e+02 4.831434920013000257e+06 4.635474000239999732e+05
2.803399959999999851e+02 4.831434950012000278e+06 4.635474099730000016e+05
2.803099980000000073e+02 4.831434970000999980e+06 4.635474199830000289e+05
2.803099980000000073e+02 4.831434920013000257e+06 4.635473499760000268e+05
2.802900089999999977e+02 4.831434980011000298e+06 4.635473800049999845e+05
2.803299870000000169e+02 4.831434950012000278e+06 4.635473200070000021e+05
2.802999879999999848e+02 4.831434970000999980e+06 4.635472999880000134e+05
2.803200069999999755e+02 4.831434989989999682e+06 4.635473200070000021e+05
2.803099980000000073e+02 4.831434929992999882e+06 4.635473800049999845e+05
2.803299870000000169e+02 4.831434950012000278e+06 4.635473900150000118e+05
2.803299870000000169e+02 4.831434980011000298e+06 4.635473400269999984e+05
2.803399959999999851e+02 4.831434890014999546e+06 4.635473599849999882e+05
2.803099980000000073e+02 4.831434899993999861e+06 4.635473800049999845e+05
2.799100040000000149e+02 4.831434690001999959e+06 4.635475499880000134e+05
2.798299870000000169e+02 4.831434589995999821e+06 4.635474699709999841e+05
2.797999879999999848e+02 4.831434660004000179e+06 4.635475100100000273e+05
2.797600100000000225e+02 4.831434679992999882e+06 4.635475200199999963e+05
2.797600100000000225e+02 4.831434760010000318e+06 4.635474600220000139e+05
2.803299870000000169e+02 4.831434880005000159e+06 4.635474199830000289e+05
2.803500060000000076e+02 4.831434959990999661e+06 4.635473099979999824e+05
2.803200069999999755e+02 4.831434959990999661e+06 4.635473699950000155e+05
2.803099980000000073e+02 4.831434929992999882e+06 4.635473599849999882e+05
2.802900089999999977e+02 4.831435000000000000e+06 4.635473499760000268e+05
2.803299870000000169e+02 4.831434950012000278e+06 4.635473300169999711e+05
2.797699890000000096e+02 4.831434660004000179e+06 4.635475000000000000e+05
2.797699890000000096e+02 4.831434670013000257e+06 4.635474899899999727e+05
2.798099980000000073e+02 4.831434660004000179e+06 4.635475200199999963e+05
2.798500060000000076e+02 4.831434619994999841e+06 4.635474899899999727e+05
2.799800109999999904e+02 4.831434619994999841e+06 4.635475300290000159e+05
2.797699890000000096e+02 4.831434679992999882e+06 4.635475300290000159e+05
2.800799870000000169e+02 4.831434809998000041e+06 4.635475499880000134e+05
2.800599980000000073e+02 4.831434880005000159e+06 4.635475100100000273e+05
2.802999879999999848e+02 4.831435010010000318e+06 4.635475399779999861e+05
2.802999879999999848e+02 4.831434989989999682e+06 4.635475200199999963e+05
2.803200069999999755e+02 4.831434779999000020e+06 4.635473499760000268e+05
2.803399959999999851e+02 4.831435019988999702e+06 4.635475200199999963e+05
2.802900089999999977e+02 4.831435019988999702e+06 4.635475200199999963e+05
2.803200069999999755e+02 4.831435010010000318e+06 4.635475100100000273e+05
2.802799989999999752e+02 4.831435000000000000e+06 4.635474899899999727e+05
2.802999879999999848e+02 4.831435019988999702e+06 4.635475100100000273e+05
2.802999879999999848e+02 4.831434989989999682e+06 4.635474699709999841e+05
2.802999879999999848e+02 4.831434929992999882e+06 4.635474000239999732e+05
2.803599849999999947e+02 4.831435000000000000e+06 4.635474500119999866e+05
2.802999879999999848e+02 4.831435000000000000e+06 4.635474500119999866e+05
2.803500060000000076e+02 4.831434980011000298e+06 4.635474299929999979e+05
2.802999879999999848e+02 4.831434989989999682e+06 4.635474299929999979e+05
2.802999879999999848e+02 4.831434920013000257e+06 4.635473900150000118e+05
2.803299870000000169e+02 4.831434989989999682e+06 4.635474400020000176e+05
2.803099980000000073e+02 4.831434890014999546e+06 4.635473400269999984e+05
2.802999879999999848e+02 4.831434989989999682e+06 4.635473800049999845e+05
2.803099980000000073e+02 4.831435010010000318e+06 4.635473900150000118e+05
2.802999879999999848e+02 4.831435019988999702e+06 4.635474099730000016e+05
2.802900089999999977e+02 4.831434989989999682e+06 4.635473800049999845e+05
2.802900089999999977e+02 4.831435029999000020e+06 4.635474099730000016e+05
2.802900089999999977e+02 4.831435000000000000e+06 4.635472999880000134e+05
2.803099980000000073e+02 4.831435029999000020e+06 4.635473300169999711e+05
2.802600100000000225e+02 4.831435000000000000e+06 4.635475200199999963e+05
2.803500060000000076e+02 4.831435000000000000e+06 4.635473699950000155e+05
2.802500000000000000e+02 4.831434899993999861e+06 4.635475499880000134e+05
2.797600100000000225e+02 4.831434649993999861e+06 4.635475000000000000e+05
2.800700069999999755e+02 4.831434820007000118e+06 4.635475100100000273e+05
2.800599980000000073e+02 4.831434869994999841e+06 4.635475000000000000e+05
2.800899959999999851e+02 4.831434869994999841e+06 4.635474799800000037e+05
2.803099980000000073e+02 4.831435040009000339e+06 4.635474400020000176e+05
2.802999879999999848e+02 4.831434989989999682e+06 4.635474099730000016e+05
2.803299870000000169e+02 4.831434910004000179e+06 4.635473699950000155e+05
2.803299870000000169e+02 4.831434869994999841e+06 4.635473599849999882e+05
2.803800049999999828e+02 4.831434660004000179e+06 4.635473200070000021e+05
2.803800049999999828e+02 4.831434670013000257e+06 4.635473900150000118e+05
2.803500060000000076e+02 4.831434940001999959e+06 4.635473099979999824e+05
2.803200069999999755e+02 4.831434880005000159e+06 4.635473300169999711e+05
2.803500060000000076e+02 4.831434940001999959e+06 4.635473900150000118e+05
2.803299870000000169e+02 4.831434890014999546e+06 4.635473900150000118e+05
2.803399959999999851e+02 4.831434910004000179e+06 4.635474199830000289e+05
2.801199950000000172e+02 4.831434859985000454e+06 4.635475000000000000e+05
2.802300109999999904e+02 4.831434899993999861e+06 4.635475399779999861e+05
2.802900089999999977e+02 4.831434940001999959e+06 4.635473599849999882e+05
2.801099849999999947e+02 4.831434869994999841e+06 4.635475100100000273e+05
2.803599849999999947e+02 4.831434989989999682e+06 4.635474299929999979e+05
2.803500060000000076e+02 4.831434880005000159e+06 4.635473699950000155e+05
2.803099980000000073e+02 4.831435010010000318e+06 4.635474199830000289e+05
2.803399959999999851e+02 4.831434899993999861e+06 4.635473699950000155e+05
2.802799989999999752e+02 4.831434970000999980e+06 4.635473699950000155e+05
2.797900089999999977e+02 4.831434649993999861e+06 4.635474799800000037e+05
2.798999939999999924e+02 4.831434579986999743e+06 4.635474299929999979e+05
2.800400089999999977e+02 4.831434570007000118e+06 4.635474199830000289e+05
2.802900089999999977e+02 4.831434839995999821e+06 4.635472999880000134e+05
2.803999939999999924e+02 4.831434750000000000e+06 4.635472899779999861e+05
2.803699950000000172e+02 4.831434670013000257e+06 4.635473400269999984e+05
2.803399959999999851e+02 4.831434829986999743e+06 4.635473400269999984e+05
2.803200069999999755e+02 4.831434850006000139e+06 4.635473099979999824e+05
2.803599849999999947e+02 4.831434720000999980e+06 4.635473800049999845e+05
2.803299870000000169e+02 4.831434820007000118e+06 4.635474199830000289e+05
2.803200069999999755e+02 4.831434809998000041e+06 4.635474099730000016e+05
2.803399959999999851e+02 4.831434799987999722e+06 4.635473499760000268e+05
2.803900150000000053e+02 4.831434730011000298e+06 4.635473800049999845e+05
2.803299870000000169e+02 4.831434739989999682e+06 4.635473800049999845e+05
2.798200069999999755e+02 4.831434709990999661e+06 4.635475300290000159e+05
2.800599980000000073e+02 4.831434859985000454e+06 4.635474799800000037e+05
2.800700069999999755e+02 4.831434869994999841e+06 4.635474400020000176e+05
2.801000060000000076e+02 4.831434859985000454e+06 4.635474699709999841e+05
2.802900089999999977e+02 4.831434839995999821e+06 4.635475399779999861e+05
2.803299870000000169e+02 4.831434959990999661e+06 4.635473800049999845e+05
2.803399959999999851e+02 4.831434899993999861e+06 4.635473900150000118e+05
2.801199950000000172e+02 4.831434890014999546e+06 4.635475100100000273e+05
2.799899899999999775e+02 4.831434859985000454e+06 4.635474799800000037e+05
2.800499879999999848e+02 4.831434910004000179e+06 4.635474799800000037e+05
2.800799870000000169e+02 4.831434839995999821e+06 4.635475399779999861e+05
2.803500060000000076e+02 4.831434859985000454e+06 4.635474099730000016e+05
2.803500060000000076e+02 4.831434869994999841e+06 4.635473900150000118e+05
2.801400150000000053e+02 4.831434850006000139e+06 4.635475200199999963e+05
2.803399959999999851e+02 4.831434839995999821e+06 4.635474099730000016e+05
2.803299870000000169e+02 4.831434829986999743e+06 4.635474299929999979e+05
2.801300049999999828e+02 4.831434869994999841e+06 4.635475000000000000e+05
2.803099980000000073e+02 4.831434820007000118e+06 4.635474400020000176e+05
2.803099980000000073e+02 4.831434890014999546e+06 4.635474199830000289e+05
2.803500060000000076e+02 4.831434829986999743e+06 4.635474199830000289e+05
2.800499879999999848e+02 4.831434869994999841e+06 4.635475499880000134e+05
2.798299870000000169e+02 4.831434630005000159e+06 4.635474299929999979e+05
2.800000000000000000e+02 4.831434890014999546e+06 4.635475399779999861e+05
2.800400089999999977e+02 4.831434899993999861e+06 4.635475399779999861e+05
2.800400089999999977e+02 4.831434899993999861e+06 4.635475300290000159e+05
2.802600100000000225e+02 4.831434850006000139e+06 4.635475399779999861e+05
2.802999879999999848e+02 4.831434959990999661e+06 4.635473599849999882e+05
2.803299870000000169e+02 4.831434950012000278e+06 4.635474099730000016e+05
2.802799989999999752e+02 4.831434940001999959e+06 4.635474400020000176e+05
2.803399959999999851e+02 4.831434899993999861e+06 4.635473900150000118e+05
2.803399959999999851e+02 4.831434950012000278e+06 4.635473599849999882e+05
2.803299870000000169e+02 4.831434920013000257e+06 4.635474099730000016e+05
2.803099980000000073e+02 4.831434899993999861e+06 4.635474400020000176e+05
2.803399959999999851e+02 4.831434959990999661e+06 4.635473699950000155e+05
2.803299870000000169e+02 4.831434950012000278e+06 4.635473900150000118e+05
2.803500060000000076e+02 4.831434940001999959e+06 4.635474400020000176e+05
2.803299870000000169e+02 4.831434959990999661e+06 4.635474400020000176e+05
2.803299870000000169e+02 4.831434890014999546e+06 4.635474000239999732e+05
2.803200069999999755e+02 4.831434910004000179e+06 4.635474299929999979e+05
2.803299870000000169e+02 4.831434929992999882e+06 4.635474299929999979e+05
2.803200069999999755e+02 4.831434940001999959e+06 4.635474299929999979e+05
2.803200069999999755e+02 4.831434929992999882e+06 4.635474600220000139e+05
2.802600100000000225e+02 4.831434859985000454e+06 4.635475499880000134e+05
2.801400150000000053e+02 4.831434869994999841e+06 4.635475200199999963e+05
2.797999879999999848e+02 4.831434600006000139e+06 4.635474500119999866e+05
2.799400019999999927e+02 4.831434559998000041e+06 4.635473900150000118e+05
2.797900089999999977e+02 4.831434779999000020e+06 4.635475100100000273e+05
2.803500060000000076e+02 4.831434750000000000e+06 4.635472999880000134e+05
2.803399959999999851e+02 4.831434940001999959e+06 4.635473800049999845e+05
2.803500060000000076e+02 4.831434920013000257e+06 4.635473699950000155e+05
2.803099980000000073e+02 4.831434940001999959e+06 4.635473499760000268e+05
2.803500060000000076e+02 4.831434910004000179e+06 4.635473699950000155e+05
2.803599849999999947e+02 4.831434920013000257e+06 4.635473900150000118e+05
2.803200069999999755e+02 4.831434929992999882e+06 4.635473900150000118e+05
2.802999879999999848e+02 4.831434940001999959e+06 4.635473599849999882e+05
2.803099980000000073e+02 4.831434940001999959e+06 4.635473800049999845e+05
2.803500060000000076e+02 4.831434910004000179e+06 4.635473699950000155e+05
2.803200069999999755e+02 4.831434929992999882e+06 4.635473400269999984e+05
2.802999879999999848e+02 4.831434859985000454e+06 4.635473599849999882e+05
2.803500060000000076e+02 4.831434899993999861e+06 4.635472899779999861e+05
2.803599849999999947e+02 4.831434910004000179e+06 4.635472700199999963e+05
2.803500060000000076e+02 4.831434730011000298e+06 4.635474099730000016e+05
2.803900150000000053e+02 4.831434779999000020e+06 4.635473200070000021e+05
2.803299870000000169e+02 4.831434859985000454e+06 4.635473200070000021e+05
2.803500060000000076e+02 4.831434799987999722e+06 4.635473200070000021e+05
2.803699950000000172e+02 4.831434730011000298e+06 4.635474199830000289e+05
2.803299870000000169e+02 4.831434790009000339e+06 4.635473400269999984e+05
2.803200069999999755e+02 4.831434820007000118e+06 4.635472999880000134e+05
2.803500060000000076e+02 4.831434739989999682e+06 4.635474299929999979e+05
2.803500060000000076e+02 4.831434790009000339e+06 4.635473400269999984e+05
2.803399959999999851e+02 4.831434809998000041e+06 4.635473099979999824e+05
2.803800049999999828e+02 4.831434739989999682e+06 4.635473499760000268e+05
2.803299870000000169e+02 4.831434709990999661e+06 4.635473599849999882e+05
2.803299870000000169e+02 4.831434730011000298e+06 4.635473400269999984e+05
2.797600100000000225e+02 4.831434660004000179e+06 4.635474799800000037e+05
2.797900089999999977e+02 4.831434619994999841e+06 4.635474500119999866e+05
2.798099980000000073e+02 4.831434570007000118e+06 4.635474500119999866e+05
2.799200129999999831e+02 4.831434579986999743e+06 4.635474099730000016e+05
2.797699890000000096e+02 4.831434570007000118e+06 4.635474500119999866e+05
2.803200069999999755e+02 4.831434929992999882e+06 4.635474000239999732e+05
2.802900089999999977e+02 4.831434959990999661e+06 4.635473900150000118e+05
2.798500060000000076e+02 4.831434570007000118e+06 4.635474799800000037e+05
2.798699950000000172e+02 4.831434640014999546e+06 4.635474500119999866e+05
