2.805700069999999755e+02 4.831433209990999661e+06 4.635502199709999841e+05
2.806199950000000172e+02 4.831433339995999821e+06 4.635502199709999841e+05
2.806300049999999828e+02 4.831433290009000339e+06 4.635502199709999841e+05
2.802200010000000248e+02 4.831432929992999882e+06 4.635510100100000273e+05
2.805899959999999851e+02 4.831433269988999702e+06 4.635502999880000134e+05
2.807000120000000152e+02 4.831433029999000020e+06 4.635506099849999882e+05
2.807900089999999977e+02 4.831432980011000298e+06 4.635506500239999732e+05
2.807200010000000248e+02 4.831433029999000020e+06 4.635506500239999732e+05
2.807000120000000152e+02 4.831433000000000000e+06 4.635506400150000118e+05
2.807099910000000023e+02 4.831432980011000298e+06 4.635507000119999866e+05
2.802799989999999752e+02 4.831433000000000000e+06 4.635510100100000273e+05
2.806600040000000149e+02 4.831433350006000139e+06 4.635503800049999845e+05
2.807000120000000152e+02 4.831433049987999722e+06 4.635506199950000155e+05
2.807600100000000225e+02 4.831432989989999682e+06 4.635505999760000268e+05
2.802300109999999904e+02 4.831433079986999743e+06 4.635508400269999984e+05
2.807999879999999848e+02 4.831432970000999980e+06 4.635507199709999841e+05
2.807999879999999848e+02 4.831433029999000020e+06 4.635506699830000289e+05
2.802600100000000225e+02 4.831433149993999861e+06 4.635507100220000139e+05
2.807600100000000225e+02 4.831433070007000118e+06 4.635506199950000155e+05
2.800499879999999848e+02 4.831433269988999702e+06 4.635506300049999845e+05
2.800899959999999851e+02 4.831433299987999722e+06 4.635506500239999732e+05
2.800299989999999752e+02 4.831433260010000318e+06 4.635505900269999984e+05
2.800299989999999752e+02 4.831433279999000020e+06 4.635505999760000268e+05
2.800199890000000096e+02 4.831433260010000318e+06 4.635505700070000021e+05
2.800299989999999752e+02 4.831433279999000020e+06 4.635505800169999711e+05
2.800299989999999752e+02 4.831433260010000318e+06 4.635505700070000021e+05
2.800400089999999977e+02 4.831433279999000020e+06 4.635505900269999984e+05
2.800299989999999752e+02 4.831433260010000318e+06 4.635505499880000134e+05
2.800299989999999752e+02 4.831433279999000020e+06 4.635505599979999824e+05
2.800299989999999752e+02 4.831433269988999702e+06 4.635505499880000134e+05
2.800299989999999752e+02 4.831433290009000339e+06 4.635505599979999824e+05
2.803599849999999947e+02 4.831433179992999882e+06 4.635505200199999963e+05
2.800199890000000096e+02 4.831433250000000000e+06 4.635505399779999861e+05
2.800400089999999977e+02 4.831433279999000020e+06 4.635505599979999824e+05
2.800299989999999752e+02 4.831433299987999722e+06 4.635505700070000021e+05
2.800299989999999752e+02 4.831433279999000020e+06 4.635505300290000159e+05
2.800299989999999752e+02 4.831433309998000041e+06 4.635505499880000134e+05
2.801099849999999947e+02 4.831433059998000041e+06 4.635508499760000268e+05
2.803099980000000073e+02 4.831433119994999841e+06 4.635508599849999882e+05
2.807999879999999848e+02 4.831433019988999702e+06 4.635506500239999732e+05
2.807600100000000225e+02 4.831433049987999722e+06 4.635506300049999845e+05
2.807999879999999848e+02 4.831432950012000278e+06 4.635505300290000159e+05
2.807900089999999977e+02 4.831433000000000000e+06 4.635505499880000134e+05
2.807900089999999977e+02 4.831433019988999702e+06 4.635505700070000021e+05
2.807500000000000000e+02 4.831433059998000041e+06 4.635505999760000268e+05
2.806799930000000245e+02 4.831433070007000118e+06 4.635506199950000155e+05
2.803599849999999947e+02 4.831433160004000179e+06 4.635506500239999732e+05
2.802900089999999977e+02 4.831433149993999861e+06 4.635506400150000118e+05
2.803500060000000076e+02 4.831433149993999861e+06 4.635505900269999984e+05
2.800299989999999752e+02 4.831433250000000000e+06 4.635506699830000289e+05
2.800499879999999848e+02 4.831433279999000020e+06 4.635506799929999979e+05
2.800799870000000169e+02 4.831433279999000020e+06 4.635506400150000118e+05
2.800499879999999848e+02 4.831433269988999702e+06 4.635505700070000021e+05
2.800100100000000225e+02 4.831433290009000339e+06 4.635505800169999711e+05
2.803599849999999947e+02 4.831433200012000278e+06 4.635504199830000289e+05
2.806199950000000172e+02 4.831433339995999821e+06 4.635502700199999963e+05
2.806099849999999947e+02 4.831433309998000041e+06 4.635502600100000273e+05
2.806400150000000053e+02 4.831433329986999743e+06 4.635502700199999963e+05
2.806199950000000172e+02 4.831433329986999743e+06 4.635502700199999963e+05
2.806400150000000053e+02 4.831433299987999722e+06 4.635502700199999963e+05
2.800799870000000169e+02 4.831433329986999743e+06 4.635505300290000159e+05
2.807799989999999752e+02 4.831433029999000020e+06 4.635506599730000016e+05
2.800899959999999851e+02 4.831433049987999722e+06 4.635509000239999732e+05
2.807200010000000248e+02 4.831433049987999722e+06 4.635506099849999882e+05
2.807000120000000152e+02 4.831433070007000118e+06 4.635506300049999845e+05
2.801799930000000245e+02 4.831432940001999959e+06 4.635503699950000155e+05
2.801900019999999927e+02 4.831432970000999980e+06 4.635503800049999845e+05
2.806600040000000149e+02 4.831433309998000041e+06 4.635504099730000016e+05
2.800700069999999755e+02 4.831433299987999722e+06 4.635506099849999882e+05
2.800499879999999848e+02 4.831433299987999722e+06 4.635504899899999727e+05
2.800299989999999752e+02 4.831433320007000118e+06 4.635505100100000273e+05
2.800400089999999977e+02 4.831433260010000318e+06 4.635506799929999979e+05
2.805199890000000096e+02 4.831432959990999661e+06 4.635503200070000021e+05
2.800899959999999851e+02 4.831433269988999702e+06 4.635506500239999732e+05
2.800799870000000169e+02 4.831433279999000020e+06 4.635506599730000016e+05
2.806700129999999831e+02 4.831433339995999821e+06 4.635503900150000118e+05
2.801099849999999947e+02 4.831433309998000041e+06 4.635505800169999711e+05
2.805899959999999851e+02 4.831433309998000041e+06 4.635502500000000000e+05
2.805899959999999851e+02 4.831433309998000041e+06 4.635502600100000273e+05
2.806000060000000076e+02 4.831433309998000041e+06 4.635502600100000273e+05
2.806000060000000076e+02 4.831433320007000118e+06 4.635502600100000273e+05
2.806099849999999947e+02 4.831433309998000041e+06 4.635502600100000273e+05
2.806099849999999947e+02 4.831433299987999722e+06 4.635502600100000273e+05
2.805899959999999851e+02 4.831433320007000118e+06 4.635502600100000273e+05
2.806099849999999947e+02 4.831433309998000041e+06 4.635502700199999963e+05
2.806799930000000245e+02 4.831433350006000139e+06 4.635504000239999732e+05
2.800299989999999752e+02 4.831433299987999722e+06 4.635505200199999963e+05
2.800199890000000096e+02 4.831433279999000020e+06 4.635505599979999824e+05
2.800199890000000096e+02 4.831433260010000318e+06 4.635505700070000021e+05
2.805499879999999848e+02 4.831432940001999959e+06 4.635503300169999711e+05
2.800199890000000096e+02 4.831433239989999682e+06 4.635505900269999984e+05
2.800199890000000096e+02 4.831433239989999682e+06 4.635506099849999882e+05
2.806700129999999831e+02 4.831433059998000041e+06 4.635506300049999845e+05
2.807000120000000152e+02 4.831433049987999722e+06 4.635506099849999882e+05
2.807399899999999775e+02 4.831433040009000339e+06 4.635505999760000268e+05
2.802600100000000225e+02 4.831433049987999722e+06 4.635507100220000139e+05
2.807300109999999904e+02 4.831433040009000339e+06 4.635506400150000118e+05
2.807399899999999775e+02 4.831433029999000020e+06 4.635506300049999845e+05
2.807500000000000000e+02 4.831433000000000000e+06 4.635506099849999882e+05
2.807399899999999775e+02 4.831433019988999702e+06 4.635506599730000016e+05
2.807699890000000096e+02 4.831433000000000000e+06 4.635506400150000118e+05
2.807999879999999848e+02 4.831432989989999682e+06 4.635506699830000289e+05
2.807900089999999977e+02 4.831432970000999980e+06 4.635506900020000176e+05
2.807600100000000225e+02 4.831432970000999980e+06 4.635507100220000139e+05
2.807900089999999977e+02 4.831432970000999980e+06 4.635507199709999841e+05
2.807300109999999904e+02 4.831432959990999661e+06 4.635507299800000037e+05
2.800100100000000225e+02 4.831433279999000020e+06 4.635505800169999711e+05
2.800400089999999977e+02 4.831433220000999980e+06 4.635505399779999861e+05
2.807200010000000248e+02 4.831433070007000118e+06 4.635506300049999845e+05
2.807300109999999904e+02 4.831433040009000339e+06 4.635506099849999882e+05
2.807699890000000096e+02 4.831433029999000020e+06 4.635505999760000268e+05
2.803299870000000169e+02 4.831433089995999821e+06 4.635507000119999866e+05
2.803299870000000169e+02 4.831433059998000041e+06 4.635506799929999979e+05
2.807999879999999848e+02 4.831433000000000000e+06 4.635506699830000289e+05
2.801199950000000172e+02 4.831433000000000000e+06 4.635509799800000037e+05
2.802699890000000096e+02 4.831433019988999702e+06 4.635510000000000000e+05
2.803099980000000073e+02 4.831433000000000000e+06 4.635509899899999727e+05
2.801499939999999924e+02 4.831432989989999682e+06 4.635510399779999861e+05
2.802399899999999775e+02 4.831432989989999682e+06 4.635510399779999861e+05
2.804599910000000023e+02 4.831432950012000278e+06 4.635503099979999824e+05
2.807200010000000248e+02 4.831433070007000118e+06 4.635505999760000268e+05
2.800199890000000096e+02 4.831433260010000318e+06 4.635506599730000016e+05
2.807999879999999848e+02 4.831433029999000020e+06 4.635506699830000289e+05
2.803900150000000053e+02 4.831433109985000454e+06 4.635507000119999866e+05
2.801099849999999947e+02 4.831433109985000454e+06 4.635508900150000118e+05
2.801000060000000076e+02 4.831433089995999821e+06 4.635508699950000155e+05
2.801000060000000076e+02 4.831432970000999980e+06 4.635510100100000273e+05
2.802300109999999904e+02 4.831432940001999959e+06 4.635510200199999963e+05
2.801099849999999947e+02 4.831433100006000139e+06 4.635508900150000118e+05
2.807699890000000096e+02 4.831433040009000339e+06 4.635506300049999845e+05
2.807600100000000225e+02 4.831433059998000041e+06 4.635506500239999732e+05
2.807799989999999752e+02 4.831433059998000041e+06 4.635506199950000155e+05
2.807300109999999904e+02 4.831433070007000118e+06 4.635506199950000155e+05
2.800700069999999755e+02 4.831433279999000020e+06 4.635507000119999866e+05
2.800899959999999851e+02 4.831433290009000339e+06 4.635506500239999732e+05
2.804700010000000248e+02 4.831432970000999980e+06 4.635503200070000021e+05
2.800400089999999977e+02 4.831433309998000041e+06 4.635505499880000134e+05
2.802799989999999752e+02 4.831432980011000298e+06 4.635510700070000021e+05
2.802300109999999904e+02 4.831433019988999702e+06 4.635510200199999963e+05
2.807799989999999752e+02 4.831433000000000000e+06 4.635506699830000289e+05
2.807500000000000000e+02 4.831433029999000020e+06 4.635505999760000268e+05
2.807200010000000248e+02 4.831433040009000339e+06 4.635506099849999882e+05
2.801400150000000053e+02 4.831433269988999702e+06 4.635506799929999979e+05
2.801400150000000053e+02 4.831433000000000000e+06 4.635508800049999845e+05
2.802200010000000248e+02 4.831433089995999821e+06 4.635508900150000118e+05
2.801000060000000076e+02 4.831433109985000454e+06 4.635509400020000176e+05
2.807999879999999848e+02 4.831433029999000020e+06 4.635506599730000016e+05
2.802300109999999904e+02 4.831433109985000454e+06 4.635508599849999882e+05
2.807699890000000096e+02 4.831432980011000298e+06 4.635506300049999845e+05
2.807999879999999848e+02 4.831433040009000339e+06 4.635506500239999732e+05
2.802600100000000225e+02 4.831433130005000159e+06 4.635508499760000268e+05
2.801900019999999927e+02 4.831433109985000454e+06 4.635508599849999882e+05
2.807799989999999752e+02 4.831433040009000339e+06 4.635506099849999882e+05
2.807300109999999904e+02 4.831433040009000339e+06 4.635506199950000155e+05
2.802699890000000096e+02 4.831433040009000339e+06 4.635507000119999866e+05
2.800400089999999977e+02 4.831433250000000000e+06 4.635506699830000289e+05
2.800499879999999848e+02 4.831433269988999702e+06 4.635505800169999711e+05
2.800100100000000225e+02 4.831433279999000020e+06 4.635505900269999984e+05
2.800299989999999752e+02 4.831433309998000041e+06 4.635505300290000159e+05
2.807600100000000225e+02 4.831433049987999722e+06 4.635505700070000021e+05
2.807600100000000225e+02 4.831433010010000318e+06 4.635505999760000268e+05
2.801300049999999828e+02 4.831433109985000454e+06 4.635509000239999732e+05
2.806700129999999831e+02 4.831433359985000454e+06 4.635503900150000118e+05
2.807900089999999977e+02 4.831433019988999702e+06 4.635506599730000016e+05
2.804100040000000149e+02 4.831433119994999841e+06 4.635507199709999841e+05
2.803099980000000073e+02 4.831433029999000020e+06 4.635506199950000155e+05
2.807600100000000225e+02 4.831433000000000000e+06 4.635506900020000176e+05
2.807900089999999977e+02 4.831432959990999661e+06 4.635507199709999841e+05
2.802500000000000000e+02 4.831433100006000139e+06 4.635508599849999882e+05
2.801600040000000149e+02 4.831432959990999661e+06 4.635510200199999963e+05
2.801199950000000172e+02 4.831433290009000339e+06 4.635506300049999845e+05
2.807600100000000225e+02 4.831433059998000041e+06 4.635506199950000155e+05
2.807500000000000000e+02 4.831433070007000118e+06 4.635505900269999984e+05
2.807399899999999775e+02 4.831433100006000139e+06 4.635505900269999984e+05
2.806300049999999828e+02 4.831433290009000339e+06 4.635502800290000159e+05
2.806300049999999828e+02 4.831433320007000118e+06 4.635502800290000159e+05
2.804299930000000245e+02 4.831432929992999882e+06 4.635502899779999861e+05
2.807699890000000096e+02 4.831433049987999722e+06 4.635506199950000155e+05
2.807999879999999848e+02 4.831433070007000118e+06 4.635505900269999984e+05
2.807399899999999775e+02 4.831433079986999743e+06 4.635505999760000268e+05
2.807300109999999904e+02 4.831433089995999821e+06 4.635506099849999882e+05
2.807600100000000225e+02 4.831433109985000454e+06 4.635506099849999882e+05
2.800299989999999752e+02 4.831433269988999702e+06 4.635505499880000134e+05
2.805799870000000169e+02 4.831433170013000257e+06 4.635503499760000268e+05
2.805400089999999977e+02 4.831433200012000278e+06 4.635503599849999882e+05
2.805400089999999977e+02 4.831433209990999661e+06 4.635503699950000155e+05
2.805700069999999755e+02 4.831433220000999980e+06 4.635503800049999845e+05
2.802699890000000096e+02 4.831433190001999959e+06 4.635504500119999866e+05
2.806000060000000076e+02 4.831433220000999980e+06 4.635503499760000268e+05
2.806199950000000172e+02 4.831433250000000000e+06 4.635503499760000268e+05
2.805299989999999752e+02 4.831433200012000278e+06 4.635503599849999882e+05
2.802999879999999848e+02 4.831433160004000179e+06 4.635504099730000016e+05
2.806400150000000053e+02 4.831433290009000339e+06 4.635502500000000000e+05
2.807200010000000248e+02 4.831433029999000020e+06 4.635506400150000118e+05
2.807500000000000000e+02 4.831433019988999702e+06 4.635506500239999732e+05
2.807699890000000096e+02 4.831433010010000318e+06 4.635506699830000289e+05
2.805199890000000096e+02 4.831433279999000020e+06 4.635503699950000155e+05
2.807999879999999848e+02 4.831433029999000020e+06 4.635505800169999711e+05
2.800299989999999752e+02 4.831433269988999702e+06 4.635505999760000268e+05
2.807999879999999848e+02 4.831432959990999661e+06 4.635505499880000134e+05
2.807000120000000152e+02 4.831433019988999702e+06 4.635506300049999845e+05
2.807500000000000000e+02 4.831433019988999702e+06 4.635506400150000118e+05
2.807799989999999752e+02 4.831433010010000318e+06 4.635506599730000016e+05
2.800400089999999977e+02 4.831433220000999980e+06 4.635505399779999861e+05
2.802000120000000152e+02 4.831433079986999743e+06 4.635508300169999711e+05
2.802300109999999904e+02 4.831432950012000278e+06 4.635510100100000273e+05
2.800199890000000096e+02 4.831433239989999682e+06 4.635506099849999882e+05
2.802799989999999752e+02 4.831433109985000454e+06 4.635509000239999732e+05
2.802900089999999977e+02 4.831433010010000318e+06 4.635510300290000159e+05
2.800199890000000096e+02 4.831433260010000318e+06 4.635506199950000155e+05
2.800499879999999848e+02 4.831433260010000318e+06 4.635506400150000118e+05
2.801300049999999828e+02 4.831433100006000139e+06 4.635508699950000155e+05
2.801000060000000076e+02 4.831433029999000020e+06 4.635509500119999866e+05
2.802399899999999775e+02 4.831432959990999661e+06 4.635510599979999824e+05
2.802699890000000096e+02 4.831432989989999682e+06 4.635510200199999963e+05
2.801000060000000076e+02 4.831432980011000298e+06 4.635510000000000000e+05
2.800100100000000225e+02 4.831433250000000000e+06 4.635505999760000268e+05
2.801300049999999828e+02 4.831433010010000318e+06 4.635508499760000268e+05
2.806300049999999828e+02 4.831433290009000339e+06 4.635504199830000289e+05
2.806199950000000172e+02 4.831433250000000000e+06 4.635503699950000155e+05
2.803099980000000073e+02 4.831433170013000257e+06 4.635504199830000289e+05
2.807500000000000000e+02 4.831432940001999959e+06 4.635507399899999727e+05
2.807300109999999904e+02 4.831432950012000278e+06 4.635507199709999841e+05
2.807300109999999904e+02 4.831432970000999980e+06 4.635507000119999866e+05
2.806900019999999927e+02 4.831432970000999980e+06 4.635506900020000176e+05
2.806799930000000245e+02 4.831432980011000298e+06 4.635506699830000289e+05
2.806700129999999831e+02 4.831433000000000000e+06 4.635506400150000118e+05
2.807000120000000152e+02 4.831432929992999882e+06 4.635506500239999732e+05
2.807099910000000023e+02 4.831432950012000278e+06 4.635506199950000155e+05
2.802699890000000096e+02 4.831433000000000000e+06 4.635510100100000273e+05
2.802600100000000225e+02 4.831433010010000318e+06 4.635509899899999727e+05
2.806900019999999927e+02 4.831433350006000139e+06 4.635504000239999732e+05
2.803500060000000076e+02 4.831433200012000278e+06 4.635505700070000021e+05
2.806099849999999947e+02 4.831433220000999980e+06 4.635503699950000155e+05
2.807999879999999848e+02 4.831432950012000278e+06 4.635507199709999841e+05
2.807200010000000248e+02 4.831432950012000278e+06 4.635507299800000037e+05
2.807099910000000023e+02 4.831432980011000298e+06 4.635506799929999979e+05
2.807000120000000152e+02 4.831433000000000000e+06 4.635506500239999732e+05
2.807999879999999848e+02 4.831432940001999959e+06 4.635506699830000289e+05
2.807799989999999752e+02 4.831432950012000278e+06 4.635506500239999732e+05
2.807300109999999904e+02 4.831432959990999661e+06 4.635506500239999732e+05
2.807900089999999977e+02 4.831432929992999882e+06 4.635506500239999732e+05
2.807600100000000225e+02 4.831432940001999959e+06 4.635506400150000118e+05
2.807399899999999775e+02 4.831432929992999882e+06 4.635506199950000155e+05
2.807799989999999752e+02 4.831432929992999882e+06 4.635506500239999732e+05
2.807500000000000000e+02 4.831432940001999959e+06 4.635506300049999845e+05
2.807900089999999977e+02 4.831432929992999882e+06 4.635506599730000016e+05
2.807600100000000225e+02 4.831432940001999959e+06 4.635506400150000118e+05
2.807000120000000152e+02 4.831432950012000278e+06 4.635506400150000118e+05
2.807200010000000248e+02 4.831432940001999959e+06 4.635506799929999979e+05
2.806900019999999927e+02 4.831432950012000278e+06 4.635506699830000289e+05
2.807399899999999775e+02 4.831432940001999959e+06 4.635507199709999841e+05
2.807000120000000152e+02 4.831432950012000278e+06 4.635507100220000139e+05
2.807099910000000023e+02 4.831432970000999980e+06 4.635506699830000289e+05
2.806900019999999927e+02 4.831432989989999682e+06 4.635506500239999732e+05
2.807200010000000248e+02 4.831432950012000278e+06 4.635507299800000037e+05
2.806900019999999927e+02 4.831432980011000298e+06 4.635506799929999979e+05
2.806799930000000245e+02 4.831433000000000000e+06 4.635506599730000016e+05
2.802999879999999848e+02 4.831433140014999546e+06 4.635504600220000139e+05
2.806099849999999947e+02 4.831433200012000278e+06 4.635503400269999984e+05
2.807900089999999977e+02 4.831432950012000278e+06 4.635507299800000037e+05
2.807300109999999904e+02 4.831432950012000278e+06 4.635507299800000037e+05
2.807099910000000023e+02 4.831432980011000298e+06 4.635506799929999979e+05
2.807000120000000152e+02 4.831433000000000000e+06 4.635506599730000016e+05
2.806700129999999831e+02 4.831433010010000318e+06 4.635506400150000118e+05
2.807300109999999904e+02 4.831432940001999959e+06 4.635507299800000037e+05
2.807099910000000023e+02 4.831432970000999980e+06 4.635506799929999979e+05
2.806900019999999927e+02 4.831432989989999682e+06 4.635506599730000016e+05
2.806700129999999831e+02 4.831433000000000000e+06 4.635506500239999732e+05
2.807999879999999848e+02 4.831432929992999882e+06 4.635507100220000139e+05
2.807200010000000248e+02 4.831432929992999882e+06 4.635507199709999841e+05
2.807099910000000023e+02 4.831432950012000278e+06 4.635506900020000176e+05
2.807000120000000152e+02 4.831432959990999661e+06 4.635506699830000289e+05
2.807799989999999752e+02 4.831432940001999959e+06 4.635506599730000016e+05
2.807500000000000000e+02 4.831432950012000278e+06 4.635506500239999732e+05
2.807799989999999752e+02 4.831432929992999882e+06 4.635506300049999845e+05
2.807500000000000000e+02 4.831432940001999959e+06 4.635506199950000155e+05
2.807500000000000000e+02 4.831432929992999882e+06 4.635506699830000289e+05
2.807099910000000023e+02 4.831432940001999959e+06 4.635506599730000016e+05
2.807300109999999904e+02 4.831432929992999882e+06 4.635506799929999979e+05
2.807099910000000023e+02 4.831432940001999959e+06 4.635506599730000016e+05
2.807699890000000096e+02 4.831432929992999882e+06 4.635506699830000289e+05
2.807300109999999904e+02 4.831432940001999959e+06 4.635506599730000016e+05
2.807799989999999752e+02 4.831432929992999882e+06 4.635506400150000118e+05
2.807200010000000248e+02 4.831432929992999882e+06 4.635506300049999845e+05
2.807500000000000000e+02 4.831432959990999661e+06 4.635507100220000139e+05
2.807900089999999977e+02 4.831432940001999959e+06 4.635506799929999979e+05
2.807600100000000225e+02 4.831432959990999661e+06 4.635506599730000016e+05
2.807200010000000248e+02 4.831432970000999980e+06 4.635506500239999732e+05
2.807799989999999752e+02 4.831432940001999959e+06 4.635506599730000016e+05
2.807500000000000000e+02 4.831432950012000278e+06 4.635506500239999732e+05
2.807300109999999904e+02 4.831432959990999661e+06 4.635506400150000118e+05
2.807699890000000096e+02 4.831432929992999882e+06 4.635506500239999732e+05
2.807099910000000023e+02 4.831432940001999959e+06 4.635506400150000118e+05
2.805000000000000000e+02 4.831433010010000318e+06 4.635503699950000155e+05
2.804899899999999775e+02 4.831432970000999980e+06 4.635503599849999882e+05
2.802600100000000225e+02 4.831433179992999882e+06 4.635504600220000139e+05
2.807500000000000000e+02 4.831433059998000041e+06 4.635505900269999984e+05
2.807699890000000096e+02 4.831433040009000339e+06 4.635506199950000155e+05
2.807200010000000248e+02 4.831433029999000020e+06 4.635506500239999732e+05
2.801300049999999828e+02 4.831433000000000000e+06 4.635509199830000289e+05
2.800799870000000169e+02 4.831433279999000020e+06 4.635504699709999841e+05
2.800799870000000169e+02 4.831433290009000339e+06 4.635504799800000037e+05
2.802699890000000096e+02 4.831433250000000000e+06 4.635505200199999963e+05
2.800799870000000169e+02 4.831433070007000118e+06 4.635509099730000016e+05
2.801900019999999927e+02 4.831433049987999722e+06 4.635509899899999727e+05
2.807399899999999775e+02 4.831433059998000041e+06 4.635505999760000268e+05
2.807300109999999904e+02 4.831433040009000339e+06 4.635506199950000155e+05
2.807900089999999977e+02 4.831433040009000339e+06 4.635506400150000118e+05
2.807099910000000023e+02 4.831433100006000139e+06 4.635505999760000268e+05
2.807300109999999904e+02 4.831433089995999821e+06 4.635506199950000155e+05
2.802799989999999752e+02 4.831433040009000339e+06 4.635506699830000289e+05
2.803500060000000076e+02 4.831433130005000159e+06 4.635506199950000155e+05
2.803200069999999755e+02 4.831433119994999841e+06 4.635506799929999979e+05
2.802900089999999977e+02 4.831433190001999959e+06 4.635506099849999882e+05
2.801600040000000149e+02 4.831433079986999743e+06 4.635508699950000155e+05
2.801499939999999924e+02 4.831433070007000118e+06 4.635509000239999732e+05
2.800700069999999755e+02 4.831433290009000339e+06 4.635506699830000289e+05
2.800799870000000169e+02 4.831433269988999702e+06 4.635506900020000176e+05
2.807600100000000225e+02 4.831433040009000339e+06 4.635505900269999984e+05
2.807699890000000096e+02 4.831433029999000020e+06 4.635506199950000155e+05
2.807500000000000000e+02 4.831433070007000118e+06 4.635505999760000268e+05
2.807600100000000225e+02 4.831433059998000041e+06 4.635506300049999845e+05
2.807500000000000000e+02 4.831433049987999722e+06 4.635506500239999732e+05
2.807000120000000152e+02 4.831433089995999821e+06 4.635505999760000268e+05
2.802699890000000096e+02 4.831433239989999682e+06 4.635505599979999824e+05
2.803299870000000169e+02 4.831433149993999861e+06 4.635507299800000037e+05
2.801199950000000172e+02 4.831433070007000118e+06 4.635508699950000155e+05
2.800199890000000096e+02 4.831433290009000339e+06 4.635505999760000268e+05
2.800400089999999977e+02 4.831433279999000020e+06 4.635506199950000155e+05
2.800499879999999848e+02 4.831433269988999702e+06 4.635506500239999732e+05
2.800899959999999851e+02 4.831433269988999702e+06 4.635506699830000289e+05
2.800499879999999848e+02 4.831433260010000318e+06 4.635505900269999984e+05
2.800299989999999752e+02 4.831433269988999702e+06 4.635505599979999824e+05
2.800199890000000096e+02 4.831433290009000339e+06 4.635505399779999861e+05
2.800400089999999977e+02 4.831433299987999722e+06 4.635505100100000273e+05
2.802900089999999977e+02 4.831433130005000159e+06 4.635505200199999963e+05
2.807000120000000152e+02 4.831432989989999682e+06 4.635506900020000176e+05
2.807399899999999775e+02 4.831433010010000318e+06 4.635506799929999979e+05
2.807999879999999848e+02 4.831433019988999702e+06 4.635506599730000016e+05
2.807699890000000096e+02 4.831433040009000339e+06 4.635506300049999845e+05
2.807500000000000000e+02 4.831433049987999722e+06 4.635506099849999882e+05
2.807600100000000225e+02 4.831433059998000041e+06 4.635505800169999711e+05
2.807900089999999977e+02 4.831433079986999743e+06 4.635505599979999824e+05
2.805100100000000225e+02 4.831432929992999882e+06 4.635502800290000159e+05
2.803599849999999947e+02 4.831433119994999841e+06 4.635507000119999866e+05
2.807799989999999752e+02 4.831433040009000339e+06 4.635505700070000021e+05
2.807900089999999977e+02 4.831432929992999882e+06 4.635507199709999841e+05
2.807799989999999752e+02 4.831433000000000000e+06 4.635506199950000155e+05
2.807099910000000023e+02 4.831432940001999959e+06 4.635507399899999727e+05
2.807699890000000096e+02 4.831433010010000318e+06 4.635506300049999845e+05
2.807699890000000096e+02 4.831433029999000020e+06 4.635506099849999882e+05
2.802500000000000000e+02 4.831433059998000041e+06 4.635506900020000176e+05
2.807500000000000000e+02 4.831433029999000020e+06 4.635506599730000016e+05
2.807399899999999775e+02 4.831433040009000339e+06 4.635506400150000118e+05
2.803599849999999947e+02 4.831433089995999821e+06 4.635506900020000176e+05
2.804100040000000149e+02 4.831433149993999861e+06 4.635505999760000268e+05
2.803200069999999755e+02 4.831433079986999743e+06 4.635507100220000139e+05
2.803099980000000073e+02 4.831433100006000139e+06 4.635506900020000176e+05
2.803099980000000073e+02 4.831433160004000179e+06 4.635505800169999711e+05
2.806300049999999828e+02 4.831433290009000339e+06 4.635502700199999963e+05
2.802500000000000000e+02 4.831433049987999722e+06 4.635507000119999866e+05
2.807600100000000225e+02 4.831433019988999702e+06 4.635506500239999732e+05
2.807399899999999775e+02 4.831433040009000339e+06 4.635506300049999845e+05
2.807600100000000225e+02 4.831432989989999682e+06 4.635506900020000176e+05
2.807600100000000225e+02 4.831433010010000318e+06 4.635506400150000118e+05
2.807500000000000000e+02 4.831433029999000020e+06 4.635506199950000155e+05
2.807699890000000096e+02 4.831433049987999722e+06 4.635505700070000021e+05
2.807900089999999977e+02 4.831433010010000318e+06 4.635506199950000155e+05
2.807799989999999752e+02 4.831433040009000339e+06 4.635505700070000021e+05
2.807699890000000096e+02 4.831433070007000118e+06 4.635506300049999845e+05
2.807799989999999752e+02 4.831432980011000298e+06 4.635506599730000016e+05
2.806199950000000172e+02 4.831433290009000339e+06 4.635502600100000273e+05
2.806000060000000076e+02 4.831433309998000041e+06 4.635502399899999727e+05
2.806600040000000149e+02 4.831433309998000041e+06 4.635502600100000273e+05
2.806400150000000053e+02 4.831433320007000118e+06 4.635502500000000000e+05
2.806600040000000149e+02 4.831433320007000118e+06 4.635502500000000000e+05
2.805899959999999851e+02 4.831433309998000041e+06 4.635502399899999727e+05
2.804899899999999775e+02 4.831433200012000278e+06 4.635502800290000159e+05
2.807399899999999775e+02 4.831433040009000339e+06 4.635506199950000155e+05
2.805799870000000169e+02 4.831433209990999661e+06 4.635503499760000268e+05
2.806300049999999828e+02 4.831433260010000318e+06 4.635503300169999711e+05
2.805299989999999752e+02 4.831433309998000041e+06 4.635502700199999963e+05
2.802600100000000225e+02 4.831433089995999821e+06 4.635507000119999866e+05
2.806700129999999831e+02 4.831433329986999743e+06 4.635504099730000016e+05
2.802399899999999775e+02 4.831433119994999841e+06 4.635507000119999866e+05
2.802500000000000000e+02 4.831433079986999743e+06 4.635507600100000273e+05
2.802399899999999775e+02 4.831433140014999546e+06 4.635507299800000037e+05
2.802399899999999775e+02 4.831433100006000139e+06 4.635507899779999861e+05
2.801400150000000053e+02 4.831432980011000298e+06 4.635509899899999727e+05
2.801000060000000076e+02 4.831433269988999702e+06 4.635507199709999841e+05
2.805299989999999752e+02 4.831432929992999882e+06 4.635503200070000021e+05
2.807999879999999848e+02 4.831433000000000000e+06 4.635506400150000118e+05
2.807399899999999775e+02 4.831433029999000020e+06 4.635506300049999845e+05
2.807600100000000225e+02 4.831433089995999821e+06 4.635505999760000268e+05
2.807399899999999775e+02 4.831433079986999743e+06 4.635506199950000155e+05
2.807300109999999904e+02 4.831433059998000041e+06 4.635506400150000118e+05
2.806199950000000172e+02 4.831433239989999682e+06 4.635503300169999711e+05
2.805799870000000169e+02 4.831433279999000020e+06 4.635503099979999824e+05
2.805599980000000073e+02 4.831433269988999702e+06 4.635503300169999711e+05
2.801600040000000149e+02 4.831432950012000278e+06 4.635509600220000139e+05
2.802900089999999977e+02 4.831433179992999882e+06 4.635507000119999866e+05
2.801199950000000172e+02 4.831433130005000159e+06 4.635508300169999711e+05
2.802799989999999752e+02 4.831433059998000041e+06 4.635510000000000000e+05
2.802000120000000152e+02 4.831433130005000159e+06 4.635509099730000016e+05
2.801700129999999831e+02 4.831433149993999861e+06 4.635509299929999979e+05
2.802300109999999904e+02 4.831433049987999722e+06 4.635510200199999963e+05
2.802200010000000248e+02 4.831433089995999821e+06 4.635509799800000037e+05
2.802600100000000225e+02 4.831433079986999743e+06 4.635509799800000037e+05
2.802799989999999752e+02 4.831433040009000339e+06 4.635510200199999963e+05
2.801300049999999828e+02 4.831433149993999861e+06 4.635509299929999979e+05
2.802900089999999977e+02 4.831433010010000318e+06 4.635510700070000021e+05
2.801400150000000053e+02 4.831433149993999861e+06 4.635509000239999732e+05
2.802000120000000152e+02 4.831433100006000139e+06 4.635509600220000139e+05
2.802900089999999977e+02 4.831433019988999702e+06 4.635510399779999861e+05
2.803099980000000073e+02 4.831433010010000318e+06 4.635510599979999824e+05
2.801799930000000245e+02 4.831433109985000454e+06 4.635509600220000139e+05
2.801900019999999927e+02 4.831433059998000041e+06 4.635510399779999861e+05
2.802399899999999775e+02 4.831433049987999722e+06 4.635510399779999861e+05
2.802300109999999904e+02 4.831433059998000041e+06 4.635510200199999963e+05
2.802000120000000152e+02 4.831433059998000041e+06 4.635510599979999824e+05
2.801900019999999927e+02 4.831433070007000118e+06 4.635510300290000159e+05
2.801400150000000053e+02 4.831433019988999702e+06 4.635510700070000021e+05
