2.778999939999999924e+02 4.831430459990999661e+06 4.635517600100000273e+05
2.778099980000000073e+02 4.831430459990999661e+06 4.635519199830000289e+05
2.778900150000000053e+02 4.831430450012000278e+06 4.635517600100000273e+05
2.781499939999999924e+02 4.831430440001999959e+06 4.635518200070000021e+05
2.778200069999999755e+02 4.831430429992999882e+06 4.635519099730000016e+05
2.781199950000000172e+02 4.831430450012000278e+06 4.635518099979999824e+05
2.781199950000000172e+02 4.831430450012000278e+06 4.635518200070000021e+05
2.781099849999999947e+02 4.831430440001999959e+06 4.635518200070000021e+05
2.776199950000000172e+02 4.831430450012000278e+06 4.635518099979999824e+05
2.775700069999999755e+02 4.831430459990999661e+06 4.635518300169999711e+05
2.781300049999999828e+02 4.831430440001999959e+06 4.635518300169999711e+05
2.778200069999999755e+02 4.831430440001999959e+06 4.635519299929999979e+05
2.776499939999999924e+02 4.831430429992999882e+06 4.635518200070000021e+05
2.778399959999999851e+02 4.831430440001999959e+06 4.635518900150000118e+05
2.781600040000000149e+02 4.831430440001999959e+06 4.635518499760000268e+05
2.781199950000000172e+02 4.831430450012000278e+06 4.635517899779999861e+05
2.778099980000000073e+02 4.831430480011000298e+06 4.635519600220000139e+05
2.777900089999999977e+02 4.831430510010000318e+06 4.635519199830000289e+05
2.777999879999999848e+02 4.831430549987999722e+06 4.635518800049999845e+05
2.777799989999999752e+02 4.831430559998000041e+06 4.635518400269999984e+05
2.778200069999999755e+02 4.831430579986999743e+06 4.635518499760000268e+05
2.776900019999999927e+02 4.831430559998000041e+06 4.635517899779999861e+05
2.777300109999999904e+02 4.831430579986999743e+06 4.635517999880000134e+05
2.778599849999999947e+02 4.831430609985000454e+06 4.635518099979999824e+05
2.776799930000000245e+02 4.831430570007000118e+06 4.635517399899999727e+05
2.776400150000000053e+02 4.831430540009000339e+06 4.635517100220000139e+05
2.776900019999999927e+02 4.831430519988999702e+06 4.635518499760000268e+05
2.775700069999999755e+02 4.831430519988999702e+06 4.635517299800000037e+05
2.776199950000000172e+02 4.831430519988999702e+06 4.635517999880000134e+05
2.778500060000000076e+02 4.831430489989999682e+06 4.635518900150000118e+05
2.778299870000000169e+02 4.831430470000999980e+06 4.635518699950000155e+05
2.780899959999999851e+02 4.831430470000999980e+06 4.635517800290000159e+05
2.778299870000000169e+02 4.831430549987999722e+06 4.635518400269999984e+05
2.776400150000000053e+02 4.831430559998000041e+06 4.635516699830000289e+05
2.775799870000000169e+02 4.831430570007000118e+06 4.635516199950000155e+05
2.777200010000000248e+02 4.831430510010000318e+06 4.635517899779999861e+05
2.779400019999999927e+02 4.831430619994999841e+06 4.635517199709999841e+05
2.779899899999999775e+02 4.831430589995999821e+06 4.635517000119999866e+05
2.778999939999999924e+02 4.831430589995999821e+06 4.635517700199999963e+05
2.776300049999999828e+02 4.831430529999000020e+06 4.635517199709999841e+05
2.776400150000000053e+02 4.831430500000000000e+06 4.635517100220000139e+05
2.777200010000000248e+02 4.831430519988999702e+06 4.635517800290000159e+05
2.780000000000000000e+02 4.831430630005000159e+06 4.635516699830000289e+05
2.779899899999999775e+02 4.831430630005000159e+06 4.635517199709999841e+05
2.778900150000000053e+02 4.831430600006000139e+06 4.635517600100000273e+05
2.778599849999999947e+02 4.831430589995999821e+06 4.635517899779999861e+05
2.778599849999999947e+02 4.831430559998000041e+06 4.635517700199999963e+05
2.778200069999999755e+02 4.831430559998000041e+06 4.635518099979999824e+05
2.778099980000000073e+02 4.831430540009000339e+06 4.635517999880000134e+05
2.776700129999999831e+02 4.831430529999000020e+06 4.635517500000000000e+05
2.777900089999999977e+02 4.831430529999000020e+06 4.635518300169999711e+05
2.777699890000000096e+02 4.831430510010000318e+06 4.635518800049999845e+05
2.777799989999999752e+02 4.831430510010000318e+06 4.635518800049999845e+05
2.777699890000000096e+02 4.831430529999000020e+06 4.635518599849999882e+05
2.777200010000000248e+02 4.831430589995999821e+06 4.635517199709999841e+05
2.776600040000000149e+02 4.831430579986999743e+06 4.635516099849999882e+05
2.777999879999999848e+02 4.831430529999000020e+06 4.635518400269999984e+05
2.777699890000000096e+02 4.831430559998000041e+06 4.635517600100000273e+05
2.778099980000000073e+02 4.831430589995999821e+06 4.635517700199999963e+05
2.777600100000000225e+02 4.831430579986999743e+06 4.635517399899999727e+05
2.778299870000000169e+02 4.831430609985000454e+06 4.635517500000000000e+05
2.776300049999999828e+02 4.831430579986999743e+06 4.635516500239999732e+05
2.778099980000000073e+02 4.831430600006000139e+06 4.635517500000000000e+05
2.778200069999999755e+02 4.831430649993999861e+06 4.635516400150000118e+05
2.778099980000000073e+02 4.831430619994999841e+06 4.635516900020000176e+05
2.778999939999999924e+02 4.831430619994999841e+06 4.635516900020000176e+05
2.778699950000000172e+02 4.831430609985000454e+06 4.635517399899999727e+05
2.777999879999999848e+02 4.831430589995999821e+06 4.635517700199999963e+05
2.777900089999999977e+02 4.831430579986999743e+06 4.635517999880000134e+05
2.776300049999999828e+02 4.831430480011000298e+06 4.635517700199999963e+05
2.777900089999999977e+02 4.831430630005000159e+06 4.635517299800000037e+05
2.776600040000000149e+02 4.831430579986999743e+06 4.635516599730000016e+05
2.777999879999999848e+02 4.831430600006000139e+06 4.635517600100000273e+05
2.777900089999999977e+02 4.831430570007000118e+06 4.635517899779999861e+05
2.777900089999999977e+02 4.831430559998000041e+06 4.635518200070000021e+05
2.777900089999999977e+02 4.831430549987999722e+06 4.635518200070000021e+05
2.777799989999999752e+02 4.831430549987999722e+06 4.635518200070000021e+05
2.777600100000000225e+02 4.831430570007000118e+06 4.635518200070000021e+05
2.777799989999999752e+02 4.831430540009000339e+06 4.635518099979999824e+05
2.777900089999999977e+02 4.831430570007000118e+06 4.635518200070000021e+05
2.777799989999999752e+02 4.831430570007000118e+06 4.635518099979999824e+05
2.777799989999999752e+02 4.831430540009000339e+06 4.635517999880000134e+05
2.777799989999999752e+02 4.831430559998000041e+06 4.635518099979999824e+05
2.777900089999999977e+02 4.831430559998000041e+06 4.635518300169999711e+05
2.777200010000000248e+02 4.831430519988999702e+06 4.635518099979999824e+05
2.776600040000000149e+02 4.831430500000000000e+06 4.635518200070000021e+05
2.781700129999999831e+02 4.831430480011000298e+06 4.635518400269999984e+05
2.781199950000000172e+02 4.831430480011000298e+06 4.635518400269999984e+05
2.777699890000000096e+02 4.831430600006000139e+06 4.635517800290000159e+05
2.781600040000000149e+02 4.831430480011000298e+06 4.635518599849999882e+05
2.775899959999999851e+02 4.831430559998000041e+06 4.635516500239999732e+05
2.777999879999999848e+02 4.831430589995999821e+06 4.635518200070000021e+05
2.776900019999999927e+02 4.831430500000000000e+06 4.635517800290000159e+05
2.777799989999999752e+02 4.831430529999000020e+06 4.635518599849999882e+05
2.777999879999999848e+02 4.831430529999000020e+06 4.635518300169999711e+05
2.777900089999999977e+02 4.831430559998000041e+06 4.635518300169999711e+05
2.777999879999999848e+02 4.831430559998000041e+06 4.635517899779999861e+05
2.778099980000000073e+02 4.831430589995999821e+06 4.635517899779999861e+05
2.777799989999999752e+02 4.831430570007000118e+06 4.635517500000000000e+05
2.778200069999999755e+02 4.831430589995999821e+06 4.635517500000000000e+05
2.778299870000000169e+02 4.831430609985000454e+06 4.635517500000000000e+05
2.777999879999999848e+02 4.831430579986999743e+06 4.635517800290000159e+05
2.776600040000000149e+02 4.831430579986999743e+06 4.635517000119999866e+05
2.777399899999999775e+02 4.831430600006000139e+06 4.635517600100000273e+05
2.778099980000000073e+02 4.831430600006000139e+06 4.635517800290000159e+05
2.778299870000000169e+02 4.831430579986999743e+06 4.635518099979999824e+05
2.777999879999999848e+02 4.831430570007000118e+06 4.635518300169999711e+05
2.778099980000000073e+02 4.831430549987999722e+06 4.635518499760000268e+05
2.778800049999999828e+02 4.831430600006000139e+06 4.635517399899999727e+05
2.778800049999999828e+02 4.831430570007000118e+06 4.635517399899999727e+05
2.778900150000000053e+02 4.831430579986999743e+06 4.635517199709999841e+05
2.780700069999999755e+02 4.831430470000999980e+06 4.635518300169999711e+05
2.778500060000000076e+02 4.831430589995999821e+06 4.635517800290000159e+05
2.778200069999999755e+02 4.831430579986999743e+06 4.635517999880000134e+05
2.777999879999999848e+02 4.831430570007000118e+06 4.635518200070000021e+05
2.778099980000000073e+02 4.831430549987999722e+06 4.635518499760000268e+05
2.775799870000000169e+02 4.831430559998000041e+06 4.635516699830000289e+05
2.777399899999999775e+02 4.831430559998000041e+06 4.635518099979999824e+05
2.777799989999999752e+02 4.831430540009000339e+06 4.635518499760000268e+05
2.777900089999999977e+02 4.831430480011000298e+06 4.635519600220000139e+05
2.778200069999999755e+02 4.831430630005000159e+06 4.635517899779999861e+05
2.778599849999999947e+02 4.831430630005000159e+06 4.635517700199999963e+05
2.778399959999999851e+02 4.831430619994999841e+06 4.635517899779999861e+05
2.777999879999999848e+02 4.831430600006000139e+06 4.635517999880000134e+05
2.777900089999999977e+02 4.831430579986999743e+06 4.635518300169999711e+05
2.777900089999999977e+02 4.831430570007000118e+06 4.635518499760000268e+05
2.777699890000000096e+02 4.831430559998000041e+06 4.635518699950000155e+05
2.777399899999999775e+02 4.831430540009000339e+06 4.635518800049999845e+05
