2.788500060000000076e+02 4.831433290009000339e+06 4.635471500239999732e+05
2.788699950000000172e+02 4.831433440001999959e+06 4.635473499760000268e+05
2.788200069999999755e+02 4.831433350006000139e+06 4.635474500119999866e+05
2.788599849999999947e+02 4.831433359985000454e+06 4.635473900150000118e+05
2.788999939999999924e+02 4.831433359985000454e+06 4.635474199830000289e+05
2.789200129999999831e+02 4.831433459990999661e+06 4.635473699950000155e+05
2.789400019999999927e+02 4.831433359985000454e+06 4.635472999880000134e+05
2.788900150000000053e+02 4.831433279999000020e+06 4.635472000119999866e+05
2.788699950000000172e+02 4.831433399993999861e+06 4.635473200070000021e+05
2.788900150000000053e+02 4.831433380005000159e+06 4.635472999880000134e+05
2.789100040000000149e+02 4.831433450012000278e+06 4.635472999880000134e+05
2.788399959999999851e+02 4.831433429992999882e+06 4.635472800290000159e+05
2.788500060000000076e+02 4.831433459990999661e+06 4.635472899779999861e+05
2.788200069999999755e+02 4.831433459990999661e+06 4.635473699950000155e+05
2.788200069999999755e+02 4.831433429992999882e+06 4.635473699950000155e+05
2.789400019999999927e+02 4.831433440001999959e+06 4.635473900150000118e+05
2.788800049999999828e+02 4.831433380005000159e+06 4.635473800049999845e+05
2.788399959999999851e+02 4.831433450012000278e+06 4.635473599849999882e+05
2.789100040000000149e+02 4.831433440001999959e+06 4.635473699950000155e+05
2.788599849999999947e+02 4.831433429992999882e+06 4.635473900150000118e+05
2.788599849999999947e+02 4.831433399993999861e+06 4.635473300169999711e+05
2.789400019999999927e+02 4.831433410004000179e+06 4.635473099979999824e+05
2.788399959999999851e+02 4.831433429992999882e+06 4.635472100220000139e+05
2.789200129999999831e+02 4.831433399993999861e+06 4.635472500000000000e+05
2.789100040000000149e+02 4.831433440001999959e+06 4.635472600100000273e+05
2.795499879999999848e+02 4.831433100006000139e+06 4.635480300290000159e+05
2.788900150000000053e+02 4.831433390014999546e+06 4.635472800290000159e+05
2.789500120000000152e+02 4.831433450012000278e+06 4.635473599849999882e+05
2.788800049999999828e+02 4.831433369994999841e+06 4.635472999880000134e+05
2.789200129999999831e+02 4.831433320007000118e+06 4.635472500000000000e+05
2.788599849999999947e+02 4.831433320007000118e+06 4.635472600100000273e+05
2.789400019999999927e+02 4.831433450012000278e+06 4.635472999880000134e+05
2.788599849999999947e+02 4.831433429992999882e+06 4.635473300169999711e+05
2.788399959999999851e+02 4.831433410004000179e+06 4.635473200070000021e+05
2.794899899999999775e+02 4.831433100006000139e+06 4.635480000000000000e+05
2.788800049999999828e+02 4.831433420013000257e+06 4.635473499760000268e+05
2.789500120000000152e+02 4.831433399993999861e+06 4.635473300169999711e+05
2.788999939999999924e+02 4.831433410004000179e+06 4.635473300169999711e+05
2.788599849999999947e+02 4.831433410004000179e+06 4.635473499760000268e+05
2.789100040000000149e+02 4.831433410004000179e+06 4.635473499760000268e+05
2.788699950000000172e+02 4.831433420013000257e+06 4.635473499760000268e+05
2.789400019999999927e+02 4.831433410004000179e+06 4.635473400269999984e+05
2.788599849999999947e+02 4.831433350006000139e+06 4.635472999880000134e+05
2.788800049999999828e+02 4.831433450012000278e+06 4.635473499760000268e+05
2.788599849999999947e+02 4.831433390014999546e+06 4.635472899779999861e+05
2.788900150000000053e+02 4.831433410004000179e+06 4.635472800290000159e+05
2.788200069999999755e+02 4.831433429992999882e+06 4.635473699950000155e+05
2.788699950000000172e+02 4.831433390014999546e+06 4.635473699950000155e+05
2.788599849999999947e+02 4.831433410004000179e+06 4.635472199709999841e+05
2.789400019999999927e+02 4.831433450012000278e+06 4.635472999880000134e+05
2.788699950000000172e+02 4.831433480011000298e+06 4.635474000239999732e+05
2.788500060000000076e+02 4.831433470000999980e+06 4.635473200070000021e+05
2.789500120000000152e+02 4.831433470000999980e+06 4.635472899779999861e+05
2.789400019999999927e+02 4.831433489989999682e+06 4.635472999880000134e+05
2.788800049999999828e+02 4.831433489989999682e+06 4.635472500000000000e+05
2.788699950000000172e+02 4.831433510010000318e+06 4.635474000239999732e+05
2.788599849999999947e+02 4.831433540009000339e+06 4.635474199830000289e+05
2.789100040000000149e+02 4.831433529999000020e+06 4.635473099979999824e+05
2.788699950000000172e+02 4.831433529999000020e+06 4.635472800290000159e+05
2.788699950000000172e+02 4.831433529999000020e+06 4.635473900150000118e+05
2.789500120000000152e+02 4.831433480011000298e+06 4.635473499760000268e+05
2.788999939999999924e+02 4.831433519988999702e+06 4.635473300169999711e+05
2.789200129999999831e+02 4.831433510010000318e+06 4.635473200070000021e+05
2.788800049999999828e+02 4.831433500000000000e+06 4.635474000239999732e+05
2.789299930000000245e+02 4.831433470000999980e+06 4.635473800049999845e+05
2.788999939999999924e+02 4.831433470000999980e+06 4.635474299929999979e+05
2.788800049999999828e+02 4.831433529999000020e+06 4.635473400269999984e+05
2.789200129999999831e+02 4.831433510010000318e+06 4.635473400269999984e+05
2.788500060000000076e+02 4.831433489989999682e+06 4.635474699709999841e+05
2.788999939999999924e+02 4.831433470000999980e+06 4.635474099730000016e+05
2.788999939999999924e+02 4.831433510010000318e+06 4.635473499760000268e+05
2.789299930000000245e+02 4.831433489989999682e+06 4.635473400269999984e+05
2.789500120000000152e+02 4.831433470000999980e+06 4.635472600100000273e+05
2.788699950000000172e+02 4.831433470000999980e+06 4.635473400269999984e+05
2.788800049999999828e+02 4.831433480011000298e+06 4.635473300169999711e+05
2.789599910000000023e+02 4.831433489989999682e+06 4.635473300169999711e+05
2.788699950000000172e+02 4.831433470000999980e+06 4.635473200070000021e+05
2.788699950000000172e+02 4.831433480011000298e+06 4.635473300169999711e+05
2.788900150000000053e+02 4.831433500000000000e+06 4.635474099730000016e+05
2.788900150000000053e+02 4.831433510010000318e+06 4.635473800049999845e+05
2.789400019999999927e+02 4.831433480011000298e+06 4.635473400269999984e+05
2.788599849999999947e+02 4.831433489989999682e+06 4.635472199709999841e+05
2.788699950000000172e+02 4.831433510010000318e+06 4.635473599849999882e+05
2.788099980000000073e+02 4.831433529999000020e+06 4.635475700070000021e+05
2.789200129999999831e+02 4.831433470000999980e+06 4.635473099979999824e+05
2.788599849999999947e+02 4.831433470000999980e+06 4.635474299929999979e+05
2.788599849999999947e+02 4.831433519988999702e+06 4.635474400020000176e+05
2.789200129999999831e+02 4.831433489989999682e+06 4.635472299800000037e+05
2.788800049999999828e+02 4.831433459990999661e+06 4.635472500000000000e+05
2.788900150000000053e+02 4.831433470000999980e+06 4.635472299800000037e+05
2.792200010000000248e+02 4.831433859985000454e+06 4.635471300049999845e+05
2.792099910000000023e+02 4.831433839995999821e+06 4.635471199950000155e+05
2.792500000000000000e+02 4.831433809998000041e+06 4.635471199950000155e+05
2.791799930000000245e+02 4.831433829986999743e+06 4.635471199950000155e+05
2.791600040000000149e+02 4.831433899993999861e+06 4.635471199950000155e+05
2.791799930000000245e+02 4.831433850006000139e+06 4.635471099849999882e+05
2.791499939999999924e+02 4.831433890014999546e+06 4.635471400150000118e+05
2.792300109999999904e+02 4.831433890014999546e+06 4.635471400150000118e+05
2.791700129999999831e+02 4.831433839995999821e+06 4.635471099849999882e+05
2.792200010000000248e+02 4.831433899993999861e+06 4.635471199950000155e+05
2.792399899999999775e+02 4.831433880005000159e+06 4.635471099849999882e+05
2.792000120000000152e+02 4.831433859985000454e+06 4.635471099849999882e+05
2.792000120000000152e+02 4.831433920013000257e+06 4.635471500239999732e+05
2.792099910000000023e+02 4.831433859985000454e+06 4.635471199950000155e+05
2.792099910000000023e+02 4.831433890014999546e+06 4.635471400150000118e+05
2.792500000000000000e+02 4.831433910004000179e+06 4.635471400150000118e+05
2.792399899999999775e+02 4.831433859985000454e+06 4.635471199950000155e+05
2.792500000000000000e+02 4.831433809998000041e+06 4.635471300049999845e+05
2.792000120000000152e+02 4.831433910004000179e+06 4.635471500239999732e+05
2.791700129999999831e+02 4.831433859985000454e+06 4.635471099849999882e+05
2.792600100000000225e+02 4.831433850006000139e+06 4.635471300049999845e+05
2.789200129999999831e+02 4.831433589995999821e+06 4.635471400150000118e+05
2.792799989999999752e+02 4.831433760010000318e+06 4.635471199950000155e+05
2.792900089999999977e+02 4.831433750000000000e+06 4.635471099849999882e+05
2.792300109999999904e+02 4.831433779999000020e+06 4.635471400150000118e+05
2.792300109999999904e+02 4.831433820007000118e+06 4.635471199950000155e+05
2.792799989999999752e+02 4.831433809998000041e+06 4.635471300049999845e+05
2.788800049999999828e+02 4.831433880005000159e+06 4.635479699709999841e+05
2.792000120000000152e+02 4.831433839995999821e+06 4.635472199709999841e+05
2.788900150000000053e+02 4.831433619994999841e+06 4.635477000119999866e+05
2.790000000000000000e+02 4.831433869994999841e+06 4.635478200070000021e+05
2.792300109999999904e+02 4.831433839995999821e+06 4.635472299800000037e+05
2.789299930000000245e+02 4.831433570007000118e+06 4.635473300169999711e+05
2.791199950000000172e+02 4.831433869994999841e+06 4.635477100220000139e+05
2.792099910000000023e+02 4.831433809998000041e+06 4.635472000119999866e+05
2.788099980000000073e+02 4.831433570007000118e+06 4.635473800049999845e+05
2.788599849999999947e+02 4.831433559998000041e+06 4.635473400269999984e+05
2.788200069999999755e+02 4.831433540009000339e+06 4.635476300049999845e+05
2.792600100000000225e+02 4.831433829986999743e+06 4.635471799929999979e+05
2.789299930000000245e+02 4.831433679992999882e+06 4.635477299800000037e+05
2.789200129999999831e+02 4.831433589995999821e+06 4.635475900269999984e+05
2.790100100000000225e+02 4.831433540009000339e+06 4.635473300169999711e+05
2.789500120000000152e+02 4.831433630005000159e+06 4.635473800049999845e+05
2.788599849999999947e+02 4.831433609985000454e+06 4.635473099979999824e+05
2.788699950000000172e+02 4.831433679992999882e+06 4.635473200070000021e+05
2.788299870000000169e+02 4.831433910004000179e+06 4.635473400269999984e+05
2.788200069999999755e+02 4.831433579986999743e+06 4.635476300049999845e+05
2.788699950000000172e+02 4.831433640014999546e+06 4.635476599730000016e+05
2.788999939999999924e+02 4.831433920013000257e+06 4.635478099979999824e+05
2.788200069999999755e+02 4.831433570007000118e+06 4.635474400020000176e+05
2.789100040000000149e+02 4.831433600006000139e+06 4.635473800049999845e+05
2.789200129999999831e+02 4.831433619994999841e+06 4.635473900150000118e+05
2.788900150000000053e+02 4.831433589995999821e+06 4.635473499760000268e+05
2.788999939999999924e+02 4.831433640014999546e+06 4.635473800049999845e+05
2.788099980000000073e+02 4.831433589995999821e+06 4.635473699950000155e+05
2.789299930000000245e+02 4.831433640014999546e+06 4.635473800049999845e+05
2.789100040000000149e+02 4.831433660004000179e+06 4.635474000239999732e+05
2.788900150000000053e+02 4.831433589995999821e+06 4.635474000239999732e+05
2.788699950000000172e+02 4.831433540009000339e+06 4.635474099730000016e+05
2.788900150000000053e+02 4.831433570007000118e+06 4.635474199830000289e+05
2.788999939999999924e+02 4.831433579986999743e+06 4.635474299929999979e+05
2.788900150000000053e+02 4.831433579986999743e+06 4.635473699950000155e+05
2.788999939999999924e+02 4.831433630005000159e+06 4.635474000239999732e+05
2.788999939999999924e+02 4.831433559998000041e+06 4.635472899779999861e+05
2.788099980000000073e+02 4.831433559998000041e+06 4.635473099979999824e+05
2.789200129999999831e+02 4.831433609985000454e+06 4.635473200070000021e+05
2.790100100000000225e+02 4.831433709990999661e+06 4.635476699830000289e+05
2.789899899999999775e+02 4.831433910004000179e+06 4.635477899779999861e+05
2.790199890000000096e+02 4.831433600006000139e+06 4.635473499760000268e+05
2.788200069999999755e+02 4.831433570007000118e+06 4.635474000239999732e+05
2.788500060000000076e+02 4.831433790009000339e+06 4.635472899779999861e+05
2.792399899999999775e+02 4.831433899993999861e+06 4.635471599730000016e+05
2.788599849999999947e+02 4.831433589995999821e+06 4.635473200070000021e+05
2.789899899999999775e+02 4.831433619994999841e+06 4.635473200070000021e+05
2.788099980000000073e+02 4.831433579986999743e+06 4.635473699950000155e+05
2.788399959999999851e+02 4.831433549987999722e+06 4.635473499760000268e+05
2.788800049999999828e+02 4.831433880005000159e+06 4.635478300169999711e+05
2.789299930000000245e+02 4.831433869994999841e+06 4.635478099979999824e+05
2.789700010000000248e+02 4.831433850006000139e+06 4.635477999880000134e+05
2.789200129999999831e+02 4.831433609985000454e+06 4.635472899779999861e+05
2.788699950000000172e+02 4.831433570007000118e+06 4.635473200070000021e+05
2.789200129999999831e+02 4.831433559998000041e+06 4.635473099979999824e+05
2.788900150000000053e+02 4.831433570007000118e+06 4.635473699950000155e+05
2.788299870000000169e+02 4.831433570007000118e+06 4.635474000239999732e+05
2.788200069999999755e+02 4.831433720000999980e+06 4.635478099979999824e+05
2.788500060000000076e+02 4.831433559998000041e+06 4.635472999880000134e+05
2.789400019999999927e+02 4.831433559998000041e+06 4.635473099979999824e+05
2.788900150000000053e+02 4.831433619994999841e+06 4.635476500239999732e+05
2.788599849999999947e+02 4.831433589995999821e+06 4.635476199950000155e+05
2.791000060000000076e+02 4.831433890014999546e+06 4.635478099979999824e+05
2.790400089999999977e+02 4.831433890014999546e+06 4.635478099979999824e+05
2.790100100000000225e+02 4.831433899993999861e+06 4.635478200070000021e+05
2.789800109999999904e+02 4.831433910004000179e+06 4.635478300169999711e+05
2.789299930000000245e+02 4.831433920013000257e+06 4.635478300169999711e+05
2.788099980000000073e+02 4.831433559998000041e+06 4.635473099979999824e+05
2.788599849999999947e+02 4.831433619994999841e+06 4.635473599849999882e+05
2.789299930000000245e+02 4.831433570007000118e+06 4.635472800290000159e+05
2.788399959999999851e+02 4.831433589995999821e+06 4.635472999880000134e+05
2.789299930000000245e+02 4.831433630005000159e+06 4.635472999880000134e+05
2.788200069999999755e+02 4.831433549987999722e+06 4.635473900150000118e+05
2.789299930000000245e+02 4.831433570007000118e+06 4.635473300169999711e+05
2.789200129999999831e+02 4.831433589995999821e+06 4.635473400269999984e+05
2.788500060000000076e+02 4.831433579986999743e+06 4.635473400269999984e+05
2.788399959999999851e+02 4.831433600006000139e+06 4.635473599849999882e+05
2.789599910000000023e+02 4.831433670013000257e+06 4.635473200070000021e+05
2.788099980000000073e+02 4.831433700012000278e+06 4.635477299800000037e+05
2.788299870000000169e+02 4.831433739989999682e+06 4.635477500000000000e+05
2.789200129999999831e+02 4.831433559998000041e+06 4.635473200070000021e+05
2.788699950000000172e+02 4.831433709990999661e+06 4.635477600100000273e+05
2.789800109999999904e+02 4.831433760010000318e+06 4.635477700199999963e+05
2.789200129999999831e+02 4.831433540009000339e+06 4.635473300169999711e+05
2.789299930000000245e+02 4.831433869994999841e+06 4.635478400269999984e+05
2.789500120000000152e+02 4.831433850006000139e+06 4.635478200070000021e+05
2.788299870000000169e+02 4.831433709990999661e+06 4.635477299800000037e+05
2.788599849999999947e+02 4.831433649993999861e+06 4.635476900020000176e+05
2.788900150000000053e+02 4.831433619994999841e+06 4.635476799929999979e+05
2.788099980000000073e+02 4.831433750000000000e+06 4.635478099979999824e+05
2.788800049999999828e+02 4.831433559998000041e+06 4.635472600100000273e+05
2.789599910000000023e+02 4.831433880005000159e+06 4.635478300169999711e+05
2.789800109999999904e+02 4.831433859985000454e+06 4.635478200070000021e+05
2.790299989999999752e+02 4.831433839995999821e+06 4.635478099979999824e+05
2.788599849999999947e+02 4.831433609985000454e+06 4.635476699830000289e+05
2.788699950000000172e+02 4.831433559998000041e+06 4.635472899779999861e+05
2.788399959999999851e+02 4.831433690001999959e+06 4.635477500000000000e+05
2.788500060000000076e+02 4.831433709990999661e+06 4.635477500000000000e+05
2.788599849999999947e+02 4.831433670013000257e+06 4.635477100220000139e+05
2.788800049999999828e+02 4.831433609985000454e+06 4.635476599730000016e+05
2.788900150000000053e+02 4.831433630005000159e+06 4.635476599730000016e+05
2.788699950000000172e+02 4.831433609985000454e+06 4.635476099849999882e+05
2.788599849999999947e+02 4.831433630005000159e+06 4.635474000239999732e+05
2.789299930000000245e+02 4.831433589995999821e+06 4.635473200070000021e+05
2.792600100000000225e+02 4.831433869994999841e+06 4.635471900020000176e+05
2.788999939999999924e+02 4.831433799987999722e+06 4.635477600100000273e+05
2.788800049999999828e+02 4.831433829986999743e+06 4.635477800290000159e+05
2.788999939999999924e+02 4.831433769988999702e+06 4.635477700199999963e+05
2.788999939999999924e+02 4.831433809998000041e+06 4.635477899779999861e+05
2.788500060000000076e+02 4.831433540009000339e+06 4.635473200070000021e+05
2.792300109999999904e+02 4.831433790009000339e+06 4.635471799929999979e+05
2.788699950000000172e+02 4.831433630005000159e+06 4.635477000119999866e+05
2.789299930000000245e+02 4.831433890014999546e+06 4.635478499760000268e+05
2.792300109999999904e+02 4.831433850006000139e+06 4.635471900020000176e+05
2.788900150000000053e+02 4.831433640014999546e+06 4.635476599730000016e+05
2.788299870000000169e+02 4.831433709990999661e+06 4.635477700199999963e+05
2.788900150000000053e+02 4.831433589995999821e+06 4.635471900020000176e+05
2.788900150000000053e+02 4.831433540009000339e+06 4.635472600100000273e+05
2.788800049999999828e+02 4.831433619994999841e+06 4.635474099730000016e+05
2.792000120000000152e+02 4.831433859985000454e+06 4.635472500000000000e+05
2.791799930000000245e+02 4.831433869994999841e+06 4.635472399899999727e+05
2.788800049999999828e+02 4.831433600006000139e+06 4.635476199950000155e+05
2.788699950000000172e+02 4.831433640014999546e+06 4.635477000119999866e+05
2.788500060000000076e+02 4.831433690001999959e+06 4.635477600100000273e+05
2.789400019999999927e+02 4.831433809998000041e+06 4.635478300169999711e+05
2.789599910000000023e+02 4.831433619994999841e+06 4.635477100220000139e+05
2.792600100000000225e+02 4.831433839995999821e+06 4.635472399899999727e+05
2.792399899999999775e+02 4.831433839995999821e+06 4.635471799929999979e+05
2.791400150000000053e+02 4.831433899993999861e+06 4.635473300169999711e+05
2.789899899999999775e+02 4.831433630005000159e+06 4.635477100220000139e+05
2.789299930000000245e+02 4.831433619994999841e+06 4.635477199709999841e+05
2.792699890000000096e+02 4.831433829986999743e+06 4.635471799929999979e+05
2.792500000000000000e+02 4.831433739989999682e+06 4.635472299800000037e+05
2.792399899999999775e+02 4.831433760010000318e+06 4.635472000119999866e+05
2.789100040000000149e+02 4.831433660004000179e+06 4.635472199709999841e+05
2.790100100000000225e+02 4.831433899993999861e+06 4.635478300169999711e+05
2.792200010000000248e+02 4.831433829986999743e+06 4.635472100220000139e+05
2.792200010000000248e+02 4.831433839995999821e+06 4.635471799929999979e+05
2.789400019999999927e+02 4.831433570007000118e+06 4.635473099979999824e+05
2.788999939999999924e+02 4.831433670013000257e+06 4.635472899779999861e+05
2.788800049999999828e+02 4.831433799987999722e+06 4.635473900150000118e+05
2.788699950000000172e+02 4.831433679992999882e+06 4.635477700199999963e+05
2.788999939999999924e+02 4.831433549987999722e+06 4.635473300169999711e+05
2.789100040000000149e+02 4.831433609985000454e+06 4.635474099730000016e+05
2.788900150000000053e+02 4.831433579986999743e+06 4.635474699709999841e+05
2.792099910000000023e+02 4.831433839995999821e+06 4.635471599730000016e+05
2.788999939999999924e+02 4.831433619994999841e+06 4.635476599730000016e+05
2.789400019999999927e+02 4.831433660004000179e+06 4.635477100220000139e+05
2.792099910000000023e+02 4.831433790009000339e+06 4.635471599730000016e+05
2.788399959999999851e+02 4.831433570007000118e+06 4.635473400269999984e+05
2.788900150000000053e+02 4.831433570007000118e+06 4.635473699950000155e+05
2.788699950000000172e+02 4.831433549987999722e+06 4.635473900150000118e+05
2.788099980000000073e+02 4.831433579986999743e+06 4.635474000239999732e+05
2.788900150000000053e+02 4.831433589995999821e+06 4.635474199830000289e+05
2.788299870000000169e+02 4.831433559998000041e+06 4.635474500119999866e+05
2.792500000000000000e+02 4.831433899993999861e+06 4.635472000119999866e+05
2.791600040000000149e+02 4.831433910004000179e+06 4.635472399899999727e+05
2.789500120000000152e+02 4.831433700012000278e+06 4.635477500000000000e+05
2.788599849999999947e+02 4.831433579986999743e+06 4.635474199830000289e+05
2.792500000000000000e+02 4.831433829986999743e+06 4.635471799929999979e+05
2.791700129999999831e+02 4.831433880005000159e+06 4.635472100220000139e+05
2.790100100000000225e+02 4.831433920013000257e+06 4.635477000119999866e+05
2.788200069999999755e+02 4.831433570007000118e+06 4.635473400269999984e+05
2.792000120000000152e+02 4.831433920013000257e+06 4.635471799929999979e+05
2.791700129999999831e+02 4.831433910004000179e+06 4.635471900020000176e+05
2.788299870000000169e+02 4.831433570007000118e+06 4.635474099730000016e+05
2.790100100000000225e+02 4.831433839995999821e+06 4.635478400269999984e+05
2.789599910000000023e+02 4.831433859985000454e+06 4.635478599849999882e+05
2.791600040000000149e+02 4.831433869994999841e+06 4.635479799800000037e+05
2.791499939999999924e+02 4.831433880005000159e+06 4.635478099979999824e+05
2.790499879999999848e+02 4.831433779999000020e+06 4.635477800290000159e+05
2.791300049999999828e+02 4.831433769988999702e+06 4.635477800290000159e+05
2.791099849999999947e+02 4.831433690001999959e+06 4.635477000119999866e+05
2.791099849999999947e+02 4.831433730011000298e+06 4.635478200070000021e+05
2.790100100000000225e+02 4.831433730011000298e+06 4.635477500000000000e+05
2.792999879999999848e+02 4.831433760010000318e+06 4.635472199709999841e+05
2.790599980000000073e+02 4.831433670013000257e+06 4.635477199709999841e+05
2.791099849999999947e+02 4.831433839995999821e+06 4.635478400269999984e+05
2.790599980000000073e+02 4.831433859985000454e+06 4.635478400269999984e+05
