463548.530029 4831433.679993 280.609985
463548.799988 4831433.660004 280.489990
463549.030029 4831433.679993 281.609985
463548.580017 4831434.109985 281.500000
463548.750000 4831433.670013 282.000000
463549.179993 4831433.769989 281.559998
463549.090027 4831433.739990 281.690002
463548.780029 4831433.739990 281.950012
463548.799988 4831433.769989 282.000000
463549.049988 4831433.720001 281.640015
463548.770020 4831433.649994 281.989990
463549.090027 4831433.750000 281.700012
463549.099976 4831433.769989 281.700012
463549.150024 4831433.750000 281.529999
463548.789978 4831433.690002 282.000000
463549.200012 4831433.660004 281.670013
463549.099976 4831433.750000 281.619995
463549.130005 4831433.790009 281.640015
463549.010010 4831433.779999 281.679993
463549.179993 4831433.809998 281.609985
463549.080017 4831433.730011 281.640015
463549.190002 4831433.630005 281.529999
463549.169983 4831433.829987 281.649994
463549.059998 4831433.750000 281.649994
463549.070007 4831433.720001 281.559998
463549.090027 4831433.790009 281.609985
463548.789978 4831433.690002 281.920013
463549.070007 4831433.709991 281.640015
463548.750000 4831433.750000 281.970001
463548.780029 4831433.640015 281.980011
463549.070007 4831433.709991 281.619995
463549.090027 4831433.730011 281.670013
463549.130005 4831433.799988 281.609985
463548.760010 4831433.690002 281.929993
463549.080017 4831433.750000 281.660004
463549.140015 4831433.760010 281.589996
463549.200012 4831433.730011 281.660004
463549.159973 4831433.750000 281.500000
463549.159973 4831433.779999 281.500000
463549.130005 4831433.820007 281.589996
463549.140015 4831433.760010 281.570007
463549.150024 4831433.790009 281.519989
463548.739990 4831433.690002 281.959991
463548.760010 4831433.679993 282.000000
463548.780029 4831433.670013 281.989990
463548.809998 4831433.739990 281.950012
463548.760010 4831433.630005 281.970001
463548.760010 4831433.670013 281.950012
463548.820007 4831433.690002 281.940002
463549.150024 4831433.779999 281.630005
463549.099976 4831433.739990 281.700012
463549.099976 4831433.739990 281.630005
463549.109985 4831433.739990 281.589996
463549.109985 4831433.739990 281.559998
463549.080017 4831433.739990 281.570007
463549.059998 4831433.750000 281.619995
463549.140015 4831433.769989 281.489990
463549.150024 4831433.739990 281.619995
463549.190002 4831433.679993 281.670013
463549.140015 4831433.720001 281.619995
463549.090027 4831433.750000 281.570007
463549.090027 4831433.670013 281.529999
463549.039978 4831433.739990 281.570007
463549.179993 4831433.790009 281.630005
463549.039978 4831433.739990 281.679993
463549.109985 4831433.779999 281.570007
463549.080017 4831433.730011 281.679993
463549.210022 4831433.709991 281.690002
463549.229980 4831433.660004 281.589996
463549.210022 4831433.730011 281.589996
463549.229980 4831433.649994 281.649994
463549.239990 4831433.700012 281.579987
463549.239990 4831433.709991 281.700012
463549.299988 4831433.640015 281.670013
463549.270020 4831433.690002 281.700012
463549.239990 4831433.739990 281.690002
463549.229980 4831433.809998 281.679993
463549.250000 4831433.640015 281.559998
463549.250000 4831433.700012 281.700012
463549.229980 4831433.709991 281.700012
463549.250000 4831433.730011 281.609985
463549.239990 4831433.700012 281.690002
463549.219971 4831433.630005 281.529999
463549.229980 4831433.720001 281.679993
463549.210022 4831433.799988 281.670013
463549.219971 4831433.820007 281.649994
463549.239990 4831433.720001 281.720001
463549.229980 4831433.640015 281.600006
463549.250000 4831433.649994 281.670013
463549.229980 4831433.660004 281.529999
463549.210022 4831433.720001 281.679993
463549.219971 4831433.730011 281.670013
463549.229980 4831433.720001 281.670013
463549.320007 4831433.690002 281.709991
463549.299988 4831433.690002 281.709991
463549.270020 4831433.679993 281.720001
463549.260010 4831433.690002 281.709991
463549.320007 4831433.649994 281.690002
463549.250000 4831433.679993 281.709991
463549.270020 4831433.679993 281.720001
463549.250000 4831433.700012 281.700012
463549.309998 4831433.679993 281.720001
463549.270020 4831433.700012 281.700012
463549.270020 4831433.709991 281.720001
463549.330017 4831433.679993 281.720001
463549.270020 4831433.679993 281.720001
463549.250000 4831433.690002 281.700012
463549.380005 4831433.630005 281.640015
463549.260010 4831433.690002 281.700012
463549.270020 4831433.679993 281.720001
463549.219971 4831433.649994 281.570007
463549.260010 4831433.630005 281.609985
463549.250000 4831433.670013 281.630005
463549.210022 4831433.679993 281.559998
463549.260010 4831433.649994 281.529999
463549.210022 4831433.769989 281.700012
463549.229980 4831433.760010 281.690002
463549.229980 4831433.660004 281.579987
463549.250000 4831433.720001 281.720001
463549.280029 4831433.700012 281.730011
463549.260010 4831433.649994 281.690002
463549.250000 4831433.670013 281.640015
463549.289978 4831433.679993 281.709991
463549.280029 4831433.679993 281.700012
463549.270020 4831433.660004 281.619995
463549.229980 4831433.760010 281.700012
463549.710022 4831433.720001 281.320007
463548.739990 4831433.769989 281.269989
463548.700012 4831433.720001 281.299988
463548.690002 4831433.790009 280.869995
463548.659973 4831433.799988 281.250000
463548.640015 4831433.760010 281.239990
463548.770020 4831433.890015 281.230011
463548.729980 4831433.859985 281.329987
463548.690002 4831433.769989 281.220001
463548.710022 4831433.670013 280.869995
463548.880005 4831433.769989 280.920013
463549.099976 4831433.910004 280.940002
463548.710022 4831433.859985 281.209991
463548.750000 4831433.790009 281.369995
463548.640015 4831433.649994 281.000000
463549.130005 4831433.920013 281.089996
463548.619995 4831433.790009 281.190002
463548.849976 4831433.799988 280.859985
463548.880005 4831434.029999 281.380005
463549.140015 4831433.980011 281.070007
463548.659973 4831433.700012 280.880005
463548.669983 4831433.809998 281.200012
463548.710022 4831433.920013 281.320007
463548.559998 4831433.839996 281.089996
463548.799988 4831433.779999 281.329987
463548.690002 4831433.690002 280.929993
463548.700012 4831433.700012 280.869995
463548.799988 4831433.670013 280.940002
463548.780029 4831433.850006 281.279999
463548.760010 4831433.850006 281.309998
463548.789978 4831433.829987 281.190002
463548.700012 4831433.809998 281.339996
463548.750000 4831433.829987 281.260010
463548.630005 4831433.750000 281.220001
463548.659973 4831433.850006 280.869995
463548.609985 4831433.899994 280.880005
463549.150024 4831433.929993 281.100006
463549.130005 4831433.940002 281.190002
463549.159973 4831434.070007 280.720001
463549.150024 4831434.089996 280.720001
463549.090027 4831434.059998 280.720001
463549.099976 4831433.970001 281.170013
463549.070007 4831434.079987 280.750000
463549.059998 4831433.929993 281.070007
463548.909973 4831433.970001 281.380005
463548.929993 4831434.000000 281.369995
463549.010010 4831433.940002 281.040009
463549.070007 4831433.929993 280.690002
463549.109985 4831434.049988 280.760010
463549.130005 4831434.070007 280.750000
463549.150024 4831434.079987 280.700012
463549.099976 4831434.059998 280.720001
463549.080017 4831434.070007 280.750000
463548.789978 4831433.970001 280.899994
463548.570007 4831433.829987 281.109985
463548.559998 4831433.829987 281.160004
463549.020020 4831433.920013 281.140015
463549.190002 4831433.850006 281.019989
463548.570007 4831433.869995 281.170013
463548.679993 4831433.890015 280.820007
463548.760010 4831433.910004 281.250000
463548.750000 4831433.850006 280.880005
463548.780029 4831433.809998 281.239990
463548.750000 4831433.799988 281.359985
463548.770020 4831433.899994 280.890015
463548.760010 4831433.730011 281.369995
463548.760010 4831433.839996 280.839996
463548.789978 4831433.850006 280.959991
463548.830017 4831433.730011 281.309998
463548.799988 4831433.700012 281.279999
463549.020020 4831433.920013 281.130005
463549.190002 4831433.880005 280.959991
463549.159973 4831434.059998 280.690002
463548.929993 4831433.950012 281.350006
463549.090027 4831434.059998 280.760010
463549.030029 4831433.950012 281.119995
463549.119995 4831434.040009 280.739990
463548.859985 4831433.980011 281.279999
463548.880005 4831433.970001 281.369995
463548.869995 4831433.950012 281.209991
463548.979980 4831433.940002 281.339996
463549.070007 4831434.040009 281.230011
463549.090027 4831434.070007 280.779999
463549.119995 4831434.059998 280.730011
463549.140015 4831433.959991 281.100006
463549.130005 4831433.940002 281.140015
463549.130005 4831433.929993 281.200012
463549.190002 4831434.089996 280.730011
463549.179993 4831434.059998 280.739990
463549.159973 4831433.940002 281.079987
463549.200012 4831433.950012 281.230011
463548.820007 4831433.760010 280.890015
463548.799988 4831433.839996 280.910004
463548.750000 4831433.880005 280.820007
463548.809998 4831433.829987 281.239990
463548.789978 4831433.820007 281.200012
463548.809998 4831433.839996 280.910004
463548.739990 4831433.839996 280.899994
463548.760010 4831433.850006 280.859985
463548.700012 4831433.920013 281.200012
463548.739990 4831433.899994 280.799988
463548.539978 4831433.820007 281.489990
463548.559998 4831433.910004 281.109985
463549.179993 4831433.910004 281.079987
463549.150024 4831433.910004 281.010010
463548.719971 4831433.809998 280.910004
463548.739990 4831433.850006 280.920013
463548.750000 4831433.869995 280.899994
463548.770020 4831433.890015 280.869995
463548.700012 4831433.880005 280.839996
463548.570007 4831433.880005 281.070007
463548.609985 4831433.869995 280.920013
463549.140015 4831433.970001 281.170013
463549.150024 4831433.989990 281.149994
463549.200012 4831434.070007 280.739990
463549.109985 4831434.019989 281.160004
463549.150024 4831434.089996 280.769989
463549.150024 4831434.089996 280.730011
463549.150024 4831434.089996 280.670013
463548.919983 4831433.980011 281.390015
463548.909973 4831433.970001 281.320007
463548.770020 4831433.989990 280.920013
463548.679993 4831433.950012 281.190002
463549.200012 4831433.950012 281.089996
463549.140015 4831433.970001 281.160004
463549.190002 4831434.079987 280.720001
463549.030029 4831433.980011 281.070007
463549.130005 4831434.079987 280.769989
463549.140015 4831434.070007 280.700012
463549.150024 4831434.079987 280.670013
463548.950012 4831433.980011 281.390015
463548.960022 4831433.989990 281.359985
463549.090027 4831434.059998 280.750000
463549.099976 4831434.089996 280.739990
463549.119995 4831434.100006 280.649994
463548.929993 4831434.000000 281.380005
463548.909973 4831433.989990 281.380005
463548.909973 4831433.980011 281.320007
463548.900024 4831434.010010 281.350006
463548.880005 4831434.010010 281.380005
463548.799988 4831434.010010 281.220001
463549.150024 4831433.940002 281.220001
463549.169983 4831433.929993 281.079987
463549.119995 4831433.950012 281.160004
463549.140015 4831433.970001 281.130005
463549.099976 4831433.959991 281.179993
463549.119995 4831433.970001 281.140015
463549.140015 4831433.980011 281.109985
463549.109985 4831433.959991 281.160004
463549.119995 4831433.970001 281.130005
463549.109985 4831433.959991 281.140015
463549.119995 4831433.970001 281.109985
463549.140015 4831433.980011 281.079987
463549.000000 4831433.950012 281.359985
463548.960022 4831433.980011 281.390015
463548.979980 4831433.989990 281.359985
463549.030029 4831433.959991 281.140015
463549.039978 4831433.989990 281.140015
463549.200012 4831434.070007 280.720001
463548.909973 4831433.970001 281.380005
463548.929993 4831433.989990 281.369995
463548.940002 4831434.000000 281.329987
463549.000000 4831433.980011 281.100006
463549.140015 4831434.070007 280.750000
463549.159973 4831434.089996 280.709991
463549.190002 4831434.089996 280.630005
463549.200012 4831434.089996 280.589996
463548.880005 4831434.040009 281.380005
463549.059998 4831434.040009 280.760010
463549.070007 4831434.079987 280.769989
463549.090027 4831434.089996 280.720001
463549.119995 4831434.109985 280.640015
463548.520020 4831433.839996 281.130005
463548.729980 4831433.750000 280.890015
463549.200012 4831433.700012 281.040009
463548.539978 4831433.859985 281.059998
463548.750000 4831433.820007 280.920013
463549.030029 4831433.859985 281.100006
463549.130005 4831433.920013 281.170013
463548.760010 4831433.799988 280.899994
463548.799988 4831433.779999 281.230011
463548.739990 4831433.700012 280.890015
463548.969971 4831433.890015 281.010010
463549.140015 4831434.040009 280.700012
463549.130005 4831434.040009 280.760010
463549.200012 4831434.059998 280.700012
463549.150024 4831434.059998 280.700012
463549.130005 4831434.029999 280.720001
463549.140015 4831433.940002 281.140015
463549.179993 4831434.070007 280.700012
463549.179993 4831434.059998 280.730011
463549.150024 4831434.029999 280.739990
463548.809998 4831433.730011 280.890015
463548.590027 4831433.790009 281.179993
463548.710022 4831433.779999 280.880005
463548.659973 4831433.660004 280.859985
463548.619995 4831433.670013 280.950012
463548.590027 4831433.820007 281.160004
463548.599976 4831433.700012 280.859985
463548.570007 4831433.779999 280.869995
463549.190002 4831433.940002 281.179993
463549.169983 4831433.959991 281.190002
463549.049988 4831433.970001 281.070007
463549.130005 4831433.899994 280.980011
463549.179993 4831433.880005 280.950012
463549.169983 4831433.899994 281.010010
463549.080017 4831433.910004 281.070007
463548.799988 4831433.829987 280.959991
463549.190002 4831433.920013 281.089996
463549.090027 4831433.929993 280.720001
463548.859985 4831433.989990 281.359985
463548.929993 4831433.959991 281.359985
463549.099976 4831433.950012 280.730011
463549.159973 4831434.010010 280.709991
463549.159973 4831434.029999 280.730011
463549.169983 4831434.040009 280.709991
463549.179993 4831434.070007 280.690002
463549.150024 4831434.070007 280.709991
463549.200012 4831434.059998 280.690002
463549.190002 4831434.059998 280.690002
463549.179993 4831434.059998 280.690002
463549.080017 4831433.890015 280.640015
463548.820007 4831433.739990 280.920013
463548.619995 4831433.839996 281.170013
463549.159973 4831433.890015 280.709991
463549.140015 4831433.899994 280.690002
463549.119995 4831433.910004 280.670013
463549.150024 4831433.899994 280.510010
463549.200012 4831433.809998 281.100006
463549.169983 4831433.859985 280.440002
463549.190002 4831433.839996 280.970001
463549.179993 4831433.869995 280.640015
463549.140015 4831433.890015 280.670013
463549.130005 4831433.899994 280.649994
463549.159973 4831433.890015 280.510010
463549.140015 4831433.890015 280.950012
463549.179993 4831433.880005 280.730011
463549.140015 4831433.899994 280.739990
463549.109985 4831433.920013 280.760010
463549.159973 4831433.899994 280.739990
463549.119995 4831433.920013 280.690002
463549.179993 4831433.880005 280.730011
463549.159973 4831433.890015 280.700012
463549.159973 4831433.880005 280.709991
463549.130005 4831433.899994 280.720001
463549.109985 4831433.910004 280.700012
463549.150024 4831433.869995 280.619995
463549.140015 4831433.880005 280.579987
463549.099976 4831433.859985 280.940002
463548.659973 4831433.890015 281.369995
463548.840027 4831433.809998 280.869995
463549.130005 4831433.880005 280.709991
463549.109985 4831433.910004 280.660004
463548.789978 4831433.679993 280.940002
463549.099976 4831433.950012 280.690002
463548.950012 4831433.929993 281.320007
463549.099976 4831433.959991 280.700012
463548.609985 4831433.679993 280.940002
463549.150024 4831433.859985 280.980011
463549.140015 4831433.910004 281.040009
463549.140015 4831433.920013 281.049988
463548.679993 4831433.660004 280.899994
463548.729980 4831433.679993 280.880005
463548.719971 4831433.739990 280.940002
463548.780029 4831433.750000 281.350006
463548.609985 4831433.859985 281.179993
463548.729980 4831433.799988 281.290009
463548.760010 4831433.790009 281.339996
463548.789978 4831433.760010 281.239990
463548.729980 4831433.829987 281.380005
463548.750000 4831433.829987 280.910004
463549.090027 4831433.920013 281.119995
463548.650024 4831433.630005 280.839996
463548.700012 4831433.640015 280.950012
463548.710022 4831433.709991 280.950012
463548.590027 4831433.890015 281.160004
463548.760010 4831433.809998 281.250000
463548.780029 4831433.839996 281.269989
463548.700012 4831433.769989 280.869995
463548.789978 4831433.829987 281.200012
463548.679993 4831433.899994 280.829987
463548.770020 4831433.859985 280.890015
463548.929993 4831433.970001 281.369995
463548.960022 4831433.989990 281.269989
463549.059998 4831433.950012 281.130005
463549.179993 4831433.920013 281.079987
463549.070007 4831434.049988 280.739990
463549.169983 4831433.959991 281.079987
463548.960022 4831433.989990 281.399994
463549.059998 4831433.929993 281.010010
463549.070007 4831433.940002 281.130005
463549.119995 4831433.950012 281.109985
463549.119995 4831434.079987 280.690002
463549.140015 4831434.079987 280.709991
463549.169983 4831434.089996 280.709991
463548.950012 4831433.970001 281.399994
463549.140015 4831433.929993 281.190002
463549.090027 4831434.070007 280.760010
463549.109985 4831434.059998 280.750000
463549.130005 4831434.049988 280.750000
463549.119995 4831434.059998 280.709991
463549.130005 4831434.070007 280.720001
463549.130005 4831434.079987 280.700012
463549.150024 4831434.070007 280.700012
463549.179993 4831434.070007 280.739990
463549.169983 4831434.100006 280.690002
463549.179993 4831433.920013 281.170013
463549.130005 4831433.850006 281.019989
463548.799988 4831433.880005 280.880005
463548.700012 4831433.869995 281.260010
463548.570007 4831433.820007 281.119995
463548.549988 4831433.829987 281.100006
463549.039978 4831433.910004 280.970001
463549.020020 4831433.910004 281.059998
463549.010010 4831433.899994 281.109985
463549.039978 4831433.920013 281.000000
463549.119995 4831433.899994 280.980011
463549.159973 4831433.920013 280.970001
463549.159973 4831433.910004 281.089996
463549.159973 4831433.920013 281.010010
463549.179993 4831433.899994 281.070007
463549.159973 4831433.910004 281.070007
463549.039978 4831433.899994 280.989990
463548.640015 4831433.809998 281.179993
463548.530029 4831433.799988 281.100006
463549.159973 4831434.059998 280.690002
463549.099976 4831433.929993 281.019989
463549.039978 4831433.940002 281.059998
463549.030029 4831433.970001 281.179993
463549.130005 4831433.940002 280.989990
463549.030029 4831433.980011 281.149994
463549.049988 4831433.970001 281.119995
463549.130005 4831433.929993 281.010010
463549.049988 4831433.970001 281.160004
463549.140015 4831433.929993 281.010010
463549.059998 4831433.959991 281.109985
463549.070007 4831433.950012 280.970001
463549.200012 4831433.950012 280.989990
463548.950012 4831433.709991 280.950012
463548.500000 4831433.829987 281.500000
463548.789978 4831433.769989 281.339996
463548.739990 4831433.799988 281.290009
463548.820007 4831433.760010 281.279999
463548.729980 4831433.809998 281.250000
463548.770020 4831433.809998 281.339996
463548.760010 4831433.790009 281.269989
463548.820007 4831433.779999 281.329987
463548.710022 4831433.799988 281.200012
463548.820007 4831433.779999 281.309998
463548.880005 4831433.779999 281.269989
463548.820007 4831433.779999 280.970001
463548.830017 4831433.750000 280.890015
463548.840027 4831433.899994 281.200012
463549.099976 4831434.079987 280.750000
463549.109985 4831434.059998 280.720001
463549.150024 4831434.089996 280.640015
463548.909973 4831433.929993 281.279999
463549.119995 4831434.100006 280.730011
463549.169983 4831434.070007 280.720001
463548.919983 4831433.940002 281.329987
463548.940002 4831433.929993 281.320007
463548.950012 4831433.989990 281.420013
463548.900024 4831433.970001 281.260010
463549.190002 4831433.929993 281.200012
463549.179993 4831433.950012 281.160004
463549.179993 4831433.950012 281.000000
463549.320007 4831433.790009 281.089996
463549.219971 4831433.649994 281.040009
463549.260010 4831433.700012 281.019989
463549.369995 4831433.720001 281.070007
463549.340027 4831433.850006 281.149994
463549.320007 4831433.829987 281.149994
463549.359985 4831433.790009 281.040009
463549.340027 4831433.880005 281.130005
463549.320007 4831433.869995 281.079987
463549.299988 4831433.859985 281.029999
463549.309998 4831433.739990 281.100006
463549.280029 4831433.950012 280.970001
463549.270020 4831433.970001 281.070007
463549.229980 4831433.950012 280.980011
463549.280029 4831433.690002 281.119995
463549.260010 4831433.760010 281.019989
463549.270020 4831433.779999 280.989990
463549.330017 4831433.880005 280.989990
463549.289978 4831433.910004 281.029999
463549.219971 4831433.839996 281.029999
463549.239990 4831433.950012 281.040009
463549.210022 4831434.070007 280.700012
463549.219971 4831434.070007 280.730011
463549.280029 4831434.070007 280.700012
463549.219971 4831433.899994 281.029999
463549.260010 4831433.679993 281.070007
463549.270020 4831433.880005 281.059998
463549.250000 4831433.839996 281.089996
463549.479980 4831433.649994 280.250000
463549.260010 4831433.910004 280.959991
463549.299988 4831433.920013 281.100006
463549.250000 4831433.730011 281.070007
463549.330017 4831433.640015 280.220001
463549.429993 4831433.670013 280.239990
463549.280029 4831434.070007 280.640015
463549.250000 4831433.959991 280.440002
463549.239990 4831433.940002 281.049988
463549.219971 4831434.079987 280.690002
463549.210022 4831434.059998 280.700012
463549.239990 4831433.970001 281.089996
463549.260010 4831433.950012 281.239990
463549.530029 4831433.630005 280.250000
463549.270020 4831433.640015 280.630005
463549.299988 4831433.790009 281.079987
463549.309998 4831433.809998 281.070007
463549.549988 4831433.640015 280.279999
463549.400024 4831433.640015 280.239990
463549.429993 4831433.690002 280.260010
463549.409973 4831433.670013 280.250000
463549.419983 4831433.690002 280.220001
463549.419983 4831433.679993 280.260010
463549.429993 4831433.690002 280.220001
463549.239990 4831433.649994 281.019989
463549.289978 4831433.739990 281.040009
463549.309998 4831433.760010 281.029999
463549.309998 4831433.850006 281.130005
463549.330017 4831433.850006 280.989990
463549.340027 4831433.709991 280.290009
463549.270020 4831433.820007 281.010010
463549.299988 4831433.890015 281.079987
463549.309998 4831433.899994 281.049988
463549.650024 4831433.709991 281.250000
463549.299988 4831433.839996 280.970001
463549.429993 4831433.660004 280.250000
463549.229980 4831433.829987 280.980011
463549.369995 4831433.660004 280.239990
463549.309998 4831433.950012 281.130005
463549.320007 4831433.959991 281.089996
463549.270020 4831434.010010 281.100006
463549.299988 4831433.920013 281.220001
463549.239990 4831434.049988 280.709991
463549.270020 4831433.929993 281.239990
463549.299988 4831433.640015 280.290009
463549.469971 4831433.640015 280.220001
463549.340027 4831433.910004 281.109985
463549.440002 4831433.660004 280.250000
463549.250000 4831434.070007 280.660004
463549.229980 4831434.040009 280.690002
463549.260010 4831433.989990 281.079987
463549.609985 4831433.630005 280.279999
463549.280029 4831433.859985 281.040009
463549.250000 4831433.910004 280.959991
463549.320007 4831433.640015 280.230011
463549.270020 4831433.970001 280.989990
463549.250000 4831433.929993 281.230011
463549.229980 4831433.940002 281.070007
463549.219971 4831433.940002 281.200012
463549.219971 4831433.980011 281.130005
463549.270020 4831433.880005 281.000000
463549.309998 4831433.910004 280.989990
463549.299988 4831433.809998 281.010010
463549.369995 4831433.790009 281.130005
463549.270020 4831433.929993 281.239990
463549.270020 4831433.950012 281.269989
463549.219971 4831434.049988 280.690002
463549.219971 4831434.040009 280.720001
463549.219971 4831434.049988 280.670013
463549.219971 4831434.049988 280.709991
463549.229980 4831434.059998 280.720001
463549.219971 4831434.049988 280.700012
463549.210022 4831434.049988 280.700012
463549.229980 4831434.059998 280.700012
463549.239990 4831434.079987 280.670013
463549.210022 4831434.079987 280.679993
463549.380005 4831433.829987 281.160004
463549.320007 4831433.859985 281.079987
463549.359985 4831433.750000 281.000000
463549.349976 4831433.809998 281.070007
463549.299988 4831433.839996 281.109985
463549.210022 4831433.839996 281.040009
463549.210022 4831433.839996 280.970001
463549.239990 4831433.750000 281.130005
463549.280029 4831433.739990 281.019989
463549.250000 4831433.809998 281.019989
463549.250000 4831433.820007 281.010010
463549.210022 4831433.850006 281.029999
463549.270020 4831433.799988 280.959991
463549.229980 4831433.739990 281.089996
463549.250000 4831433.739990 281.079987
463549.250000 4831433.730011 281.109985
463549.250000 4831433.730011 281.040009
463549.250000 4831433.799988 281.010010
463549.289978 4831433.859985 280.980011
463549.289978 4831433.869995 281.049988
463549.299988 4831433.920013 281.250000
463549.289978 4831433.679993 281.100006
463549.229980 4831433.839996 281.089996
463549.270020 4831433.850006 281.040009
463549.289978 4831433.850006 281.070007
463549.309998 4831433.829987 281.049988
463549.330017 4831433.820007 281.049988
463549.429993 4831433.670013 280.239990
463549.460022 4831433.660004 280.239990
463549.229980 4831433.910004 280.959991
463549.239990 4831433.920013 281.100006
463549.510010 4831433.679993 280.279999
463549.309998 4831433.899994 281.029999
463549.320007 4831433.920013 281.209991
463549.299988 4831433.670013 281.130005
463549.210022 4831433.760010 281.010010
463549.229980 4831433.829987 281.059998
463549.289978 4831433.829987 281.140015
463549.330017 4831433.809998 281.160004
463549.270020 4831433.869995 281.010010
463549.469971 4831433.640015 280.220001
463549.510010 4831433.640015 280.269989
463549.510010 4831433.660004 280.269989
463549.520020 4831433.670013 280.239990
463549.299988 4831433.929993 281.100006
463549.260010 4831433.950012 281.029999
463549.289978 4831433.929993 280.989990
463549.320007 4831433.940002 281.200012
463549.270020 4831433.959991 281.019989
463549.250000 4831433.959991 281.070007
463549.210022 4831433.720001 280.950012
463549.239990 4831433.899994 281.029999
463549.250000 4831433.790009 280.970001
463549.250000 4831433.760010 281.070007
463549.270020 4831433.799988 281.070007
463549.250000 4831433.859985 281.000000
463549.250000 4831433.859985 281.100006
463549.250000 4831433.859985 280.980011
463549.270020 4831433.799988 280.970001
463549.250000 4831433.779999 280.970001
463549.289978 4831433.869995 281.079987
463549.280029 4831434.049988 280.549988
463549.270020 4831433.799988 280.980011
463549.280029 4831433.869995 281.079987
463549.340027 4831433.829987 281.160004
463549.330017 4831433.839996 281.079987
463549.260010 4831433.820007 280.970001
463549.289978 4831433.809998 280.980011
463549.229980 4831433.880005 281.040009
463549.289978 4831433.850006 281.070007
463549.299988 4831433.839996 281.019989
463549.219971 4831433.880005 281.010010
463549.320007 4831433.839996 281.109985
463549.250000 4831433.869995 280.959991
463549.549988 4831433.640015 280.250000
463549.270020 4831433.899994 281.100006
463549.289978 4831433.880005 280.989990
463549.309998 4831433.920013 281.290009
463549.340027 4831433.890015 281.149994
463549.289978 4831433.899994 280.959991
463549.320007 4831433.910004 281.130005
463549.349976 4831433.890015 281.140015
463549.330017 4831433.920013 280.980011
463549.309998 4831433.839996 281.100006
463549.330017 4831433.920013 281.130005
463549.289978 4831433.890015 280.980011
463549.239990 4831434.070007 280.709991
463549.320007 4831433.920013 281.269989
463549.289978 4831433.959991 281.100006
463549.340027 4831433.929993 281.070007
463549.349976 4831433.929993 281.019989
463549.239990 4831433.929993 281.049988
463549.239990 4831433.929993 280.980011
463549.299988 4831433.929993 281.230011
463549.260010 4831433.929993 281.049988
463549.250000 4831433.970001 281.070007
463549.289978 4831433.950012 281.100006
463549.320007 4831433.929993 281.309998
463549.320007 4831433.940002 281.309998
463549.330017 4831433.950012 281.220001
463549.349976 4831433.980011 281.220001
463549.179993 4831434.130005 280.769989
463549.159973 4831434.140015 280.760010
463549.159973 4831434.109985 280.700012
463549.179993 4831434.130005 280.700012
463549.179993 4831434.109985 280.750000
463549.169983 4831434.119995 280.750000
463549.150024 4831434.119995 280.670013
463549.159973 4831434.109985 280.649994
463549.169983 4831434.109985 280.660004
463549.140015 4831434.119995 280.619995
463549.179993 4831434.119995 280.720001
463549.200012 4831434.100006 280.679993
463549.150024 4831434.140015 280.760010
463549.150024 4831434.119995 280.769989
463549.150024 4831434.149994 280.760010
463549.140015 4831434.109985 280.769989
463549.150024 4831434.140015 280.739990
463548.570007 4831434.200012 281.549988
463549.289978 4831434.089996 280.679993
463549.210022 4831434.089996 280.720001
463549.320007 4831434.089996 280.670013
463549.219971 4831434.100006 280.720001
463549.229980 4831434.109985 280.670013
463549.330017 4831434.079987 280.670013
463549.349976 4831434.089996 280.579987
463549.210022 4831434.100006 280.709991
463549.219971 4831434.109985 280.670013
463549.229980 4831434.109985 280.619995
463549.330017 4831434.100006 280.630005
463549.340027 4831434.089996 280.679993
463549.309998 4831434.089996 280.529999
463549.359985 4831434.100006 280.690002
463549.330017 4831434.089996 280.709991
463549.320007 4831434.079987 280.720001
463549.369995 4831434.100006 280.709991
463549.349976 4831434.109985 280.679993
463549.289978 4831434.079987 280.700012
463549.590027 4831434.019989 281.100006
463549.359985 4831434.100006 280.700012
463549.380005 4831434.089996 280.679993
463549.369995 4831434.070007 280.709991
