2.783399959999999851e+02 4.831432440001999959e+06 4.635468599849999882e+05
2.783900150000000053e+02 4.831432459990999661e+06 4.635468900150000118e+05
2.783500060000000076e+02 4.831432450012000278e+06 4.635468900150000118e+05
2.784400019999999927e+02 4.831432459990999661e+06 4.635469199830000289e+05
2.784100040000000149e+02 4.831432440001999959e+06 4.635469099730000016e+05
2.783399959999999851e+02 4.831432459990999661e+06 4.635468599849999882e+05
2.783399959999999851e+02 4.831432489989999682e+06 4.635466400150000118e+05
2.783599849999999947e+02 4.831432470000999980e+06 4.635466199950000155e+05
2.783500060000000076e+02 4.831432480011000298e+06 4.635466099849999882e+05
2.783299870000000169e+02 4.831432510010000318e+06 4.635466099849999882e+05
2.783399959999999851e+02 4.831432459990999661e+06 4.635466099849999882e+05
2.783599849999999947e+02 4.831432480011000298e+06 4.635466500239999732e+05
2.789100040000000149e+02 4.831432869994999841e+06 4.635467000119999866e+05
2.789700010000000248e+02 4.831433170013000257e+06 4.635467500000000000e+05
2.784500120000000152e+02 4.831433089995999821e+06 4.635470800169999711e+05
2.783200069999999755e+02 4.831432940001999959e+06 4.635470599979999824e+05
2.788900150000000053e+02 4.831433130005000159e+06 4.635466199950000155e+05
2.790599980000000073e+02 4.831433179992999882e+06 4.635467899779999861e+05
2.790000000000000000e+02 4.831433170013000257e+06 4.635467500000000000e+05
2.783900150000000053e+02 4.831433070007000118e+06 4.635470200199999963e+05
2.784500120000000152e+02 4.831433100006000139e+06 4.635470399779999861e+05
2.784700010000000248e+02 4.831433130005000159e+06 4.635470599979999824e+05
2.783299870000000169e+02 4.831433010010000318e+06 4.635469199830000289e+05
2.783200069999999755e+02 4.831433029999000020e+06 4.635469400020000176e+05
2.790199890000000096e+02 4.831433220000999980e+06 4.635467399899999727e+05
2.789500120000000152e+02 4.831433190001999959e+06 4.635466799929999979e+05
2.789599910000000023e+02 4.831433209990999661e+06 4.635466900020000176e+05
2.784599910000000023e+02 4.831433130005000159e+06 4.635470300290000159e+05
2.784800109999999904e+02 4.831433160004000179e+06 4.635470399779999861e+05
2.783099980000000073e+02 4.831433019988999702e+06 4.635469000239999732e+05
2.789599910000000023e+02 4.831433220000999980e+06 4.635466900020000176e+05
2.783500060000000076e+02 4.831433040009000339e+06 4.635469299929999979e+05
2.789500120000000152e+02 4.831433190001999959e+06 4.635466900020000176e+05
2.790000000000000000e+02 4.831433200012000278e+06 4.635467600100000273e+05
2.790400089999999977e+02 4.831433200012000278e+06 4.635467500000000000e+05
2.783399959999999851e+02 4.831433019988999702e+06 4.635469600220000139e+05
2.783099980000000073e+02 4.831432980011000298e+06 4.635469400020000176e+05
2.783900150000000053e+02 4.831433049987999722e+06 4.635470000000000000e+05
2.783699950000000172e+02 4.831433019988999702e+06 4.635469899899999727e+05
2.784800109999999904e+02 4.831433109985000454e+06 4.635470599979999824e+05
2.788999939999999924e+02 4.831433170013000257e+06 4.635466699830000289e+05
2.788299870000000169e+02 4.831433089995999821e+06 4.635466199950000155e+05
2.790499879999999848e+02 4.831433220000999980e+06 4.635467800290000159e+05
2.783099980000000073e+02 4.831433010010000318e+06 4.635469500119999866e+05
2.783699950000000172e+02 4.831433029999000020e+06 4.635470100100000273e+05
2.790599980000000073e+02 4.831432559998000041e+06 4.635469699709999841e+05
2.790299989999999752e+02 4.831433220000999980e+06 4.635467600100000273e+05
2.790400089999999977e+02 4.831433239989999682e+06 4.635467500000000000e+05
2.788599849999999947e+02 4.831433170013000257e+06 4.635466500239999732e+05
2.784100040000000149e+02 4.831433130005000159e+06 4.635470200199999963e+05
2.783299870000000169e+02 4.831433059998000041e+06 4.635469600220000139e+05
2.790599980000000073e+02 4.831433239989999682e+06 4.635467600100000273e+05
2.788800049999999828e+02 4.831433160004000179e+06 4.635466199950000155e+05
2.789800109999999904e+02 4.831433220000999980e+06 4.635467000119999866e+05
2.789100040000000149e+02 4.831433209990999661e+06 4.635466799929999979e+05
2.789299930000000245e+02 4.831433160004000179e+06 4.635467000119999866e+05
2.789200129999999831e+02 4.831433190001999959e+06 4.635467000119999866e+05
2.788599849999999947e+02 4.831433109985000454e+06 4.635466300049999845e+05
2.783099980000000073e+02 4.831432989989999682e+06 4.635469199830000289e+05
2.783200069999999755e+02 4.831433019988999702e+06 4.635469199830000289e+05
2.790799870000000169e+02 4.831433350006000139e+06 4.635470300290000159e+05
2.785400089999999977e+02 4.831433059998000041e+06 4.635470000000000000e+05
2.784700010000000248e+02 4.831433049987999722e+06 4.635470000000000000e+05
2.784599910000000023e+02 4.831433040009000339e+06 4.635469899899999727e+05
2.784400019999999927e+02 4.831433049987999722e+06 4.635469600220000139e+05
2.784400019999999927e+02 4.831433019988999702e+06 4.635469600220000139e+05
2.784100040000000149e+02 4.831433029999000020e+06 4.635469400020000176e+05
2.783999939999999924e+02 4.831432989989999682e+06 4.635469600220000139e+05
2.784100040000000149e+02 4.831433010010000318e+06 4.635469299929999979e+05
2.784299930000000245e+02 4.831433000000000000e+06 4.635469500119999866e+05
2.783999939999999924e+02 4.831433010010000318e+06 4.635469299929999979e+05
2.783500060000000076e+02 4.831432970000999980e+06 4.635469199830000289e+05
2.790700069999999755e+02 4.831433160004000179e+06 4.635467100220000139e+05
2.783699950000000172e+02 4.831432970000999980e+06 4.635469000239999732e+05
2.790599980000000073e+02 4.831433140014999546e+06 4.635467199709999841e+05
2.790899959999999851e+02 4.831433140014999546e+06 4.635466900020000176e+05
2.790299989999999752e+02 4.831433130005000159e+06 4.635467000119999866e+05
2.790100100000000225e+02 4.831433140014999546e+06 4.635466799929999979e+05
2.789700010000000248e+02 4.831433109985000454e+06 4.635466400150000118e+05
2.783200069999999755e+02 4.831432959990999661e+06 4.635469199830000289e+05
2.789100040000000149e+02 4.831433170013000257e+06 4.635466799929999979e+05
2.789500120000000152e+02 4.831433170013000257e+06 4.635466900020000176e+05
2.788399959999999851e+02 4.831433140014999546e+06 4.635466199950000155e+05
2.788800049999999828e+02 4.831433140014999546e+06 4.635466400150000118e+05
2.783200069999999755e+02 4.831432970000999980e+06 4.635469099730000016e+05
2.788699950000000172e+02 4.831433179992999882e+06 4.635466500239999732e+05
2.789200129999999831e+02 4.831433179992999882e+06 4.635466599730000016e+05
2.783099980000000073e+02 4.831433000000000000e+06 4.635468900150000118e+05
2.788900150000000053e+02 4.831433190001999959e+06 4.635466699830000289e+05
2.789100040000000149e+02 4.831433200012000278e+06 4.635466599730000016e+05
2.789299930000000245e+02 4.831433190001999959e+06 4.635466799929999979e+05
2.788999939999999924e+02 4.831433190001999959e+06 4.635466699830000289e+05
2.789400019999999927e+02 4.831433190001999959e+06 4.635466799929999979e+05
2.783099980000000073e+02 4.831432989989999682e+06 4.635469299929999979e+05
2.789100040000000149e+02 4.831433200012000278e+06 4.635466699830000289e+05
2.789599910000000023e+02 4.831433200012000278e+06 4.635466799929999979e+05
2.788800049999999828e+02 4.831433200012000278e+06 4.635466599730000016e+05
2.789100040000000149e+02 4.831433190001999959e+06 4.635466799929999979e+05
2.788999939999999924e+02 4.831433200012000278e+06 4.635466699830000289e+05
2.789299930000000245e+02 4.831433200012000278e+06 4.635466799929999979e+05
2.783200069999999755e+02 4.831432989989999682e+06 4.635469299929999979e+05
2.788999939999999924e+02 4.831433200012000278e+06 4.635466799929999979e+05
2.789599910000000023e+02 4.831433200012000278e+06 4.635466799929999979e+05
2.789299930000000245e+02 4.831433209990999661e+06 4.635466799929999979e+05
2.789500120000000152e+02 4.831433200012000278e+06 4.635467000119999866e+05
2.789299930000000245e+02 4.831433220000999980e+06 4.635466799929999979e+05
2.789599910000000023e+02 4.831433200012000278e+06 4.635467100220000139e+05
2.789200129999999831e+02 4.831433209990999661e+06 4.635466900020000176e+05
2.789500120000000152e+02 4.831433200012000278e+06 4.635467000119999866e+05
2.789299930000000245e+02 4.831433209990999661e+06 4.635466900020000176e+05
2.789599910000000023e+02 4.831433200012000278e+06 4.635467000119999866e+05
2.789400019999999927e+02 4.831433220000999980e+06 4.635466900020000176e+05
2.789500120000000152e+02 4.831433209990999661e+06 4.635467100220000139e+05
2.789899899999999775e+02 4.831433209990999661e+06 4.635467199709999841e+05
2.783099980000000073e+02 4.831433010010000318e+06 4.635469400020000176e+05
2.789500120000000152e+02 4.831433230011000298e+06 4.635467000119999866e+05
2.789700010000000248e+02 4.831433220000999980e+06 4.635467199709999841e+05
2.783099980000000073e+02 4.831433019988999702e+06 4.635469500119999866e+05
2.783200069999999755e+02 4.831433010010000318e+06 4.635469699709999841e+05
2.789599910000000023e+02 4.831433220000999980e+06 4.635467299800000037e+05
2.790100100000000225e+02 4.831433220000999980e+06 4.635467500000000000e+05
2.783099980000000073e+02 4.831433019988999702e+06 4.635469299929999979e+05
2.789599910000000023e+02 4.831433220000999980e+06 4.635467100220000139e+05
2.790100100000000225e+02 4.831433220000999980e+06 4.635467299800000037e+05
2.783099980000000073e+02 4.831433029999000020e+06 4.635469600220000139e+05
2.789800109999999904e+02 4.831433230011000298e+06 4.635467399899999727e+05
2.790199890000000096e+02 4.831433230011000298e+06 4.635467500000000000e+05
2.790700069999999755e+02 4.831433230011000298e+06 4.635467600100000273e+05
2.783200069999999755e+02 4.831433040009000339e+06 4.635469500119999866e+05
2.783599849999999947e+02 4.831433040009000339e+06 4.635469600220000139e+05
2.789700010000000248e+02 4.831433239989999682e+06 4.635467299800000037e+05
2.790100100000000225e+02 4.831433230011000298e+06 4.635467500000000000e+05
2.790400089999999977e+02 4.831433220000999980e+06 4.635467800290000159e+05
2.783200069999999755e+02 4.831433029999000020e+06 4.635469500119999866e+05
2.783299870000000169e+02 4.831433019988999702e+06 4.635469699709999841e+05
2.790000000000000000e+02 4.831433230011000298e+06 4.635467399899999727e+05
2.790400089999999977e+02 4.831433220000999980e+06 4.635467600100000273e+05
2.783200069999999755e+02 4.831433010010000318e+06 4.635469500119999866e+05
2.789500120000000152e+02 4.831433230011000298e+06 4.635467000119999866e+05
2.789800109999999904e+02 4.831433209990999661e+06 4.635467199709999841e+05
2.790100100000000225e+02 4.831433209990999661e+06 4.635467399899999727e+05
2.783200069999999755e+02 4.831433010010000318e+06 4.635469500119999866e+05
2.789599910000000023e+02 4.831433230011000298e+06 4.635467000119999866e+05
2.789800109999999904e+02 4.831433220000999980e+06 4.635467199709999841e+05
2.790400089999999977e+02 4.831433230011000298e+06 4.635467299800000037e+05
2.789400019999999927e+02 4.831433230011000298e+06 4.635466699830000289e+05
2.789400019999999927e+02 4.831433209990999661e+06 4.635467000119999866e+05
2.789599910000000023e+02 4.831433200012000278e+06 4.635467199709999841e+05
2.788900150000000053e+02 4.831433200012000278e+06 4.635466699830000289e+05
2.789299930000000245e+02 4.831433190001999959e+06 4.635466900020000176e+05
2.788900150000000053e+02 4.831433179992999882e+06 4.635466599730000016e+05
2.788999939999999924e+02 4.831433190001999959e+06 4.635466699830000289e+05
2.788900150000000053e+02 4.831433179992999882e+06 4.635466699830000289e+05
2.788900150000000053e+02 4.831433200012000278e+06 4.635466599730000016e+05
2.789299930000000245e+02 4.831433200012000278e+06 4.635466799929999979e+05
2.789400019999999927e+02 4.831433220000999980e+06 4.635467000119999866e+05
2.789700010000000248e+02 4.831433220000999980e+06 4.635467100220000139e+05
2.790100100000000225e+02 4.831433220000999980e+06 4.635467199709999841e+05
2.783399959999999851e+02 4.831433049987999722e+06 4.635469799800000037e+05
2.783800049999999828e+02 4.831433100006000139e+06 4.635470100100000273e+05
2.783999939999999924e+02 4.831433089995999821e+06 4.635470300290000159e+05
2.784700010000000248e+02 4.831433149993999861e+06 4.635470499880000134e+05
2.788599849999999947e+02 4.831433100006000139e+06 4.635466099849999882e+05
2.788699950000000172e+02 4.831433140014999546e+06 4.635466400150000118e+05
2.789100040000000149e+02 4.831433179992999882e+06 4.635466599730000016e+05
2.789500120000000152e+02 4.831433220000999980e+06 4.635466900020000176e+05
2.789800109999999904e+02 4.831433209990999661e+06 4.635467100220000139e+05
2.790299989999999752e+02 4.831433209990999661e+06 4.635467299800000037e+05
2.789599910000000023e+02 4.831433209990999661e+06 4.635467500000000000e+05
2.790299989999999752e+02 4.831433230011000298e+06 4.635467500000000000e+05
2.790700069999999755e+02 4.831433220000999980e+06 4.635467700199999963e+05
2.783099980000000073e+02 4.831433019988999702e+06 4.635469500119999866e+05
2.783399959999999851e+02 4.831433010010000318e+06 4.635469699709999841e+05
2.783800049999999828e+02 4.831433070007000118e+06 4.635470000000000000e+05
2.784299930000000245e+02 4.831433070007000118e+06 4.635470100100000273e+05
2.783800049999999828e+02 4.831433010010000318e+06 4.635469899899999727e+05
2.783599849999999947e+02 4.831433019988999702e+06 4.635469699709999841e+05
2.783399959999999851e+02 4.831432970000999980e+06 4.635469600220000139e+05
2.783299870000000169e+02 4.831432980011000298e+06 4.635469299929999979e+05
2.789100040000000149e+02 4.831433149993999861e+06 4.635467100220000139e+05
2.789299930000000245e+02 4.831433170013000257e+06 4.635466799929999979e+05
2.789200129999999831e+02 4.831433140014999546e+06 4.635466500239999732e+05
2.788900150000000053e+02 4.831433100006000139e+06 4.635466300049999845e+05
2.788599849999999947e+02 4.831433109985000454e+06 4.635466099849999882e+05
2.784100040000000149e+02 4.831433010010000318e+06 4.635470399779999861e+05
2.790100100000000225e+02 4.831433140014999546e+06 4.635467500000000000e+05
2.783900150000000053e+02 4.831432989989999682e+06 4.635470200199999963e+05
2.789800109999999904e+02 4.831433119994999841e+06 4.635467299800000037e+05
2.789700010000000248e+02 4.831433140014999546e+06 4.635467100220000139e+05
2.789800109999999904e+02 4.831433109985000454e+06 4.635467100220000139e+05
2.789899899999999775e+02 4.831433109985000454e+06 4.635467100220000139e+05
2.783099980000000073e+02 4.831432989989999682e+06 4.635469199830000289e+05
2.783200069999999755e+02 4.831433000000000000e+06 4.635469299929999979e+05
2.783399959999999851e+02 4.831433029999000020e+06 4.635469699709999841e+05
2.783500060000000076e+02 4.831433049987999722e+06 4.635469699709999841e+05
2.783399959999999851e+02 4.831433059998000041e+06 4.635469899899999727e+05
2.783900150000000053e+02 4.831433070007000118e+06 4.635470000000000000e+05
2.783800049999999828e+02 4.831433089995999821e+06 4.635470200199999963e+05
2.789899899999999775e+02 4.831433239989999682e+06 4.635467299800000037e+05
2.790000000000000000e+02 4.831433230011000298e+06 4.635467500000000000e+05
2.790400089999999977e+02 4.831433260010000318e+06 4.635467700199999963e+05
2.784599910000000023e+02 4.831433160004000179e+06 4.635470599979999824e+05
2.788299870000000169e+02 4.831433130005000159e+06 4.635466099849999882e+05
2.788500060000000076e+02 4.831433170013000257e+06 4.635466400150000118e+05
2.788999939999999924e+02 4.831433160004000179e+06 4.635466599730000016e+05
2.789100040000000149e+02 4.831433209990999661e+06 4.635466799929999979e+05
2.789800109999999904e+02 4.831433239989999682e+06 4.635467299800000037e+05
2.790100100000000225e+02 4.831433230011000298e+06 4.635467500000000000e+05
2.783200069999999755e+02 4.831433049987999722e+06 4.635469500119999866e+05
2.783299870000000169e+02 4.831433029999000020e+06 4.635469699709999841e+05
2.783399959999999851e+02 4.831433079986999743e+06 4.635469799800000037e+05
2.783999939999999924e+02 4.831433109985000454e+06 4.635470300290000159e+05
2.784400019999999927e+02 4.831433140014999546e+06 4.635470599979999824e+05
2.788500060000000076e+02 4.831433149993999861e+06 4.635466099849999882e+05
2.788599849999999947e+02 4.831433140014999546e+06 4.635466300049999845e+05
2.788900150000000053e+02 4.831433190001999959e+06 4.635466599730000016e+05
2.789599910000000023e+02 4.831433239989999682e+06 4.635467199709999841e+05
2.790000000000000000e+02 4.831433239989999682e+06 4.635467500000000000e+05
2.783200069999999755e+02 4.831433059998000041e+06 4.635469600220000139e+05
2.783299870000000169e+02 4.831433040009000339e+06 4.635469899899999727e+05
2.784100040000000149e+02 4.831433119994999841e+06 4.635470200199999963e+05
2.789299930000000245e+02 4.831433190001999959e+06 4.635466699830000289e+05
2.788399959999999851e+02 4.831433119994999841e+06 4.635466099849999882e+05
2.785700069999999755e+02 4.831433380005000159e+06 4.635471500239999732e+05
2.788500060000000076e+02 4.831433290009000339e+06 4.635471500239999732e+05
2.784400019999999927e+02 4.831433089995999821e+06 4.635470300290000159e+05
2.788999939999999924e+02 4.831433100006000139e+06 4.635466300049999845e+05
2.789299930000000245e+02 4.831433190001999959e+06 4.635467199709999841e+05
2.790400089999999977e+02 4.831433220000999980e+06 4.635467899779999861e+05
2.784200129999999831e+02 4.831433109985000454e+06 4.635470700070000021e+05
2.788200069999999755e+02 4.831433350006000139e+06 4.635474500119999866e+05
2.787900089999999977e+02 4.831433359985000454e+06 4.635474199830000289e+05
2.788599849999999947e+02 4.831433359985000454e+06 4.635473900150000118e+05
2.788999939999999924e+02 4.831433359985000454e+06 4.635474199830000289e+05
2.789400019999999927e+02 4.831433359985000454e+06 4.635472999880000134e+05
2.788900150000000053e+02 4.831433279999000020e+06 4.635472000119999866e+05
2.788699950000000172e+02 4.831433399993999861e+06 4.635473200070000021e+05
2.788900150000000053e+02 4.831433380005000159e+06 4.635472999880000134e+05
2.788800049999999828e+02 4.831433380005000159e+06 4.635473800049999845e+05
2.788599849999999947e+02 4.831433399993999861e+06 4.635473300169999711e+05
2.789400019999999927e+02 4.831433410004000179e+06 4.635473099979999824e+05
2.785799870000000169e+02 4.831433410004000179e+06 4.635472000119999866e+05
2.789200129999999831e+02 4.831433399993999861e+06 4.635472500000000000e+05
2.788900150000000053e+02 4.831433390014999546e+06 4.635472800290000159e+05
2.788800049999999828e+02 4.831433369994999841e+06 4.635472999880000134e+05
2.789200129999999831e+02 4.831433320007000118e+06 4.635472500000000000e+05
2.788599849999999947e+02 4.831433320007000118e+06 4.635472600100000273e+05
2.788399959999999851e+02 4.831433410004000179e+06 4.635473200070000021e+05
2.788800049999999828e+02 4.831433420013000257e+06 4.635473499760000268e+05
2.789500120000000152e+02 4.831433399993999861e+06 4.635473300169999711e+05
2.788999939999999924e+02 4.831433410004000179e+06 4.635473300169999711e+05
2.788599849999999947e+02 4.831433410004000179e+06 4.635473499760000268e+05
2.789100040000000149e+02 4.831433410004000179e+06 4.635473499760000268e+05
2.788699950000000172e+02 4.831433420013000257e+06 4.635473499760000268e+05
2.789400019999999927e+02 4.831433410004000179e+06 4.635473400269999984e+05
2.788599849999999947e+02 4.831433350006000139e+06 4.635472999880000134e+05
2.788599849999999947e+02 4.831433390014999546e+06 4.635472899779999861e+05
2.788900150000000053e+02 4.831433410004000179e+06 4.635472800290000159e+05
2.785899959999999851e+02 4.831433410004000179e+06 4.635472399899999727e+05
2.788699950000000172e+02 4.831433390014999546e+06 4.635473699950000155e+05
2.788599849999999947e+02 4.831433410004000179e+06 4.635472199709999841e+05
