2.797600100000000225e+02 4.831430179992999882e+06 4.635463900150000118e+05
2.799400019999999927e+02 4.831430200012000278e+06 4.635464000239999732e+05
2.798099980000000073e+02 4.831430220000999980e+06 4.635463800049999845e+05
2.797699890000000096e+02 4.831430299987999722e+06 4.635463699950000155e+05
2.797699890000000096e+02 4.831430350006000139e+06 4.635463900150000118e+05
2.801700129999999831e+02 4.831430290009000339e+06 4.635463599849999882e+05
2.802000120000000152e+02 4.831430299987999722e+06 4.635463699950000155e+05
2.802399899999999775e+02 4.831430309998000041e+06 4.635463699950000155e+05
2.802900089999999977e+02 4.831430309998000041e+06 4.635463699950000155e+05
2.803399959999999851e+02 4.831430309998000041e+06 4.635463699950000155e+05
2.802600100000000225e+02 4.831430339995999821e+06 4.635463200070000021e+05
2.803299870000000169e+02 4.831430329986999743e+06 4.635463099979999824e+05
2.803900150000000053e+02 4.831430329986999743e+06 4.635463099979999824e+05
2.804299930000000245e+02 4.831430329986999743e+06 4.635463099979999824e+05
2.799700010000000248e+02 4.831430190001999959e+06 4.635464000239999732e+05
2.798800049999999828e+02 4.831430160004000179e+06 4.635463599849999882e+05
2.799299930000000245e+02 4.831430170013000257e+06 4.635463599849999882e+05
2.799599910000000023e+02 4.831430190001999959e+06 4.635463599849999882e+05
2.798699950000000172e+02 4.831430200012000278e+06 4.635463599849999882e+05
2.799200129999999831e+02 4.831430200012000278e+06 4.635463499760000268e+05
2.799800109999999904e+02 4.831430209990999661e+06 4.635463499760000268e+05
2.797799989999999752e+02 4.831430269988999702e+06 4.635463800049999845e+05
2.797900089999999977e+02 4.831430309998000041e+06 4.635464000239999732e+05
2.797600100000000225e+02 4.831430290009000339e+06 4.635463599849999882e+05
2.797699890000000096e+02 4.831430329986999743e+06 4.635463800049999845e+05
2.797999879999999848e+02 4.831430359985000454e+06 4.635463900150000118e+05
2.797799989999999752e+02 4.831430290009000339e+06 4.635463099979999824e+05
2.797600100000000225e+02 4.831430339995999821e+06 4.635463499760000268e+05
2.797999879999999848e+02 4.831430359985000454e+06 4.635463599849999882e+05
2.798399959999999851e+02 4.831430369994999841e+06 4.635463599849999882e+05
2.798900150000000053e+02 4.831430390014999546e+06 4.635463599849999882e+05
2.797799989999999752e+02 4.831430369994999841e+06 4.635463300169999711e+05
2.798099980000000073e+02 4.831430390014999546e+06 4.635463300169999711e+05
2.798500060000000076e+02 4.831430399993999861e+06 4.635463300169999711e+05
2.798999939999999924e+02 4.831430410004000179e+06 4.635463300169999711e+05
2.799400019999999927e+02 4.831430420013000257e+06 4.635463300169999711e+05
2.799800109999999904e+02 4.831430440001999959e+06 4.635463300169999711e+05
2.798599849999999947e+02 4.831430170013000257e+06 4.635463699950000155e+05
2.799299930000000245e+02 4.831430170013000257e+06 4.635463499760000268e+05
2.799700010000000248e+02 4.831430179992999882e+06 4.635463499760000268e+05
2.801799930000000245e+02 4.831430250000000000e+06 4.635463300169999711e+05
2.802300109999999904e+02 4.831430260010000318e+06 4.635463300169999711e+05
2.802699890000000096e+02 4.831430279999000020e+06 4.635463300169999711e+05
2.803399959999999851e+02 4.831430279999000020e+06 4.635463099979999824e+05
2.797999879999999848e+02 4.831430209990999661e+06 4.635463499760000268e+05
2.798500060000000076e+02 4.831430220000999980e+06 4.635463400269999984e+05
2.799100040000000149e+02 4.831430220000999980e+06 4.635463200070000021e+05
2.799700010000000248e+02 4.831430230011000298e+06 4.635463200070000021e+05
2.797699890000000096e+02 4.831430320007000118e+06 4.635463599849999882e+05
2.797999879999999848e+02 4.831430350006000139e+06 4.635463699950000155e+05
2.797699890000000096e+02 4.831430359985000454e+06 4.635463300169999711e+05
2.798200069999999755e+02 4.831430369994999841e+06 4.635463200070000021e+05
2.798699950000000172e+02 4.831430380005000159e+06 4.635463200070000021e+05
2.799100040000000149e+02 4.831430399993999861e+06 4.635463099979999824e+05
2.799500120000000152e+02 4.831430420013000257e+06 4.635463200070000021e+05
2.800499879999999848e+02 4.831430429992999882e+06 4.635463699950000155e+05
2.798500060000000076e+02 4.831430329986999743e+06 4.635463699950000155e+05
2.797900089999999977e+02 4.831430309998000041e+06 4.635464199830000289e+05
2.804200129999999831e+02 4.831430269988999702e+06 4.635463400269999984e+05
2.803900150000000053e+02 4.831430260010000318e+06 4.635463400269999984e+05
2.804200129999999831e+02 4.831430250000000000e+06 4.635463699950000155e+05
2.803900150000000053e+02 4.831430230011000298e+06 4.635463699950000155e+05
2.802999879999999848e+02 4.831430250000000000e+06 4.635463900150000118e+05
2.800000000000000000e+02 4.831430200012000278e+06 4.635464000239999732e+05
2.798500060000000076e+02 4.831430179992999882e+06 4.635464099730000016e+05
2.799500120000000152e+02 4.831430429992999882e+06 4.635464000239999732e+05
2.804500120000000152e+02 4.831430279999000020e+06 4.635463800049999845e+05
2.803999939999999924e+02 4.831430269988999702e+06 4.635463699950000155e+05
2.803299870000000169e+02 4.831430290009000339e+06 4.635463800049999845e+05
2.802799989999999752e+02 4.831430279999000020e+06 4.635463800049999845e+05
2.802300109999999904e+02 4.831430279999000020e+06 4.635463699950000155e+05
2.798800049999999828e+02 4.831430380005000159e+06 4.635464299929999979e+05
2.798599849999999947e+02 4.831430359985000454e+06 4.635464099730000016e+05
2.803099980000000073e+02 4.831430260010000318e+06 4.635464099730000016e+05
2.802300109999999904e+02 4.831430260010000318e+06 4.635464199830000289e+05
2.801900019999999927e+02 4.831430250000000000e+06 4.635464099730000016e+05
2.798299870000000169e+02 4.831430339995999821e+06 4.635464500119999866e+05
2.797900089999999977e+02 4.831430329986999743e+06 4.635464400020000176e+05
2.797799989999999752e+02 4.831430299987999722e+06 4.635464299929999979e+05
2.801900019999999927e+02 4.831430250000000000e+06 4.635464699709999841e+05
2.801499939999999924e+02 4.831430239989999682e+06 4.635464600220000139e+05
2.798399959999999851e+02 4.831430250000000000e+06 4.635464600220000139e+05
2.799299930000000245e+02 4.831430170013000257e+06 4.635464099730000016e+05
2.797900089999999977e+02 4.831430160004000179e+06 4.635464899899999727e+05
2.800700069999999755e+02 4.831430450012000278e+06 4.635463400269999984e+05
2.804400019999999927e+02 4.831430279999000020e+06 4.635463800049999845e+05
2.803800049999999828e+02 4.831430279999000020e+06 4.635463699950000155e+05
2.803599849999999947e+02 4.831430269988999702e+06 4.635463499760000268e+05
2.800299989999999752e+02 4.831430440001999959e+06 4.635463699950000155e+05
2.803200069999999755e+02 4.831430290009000339e+06 4.635464099730000016e+05
2.802999879999999848e+02 4.831430260010000318e+06 4.635463900150000118e+05
2.802399899999999775e+02 4.831430250000000000e+06 4.635464199830000289e+05
2.797999879999999848e+02 4.831430369994999841e+06 4.635464000239999732e+05
2.797699890000000096e+02 4.831430329986999743e+06 4.635464199830000289e+05
2.798299870000000169e+02 4.831430140014999546e+06 4.635464899899999727e+05
2.798399959999999851e+02 4.831430309998000041e+06 4.635463200070000021e+05
2.801900019999999927e+02 4.831430299987999722e+06 4.635463200070000021e+05
2.798200069999999755e+02 4.831430200012000278e+06 4.635463400269999984e+05
2.799100040000000149e+02 4.831430200012000278e+06 4.635463300169999711e+05
2.799700010000000248e+02 4.831430209990999661e+06 4.635463200070000021e+05
2.797999879999999848e+02 4.831430329986999743e+06 4.635463099979999824e+05
2.798399959999999851e+02 4.831430350006000139e+06 4.635463099979999824e+05
2.798900150000000053e+02 4.831430369994999841e+06 4.635463099979999824e+05
2.799200129999999831e+02 4.831430390014999546e+06 4.635463099979999824e+05
2.802099910000000023e+02 4.831430290009000339e+06 4.635463400269999984e+05
2.799200129999999831e+02 4.831430190001999959e+06 4.635464000239999732e+05
2.802099910000000023e+02 4.831430380005000159e+06 4.635463099979999824e+05
2.802200010000000248e+02 4.831430320007000118e+06 4.635463400269999984e+05
2.802500000000000000e+02 4.831430299987999722e+06 4.635463300169999711e+05
2.802099910000000023e+02 4.831430279999000020e+06 4.635463099979999824e+05
2.798099980000000073e+02 4.831430309998000041e+06 4.635463900150000118e+05
2.797999879999999848e+02 4.831430239989999682e+06 4.635464299929999979e+05
2.798200069999999755e+02 4.831430190001999959e+06 4.635464000239999732e+05
2.803999939999999924e+02 4.831430329986999743e+06 4.635463300169999711e+05
2.802399899999999775e+02 4.831430350006000139e+06 4.635463400269999984e+05
2.802699890000000096e+02 4.831430320007000118e+06 4.635463300169999711e+05
2.802600100000000225e+02 4.831430299987999722e+06 4.635463200070000021e+05
2.801900019999999927e+02 4.831430329986999743e+06 4.635463599849999882e+05
2.802200010000000248e+02 4.831430299987999722e+06 4.635463499760000268e+05
2.801799930000000245e+02 4.831430279999000020e+06 4.635463300169999711e+05
2.798699950000000172e+02 4.831430410004000179e+06 4.635463699950000155e+05
2.798299870000000169e+02 4.831430399993999861e+06 4.635463499760000268e+05
2.797799989999999752e+02 4.831430390014999546e+06 4.635463800049999845e+05
2.797799989999999752e+02 4.831430369994999841e+06 4.635463599849999882e+05
2.798699950000000172e+02 4.831430329986999743e+06 4.635463599849999882e+05
2.797799989999999752e+02 4.831430309998000041e+06 4.635463699950000155e+05
2.800199890000000096e+02 4.831430230011000298e+06 4.635463800049999845e+05
2.798699950000000172e+02 4.831430239989999682e+06 4.635464000239999732e+05
2.799200129999999831e+02 4.831430209990999661e+06 4.635463900150000118e+05
2.798800049999999828e+02 4.831430190001999959e+06 4.635463699950000155e+05
2.797699890000000096e+02 4.831430250000000000e+06 4.635464199830000289e+05
2.798099980000000073e+02 4.831430220000999980e+06 4.635464099730000016e+05
2.798500060000000076e+02 4.831430190001999959e+06 4.635464000239999732e+05
2.797999879999999848e+02 4.831430130005000159e+06 4.635463499760000268e+05
2.797799989999999752e+02 4.831430149993999861e+06 4.635463599849999882e+05
2.797600100000000225e+02 4.831430170013000257e+06 4.635463699950000155e+05
2.797600100000000225e+02 4.831430209990999661e+06 4.635464000239999732e+05
2.797600100000000225e+02 4.831430239989999682e+06 4.635464099730000016e+05
2.798200069999999755e+02 4.831430130005000159e+06 4.635463300169999711e+05
2.797900089999999977e+02 4.831430160004000179e+06 4.635463400269999984e+05
2.797999879999999848e+02 4.831430230011000298e+06 4.635463800049999845e+05
2.798399959999999851e+02 4.831430250000000000e+06 4.635464000239999732e+05
2.799400019999999927e+02 4.831430250000000000e+06 4.635463599849999882e+05
2.798699950000000172e+02 4.831430269988999702e+06 4.635463599849999882e+05
2.801700129999999831e+02 4.831430320007000118e+06 4.635463099979999824e+05
2.801499939999999924e+02 4.831430339995999821e+06 4.635463200070000021e+05
2.797999879999999848e+02 4.831430390014999546e+06 4.635463400269999984e+05
2.803800049999999828e+02 4.831430380005000159e+06 4.635463099979999824e+05
2.802900089999999977e+02 4.831430399993999861e+06 4.635463200070000021e+05
2.798399959999999851e+02 4.831430429992999882e+06 4.635463099979999824e+05
2.797900089999999977e+02 4.831430390014999546e+06 4.635463200070000021e+05
2.797600100000000225e+02 4.831430339995999821e+06 4.635463099979999824e+05
2.797699890000000096e+02 4.831430250000000000e+06 4.635463200070000021e+05
2.798399959999999851e+02 4.831430250000000000e+06 4.635463099979999824e+05
2.801300049999999828e+02 4.831430329986999743e+06 4.635463099979999824e+05
2.798299870000000169e+02 4.831430179992999882e+06 4.635463699950000155e+05
2.798099980000000073e+02 4.831430140014999546e+06 4.635463499760000268e+05
2.798599849999999947e+02 4.831430130005000159e+06 4.635463300169999711e+05
2.800000000000000000e+02 4.831430140014999546e+06 4.635463200070000021e+05
2.801900019999999927e+02 4.831430320007000118e+06 4.635463300169999711e+05
2.797699890000000096e+02 4.831430279999000020e+06 4.635463599849999882e+05
2.797699890000000096e+02 4.831430260010000318e+06 4.635463499760000268e+05
2.798599849999999947e+02 4.831430269988999702e+06 4.635463599849999882e+05
2.798999939999999924e+02 4.831430250000000000e+06 4.635463499760000268e+05
2.803699950000000172e+02 4.831430399993999861e+06 4.635463099979999824e+05
2.801799930000000245e+02 4.831430390014999546e+06 4.635463200070000021e+05
2.802099910000000023e+02 4.831430369994999841e+06 4.635463099979999824e+05
2.798399959999999851e+02 4.831430429992999882e+06 4.635463200070000021e+05
2.798099980000000073e+02 4.831430399993999861e+06 4.635463300169999711e+05
2.797600100000000225e+02 4.831430290009000339e+06 4.635463400269999984e+05
2.797799989999999752e+02 4.831430260010000318e+06 4.635463699950000155e+05
2.798099980000000073e+02 4.831430250000000000e+06 4.635463699950000155e+05
2.797699890000000096e+02 4.831430209990999661e+06 4.635463800049999845e+05
2.797699890000000096e+02 4.831430410004000179e+06 4.635463699950000155e+05
2.804599910000000023e+02 4.831430130005000159e+06 4.635463800049999845e+05
2.803299870000000169e+02 4.831430339995999821e+06 4.635463200070000021e+05
2.802000120000000152e+02 4.831430329986999743e+06 4.635463300169999711e+05
2.801600040000000149e+02 4.831430339995999821e+06 4.635463400269999984e+05
2.801099849999999947e+02 4.831430339995999821e+06 4.635463499760000268e+05
2.800599980000000073e+02 4.831430329986999743e+06 4.635463499760000268e+05
2.798800049999999828e+02 4.831430309998000041e+06 4.635463599849999882e+05
2.797999879999999848e+02 4.831430290009000339e+06 4.635463599849999882e+05
2.797600100000000225e+02 4.831430290009000339e+06 4.635463699950000155e+05
2.797600100000000225e+02 4.831430359985000454e+06 4.635463300169999711e+05
2.797600100000000225e+02 4.831430399993999861e+06 4.635463499760000268e+05
2.806400150000000053e+02 4.831430140014999546e+06 4.635463599849999882e+05
2.801900019999999927e+02 4.831430130005000159e+06 4.635463099979999824e+05
2.799400019999999927e+02 4.831430170013000257e+06 4.635463300169999711e+05
2.797799989999999752e+02 4.831430359985000454e+06 4.635463200070000021e+05
2.797600100000000225e+02 4.831430279999000020e+06 4.635463300169999711e+05
2.798200069999999755e+02 4.831430279999000020e+06 4.635463200070000021e+05
2.798699950000000172e+02 4.831430279999000020e+06 4.635463200070000021e+05
2.799200129999999831e+02 4.831430279999000020e+06 4.635463099979999824e+05
2.799899899999999775e+02 4.831430290009000339e+06 4.635463099979999824e+05
2.797600100000000225e+02 4.831430260010000318e+06 4.635463599849999882e+05
2.798099980000000073e+02 4.831430250000000000e+06 4.635463499760000268e+05
2.798500060000000076e+02 4.831430239989999682e+06 4.635463400269999984e+05
2.798999939999999924e+02 4.831430250000000000e+06 4.635463400269999984e+05
2.799500120000000152e+02 4.831430239989999682e+06 4.635463300169999711e+05
2.800100100000000225e+02 4.831430239989999682e+06 4.635463300169999711e+05
2.797600100000000225e+02 4.831430160004000179e+06 4.635463699950000155e+05
2.798200069999999755e+02 4.831430130005000159e+06 4.635463499760000268e+05
2.797799989999999752e+02 4.831430390014999546e+06 4.635463200070000021e+05
2.797799989999999752e+02 4.831430299987999722e+06 4.635463300169999711e+05
2.798200069999999755e+02 4.831430290009000339e+06 4.635463200070000021e+05
2.797699890000000096e+02 4.831430399993999861e+06 4.635463400269999984e+05
2.799700010000000248e+02 4.831430279999000020e+06 4.635463400269999984e+05
2.797999879999999848e+02 4.831430149993999861e+06 4.635463400269999984e+05
2.797799989999999752e+02 4.831430170013000257e+06 4.635463200070000021e+05
2.798999939999999924e+02 4.831430320007000118e+06 4.635463200070000021e+05
2.798200069999999755e+02 4.831430410004000179e+06 4.635463099979999824e+05
2.798699950000000172e+02 4.831430429992999882e+06 4.635463099979999824e+05
2.797900089999999977e+02 4.831430140014999546e+06 4.635463200070000021e+05
2.797600100000000225e+02 4.831430359985000454e+06 4.635463200070000021e+05
2.797799989999999752e+02 4.831430390014999546e+06 4.635463099979999824e+05
2.798599849999999947e+02 4.831430399993999861e+06 4.635463200070000021e+05
2.798999939999999924e+02 4.831430390014999546e+06 4.635463300169999711e+05
2.797799989999999752e+02 4.831430209990999661e+06 4.635463400269999984e+05
2.797600100000000225e+02 4.831430320007000118e+06 4.635463099979999824e+05
2.798800049999999828e+02 4.831430239989999682e+06 4.635463300169999711e+05
2.798099980000000073e+02 4.831430230011000298e+06 4.635463200070000021e+05
2.797799989999999752e+02 4.831430149993999861e+06 4.635463400269999984e+05
2.798099980000000073e+02 4.831430299987999722e+06 4.635463200070000021e+05
2.797900089999999977e+02 4.831430309998000041e+06 4.635463099979999824e+05
2.799800109999999904e+02 4.831430190001999959e+06 4.635463200070000021e+05
2.798599849999999947e+02 4.831430179992999882e+06 4.635463400269999984e+05
2.797600100000000225e+02 4.831430190001999959e+06 4.635463499760000268e+05
2.798099980000000073e+02 4.831430140014999546e+06 4.635463300169999711e+05
2.798599849999999947e+02 4.831430309998000041e+06 4.635463200070000021e+05
2.800199890000000096e+02 4.831430149993999861e+06 4.635463900150000118e+05
2.799700010000000248e+02 4.831430190001999959e+06 4.635463200070000021e+05
2.797900089999999977e+02 4.831430130005000159e+06 4.635463599849999882e+05
2.798200069999999755e+02 4.831430130005000159e+06 4.635463300169999711e+05
2.798999939999999924e+02 4.831430130005000159e+06 4.635463400269999984e+05
2.797999879999999848e+02 4.831430170013000257e+06 4.635463499760000268e+05
2.798200069999999755e+02 4.831430160004000179e+06 4.635463699950000155e+05
2.798299870000000169e+02 4.831430220000999980e+06 4.635463699950000155e+05
2.798200069999999755e+02 4.831430299987999722e+06 4.635463300169999711e+05
2.798800049999999828e+02 4.831430299987999722e+06 4.635463800049999845e+05
2.798399959999999851e+02 4.831430260010000318e+06 4.635464400020000176e+05
2.797699890000000096e+02 4.831430329986999743e+06 4.635463099979999824e+05
2.797799989999999752e+02 4.831430329986999743e+06 4.635463300169999711e+05
2.798999939999999924e+02 4.831430209990999661e+06 4.635463599849999882e+05
2.802200010000000248e+02 4.831430299987999722e+06 4.635463099979999824e+05
2.797900089999999977e+02 4.831430130005000159e+06 4.635463599849999882e+05
2.800199890000000096e+02 4.831430200012000278e+06 4.635463800049999845e+05
2.799500120000000152e+02 4.831430190001999959e+06 4.635463800049999845e+05
2.797900089999999977e+02 4.831430179992999882e+06 4.635463699950000155e+05
2.801400150000000053e+02 4.831430269988999702e+06 4.635463499760000268e+05
2.799599910000000023e+02 4.831430220000999980e+06 4.635463900150000118e+05
2.797900089999999977e+02 4.831430200012000278e+06 4.635464000239999732e+05
2.802200010000000248e+02 4.831430320007000118e+06 4.635463400269999984e+05
2.802000120000000152e+02 4.831430309998000041e+06 4.635463599849999882e+05
2.797799989999999752e+02 4.831430230011000298e+06 4.635464099730000016e+05
2.802099910000000023e+02 4.831430350006000139e+06 4.635463499760000268e+05
2.800199890000000096e+02 4.831430299987999722e+06 4.635463800049999845e+05
2.800599980000000073e+02 4.831430489989999682e+06 4.635463200070000021e+05
2.801300049999999828e+02 4.831430500000000000e+06 4.635463300169999711e+05
2.801400150000000053e+02 4.831430500000000000e+06 4.635463800049999845e+05
2.801600040000000149e+02 4.831430519988999702e+06 4.635463400269999984e+05
2.801300049999999828e+02 4.831430500000000000e+06 4.635463300169999711e+05
2.800599980000000073e+02 4.831430510010000318e+06 4.635463200070000021e+05
2.801499939999999924e+02 4.831430470000999980e+06 4.635463599849999882e+05
2.801000060000000076e+02 4.831430470000999980e+06 4.635463499760000268e+05
2.807900089999999977e+02 4.831430429992999882e+06 4.635463599849999882e+05
2.809200129999999831e+02 4.831430450012000278e+06 4.635463900150000118e+05
2.809800109999999904e+02 4.831430450012000278e+06 4.635463800049999845e+05
2.809100040000000149e+02 4.831430429992999882e+06 4.635463699950000155e+05
2.809700010000000248e+02 4.831430429992999882e+06 4.635463599849999882e+05
2.806900019999999927e+02 4.831430290009000339e+06 4.635463300169999711e+05
2.806099849999999947e+02 4.831430299987999722e+06 4.635463300169999711e+05
2.805499879999999848e+02 4.831430299987999722e+06 4.635463400269999984e+05
2.805100100000000225e+02 4.831430279999000020e+06 4.635463800049999845e+05
2.804899899999999775e+02 4.831430350006000139e+06 4.635464799800000037e+05
2.804500120000000152e+02 4.831430339995999821e+06 4.635464699709999841e+05
2.806499939999999924e+02 4.831430290009000339e+06 4.635463200070000021e+05
2.806000060000000076e+02 4.831430290009000339e+06 4.635463099979999824e+05
2.805499879999999848e+02 4.831430260010000318e+06 4.635463400269999984e+05
2.808699950000000172e+02 4.831430429992999882e+06 4.635463400269999984e+05
2.809800109999999904e+02 4.831430450012000278e+06 4.635463900150000118e+05
2.804599910000000023e+02 4.831430410004000179e+06 4.635463200070000021e+05
2.807999879999999848e+02 4.831430450012000278e+06 4.635463200070000021e+05
2.804700010000000248e+02 4.831430359985000454e+06 4.635463099979999824e+05
2.809899899999999775e+02 4.831430450012000278e+06 4.635464000239999732e+05
2.807000120000000152e+02 4.831430209990999661e+06 4.635463800049999845e+05
2.810000000000000000e+02 4.831430390014999546e+06 4.635463800049999845e+05
2.809700010000000248e+02 4.831430410004000179e+06 4.635463400269999984e+05
2.804599910000000023e+02 4.831430339995999821e+06 4.635463200070000021e+05
2.797799989999999752e+02 4.831430450012000278e+06 4.635475100100000273e+05
2.808900150000000053e+02 4.831430480011000298e+06 4.635463800049999845e+05
2.802600100000000225e+02 4.831430489989999682e+06 4.635463099979999824e+05
2.802600100000000225e+02 4.831430549987999722e+06 4.635463200070000021e+05
2.802099910000000023e+02 4.831430549987999722e+06 4.635463200070000021e+05
2.803200069999999755e+02 4.831430600006000139e+06 4.635463099979999824e+05
2.803399959999999851e+02 4.831430510010000318e+06 4.635463200070000021e+05
2.802300109999999904e+02 4.831430549987999722e+06 4.635463200070000021e+05
2.801900019999999927e+02 4.831430540009000339e+06 4.635463099979999824e+05
2.809500120000000152e+02 4.831430480011000298e+06 4.635463699950000155e+05
2.809899899999999775e+02 4.831430480011000298e+06 4.635463400269999984e+05
2.809500120000000152e+02 4.831430489989999682e+06 4.635463400269999984e+05
2.809800109999999904e+02 4.831430489989999682e+06 4.635463499760000268e+05
2.810000000000000000e+02 4.831430519988999702e+06 4.635463699950000155e+05
2.808699950000000172e+02 4.831430470000999980e+06 4.635463300169999711e+05
2.808800049999999828e+02 4.831430480011000298e+06 4.635463200070000021e+05
2.809700010000000248e+02 4.831430470000999980e+06 4.635463400269999984e+05
2.807099910000000023e+02 4.831430470000999980e+06 4.635464699709999841e+05
2.798099980000000073e+02 4.831430559998000041e+06 4.635475499880000134e+05
