463548.640015 4831429.489990 270.239990
463548.760010 4831430.250000 270.279999
463548.880005 4831430.049988 270.179993
463548.849976 4831430.019989 270.250000
463548.840027 4831430.250000 270.250000
463548.729980 4831430.329987 270.200012
463548.849976 4831430.230011 270.279999
463548.900024 4831430.019989 270.190002
463548.729980 4831430.279999 270.220001
463548.729980 4831429.839996 270.230011
463548.770020 4831429.899994 270.290009
463548.700012 4831430.299988 270.230011
463548.679993 4831430.279999 270.260010
463548.780029 4831430.250000 270.190002
463548.859985 4831430.040009 270.209991
463548.849976 4831430.019989 270.239990
463548.830017 4831430.010010 270.290009
463548.809998 4831429.980011 270.299988
463548.669983 4831430.299988 270.279999
463548.789978 4831430.250000 270.220001
463548.869995 4831430.070007 270.220001
463548.849976 4831430.049988 270.239990
463548.849976 4831430.029999 270.290009
463548.820007 4831429.980011 270.299988
463548.799988 4831429.950012 270.299988
463548.869995 4831429.959991 270.260010
463548.770020 4831430.070007 270.179993
463548.780029 4831430.059998 270.290009
463548.880005 4831430.089996 270.190002
463548.869995 4831430.059998 270.209991
463548.859985 4831430.040009 270.239990
463548.840027 4831430.010010 270.250000
463548.840027 4831429.989990 270.290009
463548.809998 4831429.959991 270.290009
463548.789978 4831429.929993 270.260010
463548.849976 4831429.929993 270.160004
463548.859985 4831429.929993 270.190002
463548.770020 4831429.980011 270.299988
463548.820007 4831430.059998 270.260010
463548.840027 4831430.079987 270.239990
463548.799988 4831430.190002 270.220001
463548.739990 4831430.290009 270.239990
463548.809998 4831429.959991 270.260010
463548.840027 4831430.010010 270.279999
463548.780029 4831430.049988 270.279999
463548.789978 4831430.059998 270.230011
463548.750000 4831430.109985 270.279999
463548.780029 4831430.279999 270.279999
463548.760010 4831430.299988 270.299988
463548.760010 4831430.269989 270.190002
463548.750000 4831430.269989 270.190002
463548.780029 4831430.279999 270.269989
463548.760010 4831430.309998 270.299988
463548.729980 4831430.279999 270.200012
463548.799988 4831429.880005 270.230011
463548.659973 4831430.329987 270.290009
463548.640015 4831430.290009 270.299988
463548.710022 4831430.309998 270.230011
463548.760010 4831429.950012 270.290009
463548.859985 4831430.019989 270.230011
463548.830017 4831429.950012 270.209991
463548.830017 4831429.970001 270.290009
463548.799988 4831429.959991 270.299988
463548.650024 4831430.309998 270.299988
463548.619995 4831430.359985 270.290009
463548.780029 4831430.230011 270.260010
463548.799988 4831429.950012 270.279999
463548.799988 4831429.910004 270.269989
463548.640015 4831429.529999 270.239990
463548.809998 4831429.950012 270.239990
463548.849976 4831429.980011 270.200012
463548.929993 4831429.929993 270.200012
463548.880005 4831430.000000 270.299988
463548.890015 4831430.010010 270.220001
463548.770020 4831430.179993 270.260010
463548.900024 4831430.100006 270.209991
463548.750000 4831430.329987 270.260010
463548.809998 4831430.290009 270.299988
463548.780029 4831429.940002 270.290009
463548.859985 4831429.970001 270.239990
463548.890015 4831429.950012 270.190002
463548.919983 4831429.929993 270.190002
463548.840027 4831430.109985 270.250000
463548.890015 4831430.070007 270.179993
463548.739990 4831430.369995 270.179993
463548.760010 4831430.359985 270.179993
463548.820007 4831430.010010 270.299988
463548.849976 4831429.989990 270.290009
463548.849976 4831429.970001 270.220001
463548.900024 4831429.940002 270.190002
463548.849976 4831430.040009 270.299988
463548.869995 4831430.029999 270.269989
463548.890015 4831430.010010 270.250000
463548.830017 4831430.079987 270.260010
463548.880005 4831430.059998 270.269989
463548.869995 4831430.040009 270.179993
463548.840027 4831430.130005 270.230011
463548.890015 4831430.100006 270.209991
463548.900024 4831430.079987 270.179993
463548.840027 4831430.220001 270.279999
463548.690002 4831430.320007 270.279999
463548.719971 4831430.299988 270.279999
463548.830017 4831430.250000 270.269989
463548.719971 4831430.339996 270.239990
463548.750000 4831430.329987 270.250000
463548.799988 4831430.320007 270.299988
463548.679993 4831430.399994 270.299988
463548.739990 4831430.350006 270.230011
463548.809998 4831430.329987 270.299988
463548.739990 4831430.359985 270.179993
463548.770020 4831430.339996 270.160004
463548.729980 4831430.399994 270.170013
463548.739990 4831430.390015 270.160004
463548.719971 4831430.399994 270.179993
463548.739990 4831430.390015 270.160004
463548.729980 4831430.420013 270.170013
463548.750000 4831430.420013 270.070007
463548.859985 4831430.329987 270.059998
463548.940002 4831430.049988 270.070007
463548.739990 4831430.369995 270.149994
463548.799988 4831430.350006 270.109985
463548.919983 4831430.059998 270.160004
463548.919983 4831430.179993 269.989990
463548.859985 4831430.109985 270.010010
463548.940002 4831430.100006 270.010010
463548.780029 4831430.369995 270.049988
463548.880005 4831430.239990 269.970001
463548.929993 4831430.170013 269.980011
463548.940002 4831430.260010 269.980011
463548.929993 4831430.220001 270.029999
463548.950012 4831430.179993 269.989990
463548.940002 4831430.140015 270.040009
463548.989990 4831430.059998 270.019989
463548.900024 4831430.190002 270.049988
463548.890015 4831430.279999 270.049988
463548.869995 4831430.130005 270.010010
463548.919983 4831430.209991 270.040009
463548.840027 4831430.290009 269.959991
463548.840027 4831430.350006 269.980011
463548.900024 4831429.910004 270.089996
463548.880005 4831430.040009 270.079987
463548.739990 4831430.410004 270.059998
463548.780029 4831430.359985 270.079987
463548.880005 4831429.989990 270.059998
463548.770020 4831430.380005 270.079987
463548.840027 4831430.350006 270.079987
463548.760010 4831430.369995 270.089996
463548.840027 4831430.329987 270.100006
463548.859985 4831430.059998 270.089996
463548.830017 4831430.329987 270.100006
463548.739990 4831430.350006 270.109985
463548.729980 4831430.339996 270.149994
463548.820007 4831430.299988 270.109985
463548.869995 4831430.040009 270.140015
463548.739990 4831430.410004 270.140015
463548.770020 4831430.339996 270.100006
463548.820007 4831430.309998 270.119995
463548.880005 4831429.980011 270.109985
463548.869995 4831429.959991 270.149994
463548.719971 4831430.420013 270.109985
463548.710022 4831430.399994 270.149994
463548.760010 4831430.359985 270.109985
463548.750000 4831430.339996 270.130005
463548.820007 4831430.299988 270.109985
463548.880005 4831429.989990 270.119995
463548.869995 4831429.959991 270.140015
463548.840027 4831430.290009 269.940002
463548.830017 4831430.290009 270.029999
463548.900024 4831430.220001 270.010010
463548.979980 4831430.029999 269.970001
463548.869995 4831430.290009 269.929993
463548.849976 4831430.260010 269.940002
463548.849976 4831430.250000 270.000000
463548.900024 4831430.239990 269.989990
463548.919983 4831430.170013 269.959991
463548.869995 4831430.299988 269.929993
463548.849976 4831430.269989 269.940002
463548.869995 4831430.260010 270.040009
463548.919983 4831430.190002 270.040009
463548.880005 4831430.149994 270.000000
463548.849976 4831430.119995 269.970001
463548.799988 4831430.380005 270.079987
463548.859985 4831429.989990 270.059998
463548.880005 4831430.029999 270.059998
463548.940002 4831430.130005 270.049988
463548.859985 4831430.260010 270.059998
463548.809998 4831430.290009 270.070007
463548.809998 4831430.329987 270.089996
463548.710022 4831430.399994 270.149994
463548.820007 4831429.950012 270.109985
463548.849976 4831430.000000 270.119995
463548.809998 4831430.339996 270.119995
463548.799988 4831430.339996 270.109985
463548.799988 4831430.339996 270.109985
463548.789978 4831430.320007 270.119995
463548.780029 4831430.339996 270.109985
463548.950012 4831430.059998 270.019989
463548.820007 4831430.070007 269.940002
463548.880005 4831430.149994 269.959991
463548.869995 4831430.140015 269.690002
463548.859985 4831430.290009 269.959991
463548.880005 4831430.320007 269.929993
463548.859985 4831430.130005 269.970001
463548.900024 4831430.209991 270.040009
463548.700012 4831429.950012 269.920013
463548.830017 4831430.279999 270.040009
463548.849976 4831430.290009 269.940002
463548.809998 4831430.279999 270.029999
463548.760010 4831430.130005 269.730011
463548.830017 4831430.290009 269.929993
463548.809998 4831430.309998 270.010010
463548.809998 4831430.299988 269.929993
463548.830017 4831430.329987 269.920013
463548.799988 4831430.329987 270.040009
463548.799988 4831430.309998 269.950012
463548.789978 4831430.299988 269.970001
463548.799988 4831430.299988 269.929993
463548.830017 4831430.290009 269.950012
463548.809998 4831430.309998 270.000000
463548.830017 4831430.329987 269.910004
463548.780029 4831430.320007 270.019989
463548.799988 4831430.320007 269.880005
463548.799988 4831429.910004 270.109985
463548.719971 4831430.399994 270.070007
463548.739990 4831430.399994 270.070007
463548.710022 4831430.410004 270.149994
463548.859985 4831430.010010 270.160004
463548.739990 4831430.390015 270.130005
463548.729980 4831430.410004 270.029999
463548.760010 4831430.369995 270.019989
463548.880005 4831430.250000 269.959991
463548.820007 4831430.269989 269.959991
463548.849976 4831430.260010 269.950012
463548.750000 4831430.420013 270.029999
463548.869995 4831430.309998 269.950012
463548.849976 4831430.279999 269.959991
463548.909973 4831430.170013 270.010010
463548.820007 4831430.369995 269.959991
463548.969971 4831430.279999 269.959991
463548.859985 4831430.029999 270.130005
463548.909973 4831429.920013 270.089996
463548.880005 4831430.269989 270.079987
463548.770020 4831430.420013 270.049988
463548.849976 4831430.359985 270.070007
463548.890015 4831430.000000 270.070007
463548.890015 4831430.269989 270.059998
463548.919983 4831430.260010 270.049988
463548.799988 4831430.380005 270.089996
463548.830017 4831430.369995 270.089996
463548.919983 4831430.040009 270.079987
463548.919983 4831430.200012 270.059998
463548.909973 4831430.220001 270.070007
463548.880005 4831430.260010 270.079987
463548.900024 4831430.239990 270.059998
463548.880005 4831430.309998 270.079987
463548.770020 4831430.410004 270.079987
463548.799988 4831430.399994 270.070007
463548.770020 4831430.420013 270.049988
463548.799988 4831430.410004 270.049988
463548.770020 4831430.410004 270.079987
463548.799988 4831430.399994 270.070007
463548.760010 4831430.420013 270.089996
463548.789978 4831430.399994 270.070007
463548.770020 4831430.399994 270.100006
463548.799988 4831430.380005 270.089996
463548.830017 4831430.369995 270.079987
463548.849976 4831430.350006 270.059998
463548.869995 4831430.309998 270.100006
463548.869995 4831430.299988 270.079987
463548.919983 4831430.269989 270.049988
463548.869995 4831430.320007 270.059998
463548.849976 4831430.329987 270.049988
463548.789978 4831430.380005 270.089996
463548.820007 4831430.359985 270.079987
463548.859985 4831430.350006 270.089996
463548.780029 4831430.399994 270.079987
463548.809998 4831430.390015 270.070007
463548.849976 4831430.299988 270.100006
463548.849976 4831430.339996 270.100006
463548.760010 4831430.420013 270.100006
463548.859985 4831429.980011 270.149994
463548.890015 4831429.959991 270.160004
463548.890015 4831430.010010 270.130005
463548.909973 4831430.000000 270.109985
463548.760010 4831430.420013 270.109985
463548.849976 4831429.970001 270.160004
463548.880005 4831430.010010 270.149994
463548.750000 4831430.420013 270.119995
463548.780029 4831430.399994 270.100006
463548.840027 4831429.950012 270.119995
463548.869995 4831429.989990 270.140015
463548.890015 4831429.970001 270.109985
463548.880005 4831430.019989 270.130005
463548.900024 4831430.010010 270.119995
463548.909973 4831430.059998 270.109985
463548.760010 4831430.390015 270.149994
463548.770020 4831430.369995 270.130005
463548.799988 4831430.359985 270.119995
463548.820007 4831430.339996 270.109985
463548.849976 4831430.329987 270.100006
463548.750000 4831430.420013 270.119995
463548.770020 4831430.369995 270.130005
463548.789978 4831430.350006 270.119995
463548.820007 4831430.339996 270.109985
463548.840027 4831430.329987 270.109985
463548.770020 4831430.369995 270.140015
463548.789978 4831430.350006 270.130005
463548.820007 4831430.339996 270.119995
463548.849976 4831430.320007 270.109985
463548.739990 4831430.399994 270.130005
463548.770020 4831430.390015 270.109985
463548.789978 4831430.369995 270.109985
463548.820007 4831430.359985 270.109985
463548.739990 4831430.410004 270.140015
463548.760010 4831430.399994 270.119995
463548.789978 4831430.380005 270.109985
463548.820007 4831430.359985 270.100006
463548.849976 4831430.350006 270.109985
463548.750000 4831430.410004 270.130005
463548.770020 4831430.399994 270.109985
463548.950012 4831430.089996 269.980011
463548.929993 4831430.250000 269.959991
463548.799988 4831430.410004 269.970001
463548.969971 4831430.140015 269.929993
463548.849976 4831430.350006 270.040009
463548.849976 4831430.329987 269.899994
463548.940002 4831430.299988 269.970001
463548.929993 4831430.179993 270.019989
463548.950012 4831430.160004 270.000000
463548.929993 4831430.200012 270.040009
463548.929993 4831430.179993 269.959991
463548.929993 4831430.230011 270.049988
463548.950012 4831430.209991 270.019989
463548.880005 4831430.290009 270.019989
463548.919983 4831430.269989 270.049988
463548.940002 4831430.260010 270.010010
463548.789978 4831430.380005 270.000000
463548.690002 4831430.420013 269.829987
463548.869995 4831430.339996 269.880005
463548.869995 4831430.350006 269.869995
463548.679993 4831430.420013 269.809998
463548.869995 4831430.329987 269.910004
463548.799988 4831430.380005 270.010010
463548.820007 4831430.359985 269.980011
463548.780029 4831430.380005 269.989990
463548.849976 4831430.309998 269.899994
463548.900024 4831430.290009 269.950012
463548.869995 4831430.290009 270.019989
463548.900024 4831430.279999 270.019989
463548.929993 4831430.260010 270.040009
463548.929993 4831430.239990 269.950012
463548.890015 4831430.279999 270.040009
463548.940002 4831430.250000 270.029999
463548.849976 4831430.299988 269.950012
463548.900024 4831430.290009 270.000000
463548.929993 4831430.269989 269.989990
463548.840027 4831430.309998 269.959991
463548.869995 4831430.290009 269.959991
463548.929993 4831430.279999 270.019989
463548.830017 4831430.299988 269.890015
463548.890015 4831430.290009 269.950012
463548.820007 4831430.369995 270.040009
463548.809998 4831430.350006 269.950012
463548.849976 4831430.320007 269.890015
463548.900024 4831430.309998 269.929993
463548.770020 4831430.410004 270.010010
463548.880005 4831430.329987 269.910004
463548.700012 4831430.420013 269.820007
463548.849976 4831430.350006 269.820007
463548.849976 4831430.339996 269.809998
