463547.659973 4831430.440002 271.470001
463547.669983 4831430.450012 271.420013
463547.650024 4831430.429993 271.429993
463547.669983 4831430.450012 271.410004
463547.630005 4831430.440002 271.359985
463547.789978 4831430.429993 271.309998
463547.760010 4831430.440002 271.660004
463547.799988 4831430.459991 271.679993
463547.789978 4831430.450012 271.640015
463547.789978 4831430.450012 271.640015
463547.679993 4831430.440002 271.380005
463547.840027 4831430.640015 272.209991
463547.760010 4831430.559998 271.660004
463547.859985 4831430.600006 271.910004
463547.909973 4831430.690002 272.149994
463547.950012 4831430.730011 272.290009
463547.929993 4831430.709991 272.190002
463547.909973 4831430.690002 272.079987
463547.820007 4831430.579987 271.619995
463547.789978 4831430.540009 271.480011
463547.890015 4831430.730011 272.290009
463547.880005 4831430.720001 272.220001
463547.679993 4831430.470001 271.399994
463547.929993 4831430.730011 272.239990
463547.929993 4831430.709991 272.140015
463547.820007 4831430.619995 271.820007
463547.830017 4831430.619995 271.750000
463547.830017 4831430.600006 271.649994
463547.830017 4831430.570007 271.549988
463547.820007 4831430.529999 271.420013
463547.679993 4831430.470001 271.380005
463547.700012 4831430.470001 271.329987
463547.929993 4831430.720001 272.160004
463547.849976 4831430.720001 272.149994
463547.859985 4831430.709991 272.089996
463547.880005 4831430.679993 271.989990
463547.729980 4831430.519989 271.459991
463547.760010 4831430.519989 271.339996
463547.650024 4831430.470001 271.350006
463547.760010 4831430.519989 271.540009
463547.869995 4831430.660004 272.040009
463547.859985 4831430.649994 272.079987
463547.869995 4831430.670013 272.160004
463547.859985 4831430.660004 272.200012
463547.909973 4831430.660004 272.100006
463547.909973 4831430.690002 272.179993
463547.909973 4831430.700012 272.239990
463547.900024 4831430.690002 272.299988
463547.940002 4831430.690002 272.260010
463547.719971 4831430.470001 271.519989
463547.840027 4831430.619995 271.980011
463547.880005 4831430.670013 272.109985
463547.900024 4831430.700012 272.220001
463547.820007 4831430.500000 271.420013
463547.789978 4831430.470001 271.320007
463547.750000 4831430.510010 271.589996
463547.840027 4831430.630005 272.220001
463547.830017 4831430.660004 272.239990
463547.789978 4831430.609985 271.929993
463547.880005 4831430.670013 272.010010
463547.890015 4831430.670013 272.059998
463547.919983 4831430.709991 272.260010
463547.840027 4831430.609985 271.910004
463547.900024 4831430.570007 272.250000
463547.859985 4831430.579987 272.140015
463547.840027 4831430.450012 271.730011
463547.820007 4831430.450012 271.679993
463547.820007 4831430.429993 271.549988
463547.900024 4831430.450012 271.600006
463547.919983 4831430.450012 271.600006
463547.840027 4831430.440002 271.390015
463547.869995 4831430.450012 271.739990
463547.820007 4831430.440002 271.600006
463547.849976 4831430.429993 271.589996
463547.890015 4831430.450012 271.579987
463547.909973 4831430.440002 271.540009
463547.880005 4831430.450012 271.549988
463547.890015 4831430.440002 271.489990
463547.960022 4831430.510010 271.980011
463547.960022 4831430.519989 272.100006
463547.969971 4831430.529999 272.149994
463547.969971 4831430.540009 272.190002
463547.940002 4831430.559998 272.089996
463547.940002 4831430.489990 271.940002
463547.919983 4831430.510010 272.010010
463547.849976 4831430.470001 271.839996
463548.000000 4831430.540009 272.000000
463547.989990 4831430.510010 272.029999
463547.960022 4831430.559998 272.109985
463548.000000 4831430.670013 272.269989
463547.989990 4831430.649994 272.160004
463547.969971 4831430.640015 272.059998
463547.960022 4831430.619995 271.970001
463547.940002 4831430.600006 271.869995
463547.929993 4831430.579987 271.760010
463547.909973 4831430.559998 271.640015
463547.900024 4831430.549988 271.559998
463547.890015 4831430.660004 271.970001
463547.869995 4831430.640015 271.859985
463547.840027 4831430.609985 271.739990
463547.989990 4831430.700012 272.260010
463547.979980 4831430.649994 272.130005
463547.960022 4831430.589996 271.980011
463547.919983 4831430.670013 272.010010
463547.919983 4831430.640015 271.910004
463547.909973 4831430.609985 271.809998
463547.890015 4831430.540009 271.640015
463547.969971 4831430.720001 272.290009
463547.989990 4831430.709991 272.230011
463547.940002 4831430.690002 272.059998
463547.960022 4831430.670013 271.989990
463547.890015 4831430.660004 271.910004
463547.880005 4831430.630005 271.829987
463547.869995 4831430.619995 271.869995
463547.880005 4831430.500000 271.570007
463547.890015 4831430.559998 271.700012
463547.890015 4831430.570007 271.779999
463547.909973 4831430.640015 271.959991
463547.900024 4831430.480011 271.630005
463547.919983 4831430.549988 271.769989
463547.929993 4831430.589996 271.880005
463547.919983 4831430.579987 271.920013
463547.940002 4831430.670013 272.119995
463547.940002 4831430.679993 272.190002
463547.950012 4831430.549988 271.899994
463547.950012 4831430.589996 271.989990
463547.960022 4831430.619995 272.089996
463547.960022 4831430.649994 272.190002
463547.969971 4831430.690002 272.299988
463548.000000 4831430.630005 272.220001
463547.849976 4831430.549988 271.540009
463547.859985 4831430.559998 271.609985
463547.880005 4831430.579987 271.700012
463547.890015 4831430.600006 271.790009
463547.909973 4831430.619995 271.869995
463547.919983 4831430.640015 271.950012
463547.929993 4831430.649994 272.029999
463547.950012 4831430.670013 272.119995
463547.960022 4831430.679993 272.209991
463547.969971 4831430.700012 272.290009
463547.869995 4831430.470001 271.450012
463547.890015 4831430.489990 271.529999
463547.900024 4831430.510010 271.630005
463547.919983 4831430.540009 271.730011
463547.940002 4831430.549988 271.820007
463547.940002 4831430.549988 271.890015
463547.940002 4831430.549988 271.940002
463547.950012 4831430.559998 272.000000
463547.919983 4831430.519989 272.010010
463547.979980 4831430.589996 272.279999
463548.169983 4831431.230011 271.320007
463547.869995 4831430.480011 271.779999
463547.960022 4831430.559998 271.970001
463547.919983 4831430.489990 271.739990
463547.950012 4831430.519989 271.940002
463547.849976 4831430.470001 271.649994
463547.919983 4831430.470001 271.720001
463547.909973 4831430.549988 272.000000
463547.960022 4831430.579987 272.070007
463547.989990 4831430.559998 272.079987
463548.010010 4831430.600006 272.269989
463548.020020 4831430.600006 272.209991
463548.039978 4831430.660004 272.230011
463547.919983 4831430.549988 272.000000
463547.940002 4831430.529999 272.000000
463547.929993 4831430.529999 271.880005
463547.950012 4831430.510010 271.859985
463547.969971 4831430.609985 272.279999
463547.989990 4831430.579987 272.079987
463547.979980 4831430.570007 271.970001
463547.989990 4831430.559998 271.890015
463547.989990 4831430.549988 271.820007
463547.979980 4831430.549988 271.739990
463548.010010 4831430.649994 272.160004
463548.020020 4831430.640015 272.100006
463547.979980 4831430.600006 272.220001
463547.969971 4831430.570007 272.130005
463547.969971 4831430.549988 272.040009
463547.950012 4831430.529999 271.950012
463547.929993 4831430.510010 271.839996
463547.929993 4831430.500000 271.790009
463547.929993 4831430.480011 271.709991
463548.049988 4831430.670013 272.299988
463548.030029 4831430.649994 272.200012
463548.020020 4831430.630005 272.109985
463548.000000 4831430.609985 272.019989
463547.989990 4831430.589996 271.920013
463547.979980 4831430.570007 271.829987
463547.960022 4831430.540009 271.709991
463547.960022 4831430.519989 271.640015
463548.280029 4831431.170013 271.420013
463548.349976 4831431.149994 271.440002
463548.330017 4831431.130005 271.420013
463548.280029 4831431.339996 271.790009
463548.250000 4831431.320007 271.700012
463548.359985 4831431.339996 271.829987
463548.320007 4831431.390015 271.660004
463548.309998 4831431.359985 271.660004
463548.340027 4831431.399994 271.899994
463548.320007 4831431.369995 271.899994
463548.320007 4831431.329987 271.589996
463548.340027 4831431.339996 271.709991
463548.330017 4831431.329987 271.750000
463548.270020 4831431.200012 271.359985
463548.320007 4831431.410004 271.929993
463548.330017 4831431.369995 271.790009
463548.299988 4831431.339996 271.769989
463548.320007 4831431.309998 271.679993
463548.299988 4831431.290009 271.489990
463548.270020 4831431.279999 271.470001
463548.260010 4831431.279999 271.399994
463548.309998 4831431.410004 271.730011
463548.280029 4831431.399994 271.720001
463548.280029 4831431.359985 271.589996
463548.260010 4831431.290009 271.420013
463548.210022 4831431.309998 271.380005
463548.210022 4831431.339996 271.470001
463548.239990 4831431.269989 271.399994
463548.239990 4831431.299988 271.500000
463548.239990 4831431.329987 271.600006
463548.250000 4831431.350006 271.670013
463548.260010 4831431.410004 271.839996
463548.270020 4831431.269989 271.410004
463548.270020 4831431.269989 271.470001
463548.270020 4831431.309998 271.559998
463548.280029 4831431.339996 271.660004
463548.289978 4831431.380005 271.750000
463548.289978 4831431.410004 271.850006
463548.309998 4831431.320007 271.660004
463548.320007 4831431.359985 271.750000
463548.320007 4831431.390015 271.850006
463548.320007 4831431.420013 271.929993
463548.270020 4831431.410004 271.769989
463548.250000 4831431.299988 271.420013
463548.260010 4831431.299988 271.489990
463548.299988 4831431.350006 271.630005
463548.309998 4831431.369995 271.730011
463548.320007 4831431.380005 271.809998
463548.349976 4831431.420013 271.910004
463548.239990 4831431.279999 271.339996
463548.260010 4831431.279999 271.429993
463548.270020 4831431.250000 271.350006
463548.280029 4831431.250000 271.410004
463548.299988 4831431.359985 271.779999
463548.299988 4831431.380005 271.850006
463548.260010 4831431.399994 271.890015
463548.280029 4831431.320007 271.609985
463548.299988 4831431.420013 271.850006
463548.299988 4831431.399994 271.839996
463548.299988 4831431.420013 271.890015
463548.250000 4831431.359985 271.779999
463548.200012 4831431.250000 271.359985
463548.210022 4831431.260010 271.420013
463548.219971 4831431.269989 271.470001
463548.229980 4831431.279999 271.519989
463548.250000 4831431.329987 271.790009
463548.280029 4831431.329987 271.679993
463548.330017 4831431.420013 271.940002
463548.359985 4831431.399994 271.899994
463548.229980 4831431.230011 271.329987
463548.270020 4831431.350006 271.529999
463548.299988 4831431.420013 271.829987
463548.280029 4831431.299988 271.609985
463548.239990 4831431.329987 271.670013
463548.349976 4831431.369995 271.890015
463548.330017 4831431.309998 271.709991
463548.299988 4831431.250000 271.579987
463548.270020 4831431.260010 271.589996
463548.239990 4831431.179993 271.320007
463548.260010 4831431.160004 271.350006
463548.229980 4831431.179993 271.359985
463548.260010 4831431.200012 271.359985
463548.250000 4831431.190002 271.339996
463548.219971 4831431.220001 271.339996
463548.250000 4831431.209991 271.339996
463548.210022 4831431.230011 271.329987
463548.239990 4831431.209991 271.329987
463548.229980 4831431.220001 271.329987
463548.260010 4831431.200012 271.329987
463548.229980 4831431.230011 271.350006
463548.250000 4831431.209991 271.339996
463548.229980 4831431.239990 271.399994
463548.250000 4831431.230011 271.359985
463548.270020 4831431.220001 271.320007
463548.289978 4831431.209991 271.309998
463548.239990 4831431.260010 271.459991
463548.260010 4831431.250000 271.440002
463548.280029 4831431.239990 271.410004
463548.250000 4831431.290009 271.529999
463548.280029 4831431.269989 271.500000
463548.299988 4831431.260010 271.480011
463548.270020 4831431.309998 271.609985
463548.289978 4831431.299988 271.600006
463548.309998 4831431.299988 271.559998
463548.320007 4831431.290009 271.500000
463548.289978 4831431.350006 271.700012
463548.309998 4831431.339996 271.679993
463548.330017 4831431.329987 271.630005
463548.349976 4831431.329987 271.579987
463548.320007 4831431.380005 271.859985
463548.330017 4831431.369995 271.820007
463548.349976 4831431.369995 271.769989
463548.349976 4831431.380005 271.660004
463548.330017 4831431.410004 271.920013
463548.349976 4831431.399994 271.890015
463548.359985 4831431.399994 271.829987
463548.260010 4831431.230011 271.309998
463548.280029 4831431.279999 271.519989
463548.280029 4831431.260010 271.440002
463548.280029 4831431.239990 271.390015
463548.340027 4831431.410004 271.899994
463548.340027 4831431.390015 271.820007
463548.340027 4831431.359985 271.739990
463548.330017 4831431.339996 271.649994
463548.330017 4831431.320007 271.589996
463548.309998 4831431.299988 271.500000
463548.309998 4831431.279999 271.420013
463548.299988 4831431.260010 271.339996
463548.369995 4831431.420013 271.839996
463548.359985 4831431.399994 271.760010
463548.349976 4831431.380005 271.670013
463548.349976 4831431.359985 271.609985
463548.309998 4831431.329987 271.470001
463548.320007 4831431.309998 271.410004
463548.359985 4831431.390015 271.619995
