2.806199950000000172e+02 4.831432950012000278e+06 4.635459099730000016e+05
2.805599980000000073e+02 4.831432679992999882e+06 4.635459299929999979e+05
2.806499939999999924e+02 4.831432670013000257e+06 4.635459000239999732e+05
2.806199950000000172e+02 4.831432660004000179e+06 4.635458699950000155e+05
2.806799930000000245e+02 4.831432739989999682e+06 4.635459000239999732e+05
2.806099849999999947e+02 4.831432750000000000e+06 4.635458900150000118e+05
2.805899959999999851e+02 4.831432700012000278e+06 4.635458499760000268e+05
2.806499939999999924e+02 4.831432730011000298e+06 4.635458699950000155e+05
2.806900019999999927e+02 4.831432739989999682e+06 4.635459199830000289e+05
2.805899959999999851e+02 4.831432709990999661e+06 4.635458499760000268e+05
2.806300049999999828e+02 4.831432739989999682e+06 4.635458300169999711e+05
2.805700069999999755e+02 4.831432950012000278e+06 4.635458099979999824e+05
2.806000060000000076e+02 4.831432980011000298e+06 4.635457199709999841e+05
2.801900019999999927e+02 4.831433299987999722e+06 4.635460599979999824e+05
2.802399899999999775e+02 4.831433290009000339e+06 4.635460499880000134e+05
2.805499879999999848e+02 4.831432929992999882e+06 4.635458099979999824e+05
2.806600040000000149e+02 4.831432950012000278e+06 4.635457999880000134e+05
2.806400150000000053e+02 4.831432640014999546e+06 4.635458599849999882e+05
2.807300109999999904e+02 4.831432799987999722e+06 4.635459799800000037e+05
2.807900089999999977e+02 4.831432799987999722e+06 4.635459699709999841e+05
2.806499939999999924e+02 4.831432769988999702e+06 4.635459299929999979e+05
2.806099849999999947e+02 4.831432690001999959e+06 4.635458800049999845e+05
2.806900019999999927e+02 4.831432850006000139e+06 4.635459500119999866e+05
2.805899959999999851e+02 4.831432799987999722e+06 4.635458900150000118e+05
2.806400150000000053e+02 4.831432760010000318e+06 4.635458800049999845e+05
2.807300109999999904e+02 4.831432760010000318e+06 4.635459000239999732e+05
2.807600100000000225e+02 4.831432760010000318e+06 4.635459500119999866e+05
2.807699890000000096e+02 4.831432760010000318e+06 4.635459299929999979e+05
2.806000060000000076e+02 4.831432690001999959e+06 4.635458800049999845e+05
2.807200010000000248e+02 4.831432820007000118e+06 4.635459500119999866e+05
2.806799930000000245e+02 4.831432730011000298e+06 4.635459000239999732e+05
2.805599980000000073e+02 4.831432720000999980e+06 4.635459099730000016e+05
2.802000120000000152e+02 4.831433269988999702e+06 4.635461300049999845e+05
2.805799870000000169e+02 4.831433049987999722e+06 4.635457500000000000e+05
2.806199950000000172e+02 4.831433029999000020e+06 4.635456400150000118e+05
2.805299989999999752e+02 4.831433019988999702e+06 4.635456900020000176e+05
2.807900089999999977e+02 4.831432769988999702e+06 4.635459400020000176e+05
2.807399899999999775e+02 4.831432809998000041e+06 4.635459400020000176e+05
2.807500000000000000e+02 4.831432779999000020e+06 4.635459000239999732e+05
2.806099849999999947e+02 4.831432690001999959e+06 4.635458900150000118e+05
2.805899959999999851e+02 4.831432750000000000e+06 4.635458599849999882e+05
2.806499939999999924e+02 4.831432850006000139e+06 4.635457999880000134e+05
2.806499939999999924e+02 4.831432820007000118e+06 4.635457800290000159e+05
2.806900019999999927e+02 4.831432869994999841e+06 4.635457700199999963e+05
2.807000120000000152e+02 4.831432820007000118e+06 4.635459400020000176e+05
2.805599980000000073e+02 4.831432700012000278e+06 4.635458900150000118e+05
2.806300049999999828e+02 4.831432720000999980e+06 4.635458900150000118e+05
2.806000060000000076e+02 4.831432959990999661e+06 4.635457899779999861e+05
2.802000120000000152e+02 4.831433250000000000e+06 4.635461099849999882e+05
2.806799930000000245e+02 4.831432829986999743e+06 4.635457899779999861e+05
2.807399899999999775e+02 4.831432799987999722e+06 4.635459299929999979e+05
2.805799870000000169e+02 4.831432899993999861e+06 4.635458400269999984e+05
2.805599980000000073e+02 4.831432950012000278e+06 4.635458200070000021e+05
2.806600040000000149e+02 4.831432929992999882e+06 4.635458200070000021e+05
2.806199950000000172e+02 4.831432880005000159e+06 4.635458300169999711e+05
2.806400150000000053e+02 4.831432660004000179e+06 4.635459000239999732e+05
2.806900019999999927e+02 4.831432730011000298e+06 4.635459299929999979e+05
2.805700069999999755e+02 4.831432839995999821e+06 4.635457800290000159e+05
2.805000000000000000e+02 4.831433179992999882e+06 4.635460599979999824e+05
2.805899959999999851e+02 4.831432779999000020e+06 4.635457800290000159e+05
2.805899959999999851e+02 4.831432700012000278e+06 4.635459099730000016e+05
2.807600100000000225e+02 4.831432739989999682e+06 4.635459500119999866e+05
2.802099910000000023e+02 4.831433299987999722e+06 4.635462100220000139e+05
2.802300109999999904e+02 4.831433279999000020e+06 4.635462000119999866e+05
2.802000120000000152e+02 4.831433220000999980e+06 4.635462399899999727e+05
2.798900150000000053e+02 4.831433130005000159e+06 4.635462899779999861e+05
2.801900019999999927e+02 4.831433179992999882e+06 4.635462899779999861e+05
2.802200010000000248e+02 4.831433320007000118e+06 4.635462999880000134e+05
2.801799930000000245e+02 4.831433140014999546e+06 4.635461900020000176e+05
2.801900019999999927e+02 4.831433200012000278e+06 4.635462299800000037e+05
2.801900019999999927e+02 4.831433250000000000e+06 4.635462600100000273e+05
2.801799930000000245e+02 4.831433320007000118e+06 4.635461900020000176e+05
2.801499939999999924e+02 4.831433179992999882e+06 4.635462600100000273e+05
2.801900019999999927e+02 4.831433299987999722e+06 4.635462500000000000e+05
2.802000120000000152e+02 4.831433149993999861e+06 4.635462299800000037e+05
2.802099910000000023e+02 4.831433130005000159e+06 4.635462100220000139e+05
2.802000120000000152e+02 4.831433220000999980e+06 4.635462999880000134e+05
2.802099910000000023e+02 4.831433269988999702e+06 4.635462899779999861e+05
2.802600100000000225e+02 4.831433309998000041e+06 4.635462399899999727e+05
2.798999939999999924e+02 4.831433049987999722e+06 4.635462999880000134e+05
2.802200010000000248e+02 4.831433200012000278e+06 4.635462999880000134e+05
2.801900019999999927e+02 4.831433320007000118e+06 4.635462600100000273e+05
2.802200010000000248e+02 4.831433250000000000e+06 4.635461900020000176e+05
2.802399899999999775e+02 4.831433179992999882e+06 4.635462999880000134e+05
2.797900089999999977e+02 4.831433179992999882e+06 4.635462500000000000e+05
2.801799930000000245e+02 4.831433299987999722e+06 4.635462500000000000e+05
2.801799930000000245e+02 4.831433290009000339e+06 4.635462199709999841e+05
2.802200010000000248e+02 4.831433250000000000e+06 4.635462000119999866e+05
2.802300109999999904e+02 4.831433309998000041e+06 4.635462000119999866e+05
2.802300109999999904e+02 4.831433269988999702e+06 4.635462399899999727e+05
2.801900019999999927e+02 4.831433299987999722e+06 4.635461699830000289e+05
2.801799930000000245e+02 4.831433220000999980e+06 4.635462600100000273e+05
2.802200010000000248e+02 4.831433239989999682e+06 4.635462100220000139e+05
2.801900019999999927e+02 4.831433290009000339e+06 4.635461400150000118e+05
2.802000120000000152e+02 4.831433230011000298e+06 4.635462399899999727e+05
2.798999939999999924e+02 4.831433089995999821e+06 4.635462700199999963e+05
2.802500000000000000e+02 4.831433320007000118e+06 4.635462399899999727e+05
2.802000120000000152e+02 4.831433309998000041e+06 4.635461699830000289e+05
2.802300109999999904e+02 4.831433260010000318e+06 4.635462199709999841e+05
2.802000120000000152e+02 4.831433299987999722e+06 4.635461500239999732e+05
2.802600100000000225e+02 4.831433309998000041e+06 4.635462100220000139e+05
2.801799930000000245e+02 4.831433140014999546e+06 4.635462100220000139e+05
2.802000120000000152e+02 4.831433299987999722e+06 4.635461699830000289e+05
2.802500000000000000e+02 4.831433309998000041e+06 4.635462000119999866e+05
2.802600100000000225e+02 4.831433299987999722e+06 4.635462299800000037e+05
2.802600100000000225e+02 4.831433359985000454e+06 4.635461300049999845e+05
2.802200010000000248e+02 4.831433380005000159e+06 4.635460900269999984e+05
2.801600040000000149e+02 4.831433390014999546e+06 4.635460900269999984e+05
2.801799930000000245e+02 4.831433329986999743e+06 4.635460900269999984e+05
2.802500000000000000e+02 4.831433359985000454e+06 4.635460999760000268e+05
2.801799930000000245e+02 4.831433369994999841e+06 4.635461199950000155e+05
2.801799930000000245e+02 4.831433459990999661e+06 4.635460700070000021e+05
2.802099910000000023e+02 4.831433320007000118e+06 4.635460300290000159e+05
2.801700129999999831e+02 4.831433350006000139e+06 4.635460700070000021e+05
2.802699890000000096e+02 4.831433410004000179e+06 4.635460599979999824e+05
2.801799930000000245e+02 4.831433410004000179e+06 4.635460900269999984e+05
2.801900019999999927e+02 4.831433399993999861e+06 4.635460300290000159e+05
2.802699890000000096e+02 4.831433399993999861e+06 4.635460599979999824e+05
2.801700129999999831e+02 4.831433320007000118e+06 4.635460700070000021e+05
2.802200010000000248e+02 4.831433339995999821e+06 4.635461300049999845e+05
2.802000120000000152e+02 4.831433359985000454e+06 4.635460700070000021e+05
2.802600100000000225e+02 4.831433320007000118e+06 4.635461199950000155e+05
2.802500000000000000e+02 4.831433450012000278e+06 4.635460800169999711e+05
2.802699890000000096e+02 4.831433429992999882e+06 4.635460599979999824e+05
2.802699890000000096e+02 4.831433369994999841e+06 4.635460200199999963e+05
2.802200010000000248e+02 4.831433399993999861e+06 4.635461300049999845e+05
2.802300109999999904e+02 4.831433369994999841e+06 4.635461099849999882e+05
2.801600040000000149e+02 4.831433309998000041e+06 4.635460499880000134e+05
2.802000120000000152e+02 4.831433369994999841e+06 4.635460900269999984e+05
2.802699890000000096e+02 4.831433440001999959e+06 4.635460700070000021e+05
2.802600100000000225e+02 4.831433440001999959e+06 4.635460800169999711e+05
2.801400150000000053e+02 4.831433380005000159e+06 4.635460900269999984e+05
2.802799989999999752e+02 4.831433390014999546e+06 4.635460700070000021e+05
2.802399899999999775e+02 4.831433369994999841e+06 4.635461199950000155e+05
2.802500000000000000e+02 4.831433329986999743e+06 4.635460999760000268e+05
2.801700129999999831e+02 4.831433320007000118e+06 4.635461099849999882e+05
2.802399899999999775e+02 4.831433339995999821e+06 4.635461199950000155e+05
2.802000120000000152e+02 4.831433380005000159e+06 4.635461199950000155e+05
2.802699890000000096e+02 4.831433359985000454e+06 4.635461199950000155e+05
2.802500000000000000e+02 4.831433350006000139e+06 4.635460800169999711e+05
2.802500000000000000e+02 4.831433339995999821e+06 4.635460599979999824e+05
2.802699890000000096e+02 4.831433420013000257e+06 4.635461199950000155e+05
2.802600100000000225e+02 4.831433420013000257e+06 4.635460900269999984e+05
2.802600100000000225e+02 4.831433410004000179e+06 4.635461099849999882e+05
2.801700129999999831e+02 4.831433369994999841e+06 4.635461300049999845e+05
2.802200010000000248e+02 4.831433399993999861e+06 4.635460999760000268e+05
2.801300049999999828e+02 4.831433410004000179e+06 4.635460599979999824e+05
2.802200010000000248e+02 4.831433369994999841e+06 4.635461099849999882e+05
2.801900019999999927e+02 4.831433329986999743e+06 4.635462299800000037e+05
2.802099910000000023e+02 4.831433329986999743e+06 4.635462199709999841e+05
2.802600100000000225e+02 4.831433359985000454e+06 4.635461799929999979e+05
2.802600100000000225e+02 4.831433380005000159e+06 4.635461900020000176e+05
2.802399899999999775e+02 4.831433380005000159e+06 4.635461400150000118e+05
2.802000120000000152e+02 4.831433350006000139e+06 4.635461900020000176e+05
2.802799989999999752e+02 4.831433390014999546e+06 4.635462000119999866e+05
2.802300109999999904e+02 4.831433410004000179e+06 4.635462100220000139e+05
2.802999879999999848e+02 4.831433440001999959e+06 4.635462199709999841e+05
2.802399899999999775e+02 4.831433329986999743e+06 4.635461300049999845e+05
2.802699890000000096e+02 4.831433359985000454e+06 4.635461400150000118e+05
2.802399899999999775e+02 4.831433380005000159e+06 4.635461599730000016e+05
2.802500000000000000e+02 4.831433350006000139e+06 4.635461799929999979e+05
2.802300109999999904e+02 4.831433350006000139e+06 4.635462199709999841e+05
2.802200010000000248e+02 4.831433359985000454e+06 4.635461500239999732e+05
2.801799930000000245e+02 4.831433339995999821e+06 4.635461799929999979e+05
2.802099910000000023e+02 4.831433350006000139e+06 4.635462100220000139e+05
2.802399899999999775e+02 4.831433359985000454e+06 4.635462100220000139e+05
2.802500000000000000e+02 4.831433369994999841e+06 4.635462100220000139e+05
2.802099910000000023e+02 4.831433350006000139e+06 4.635461699830000289e+05
2.802600100000000225e+02 4.831433380005000159e+06 4.635461799929999979e+05
2.801900019999999927e+02 4.831433350006000139e+06 4.635461400150000118e+05
2.802600100000000225e+02 4.831433320007000118e+06 4.635461500239999732e+05
2.802699890000000096e+02 4.831433390014999546e+06 4.635461400150000118e+05
2.802300109999999904e+02 4.831433359985000454e+06 4.635461699830000289e+05
2.802500000000000000e+02 4.831433329986999743e+06 4.635461500239999732e+05
2.802200010000000248e+02 4.831433320007000118e+06 4.635461599730000016e+05
2.802000120000000152e+02 4.831433350006000139e+06 4.635461599730000016e+05
2.802600100000000225e+02 4.831433369994999841e+06 4.635461599730000016e+05
2.802699890000000096e+02 4.831433390014999546e+06 4.635461599730000016e+05
2.802200010000000248e+02 4.831433320007000118e+06 4.635461599730000016e+05
2.802399899999999775e+02 4.831433390014999546e+06 4.635461400150000118e+05
2.802399899999999775e+02 4.831433339995999821e+06 4.635461500239999732e+05
2.802500000000000000e+02 4.831433329986999743e+06 4.635461799929999979e+05
2.802200010000000248e+02 4.831433339995999821e+06 4.635461799929999979e+05
2.802000120000000152e+02 4.831433369994999841e+06 4.635461400150000118e+05
2.806300049999999828e+02 4.831433299987999722e+06 4.635461900020000176e+05
2.801799930000000245e+02 4.831433339995999821e+06 4.635461500239999732e+05
2.802200010000000248e+02 4.831433329986999743e+06 4.635461699830000289e+05
2.802600100000000225e+02 4.831433390014999546e+06 4.635461699830000289e+05
2.802500000000000000e+02 4.831433380005000159e+06 4.635461900020000176e+05
2.802900089999999977e+02 4.831433390014999546e+06 4.635461500239999732e+05
2.802799989999999752e+02 4.831433369994999841e+06 4.635461699830000289e+05
2.802099910000000023e+02 4.831433339995999821e+06 4.635462000119999866e+05
2.802399899999999775e+02 4.831433380005000159e+06 4.635461799929999979e+05
2.802399899999999775e+02 4.831433329986999743e+06 4.635462199709999841e+05
2.802200010000000248e+02 4.831433339995999821e+06 4.635461900020000176e+05
2.802000120000000152e+02 4.831433369994999841e+06 4.635461400150000118e+05
2.802500000000000000e+02 4.831433329986999743e+06 4.635461799929999979e+05
2.802600100000000225e+02 4.831433380005000159e+06 4.635461900020000176e+05
2.801799930000000245e+02 4.831433350006000139e+06 4.635462299800000037e+05
2.802399899999999775e+02 4.831433399993999861e+06 4.635462700199999963e+05
2.802200010000000248e+02 4.831433420013000257e+06 4.635462399899999727e+05
2.802399899999999775e+02 4.831433350006000139e+06 4.635462399899999727e+05
