463546.820007 4831428.739990 281.369995
463546.789978 4831428.720001 281.380005
463546.659973 4831428.750000 281.649994
463546.989990 4831428.339996 281.700012
463546.969971 4831428.339996 281.760010
463547.090027 4831428.390015 281.660004
463547.010010 4831428.320007 281.709991
463547.000000 4831428.500000 281.350006
463546.979980 4831428.519989 281.329987
463546.909973 4831428.500000 281.329987
463546.909973 4831428.510010 281.369995
463546.880005 4831428.540009 281.410004
463546.830017 4831428.510010 281.429993
463546.830017 4831428.519989 281.489990
463546.840027 4831428.529999 281.529999
463546.849976 4831428.549988 281.559998
463546.729980 4831428.739990 281.260010
463546.640015 4831428.670013 281.329987
463546.809998 4831428.519989 281.480011
463546.830017 4831428.739990 281.079987
463546.890015 4831428.750000 281.019989
463546.840027 4831428.739990 281.070007
463546.830017 4831428.500000 281.440002
463546.830017 4831428.510010 281.480011
463546.780029 4831428.510010 281.420013
463546.840027 4831428.700012 281.040009
463546.809998 4831428.690002 281.109985
463546.820007 4831428.649994 281.170013
463546.679993 4831428.540009 281.369995
463546.830017 4831428.720001 281.350006
463546.750000 4831428.609985 281.260010
463546.799988 4831428.630005 281.450012
463546.820007 4831428.679993 281.299988
463546.809998 4831428.660004 281.290009
463546.799988 4831428.649994 281.260010
463546.820007 4831428.630005 281.220001
463546.940002 4831428.690002 281.089996
463546.869995 4831428.720001 281.109985
463546.890015 4831428.519989 281.350006
463546.799988 4831428.529999 281.420013
463546.809998 4831428.549988 281.450012
463546.840027 4831428.519989 281.339996
463546.919983 4831428.700012 281.070007
463546.809998 4831428.709991 281.059998
463546.710022 4831428.720001 281.170013
463546.760010 4831428.739990 281.109985
463546.789978 4831428.720001 281.089996
463546.849976 4831428.529999 281.380005
463547.090027 4831428.500000 281.390015
463547.099976 4831428.589996 281.309998
463547.099976 4831428.600006 281.350006
463546.950012 4831428.500000 281.399994
463546.820007 4831428.529999 281.350006
463546.630005 4831428.700012 281.260010
463546.640015 4831428.730011 281.260010
463546.570007 4831428.690002 281.279999
463546.590027 4831428.709991 281.260010
463546.630005 4831428.779999 281.260010
463546.570007 4831428.700012 281.279999
463546.580017 4831428.709991 281.320007
463546.580017 4831428.690002 281.279999
463546.590027 4831428.720001 281.269989
463546.619995 4831428.709991 281.260010
463546.640015 4831428.739990 281.269989
463546.729980 4831428.779999 281.079987
463546.609985 4831428.700012 281.290009
463546.619995 4831428.720001 281.250000
463547.099976 4831428.549988 281.440002
463546.770020 4831428.540009 281.429993
463546.770020 4831428.570007 281.399994
463546.770020 4831428.549988 281.429993
463547.090027 4831428.470001 281.559998
463547.070007 4831428.480011 281.450012
463546.640015 4831428.709991 281.290009
463546.619995 4831428.670013 281.260010
463546.739990 4831428.730011 281.109985
463546.809998 4831428.700012 280.989990
463547.099976 4831428.519989 281.359985
463547.070007 4831428.510010 281.369995
463546.679993 4831428.720001 281.250000
463546.679993 4831428.720001 281.190002
463546.760010 4831428.769989 281.100006
463546.929993 4831428.500000 281.359985
463546.900024 4831428.480011 281.500000
463546.820007 4831428.760010 281.010010
463546.789978 4831428.769989 281.049988
463546.750000 4831428.760010 281.089996
463546.750000 4831428.790009 281.100006
463546.590027 4831428.700012 281.269989
463546.590027 4831428.730011 281.260010
463546.590027 4831428.730011 281.239990
463546.859985 4831428.489990 281.640015
463546.750000 4831428.709991 281.220001
463547.090027 4831428.519989 281.440002
463546.849976 4831428.720001 281.079987
463546.599976 4831428.700012 281.279999
463546.619995 4831428.690002 281.299988
463546.799988 4831428.579987 281.500000
463546.820007 4831428.559998 281.489990
463546.880005 4831428.549988 281.320007
463546.700012 4831428.739990 281.040009
463546.809998 4831428.489990 281.540009
463546.780029 4831428.579987 281.589996
463546.799988 4831428.579987 281.440002
463546.830017 4831428.559998 281.380005
463546.809998 4831428.600006 281.410004
463546.840027 4831428.570007 281.350006
463546.869995 4831428.559998 281.329987
463547.049988 4831428.489990 281.410004
463546.849976 4831428.799988 281.010010
463546.789978 4831428.570007 281.410004
463546.809998 4831428.559998 281.420013
463546.640015 4831428.720001 281.239990
463546.809998 4831428.769989 281.079987
463546.859985 4831428.769989 280.989990
463546.789978 4831428.750000 281.059998
463546.760010 4831428.769989 281.089996
463546.659973 4831428.730011 281.209991
463546.840027 4831428.739990 281.000000
463546.820007 4831428.739990 281.029999
463546.630005 4831428.709991 281.260010
463546.799988 4831428.730011 281.040009
463546.840027 4831428.709991 281.000000
463546.820007 4831428.720001 281.029999
463546.799988 4831428.720001 281.059998
463547.059998 4831428.519989 281.500000
463547.099976 4831428.500000 281.399994
463546.630005 4831428.679993 281.279999
463546.679993 4831428.720001 281.250000
463546.599976 4831428.670013 281.299988
463546.859985 4831428.540009 281.440002
463546.859985 4831428.529999 281.350006
463546.880005 4831428.519989 281.339996
463546.669983 4831428.720001 281.260010
463546.849976 4831428.769989 281.040009
463546.859985 4831428.760010 281.010010
463546.789978 4831428.510010 281.570007
463546.840027 4831428.540009 281.410004
463546.809998 4831428.750000 281.100006
463546.809998 4831428.739990 281.059998
463546.840027 4831428.739990 281.029999
463546.869995 4831428.399994 281.769989
463546.869995 4831428.339996 281.799988
463546.840027 4831428.399994 281.799988
463546.849976 4831428.410004 281.760010
463546.849976 4831428.390015 281.790009
463546.830017 4831428.390015 281.760010
463546.859985 4831428.320007 281.760010
463546.900024 4831428.320007 281.760010
463546.890015 4831428.380005 281.769989
463546.900024 4831428.329987 281.779999
463546.859985 4831428.359985 281.790009
463546.840027 4831428.380005 281.799988
463546.880005 4831428.429993 281.769989
463546.780029 4831428.450012 281.700012
463546.840027 4831428.420013 281.769989
463546.719971 4831428.619995 281.640015
463546.789978 4831428.600006 281.720001
463546.770020 4831428.549988 281.720001
463546.809998 4831428.510010 281.709991
463546.859985 4831428.450012 281.750000
463546.849976 4831428.429993 281.750000
463546.760010 4831428.559998 281.589996
463546.770020 4831428.519989 281.619995
463546.760010 4831428.450012 281.730011
463546.750000 4831428.529999 281.640015
463546.580017 4831428.670013 281.589996
463546.580017 4831428.670013 281.559998
463546.789978 4831428.450012 281.709991
463546.729980 4831428.540009 281.649994
463546.799988 4831428.450012 281.730011
463546.770020 4831428.480011 281.730011
463546.780029 4831428.470001 281.720001
463546.880005 4831428.440002 281.760010
463546.799988 4831428.470001 281.709991
463546.760010 4831428.480011 281.720001
463546.770020 4831428.480011 281.720001
463546.729980 4831428.529999 281.570007
463546.820007 4831428.519989 281.649994
463546.789978 4831428.489990 281.720001
463546.849976 4831428.450012 281.739990
463546.750000 4831428.579987 281.640015
463546.770020 4831428.570007 281.640015
463546.789978 4831428.559998 281.640015
463546.869995 4831428.420013 281.769989
463546.760010 4831428.519989 281.609985
463546.770020 4831428.519989 281.649994
