2.789700010000000248e+02 4.831434429992999882e+06 4.635480999760000268e+05
2.788999939999999924e+02 4.831434510010000318e+06 4.635481199950000155e+05
2.789200129999999831e+02 4.831434429992999882e+06 4.635480900269999984e+05
2.790899959999999851e+02 4.831434459990999661e+06 4.635481500239999732e+05
2.787500000000000000e+02 4.831434480011000298e+06 4.635477700199999963e+05
2.787399899999999775e+02 4.831434549987999722e+06 4.635477800290000159e+05
2.786099849999999947e+02 4.831434470000999980e+06 4.635477500000000000e+05
2.786900019999999927e+02 4.831434459990999661e+06 4.635478200070000021e+05
2.789200129999999831e+02 4.831434559998000041e+06 4.635480999760000268e+05
2.787300109999999904e+02 4.831434440001999959e+06 4.635477800290000159e+05
2.791499939999999924e+02 4.831434459990999661e+06 4.635481099849999882e+05
2.787200010000000248e+02 4.831434559998000041e+06 4.635477399899999727e+05
2.790199890000000096e+02 4.831434510010000318e+06 4.635480900269999984e+05
2.790499879999999848e+02 4.831434489989999682e+06 4.635480599979999824e+05
2.787500000000000000e+02 4.831434529999000020e+06 4.635477600100000273e+05
2.787000120000000152e+02 4.831434489989999682e+06 4.635477600100000273e+05
2.787300109999999904e+02 4.831434450012000278e+06 4.635477600100000273e+05
2.787399899999999775e+02 4.831434489989999682e+06 4.635477500000000000e+05
2.786799930000000245e+02 4.831434480011000298e+06 4.635477600100000273e+05
2.787300109999999904e+02 4.831434489989999682e+06 4.635477700199999963e+05
2.789200129999999831e+02 4.831434480011000298e+06 4.635481099849999882e+05
2.789400019999999927e+02 4.831434500000000000e+06 4.635481099849999882e+05
2.791700129999999831e+02 4.831434429992999882e+06 4.635480399779999861e+05
2.790799870000000169e+02 4.831434549987999722e+06 4.635481099849999882e+05
2.791199950000000172e+02 4.831434559998000041e+06 4.635479899899999727e+05
2.790199890000000096e+02 4.831434519988999702e+06 4.635480999760000268e+05
2.791400150000000053e+02 4.831434440001999959e+06 4.635480800169999711e+05
2.790799870000000169e+02 4.831434459990999661e+06 4.635480300290000159e+05
2.790000000000000000e+02 4.831434549987999722e+06 4.635481300049999845e+05
2.787000120000000152e+02 4.831434660004000179e+06 4.635479299929999979e+05
2.787500000000000000e+02 4.831434700012000278e+06 4.635478099979999824e+05
2.791900019999999927e+02 4.831434579986999743e+06 4.635480599979999824e+05
2.788500060000000076e+02 4.831434690001999959e+06 4.635478499760000268e+05
2.786600040000000149e+02 4.831434640014999546e+06 4.635479400020000176e+05
2.786799930000000245e+02 4.831434559998000041e+06 4.635479000239999732e+05
2.789200129999999831e+02 4.831434679992999882e+06 4.635480200199999963e+05
2.788999939999999924e+02 4.831434640014999546e+06 4.635481300049999845e+05
2.790599980000000073e+02 4.831434660004000179e+06 4.635479600220000139e+05
2.790299989999999752e+02 4.831434660004000179e+06 4.635479000239999732e+05
2.790799870000000169e+02 4.831434709990999661e+06 4.635479299929999979e+05
2.786600040000000149e+02 4.831434730011000298e+06 4.635479199830000289e+05
2.786900019999999927e+02 4.831434690001999959e+06 4.635478499760000268e+05
2.786700129999999831e+02 4.831434760010000318e+06 4.635478800049999845e+05
2.787500000000000000e+02 4.831434670013000257e+06 4.635477999880000134e+05
2.788399959999999851e+02 4.831434700012000278e+06 4.635478200070000021e+05
2.790700069999999755e+02 4.831434570007000118e+06 4.635478900150000118e+05
2.789700010000000248e+02 4.831434700012000278e+06 4.635479799800000037e+05
2.789500120000000152e+02 4.831434660004000179e+06 4.635480200199999963e+05
2.789299930000000245e+02 4.831434640014999546e+06 4.635480399779999861e+05
2.790000000000000000e+02 4.831434700012000278e+06 4.635479299929999979e+05
2.787900089999999977e+02 4.831434700012000278e+06 4.635477899779999861e+05
2.787399899999999775e+02 4.831434709990999661e+06 4.635478099979999824e+05
2.787999879999999848e+02 4.831434750000000000e+06 4.635478099979999824e+05
2.788999939999999924e+02 4.831434760010000318e+06 4.635477999880000134e+05
2.786600040000000149e+02 4.831434750000000000e+06 4.635478800049999845e+05
2.786700129999999831e+02 4.831434679992999882e+06 4.635477899779999861e+05
2.787000120000000152e+02 4.831434670013000257e+06 4.635477800290000159e+05
2.787399899999999775e+02 4.831434660004000179e+06 4.635477700199999963e+05
2.786900019999999927e+02 4.831434690001999959e+06 4.635478300169999711e+05
2.787799989999999752e+02 4.831434690001999959e+06 4.635478200070000021e+05
2.787500000000000000e+02 4.831434660004000179e+06 4.635477999880000134e+05
2.787099910000000023e+02 4.831434660004000179e+06 4.635478800049999845e+05
2.786600040000000149e+02 4.831434660004000179e+06 4.635479400020000176e+05
2.787099910000000023e+02 4.831434660004000179e+06 4.635479799800000037e+05
2.787600100000000225e+02 4.831434730011000298e+06 4.635477899779999861e+05
2.787200010000000248e+02 4.831434700012000278e+06 4.635477700199999963e+05
2.787900089999999977e+02 4.831434700012000278e+06 4.635478300169999711e+05
2.787600100000000225e+02 4.831434579986999743e+06 4.635477600100000273e+05
2.786799930000000245e+02 4.831434690001999959e+06 4.635479000239999732e+05
2.787500000000000000e+02 4.831434739989999682e+06 4.635478200070000021e+05
2.788299870000000169e+02 4.831434730011000298e+06 4.635478300169999711e+05
2.789899899999999775e+02 4.831434690001999959e+06 4.635478400269999984e+05
2.787200010000000248e+02 4.831434679992999882e+06 4.635478499760000268e+05
2.786600040000000149e+02 4.831434720000999980e+06 4.635479199830000289e+05
2.787399899999999775e+02 4.831434679992999882e+06 4.635479099730000016e+05
2.786700129999999831e+02 4.831434619994999841e+06 4.635479299929999979e+05
2.786900019999999927e+02 4.831434649993999861e+06 4.635479600220000139e+05
2.787999879999999848e+02 4.831434679992999882e+06 4.635478400269999984e+05
2.787000120000000152e+02 4.831434660004000179e+06 4.635478200070000021e+05
2.787099910000000023e+02 4.831434700012000278e+06 4.635478499760000268e+05
2.786600040000000149e+02 4.831434769988999702e+06 4.635479000239999732e+05
2.788200069999999755e+02 4.831434739989999682e+06 4.635478200070000021e+05
2.787999879999999848e+02 4.831434760010000318e+06 4.635478300169999711e+05
2.786900019999999927e+02 4.831434730011000298e+06 4.635478099979999824e+05
2.783800049999999828e+02 4.831434619994999841e+06 4.635480999760000268e+05
2.787699890000000096e+02 4.831434670013000257e+06 4.635478300169999711e+05
2.787999879999999848e+02 4.831434720000999980e+06 4.635478599849999882e+05
2.787200010000000248e+02 4.831434700012000278e+06 4.635478599849999882e+05
2.790799870000000169e+02 4.831434769988999702e+06 4.635477700199999963e+05
2.787000120000000152e+02 4.831434739989999682e+06 4.635478099979999824e+05
2.790400089999999977e+02 4.831434730011000298e+06 4.635477399899999727e+05
2.786900019999999927e+02 4.831434579986999743e+06 4.635477800290000159e+05
2.786600040000000149e+02 4.831434589995999821e+06 4.635477899779999861e+05
2.787000120000000152e+02 4.831434670013000257e+06 4.635478099979999824e+05
2.786600040000000149e+02 4.831434670013000257e+06 4.635478300169999711e+05
2.786600040000000149e+02 4.831434709990999661e+06 4.635477700199999963e+05
2.787500000000000000e+02 4.831434690001999959e+06 4.635477500000000000e+05
2.787300109999999904e+02 4.831434660004000179e+06 4.635477999880000134e+05
2.787600100000000225e+02 4.831434640014999546e+06 4.635477899779999861e+05
2.787500000000000000e+02 4.831434589995999821e+06 4.635477600100000273e+05
2.786499939999999924e+02 4.831434720000999980e+06 4.635479000239999732e+05
2.788999939999999924e+02 4.831434589995999821e+06 4.635480900269999984e+05
2.787099910000000023e+02 4.831434700012000278e+06 4.635478099979999824e+05
2.787300109999999904e+02 4.831434679992999882e+06 4.635477899779999861e+05
2.788299870000000169e+02 4.831434709990999661e+06 4.635478200070000021e+05
2.786900019999999927e+02 4.831434660004000179e+06 4.635479799800000037e+05
2.786900019999999927e+02 4.831434690001999959e+06 4.635477899779999861e+05
2.787000120000000152e+02 4.831434649993999861e+06 4.635477600100000273e+05
2.787099910000000023e+02 4.831434660004000179e+06 4.635478200070000021e+05
2.786499939999999924e+02 4.831434709990999661e+06 4.635479000239999732e+05
2.786499939999999924e+02 4.831434690001999959e+06 4.635479299929999979e+05
2.786799930000000245e+02 4.831434660004000179e+06 4.635479199830000289e+05
2.788900150000000053e+02 4.831434739989999682e+06 4.635478300169999711e+05
2.790100100000000225e+02 4.831434730011000298e+06 4.635478400269999984e+05
2.787900089999999977e+02 4.831434690001999959e+06 4.635478200070000021e+05
2.788299870000000169e+02 4.831434760010000318e+06 4.635478099979999824e+05
2.789500120000000152e+02 4.831434720000999980e+06 4.635478300169999711e+05
2.789299930000000245e+02 4.831434730011000298e+06 4.635478400269999984e+05
2.787300109999999904e+02 4.831434700012000278e+06 4.635478499760000268e+05
2.787799989999999752e+02 4.831434690001999959e+06 4.635478499760000268e+05
2.787900089999999977e+02 4.831434679992999882e+06 4.635478300169999711e+05
2.788399959999999851e+02 4.831434760010000318e+06 4.635478300169999711e+05
2.787500000000000000e+02 4.831434630005000159e+06 4.635477899779999861e+05
2.786400150000000053e+02 4.831434670013000257e+06 4.635477500000000000e+05
2.787099910000000023e+02 4.831434630005000159e+06 4.635478800049999845e+05
2.786900019999999927e+02 4.831434700012000278e+06 4.635478499760000268e+05
2.788699950000000172e+02 4.831434700012000278e+06 4.635478300169999711e+05
2.789700010000000248e+02 4.831434709990999661e+06 4.635478099979999824e+05
2.787399899999999775e+02 4.831434640014999546e+06 4.635477999880000134e+05
2.787200010000000248e+02 4.831434609985000454e+06 4.635479099730000016e+05
2.786799930000000245e+02 4.831434690001999959e+06 4.635477399899999727e+05
2.787200010000000248e+02 4.831434649993999861e+06 4.635479799800000037e+05
2.787000120000000152e+02 4.831434660004000179e+06 4.635479600220000139e+05
2.787200010000000248e+02 4.831434640014999546e+06 4.635479600220000139e+05
2.786799930000000245e+02 4.831434649993999861e+06 4.635479500119999866e+05
2.787099910000000023e+02 4.831434609985000454e+06 4.635479299929999979e+05
2.787000120000000152e+02 4.831434589995999821e+06 4.635477500000000000e+05
2.787000120000000152e+02 4.831434600006000139e+06 4.635479099730000016e+05
2.789500120000000152e+02 4.831434640014999546e+06 4.635477500000000000e+05
2.790100100000000225e+02 4.831434660004000179e+06 4.635477399899999727e+05
2.787200010000000248e+02 4.831434640014999546e+06 4.635478800049999845e+05
2.786900019999999927e+02 4.831434619994999841e+06 4.635479400020000176e+05
2.786900019999999927e+02 4.831434660004000179e+06 4.635479400020000176e+05
2.787099910000000023e+02 4.831434679992999882e+06 4.635479400020000176e+05
2.789100040000000149e+02 4.831434609985000454e+06 4.635480599979999824e+05
2.790100100000000225e+02 4.831434739989999682e+06 4.635478300169999711e+05
2.789700010000000248e+02 4.831434660004000179e+06 4.635481199950000155e+05
2.789700010000000248e+02 4.831434670013000257e+06 4.635481199950000155e+05
2.786799930000000245e+02 4.831434690001999959e+06 4.635478099979999824e+05
2.787099910000000023e+02 4.831434690001999959e+06 4.635478300169999711e+05
2.787000120000000152e+02 4.831434660004000179e+06 4.635478599849999882e+05
2.790100100000000225e+02 4.831434739989999682e+06 4.635477999880000134e+05
2.787099910000000023e+02 4.831434690001999959e+06 4.635477999880000134e+05
2.787200010000000248e+02 4.831434670013000257e+06 4.635478300169999711e+05
2.789500120000000152e+02 4.831434679992999882e+06 4.635480999760000268e+05
2.787099910000000023e+02 4.831434649993999861e+06 4.635479600220000139e+05
2.786700129999999831e+02 4.831434660004000179e+06 4.635479199830000289e+05
2.787000120000000152e+02 4.831434709990999661e+06 4.635478599849999882e+05
2.787399899999999775e+02 4.831434630005000159e+06 4.635477999880000134e+05
2.786400150000000053e+02 4.831434630005000159e+06 4.635477800290000159e+05
2.787000120000000152e+02 4.831434630005000159e+06 4.635479400020000176e+05
2.786799930000000245e+02 4.831434640014999546e+06 4.635479199830000289e+05
2.787200010000000248e+02 4.831434630005000159e+06 4.635479400020000176e+05
2.787099910000000023e+02 4.831434640014999546e+06 4.635479199830000289e+05
2.786499939999999924e+02 4.831434660004000179e+06 4.635479099730000016e+05
2.786700129999999831e+02 4.831434649993999861e+06 4.635479799800000037e+05
2.789200129999999831e+02 4.831434630005000159e+06 4.635480200199999963e+05
2.787200010000000248e+02 4.831434630005000159e+06 4.635479299929999979e+05
2.786600040000000149e+02 4.831434660004000179e+06 4.635479099730000016e+05
2.786700129999999831e+02 4.831434670013000257e+06 4.635479099730000016e+05
2.786799930000000245e+02 4.831434649993999861e+06 4.635479099730000016e+05
2.790199890000000096e+02 4.831434630005000159e+06 4.635478099979999824e+05
2.790000000000000000e+02 4.831434690001999959e+06 4.635481199950000155e+05
2.789299930000000245e+02 4.831434720000999980e+06 4.635477899779999861e+05
2.787799989999999752e+02 4.831434720000999980e+06 4.635478200070000021e+05
2.788599849999999947e+02 4.831434700012000278e+06 4.635478699950000155e+05
2.789599910000000023e+02 4.831434700012000278e+06 4.635479899899999727e+05
2.787900089999999977e+02 4.831434700012000278e+06 4.635478300169999711e+05
2.784899899999999775e+02 4.831434570007000118e+06 4.635481799929999979e+05
2.786600040000000149e+02 4.831434760010000318e+06 4.635479000239999732e+05
2.787200010000000248e+02 4.831434649993999861e+06 4.635479299929999979e+05
2.787699890000000096e+02 4.831434690001999959e+06 4.635478699950000155e+05
2.787600100000000225e+02 4.831434649993999861e+06 4.635477500000000000e+05
2.787399899999999775e+02 4.831434660004000179e+06 4.635477299800000037e+05
2.788900150000000053e+02 4.831434640014999546e+06 4.635480599979999824e+05
2.788900150000000053e+02 4.831434589995999821e+06 4.635480399779999861e+05
2.788099980000000073e+02 4.831434720000999980e+06 4.635477999880000134e+05
2.788500060000000076e+02 4.831434690001999959e+06 4.635477999880000134e+05
2.787000120000000152e+02 4.831434690001999959e+06 4.635478099979999824e+05
2.791300049999999828e+02 4.831434570007000118e+06 4.635480599979999824e+05
2.790199890000000096e+02 4.831434679992999882e+06 4.635479400020000176e+05
2.788500060000000076e+02 4.831434750000000000e+06 4.635478599849999882e+05
2.788399959999999851e+02 4.831434739989999682e+06 4.635478800049999845e+05
2.787000120000000152e+02 4.831434720000999980e+06 4.635478400269999984e+05
2.785700069999999755e+02 4.831434459990999661e+06 4.635482999880000134e+05
2.791199950000000172e+02 4.831434549987999722e+06 4.635482199709999841e+05
