463547.080017 4831433.089996 278.450012
463547.059998 4831432.940002 278.320007
463546.330017 4831433.329987 278.119995
463547.020020 4831433.070007 278.390015
463547.039978 4831433.100006 278.450012
463547.059998 4831433.130005 278.470001
463546.909973 4831432.980011 278.299988
463546.919983 4831433.010010 278.329987
463546.940002 4831433.029999 278.320007
463547.030029 4831433.130005 278.459991
463547.039978 4831433.160004 278.480011
463546.900024 4831433.019989 278.309998
463546.929993 4831433.040009 278.350006
463546.960022 4831433.019989 278.339996
463546.940002 4831432.980011 278.309998
463547.000000 4831433.049988 278.390015
463546.989990 4831433.019989 278.369995
463547.059998 4831433.109985 278.480011
463546.950012 4831433.010010 278.309998
463547.010010 4831433.029999 278.369995
463547.020020 4831433.130005 278.410004
463546.960022 4831433.059998 278.329987
463546.919983 4831432.989990 278.309998
463546.919983 4831433.019989 278.320007
463547.000000 4831433.049988 278.470001
463546.989990 4831433.040009 278.459991
463546.960022 4831433.049988 278.440002
463546.960022 4831433.019989 278.440002
463546.940002 4831433.029999 278.410004
463546.960022 4831432.989990 278.399994
463546.929993 4831433.010010 278.410004
463546.950012 4831433.000000 278.429993
463546.929993 4831433.010010 278.399994
463546.919983 4831432.970001 278.350006
463546.900024 4831432.970001 278.369995
463546.919983 4831432.959991 278.320007
463546.909973 4831432.970001 278.320007
463546.890015 4831433.000000 278.309998
463546.890015 4831433.000000 278.299988
463546.929993 4831432.980011 278.299988
463546.929993 4831432.989990 278.309998
463546.929993 4831432.989990 278.320007
463546.929993 4831433.000000 278.299988
463546.929993 4831433.019989 278.299988
463546.940002 4831433.010010 278.309998
463546.950012 4831433.019989 278.309998
463546.969971 4831433.010010 278.320007
463546.929993 4831433.019989 278.309998
463546.960022 4831433.029999 278.309998
463546.950012 4831433.040009 278.320007
463546.960022 4831433.040009 278.359985
463546.950012 4831433.029999 278.320007
463546.969971 4831433.019989 278.329987
463546.950012 4831433.010010 278.320007
463546.950012 4831433.010010 278.320007
463546.940002 4831433.000000 278.299988
463546.940002 4831433.010010 278.299988
463546.979980 4831433.049988 278.339996
463547.010010 4831433.100006 278.380005
463547.030029 4831433.089996 278.399994
463547.049988 4831433.149994 278.470001
463546.950012 4831433.019989 278.309998
463546.969971 4831433.010010 278.339996
463547.000000 4831433.070007 278.380005
463547.010010 4831433.070007 278.429993
463546.989990 4831433.010010 278.380005
463546.969971 4831433.019989 278.359985
463546.960022 4831432.970001 278.339996
463546.929993 4831432.980011 278.329987
463547.039978 4831433.010010 278.410004
463547.020020 4831432.989990 278.390015
463546.919983 4831432.989990 278.309998
463546.929993 4831433.000000 278.320007
463546.969971 4831433.029999 278.339996
463546.969971 4831433.049988 278.350006
463546.989990 4831433.059998 278.339996
463547.000000 4831433.070007 278.390015
463547.020020 4831433.089996 278.380005
463547.059998 4831433.160004 278.459991
463546.950012 4831433.049988 278.320007
463546.969971 4831433.029999 278.329987
463546.979980 4831433.079987 278.339996
463547.030029 4831433.109985 278.399994
463547.059998 4831433.140015 278.440002
463546.960022 4831433.059998 278.320007
463546.989990 4831433.040009 278.329987
463547.020020 4831433.119995 278.410004
463546.320007 4831433.390015 278.109985
463547.030029 4831433.089996 278.440002
463547.070007 4831433.109985 278.420013
463547.440002 4831433.519989 278.290009
463547.510010 4831433.679993 278.059998
463547.549988 4831433.709991 278.309998
463547.510010 4831433.790009 278.279999
463547.549988 4831433.709991 278.429993
463547.530029 4831433.769989 278.369995
463547.440002 4831433.799988 278.140015
463547.460022 4831433.570007 278.359985
463547.460022 4831433.549988 278.359985
463547.489990 4831433.589996 278.299988
463547.510010 4831433.619995 278.339996
463547.530029 4831433.649994 278.380005
463547.469971 4831433.570007 278.279999
463547.530029 4831433.809998 278.299988
463547.469971 4831433.799988 278.140015
463547.520020 4831433.790009 278.179993
463547.409973 4831433.799988 278.179993
463547.440002 4831433.790009 278.140015
463547.380005 4831433.809998 278.149994
463547.549988 4831433.630005 278.239990
463547.210022 4831433.730011 278.279999
463547.489990 4831433.769989 278.160004
463547.489990 4831433.570007 278.329987
463547.349976 4831433.820007 278.109985
463547.460022 4831433.790009 278.119995
463547.539978 4831433.760010 278.290009
463547.400024 4831433.790009 278.170013
463547.539978 4831433.709991 278.369995
463547.549988 4831433.579987 278.179993
463547.469971 4831433.779999 278.100006
463547.469971 4831433.799988 278.109985
463547.510010 4831433.790009 278.260010
463547.510010 4831433.600006 278.390015
463547.530029 4831433.589996 278.329987
463547.539978 4831433.609985 278.329987
463547.429993 4831433.809998 278.130005
463547.450012 4831433.799988 278.140015
463547.489990 4831433.799988 278.130005
