2.790899959999999851e+02 4.831432510010000318e+06 4.635481199950000155e+05
2.791300049999999828e+02 4.831432500000000000e+06 4.635481500239999732e+05
2.791300049999999828e+02 4.831432459990999661e+06 4.635481099849999882e+05
2.789299930000000245e+02 4.831432429992999882e+06 4.635481699830000289e+05
2.790799870000000169e+02 4.831432559998000041e+06 4.635481799929999979e+05
2.790799870000000169e+02 4.831432549987999722e+06 4.635481500239999732e+05
2.790700069999999755e+02 4.831432630005000159e+06 4.635481300049999845e+05
2.790700069999999755e+02 4.831432630005000159e+06 4.635481300049999845e+05
2.790499879999999848e+02 4.831432660004000179e+06 4.635481400150000118e+05
2.790799870000000169e+02 4.831432549987999722e+06 4.635481500239999732e+05
2.790599980000000073e+02 4.831432660004000179e+06 4.635481099849999882e+05
2.791199950000000172e+02 4.831432519988999702e+06 4.635481300049999845e+05
2.790599980000000073e+02 4.831432529999000020e+06 4.635481400150000118e+05
2.790799870000000169e+02 4.831432750000000000e+06 4.635481400150000118e+05
2.790400089999999977e+02 4.831432640014999546e+06 4.635481199950000155e+05
2.791000060000000076e+02 4.831432630005000159e+06 4.635481099849999882e+05
2.790599980000000073e+02 4.831432750000000000e+06 4.635481500239999732e+05
2.791099849999999947e+02 4.831432750000000000e+06 4.635481099849999882e+05
2.791199950000000172e+02 4.831432679992999882e+06 4.635481099849999882e+05
2.791199950000000172e+02 4.831432529999000020e+06 4.635481400150000118e+05
2.790700069999999755e+02 4.831432700012000278e+06 4.635481099849999882e+05
2.791000060000000076e+02 4.831432730011000298e+06 4.635481199950000155e+05
2.790400089999999977e+02 4.831432700012000278e+06 4.635481300049999845e+05
2.790700069999999755e+02 4.831432720000999980e+06 4.635481300049999845e+05
2.790899959999999851e+02 4.831432640014999546e+06 4.635481099849999882e+05
2.791099849999999947e+02 4.831432570007000118e+06 4.635481099849999882e+05
2.790400089999999977e+02 4.831432660004000179e+06 4.635481400150000118e+05
2.790700069999999755e+02 4.831432720000999980e+06 4.635481400150000118e+05
2.790700069999999755e+02 4.831432630005000159e+06 4.635481599730000016e+05
2.790599980000000073e+02 4.831432739989999682e+06 4.635481199950000155e+05
2.790799870000000169e+02 4.831432510010000318e+06 4.635482199709999841e+05
2.790299989999999752e+02 4.831432470000999980e+06 4.635481799929999979e+05
2.790799870000000169e+02 4.831432429992999882e+06 4.635482000119999866e+05
2.790299989999999752e+02 4.831432470000999980e+06 4.635482199709999841e+05
2.790599980000000073e+02 4.831432630005000159e+06 4.635481900020000176e+05
2.790199890000000096e+02 4.831432519988999702e+06 4.635482199709999841e+05
2.790599980000000073e+02 4.831432649993999861e+06 4.635481799929999979e+05
2.791000060000000076e+02 4.831432519988999702e+06 4.635481799929999979e+05
2.790799870000000169e+02 4.831432549987999722e+06 4.635481900020000176e+05
2.793900150000000053e+02 4.831432859985000454e+06 4.635482600100000273e+05
2.793399959999999851e+02 4.831432839995999821e+06 4.635482899779999861e+05
2.791000060000000076e+02 4.831432529999000020e+06 4.635481799929999979e+05
2.789599910000000023e+02 4.831432140014999546e+06 4.635489000239999732e+05
2.790799870000000169e+02 4.831432190001999959e+06 4.635489099730000016e+05
2.791300049999999828e+02 4.831432200012000278e+06 4.635489099730000016e+05
2.792699890000000096e+02 4.831432220000999980e+06 4.635489000239999732e+05
2.792999879999999848e+02 4.831432250000000000e+06 4.635489099730000016e+05
2.793800049999999828e+02 4.831432269988999702e+06 4.635489099730000016e+05
2.790400089999999977e+02 4.831432179992999882e+06 4.635489000239999732e+05
2.791000060000000076e+02 4.831432209990999661e+06 4.635489099730000016e+05
2.788399959999999851e+02 4.831432089995999821e+06 4.635488900150000118e+05
2.790799870000000169e+02 4.831432190001999959e+06 4.635489099730000016e+05
2.791199950000000172e+02 4.831432200012000278e+06 4.635489099730000016e+05
2.791600040000000149e+02 4.831432209990999661e+06 4.635489099730000016e+05
2.792500000000000000e+02 4.831432239989999682e+06 4.635489099730000016e+05
2.792900089999999977e+02 4.831432250000000000e+06 4.635489099730000016e+05
2.793699950000000172e+02 4.831432279999000020e+06 4.635489099730000016e+05
2.794299930000000245e+02 4.831432290009000339e+06 4.635489099730000016e+05
2.791000060000000076e+02 4.831432160004000179e+06 4.635489000239999732e+05
2.791099849999999947e+02 4.831432200012000278e+06 4.635489299929999979e+05
2.790199890000000096e+02 4.831432149993999861e+06 4.635489000239999732e+05
2.790499879999999848e+02 4.831432179992999882e+06 4.635489099730000016e+05
2.791000060000000076e+02 4.831432190001999959e+06 4.635489099730000016e+05
2.791300049999999828e+02 4.831432209990999661e+06 4.635489199830000289e+05
2.788099980000000073e+02 4.831432109985000454e+06 4.635488599849999882e+05
2.788399959999999851e+02 4.831432130005000159e+06 4.635488699950000155e+05
2.790100100000000225e+02 4.831432190001999959e+06 4.635488699950000155e+05
2.790299989999999752e+02 4.831432220000999980e+06 4.635488900150000118e+05
2.790799870000000169e+02 4.831432230011000298e+06 4.635488800049999845e+05
2.791099849999999947e+02 4.831432250000000000e+06 4.635488900150000118e+05
2.791600040000000149e+02 4.831432250000000000e+06 4.635488800049999845e+05
2.792000120000000152e+02 4.831432260010000318e+06 4.635488800049999845e+05
2.793999939999999924e+02 4.831432269988999702e+06 4.635489000239999732e+05
2.794599910000000023e+02 4.831432279999000020e+06 4.635488900150000118e+05
2.795799870000000169e+02 4.831432329986999743e+06 4.635488900150000118e+05
2.797900089999999977e+02 4.831432390014999546e+06 4.635489799800000037e+05
2.796300049999999828e+02 4.831432339995999821e+06 4.635489500119999866e+05
2.788699950000000172e+02 4.831432070007000118e+06 4.635488599849999882e+05
2.797799989999999752e+02 4.831432339995999821e+06 4.635489799800000037e+05
2.797000120000000152e+02 4.831432350006000139e+06 4.635490000000000000e+05
2.796499939999999924e+02 4.831432309998000041e+06 4.635489799800000037e+05
2.794899899999999775e+02 4.831432260010000318e+06 4.635489600220000139e+05
2.792500000000000000e+02 4.831432220000999980e+06 4.635489600220000139e+05
2.789200129999999831e+02 4.831432119994999841e+06 4.635489299929999979e+05
2.788900150000000053e+02 4.831432100006000139e+06 4.635489299929999979e+05
2.788500060000000076e+02 4.831432089995999821e+06 4.635489299929999979e+05
2.788099980000000073e+02 4.831432079986999743e+06 4.635489199830000289e+05
2.788099980000000073e+02 4.831432049987999722e+06 4.635489000239999732e+05
2.797300109999999904e+02 4.831432410004000179e+06 4.635489600220000139e+05
2.797099910000000023e+02 4.831432369994999841e+06 4.635489799800000037e+05
2.796600040000000149e+02 4.831432359985000454e+06 4.635489699709999841e+05
2.796600040000000149e+02 4.831432329986999743e+06 4.635489500119999866e+05
2.797399899999999775e+02 4.831432369994999841e+06 4.635490000000000000e+05
2.797000120000000152e+02 4.831432359985000454e+06 4.635489899899999727e+05
2.796700129999999831e+02 4.831432350006000139e+06 4.635489799800000037e+05
2.796300049999999828e+02 4.831432329986999743e+06 4.635489699709999841e+05
2.794500120000000152e+02 4.831432299987999722e+06 4.635489400020000176e+05
2.796900019999999927e+02 4.831432359985000454e+06 4.635490000000000000e+05
2.796600040000000149e+02 4.831432339995999821e+06 4.635489899899999727e+05
2.794700010000000248e+02 4.831432290009000339e+06 4.635489600220000139e+05
2.793999939999999924e+02 4.831432299987999722e+06 4.635489600220000139e+05
2.793500060000000076e+02 4.831432290009000339e+06 4.635489500119999866e+05
2.792399899999999775e+02 4.831432279999000020e+06 4.635489400020000176e+05
2.796799930000000245e+02 4.831432329986999743e+06 4.635490000000000000e+05
2.794599910000000023e+02 4.831432290009000339e+06 4.635489699709999841e+05
2.794299930000000245e+02 4.831432279999000020e+06 4.635489600220000139e+05
2.793900150000000053e+02 4.831432269988999702e+06 4.635489600220000139e+05
2.793299870000000169e+02 4.831432269988999702e+06 4.635489500119999866e+05
2.792600100000000225e+02 4.831432279999000020e+06 4.635489500119999866e+05
2.792399899999999775e+02 4.831432260010000318e+06 4.635489400020000176e+05
2.797000120000000152e+02 4.831432329986999743e+06 4.635490200199999963e+05
2.794500120000000152e+02 4.831432279999000020e+06 4.635489799800000037e+05
2.794100040000000149e+02 4.831432269988999702e+06 4.635489699709999841e+05
2.793599849999999947e+02 4.831432260010000318e+06 4.635489600220000139e+05
2.792900089999999977e+02 4.831432260010000318e+06 4.635489600220000139e+05
2.792699890000000096e+02 4.831432239989999682e+06 4.635489500119999866e+05
2.792000120000000152e+02 4.831432260010000318e+06 4.635489600220000139e+05
2.791600040000000149e+02 4.831432250000000000e+06 4.635489500119999866e+05
2.794700010000000248e+02 4.831432269988999702e+06 4.635490000000000000e+05
2.793900150000000053e+02 4.831432279999000020e+06 4.635490000000000000e+05
2.792799989999999752e+02 4.831432250000000000e+06 4.635489799800000037e+05
2.792500000000000000e+02 4.831432220000999980e+06 4.635489600220000139e+05
2.792000120000000152e+02 4.831432220000999980e+06 4.635489600220000139e+05
2.790700069999999755e+02 4.831432200012000278e+06 4.635489400020000176e+05
2.790400089999999977e+02 4.831432179992999882e+06 4.635489299929999979e+05
2.789599910000000023e+02 4.831432170013000257e+06 4.635489099730000016e+05
2.794700010000000248e+02 4.831432299987999722e+06 4.635490399779999861e+05
2.792000120000000152e+02 4.831432190001999959e+06 4.635489699709999841e+05
2.791400150000000053e+02 4.831432200012000278e+06 4.635489699709999841e+05
2.790799870000000169e+02 4.831432190001999959e+06 4.635489600220000139e+05
2.790499879999999848e+02 4.831432170013000257e+06 4.635489500119999866e+05
2.790100100000000225e+02 4.831432160004000179e+06 4.635489400020000176e+05
2.789599910000000023e+02 4.831432160004000179e+06 4.635489400020000176e+05
2.788099980000000073e+02 4.831432119994999841e+06 4.635489000239999732e+05
2.788500060000000076e+02 4.831432059998000041e+06 4.635488699950000155e+05
2.797500000000000000e+02 4.831432269988999702e+06 4.635490599979999824e+05
2.790599980000000073e+02 4.831432179992999882e+06 4.635489799800000037e+05
2.790299989999999752e+02 4.831432160004000179e+06 4.635489699709999841e+05
2.789899899999999775e+02 4.831432149993999861e+06 4.635489600220000139e+05
2.789500120000000152e+02 4.831432140014999546e+06 4.635489500119999866e+05
2.789100040000000149e+02 4.831432130005000159e+06 4.635489400020000176e+05
2.788500060000000076e+02 4.831432130005000159e+06 4.635489400020000176e+05
2.790000000000000000e+02 4.831432160004000179e+06 4.635489899899999727e+05
2.789200129999999831e+02 4.831432109985000454e+06 4.635489600220000139e+05
2.797000120000000152e+02 4.831432369994999841e+06 4.635489699709999841e+05
2.793599849999999947e+02 4.831432380005000159e+06 4.635490000000000000e+05
2.793999939999999924e+02 4.831432320007000118e+06 4.635489699709999841e+05
2.793900150000000053e+02 4.831432290009000339e+06 4.635489600220000139e+05
2.793599849999999947e+02 4.831432260010000318e+06 4.635489400020000176e+05
2.792900089999999977e+02 4.831432290009000339e+06 4.635489400020000176e+05
2.789700010000000248e+02 4.831432369994999841e+06 4.635490000000000000e+05
2.791400150000000053e+02 4.831432209990999661e+06 4.635489600220000139e+05
2.791099849999999947e+02 4.831432200012000278e+06 4.635489500119999866e+05
2.790700069999999755e+02 4.831432190001999959e+06 4.635489299929999979e+05
2.788599849999999947e+02 4.831432130005000159e+06 4.635489400020000176e+05
2.790400089999999977e+02 4.831432190001999959e+06 4.635488900150000118e+05
2.791099849999999947e+02 4.831432230011000298e+06 4.635488800049999845e+05
2.791300049999999828e+02 4.831432230011000298e+06 4.635488699950000155e+05
2.790299989999999752e+02 4.831432209990999661e+06 4.635488699950000155e+05
2.791099849999999947e+02 4.831432239989999682e+06 4.635488900150000118e+05
2.791199950000000172e+02 4.831432230011000298e+06 4.635488900150000118e+05
2.791199950000000172e+02 4.831432250000000000e+06 4.635488900150000118e+05
2.791400150000000053e+02 4.831432269988999702e+06 4.635488499760000268e+05
2.793599849999999947e+02 4.831432290009000339e+06 4.635488699950000155e+05
2.791400150000000053e+02 4.831432260010000318e+06 4.635488300169999711e+05
2.792799989999999752e+02 4.831432290009000339e+06 4.635488300169999711e+05
2.792999879999999848e+02 4.831432309998000041e+06 4.635488400269999984e+05
2.793699950000000172e+02 4.831432320007000118e+06 4.635488400269999984e+05
2.794200129999999831e+02 4.831432329986999743e+06 4.635488300169999711e+05
2.794400019999999927e+02 4.831432350006000139e+06 4.635488400269999984e+05
2.796700129999999831e+02 4.831432380005000159e+06 4.635490300290000159e+05
2.797099910000000023e+02 4.831432369994999841e+06 4.635488900150000118e+05
2.795899959999999851e+02 4.831432359985000454e+06 4.635488499760000268e+05
2.790899959999999851e+02 4.831432200012000278e+06 4.635488400269999984e+05
2.791300049999999828e+02 4.831432220000999980e+06 4.635488400269999984e+05
2.792900089999999977e+02 4.831432250000000000e+06 4.635487999880000134e+05
2.793399959999999851e+02 4.831432269988999702e+06 4.635487899779999861e+05
2.790799870000000169e+02 4.831432320007000118e+06 4.635488599849999882e+05
2.797300109999999904e+02 4.831432369994999841e+06 4.635489000239999732e+05
2.788200069999999755e+02 4.831432079986999743e+06 4.635488400269999984e+05
2.791300049999999828e+02 4.831432209990999661e+06 4.635488599849999882e+05
2.794700010000000248e+02 4.831432339995999821e+06 4.635488099979999824e+05
2.795299989999999752e+02 4.831432369994999841e+06 4.635488300169999711e+05
2.794200129999999831e+02 4.831432350006000139e+06 4.635488099979999824e+05
2.797999879999999848e+02 4.831432470000999980e+06 4.635489000239999732e+05
2.795599980000000073e+02 4.831432369994999841e+06 4.635488400269999984e+05
2.794899899999999775e+02 4.831432359985000454e+06 4.635488300169999711e+05
2.796000060000000076e+02 4.831432350006000139e+06 4.635488400269999984e+05
2.797699890000000096e+02 4.831432450012000278e+06 4.635488200070000021e+05
2.797099910000000023e+02 4.831432459990999661e+06 4.635488400269999984e+05
2.797200010000000248e+02 4.831432440001999959e+06 4.635487299800000037e+05
2.790899959999999851e+02 4.831432359985000454e+06 4.635488400269999984e+05
2.796799930000000245e+02 4.831432329986999743e+06 4.635486599730000016e+05
2.792300109999999904e+02 4.831432290009000339e+06 4.635488599849999882e+05
2.793599849999999947e+02 4.831432320007000118e+06 4.635488499760000268e+05
2.795199890000000096e+02 4.831432369994999841e+06 4.635489099730000016e+05
2.795899959999999851e+02 4.831432399993999861e+06 4.635490399779999861e+05
2.796600040000000149e+02 4.831432299987999722e+06 4.635486099849999882e+05
2.796499939999999924e+02 4.831432470000999980e+06 4.635488499760000268e+05
2.791400150000000053e+02 4.831432260010000318e+06 4.635487899779999861e+05
2.796000060000000076e+02 4.831432380005000159e+06 4.635488800049999845e+05
2.790700069999999755e+02 4.831432299987999722e+06 4.635488499760000268e+05
2.795199890000000096e+02 4.831432369994999841e+06 4.635489099730000016e+05
2.794899899999999775e+02 4.831432399993999861e+06 4.635488400269999984e+05
2.796799930000000245e+02 4.831432420013000257e+06 4.635488900150000118e+05
2.795000000000000000e+02 4.831432380005000159e+06 4.635488900150000118e+05
2.794500120000000152e+02 4.831432380005000159e+06 4.635489500119999866e+05
2.792699890000000096e+02 4.831432309998000041e+06 4.635488599849999882e+05
2.791000060000000076e+02 4.831432239989999682e+06 4.635487800290000159e+05
2.790400089999999977e+02 4.831432299987999722e+06 4.635488800049999845e+05
2.791099849999999947e+02 4.831432269988999702e+06 4.635488699950000155e+05
2.790799870000000169e+02 4.831432260010000318e+06 4.635488499760000268e+05
2.795899959999999851e+02 4.831432399993999861e+06 4.635487999880000134e+05
2.795400089999999977e+02 4.831432369994999841e+06 4.635487100220000139e+05
2.797600100000000225e+02 4.831432500000000000e+06 4.635489000239999732e+05
2.794400019999999927e+02 4.831432380005000159e+06 4.635488800049999845e+05
2.793500060000000076e+02 4.831432359985000454e+06 4.635488800049999845e+05
2.792699890000000096e+02 4.831432339995999821e+06 4.635488800049999845e+05
2.791600040000000149e+02 4.831432309998000041e+06 4.635488699950000155e+05
2.790799870000000169e+02 4.831432290009000339e+06 4.635488699950000155e+05
2.790000000000000000e+02 4.831432269988999702e+06 4.635488699950000155e+05
2.795599980000000073e+02 4.831432369994999841e+06 4.635487600100000273e+05
2.795700069999999755e+02 4.831432359985000454e+06 4.635487299800000037e+05
2.795899959999999851e+02 4.831432390014999546e+06 4.635487700199999963e+05
2.794899899999999775e+02 4.831432410004000179e+06 4.635488900150000118e+05
2.794899899999999775e+02 4.831432420013000257e+06 4.635488900150000118e+05
2.794899899999999775e+02 4.831432429992999882e+06 4.635488900150000118e+05
2.794700010000000248e+02 4.831432420013000257e+06 4.635488599849999882e+05
2.794899899999999775e+02 4.831432399993999861e+06 4.635487899779999861e+05
2.793200069999999755e+02 4.831432390014999546e+06 4.635488400269999984e+05
2.792699890000000096e+02 4.831432390014999546e+06 4.635488499760000268e+05
2.791600040000000149e+02 4.831432339995999821e+06 4.635488099979999824e+05
2.790799870000000169e+02 4.831432320007000118e+06 4.635488300169999711e+05
2.796199950000000172e+02 4.831432359985000454e+06 4.635486199950000155e+05
2.793099980000000073e+02 4.831432329986999743e+06 4.635488200070000021e+05
2.794500120000000152e+02 4.831432369994999841e+06 4.635488200070000021e+05
2.795299989999999752e+02 4.831432390014999546e+06 4.635488200070000021e+05
2.792600100000000225e+02 4.831432299987999722e+06 4.635488599849999882e+05
2.795100100000000225e+02 4.831432380005000159e+06 4.635488699950000155e+05
2.795599980000000073e+02 4.831432380005000159e+06 4.635488699950000155e+05
2.797500000000000000e+02 4.831432410004000179e+06 4.635488599849999882e+05
2.795499879999999848e+02 4.831432380005000159e+06 4.635489400020000176e+05
2.797600100000000225e+02 4.831432399993999861e+06 4.635486900020000176e+05
2.795400089999999977e+02 4.831432369994999841e+06 4.635487500000000000e+05
2.795400089999999977e+02 4.831432369994999841e+06 4.635487999880000134e+05
2.796799930000000245e+02 4.831432440001999959e+06 4.635488499760000268e+05
2.797799989999999752e+02 4.831432480011000298e+06 4.635488699950000155e+05
2.793099980000000073e+02 4.831432320007000118e+06 4.635488099979999824e+05
2.794200129999999831e+02 4.831432369994999841e+06 4.635488499760000268e+05
2.795100100000000225e+02 4.831432380005000159e+06 4.635488599849999882e+05
2.795899959999999851e+02 4.831432399993999861e+06 4.635488800049999845e+05
2.796600040000000149e+02 4.831432410004000179e+06 4.635488800049999845e+05
2.797099910000000023e+02 4.831432410004000179e+06 4.635488900150000118e+05
2.797799989999999752e+02 4.831432429992999882e+06 4.635489000239999732e+05
2.795400089999999977e+02 4.831432390014999546e+06 4.635489199830000289e+05
2.790199890000000096e+02 4.831432250000000000e+06 4.635488499760000268e+05
2.797099910000000023e+02 4.831432380005000159e+06 4.635489199830000289e+05
2.793599849999999947e+02 4.831432339995999821e+06 4.635488800049999845e+05
2.790299989999999752e+02 4.831432269988999702e+06 4.635488499760000268e+05
2.791000060000000076e+02 4.831432269988999702e+06 4.635488699950000155e+05
2.797799989999999752e+02 4.831432440001999959e+06 4.635488099979999824e+05
2.795100100000000225e+02 4.831432359985000454e+06 4.635488599849999882e+05
2.795899959999999851e+02 4.831432380005000159e+06 4.635488400269999984e+05
2.795400089999999977e+02 4.831432369994999841e+06 4.635488400269999984e+05
2.795899959999999851e+02 4.831432380005000159e+06 4.635488099979999824e+05
2.792300109999999904e+02 4.831432279999000020e+06 4.635488300169999711e+05
2.792900089999999977e+02 4.831432290009000339e+06 4.635488099979999824e+05
2.793299870000000169e+02 4.831432320007000118e+06 4.635487899779999861e+05
2.791900019999999927e+02 4.831432269988999702e+06 4.635487800290000159e+05
2.795599980000000073e+02 4.831432309998000041e+06 4.635489299929999979e+05
2.797099910000000023e+02 4.831432339995999821e+06 4.635487800290000159e+05
2.795499879999999848e+02 4.831432369994999841e+06 4.635487199709999841e+05
2.794100040000000149e+02 4.831432250000000000e+06 4.635487600100000273e+05
2.793599849999999947e+02 4.831432250000000000e+06 4.635487600100000273e+05
2.792900089999999977e+02 4.831432239989999682e+06 4.635487700199999963e+05
2.792300109999999904e+02 4.831432230011000298e+06 4.635487700199999963e+05
2.795299989999999752e+02 4.831432260010000318e+06 4.635486699830000289e+05
2.792000120000000152e+02 4.831432160004000179e+06 4.635487600100000273e+05
2.791499939999999924e+02 4.831432170013000257e+06 4.635487500000000000e+05
2.791000060000000076e+02 4.831432160004000179e+06 4.635487600100000273e+05
2.795899959999999851e+02 4.831432250000000000e+06 4.635486099849999882e+05
2.790899959999999851e+02 4.831432230011000298e+06 4.635488400269999984e+05
2.791300049999999828e+02 4.831432230011000298e+06 4.635488499760000268e+05
2.790899959999999851e+02 4.831432369994999841e+06 4.635488699950000155e+05
2.795799870000000169e+02 4.831432350006000139e+06 4.635488599849999882e+05
2.796400150000000053e+02 4.831432339995999821e+06 4.635486400150000118e+05
2.790400089999999977e+02 4.831432290009000339e+06 4.635488499760000268e+05
2.790599980000000073e+02 4.831432279999000020e+06 4.635488699950000155e+05
2.791700129999999831e+02 4.831432309998000041e+06 4.635488400269999984e+05
2.792500000000000000e+02 4.831432320007000118e+06 4.635488300169999711e+05
2.793099980000000073e+02 4.831432329986999743e+06 4.635488300169999711e+05
2.793699950000000172e+02 4.831432339995999821e+06 4.635488300169999711e+05
2.795299989999999752e+02 4.831432359985000454e+06 4.635488200070000021e+05
2.797500000000000000e+02 4.831432350006000139e+06 4.635489000239999732e+05
2.790599980000000073e+02 4.831432359985000454e+06 4.635488599849999882e+05
2.796400150000000053e+02 4.831432329986999743e+06 4.635486400150000118e+05
2.791499939999999924e+02 4.831432279999000020e+06 4.635488300169999711e+05
2.792500000000000000e+02 4.831432320007000118e+06 4.635488300169999711e+05
2.793200069999999755e+02 4.831432339995999821e+06 4.635488200070000021e+05
2.794299930000000245e+02 4.831432359985000454e+06 4.635488300169999711e+05
2.794899899999999775e+02 4.831432369994999841e+06 4.635488400269999984e+05
2.795499879999999848e+02 4.831432390014999546e+06 4.635488400269999984e+05
2.796099849999999947e+02 4.831432399993999861e+06 4.635488499760000268e+05
2.796700129999999831e+02 4.831432410004000179e+06 4.635488599849999882e+05
2.790599980000000073e+02 4.831432309998000041e+06 4.635488599849999882e+05
2.795499879999999848e+02 4.831432420013000257e+06 4.635489000239999732e+05
2.795799870000000169e+02 4.831432410004000179e+06 4.635490000000000000e+05
2.790700069999999755e+02 4.831432350006000139e+06 4.635488599849999882e+05
2.790400089999999977e+02 4.831432299987999722e+06 4.635488599849999882e+05
2.790499879999999848e+02 4.831432299987999722e+06 4.635488699950000155e+05
2.795799870000000169e+02 4.831432429992999882e+06 4.635488900150000118e+05
2.790700069999999755e+02 4.831432269988999702e+06 4.635488599849999882e+05
2.794400019999999927e+02 4.831432380005000159e+06 4.635488599849999882e+05
2.794899899999999775e+02 4.831432390014999546e+06 4.635488699950000155e+05
2.795199890000000096e+02 4.831432380005000159e+06 4.635488900150000118e+05
2.796600040000000149e+02 4.831432440001999959e+06 4.635488599849999882e+05
2.797699890000000096e+02 4.831432470000999980e+06 4.635488699950000155e+05
2.792099910000000023e+02 4.831432279999000020e+06 4.635488099979999824e+05
2.795100100000000225e+02 4.831432350006000139e+06 4.635488400269999984e+05
2.795700069999999755e+02 4.831432369994999841e+06 4.635488400269999984e+05
2.795199890000000096e+02 4.831432350006000139e+06 4.635487800290000159e+05
2.795199890000000096e+02 4.831432369994999841e+06 4.635487800290000159e+05
2.791099849999999947e+02 4.831432279999000020e+06 4.635488200070000021e+05
2.792699890000000096e+02 4.831432320007000118e+06 4.635488200070000021e+05
2.794500120000000152e+02 4.831432369994999841e+06 4.635488300169999711e+05
2.795000000000000000e+02 4.831432380005000159e+06 4.635488400269999984e+05
2.795599980000000073e+02 4.831432390014999546e+06 4.635488499760000268e+05
2.796300049999999828e+02 4.831432410004000179e+06 4.635488499760000268e+05
2.796900019999999927e+02 4.831432429992999882e+06 4.635488499760000268e+05
2.790599980000000073e+02 4.831432320007000118e+06 4.635488599849999882e+05
2.795899959999999851e+02 4.831432450012000278e+06 4.635488900150000118e+05
2.791400150000000053e+02 4.831432369994999841e+06 4.635488800049999845e+05
2.791400150000000053e+02 4.831432390014999546e+06 4.635488599849999882e+05
2.790799870000000169e+02 4.831432309998000041e+06 4.635488599849999882e+05
2.794400019999999927e+02 4.831432329986999743e+06 4.635488099979999824e+05
2.791099849999999947e+02 4.831432209990999661e+06 4.635488200070000021e+05
2.796799930000000245e+02 4.831432380005000159e+06 4.635489000239999732e+05
2.796700129999999831e+02 4.831432390014999546e+06 4.635488800049999845e+05
2.797500000000000000e+02 4.831432350006000139e+06 4.635488699950000155e+05
2.794299930000000245e+02 4.831432239989999682e+06 4.635488400269999984e+05
2.793399959999999851e+02 4.831432239989999682e+06 4.635488499760000268e+05
2.797999879999999848e+02 4.831432209990999661e+06 4.635489400020000176e+05
2.794500120000000152e+02 4.831432260010000318e+06 4.635488699950000155e+05
2.794400019999999927e+02 4.831432269988999702e+06 4.635488499760000268e+05
2.793299870000000169e+02 4.831432239989999682e+06 4.635488499760000268e+05
2.796300049999999828e+02 4.831432250000000000e+06 4.635486599730000016e+05
2.791600040000000149e+02 4.831432200012000278e+06 4.635488499760000268e+05
2.790400089999999977e+02 4.831432149993999861e+06 4.635488599849999882e+05
2.790799870000000169e+02 4.831432239989999682e+06 4.635488300169999711e+05
2.796799930000000245e+02 4.831432480011000298e+06 4.635490800169999711e+05
2.795799870000000169e+02 4.831432290009000339e+06 4.635485999760000268e+05
2.795799870000000169e+02 4.831432329986999743e+06 4.635486699830000289e+05
2.795700069999999755e+02 4.831432420013000257e+06 4.635489099730000016e+05
2.792399899999999775e+02 4.831432359985000454e+06 4.635488599849999882e+05
2.794400019999999927e+02 4.831432510010000318e+06 4.635487999880000134e+05
2.792799989999999752e+02 4.831432230011000298e+06 4.635488400269999984e+05
2.796499939999999924e+02 4.831432309998000041e+06 4.635487999880000134e+05
2.788299870000000169e+02 4.831432160004000179e+06 4.635488800049999845e+05
2.789700010000000248e+02 4.831432209990999661e+06 4.635489199830000289e+05
2.796799930000000245e+02 4.831432380005000159e+06 4.635489299929999979e+05
2.796199950000000172e+02 4.831432369994999841e+06 4.635489299929999979e+05
2.797999879999999848e+02 4.831432440001999959e+06 4.635489400020000176e+05
2.797500000000000000e+02 4.831432429992999882e+06 4.635489500119999866e+05
2.797500000000000000e+02 4.831432489989999682e+06 4.635489199830000289e+05
2.797200010000000248e+02 4.831432480011000298e+06 4.635489299929999979e+05
2.796400150000000053e+02 4.831432390014999546e+06 4.635489199830000289e+05
2.795899959999999851e+02 4.831432380005000159e+06 4.635489299929999979e+05
2.792300109999999904e+02 4.831432290009000339e+06 4.635489000239999732e+05
2.797999879999999848e+02 4.831432609985000454e+06 4.635488699950000155e+05
2.797300109999999904e+02 4.831432670013000257e+06 4.635488800049999845e+05
2.797000120000000152e+02 4.831432589995999821e+06 4.635488599849999882e+05
2.797900089999999977e+02 4.831432559998000041e+06 4.635488800049999845e+05
2.797099910000000023e+02 4.831432679992999882e+06 4.635489000239999732e+05
2.795899959999999851e+02 4.831432519988999702e+06 4.635488200070000021e+05
2.797699890000000096e+02 4.831432709990999661e+06 4.635489000239999732e+05
2.797399899999999775e+02 4.831432720000999980e+06 4.635488699950000155e+05
2.797300109999999904e+02 4.831432709990999661e+06 4.635488699950000155e+05
2.797600100000000225e+02 4.831432679992999882e+06 4.635488699950000155e+05
2.791300049999999828e+02 4.831432820007000118e+06 4.635488900150000118e+05
2.797999879999999848e+02 4.831432700012000278e+06 4.635489099730000016e+05
2.792699890000000096e+02 4.831432799987999722e+06 4.635489600220000139e+05
2.797900089999999977e+02 4.831432720000999980e+06 4.635489400020000176e+05
2.797600100000000225e+02 4.831432609985000454e+06 4.635489199830000289e+05
2.797399899999999775e+02 4.831432700012000278e+06 4.635489099730000016e+05
