2.729899899999999775e+02 4.831430269988999702e+06 4.635477100220000139e+05
2.730299989999999752e+02 4.831430279999000020e+06 4.635477199709999841e+05
2.730700069999999755e+02 4.831430299987999722e+06 4.635477299800000037e+05
2.730199890000000096e+02 4.831430309998000041e+06 4.635477199709999841e+05
2.730000000000000000e+02 4.831430299987999722e+06 4.635477100220000139e+05
2.730499879999999848e+02 4.831430299987999722e+06 4.635477100220000139e+05
2.730100100000000225e+02 4.831430329986999743e+06 4.635477000119999866e+05
2.731199950000000172e+02 4.831430049987999722e+06 4.635477000119999866e+05
2.730199890000000096e+02 4.831430269988999702e+06 4.635477399899999727e+05
2.731000060000000076e+02 4.831430260010000318e+06 4.635477399899999727e+05
2.731600040000000149e+02 4.831430320007000118e+06 4.635477399899999727e+05
2.731199950000000172e+02 4.831430269988999702e+06 4.635477100220000139e+05
2.730700069999999755e+02 4.831430260010000318e+06 4.635477100220000139e+05
2.732300109999999904e+02 4.831430269988999702e+06 4.635477500000000000e+05
2.731000060000000076e+02 4.831430230011000298e+06 4.635477399899999727e+05
2.730499879999999848e+02 4.831430220000999980e+06 4.635477399899999727e+05
2.730199890000000096e+02 4.831430200012000278e+06 4.635477199709999841e+05
2.732200010000000248e+02 4.831430220000999980e+06 4.635477700199999963e+05
2.731799930000000245e+02 4.831430209990999661e+06 4.635477700199999963e+05
2.731400150000000053e+02 4.831430190001999959e+06 4.635477600100000273e+05
2.730199890000000096e+02 4.831430179992999882e+06 4.635477700199999963e+05
2.729700010000000248e+02 4.831430160004000179e+06 4.635477700199999963e+05
2.730599980000000073e+02 4.831430170013000257e+06 4.635478200070000021e+05
2.730700069999999755e+02 4.831430190001999959e+06 4.635478400269999984e+05
2.730899959999999851e+02 4.831430190001999959e+06 4.635478599849999882e+05
2.731900019999999927e+02 4.831430260010000318e+06 4.635477700199999963e+05
2.732600100000000225e+02 4.831430269988999702e+06 4.635477700199999963e+05
2.730499879999999848e+02 4.831430209990999661e+06 4.635477399899999727e+05
2.732500000000000000e+02 4.831430230011000298e+06 4.635477800290000159e+05
2.731600040000000149e+02 4.831430350006000139e+06 4.635476799929999979e+05
2.730400089999999977e+02 4.831430329986999743e+06 4.635476699830000289e+05
2.732500000000000000e+02 4.831430299987999722e+06 4.635477000119999866e+05
2.731300049999999828e+02 4.831430279999000020e+06 4.635476900020000176e+05
2.731600040000000149e+02 4.831430260010000318e+06 4.635477100220000139e+05
2.730199890000000096e+02 4.831430250000000000e+06 4.635476900020000176e+05
2.732900089999999977e+02 4.831430260010000318e+06 4.635477500000000000e+05
2.732000120000000152e+02 4.831430239989999682e+06 4.635477399899999727e+05
2.730799870000000169e+02 4.831430230011000298e+06 4.635477199709999841e+05
2.731799930000000245e+02 4.831430250000000000e+06 4.635477500000000000e+05
2.731499939999999924e+02 4.831430279999000020e+06 4.635478499760000268e+05
2.732900089999999977e+02 4.831430390014999546e+06 4.635476199950000155e+05
2.730000000000000000e+02 4.831430410004000179e+06 4.635477700199999963e+05
2.731099849999999947e+02 4.831430420013000257e+06 4.635477800290000159e+05
2.730000000000000000e+02 4.831430390014999546e+06 4.635477899779999861e+05
2.731000060000000076e+02 4.831430399993999861e+06 4.635477999880000134e+05
2.732200010000000248e+02 4.831430410004000179e+06 4.635478099979999824e+05
2.730000000000000000e+02 4.831430380005000159e+06 4.635478200070000021e+05
2.730599980000000073e+02 4.831430369994999841e+06 4.635478200070000021e+05
2.731600040000000149e+02 4.831430369994999841e+06 4.635478200070000021e+05
2.732500000000000000e+02 4.831430380005000159e+06 4.635478300169999711e+05
2.731600040000000149e+02 4.831430390014999546e+06 4.635478099979999824e+05
2.729700010000000248e+02 4.831430359985000454e+06 4.635478099979999824e+05
2.731000060000000076e+02 4.831430359985000454e+06 4.635478400269999984e+05
2.732699890000000096e+02 4.831430390014999546e+06 4.635478300169999711e+05
2.732000120000000152e+02 4.831430390014999546e+06 4.635478200070000021e+05
2.731300049999999828e+02 4.831430390014999546e+06 4.635478200070000021e+05
2.730700069999999755e+02 4.831430390014999546e+06 4.635478200070000021e+05
2.729899899999999775e+02 4.831430380005000159e+06 4.635478099979999824e+05
2.730899959999999851e+02 4.831430420013000257e+06 4.635477600100000273e+05
2.729400019999999927e+02 4.831430369994999841e+06 4.635477899779999861e+05
2.730499879999999848e+02 4.831430369994999841e+06 4.635477899779999861e+05
2.731400150000000053e+02 4.831430390014999546e+06 4.635478099979999824e+05
2.732099910000000023e+02 4.831430390014999546e+06 4.635478099979999824e+05
2.732799989999999752e+02 4.831430399993999861e+06 4.635478200070000021e+05
2.730899959999999851e+02 4.831430420013000257e+06 4.635477800290000159e+05
2.732900089999999977e+02 4.831430420013000257e+06 4.635478200070000021e+05
2.730599980000000073e+02 4.831430399993999861e+06 4.635478099979999824e+05
2.730899959999999851e+02 4.831430380005000159e+06 4.635478099979999824e+05
2.731600040000000149e+02 4.831430390014999546e+06 4.635478200070000021e+05
2.732300109999999904e+02 4.831430390014999546e+06 4.635478300169999711e+05
2.732799989999999752e+02 4.831430380005000159e+06 4.635478400269999984e+05
2.730100100000000225e+02 4.831430329986999743e+06 4.635478099979999824e+05
2.731499939999999924e+02 4.831430320007000118e+06 4.635478300169999711e+05
2.732000120000000152e+02 4.831430320007000118e+06 4.635478300169999711e+05
2.732300109999999904e+02 4.831430299987999722e+06 4.635478300169999711e+05
2.731199950000000172e+02 4.831430309998000041e+06 4.635477899779999861e+05
2.731300049999999828e+02 4.831430329986999743e+06 4.635477899779999861e+05
2.730799870000000169e+02 4.831430329986999743e+06 4.635477899779999861e+05
2.730599980000000073e+02 4.831430250000000000e+06 4.635477299800000037e+05
2.731199950000000172e+02 4.831430269988999702e+06 4.635477299800000037e+05
2.730599980000000073e+02 4.831430269988999702e+06 4.635476599730000016e+05
2.731400150000000053e+02 4.831430269988999702e+06 4.635477500000000000e+05
2.730499879999999848e+02 4.831430250000000000e+06 4.635476699830000289e+05
2.732500000000000000e+02 4.831430420013000257e+06 4.635476599730000016e+05
2.731499939999999924e+02 4.831430410004000179e+06 4.635476500239999732e+05
2.732099910000000023e+02 4.831430220000999980e+06 4.635477000119999866e+05
2.731900019999999927e+02 4.831430290009000339e+06 4.635477199709999841e+05
2.732699890000000096e+02 4.831430369994999841e+06 4.635476699830000289e+05
2.730400089999999977e+02 4.831430230011000298e+06 4.635476799929999979e+05
2.731000060000000076e+02 4.831430239989999682e+06 4.635477000119999866e+05
2.731099849999999947e+02 4.831430250000000000e+06 4.635476699830000289e+05
2.729500120000000152e+02 4.831430350006000139e+06 4.635478300169999711e+05
2.731499939999999924e+02 4.831430390014999546e+06 4.635478300169999711e+05
2.730799870000000169e+02 4.831430390014999546e+06 4.635478400269999984e+05
2.732399899999999775e+02 4.831430290009000339e+06 4.635478099979999824e+05
2.731600040000000149e+02 4.831430290009000339e+06 4.635477999880000134e+05
2.732399899999999775e+02 4.831430299987999722e+06 4.635478400269999984e+05
2.732999879999999848e+02 4.831430309998000041e+06 4.635478400269999984e+05
2.731499939999999924e+02 4.831430290009000339e+06 4.635477999880000134e+05
2.732799989999999752e+02 4.831430359985000454e+06 4.635478599849999882e+05
2.731900019999999927e+02 4.831430339995999821e+06 4.635478499760000268e+05
2.731000060000000076e+02 4.831430320007000118e+06 4.635478400269999984e+05
2.730100100000000225e+02 4.831430299987999722e+06 4.635478200070000021e+05
2.729400019999999927e+02 4.831430279999000020e+06 4.635478200070000021e+05
2.732500000000000000e+02 4.831430390014999546e+06 4.635478699950000155e+05
2.731600040000000149e+02 4.831430369994999841e+06 4.635478599849999882e+05
2.730700069999999755e+02 4.831430350006000139e+06 4.635478499760000268e+05
2.729599910000000023e+02 4.831430329986999743e+06 4.635478300169999711e+05
2.730700069999999755e+02 4.831430410004000179e+06 4.635478400269999984e+05
2.730100100000000225e+02 4.831430390014999546e+06 4.635478400269999984e+05
2.729400019999999927e+02 4.831430369994999841e+06 4.635478300169999711e+05
2.726199950000000172e+02 4.831430190001999959e+06 4.635476799929999979e+05
2.729800109999999904e+02 4.831430190001999959e+06 4.635476799929999979e+05
2.729299930000000245e+02 4.831430279999000020e+06 4.635477000119999866e+05
2.729400019999999927e+02 4.831430250000000000e+06 4.635476900020000176e+05
2.729500120000000152e+02 4.831430290009000339e+06 4.635477000119999866e+05
2.729400019999999927e+02 4.831430260010000318e+06 4.635476599730000016e+05
2.729400019999999927e+02 4.831430299987999722e+06 4.635476799929999979e+05
2.728200069999999755e+02 4.831430339995999821e+06 4.635478900150000118e+05
2.726700129999999831e+02 4.831430190001999959e+06 4.635477500000000000e+05
2.728299870000000169e+02 4.831430149993999861e+06 4.635477399899999727e+05
2.729100040000000149e+02 4.831430140014999546e+06 4.635477399899999727e+05
2.728900150000000053e+02 4.831430200012000278e+06 4.635477700199999963e+05
2.726700129999999831e+02 4.831430170013000257e+06 4.635477299800000037e+05
2.727000120000000152e+02 4.831430190001999959e+06 4.635477399899999727e+05
2.727999879999999848e+02 4.831430209990999661e+06 4.635477399899999727e+05
2.729299930000000245e+02 4.831430140014999546e+06 4.635477199709999841e+05
2.729299930000000245e+02 4.831430190001999959e+06 4.635477399899999727e+05
2.727099910000000023e+02 4.831430059998000041e+06 4.635476400150000118e+05
2.728800049999999828e+02 4.831430239989999682e+06 4.635477199709999841e+05
2.729400019999999927e+02 4.831430239989999682e+06 4.635477299800000037e+05
2.727900089999999977e+02 4.831430190001999959e+06 4.635476799929999979e+05
2.723999939999999924e+02 4.831430079986999743e+06 4.635476099849999882e+05
2.729299930000000245e+02 4.831430190001999959e+06 4.635476799929999979e+05
2.727999879999999848e+02 4.831430179992999882e+06 4.635476900020000176e+05
2.727200010000000248e+02 4.831430179992999882e+06 4.635477000119999866e+05
2.726900019999999927e+02 4.831430160004000179e+06 4.635476900020000176e+05
2.728699950000000172e+02 4.831430200012000278e+06 4.635477500000000000e+05
2.728500060000000076e+02 4.831430170013000257e+06 4.635477299800000037e+05
2.728200069999999755e+02 4.831430160004000179e+06 4.635477199709999841e+05
2.727600100000000225e+02 4.831430149993999861e+06 4.635477299800000037e+05
2.727300109999999904e+02 4.831430130005000159e+06 4.635477199709999841e+05
2.729100040000000149e+02 4.831430160004000179e+06 4.635477700199999963e+05
2.728599849999999947e+02 4.831430140014999546e+06 4.635477700199999963e+05
2.727900089999999977e+02 4.831430130005000159e+06 4.635477800290000159e+05
2.728099980000000073e+02 4.831430100006000139e+06 4.635477399899999727e+05
2.726499939999999924e+02 4.831430109985000454e+06 4.635477800290000159e+05
2.724800109999999904e+02 4.831430089995999821e+06 4.635477299800000037e+05
2.725199890000000096e+02 4.831430209990999661e+06 4.635477100220000139e+05
2.728200069999999755e+02 4.831430250000000000e+06 4.635476500239999732e+05
2.728200069999999755e+02 4.831430250000000000e+06 4.635476699830000289e+05
2.728200069999999755e+02 4.831430239989999682e+06 4.635476699830000289e+05
2.728099980000000073e+02 4.831430230011000298e+06 4.635476799929999979e+05
2.728500060000000076e+02 4.831430250000000000e+06 4.635476900020000176e+05
2.727999879999999848e+02 4.831430239989999682e+06 4.635476699830000289e+05
2.728599849999999947e+02 4.831430250000000000e+06 4.635476799929999979e+05
2.729100040000000149e+02 4.831430260010000318e+06 4.635476900020000176e+05
2.726000060000000076e+02 4.831430410004000179e+06 4.635476199950000155e+05
2.728900150000000053e+02 4.831430390014999546e+06 4.635476300049999845e+05
2.728099980000000073e+02 4.831430359985000454e+06 4.635476300049999845e+05
2.728200069999999755e+02 4.831430380005000159e+06 4.635476400150000118e+05
2.728500060000000076e+02 4.831430299987999722e+06 4.635476400150000118e+05
2.729899899999999775e+02 4.831430279999000020e+06 4.635476699830000289e+05
2.728900150000000053e+02 4.831430260010000318e+06 4.635476599730000016e+05
2.727500000000000000e+02 4.831430250000000000e+06 4.635476500239999732e+05
2.729400019999999927e+02 4.831430239989999682e+06 4.635476799929999979e+05
2.728299870000000169e+02 4.831430230011000298e+06 4.635476699830000289e+05
2.727200010000000248e+02 4.831430209990999661e+06 4.635476599730000016e+05
2.726499939999999924e+02 4.831430200012000278e+06 4.635476500239999732e+05
2.729800109999999904e+02 4.831430220000999980e+06 4.635477100220000139e+05
2.728999939999999924e+02 4.831430200012000278e+06 4.635477000119999866e+05
2.727200010000000248e+02 4.831430200012000278e+06 4.635476900020000176e+05
2.726499939999999924e+02 4.831430179992999882e+06 4.635476699830000289e+05
2.725700069999999755e+02 4.831430149993999861e+06 4.635476400150000118e+05
2.725400089999999977e+02 4.831430119994999841e+06 4.635476300049999845e+05
2.724899899999999775e+02 4.831430100006000139e+06 4.635476099849999882e+05
2.727699890000000096e+02 4.831430200012000278e+06 4.635477399899999727e+05
2.726900019999999927e+02 4.831430179992999882e+06 4.635477299800000037e+05
2.725899959999999851e+02 4.831430170013000257e+06 4.635477100220000139e+05
2.725299989999999752e+02 4.831430149993999861e+06 4.635477000119999866e+05
2.725000000000000000e+02 4.831430119994999841e+06 4.635476799929999979e+05
2.724800109999999904e+02 4.831430100006000139e+06 4.635476699830000289e+05
2.723800049999999828e+02 4.831430089995999821e+06 4.635476599730000016e+05
2.723500060000000076e+02 4.831430149993999861e+06 4.635477500000000000e+05
2.723200069999999755e+02 4.831430130005000159e+06 4.635477299800000037e+05
2.724700010000000248e+02 4.831430170013000257e+06 4.635477000119999866e+05
2.725000000000000000e+02 4.831430140014999546e+06 4.635476900020000176e+05
2.724700010000000248e+02 4.831430119994999841e+06 4.635476699830000289e+05
2.727799989999999752e+02 4.831430420013000257e+06 4.635476099849999882e+05
2.727200010000000248e+02 4.831430380005000159e+06 4.635477399899999727e+05
2.725100100000000225e+02 4.831430350006000139e+06 4.635477399899999727e+05
2.725700069999999755e+02 4.831430339995999821e+06 4.635477399899999727e+05
2.728800049999999828e+02 4.831430380005000159e+06 4.635477800290000159e+05
2.724200129999999831e+02 4.831430320007000118e+06 4.635477500000000000e+05
2.723200069999999755e+02 4.831430250000000000e+06 4.635477500000000000e+05
2.726600040000000149e+02 4.831430399993999861e+06 4.635477100220000139e+05
2.723699950000000172e+02 4.831430350006000139e+06 4.635476699830000289e+05
2.726900019999999927e+02 4.831430380005000159e+06 4.635477600100000273e+05
2.723999939999999924e+02 4.831430329986999743e+06 4.635477399899999727e+05
2.723900150000000053e+02 4.831430290009000339e+06 4.635477600100000273e+05
2.724599910000000023e+02 4.831430160004000179e+06 4.635476799929999979e+05
2.724100040000000149e+02 4.831430170013000257e+06 4.635477199709999841e+05
2.723999939999999924e+02 4.831430149993999861e+06 4.635476900020000176e+05
2.724299930000000245e+02 4.831430119994999841e+06 4.635476900020000176e+05
2.728699950000000172e+02 4.831430350006000139e+06 4.635477899779999861e+05
2.727900089999999977e+02 4.831430339995999821e+06 4.635477800290000159e+05
2.727000120000000152e+02 4.831430329986999743e+06 4.635477700199999963e+05
2.726199950000000172e+02 4.831430329986999743e+06 4.635477700199999963e+05
2.725199890000000096e+02 4.831430309998000041e+06 4.635477500000000000e+05
2.724800109999999904e+02 4.831430320007000118e+06 4.635477600100000273e+05
2.723999939999999924e+02 4.831430309998000041e+06 4.635477500000000000e+05
2.723399959999999851e+02 4.831430309998000041e+06 4.635477500000000000e+05
2.724400019999999927e+02 4.831430369994999841e+06 4.635476900020000176e+05
2.723699950000000172e+02 4.831430369994999841e+06 4.635476900020000176e+05
2.726499939999999924e+02 4.831430420013000257e+06 4.635476799929999979e+05
2.723500060000000076e+02 4.831430390014999546e+06 4.635476500239999732e+05
2.723099980000000073e+02 4.831430399993999861e+06 4.635476599730000016e+05
2.727000120000000152e+02 4.831430390014999546e+06 4.635477500000000000e+05
2.726199950000000172e+02 4.831430380005000159e+06 4.635477500000000000e+05
2.724299930000000245e+02 4.831430369994999841e+06 4.635476900020000176e+05
2.723800049999999828e+02 4.831430390014999546e+06 4.635476099849999882e+05
2.723399959999999851e+02 4.831430399993999861e+06 4.635476199950000155e+05
2.723399959999999851e+02 4.831430350006000139e+06 4.635476400150000118e+05
2.723999939999999924e+02 4.831430350006000139e+06 4.635476400150000118e+05
2.724599910000000023e+02 4.831430350006000139e+06 4.635476300049999845e+05
2.725499879999999848e+02 4.831430380005000159e+06 4.635476400150000118e+05
2.726099849999999947e+02 4.831430380005000159e+06 4.635476300049999845e+05
2.726799930000000245e+02 4.831430390014999546e+06 4.635476300049999845e+05
2.728399959999999851e+02 4.831430399993999861e+06 4.635476199950000155e+05
2.723299870000000169e+02 4.831430329986999743e+06 4.635476900020000176e+05
2.723999939999999924e+02 4.831430350006000139e+06 4.635476799929999979e+05
2.724500120000000152e+02 4.831430350006000139e+06 4.635476799929999979e+05
2.725299989999999752e+02 4.831430369994999841e+06 4.635476799929999979e+05
2.726000060000000076e+02 4.831430380005000159e+06 4.635476799929999979e+05
2.726700129999999831e+02 4.831430390014999546e+06 4.635476799929999979e+05
2.727300109999999904e+02 4.831430399993999861e+06 4.635476799929999979e+05
2.728599849999999947e+02 4.831430410004000179e+06 4.635476699830000289e+05
2.723200069999999755e+02 4.831430320007000118e+06 4.635477199709999841e+05
2.723599849999999947e+02 4.831430309998000041e+06 4.635477100220000139e+05
2.724400019999999927e+02 4.831430329986999743e+06 4.635477100220000139e+05
2.725100100000000225e+02 4.831430350006000139e+06 4.635477100220000139e+05
2.725899959999999851e+02 4.831430359985000454e+06 4.635477100220000139e+05
2.726600040000000149e+02 4.831430380005000159e+06 4.635477100220000139e+05
2.727300109999999904e+02 4.831430380005000159e+06 4.635477100220000139e+05
2.728099980000000073e+02 4.831430390014999546e+06 4.635477000119999866e+05
2.723500060000000076e+02 4.831430279999000020e+06 4.635477299800000037e+05
2.724200129999999831e+02 4.831430290009000339e+06 4.635477299800000037e+05
2.725000000000000000e+02 4.831430320007000118e+06 4.635477399899999727e+05
2.725799870000000169e+02 4.831430339995999821e+06 4.635477399899999727e+05
2.726499939999999924e+02 4.831430350006000139e+06 4.635477399899999727e+05
2.727300109999999904e+02 4.831430369994999841e+06 4.635477399899999727e+05
2.727600100000000225e+02 4.831430420013000257e+06 4.635476699830000289e+05
2.728299870000000169e+02 4.831430420013000257e+06 4.635476699830000289e+05
2.725299989999999752e+02 4.831430390014999546e+06 4.635477100220000139e+05
2.726400150000000053e+02 4.831430390014999546e+06 4.635477199709999841e+05
2.727000120000000152e+02 4.831430390014999546e+06 4.635477199709999841e+05
2.727600100000000225e+02 4.831430390014999546e+06 4.635477299800000037e+05
2.729299930000000245e+02 4.831430420013000257e+06 4.635477500000000000e+05
2.724400019999999927e+02 4.831430320007000118e+06 4.635477299800000037e+05
2.725299989999999752e+02 4.831430329986999743e+06 4.635477399899999727e+05
2.726099849999999947e+02 4.831430339995999821e+06 4.635477500000000000e+05
2.726700129999999831e+02 4.831430350006000139e+06 4.635477600100000273e+05
2.727200010000000248e+02 4.831430339995999821e+06 4.635477600100000273e+05
2.727900089999999977e+02 4.831430350006000139e+06 4.635477700199999963e+05
2.728599849999999947e+02 4.831430359985000454e+06 4.635477800290000159e+05
2.724700010000000248e+02 4.831430190001999959e+06 4.635477299800000037e+05
2.727000120000000152e+02 4.831430420013000257e+06 4.635477000119999866e+05
2.727600100000000225e+02 4.831430420013000257e+06 4.635477100220000139e+05
2.728200069999999755e+02 4.831430420013000257e+06 4.635477199709999841e+05
2.728900150000000053e+02 4.831430420013000257e+06 4.635477399899999727e+05
2.727200010000000248e+02 4.831430399993999861e+06 4.635477399899999727e+05
2.727799989999999752e+02 4.831430390014999546e+06 4.635477500000000000e+05
2.728500060000000076e+02 4.831430390014999546e+06 4.635477600100000273e+05
2.726199950000000172e+02 4.831430380005000159e+06 4.635477700199999963e+05
2.727799989999999752e+02 4.831430359985000454e+06 4.635477899779999861e+05
2.728399959999999851e+02 4.831430359985000454e+06 4.635477999880000134e+05
2.728999939999999924e+02 4.831430350006000139e+06 4.635477999880000134e+05
2.723800049999999828e+02 4.831430329986999743e+06 4.635477299800000037e+05
2.727399899999999775e+02 4.831430299987999722e+06 4.635477800290000159e+05
2.724100040000000149e+02 4.831430309998000041e+06 4.635477600100000273e+05
2.725799870000000169e+02 4.831430209990999661e+06 4.635477100220000139e+05
2.723200069999999755e+02 4.831430220000999980e+06 4.635477299800000037e+05
2.723599849999999947e+02 4.831430200012000278e+06 4.635477199709999841e+05
2.723999939999999924e+02 4.831430190001999959e+06 4.635477199709999841e+05
2.724299930000000245e+02 4.831430160004000179e+06 4.635477100220000139e+05
2.723099980000000073e+02 4.831430279999000020e+06 4.635477299800000037e+05
2.726799930000000245e+02 4.831430279999000020e+06 4.635477500000000000e+05
2.723099980000000073e+02 4.831430299987999722e+06 4.635477299800000037e+05
2.725799870000000169e+02 4.831430209990999661e+06 4.635477299800000037e+05
2.727500000000000000e+02 4.831430230011000298e+06 4.635477100220000139e+05
2.729800109999999904e+02 4.831430239989999682e+06 4.635476799929999979e+05
2.724599910000000023e+02 4.831430170013000257e+06 4.635476699830000289e+05
2.725499879999999848e+02 4.831430179992999882e+06 4.635476500239999732e+05
2.727200010000000248e+02 4.831430220000999980e+06 4.635476300049999845e+05
2.728099980000000073e+02 4.831430239989999682e+06 4.635476199950000155e+05
2.728299870000000169e+02 4.831430269988999702e+06 4.635476199950000155e+05
2.728800049999999828e+02 4.831430350006000139e+06 4.635476099849999882e+05
2.728099980000000073e+02 4.831430420013000257e+06 4.635476900020000176e+05
2.727099910000000023e+02 4.831430269988999702e+06 4.635476500239999732e+05
2.727399899999999775e+02 4.831430369994999841e+06 4.635476199950000155e+05
2.724299930000000245e+02 4.831430410004000179e+06 4.635476400150000118e+05
2.725599980000000073e+02 4.831430390014999546e+06 4.635476300049999845e+05
2.723800049999999828e+02 4.831430390014999546e+06 4.635476199950000155e+05
2.728399959999999851e+02 4.831430220000999980e+06 4.635477299800000037e+05
2.724200129999999831e+02 4.831430109985000454e+06 4.635476599730000016e+05
2.725400089999999977e+02 4.831430109985000454e+06 4.635476400150000118e+05
2.725199890000000096e+02 4.831430130005000159e+06 4.635476199950000155e+05
2.724500120000000152e+02 4.831430250000000000e+06 4.635477700199999963e+05
2.729200129999999831e+02 4.831430279999000020e+06 4.635478099979999824e+05
2.724700010000000248e+02 4.831430260010000318e+06 4.635477600100000273e+05
2.723399959999999851e+02 4.831430250000000000e+06 4.635477700199999963e+05
2.724500120000000152e+02 4.831430320007000118e+06 4.635477800290000159e+05
2.723900150000000053e+02 4.831430350006000139e+06 4.635477600100000273e+05
2.727300109999999904e+02 4.831430369994999841e+06 4.635478099979999824e+05
2.723699950000000172e+02 4.831430350006000139e+06 4.635477700199999963e+05
2.727099910000000023e+02 4.831430369994999841e+06 4.635477999880000134e+05
2.723699950000000172e+02 4.831430359985000454e+06 4.635477600100000273e+05
2.723299870000000169e+02 4.831430380005000159e+06 4.635477199709999841e+05
2.723399959999999851e+02 4.831430359985000454e+06 4.635477500000000000e+05
2.725100100000000225e+02 4.831430179992999882e+06 4.635476599730000016e+05
2.724899899999999775e+02 4.831430160004000179e+06 4.635476799929999979e+05
2.727500000000000000e+02 4.831430260010000318e+06 4.635477600100000273e+05
2.726799930000000245e+02 4.831430239989999682e+06 4.635477500000000000e+05
2.725599980000000073e+02 4.831430220000999980e+06 4.635477299800000037e+05
2.724800109999999904e+02 4.831430200012000278e+06 4.635477299800000037e+05
2.724200129999999831e+02 4.831430179992999882e+06 4.635477299800000037e+05
2.728900150000000053e+02 4.831430309998000041e+06 4.635478300169999711e+05
2.727600100000000225e+02 4.831430290009000339e+06 4.635477899779999861e+05
2.726700129999999831e+02 4.831430269988999702e+06 4.635477800290000159e+05
2.725799870000000169e+02 4.831430250000000000e+06 4.635477700199999963e+05
2.724800109999999904e+02 4.831430230011000298e+06 4.635477500000000000e+05
2.724400019999999927e+02 4.831430209990999661e+06 4.635477600100000273e+05
2.723099980000000073e+02 4.831430190001999959e+06 4.635477299800000037e+05
2.728900150000000053e+02 4.831430359985000454e+06 4.635478499760000268e+05
2.727600100000000225e+02 4.831430329986999743e+06 4.635478099979999824e+05
2.726799930000000245e+02 4.831430309998000041e+06 4.635478099979999824e+05
2.725700069999999755e+02 4.831430290009000339e+06 4.635477899779999861e+05
2.723900150000000053e+02 4.831430260010000318e+06 4.635477399899999727e+05
2.723999939999999924e+02 4.831430250000000000e+06 4.635477700199999963e+05
2.728200069999999755e+02 4.831430420013000257e+06 4.635477899779999861e+05
2.727999879999999848e+02 4.831430410004000179e+06 4.635478099979999824e+05
2.727200010000000248e+02 4.831430390014999546e+06 4.635477999880000134e+05
2.726400150000000053e+02 4.831430369994999841e+06 4.635477899779999861e+05
2.725499879999999848e+02 4.831430350006000139e+06 4.635477899779999861e+05
2.724899899999999775e+02 4.831430329986999743e+06 4.635477899779999861e+05
2.723999939999999924e+02 4.831430309998000041e+06 4.635477800290000159e+05
2.724700010000000248e+02 4.831430420013000257e+06 4.635477100220000139e+05
2.723800049999999828e+02 4.831430380005000159e+06 4.635477299800000037e+05
2.723800049999999828e+02 4.831430369994999841e+06 4.635477600100000273e+05
2.723299870000000169e+02 4.831430350006000139e+06 4.635477600100000273e+05
