463549.140015 4831432.369995 279.630005
463550.049988 4831431.970001 279.279999
463549.909973 4831431.929993 279.049988
463549.890015 4831431.929993 279.100006
463549.880005 4831431.940002 279.019989
463549.820007 4831431.929993 278.869995
463549.820007 4831432.040009 279.109985
463550.090027 4831431.970001 279.130005
463549.979980 4831431.980011 279.359985
463550.000000 4831432.019989 279.309998
463550.000000 4831432.029999 279.350006
463550.099976 4831432.209991 279.609985
463549.880005 4831431.989990 278.989990
463549.780029 4831431.950012 278.839996
463549.780029 4831431.929993 278.829987
463549.799988 4831431.970001 278.869995
463549.869995 4831431.929993 279.040009
463549.869995 4831431.950012 279.040009
463549.820007 4831431.950012 278.959991
463549.799988 4831431.929993 278.859985
463549.869995 4831431.940002 279.000000
463550.070007 4831431.929993 279.339996
463550.020020 4831431.989990 279.339996
463550.039978 4831432.019989 279.440002
463549.909973 4831431.980011 279.140015
463549.940002 4831432.010010 279.220001
463549.950012 4831432.029999 279.220001
463550.070007 4831432.179993 279.600006
463550.080017 4831432.200012 279.609985
463550.099976 4831432.220001 279.649994
463549.820007 4831431.959991 278.950012
463549.840027 4831431.989990 279.019989
463549.849976 4831432.010010 279.040009
463549.750000 4831431.980011 278.809998
463550.070007 4831432.040009 279.519989
463550.049988 4831432.040009 279.510010
463550.020020 4831432.010010 279.420013
463550.030029 4831432.040009 279.450012
463550.059998 4831432.130005 279.579987
463549.969971 4831432.029999 279.320007
463549.950012 4831432.040009 279.109985
463549.849976 4831431.980011 279.049988
463549.840027 4831431.980011 279.079987
463549.989990 4831432.029999 279.369995
463550.000000 4831432.049988 279.369995
463549.950012 4831432.089996 279.130005
463549.960022 4831432.109985 279.119995
463549.739990 4831431.989990 278.820007
463549.770020 4831431.970001 278.910004
463549.780029 4831432.000000 278.920013
463550.020020 4831431.980011 279.339996
463550.010010 4831432.029999 279.440002
463550.020020 4831432.059998 279.450012
463550.049988 4831432.220001 279.619995
463550.059998 4831432.260010 279.660004
463550.080017 4831432.049988 279.570007
463550.000000 4831432.010010 279.369995
463550.010010 4831432.049988 279.410004
463550.010010 4831432.079987 279.440002
463550.020020 4831432.140015 279.170013
463549.869995 4831432.029999 279.130005
463549.780029 4831431.980011 278.940002
463549.770020 4831431.980011 278.869995
463549.770020 4831431.989990 278.869995
463549.950012 4831431.980011 279.209991
463549.989990 4831431.980011 279.279999
463550.090027 4831432.239990 279.760010
463550.020020 4831432.000000 279.369995
463550.039978 4831432.010010 279.399994
463550.059998 4831432.019989 279.500000
463550.099976 4831432.299988 279.700012
463549.890015 4831432.000000 279.059998
463549.869995 4831431.959991 279.049988
463550.099976 4831432.170013 279.660004
463549.960022 4831431.980011 279.209991
463550.099976 4831432.160004 279.179993
463550.090027 4831432.079987 279.450012
463550.090027 4831432.070007 279.390015
463550.000000 4831432.049988 279.309998
463550.010010 4831432.070007 279.290009
463550.080017 4831432.160004 279.179993
463549.919983 4831432.040009 279.109985
463549.840027 4831432.019989 279.000000
463549.849976 4831432.019989 278.959991
463549.979980 4831432.079987 279.309998
463550.070007 4831432.179993 279.149994
463550.080017 4831432.190002 279.119995
463549.909973 4831432.040009 279.179993
463549.929993 4831432.040009 279.130005
463549.969971 4831432.109985 279.079987
463549.869995 4831432.029999 279.059998
463549.869995 4831431.959991 278.929993
463549.830017 4831432.010010 279.010010
463549.840027 4831432.010010 278.970001
463549.799988 4831432.010010 278.920013
463549.809998 4831431.980011 278.850006
463549.760010 4831431.980011 278.880005
463549.780029 4831432.010010 278.869995
463549.789978 4831431.929993 278.820007
463549.799988 4831431.970001 278.929993
463549.789978 4831431.950012 278.959991
463549.880005 4831431.989990 279.049988
463549.950012 4831432.040009 279.130005
463549.940002 4831432.010010 279.140015
463549.929993 4831432.010010 279.239990
463550.070007 4831432.160004 279.109985
463550.090027 4831432.040009 279.570007
463549.760010 4831431.970001 278.829987
463549.830017 4831431.970001 278.890015
463549.840027 4831431.989990 278.970001
463549.840027 4831431.980011 279.019989
463549.929993 4831432.029999 279.109985
463550.039978 4831431.970001 279.359985
463549.940002 4831432.000000 279.119995
463549.989990 4831432.029999 279.230011
463550.020020 4831432.049988 279.309998
463550.070007 4831431.929993 279.329987
463550.090027 4831432.339996 279.700012
463549.830017 4831431.959991 278.959991
463550.000000 4831432.019989 279.320007
463549.989990 4831432.019989 279.390015
463549.770020 4831431.959991 278.809998
463549.780029 4831431.959991 278.850006
463549.859985 4831432.010010 279.079987
463550.049988 4831432.399994 279.779999
463549.780029 4831431.989990 278.899994
463549.909973 4831432.059998 279.130005
463550.020020 4831432.070007 279.420013
463549.989990 4831432.089996 279.089996
463550.090027 4831432.190002 279.200012
463550.080017 4831432.019989 279.519989
463550.080017 4831431.989990 279.519989
463550.099976 4831431.929993 279.529999
463550.030029 4831431.959991 279.410004
463549.859985 4831431.950012 279.059998
463550.070007 4831432.160004 279.709991
463550.070007 4831432.130005 279.609985
463550.080017 4831431.970001 279.570007
463549.979980 4831431.929993 279.290009
463550.030029 4831431.959991 279.320007
463549.780029 4831431.940002 278.829987
463549.840027 4831431.959991 278.820007
463549.859985 4831431.970001 279.019989
463549.869995 4831432.000000 279.059998
463549.909973 4831432.010010 279.160004
463549.950012 4831432.040009 279.230011
463549.969971 4831432.019989 279.250000
463550.090027 4831432.269989 279.670013
463549.969971 4831432.029999 279.290009
463550.000000 4831432.029999 279.320007
463550.049988 4831431.989990 279.320007
463550.039978 4831432.049988 279.369995
463550.080017 4831432.260010 279.649994
463550.099976 4831432.250000 279.660004
463549.809998 4831431.980011 278.890015
463549.840027 4831432.019989 278.950012
463549.859985 4831432.029999 279.029999
463549.940002 4831432.040009 279.190002
463550.099976 4831432.260010 279.660004
463550.099976 4831432.279999 279.690002
463550.080017 4831432.290009 279.700012
463550.070007 4831432.209991 279.670013
463550.070007 4831432.040009 279.529999
463550.030029 4831432.049988 279.459991
463550.010010 4831432.010010 279.399994
463549.969971 4831432.019989 279.269989
463549.919983 4831432.029999 279.130005
463549.690002 4831432.119995 278.809998
463550.010010 4831431.959991 279.260010
463549.979980 4831431.989990 279.339996
463549.950012 4831432.000000 279.299988
463549.900024 4831432.010010 279.170013
463549.880005 4831432.019989 279.160004
463549.919983 4831431.980011 279.220001
463549.890015 4831431.989990 279.179993
463549.859985 4831432.000000 279.119995
463549.909973 4831431.980011 279.209991
463549.880005 4831431.989990 279.160004
463549.880005 4831431.970001 279.140015
463549.859985 4831431.980011 279.119995
463549.830017 4831431.989990 279.040009
463549.840027 4831431.950012 279.059998
463549.809998 4831431.959991 279.010010
463549.780029 4831431.980011 278.950012
463549.760010 4831431.929993 278.859985
463550.080017 4831432.160004 279.640015
463549.820007 4831431.950012 278.850006
463549.849976 4831431.929993 278.869995
463549.909973 4831431.929993 279.010010
463549.929993 4831431.989990 279.130005
463549.989990 4831431.989990 279.220001
463550.020020 4831432.010010 279.279999
463550.049988 4831431.989990 279.309998
463550.080017 4831431.980011 279.230011
463549.820007 4831431.929993 278.820007
463549.909973 4831431.950012 278.980011
463549.900024 4831431.950012 278.890015
463550.010010 4831431.989990 279.200012
463549.219971 4831432.920013 279.480011
