463549.119995 4831431.640015 281.809998
463549.130005 4831431.649994 281.980011
463549.150024 4831431.640015 282.029999
463549.130005 4831431.670013 281.950012
463549.109985 4831431.679993 281.950012
463549.109985 4831431.670013 281.950012
463549.150024 4831431.649994 282.019989
463549.130005 4831431.640015 282.010010
463549.119995 4831431.670013 281.940002
463549.109985 4831431.769989 281.890015
463549.119995 4831431.660004 281.859985
463549.150024 4831431.640015 281.989990
463549.119995 4831431.730011 282.029999
463549.119995 4831431.630005 281.970001
463549.119995 4831431.660004 282.000000
463549.140015 4831431.570007 281.920013
463549.210022 4831431.750000 281.980011
463549.210022 4831431.670013 281.920013
463549.590027 4831431.920013 281.880005
463549.599976 4831431.910004 281.859985
463549.549988 4831431.899994 281.950012
463549.390015 4831431.910004 281.850006
463549.369995 4831431.920013 281.859985
463549.390015 4831431.910004 281.929993
463549.369995 4831431.920013 281.880005
463549.390015 4831431.899994 281.829987
463549.349976 4831431.890015 281.869995
463549.349976 4831431.839996 281.940002
463549.369995 4831431.859985 281.910004
463549.400024 4831431.920013 281.850006
463549.859985 4831431.809998 282.250000
463549.500000 4831431.829987 281.899994
463549.539978 4831431.920013 281.959991
463549.270020 4831431.540009 282.619995
463549.539978 4831431.880005 281.880005
463549.450012 4831431.869995 281.929993
463549.549988 4831431.910004 281.880005
463549.539978 4831431.920013 281.869995
463549.409973 4831431.760010 281.820007
463549.330017 4831431.920013 281.970001
463549.409973 4831431.899994 281.929993
463549.570007 4831431.859985 281.940002
463549.500000 4831431.839996 281.890015
463549.140015 4831431.089996 282.019989
463549.349976 4831430.970001 282.149994
463549.320007 4831430.950012 282.190002
463549.280029 4831430.929993 281.950012
463549.289978 4831431.000000 282.059998
463549.250000 4831431.019989 282.079987
463549.260010 4831431.040009 282.079987
463549.330017 4831430.989990 282.239990
463549.330017 4831431.000000 282.119995
463549.320007 4831430.989990 282.239990
463549.330017 4831431.010010 282.190002
463549.330017 4831430.970001 282.190002
463549.340027 4831431.010010 282.250000
463549.309998 4831431.000000 282.260010
463549.320007 4831431.019989 282.269989
463549.280029 4831431.000000 282.109985
463549.289978 4831431.029999 282.140015
463549.280029 4831431.089996 282.269989
463549.299988 4831430.970001 282.059998
463549.289978 4831430.989990 282.170013
463549.320007 4831430.970001 282.130005
463549.309998 4831430.989990 282.230011
463549.340027 4831430.940002 282.109985
463549.340027 4831430.980011 282.260010
463549.309998 4831431.000000 282.119995
463549.320007 4831431.010010 282.209991
463549.250000 4831430.970001 281.880005
463549.280029 4831430.970001 281.899994
463549.270020 4831430.959991 281.940002
463549.260010 4831430.929993 281.929993
463549.320007 4831430.950012 282.019989
463549.340027 4831430.929993 281.970001
463549.359985 4831431.040009 282.149994
463549.440002 4831431.029999 282.660004
463549.320007 4831431.040009 282.250000
463549.309998 4831431.040009 282.250000
463549.309998 4831431.059998 282.100006
463549.349976 4831431.029999 281.920013
463549.349976 4831431.029999 281.869995
463549.349976 4831431.029999 281.820007
463549.270020 4831431.019989 282.079987
463549.299988 4831431.029999 282.130005
463549.330017 4831431.000000 282.170013
463549.340027 4831431.010010 282.230011
463549.239990 4831430.989990 281.850006
463549.239990 4831430.989990 281.910004
463549.289978 4831430.940002 281.880005
463549.289978 4831430.980011 282.019989
463549.250000 4831431.000000 281.950012
463549.229980 4831430.970001 281.959991
463549.320007 4831431.000000 281.850006
463549.229980 4831430.980011 281.929993
463549.289978 4831430.940002 281.850006
463549.289978 4831430.940002 281.899994
463549.659973 4831430.940002 281.940002
463549.359985 4831430.929993 282.049988
463549.299988 4831430.959991 282.149994
463549.289978 4831430.989990 282.239990
463549.309998 4831431.019989 282.220001
463549.309998 4831430.989990 282.290009
463549.349976 4831430.959991 282.269989
463549.299988 4831431.049988 282.160004
463549.320007 4831431.049988 282.230011
463549.250000 4831430.980011 281.920013
463549.309998 4831430.940002 281.869995
463549.299988 4831431.029999 281.940002
463549.390015 4831430.989990 282.290009
463549.400024 4831430.980011 282.260010
463549.450012 4831430.940002 282.170013
