463549.119995 4831432.010010 280.429993
463549.140015 4831432.029999 280.420013
463549.150024 4831431.989990 280.429993
463549.119995 4831432.049988 280.489990
463549.190002 4831432.140015 280.459991
463549.159973 4831432.130005 280.459991
463549.179993 4831432.119995 280.489990
463549.200012 4831432.119995 280.480011
463549.159973 4831432.049988 280.489990
463549.200012 4831432.179993 280.510010
463549.150024 4831432.079987 280.410004
463549.119995 4831432.140015 280.429993
463549.119995 4831432.070007 280.459991
463549.830017 4831431.950012 280.790009
463549.789978 4831431.929993 280.739990
463549.799988 4831431.940002 280.760010
463549.770020 4831431.940002 280.739990
463549.780029 4831431.959991 280.750000
463549.210022 4831432.140015 280.470001
463549.219971 4831432.179993 280.510010
463549.750000 4831431.959991 280.730011
463549.210022 4831432.200012 280.450012
463549.580017 4831432.429993 280.420013
463549.700012 4831431.959991 280.690002
463549.630005 4831432.440002 280.359985
463549.690002 4831431.929993 280.720001
463549.770020 4831431.970001 280.739990
463549.809998 4831431.950012 280.769989
463549.830017 4831431.950012 280.790009
463549.750000 4831432.480011 280.309998
463549.750000 4831432.399994 280.359985
463550.030029 4831432.179993 279.829987
463549.739990 4831431.959991 280.750000
463549.479980 4831432.390015 280.049988
463549.659973 4831432.329987 280.040009
463549.799988 4831431.950012 280.750000
463549.799988 4831431.929993 280.700012
463549.869995 4831432.010010 280.799988
463549.200012 4831432.809998 280.640015
463549.190002 4831432.820007 280.660004
463549.200012 4831432.839996 280.600006
463549.119995 4831432.640015 280.440002
463549.109985 4831432.619995 280.410004
463549.169983 4831432.769989 280.600006
463549.140015 4831432.799988 280.649994
463549.150024 4831432.839996 280.660004
463549.119995 4831432.660004 280.390015
463549.169983 4831432.850006 280.690002
463549.140015 4831432.730011 280.549988
463549.159973 4831432.859985 280.660004
463549.109985 4831432.649994 280.399994
463549.150024 4831432.709991 280.500000
463549.140015 4831432.720001 280.470001
463549.409973 4831432.660004 280.040009
463549.559998 4831432.649994 279.989990
463549.609985 4831432.660004 280.000000
463549.590027 4831432.640015 279.980011
463549.599976 4831432.700012 280.010010
463549.590027 4831432.679993 280.000000
463549.559998 4831432.589996 280.079987
463549.270020 4831432.700012 280.170013
463549.270020 4831432.720001 280.200012
463549.289978 4831432.690002 279.910004
463549.299988 4831432.730011 280.279999
463549.549988 4831432.700012 280.040009
463549.309998 4831432.799988 280.640015
463549.479980 4831432.700012 280.040009
463549.219971 4831432.920013 280.790009
463549.250000 4831432.920013 280.709991
463549.789978 4831432.779999 280.559998
463549.710022 4831432.859985 280.609985
463549.250000 4831432.760010 280.239990
463549.840027 4831432.779999 280.579987
463549.239990 4831432.859985 280.600006
463549.229980 4831432.920013 280.739990
463549.369995 4831432.670013 279.980011
463549.250000 4831432.899994 280.700012
463549.299988 4831432.910004 280.660004
463549.309998 4831432.720001 280.059998
463549.429993 4831432.660004 280.019989
463549.320007 4831432.709991 280.019989
463549.429993 4831432.679993 279.929993
463549.469971 4831432.720001 279.959991
463549.390015 4831432.660004 279.929993
463549.419983 4831432.690002 279.920013
463549.309998 4831432.720001 280.070007
463549.369995 4831432.779999 280.230011
463549.330017 4831432.709991 279.950012
463549.690002 4831432.829987 280.540009
463549.309998 4831432.700012 280.019989
463549.590027 4831432.739990 280.309998
463549.500000 4831432.750000 280.059998
463549.320007 4831432.660004 279.929993
463549.340027 4831432.690002 279.899994
463549.330017 4831432.739990 280.179993
463549.219971 4831432.739990 280.260010
463549.409973 4831432.679993 279.940002
463549.409973 4831432.690002 279.989990
463549.299988 4831432.779999 280.250000
463549.500000 4831432.739990 280.019989
463549.489990 4831432.670013 280.029999
463549.270020 4831432.739990 280.320007
463549.280029 4831432.619995 280.290009
463549.229980 4831432.640015 280.209991
463549.460022 4831432.570007 279.940002
463549.320007 4831432.700012 280.190002
463549.229980 4831432.649994 280.250000
463549.369995 4831432.519989 280.140015
463549.440002 4831432.679993 279.989990
463549.210022 4831432.890015 280.660004
463549.229980 4831432.910004 280.660004
463549.299988 4831432.920013 280.609985
463549.239990 4831432.709991 280.279999
463549.219971 4831432.890015 280.660004
463549.440002 4831432.700012 279.980011
463550.049988 4831432.700012 280.579987
463549.250000 4831432.730011 280.220001
463549.270020 4831432.700012 280.160004
463549.250000 4831432.690002 280.149994
463549.330017 4831432.750000 280.220001
463549.309998 4831432.739990 280.049988
463549.349976 4831432.720001 280.079987
463549.330017 4831432.880005 280.709991
463549.320007 4831432.750000 280.209991
463549.309998 4831432.730011 280.130005
463549.330017 4831432.720001 280.119995
463549.330017 4831432.709991 280.079987
463549.330017 4831432.690002 280.019989
463549.330017 4831432.779999 280.309998
463549.309998 4831432.769989 280.220001
463549.309998 4831432.750000 280.160004
463549.320007 4831432.730011 280.100006
463549.330017 4831432.720001 280.079987
463549.330017 4831432.700012 280.019989
463549.330017 4831432.790009 280.279999
463549.330017 4831432.779999 280.209991
463549.320007 4831432.760010 280.140015
463549.330017 4831432.739990 280.100006
463549.340027 4831432.730011 280.059998
463550.000000 4831432.769989 280.769989
463550.020020 4831432.880005 280.730011
463550.010010 4831432.899994 280.730011
463550.000000 4831432.910004 280.760010
463550.010010 4831432.869995 280.730011
463550.020020 4831432.869995 280.730011
463550.010010 4831432.899994 280.739990
463549.989990 4831432.880005 280.799988
463550.010010 4831432.910004 280.790009
463550.010010 4831432.869995 280.760010
463550.020020 4831432.869995 280.769989
463550.049988 4831432.829987 280.739990
463550.030029 4831432.839996 280.779999
463550.010010 4831432.890015 280.709991
463550.010010 4831432.910004 280.779999
463550.000000 4831432.890015 280.709991
463550.030029 4831432.809998 280.750000
463550.010010 4831432.850006 280.760010
463550.070007 4831432.850006 280.779999
463550.020020 4831432.920013 280.779999
463550.039978 4831432.869995 280.790009
463549.950012 4831432.920013 280.799988
463549.989990 4831432.890015 280.799988
463550.030029 4831432.859985 280.790009
463550.030029 4831432.859985 280.779999
463550.080017 4831432.839996 280.730011
463550.090027 4831432.899994 280.779999
463550.059998 4831432.850006 280.769989
463550.070007 4831432.839996 280.790009
463550.099976 4831432.820007 280.750000
463550.070007 4831432.829987 280.760010
463550.070007 4831432.829987 280.779999
463550.000000 4831432.880005 280.769989
463550.080017 4831432.829987 280.790009
463550.000000 4831432.880005 280.779999
463550.080017 4831432.829987 280.779999
463550.000000 4831432.880005 280.760010
463550.020020 4831432.899994 280.750000
463549.940002 4831432.869995 280.690002
463549.969971 4831432.899994 280.750000
463550.070007 4831432.839996 280.730011
463550.049988 4831432.880005 280.799988
463550.049988 4831432.880005 280.769989
