2.802000120000000152e+02 4.831432160004000179e+06 4.635463099979999824e+05
2.799500120000000152e+02 4.831432019988999702e+06 4.635463900150000118e+05
2.804599910000000023e+02 4.831432489989999682e+06 4.635463099979999824e+05
2.803800049999999828e+02 4.831432420013000257e+06 4.635463300169999711e+05
2.798999939999999924e+02 4.831432220000999980e+06 4.635462399899999727e+05
2.799800109999999904e+02 4.831432049987999722e+06 4.635462700199999963e+05
2.800000000000000000e+02 4.831432070007000118e+06 4.635462700199999963e+05
2.800499879999999848e+02 4.831432079986999743e+06 4.635462700199999963e+05
2.800299989999999752e+02 4.831432100006000139e+06 4.635462600100000273e+05
2.800799870000000169e+02 4.831432119994999841e+06 4.635462600100000273e+05
2.800299989999999752e+02 4.831432010010000318e+06 4.635462399899999727e+05
2.800199890000000096e+02 4.831432079986999743e+06 4.635462500000000000e+05
2.801799930000000245e+02 4.831432299987999722e+06 4.635470700070000021e+05
2.798099980000000073e+02 4.831432230011000298e+06 4.635462399899999727e+05
2.801700129999999831e+02 4.831432260010000318e+06 4.635470800169999711e+05
2.801000060000000076e+02 4.831432380005000159e+06 4.635470800169999711e+05
2.799400019999999927e+02 4.831432029999000020e+06 4.635462600100000273e+05
2.798399959999999851e+02 4.831432290009000339e+06 4.635462100220000139e+05
2.798599849999999947e+02 4.831432029999000020e+06 4.635462500000000000e+05
2.798200069999999755e+02 4.831432140014999546e+06 4.635462299800000037e+05
2.798399959999999851e+02 4.831432239989999682e+06 4.635461900020000176e+05
2.798800049999999828e+02 4.831432269988999702e+06 4.635461900020000176e+05
2.800299989999999752e+02 4.831432109985000454e+06 4.635462600100000273e+05
2.801300049999999828e+02 4.831432320007000118e+06 4.635470900269999984e+05
2.801700129999999831e+02 4.831432309998000041e+06 4.635470700070000021e+05
2.801600040000000149e+02 4.831432279999000020e+06 4.635470599979999824e+05
2.800799870000000169e+02 4.831432279999000020e+06 4.635470900269999984e+05
2.801700129999999831e+02 4.831432290009000339e+06 4.635470999760000268e+05
2.801300049999999828e+02 4.831432309998000041e+06 4.635470900269999984e+05
2.798200069999999755e+02 4.831432230011000298e+06 4.635462100220000139e+05
2.798399959999999851e+02 4.831432179992999882e+06 4.635462100220000139e+05
2.799200129999999831e+02 4.831432170013000257e+06 4.635462399899999727e+05
2.801099849999999947e+02 4.831432200012000278e+06 4.635462299800000037e+05
2.801700129999999831e+02 4.831432200012000278e+06 4.635462199709999841e+05
2.798900150000000053e+02 4.831432089995999821e+06 4.635462399899999727e+05
2.801099849999999947e+02 4.831432170013000257e+06 4.635462399899999727e+05
2.801799930000000245e+02 4.831432170013000257e+06 4.635462399899999727e+05
2.801099849999999947e+02 4.831432119994999841e+06 4.635462500000000000e+05
2.800799870000000169e+02 4.831432260010000318e+06 4.635470800169999711e+05
2.801900019999999927e+02 4.831432290009000339e+06 4.635470000000000000e+05
2.800899959999999851e+02 4.831432290009000339e+06 4.635470999760000268e+05
2.800599980000000073e+02 4.831432350006000139e+06 4.635466599730000016e+05
2.799800109999999904e+02 4.831432089995999821e+06 4.635462700199999963e+05
2.801499939999999924e+02 4.831432320007000118e+06 4.635470200199999963e+05
2.804200129999999831e+02 4.831432459990999661e+06 4.635464600220000139e+05
2.799299930000000245e+02 4.831432070007000118e+06 4.635462700199999963e+05
2.799200129999999831e+02 4.831432179992999882e+06 4.635462100220000139e+05
2.800400089999999977e+02 4.831432119994999841e+06 4.635462600100000273e+05
2.801700129999999831e+02 4.831432309998000041e+06 4.635470800169999711e+05
2.803299870000000169e+02 4.831432119994999841e+06 4.635462399899999727e+05
2.800700069999999755e+02 4.831432179992999882e+06 4.635462399899999727e+05
2.801199950000000172e+02 4.831432170013000257e+06 4.635462399899999727e+05
2.801000060000000076e+02 4.831432059998000041e+06 4.635461599730000016e+05
2.801300049999999828e+02 4.831432040009000339e+06 4.635461500239999732e+05
2.802099910000000023e+02 4.831432179992999882e+06 4.635462399899999727e+05
2.803900150000000053e+02 4.831432040009000339e+06 4.635465599979999824e+05
2.801799930000000245e+02 4.831432220000999980e+06 4.635470800169999711e+05
2.798500060000000076e+02 4.831431970000999980e+06 4.635462500000000000e+05
2.798900150000000053e+02 4.831431989989999682e+06 4.635462500000000000e+05
2.799100040000000149e+02 4.831432019988999702e+06 4.635462500000000000e+05
2.799299930000000245e+02 4.831432040009000339e+06 4.635462500000000000e+05
2.799500120000000152e+02 4.831432070007000118e+06 4.635462500000000000e+05
2.799599910000000023e+02 4.831432089995999821e+06 4.635462500000000000e+05
2.799800109999999904e+02 4.831432119994999841e+06 4.635462500000000000e+05
2.805000000000000000e+02 4.831432109985000454e+06 4.635462000119999866e+05
2.804400019999999927e+02 4.831432100006000139e+06 4.635462000119999866e+05
2.803900150000000053e+02 4.831432100006000139e+06 4.635461900020000176e+05
2.803299870000000169e+02 4.831432089995999821e+06 4.635461900020000176e+05
2.803200069999999755e+02 4.831432119994999841e+06 4.635461599730000016e+05
2.802699890000000096e+02 4.831432160004000179e+06 4.635462600100000273e+05
2.801499939999999924e+02 4.831432250000000000e+06 4.635470800169999711e+05
2.801400150000000053e+02 4.831432209990999661e+06 4.635470399779999861e+05
2.804599910000000023e+02 4.831432369994999841e+06 4.635462100220000139e+05
2.801600040000000149e+02 4.831432260010000318e+06 4.635470800169999711e+05
2.801900019999999927e+02 4.831432309998000041e+06 4.635470100100000273e+05
2.800799870000000169e+02 4.831432269988999702e+06 4.635470999760000268e+05
2.799500120000000152e+02 4.831432040009000339e+06 4.635462700199999963e+05
2.801799930000000245e+02 4.831432220000999980e+06 4.635470900269999984e+05
2.800499879999999848e+02 4.831432179992999882e+06 4.635462600100000273e+05
2.798399959999999851e+02 4.831432269988999702e+06 4.635462299800000037e+05
2.804599910000000023e+02 4.831432380005000159e+06 4.635463599849999882e+05
2.800000000000000000e+02 4.831432049987999722e+06 4.635462600100000273e+05
2.798099980000000073e+02 4.831432100006000139e+06 4.635462199709999841e+05
2.800199890000000096e+02 4.831432100006000139e+06 4.635462399899999727e+05
2.798599849999999947e+02 4.831432130005000159e+06 4.635462100220000139e+05
2.799299930000000245e+02 4.831431989989999682e+06 4.635462500000000000e+05
2.800199890000000096e+02 4.831432049987999722e+06 4.635462399899999727e+05
2.798200069999999755e+02 4.831432179992999882e+06 4.635462600100000273e+05
2.805199890000000096e+02 4.831432739989999682e+06 4.635465300290000159e+05
2.802500000000000000e+02 4.831432630005000159e+06 4.635470499880000134e+05
2.804599910000000023e+02 4.831432750000000000e+06 4.635465700070000021e+05
2.802699890000000096e+02 4.831432649993999861e+06 4.635470200199999963e+05
2.803399959999999851e+02 4.831432630005000159e+06 4.635468300169999711e+05
2.802900089999999977e+02 4.831432869994999841e+06 4.635463499760000268e+05
2.802799989999999752e+02 4.831432790009000339e+06 4.635469000239999732e+05
2.803299870000000169e+02 4.831432679992999882e+06 4.635468499760000268e+05
2.803299870000000169e+02 4.831432769988999702e+06 4.635470000000000000e+05
2.802799989999999752e+02 4.831432730011000298e+06 4.635470999760000268e+05
2.802300109999999904e+02 4.831432790009000339e+06 4.635469699709999841e+05
2.804899899999999775e+02 4.831432730011000298e+06 4.635466400150000118e+05
2.805000000000000000e+02 4.831432760010000318e+06 4.635466199950000155e+05
2.805299989999999752e+02 4.831432839995999821e+06 4.635467100220000139e+05
2.804700010000000248e+02 4.831432730011000298e+06 4.635466400150000118e+05
2.805000000000000000e+02 4.831432700012000278e+06 4.635466199950000155e+05
2.804899899999999775e+02 4.831432640014999546e+06 4.635465800169999711e+05
2.805199890000000096e+02 4.831432670013000257e+06 4.635466699830000289e+05
2.802600100000000225e+02 4.831432709990999661e+06 4.635469699709999841e+05
2.803500060000000076e+02 4.831432559998000041e+06 4.635469400020000176e+05
2.805299989999999752e+02 4.831432820007000118e+06 4.635466799929999979e+05
2.805499879999999848e+02 4.831432700012000278e+06 4.635466599730000016e+05
2.802699890000000096e+02 4.831432850006000139e+06 4.635468800049999845e+05
2.802300109999999904e+02 4.831432769988999702e+06 4.635468699950000155e+05
2.803399959999999851e+02 4.831432670013000257e+06 4.635468599849999882e+05
2.802799989999999752e+02 4.831432760010000318e+06 4.635469500119999866e+05
2.802099910000000023e+02 4.831432750000000000e+06 4.635469400020000176e+05
2.803299870000000169e+02 4.831432609985000454e+06 4.635468599849999882e+05
2.803399959999999851e+02 4.831432760010000318e+06 4.635470000000000000e+05
2.803099980000000073e+02 4.831432760010000318e+06 4.635470499880000134e+05
2.803099980000000073e+02 4.831432679992999882e+06 4.635470800169999711e+05
2.803299870000000169e+02 4.831432619994999841e+06 4.635469500119999866e+05
2.803099980000000073e+02 4.831432640014999546e+06 4.635469099730000016e+05
2.802600100000000225e+02 4.831432660004000179e+06 4.635469199830000289e+05
2.802999879999999848e+02 4.831432769988999702e+06 4.635469899899999727e+05
2.802399899999999775e+02 4.831432700012000278e+06 4.635468900150000118e+05
2.803200069999999755e+02 4.831432799987999722e+06 4.635469600220000139e+05
2.802399899999999775e+02 4.831432730011000298e+06 4.635468599849999882e+05
2.805000000000000000e+02 4.831432700012000278e+06 4.635466099849999882e+05
2.804800109999999904e+02 4.831432720000999980e+06 4.635466199950000155e+05
2.805100100000000225e+02 4.831432850006000139e+06 4.635467000119999866e+05
2.802900089999999977e+02 4.831432769988999702e+06 4.635469299929999979e+05
2.803299870000000169e+02 4.831432869994999841e+06 4.635468699950000155e+05
2.801799930000000245e+02 4.831432910004000179e+06 4.635468499760000268e+05
2.805499879999999848e+02 4.831432739989999682e+06 4.635466199950000155e+05
2.805499879999999848e+02 4.831432869994999841e+06 4.635467000119999866e+05
2.804899899999999775e+02 4.831432910004000179e+06 4.635467299800000037e+05
2.805100100000000225e+02 4.831432649993999861e+06 4.635465499880000134e+05
2.804800109999999904e+02 4.831432769988999702e+06 4.635466300049999845e+05
2.804599910000000023e+02 4.831432809998000041e+06 4.635466500239999732e+05
2.804700010000000248e+02 4.831432899993999861e+06 4.635467000119999866e+05
2.805199890000000096e+02 4.831432910004000179e+06 4.635467000119999866e+05
2.804200129999999831e+02 4.831432910004000179e+06 4.635467199709999841e+05
2.802600100000000225e+02 4.831432920013000257e+06 4.635468200070000021e+05
2.805400089999999977e+02 4.831432720000999980e+06 4.635466099849999882e+05
2.805499879999999848e+02 4.831432750000000000e+06 4.635466199950000155e+05
2.804700010000000248e+02 4.831432850006000139e+06 4.635466900020000176e+05
2.805100100000000225e+02 4.831432739989999682e+06 4.635465499880000134e+05
2.804599910000000023e+02 4.831432750000000000e+06 4.635465700070000021e+05
2.805100100000000225e+02 4.831432920013000257e+06 4.635465700070000021e+05
2.803599849999999947e+02 4.831432559998000041e+06 4.635469000239999732e+05
2.805199890000000096e+02 4.831432769988999702e+06 4.635466300049999845e+05
2.805599980000000073e+02 4.831432829986999743e+06 4.635466400150000118e+05
2.804899899999999775e+02 4.831432829986999743e+06 4.635466699830000289e+05
2.804500120000000152e+02 4.831432910004000179e+06 4.635465599979999824e+05
2.798900150000000053e+02 4.831432920013000257e+06 4.635464799800000037e+05
2.804400019999999927e+02 4.831432869994999841e+06 4.635466199950000155e+05
2.804899899999999775e+02 4.831432850006000139e+06 4.635466400150000118e+05
2.805299989999999752e+02 4.831432829986999743e+06 4.635466699830000289e+05
2.805899959999999851e+02 4.831432829986999743e+06 4.635466599730000016e+05
2.804899899999999775e+02 4.831432760010000318e+06 4.635466400150000118e+05
2.806400150000000053e+02 4.831432890014999546e+06 4.635467299800000037e+05
2.803399959999999851e+02 4.831432679992999882e+06 4.635468599849999882e+05
2.805299989999999752e+02 4.831432880005000159e+06 4.635466099849999882e+05
2.804700010000000248e+02 4.831432869994999841e+06 4.635466699830000289e+05
2.804800109999999904e+02 4.831432850006000139e+06 4.635466599730000016e+05
2.804500120000000152e+02 4.831432779999000020e+06 4.635466199950000155e+05
2.804899899999999775e+02 4.831432720000999980e+06 4.635465700070000021e+05
2.805499879999999848e+02 4.831432709990999661e+06 4.635465700070000021e+05
2.802900089999999977e+02 4.831432700012000278e+06 4.635468599849999882e+05
2.802500000000000000e+02 4.831432750000000000e+06 4.635469299929999979e+05
2.803599849999999947e+02 4.831432760010000318e+06 4.635469799800000037e+05
2.802999879999999848e+02 4.831432690001999959e+06 4.635469500119999866e+05
2.803399959999999851e+02 4.831432609985000454e+06 4.635469400020000176e+05
2.802699890000000096e+02 4.831432619994999841e+06 4.635470000000000000e+05
2.803099980000000073e+02 4.831432579986999743e+06 4.635469799800000037e+05
2.802699890000000096e+02 4.831432859985000454e+06 4.635468699950000155e+05
2.803500060000000076e+02 4.831432790009000339e+06 4.635469600220000139e+05
2.802500000000000000e+02 4.831432660004000179e+06 4.635468599849999882e+05
2.802999879999999848e+02 4.831432589995999821e+06 4.635470900269999984e+05
2.802699890000000096e+02 4.831432720000999980e+06 4.635468800049999845e+05
2.802300109999999904e+02 4.831432730011000298e+06 4.635468900150000118e+05
2.803399959999999851e+02 4.831432820007000118e+06 4.635469199830000289e+05
2.802799989999999752e+02 4.831432880005000159e+06 4.635468599849999882e+05
2.806000060000000076e+02 4.831432859985000454e+06 4.635467100220000139e+05
2.805799870000000169e+02 4.831432880005000159e+06 4.635467299800000037e+05
2.805299989999999752e+02 4.831432899993999861e+06 4.635466699830000289e+05
2.805199890000000096e+02 4.831432920013000257e+06 4.635466900020000176e+05
2.800299989999999752e+02 4.831432899993999861e+06 4.635465300290000159e+05
2.798200069999999755e+02 4.831432850006000139e+06 4.635464899899999727e+05
2.803500060000000076e+02 4.831432570007000118e+06 4.635469000239999732e+05
2.803299870000000169e+02 4.831432679992999882e+06 4.635468200070000021e+05
2.802699890000000096e+02 4.831432779999000020e+06 4.635468800049999845e+05
2.802799989999999752e+02 4.831432859985000454e+06 4.635468699950000155e+05
2.805299989999999752e+02 4.831432859985000454e+06 4.635467500000000000e+05
2.805299989999999752e+02 4.831432700012000278e+06 4.635466099849999882e+05
2.805000000000000000e+02 4.831432709990999661e+06 4.635466199950000155e+05
2.805599980000000073e+02 4.831432839995999821e+06 4.635466900020000176e+05
2.805700069999999755e+02 4.831432880005000159e+06 4.635467100220000139e+05
2.804899899999999775e+02 4.831432859985000454e+06 4.635466400150000118e+05
2.803399959999999851e+02 4.831432750000000000e+06 4.635469600220000139e+05
2.806000060000000076e+02 4.831432859985000454e+06 4.635467000119999866e+05
2.798999939999999924e+02 4.831432869994999841e+06 4.635465100100000273e+05
2.804899899999999775e+02 4.831432890014999546e+06 4.635465300290000159e+05
2.805100100000000225e+02 4.831432829986999743e+06 4.635466900020000176e+05
2.798200069999999755e+02 4.831432910004000179e+06 4.635463400269999984e+05
2.799500120000000152e+02 4.831432920013000257e+06 4.635464799800000037e+05
2.799800109999999904e+02 4.831432920013000257e+06 4.635464899899999727e+05
2.804400019999999927e+02 4.831432899993999861e+06 4.635466099849999882e+05
2.806300049999999828e+02 4.831432859985000454e+06 4.635467199709999841e+05
2.805400089999999977e+02 4.831432709990999661e+06 4.635466300049999845e+05
2.804899899999999775e+02 4.831432739989999682e+06 4.635466099849999882e+05
2.804500120000000152e+02 4.831432769988999702e+06 4.635466099849999882e+05
2.804700010000000248e+02 4.831432760010000318e+06 4.635465700070000021e+05
2.803099980000000073e+02 4.831432750000000000e+06 4.635469600220000139e+05
2.803299870000000169e+02 4.831432619994999841e+06 4.635468800049999845e+05
2.802200010000000248e+02 4.831432720000999980e+06 4.635468900150000118e+05
2.802099910000000023e+02 4.831432850006000139e+06 4.635468800049999845e+05
2.803399959999999851e+02 4.831432859985000454e+06 4.635468699950000155e+05
2.798399959999999851e+02 4.831432890014999546e+06 4.635463599849999882e+05
2.802900089999999977e+02 4.831432760010000318e+06 4.635469899899999727e+05
2.803800049999999828e+02 4.831432799987999722e+06 4.635469600220000139e+05
2.802799989999999752e+02 4.831432649993999861e+06 4.635469600220000139e+05
2.802099910000000023e+02 4.831432859985000454e+06 4.635469000239999732e+05
2.802999879999999848e+02 4.831432869994999841e+06 4.635468699950000155e+05
2.804800109999999904e+02 4.831432869994999841e+06 4.635467399899999727e+05
2.806300049999999828e+02 4.831432869994999841e+06 4.635466900020000176e+05
2.806499939999999924e+02 4.831432859985000454e+06 4.635466599730000016e+05
2.804899899999999775e+02 4.831432899993999861e+06 4.635465800169999711e+05
2.805199890000000096e+02 4.831432660004000179e+06 4.635467100220000139e+05
2.805100100000000225e+02 4.831432630005000159e+06 4.635467000119999866e+05
2.805199890000000096e+02 4.831432640014999546e+06 4.635466699830000289e+05
2.805799870000000169e+02 4.831432700012000278e+06 4.635466799929999979e+05
2.802999879999999848e+02 4.831432690001999959e+06 4.635469600220000139e+05
2.804599910000000023e+02 4.831432730011000298e+06 4.635465300290000159e+05
2.802500000000000000e+02 4.831432920013000257e+06 4.635463400269999984e+05
2.805199890000000096e+02 4.831432859985000454e+06 4.635466300049999845e+05
2.805700069999999755e+02 4.831432850006000139e+06 4.635466699830000289e+05
2.804100040000000149e+02 4.831432899993999861e+06 4.635467100220000139e+05
2.803200069999999755e+02 4.831432760010000318e+06 4.635469500119999866e+05
2.805100100000000225e+02 4.831432750000000000e+06 4.635465100100000273e+05
2.804599910000000023e+02 4.831432730011000298e+06 4.635465800169999711e+05
2.804899899999999775e+02 4.831432809998000041e+06 4.635466099849999882e+05
2.804800109999999904e+02 4.831432779999000020e+06 4.635466400150000118e+05
2.803699950000000172e+02 4.831432570007000118e+06 4.635468699950000155e+05
2.805199890000000096e+02 4.831432839995999821e+06 4.635466199950000155e+05
2.803399959999999851e+02 4.831432549987999722e+06 4.635469400020000176e+05
2.805100100000000225e+02 4.831432820007000118e+06 4.635466400150000118e+05
2.802799989999999752e+02 4.831432559998000041e+06 4.635468900150000118e+05
2.802999879999999848e+02 4.831432559998000041e+06 4.635469299929999979e+05
2.803399959999999851e+02 4.831432559998000041e+06 4.635469500119999866e+05
2.805199890000000096e+02 4.831432859985000454e+06 4.635466500239999732e+05
2.806099849999999947e+02 4.831432839995999821e+06 4.635467100220000139e+05
2.804899899999999775e+02 4.831432869994999841e+06 4.635466500239999732e+05
2.805299989999999752e+02 4.831432820007000118e+06 4.635467299800000037e+05
2.803500060000000076e+02 4.831432619994999841e+06 4.635469400020000176e+05
2.804700010000000248e+02 4.831432850006000139e+06 4.635466799929999979e+05
2.805100100000000225e+02 4.831432899993999861e+06 4.635468300169999711e+05
2.802500000000000000e+02 4.831432670013000257e+06 4.635470399779999861e+05
2.802399899999999775e+02 4.831432850006000139e+06 4.635468699950000155e+05
2.803299870000000169e+02 4.831432739989999682e+06 4.635470599979999824e+05
2.802500000000000000e+02 4.831432640014999546e+06 4.635470900269999984e+05
2.802799989999999752e+02 4.831432619994999841e+06 4.635470200199999963e+05
2.802500000000000000e+02 4.831432630005000159e+06 4.635470000000000000e+05
2.802600100000000225e+02 4.831432579986999743e+06 4.635469600220000139e+05
2.805199890000000096e+02 4.831432880005000159e+06 4.635465700070000021e+05
2.804500120000000152e+02 4.831432790009000339e+06 4.635465800169999711e+05
2.805799870000000169e+02 4.831432709990999661e+06 4.635466099849999882e+05
2.802900089999999977e+02 4.831432660004000179e+06 4.635470800169999711e+05
2.802099910000000023e+02 4.831432750000000000e+06 4.635469400020000176e+05
2.802500000000000000e+02 4.831432640014999546e+06 4.635470100100000273e+05
2.806000060000000076e+02 4.831432820007000118e+06 4.635466599730000016e+05
2.806099849999999947e+02 4.831432670013000257e+06 4.635467000119999866e+05
2.805700069999999755e+02 4.831432679992999882e+06 4.635466900020000176e+05
2.805299989999999752e+02 4.831432790009000339e+06 4.635465100100000273e+05
2.805299989999999752e+02 4.831432690001999959e+06 4.635465999760000268e+05
2.805499879999999848e+02 4.831432760010000318e+06 4.635465999760000268e+05
2.805400089999999977e+02 4.831432750000000000e+06 4.635466199950000155e+05
2.805700069999999755e+02 4.831432730011000298e+06 4.635466599730000016e+05
2.803200069999999755e+02 4.831432700012000278e+06 4.635468400269999984e+05
2.806099849999999947e+02 4.831432829986999743e+06 4.635466400150000118e+05
2.805400089999999977e+02 4.831432820007000118e+06 4.635466699830000289e+05
2.802399899999999775e+02 4.831432739989999682e+06 4.635468699950000155e+05
2.806499939999999924e+02 4.831432880005000159e+06 4.635467000119999866e+05
2.802500000000000000e+02 4.831432779999000020e+06 4.635469600220000139e+05
2.802900089999999977e+02 4.831432700012000278e+06 4.635470999760000268e+05
2.805799870000000169e+02 4.831432890014999546e+06 4.635467299800000037e+05
2.802900089999999977e+02 4.831432799987999722e+06 4.635469500119999866e+05
2.803099980000000073e+02 4.831432739989999682e+06 4.635470599979999824e+05
2.803500060000000076e+02 4.831432850006000139e+06 4.635468900150000118e+05
2.802200010000000248e+02 4.831432869994999841e+06 4.635469000239999732e+05
2.803599849999999947e+02 4.831432859985000454e+06 4.635469000239999732e+05
2.804599910000000023e+02 4.831432910004000179e+06 4.635468200070000021e+05
2.803200069999999755e+02 4.831432899993999861e+06 4.635468699950000155e+05
2.805899959999999851e+02 4.831432899993999861e+06 4.635468499760000268e+05
2.804899899999999775e+02 4.831432649993999861e+06 4.635465200199999963e+05
2.805400089999999977e+02 4.831432750000000000e+06 4.635465800169999711e+05
2.805700069999999755e+02 4.831432720000999980e+06 4.635466400150000118e+05
2.805400089999999977e+02 4.831432760010000318e+06 4.635466599730000016e+05
2.799100040000000149e+02 4.831432890014999546e+06 4.635464400020000176e+05
2.799599910000000023e+02 4.831432869994999841e+06 4.635464899899999727e+05
2.802900089999999977e+02 4.831432619994999841e+06 4.635469799800000037e+05
2.806300049999999828e+02 4.831432880005000159e+06 4.635467000119999866e+05
2.804100040000000149e+02 4.831432899993999861e+06 4.635467399899999727e+05
2.805199890000000096e+02 4.831432899993999861e+06 4.635467500000000000e+05
2.802999879999999848e+02 4.831432679992999882e+06 4.635470999760000268e+05
2.805499879999999848e+02 4.831432750000000000e+06 4.635465900269999984e+05
2.804899899999999775e+02 4.831432769988999702e+06 4.635466500239999732e+05
2.805100100000000225e+02 4.831432820007000118e+06 4.635466199950000155e+05
2.804899899999999775e+02 4.831432799987999722e+06 4.635466500239999732e+05
2.804500120000000152e+02 4.831432809998000041e+06 4.635466599730000016e+05
2.805599980000000073e+02 4.831432850006000139e+06 4.635466900020000176e+05
2.804899899999999775e+02 4.831432890014999546e+06 4.635466599730000016e+05
2.802999879999999848e+02 4.831432720000999980e+06 4.635468499760000268e+05
2.802799989999999752e+02 4.831432700012000278e+06 4.635468800049999845e+05
2.802799989999999752e+02 4.831432660004000179e+06 4.635469400020000176e+05
2.802799989999999752e+02 4.831432649993999861e+06 4.635469600220000139e+05
2.804700010000000248e+02 4.831432899993999861e+06 4.635467399899999727e+05
2.805700069999999755e+02 4.831432899993999861e+06 4.635467800290000159e+05
2.802600100000000225e+02 4.831432809998000041e+06 4.635468599849999882e+05
2.802699890000000096e+02 4.831432790009000339e+06 4.635469099730000016e+05
2.802600100000000225e+02 4.831432769988999702e+06 4.635469099730000016e+05
2.804400019999999927e+02 4.831432859985000454e+06 4.635466599730000016e+05
2.804500120000000152e+02 4.831432880005000159e+06 4.635466400150000118e+05
2.803299870000000169e+02 4.831432600006000139e+06 4.635469400020000176e+05
2.805100100000000225e+02 4.831432690001999959e+06 4.635465700070000021e+05
2.805700069999999755e+02 4.831432829986999743e+06 4.635466699830000289e+05
2.805299989999999752e+02 4.831432820007000118e+06 4.635466699830000289e+05
2.803699950000000172e+02 4.831432760010000318e+06 4.635469799800000037e+05
2.803399959999999851e+02 4.831432829986999743e+06 4.635469099730000016e+05
2.802600100000000225e+02 4.831432790009000339e+06 4.635469400020000176e+05
2.803200069999999755e+02 4.831432880005000159e+06 4.635469099730000016e+05
