463546.349976 4831429.920013 280.809998
463546.380005 4831429.859985 280.829987
463546.409973 4831429.899994 280.839996
463546.159973 4831429.230011 281.790009
463546.559998 4831429.630005 281.299988
463546.409973 4831429.920013 281.239990
463546.469971 4831429.850006 281.140015
463546.400024 4831429.910004 281.149994
463546.359985 4831429.910004 280.869995
463546.289978 4831429.920013 281.549988
463546.640015 4831429.690002 281.170013
463546.419983 4831429.839996 281.510010
463546.429993 4831429.760010 281.529999
463546.469971 4831429.859985 281.230011
463546.460022 4831429.859985 281.200012
463546.380005 4831429.910004 280.899994
463546.469971 4831429.829987 281.149994
463546.359985 4831429.899994 281.269989
463546.349976 4831429.869995 281.510010
463546.469971 4831429.750000 281.290009
463546.450012 4831429.760010 281.149994
463546.390015 4831429.820007 281.260010
463546.340027 4831429.850006 281.260010
463546.340027 4831429.880005 281.200012
463546.340027 4831429.890015 281.130005
463546.340027 4831429.920013 281.089996
463546.479980 4831429.720001 281.350006
463546.369995 4831429.920013 281.380005
463546.359985 4831429.880005 281.450012
463546.380005 4831429.920013 281.250000
463546.380005 4831429.890015 281.299988
463546.400024 4831429.890015 281.190002
463546.450012 4831429.850006 281.190002
463546.469971 4831429.829987 281.140015
463546.549988 4831429.700012 281.260010
463546.489990 4831429.720001 281.359985
463546.510010 4831429.739990 281.329987
463546.479980 4831429.779999 281.209991
463546.419983 4831429.839996 281.279999
463546.380005 4831429.850006 281.510010
463546.479980 4831429.750000 281.190002
463546.219971 4831429.750000 281.769989
463546.340027 4831429.869995 281.570007
463546.489990 4831429.709991 281.329987
463546.520020 4831429.769989 281.320007
463546.340027 4831429.890015 281.510010
463546.440002 4831429.869995 281.279999
463546.469971 4831429.850006 281.149994
463546.330017 4831429.890015 281.589996
463546.349976 4831429.890015 281.489990
463546.320007 4831429.920013 281.489990
463546.419983 4831429.910004 281.089996
463546.280029 4831429.839996 281.269989
463546.440002 4831429.809998 281.290009
463546.429993 4831429.839996 281.179993
463546.429993 4831429.829987 281.179993
463546.429993 4831429.779999 281.320007
463546.359985 4831429.890015 281.149994
463546.520020 4831429.720001 281.230011
463546.520020 4831429.760010 281.220001
463546.500000 4831429.760010 281.309998
463546.489990 4831429.760010 281.369995
463546.400024 4831429.790009 281.540009
463546.400024 4831429.820007 281.510010
463546.409973 4831429.809998 281.549988
463546.369995 4831429.850006 281.540009
463546.340027 4831429.880005 281.519989
463546.359985 4831429.869995 281.540009
463546.380005 4831429.859985 281.579987
463546.380005 4831429.920013 281.109985
463546.390015 4831429.910004 281.160004
463546.570007 4831429.619995 281.230011
463546.340027 4831429.880005 281.510010
463546.530029 4831429.660004 281.250000
463546.549988 4831429.640015 281.260010
463546.469971 4831429.779999 281.160004
463546.450012 4831429.790009 281.119995
463546.419983 4831429.799988 281.130005
463546.559998 4831429.670013 281.260010
463546.510010 4831429.760010 281.260010
463546.500000 4831429.760010 281.459991
463546.500000 4831429.779999 281.279999
463546.530029 4831429.760010 281.239990
463546.440002 4831429.850006 281.200012
463546.450012 4831429.850006 281.279999
463546.479980 4831429.820007 281.200012
463546.510010 4831429.799988 281.170013
463546.390015 4831429.839996 281.529999
463546.330017 4831429.910004 281.579987
463546.400024 4831429.839996 281.489990
463546.539978 4831429.700012 281.339996
463546.559998 4831429.660004 281.239990
463546.520020 4831429.739990 281.350006
463546.549988 4831429.679993 281.220001
463546.570007 4831429.670013 281.239990
463546.530029 4831429.730011 281.220001
463546.559998 4831429.720001 281.239990
463546.440002 4831429.809998 281.130005
463546.450012 4831429.760010 281.220001
463546.429993 4831429.769989 281.250000
463546.309998 4831429.829987 281.320007
463546.340027 4831429.890015 281.480011
463546.380005 4831429.890015 281.239990
463546.409973 4831429.890015 281.119995
463546.429993 4831429.869995 281.100006
463546.440002 4831429.820007 281.220001
463546.450012 4831429.799988 281.109985
463546.479980 4831429.790009 281.130005
463546.460022 4831429.820007 281.109985
463546.489990 4831429.799988 281.119995
463546.450012 4831429.820007 281.100006
463546.460022 4831429.829987 281.100006
463546.390015 4831429.920013 281.079987
463546.390015 4831429.890015 281.290009
463546.390015 4831429.920013 281.260010
463546.400024 4831429.910004 281.230011
463546.409973 4831429.890015 281.200012
463546.400024 4831429.920013 281.190002
