2.804500120000000152e+02 4.831432510010000318e+06 4.635488800049999845e+05
2.798900150000000053e+02 4.831432500000000000e+06 4.635489600220000139e+05
2.797900089999999977e+02 4.831432390014999546e+06 4.635489799800000037e+05
2.797799989999999752e+02 4.831432339995999821e+06 4.635489799800000037e+05
2.798299870000000169e+02 4.831432420013000257e+06 4.635488800049999845e+05
2.799400019999999927e+02 4.831432369994999841e+06 4.635489799800000037e+05
2.798800049999999828e+02 4.831432369994999841e+06 4.635489799800000037e+05
2.798699950000000172e+02 4.831432339995999821e+06 4.635489600220000139e+05
2.799299930000000245e+02 4.831432350006000139e+06 4.635489899899999727e+05
2.798699950000000172e+02 4.831432320007000118e+06 4.635489699709999841e+05
2.799100040000000149e+02 4.831432250000000000e+06 4.635489600220000139e+05
2.800000000000000000e+02 4.831432500000000000e+06 4.635489199830000289e+05
2.804299930000000245e+02 4.831432010010000318e+06 4.635491199950000155e+05
2.806099849999999947e+02 4.831432500000000000e+06 4.635489799800000037e+05
2.804500120000000152e+02 4.831432000000000000e+06 4.635490399779999861e+05
2.804200129999999831e+02 4.831432029999000020e+06 4.635491400150000118e+05
2.804299930000000245e+02 4.831431989989999682e+06 4.635491500239999732e+05
2.799500120000000152e+02 4.831432380005000159e+06 4.635489500119999866e+05
2.798900150000000053e+02 4.831432339995999821e+06 4.635490000000000000e+05
2.799299930000000245e+02 4.831432429992999882e+06 4.635489099730000016e+05
2.804899899999999775e+02 4.831432049987999722e+06 4.635491199950000155e+05
2.803699950000000172e+02 4.831432029999000020e+06 4.635490499880000134e+05
2.804200129999999831e+02 4.831432049987999722e+06 4.635490499880000134e+05
2.797999879999999848e+02 4.831432470000999980e+06 4.635489000239999732e+05
2.804599910000000023e+02 4.831432140014999546e+06 4.635491900020000176e+05
2.804800109999999904e+02 4.831432049987999722e+06 4.635490999760000268e+05
2.803999939999999924e+02 4.831431980011000298e+06 4.635490999760000268e+05
2.803999939999999924e+02 4.831432049987999722e+06 4.635490900269999984e+05
2.797699890000000096e+02 4.831432450012000278e+06 4.635488200070000021e+05
2.800100100000000225e+02 4.831432500000000000e+06 4.635489099730000016e+05
2.804599910000000023e+02 4.831432130005000159e+06 4.635491599730000016e+05
2.804899899999999775e+02 4.831432119994999841e+06 4.635491799929999979e+05
2.804800109999999904e+02 4.831432119994999841e+06 4.635492000119999866e+05
2.804899899999999775e+02 4.831432049987999722e+06 4.635491599730000016e+05
2.807399899999999775e+02 4.831432459990999661e+06 4.635489799800000037e+05
2.804400019999999927e+02 4.831432049987999722e+06 4.635489699709999841e+05
2.805100100000000225e+02 4.831432179992999882e+06 4.635492000119999866e+05
2.804100040000000149e+02 4.831432140014999546e+06 4.635490000000000000e+05
2.805000000000000000e+02 4.831432070007000118e+06 4.635490499880000134e+05
2.803200069999999755e+02 4.831432320007000118e+06 4.635490599979999824e+05
2.802500000000000000e+02 4.831432309998000041e+06 4.635490200199999963e+05
2.800100100000000225e+02 4.831432489989999682e+06 4.635489299929999979e+05
2.797600100000000225e+02 4.831432500000000000e+06 4.635489000239999732e+05
2.804100040000000149e+02 4.831432079986999743e+06 4.635491500239999732e+05
2.799899899999999775e+02 4.831432500000000000e+06 4.635488800049999845e+05
2.798299870000000169e+02 4.831432309998000041e+06 4.635488699950000155e+05
2.799700010000000248e+02 4.831432390014999546e+06 4.635489000239999732e+05
2.802600100000000225e+02 4.831432250000000000e+06 4.635489899899999727e+05
2.797799989999999752e+02 4.831432480011000298e+06 4.635488699950000155e+05
2.797799989999999752e+02 4.831432429992999882e+06 4.635489000239999732e+05
2.804299930000000245e+02 4.831432140014999546e+06 4.635491199950000155e+05
2.799899899999999775e+02 4.831432500000000000e+06 4.635488699950000155e+05
2.804599910000000023e+02 4.831432070007000118e+06 4.635491199950000155e+05
2.804700010000000248e+02 4.831432019988999702e+06 4.635490900269999984e+05
2.807600100000000225e+02 4.831432480011000298e+06 4.635489600220000139e+05
2.805000000000000000e+02 4.831432049987999722e+06 4.635490399779999861e+05
2.804899899999999775e+02 4.831432070007000118e+06 4.635490100100000273e+05
2.804400019999999927e+02 4.831432040009000339e+06 4.635490000000000000e+05
2.805000000000000000e+02 4.831432059998000041e+06 4.635489899899999727e+05
2.804299930000000245e+02 4.831432130005000159e+06 4.635490100100000273e+05
2.797799989999999752e+02 4.831432440001999959e+06 4.635488099979999824e+05
2.799400019999999927e+02 4.831432450012000278e+06 4.635489099730000016e+05
2.804800109999999904e+02 4.831432019988999702e+06 4.635490399779999861e+05
2.804500120000000152e+02 4.831432029999000020e+06 4.635490700070000021e+05
2.804899899999999775e+02 4.831432100006000139e+06 4.635489699709999841e+05
2.804700010000000248e+02 4.831432049987999722e+06 4.635490499880000134e+05
2.804500120000000152e+02 4.831432089995999821e+06 4.635490200199999963e+05
2.804200129999999831e+02 4.831432070007000118e+06 4.635490499880000134e+05
2.804299930000000245e+02 4.831432070007000118e+06 4.635490300290000159e+05
2.804100040000000149e+02 4.831432040009000339e+06 4.635490300290000159e+05
2.804200129999999831e+02 4.831432019988999702e+06 4.635490499880000134e+05
2.803699950000000172e+02 4.831432040009000339e+06 4.635490200199999963e+05
2.808800049999999828e+02 4.831432350006000139e+06 4.635488900150000118e+05
2.800100100000000225e+02 4.831432440001999959e+06 4.635489099730000016e+05
2.807000120000000152e+02 4.831432489989999682e+06 4.635489799800000037e+05
2.807399899999999775e+02 4.831432489989999682e+06 4.635489899899999727e+05
2.799599910000000023e+02 4.831432459990999661e+06 4.635489000239999732e+05
2.797699890000000096e+02 4.831432470000999980e+06 4.635488699950000155e+05
2.799599910000000023e+02 4.831432440001999959e+06 4.635488900150000118e+05
2.799599910000000023e+02 4.831432420013000257e+06 4.635489299929999979e+05
2.799400019999999927e+02 4.831432459990999661e+06 4.635489099730000016e+05
2.806499939999999924e+02 4.831432510010000318e+06 4.635490000000000000e+05
2.806000060000000076e+02 4.831432510010000318e+06 4.635489899899999727e+05
2.806400150000000053e+02 4.831432450012000278e+06 4.635489799800000037e+05
2.799500120000000152e+02 4.831432390014999546e+06 4.635489299929999979e+05
2.804400019999999927e+02 4.831431989989999682e+06 4.635490999760000268e+05
2.805299989999999752e+02 4.831432440001999959e+06 4.635490599979999824e+05
2.806799930000000245e+02 4.831432399993999861e+06 4.635490200199999963e+05
2.806300049999999828e+02 4.831432410004000179e+06 4.635490200199999963e+05
2.799700010000000248e+02 4.831432329986999743e+06 4.635489500119999866e+05
2.800400089999999977e+02 4.831432470000999980e+06 4.635489500119999866e+05
2.799800109999999904e+02 4.831432440001999959e+06 4.635489299929999979e+05
2.798900150000000053e+02 4.831432470000999980e+06 4.635489199830000289e+05
2.797999879999999848e+02 4.831432209990999661e+06 4.635489400020000176e+05
2.807000120000000152e+02 4.831432510010000318e+06 4.635489699709999841e+05
2.803999939999999924e+02 4.831432010010000318e+06 4.635490900269999984e+05
2.804100040000000149e+02 4.831432029999000020e+06 4.635490999760000268e+05
2.806600040000000149e+02 4.831432480011000298e+06 4.635489799800000037e+05
2.799400019999999927e+02 4.831432359985000454e+06 4.635489299929999979e+05
2.799899899999999775e+02 4.831432450012000278e+06 4.635489299929999979e+05
2.803500060000000076e+02 4.831432149993999861e+06 4.635489600220000139e+05
2.805100100000000225e+02 4.831431970000999980e+06 4.635490200199999963e+05
2.803599849999999947e+02 4.831432059998000041e+06 4.635489799800000037e+05
2.804500120000000152e+02 4.831432059998000041e+06 4.635490900269999984e+05
2.807099910000000023e+02 4.831432480011000298e+06 4.635490300290000159e+05
2.797999879999999848e+02 4.831432440001999959e+06 4.635489400020000176e+05
2.799200129999999831e+02 4.831432489989999682e+06 4.635489600220000139e+05
2.804299930000000245e+02 4.831432040009000339e+06 4.635490000000000000e+05
2.804400019999999927e+02 4.831432089995999821e+06 4.635490399779999861e+05
2.800000000000000000e+02 4.831432380005000159e+06 4.635489799800000037e+05
2.806600040000000149e+02 4.831431820007000118e+06 4.635498200070000021e+05
2.806000060000000076e+02 4.831431829986999743e+06 4.635498099979999824e+05
2.808200069999999755e+02 4.831431950012000278e+06 4.635499699709999841e+05
2.807300109999999904e+02 4.831431920013000257e+06 4.635497100220000139e+05
2.808200069999999755e+02 4.831431959990999661e+06 4.635498499760000268e+05
2.808099980000000073e+02 4.831431940001999959e+06 4.635498300169999711e+05
2.808200069999999755e+02 4.831431959990999661e+06 4.635498400269999984e+05
2.807900089999999977e+02 4.831431950012000278e+06 4.635498300169999711e+05
2.808399959999999851e+02 4.831431970000999980e+06 4.635498499760000268e+05
2.807399899999999775e+02 4.831431929992999882e+06 4.635497899779999861e+05
2.808599849999999947e+02 4.831431980011000298e+06 4.635498300169999711e+05
2.808399959999999851e+02 4.831432019988999702e+06 4.635498599849999882e+05
2.808099980000000073e+02 4.831431970000999980e+06 4.635498200070000021e+05
2.808999939999999924e+02 4.831432000000000000e+06 4.635498400269999984e+05
2.807600100000000225e+02 4.831431940001999959e+06 4.635497999880000134e+05
2.808399959999999851e+02 4.831432010010000318e+06 4.635498499760000268e+05
2.806499939999999924e+02 4.831431890014999546e+06 4.635497299800000037e+05
2.807399899999999775e+02 4.831431940001999959e+06 4.635497700199999963e+05
2.807500000000000000e+02 4.831431959990999661e+06 4.635497800290000159e+05
2.804899899999999775e+02 4.831431829986999743e+06 4.635495300290000159e+05
2.805700069999999755e+02 4.831431890014999546e+06 4.635496400150000118e+05
2.804700010000000248e+02 4.831432140014999546e+06 4.635492100220000139e+05
2.805100100000000225e+02 4.831432179992999882e+06 4.635492199709999841e+05
2.808599849999999947e+02 4.831432059998000041e+06 4.635498499760000268e+05
2.807300109999999904e+02 4.831431959990999661e+06 4.635497500000000000e+05
2.804500120000000152e+02 4.831432200012000278e+06 4.635492100220000139e+05
2.808099980000000073e+02 4.831432010010000318e+06 4.635498699950000155e+05
2.804200129999999831e+02 4.831432429992999882e+06 4.635495800169999711e+05
2.806900019999999927e+02 4.831431959990999661e+06 4.635497000119999866e+05
2.803599849999999947e+02 4.831432440001999959e+06 4.635496300049999845e+05
2.807200010000000248e+02 4.831431929992999882e+06 4.635496900020000176e+05
2.807399899999999775e+02 4.831431970000999980e+06 4.635497700199999963e+05
2.808299870000000169e+02 4.831431980011000298e+06 4.635498699950000155e+05
2.808099980000000073e+02 4.831432019988999702e+06 4.635498499760000268e+05
2.797799989999999752e+02 4.831432399993999861e+06 4.635500499880000134e+05
2.805899959999999851e+02 4.831431869994999841e+06 4.635495999760000268e+05
2.809599910000000023e+02 4.831432079986999743e+06 4.635496900020000176e+05
2.808399959999999851e+02 4.831432000000000000e+06 4.635498499760000268e+05
2.807699890000000096e+02 4.831431950012000278e+06 4.635498099979999824e+05
2.807900089999999977e+02 4.831431950012000278e+06 4.635498300169999711e+05
2.803099980000000073e+02 4.831432480011000298e+06 4.635497500000000000e+05
2.803599849999999947e+02 4.831432399993999861e+06 4.635497500000000000e+05
2.806600040000000149e+02 4.831431829986999743e+06 4.635497700199999963e+05
2.806900019999999927e+02 4.831431820007000118e+06 4.635496199950000155e+05
2.798299870000000169e+02 4.831432179992999882e+06 4.635500300290000159e+05
2.808299870000000169e+02 4.831432049987999722e+06 4.635498800049999845e+05
2.808699950000000172e+02 4.831432010010000318e+06 4.635498499760000268e+05
2.807099910000000023e+02 4.831431829986999743e+06 4.635497999880000134e+05
2.807300109999999904e+02 4.831431820007000118e+06 4.635497700199999963e+05
2.807200010000000248e+02 4.831431809998000041e+06 4.635497899779999861e+05
2.807200010000000248e+02 4.831431809998000041e+06 4.635497999880000134e+05
2.806900019999999927e+02 4.831431799987999722e+06 4.635498400269999984e+05
2.807300109999999904e+02 4.831431820007000118e+06 4.635497899779999861e+05
2.806799930000000245e+02 4.831431790009000339e+06 4.635498300169999711e+05
2.807099910000000023e+02 4.831431809998000041e+06 4.635497899779999861e+05
2.805400089999999977e+02 4.831431750000000000e+06 4.635497399899999727e+05
2.808500060000000076e+02 4.831432019988999702e+06 4.635498499760000268e+05
2.808800049999999828e+02 4.831432010010000318e+06 4.635498699950000155e+05
2.807500000000000000e+02 4.831431959990999661e+06 4.635497399899999727e+05
2.800499879999999848e+02 4.831432390014999546e+06 4.635494799800000037e+05
2.806499939999999924e+02 4.831431850006000139e+06 4.635497700199999963e+05
2.808900150000000053e+02 4.831431980011000298e+06 4.635499299929999979e+05
2.807000120000000152e+02 4.831431890014999546e+06 4.635498200070000021e+05
2.806700129999999831e+02 4.831431880005000159e+06 4.635498300169999711e+05
2.800400089999999977e+02 4.831432329986999743e+06 4.635496599730000016e+05
2.807500000000000000e+02 4.831431950012000278e+06 4.635497999880000134e+05
2.807000120000000152e+02 4.831431929992999882e+06 4.635497999880000134e+05
2.807999879999999848e+02 4.831432010010000318e+06 4.635498699950000155e+05
2.799899899999999775e+02 4.831432570007000118e+06 4.635489600220000139e+05
2.804800109999999904e+02 4.831432519988999702e+06 4.635488900150000118e+05
2.803999939999999924e+02 4.831432510010000318e+06 4.635489400020000176e+05
2.805199890000000096e+02 4.831432589995999821e+06 4.635490700070000021e+05
2.806300049999999828e+02 4.831432619994999841e+06 4.635488099979999824e+05
2.807000120000000152e+02 4.831432609985000454e+06 4.635488200070000021e+05
2.804599910000000023e+02 4.831432549987999722e+06 4.635489400020000176e+05
2.804599910000000023e+02 4.831432600006000139e+06 4.635489699709999841e+05
2.800599980000000073e+02 4.831432519988999702e+06 4.635489099730000016e+05
2.805400089999999977e+02 4.831432570007000118e+06 4.635490100100000273e+05
2.804899899999999775e+02 4.831432589995999821e+06 4.635490000000000000e+05
2.805700069999999755e+02 4.831432600006000139e+06 4.635489799800000037e+05
2.805599980000000073e+02 4.831432579986999743e+06 4.635489799800000037e+05
2.805799870000000169e+02 4.831432600006000139e+06 4.635489799800000037e+05
2.805599980000000073e+02 4.831432600006000139e+06 4.635489799800000037e+05
2.806000060000000076e+02 4.831432619994999841e+06 4.635489699709999841e+05
2.805499879999999848e+02 4.831432589995999821e+06 4.635489799800000037e+05
2.805799870000000169e+02 4.831432609985000454e+06 4.635489799800000037e+05
2.804800109999999904e+02 4.831432579986999743e+06 4.635489899899999727e+05
2.805599980000000073e+02 4.831432600006000139e+06 4.635489699709999841e+05
2.806000060000000076e+02 4.831432619994999841e+06 4.635489699709999841e+05
2.804899899999999775e+02 4.831432589995999821e+06 4.635489699709999841e+05
2.805400089999999977e+02 4.831432600006000139e+06 4.635489600220000139e+05
2.805799870000000169e+02 4.831432619994999841e+06 4.635489600220000139e+05
2.804500120000000152e+02 4.831432600006000139e+06 4.635489500119999866e+05
2.804800109999999904e+02 4.831432609985000454e+06 4.635489500119999866e+05
2.797999879999999848e+02 4.831432609985000454e+06 4.635488699950000155e+05
2.799100040000000149e+02 4.831432540009000339e+06 4.635489099730000016e+05
2.806400150000000053e+02 4.831432519988999702e+06 4.635490000000000000e+05
2.803599849999999947e+02 4.831432600006000139e+06 4.635489099730000016e+05
2.804599910000000023e+02 4.831432619994999841e+06 4.635489299929999979e+05
2.804400019999999927e+02 4.831432609985000454e+06 4.635489299929999979e+05
2.805499879999999848e+02 4.831432589995999821e+06 4.635489299929999979e+05
2.805700069999999755e+02 4.831432609985000454e+06 4.635489400020000176e+05
2.801499939999999924e+02 4.831432559998000041e+06 4.635488599849999882e+05
2.800700069999999755e+02 4.831432559998000041e+06 4.635488900150000118e+05
2.804800109999999904e+02 4.831432600006000139e+06 4.635488300169999711e+05
2.800700069999999755e+02 4.831432549987999722e+06 4.635489299929999979e+05
2.801000060000000076e+02 4.831432510010000318e+06 4.635489000239999732e+05
2.804200129999999831e+02 4.831432589995999821e+06 4.635488900150000118e+05
2.797900089999999977e+02 4.831432559998000041e+06 4.635488800049999845e+05
2.804100040000000149e+02 4.831432619994999841e+06 4.635491099849999882e+05
2.804299930000000245e+02 4.831432600006000139e+06 4.635490999760000268e+05
2.799100040000000149e+02 4.831432609985000454e+06 4.635488800049999845e+05
2.800400089999999977e+02 4.831432529999000020e+06 4.635489799800000037e+05
2.801199950000000172e+02 4.831432609985000454e+06 4.635489600220000139e+05
2.799200129999999831e+02 4.831432549987999722e+06 4.635489199830000289e+05
2.799200129999999831e+02 4.831432609985000454e+06 4.635488900150000118e+05
2.803699950000000172e+02 4.831432619994999841e+06 4.635489000239999732e+05
2.800100100000000225e+02 4.831432579986999743e+06 4.635489199830000289e+05
2.804500120000000152e+02 4.831432600006000139e+06 4.635488200070000021e+05
2.799100040000000149e+02 4.831432589995999821e+06 4.635488900150000118e+05
2.798999939999999924e+02 4.831432619994999841e+06 4.635489000239999732e+05
2.801099849999999947e+02 4.831432529999000020e+06 4.635489500119999866e+05
2.801700129999999831e+02 4.831432600006000139e+06 4.635489099730000016e+05
2.799100040000000149e+02 4.831432519988999702e+06 4.635489000239999732e+05
2.800700069999999755e+02 4.831432529999000020e+06 4.635488900150000118e+05
2.801900019999999927e+02 4.831432589995999821e+06 4.635489099730000016e+05
2.804299930000000245e+02 4.831432589995999821e+06 4.635488400269999984e+05
2.798900150000000053e+02 4.831432600006000139e+06 4.635488699950000155e+05
2.798900150000000053e+02 4.831432559998000041e+06 4.635488800049999845e+05
2.799400019999999927e+02 4.831432519988999702e+06 4.635489099730000016e+05
2.800400089999999977e+02 4.831432540009000339e+06 4.635489299929999979e+05
2.800899959999999851e+02 4.831432540009000339e+06 4.635489299929999979e+05
2.798900150000000053e+02 4.831432549987999722e+06 4.635489000239999732e+05
2.801499939999999924e+02 4.831432570007000118e+06 4.635489699709999841e+05
2.805799870000000169e+02 4.831432519988999702e+06 4.635489699709999841e+05
2.804599910000000023e+02 4.831432609985000454e+06 4.635489799800000037e+05
2.803900150000000053e+02 4.831432600006000139e+06 4.635489500119999866e+05
2.805599980000000073e+02 4.831432600006000139e+06 4.635489299929999979e+05
2.803500060000000076e+02 4.831432609985000454e+06 4.635489099730000016e+05
2.800100100000000225e+02 4.831432529999000020e+06 4.635488699950000155e+05
2.799299930000000245e+02 4.831432619994999841e+06 4.635488699950000155e+05
2.798800049999999828e+02 4.831432589995999821e+06 4.635488599849999882e+05
2.807399899999999775e+02 4.831432519988999702e+06 4.635489500119999866e+05
2.799200129999999831e+02 4.831432609985000454e+06 4.635488599849999882e+05
2.800400089999999977e+02 4.831432540009000339e+06 4.635488900150000118e+05
2.800799870000000169e+02 4.831432540009000339e+06 4.635489000239999732e+05
2.801199950000000172e+02 4.831432540009000339e+06 4.635489099730000016e+05
2.807699890000000096e+02 4.831432570007000118e+06 4.635490000000000000e+05
2.801600040000000149e+02 4.831432600006000139e+06 4.635489400020000176e+05
2.802099910000000023e+02 4.831432600006000139e+06 4.635489500119999866e+05
2.805199890000000096e+02 4.831432609985000454e+06 4.635489799800000037e+05
2.800299989999999752e+02 4.831432549987999722e+06 4.635489199830000289e+05
2.800799870000000169e+02 4.831432559998000041e+06 4.635489299929999979e+05
2.801300049999999828e+02 4.831432559998000041e+06 4.635489400020000176e+05
2.801799930000000245e+02 4.831432570007000118e+06 4.635489400020000176e+05
2.803699950000000172e+02 4.831432619994999841e+06 4.635489500119999866e+05
2.800199890000000096e+02 4.831432549987999722e+06 4.635489099730000016e+05
2.800799870000000169e+02 4.831432559998000041e+06 4.635489199830000289e+05
2.801499939999999924e+02 4.831432570007000118e+06 4.635489299929999979e+05
2.801900019999999927e+02 4.831432570007000118e+06 4.635489400020000176e+05
2.803800049999999828e+02 4.831432619994999841e+06 4.635489500119999866e+05
2.801000060000000076e+02 4.831432549987999722e+06 4.635489299929999979e+05
2.801300049999999828e+02 4.831432549987999722e+06 4.635489400020000176e+05
2.799800109999999904e+02 4.831432529999000020e+06 4.635488699950000155e+05
2.800000000000000000e+02 4.831432519988999702e+06 4.635489000239999732e+05
2.800499879999999848e+02 4.831432519988999702e+06 4.635489099730000016e+05
2.801099849999999947e+02 4.831432529999000020e+06 4.635489099730000016e+05
2.801600040000000149e+02 4.831432540009000339e+06 4.635489299929999979e+05
2.803399959999999851e+02 4.831432600006000139e+06 4.635489199830000289e+05
2.801000060000000076e+02 4.831432579986999743e+06 4.635489299929999979e+05
2.801499939999999924e+02 4.831432579986999743e+06 4.635489400020000176e+05
2.804500120000000152e+02 4.831432609985000454e+06 4.635490300290000159e+05
2.800499879999999848e+02 4.831432600006000139e+06 4.635488400269999984e+05
2.807200010000000248e+02 4.831432609985000454e+06 4.635490599979999824e+05
2.799899899999999775e+02 4.831432579986999743e+06 4.635489099730000016e+05
2.806600040000000149e+02 4.831432540009000339e+06 4.635489799800000037e+05
2.804500120000000152e+02 4.831432609985000454e+06 4.635489899899999727e+05
2.803900150000000053e+02 4.831432609985000454e+06 4.635488699950000155e+05
2.799100040000000149e+02 4.831432609985000454e+06 4.635488699950000155e+05
2.799100040000000149e+02 4.831432600006000139e+06 4.635488900150000118e+05
2.804599910000000023e+02 4.831432579986999743e+06 4.635490999760000268e+05
2.806000060000000076e+02 4.831432600006000139e+06 4.635489299929999979e+05
2.805799870000000169e+02 4.831432559998000041e+06 4.635489500119999866e+05
2.804800109999999904e+02 4.831432600006000139e+06 4.635490200199999963e+05
2.805299989999999752e+02 4.831432579986999743e+06 4.635489000239999732e+05
2.804500120000000152e+02 4.831432579986999743e+06 4.635489000239999732e+05
2.805199890000000096e+02 4.831432579986999743e+06 4.635489899899999727e+05
2.804700010000000248e+02 4.831432609985000454e+06 4.635490300290000159e+05
2.800199890000000096e+02 4.831432579986999743e+06 4.635489799800000037e+05
2.806000060000000076e+02 4.831432540009000339e+06 4.635490000000000000e+05
2.797600100000000225e+02 4.831432609985000454e+06 4.635489199830000289e+05
2.800799870000000169e+02 4.831432589995999821e+06 4.635495599979999824e+05
2.802900089999999977e+02 4.831432619994999841e+06 4.635492800290000159e+05
2.799400019999999927e+02 4.831432570007000118e+06 4.635494600220000139e+05
2.801400150000000053e+02 4.831432519988999702e+06 4.635493699950000155e+05
2.801199950000000172e+02 4.831431410004000179e+06 4.635495599979999824e+05
2.803599849999999947e+02 4.831431690001999959e+06 4.635496300049999845e+05
2.803699950000000172e+02 4.831431660004000179e+06 4.635496300049999845e+05
