2.815100100000000225e+02 4.831429649993999861e+06 4.635481099849999882e+05
2.816900019999999927e+02 4.831429619994999841e+06 4.635481199950000155e+05
2.808299870000000169e+02 4.831429880005000159e+06 4.635481099849999882e+05
2.811400150000000053e+02 4.831429769988999702e+06 4.635481099849999882e+05
2.810400089999999977e+02 4.831429799987999722e+06 4.635481199950000155e+05
2.816099849999999947e+02 4.831429660004000179e+06 4.635481099849999882e+05
2.815400089999999977e+02 4.831429670013000257e+06 4.635481099849999882e+05
2.814899899999999775e+02 4.831429660004000179e+06 4.635481099849999882e+05
2.812500000000000000e+02 4.831429679992999882e+06 4.635481099849999882e+05
2.814200129999999831e+02 4.831429640014999546e+06 4.635490900269999984e+05
2.810400089999999977e+02 4.831429720000999980e+06 4.635490499880000134e+05
2.808800049999999828e+02 4.831429700012000278e+06 4.635489899899999727e+05
2.815400089999999977e+02 4.831429570007000118e+06 4.635490900269999984e+05
2.815599980000000073e+02 4.831429589995999821e+06 4.635490999760000268e+05
2.811000060000000076e+02 4.831429679992999882e+06 4.635490100100000273e+05
2.809400019999999927e+02 4.831429690001999959e+06 4.635489899899999727e+05
2.809700010000000248e+02 4.831429709990999661e+06 4.635490000000000000e+05
2.808299870000000169e+02 4.831429739989999682e+06 4.635489699709999841e+05
2.809200129999999831e+02 4.831429720000999980e+06 4.635489799800000037e+05
2.809700010000000248e+02 4.831429720000999980e+06 4.635490100100000273e+05
2.809500120000000152e+02 4.831429690001999959e+06 4.635490000000000000e+05
2.810799870000000169e+02 4.831429700012000278e+06 4.635490399779999861e+05
2.810799870000000169e+02 4.831429679992999882e+06 4.635490200199999963e+05
2.811099849999999947e+02 4.831429709990999661e+06 4.635490800169999711e+05
2.811499939999999924e+02 4.831429690001999959e+06 4.635490599979999824e+05
2.814500120000000152e+02 4.831429630005000159e+06 4.635490999760000268e+05
2.814299930000000245e+02 4.831429609985000454e+06 4.635490900269999984e+05
2.815499879999999848e+02 4.831429600006000139e+06 4.635490999760000268e+05
2.810700069999999755e+02 4.831429709990999661e+06 4.635490399779999861e+05
2.811000060000000076e+02 4.831429690001999959e+06 4.635490300290000159e+05
2.815100100000000225e+02 4.831429630005000159e+06 4.635490900269999984e+05
2.811199950000000172e+02 4.831429739989999682e+06 4.635490399779999861e+05
2.810899959999999851e+02 4.831429760010000318e+06 4.635490499880000134e+05
2.816099849999999947e+02 4.831429619994999841e+06 4.635490999760000268e+05
2.809700010000000248e+02 4.831429649993999861e+06 4.635490200199999963e+05
2.811400150000000053e+02 4.831429709990999661e+06 4.635490300290000159e+05
2.811499939999999924e+02 4.831429739989999682e+06 4.635490399779999861e+05
2.808399959999999851e+02 4.831429779999000020e+06 4.635489500119999866e+05
2.814299930000000245e+02 4.831429649993999861e+06 4.635490800169999711e+05
2.814500120000000152e+02 4.831429630005000159e+06 4.635490599979999824e+05
2.814899899999999775e+02 4.831429649993999861e+06 4.635490999760000268e+05
2.809299930000000245e+02 4.831429799987999722e+06 4.635490100100000273e+05
2.814500120000000152e+02 4.831429679992999882e+06 4.635490900269999984e+05
2.814800109999999904e+02 4.831429679992999882e+06 4.635490599979999824e+05
2.814500120000000152e+02 4.831429690001999959e+06 4.635490800169999711e+05
2.814100040000000149e+02 4.831429700012000278e+06 4.635490900269999984e+05
2.814599910000000023e+02 4.831429670013000257e+06 4.635488699950000155e+05
2.811199950000000172e+02 4.831429750000000000e+06 4.635490000000000000e+05
2.811000060000000076e+02 4.831429760010000318e+06 4.635490200199999963e+05
2.810700069999999755e+02 4.831429769988999702e+06 4.635490300290000159e+05
2.810599980000000073e+02 4.831429799987999722e+06 4.635490399779999861e+05
2.810199890000000096e+02 4.831429769988999702e+06 4.635489799800000037e+05
2.808299870000000169e+02 4.831429799987999722e+06 4.635489500119999866e+05
2.810100100000000225e+02 4.831429760010000318e+06 4.635489699709999841e+05
2.809200129999999831e+02 4.831429670013000257e+06 4.635490000000000000e+05
2.810000000000000000e+02 4.831429690001999959e+06 4.635490000000000000e+05
2.809500120000000152e+02 4.831429630005000159e+06 4.635490300290000159e+05
2.808299870000000169e+02 4.831429809998000041e+06 4.635489699709999841e+05
2.808299870000000169e+02 4.831429790009000339e+06 4.635490100100000273e+05
2.809800109999999904e+02 4.831429769988999702e+06 4.635490000000000000e+05
2.809599910000000023e+02 4.831429739989999682e+06 4.635490300290000159e+05
2.808999939999999924e+02 4.831429679992999882e+06 4.635490200199999963e+05
2.808900150000000053e+02 4.831429839995999821e+06 4.635489799800000037e+05
2.808399959999999851e+02 4.831429820007000118e+06 4.635490000000000000e+05
2.809100040000000149e+02 4.831429779999000020e+06 4.635489799800000037e+05
2.808399959999999851e+02 4.831429790009000339e+06 4.635490200199999963e+05
2.809700010000000248e+02 4.831429600006000139e+06 4.635490200199999963e+05
2.814899899999999775e+02 4.831429670013000257e+06 4.635490499880000134e+05
2.808800049999999828e+02 4.831429809998000041e+06 4.635489400020000176e+05
2.816700129999999831e+02 4.831429730011000298e+06 4.635490999760000268e+05
2.816700129999999831e+02 4.831429630005000159e+06 4.635490599979999824e+05
2.815799870000000169e+02 4.831429660004000179e+06 4.635490599979999824e+05
2.815299989999999752e+02 4.831429690001999959e+06 4.635490700070000021e+05
2.811499939999999924e+02 4.831429750000000000e+06 4.635490100100000273e+05
2.810199890000000096e+02 4.831429790009000339e+06 4.635490200199999963e+05
2.808999939999999924e+02 4.831429760010000318e+06 4.635489400020000176e+05
2.808800049999999828e+02 4.831429790009000339e+06 4.635489400020000176e+05
2.808900150000000053e+02 4.831429839995999821e+06 4.635489400020000176e+05
2.810000000000000000e+02 4.831429760010000318e+06 4.635490100100000273e+05
2.808500060000000076e+02 4.831429799987999722e+06 4.635490599979999824e+05
2.810700069999999755e+02 4.831429750000000000e+06 4.635489600220000139e+05
2.808099980000000073e+02 4.831429829986999743e+06 4.635489600220000139e+05
2.809100040000000149e+02 4.831429829986999743e+06 4.635489799800000037e+05
2.809299930000000245e+02 4.831429589995999821e+06 4.635490300290000159e+05
2.808900150000000053e+02 4.831429660004000179e+06 4.635490000000000000e+05
2.808599849999999947e+02 4.831429670013000257e+06 4.635489899899999727e+05
2.808599849999999947e+02 4.831429700012000278e+06 4.635489400020000176e+05
2.808699950000000172e+02 4.831429570007000118e+06 4.635490499880000134e+05
2.809500120000000152e+02 4.831429779999000020e+06 4.635489099730000016e+05
2.809100040000000149e+02 4.831429660004000179e+06 4.635490200199999963e+05
2.808200069999999755e+02 4.831429679992999882e+06 4.635490200199999963e+05
2.808699950000000172e+02 4.831429579986999743e+06 4.635490499880000134e+05
2.809400019999999927e+02 4.831429630005000159e+06 4.635490399779999861e+05
2.810100100000000225e+02 4.831429769988999702e+06 4.635490000000000000e+05
2.810599980000000073e+02 4.831429760010000318e+06 4.635490200199999963e+05
2.811099849999999947e+02 4.831429750000000000e+06 4.635490300290000159e+05
2.814100040000000149e+02 4.831429690001999959e+06 4.635490800169999711e+05
2.814899899999999775e+02 4.831429679992999882e+06 4.635490800169999711e+05
2.815700069999999755e+02 4.831429670013000257e+06 4.635490900269999984e+05
2.814299930000000245e+02 4.831429600006000139e+06 4.635490999760000268e+05
2.815299989999999752e+02 4.831429670013000257e+06 4.635490999760000268e+05
2.811600040000000149e+02 4.831429619994999841e+06 4.635490399779999861e+05
2.814400019999999927e+02 4.831429690001999959e+06 4.635490800169999711e+05
2.814400019999999927e+02 4.831429700012000278e+06 4.635490900269999984e+05
2.812000120000000152e+02 4.831429750000000000e+06 4.635490200199999963e+05
2.810299989999999752e+02 4.831429769988999702e+06 4.635489899899999727e+05
2.809299930000000245e+02 4.831429640014999546e+06 4.635490000000000000e+05
2.816300049999999828e+02 4.831429570007000118e+06 4.635487700199999963e+05
2.809700010000000248e+02 4.831429649993999861e+06 4.635490000000000000e+05
2.811099849999999947e+02 4.831429779999000020e+06 4.635490700070000021e+05
2.808800049999999828e+02 4.831429899993999861e+06 4.635489400020000176e+05
2.808699950000000172e+02 4.831429890014999546e+06 4.635489699709999841e+05
