463547.119995 4831430.140015 273.459991
463547.119995 4831430.100006 273.480011
463547.150024 4831430.079987 273.369995
463547.130005 4831430.369995 273.730011
463547.710022 4831430.269989 272.989990
463547.719971 4831430.279999 273.029999
463547.729980 4831430.299988 273.070007
463547.559998 4831429.959991 273.200012
463547.719971 4831430.309998 273.019989
463547.710022 4831430.299988 273.000000
463547.710022 4831430.299988 273.049988
463547.700012 4831430.329987 273.010010
463547.950012 4831430.290009 273.790009
463547.700012 4831430.049988 273.119995
463547.739990 4831430.269989 273.019989
463547.739990 4831430.260010 273.100006
463547.229980 4831430.010010 273.609985
463547.270020 4831430.029999 273.750000
463547.280029 4831429.989990 273.769989
463547.299988 4831429.989990 273.690002
463547.299988 4831429.980011 273.640015
463547.320007 4831429.989990 273.540009
463547.330017 4831429.989990 273.470001
463547.349976 4831429.980011 273.619995
463547.349976 4831429.970001 273.559998
463547.390015 4831429.980011 273.339996
463547.409973 4831429.970001 273.209991
463547.739990 4831430.320007 273.160004
463547.400024 4831430.000000 273.750000
463547.710022 4831430.269989 273.119995
463547.710022 4831430.260010 273.070007
463547.729980 4831430.269989 273.320007
463547.750000 4831430.269989 273.230011
463547.739990 4831430.230011 273.100006
463547.739990 4831430.220001 273.049988
463547.719971 4831430.200012 273.019989
463547.770020 4831430.220001 273.220001
463547.770020 4831430.209991 273.179993
463547.760010 4831430.190002 273.140015
463547.770020 4831430.179993 273.019989
463547.770020 4831430.160004 272.970001
463547.780029 4831430.239990 273.670013
463547.789978 4831430.230011 273.609985
463547.780029 4831430.220001 273.570007
463547.789978 4831430.220001 273.489990
463547.799988 4831430.209991 273.440002
463547.809998 4831430.209991 273.369995
463547.820007 4831430.170013 273.059998
463547.820007 4831430.220001 273.679993
463547.820007 4831430.209991 273.630005
463547.820007 4831430.200012 273.579987
463547.840027 4831430.190002 273.369995
463547.859985 4831430.190002 273.600006
463547.869995 4831430.179993 273.540009
463547.919983 4831430.190002 273.510010
463547.239990 4831430.049988 273.670013
463547.369995 4831430.000000 273.529999
463547.380005 4831429.980011 273.690002
463547.390015 4831430.010010 273.320007
463547.419983 4831430.010010 273.329987
463547.409973 4831430.010010 273.260010
463547.429993 4831429.989990 273.459991
463547.429993 4831429.989990 273.399994
463547.440002 4831430.010010 273.239990
463547.419983 4831429.989990 273.209991
463547.479980 4831430.029999 273.279999
463547.469971 4831430.010010 273.260010
463547.469971 4831430.000000 273.220001
463547.849976 4831430.260010 273.799988
463547.830017 4831430.239990 273.640015
463547.830017 4831430.209991 273.660004
463547.849976 4831430.209991 273.670013
463547.869995 4831430.209991 273.679993
463547.859985 4831430.190002 273.649994
463547.859985 4831430.209991 273.549988
463547.840027 4831430.190002 273.070007
463547.890015 4831430.200012 273.709991
463547.890015 4831430.209991 273.630005
463547.880005 4831430.200012 273.559998
463547.869995 4831430.190002 273.529999
463547.859985 4831430.190002 273.089996
463547.909973 4831430.200012 273.739990
463547.900024 4831430.179993 273.700012
463547.900024 4831430.200012 273.549988
463547.909973 4831430.209991 273.480011
463547.919983 4831430.190002 273.750000
463547.909973 4831430.170013 273.709991
463547.919983 4831430.200012 273.540009
463547.929993 4831430.209991 273.450012
463547.940002 4831430.170013 273.760010
463547.950012 4831430.190002 273.670013
463547.739990 4831430.309998 273.630005
463547.710022 4831430.320007 273.420013
463547.719971 4831430.329987 273.470001
463547.710022 4831430.329987 273.440002
463547.710022 4831430.329987 273.519989
463547.729980 4831430.309998 273.630005
463547.729980 4831430.299988 273.480011
463547.419983 4831430.119995 273.179993
463547.440002 4831430.149994 273.179993
463547.309998 4831430.059998 273.540009
463547.799988 4831430.239990 273.720001
463547.760010 4831430.269989 273.670013
463547.760010 4831430.279999 273.739990
463547.770020 4831430.260010 273.190002
463547.770020 4831430.269989 273.260010
463547.729980 4831430.279999 273.559998
463547.729980 4831430.299988 273.589996
463547.729980 4831430.339996 273.760010
463547.799988 4831430.230011 273.739990
463547.750000 4831430.250000 273.640015
463547.739990 4831430.269989 273.720001
463547.289978 4831430.179993 273.200012
463547.700012 4831430.380005 273.410004
463547.700012 4831430.350006 273.510010
463547.739990 4831430.380005 273.589996
463547.719971 4831430.350006 273.589996
463547.710022 4831430.329987 273.540009
463547.739990 4831430.339996 273.649994
463547.719971 4831430.320007 273.649994
463547.719971 4831430.290009 273.579987
463547.739990 4831430.209991 273.049988
463547.780029 4831430.230011 273.250000
463547.770020 4831430.239990 273.700012
463547.760010 4831430.220001 273.679993
463547.809998 4831430.220001 273.769989
463547.809998 4831430.200012 273.709991
463547.210022 4831430.059998 273.399994
463547.369995 4831430.220001 273.160004
463547.330017 4831430.119995 273.779999
463547.260010 4831430.019989 273.690002
463547.409973 4831430.220001 273.140015
463547.390015 4831430.190002 273.209991
463547.359985 4831430.109985 273.660004
463547.409973 4831430.160004 273.299988
463547.390015 4831430.100006 273.559998
463547.369995 4831430.070007 273.640015
463547.440002 4831430.130005 273.220001
463547.419983 4831430.089996 273.390015
463547.400024 4831430.059998 273.429993
463547.380005 4831430.040009 273.369995
463547.700012 4831430.350006 273.329987
463547.679993 4831430.350006 273.160004
463547.669983 4831430.329987 273.040009
463547.719971 4831430.309998 273.529999
463547.710022 4831430.299988 273.429993
463547.700012 4831430.299988 273.250000
463547.690002 4831430.279999 273.130005
463547.750000 4831430.290009 273.570007
463547.729980 4831430.290009 273.420013
463547.719971 4831430.269989 273.309998
463547.710022 4831430.260010 273.160004
463547.690002 4831430.250000 273.019989
463547.750000 4831430.260010 273.290009
463547.739990 4831430.239990 273.200012
463547.719971 4831430.230011 273.079987
463547.789978 4831430.230011 273.359985
463547.190002 4831430.079987 273.459991
463547.169983 4831430.059998 273.450012
463547.359985 4831430.149994 273.660004
463547.359985 4831430.100006 273.769989
463547.340027 4831430.059998 273.799988
463547.309998 4831430.029999 273.730011
463547.260010 4831430.059998 273.489990
463547.400024 4831430.170013 273.429993
463547.400024 4831430.119995 273.529999
463547.390015 4831430.079987 273.589996
463547.349976 4831430.040009 273.540009
463547.440002 4831430.209991 273.130005
463547.440002 4831430.160004 273.250000
463547.429993 4831430.119995 273.329987
463547.419983 4831430.089996 273.359985
463547.409973 4831430.070007 273.350006
463547.380005 4831430.049988 273.290009
463547.469971 4831430.119995 273.140015
463547.750000 4831430.250000 273.179993
463547.849976 4831430.279999 273.149994
463547.739990 4831430.459991 273.429993
463547.369995 4831430.079987 273.290009
463547.380005 4831430.109985 273.299988
463547.390015 4831430.130005 273.260010
463547.409973 4831430.149994 273.290009
463547.369995 4831430.100006 273.369995
463547.380005 4831430.119995 273.320007
463547.390015 4831430.149994 273.309998
463547.409973 4831430.179993 273.320007
463547.349976 4831430.149994 273.540009
463547.359985 4831430.170013 273.500000
463547.369995 4831430.190002 273.429993
463547.380005 4831430.220001 273.320007
463547.299988 4831430.160004 273.720001
463547.309998 4831430.179993 273.660004
463547.320007 4831430.200012 273.600006
463547.320007 4831430.239990 273.220001
463547.679993 4831430.350006 273.640015
463547.489990 4831430.079987 273.190002
463547.299988 4831430.140015 273.739990
463547.320007 4831430.149994 273.630005
463547.359985 4831430.160004 273.429993
463547.380005 4831430.160004 273.299988
463547.400024 4831430.179993 273.279999
463547.320007 4831430.239990 273.250000
463547.340027 4831430.250000 273.160004
463547.650024 4831430.359985 273.679993
463547.669983 4831430.380005 273.649994
463547.690002 4831430.410004 273.660004
463547.700012 4831430.440002 273.660004
463547.719971 4831430.450012 273.609985
463547.679993 4831430.440002 273.470001
463547.700012 4831430.459991 273.429993
463547.619995 4831430.390015 273.290009
463547.270020 4831430.179993 273.660004
463547.429993 4831430.149994 273.130005
463547.380005 4831430.160004 273.500000
463547.340027 4831430.130005 273.640015
463547.330017 4831430.130005 273.720001
463547.320007 4831430.109985 273.739990
463547.309998 4831430.109985 273.799988
463547.710022 4831430.390015 273.519989
463547.229980 4831430.170013 273.649994
463547.289978 4831430.170013 273.799988
463547.340027 4831430.209991 273.179993
463547.330017 4831430.170013 273.440002
463547.349976 4831430.190002 273.779999
463547.390015 4831430.209991 273.149994
463547.330017 4831430.079987 273.720001
463547.690002 4831430.429993 273.329987
463547.700012 4831430.429993 273.440002
463547.739990 4831430.450012 273.079987
463547.750000 4831430.440002 273.339996
463547.750000 4831430.440002 273.410004
463547.750000 4831430.440002 273.510010
463547.750000 4831430.429993 273.570007
463547.750000 4831430.420013 273.630005
463547.760010 4831430.420013 273.750000
463547.770020 4831430.410004 273.000000
463547.780029 4831430.420013 273.109985
463547.789978 4831430.429993 273.239990
463547.799988 4831430.429993 273.350006
463547.799988 4831430.429993 273.420013
463547.809998 4831430.429993 273.519989
463547.809998 4831430.429993 273.589996
463547.820007 4831430.440002 273.790009
463547.789978 4831430.390015 273.000000
463547.799988 4831430.399994 273.100006
463547.809998 4831430.410004 273.220001
463547.830017 4831430.420013 273.350006
463547.820007 4831430.410004 273.410004
463547.849976 4831430.429993 273.779999
463547.820007 4831430.380005 273.000000
463547.820007 4831430.369995 273.059998
463547.820007 4831430.369995 273.160004
463547.830017 4831430.380005 273.250000
463547.849976 4831430.399994 273.410004
463547.859985 4831430.399994 273.700012
463547.869995 4831430.399994 273.790009
463547.859985 4831430.339996 273.450012
463547.859985 4831430.350006 273.540009
463547.869995 4831430.359985 273.660004
463547.369995 4831430.220001 273.160004
463547.760010 4831430.450012 273.459991
463547.799988 4831430.459991 273.630005
463547.799988 4831430.450012 273.679993
463547.820007 4831430.440002 273.769989
463547.869995 4831430.429993 273.660004
463547.869995 4831430.410004 273.709991
463547.880005 4831430.399994 273.799988
463547.809998 4831430.390015 273.160004
463547.849976 4831430.390015 273.350006
463547.849976 4831430.369995 273.399994
463547.880005 4831430.369995 273.510010
463547.869995 4831430.350006 273.540009
463547.880005 4831430.339996 273.630005
463547.900024 4831430.339996 273.730011
463547.900024 4831430.320007 273.769989
463547.809998 4831430.359985 272.970001
463547.840027 4831430.359985 273.100006
463547.890015 4831430.339996 273.790009
463547.880005 4831430.320007 273.690002
463547.890015 4831430.339996 273.649994
463547.869995 4831430.429993 273.769989
463547.859985 4831430.429993 273.709991
463547.859985 4831430.420013 273.630005
463547.849976 4831430.410004 273.549988
463547.849976 4831430.410004 273.470001
463547.840027 4831430.410004 273.399994
463547.840027 4831430.399994 273.329987
463547.830017 4831430.390015 273.269989
463547.820007 4831430.390015 273.200012
463547.820007 4831430.390015 273.130005
463547.820007 4831430.390015 273.070007
463547.809998 4831430.380005 272.989990
463547.780029 4831430.440002 273.779999
463547.789978 4831430.450012 273.739990
463547.789978 4831430.459991 273.700012
463547.789978 4831430.459991 273.640015
463547.789978 4831430.459991 273.579987
463547.789978 4831430.459991 273.510010
463547.780029 4831430.459991 273.440002
463547.780029 4831430.459991 273.380005
463547.780029 4831430.459991 273.309998
463547.780029 4831430.459991 273.250000
463547.770020 4831430.450012 273.149994
463547.760010 4831430.440002 273.089996
463547.760010 4831430.440002 273.010010
463547.750000 4831430.429993 272.950012
463547.739990 4831430.459991 273.760010
463547.729980 4831430.450012 273.679993
463547.729980 4831430.450012 273.619995
463547.729980 4831430.459991 273.570007
463547.729980 4831430.459991 273.440002
463547.719971 4831430.450012 273.179993
463547.719971 4831430.459991 273.070007
463547.710022 4831430.450012 272.989990
463547.359985 4831430.029999 273.190002
463547.419983 4831430.109985 273.279999
463547.440002 4831430.140015 273.260010
463547.409973 4831430.130005 273.279999
463547.429993 4831430.160004 273.260010
463547.369995 4831430.149994 273.380005
463547.380005 4831430.170013 273.350006
463547.390015 4831430.179993 273.309998
463547.400024 4831430.190002 273.269989
463547.400024 4831430.200012 273.230011
463547.440002 4831430.250000 273.269989
463547.369995 4831430.200012 273.350006
463547.369995 4831430.209991 273.290009
463547.380005 4831430.220001 273.239990
463547.400024 4831430.250000 273.239990
463547.340027 4831430.209991 273.369995
463547.349976 4831430.220001 273.320007
463547.349976 4831430.230011 273.269989
463547.349976 4831430.230011 273.220001
463547.320007 4831430.220001 273.369995
463547.330017 4831430.230011 273.320007
463547.330017 4831430.230011 273.260010
463547.340027 4831430.239990 273.209991
463547.369995 4831430.290009 273.239990
463547.869995 4831430.410004 273.760010
463547.859985 4831430.420013 273.779999
463547.840027 4831430.420013 273.790009
463547.830017 4831430.429993 273.769989
463547.840027 4831430.450012 273.600006
463547.809998 4831430.450012 273.609985
463547.820007 4831430.450012 273.559998
463547.679993 4831430.390015 273.670013
463547.710022 4831430.450012 273.709991
463547.780029 4831430.429993 273.109985
463547.440002 4831429.959991 273.170013
463547.659973 4831430.450012 273.000000
463547.340027 4831430.220001 273.720001
463547.369995 4831430.220001 273.470001
463547.369995 4831430.209991 273.420013
463547.380005 4831430.200012 273.290009
463547.390015 4831430.200012 273.230011
463547.309998 4831430.359985 273.750000
463547.280029 4831430.209991 273.350006
463547.289978 4831430.230011 273.309998
463547.299988 4831430.220001 273.239990
463547.309998 4831430.239990 273.209991
463547.340027 4831430.279999 273.170013
463547.859985 4831430.429993 273.730011
463547.270020 4831430.190002 273.350006
463547.239990 4831430.149994 273.350006
463547.239990 4831430.179993 273.549988
463547.210022 4831430.160004 273.760010
463547.340027 4831430.239990 273.380005
463547.320007 4831430.200012 273.390015
463547.309998 4831430.190002 273.450012
463547.299988 4831430.179993 273.480011
463547.309998 4831430.230011 273.640015
463547.280029 4831430.200012 273.709991
463547.349976 4831430.160004 273.390015
463547.340027 4831430.149994 273.429993
463547.340027 4831430.160004 273.570007
463547.320007 4831430.140015 273.600006
463547.299988 4831430.119995 273.799988
463547.409973 4831430.160004 273.250000
463547.390015 4831430.140015 273.350006
463547.380005 4831430.119995 273.369995
463547.369995 4831430.119995 273.420013
463547.349976 4831430.089996 273.489990
463547.359985 4831430.140015 273.600006
463547.739990 4831430.459991 273.100006
463547.760010 4831430.420013 273.089996
463547.750000 4831430.440002 273.730011
463547.739990 4831430.420013 273.750000
463547.809998 4831430.429993 273.549988
463547.820007 4831430.459991 273.649994
463547.809998 4831430.450012 273.679993
463547.799988 4831430.440002 273.730011
463547.789978 4831430.429993 273.779999
463547.359985 4831430.170013 273.440002
463547.349976 4831430.160004 273.480011
463547.419983 4831430.260010 273.670013
463547.440002 4831430.149994 273.170013
463547.719971 4831430.450012 273.279999
463547.719971 4831430.459991 273.480011
463547.659973 4831430.350006 273.570007
463547.770020 4831430.429993 273.200012
463547.770020 4831430.440002 273.260010
463547.780029 4831430.440002 273.309998
463547.780029 4831430.450012 273.380005
463547.789978 4831430.450012 273.429993
463547.780029 4831430.440002 273.489990
463547.789978 4831430.450012 273.559998
463547.789978 4831430.440002 273.609985
463547.789978 4831430.440002 273.670013
463547.799988 4831430.440002 273.739990
463547.789978 4831430.369995 272.940002
463547.789978 4831430.369995 273.049988
463547.809998 4831430.390015 273.140015
463547.809998 4831430.390015 273.209991
463547.820007 4831430.399994 273.279999
463547.820007 4831430.399994 273.350006
463547.830017 4831430.399994 273.410004
463547.830017 4831430.399994 273.459991
463547.830017 4831430.410004 273.529999
463547.840027 4831430.410004 273.589996
463547.840027 4831430.410004 273.640015
463547.840027 4831430.410004 273.709991
463547.849976 4831430.410004 273.769989
463547.849976 4831430.329987 273.320007
463547.859985 4831430.329987 273.640015
463547.869995 4831430.339996 273.760010
463547.169983 4831430.220001 273.720001
463547.239990 4831430.200012 273.769989
463547.320007 4831430.220001 273.329987
463547.320007 4831430.209991 273.390015
463547.320007 4831430.200012 273.440002
463547.330017 4831430.190002 273.489990
463547.500000 4831430.329987 273.769989
463547.250000 4831430.029999 273.750000
463547.380005 4831430.220001 273.239990
463547.380005 4831430.200012 273.290009
463547.380005 4831430.190002 273.339996
463547.380005 4831430.179993 273.390015
463547.369995 4831430.160004 273.429993
463547.369995 4831430.149994 273.470001
463547.390015 4831430.149994 273.549988
463547.380005 4831430.130005 273.600006
463547.419983 4831430.209991 273.130005
463547.409973 4831430.200012 273.179993
463547.409973 4831430.179993 273.230011
463547.400024 4831430.170013 273.269989
463547.400024 4831430.160004 273.309998
463547.390015 4831430.140015 273.339996
463547.390015 4831430.119995 273.380005
463547.359985 4831430.079987 273.390015
463547.359985 4831430.070007 273.429993
463547.570007 4831430.339996 273.059998
463547.570007 4831430.329987 273.119995
463547.690002 4831430.420013 273.329987
463547.729980 4831430.440002 273.440002
463547.750000 4831430.450012 273.519989
463547.760010 4831430.450012 273.589996
463547.770020 4831430.440002 273.649994
463547.789978 4831430.450012 273.709991
463547.799988 4831430.450012 273.769989
463547.729980 4831430.450012 273.000000
463547.739990 4831430.450012 273.070007
463547.750000 4831430.450012 273.130005
463547.770020 4831430.450012 273.200012
463547.770020 4831430.450012 273.250000
463547.789978 4831430.450012 273.320007
463547.799988 4831430.440002 273.380005
463547.809998 4831430.440002 273.440002
463547.820007 4831430.440002 273.500000
463547.830017 4831430.440002 273.570007
463547.840027 4831430.429993 273.630005
463547.849976 4831430.429993 273.700012
463547.859985 4831430.429993 273.769989
463547.760010 4831430.429993 272.970001
463547.770020 4831430.429993 273.019989
463547.780029 4831430.420013 273.089996
463547.799988 4831430.429993 273.170013
463547.809998 4831430.429993 273.230011
463547.820007 4831430.420013 273.290009
463547.830017 4831430.420013 273.359985
463547.840027 4831430.410004 273.420013
463547.849976 4831430.410004 273.480011
463547.859985 4831430.410004 273.529999
463547.869995 4831430.399994 273.589996
463547.869995 4831430.390015 273.640015
463547.880005 4831430.390015 273.709991
463547.890015 4831430.390015 273.769989
463547.809998 4831430.399994 273.059998
463547.809998 4831430.380005 273.089996
463547.820007 4831430.390015 273.160004
463547.830017 4831430.390015 273.230011
463547.840027 4831430.380005 273.279999
463547.830017 4831430.359985 273.320007
463547.859985 4831430.350006 273.519989
463547.880005 4831430.339996 273.630005
463547.890015 4831430.329987 273.730011
463547.890015 4831430.320007 273.779999
463547.809998 4831430.329987 273.010010
463547.830017 4831430.320007 273.149994
463547.830017 4831430.320007 273.200012
463547.830017 4831430.299988 273.230011
463547.789978 4831430.309998 273.119995
463547.789978 4831430.329987 273.130005
463547.789978 4831430.329987 273.079987
463547.729980 4831430.250000 273.059998
463547.729980 4831430.269989 273.119995
463547.659973 4831430.269989 273.059998
463547.770020 4831430.239990 273.720001
463547.760010 4831430.260010 273.779999
463547.750000 4831430.269989 273.140015
463547.719971 4831430.269989 273.390015
463547.700012 4831430.279999 273.589996
463547.690002 4831430.309998 273.660004
463547.679993 4831430.369995 273.679993
463547.700012 4831430.440002 273.540009
463547.669983 4831430.250000 273.049988
463547.229980 4831430.179993 273.679993
463547.340027 4831430.209991 273.170013
463547.690002 4831430.410004 273.339996
463547.669983 4831430.420013 273.309998
463547.659973 4831430.420013 273.250000
463547.650024 4831430.410004 273.149994
463547.659973 4831430.369995 273.489990
463547.669983 4831430.250000 273.350006
463547.700012 4831430.220001 273.209991
463547.729980 4831430.320007 273.549988
463547.739990 4831430.459991 273.529999
463547.349976 4831430.119995 273.679993
463547.380005 4831430.089996 273.519989
463547.250000 4831430.209991 273.570007
463547.340027 4831430.179993 273.700012
463547.380005 4831430.140015 273.549988
463547.340027 4831430.220001 273.519989
463547.359985 4831430.200012 273.489990
463547.390015 4831430.179993 273.410004
463547.419983 4831430.149994 273.350006
463547.320007 4831430.250000 273.220001
463547.340027 4831430.239990 273.260010
463547.380005 4831430.239990 273.470001
463547.429993 4831430.190002 273.239990
463547.460022 4831430.160004 273.140015
463547.369995 4831430.269989 273.190002
463547.450012 4831430.220001 273.140015
463547.719971 4831430.290009 273.190002
463547.690002 4831430.399994 273.390015
463547.710022 4831430.390015 273.440002
463547.700012 4831430.459991 273.260010
463547.719971 4831430.459991 273.380005
463547.739990 4831430.459991 273.450012
463547.330017 4831430.149994 273.750000
463547.340027 4831430.209991 273.769989
463547.369995 4831430.140015 273.589996
463547.419983 4831429.980011 273.200012
463547.369995 4831430.160004 273.559998
463547.390015 4831430.089996 273.380005
463547.380005 4831430.179993 273.540009
463547.280029 4831430.220001 273.380005
463547.299988 4831430.230011 273.440002
463547.369995 4831430.200012 273.500000
463547.400024 4831430.170013 273.429993
463547.299988 4831430.220001 273.350006
463547.330017 4831430.250000 273.510010
463547.359985 4831430.220001 273.459991
463547.380005 4831430.200012 273.440002
463547.400024 4831430.170013 273.390015
463547.309998 4831430.220001 273.269989
463547.340027 4831430.230011 273.350006
463547.359985 4831430.230011 273.429993
463547.390015 4831430.200012 273.380005
463547.340027 4831430.380005 273.690002
463547.330017 4831430.260010 273.299988
463547.359985 4831430.239990 273.299988
463547.380005 4831430.230011 273.309998
463547.409973 4831430.239990 273.390015
463547.429993 4831430.230011 273.220001
463547.409973 4831430.269989 273.149994
463547.719971 4831430.399994 273.709991
463547.669983 4831430.369995 273.269989
463547.700012 4831430.420013 273.489990
463547.729980 4831430.440002 273.619995
463547.760010 4831430.450012 273.720001
463547.789978 4831430.459991 273.790009
463547.780029 4831430.459991 273.559998
463547.840027 4831430.459991 273.670013
463547.859985 4831430.440002 273.660004
463547.880005 4831430.420013 273.630005
463547.820007 4831430.450012 273.440002
463547.849976 4831430.429993 273.420013
463547.880005 4831430.440002 273.480011
463547.849976 4831430.440002 273.260010
463547.419983 4831430.130005 273.279999
463547.390015 4831430.149994 273.309998
463547.359985 4831430.079987 273.440002
463547.349976 4831430.100006 273.540009
463547.309998 4831430.140015 273.700012
463547.299988 4831430.149994 273.730011
463547.280029 4831430.170013 273.739990
463547.260010 4831430.179993 273.790009
463547.710022 4831430.269989 273.390015
463547.679993 4831430.279999 273.369995
463547.679993 4831430.230011 273.040009
463547.739990 4831430.279999 273.799988
463547.840027 4831430.209991 273.700012
463547.820007 4831430.230011 273.700012
463547.830017 4831430.209991 273.720001
463547.729980 4831430.230011 273.570007
463547.710022 4831430.260010 273.529999
463547.690002 4831430.279999 273.489990
463547.700012 4831430.239990 273.100006
463547.669983 4831430.250000 273.109985
463547.830017 4831430.350006 272.950012
463547.890015 4831430.290009 273.779999
463547.830017 4831430.390015 273.149994
463547.840027 4831430.390015 273.079987
463547.330017 4831430.109985 273.790009
463547.369995 4831430.209991 273.450012
463547.859985 4831430.269989 273.739990
463547.770020 4831430.279999 273.329987
463547.890015 4831430.299988 273.799988
463547.900024 4831430.290009 273.739990
463547.809998 4831430.290009 273.239990
463547.799988 4831430.290009 273.160004
463547.880005 4831430.309998 273.589996
463547.849976 4831430.309998 273.429993
463547.840027 4831430.309998 273.320007
463547.840027 4831430.299988 273.239990
463547.919983 4831430.350006 273.750000
463547.909973 4831430.339996 273.660004
463547.880005 4831430.369995 273.420013
463547.849976 4831430.429993 273.459991
463547.859985 4831430.420013 273.429993
463547.859985 4831430.429993 273.480011
463547.869995 4831430.410004 273.450012
463547.859985 4831430.429993 273.480011
463547.869995 4831430.420013 273.410004
463547.320007 4831430.200012 273.679993
463547.349976 4831430.179993 273.660004
463547.369995 4831430.160004 273.619995
463547.380005 4831430.149994 273.589996
463547.390015 4831430.130005 273.559998
463547.390015 4831430.109985 273.500000
463547.390015 4831430.100006 273.440002
463547.390015 4831430.079987 273.369995
463547.390015 4831430.220001 273.489990
463547.400024 4831430.200012 273.440002
463547.409973 4831430.190002 273.399994
463547.419983 4831430.170013 273.350006
463547.429993 4831430.149994 273.299988
463547.429993 4831430.130005 273.260010
463547.429993 4831430.109985 273.190002
463547.489990 4831430.190002 273.170013
463547.929993 4831430.329987 273.779999
463547.890015 4831430.309998 273.619995
463547.919983 4831430.410004 273.769989
463547.909973 4831430.390015 273.709991
463547.909973 4831430.380005 273.640015
463547.909973 4831430.359985 273.589996
463547.859985 4831430.329987 273.399994
463547.840027 4831430.309998 273.299988
463547.799988 4831430.290009 273.149994
463547.849976 4831430.450012 273.600006
463547.849976 4831430.429993 273.519989
463547.869995 4831430.420013 273.500000
463547.869995 4831430.399994 273.440002
463547.869995 4831430.380005 273.369995
463547.859985 4831430.359985 273.279999
463547.849976 4831430.339996 273.190002
463547.840027 4831430.320007 273.100006
463547.820007 4831430.299988 273.010010
463547.820007 4831430.279999 272.940002
463547.849976 4831430.459991 273.470001
463547.869995 4831430.450012 273.450012
463547.880005 4831430.429993 273.420013
463547.880005 4831430.410004 273.329987
463547.869995 4831430.390015 273.250000
463547.859985 4831430.369995 273.160004
463547.849976 4831430.350006 273.070007
463547.830017 4831430.329987 272.959991
463547.799988 4831430.459991 273.179993
463547.820007 4831430.440002 273.149994
463547.830017 4831430.429993 273.119995
463547.840027 4831430.410004 273.070007
463547.840027 4831430.390015 273.010010
463547.830017 4831430.369995 272.940002
463547.950012 4831430.920013 273.570007
463547.739990 4831430.470001 273.589996
463547.719971 4831430.480011 273.410004
463547.659973 4831430.470001 273.290009
463547.669983 4831430.510010 273.350006
463547.770020 4831430.470001 273.339996
463547.739990 4831430.470001 273.529999
463547.739990 4831430.470001 273.399994
463547.729980 4831430.470001 273.320007
463547.750000 4831430.489990 273.320007
463547.729980 4831430.470001 273.160004
463547.780029 4831430.470001 273.609985
463547.799988 4831430.489990 273.579987
463547.760010 4831430.480011 273.470001
463547.679993 4831430.480011 272.989990
463547.789978 4831430.480011 273.649994
463547.719971 4831430.549988 273.410004
463547.729980 4831430.470001 273.279999
463547.729980 4831430.500000 273.380005
463547.770020 4831430.489990 273.339996
463547.739990 4831430.480011 273.649994
463547.849976 4831430.649994 273.750000
463547.780029 4831430.480011 273.609985
463547.770020 4831430.519989 273.730011
463547.840027 4831430.660004 273.760010
463547.789978 4831430.470001 273.760010
463547.669983 4831430.480011 273.269989
463547.789978 4831430.470001 273.779999
463547.700012 4831430.519989 273.589996
463547.729980 4831430.559998 273.779999
463547.750000 4831430.470001 273.540009
463547.809998 4831430.459991 273.619995
463547.700012 4831430.519989 273.380005
463547.760010 4831430.529999 273.549988
463547.780029 4831430.470001 273.399994
463547.799988 4831430.470001 273.429993
463547.820007 4831430.489990 273.380005
463547.760010 4831430.500000 273.190002
463547.760010 4831430.480011 273.019989
463547.799988 4831430.459991 273.549988
463547.809998 4831430.480011 273.440002
463547.780029 4831430.470001 273.190002
463547.760010 4831430.470001 272.950012
463547.150024 4831430.000000 273.079987
463547.679993 4831430.190002 272.980011
463547.700012 4831430.279999 272.929993
463547.690002 4831430.250000 272.940002
463547.700012 4831430.290009 272.950012
463547.659973 4831430.260010 272.940002
463547.679993 4831430.299988 272.940002
463547.890015 4831430.339996 272.820007
463547.739990 4831430.149994 272.829987
463547.739990 4831430.140015 272.910004
463547.770020 4831430.200012 272.890015
463547.719971 4831430.140015 272.929993
463547.739990 4831430.190002 272.929993
463547.719971 4831430.239990 272.880005
463547.729980 4831430.239990 272.940002
463547.679993 4831430.190002 272.929993
463547.750000 4831430.200012 272.869995
463547.729980 4831430.170013 272.850006
463547.719971 4831430.160004 272.820007
463547.770020 4831430.160004 272.910004
463547.770020 4831430.140015 272.859985
463547.739990 4831430.100006 272.809998
463547.650024 4831430.250000 272.820007
463547.669983 4831430.250000 272.820007
463547.669983 4831430.239990 272.820007
463547.679993 4831430.230011 272.809998
463547.690002 4831430.250000 272.850006
463547.679993 4831430.250000 272.859985
463547.690002 4831430.260010 272.910004
463547.630005 4831430.390015 272.890015
463547.630005 4831430.359985 272.809998
463547.640015 4831430.380005 272.820007
463547.440002 4831430.209991 273.109985
463547.460022 4831430.179993 273.010010
463547.489990 4831430.160004 273.000000
463547.469971 4831430.119995 273.100006
463547.419983 4831430.059998 273.019989
463547.409973 4831430.049988 272.829987
463547.510010 4831430.160004 272.890015
463547.489990 4831430.119995 273.019989
463547.469971 4831430.079987 273.029999
463547.450012 4831430.070007 272.980011
463547.440002 4831430.059998 272.890015
463547.640015 4831430.299988 272.850006
463547.510010 4831430.109985 272.829987
463547.500000 4831430.079987 272.829987
463547.669983 4831430.279999 272.989990
463547.659973 4831430.260010 272.890015
463547.679993 4831430.239990 272.940002
463547.669983 4831430.230011 272.829987
463547.710022 4831430.220001 272.980011
463547.700012 4831430.200012 272.899994
463547.489990 4831430.200012 273.010010
463547.479980 4831430.160004 273.089996
463547.429993 4831430.070007 273.109985
463547.400024 4831430.059998 273.000000
463547.500000 4831430.100006 272.940002
463547.479980 4831430.089996 272.890015
463547.450012 4831430.070007 272.829987
463547.460022 4831430.119995 272.970001
463547.469971 4831430.149994 272.920013
463547.469971 4831430.160004 272.850006
463547.489990 4831430.179993 272.839996
463547.450012 4831430.119995 272.920013
463547.469971 4831430.149994 272.929993
463547.469971 4831430.170013 272.859985
463547.489990 4831430.190002 272.829987
463547.450012 4831430.130005 272.910004
463547.469971 4831430.179993 272.850006
463547.479980 4831430.200012 272.829987
463547.409973 4831430.119995 272.959991
463547.440002 4831430.149994 273.049988
463547.460022 4831430.209991 272.869995
463547.469971 4831430.230011 272.850006
463547.419983 4831430.170013 273.100006
463547.380005 4831430.279999 273.000000
463547.599976 4831430.350006 272.920013
463547.440002 4831430.160004 273.079987
463547.419983 4831430.190002 273.070007
463547.500000 4831430.239990 272.829987
463547.479980 4831430.209991 272.820007
463547.479980 4831430.200012 272.869995
463547.510010 4831430.170013 272.820007
463547.500000 4831430.149994 272.850006
463547.489990 4831430.140015 272.880005
463547.780029 4831430.380005 272.880005
463547.380005 4831430.239990 273.140015
463547.409973 4831430.250000 272.910004
463547.789978 4831430.350006 272.869995
463547.750000 4831430.429993 272.880005
463547.710022 4831430.459991 272.929993
463547.700012 4831430.450012 272.850006
463547.369995 4831430.260010 273.130005
463547.679993 4831430.450012 272.829987
463547.469971 4831430.260010 272.869995
463547.309998 4831430.239990 273.160004
463547.440002 4831430.170013 272.970001
463547.619995 4831430.399994 272.839996
463547.669983 4831430.410004 272.859985
463547.700012 4831430.390015 272.809998
463547.469971 4831430.209991 272.850006
463547.460022 4831430.190002 272.940002
463547.669983 4831430.420013 272.829987
463547.750000 4831430.420013 272.929993
463547.780029 4831430.359985 272.859985
463547.369995 4831430.250000 273.049988
463547.380005 4831430.250000 273.119995
463547.400024 4831430.260010 272.869995
463547.400024 4831430.250000 272.920013
463547.409973 4831430.250000 272.980011
463547.409973 4831430.239990 273.029999
463547.419983 4831430.230011 273.079987
463547.460022 4831430.250000 272.859985
463547.690002 4831430.429993 272.899994
463547.719971 4831430.420013 272.820007
463547.739990 4831430.420013 272.890015
463547.760010 4831430.390015 272.850006
463547.799988 4831430.359985 272.839996
463547.799988 4831430.350006 272.899994
463547.450012 4831430.149994 272.970001
463547.450012 4831430.179993 272.970001
463547.679993 4831430.239990 272.980011
463547.619995 4831430.239990 272.809998
463547.619995 4831430.269989 272.829987
463547.599976 4831430.290009 272.929993
463547.609985 4831430.350006 272.880005
463547.539978 4831430.279999 272.989990
463547.260010 4831430.149994 273.170013
463547.309998 4831430.220001 273.170013
463547.320007 4831430.220001 273.170013
463547.690002 4831430.420013 272.809998
463547.369995 4831430.269989 273.119995
463547.359985 4831430.239990 272.920013
463547.489990 4831430.179993 273.000000
463547.390015 4831430.260010 272.829987
463547.400024 4831430.260010 272.959991
463547.419983 4831430.260010 273.000000
463547.469971 4831430.220001 272.950012
463547.510010 4831430.190002 272.829987
463547.440002 4831430.279999 272.829987
463547.460022 4831430.260010 272.850006
463547.489990 4831430.250000 272.850006
463547.659973 4831430.440002 272.820007
463547.309998 4831430.220001 273.119995
463547.390015 4831430.260010 273.059998
463547.409973 4831430.269989 272.910004
463547.510010 4831430.250000 272.809998
463547.729980 4831430.220001 272.839996
463547.809998 4831430.279999 272.920013
463547.489990 4831430.119995 272.850006
463547.469971 4831430.190002 272.880005
463547.500000 4831430.179993 272.869995
463547.530029 4831430.160004 272.850006
463547.479980 4831430.250000 272.920013
463547.479980 4831430.239990 272.839996
463547.510010 4831430.230011 272.839996
463547.479980 4831430.160004 273.070007
463547.479980 4831430.149994 273.000000
463547.510010 4831430.170013 272.850006
463547.830017 4831430.309998 272.890015
463547.849976 4831430.359985 272.890015
463547.770020 4831430.450012 272.899994
463547.770020 4831430.440002 272.839996
463547.789978 4831430.420013 272.820007
463548.030029 4831430.709991 272.869995
463547.929993 4831430.790009 272.970001
463547.940002 4831430.829987 273.029999
463547.940002 4831430.790009 272.809998
463548.099976 4831430.920013 273.170013
463548.059998 4831430.869995 272.829987
463547.989990 4831430.920013 272.859985
463548.080017 4831430.910004 272.940002
463547.919983 4831430.869995 272.869995
463547.929993 4831430.880005 272.829987
463547.979980 4831430.910004 272.850006
463547.960022 4831430.859985 272.859985
463547.960022 4831430.869995 272.920013
463547.940002 4831430.839996 272.929993
463548.010010 4831430.899994 272.920013
463548.070007 4831430.920013 272.920013
463548.020020 4831430.730011 272.850006
463548.000000 4831430.779999 272.970001
463547.969971 4831430.890015 273.299988
463547.940002 4831430.690002 272.970001
463547.919983 4831430.649994 272.869995
463547.989990 4831430.839996 272.940002
463548.000000 4831430.799988 272.970001
463547.989990 4831430.850006 272.980011
463547.969971 4831430.779999 272.869995
463548.000000 4831430.769989 272.859985
463548.020020 4831430.750000 272.859985
463548.039978 4831430.739990 272.850006
463547.979980 4831430.839996 272.920013
463548.070007 4831430.779999 272.940002
463548.049988 4831430.920013 273.179993
463548.070007 4831430.899994 273.190002
463547.989990 4831430.750000 272.890015
463547.989990 4831430.820007 272.929993
463548.020020 4831430.799988 272.950012
463548.049988 4831430.779999 272.959991
463548.070007 4831430.769989 272.950012
463548.090027 4831430.920013 273.190002
463548.059998 4831430.700012 272.850006
463548.070007 4831430.809998 272.839996
463548.090027 4831430.850006 272.850006
463548.099976 4831430.859985 272.920013
463548.090027 4831430.779999 272.970001
463548.099976 4831430.750000 272.880005
463548.080017 4831430.730011 272.809998
463548.090027 4831430.769989 272.920013
463548.080017 4831430.760010 272.880005
463548.080017 4831430.750000 272.809998
463548.099976 4831430.790009 272.829987
