463546.750000 4831433.170013 278.970001
463546.559998 4831433.070007 279.709991
463546.510010 4831433.179993 279.730011
463546.530029 4831433.100006 279.700012
463546.619995 4831433.130005 278.890015
463546.500000 4831433.230011 279.799988
463546.789978 4831433.179993 279.059998
463546.750000 4831433.170013 279.000000
463546.739990 4831433.220001 279.019989
463546.679993 4831433.190002 278.950012
463546.690002 4831433.209991 278.959991
463546.570007 4831433.079987 278.820007
463546.590027 4831433.109985 278.839996
463546.599976 4831433.140015 278.850006
463546.500000 4831433.119995 279.779999
463546.520020 4831433.200012 279.790009
463546.690002 4831433.220001 278.959991
463546.469971 4831433.190002 279.769989
463546.559998 4831433.089996 278.820007
463546.580017 4831433.109985 278.829987
463546.590027 4831433.140015 278.859985
463546.690002 4831433.190002 278.950012
463546.760010 4831433.200012 279.000000
463546.750000 4831433.200012 279.040009
463546.440002 4831433.209991 279.799988
463546.479980 4831433.170013 279.799988
463546.460022 4831433.140015 279.799988
463546.510010 4831433.160004 279.779999
463546.489990 4831433.130005 279.769989
463546.390015 4831432.980011 279.799988
463546.530029 4831433.160004 279.750000
463546.419983 4831432.929993 279.649994
463546.669983 4831433.170013 278.899994
463546.619995 4831433.089996 278.829987
463546.599976 4831433.049988 278.809998
463546.780029 4831433.220001 279.049988
463546.500000 4831433.190002 279.799988
463546.460022 4831433.140015 279.769989
463546.760010 4831433.220001 279.029999
463546.750000 4831433.239990 279.040009
463546.450012 4831432.929993 279.660004
463546.549988 4831433.059998 279.700012
463546.400024 4831432.950012 279.799988
463546.460022 4831433.040009 279.790009
463546.500000 4831433.100006 279.779999
463546.520020 4831433.130005 279.709991
463546.489990 4831433.089996 279.739990
463546.650024 4831433.170013 278.859985
463546.760010 4831433.239990 279.059998
463546.469971 4831433.290009 279.779999
463546.619995 4831433.160004 278.880005
463546.580017 4831433.079987 278.839996
463546.460022 4831433.019989 279.760010
463546.419983 4831432.950012 279.779999
463546.700012 4831433.220001 278.980011
463546.369995 4831433.269989 279.799988
463546.500000 4831433.269989 279.750000
463546.500000 4831433.100006 279.760010
463546.679993 4831433.209991 278.910004
463546.700012 4831433.160004 278.929993
463546.419983 4831433.200012 279.790009
463546.500000 4831433.149994 279.790009
463546.700012 4831433.190002 278.920013
463546.630005 4831433.109985 278.859985
463546.460022 4831433.260010 279.790009
463546.349976 4831433.200012 279.790009
463547.030029 4831433.350006 279.079987
463546.710022 4831433.160004 279.070007
463546.719971 4831433.140015 279.059998
463546.690002 4831433.140015 279.089996
463546.700012 4831433.130005 279.029999
463546.679993 4831433.140015 279.010010
463546.640015 4831433.109985 278.970001
463546.599976 4831433.089996 278.899994
463546.580017 4831433.070007 278.869995
463546.559998 4831433.049988 278.850006
463546.530029 4831433.049988 278.850006
463546.520020 4831433.029999 278.850006
463546.679993 4831433.170013 278.910004
463546.690002 4831433.170013 278.950012
463546.559998 4831433.070007 278.829987
463546.599976 4831433.109985 278.839996
463546.619995 4831433.140015 278.839996
463546.640015 4831433.140015 278.880005
463546.650024 4831433.179993 278.869995
463546.659973 4831433.179993 278.920013
463546.669983 4831433.190002 278.890015
463546.659973 4831433.200012 278.910004
463546.679993 4831433.190002 278.929993
463546.669983 4831433.190002 278.899994
463546.679993 4831433.190002 278.940002
463546.669983 4831433.200012 278.910004
463546.679993 4831433.200012 278.959991
463546.659973 4831433.200012 278.880005
463546.679993 4831433.190002 278.910004
463546.669983 4831433.200012 278.899994
463546.679993 4831433.200012 278.929993
463546.679993 4831433.200012 278.899994
463546.679993 4831433.200012 278.959991
463546.679993 4831433.209991 278.929993
463546.700012 4831433.200012 278.950012
463546.679993 4831433.220001 278.929993
463546.710022 4831433.200012 278.959991
463546.690002 4831433.209991 278.920013
463546.700012 4831433.200012 278.950012
463546.690002 4831433.209991 278.929993
463546.700012 4831433.200012 278.959991
463546.690002 4831433.220001 278.940002
463546.710022 4831433.209991 278.950012
463546.719971 4831433.209991 278.989990
463546.700012 4831433.230011 278.950012
463546.719971 4831433.220001 278.970001
463546.729980 4831433.220001 278.959991
463546.750000 4831433.220001 279.010010
463546.710022 4831433.220001 278.959991
463546.729980 4831433.220001 279.010010
463546.739990 4831433.230011 278.980011
463546.750000 4831433.230011 279.019989
463546.760010 4831433.230011 279.070007
463546.729980 4831433.239990 278.970001
463546.750000 4831433.230011 279.010010
463546.780029 4831433.220001 279.040009
463546.739990 4831433.230011 279.000000
463546.760010 4831433.220001 279.040009
463546.700012 4831433.230011 278.950012
463546.719971 4831433.209991 278.980011
463546.739990 4831433.209991 279.010010
463546.700012 4831433.230011 278.959991
463546.719971 4831433.220001 278.980011
463546.729980 4831433.230011 279.040009
463546.669983 4831433.230011 278.940002
463546.700012 4831433.209991 278.940002
463546.719971 4831433.200012 278.959991
463546.669983 4831433.200012 278.890015
463546.690002 4831433.190002 278.929993
463546.659973 4831433.179993 278.890015
463546.669983 4831433.190002 278.899994
463546.669983 4831433.179993 278.890015
463546.659973 4831433.200012 278.890015
463546.679993 4831433.200012 278.929993
463546.700012 4831433.220001 278.940002
463546.710022 4831433.220001 278.970001
463546.719971 4831433.220001 279.010010
463546.590027 4831433.109985 278.820007
463546.609985 4831433.100006 278.859985
463546.640015 4831433.140015 278.869995
463546.659973 4831433.179993 278.910004
463546.690002 4831433.220001 278.950012
463546.710022 4831433.209991 278.980011
463546.729980 4831433.209991 279.029999
463546.750000 4831433.209991 278.959991
463546.750000 4831433.230011 279.029999
463546.770020 4831433.220001 279.070007
463546.250000 4831433.179993 279.790009
463546.710022 4831433.149994 278.910004
463546.679993 4831433.170013 278.929993
463546.650024 4831433.140015 278.920013
463546.630005 4831433.100006 278.890015
463546.609985 4831433.109985 278.859985
463546.580017 4831433.070007 278.829987
463546.520020 4831433.200012 279.720001
463546.570007 4831433.040009 278.829987
463546.460022 4831433.200012 279.799988
463546.460022 4831433.170013 279.739990
463546.500000 4831433.130005 279.739990
463546.469971 4831433.149994 279.750000
463546.750000 4831433.140015 279.010010
463546.729980 4831433.119995 278.980011
463546.710022 4831433.140015 278.970001
463546.710022 4831433.109985 278.980011
463546.710022 4831433.109985 278.989990
463546.590027 4831432.989990 278.859985
463546.599976 4831433.059998 278.899994
463546.429993 4831433.279999 279.769989
463546.729980 4831433.239990 278.989990
463546.750000 4831433.230011 279.000000
463546.770020 4831433.260010 279.040009
463546.380005 4831433.279999 279.760010
463546.500000 4831433.220001 279.769989
463546.520020 4831433.209991 279.799988
463546.609985 4831433.130005 278.829987
463546.640015 4831433.170013 278.850006
463546.659973 4831433.160004 278.899994
463546.679993 4831433.209991 278.910004
463546.729980 4831433.239990 278.980011
463546.750000 4831433.230011 279.010010
463546.500000 4831433.070007 279.709991
463546.429993 4831433.260010 279.779999
463546.450012 4831433.239990 279.769989
463546.479980 4831433.239990 279.799988
463546.530029 4831433.200012 279.760010
463546.580017 4831433.070007 278.809998
463546.590027 4831433.119995 278.839996
463546.609985 4831433.149994 278.850006
463546.630005 4831433.140015 278.859985
463546.659973 4831433.190002 278.890015
463546.719971 4831433.239990 278.959991
463546.750000 4831433.239990 279.000000
463546.669983 4831433.190002 278.929993
463546.609985 4831433.119995 278.839996
463546.590027 4831433.130005 278.859985
463546.549988 4831433.070007 278.809998
463546.500000 4831433.160004 279.750000
463546.419983 4831433.220001 279.799988
463546.450012 4831433.119995 279.760010
463546.630005 4831433.100006 278.899994
463546.520020 4831433.200012 279.760010
463546.479980 4831433.140015 279.739990
463546.500000 4831433.130005 279.730011
463546.510010 4831433.119995 279.709991
463546.719971 4831433.190002 278.929993
463546.789978 4831433.220001 279.040009
463546.419983 4831433.029999 279.799988
463546.510010 4831433.100006 279.779999
463546.500000 4831433.079987 279.720001
463546.520020 4831433.070007 279.709991
463546.549988 4831433.059998 279.709991
463546.500000 4831433.140015 279.720001
463546.520020 4831433.119995 279.700012
463546.559998 4831433.170013 279.679993
463547.099976 4831433.869995 279.230011
463547.070007 4831433.880005 279.230011
463547.070007 4831433.809998 279.160004
463547.070007 4831433.850006 279.200012
463547.099976 4831433.910004 279.239990
463546.979980 4831433.850006 279.140015
463547.090027 4831433.850006 279.200012
463547.070007 4831433.809998 279.170013
463547.070007 4831433.839996 279.160004
463547.080017 4831433.869995 279.200012
463547.099976 4831433.869995 279.250000
463547.030029 4831433.890015 279.160004
463547.039978 4831433.890015 279.119995
463547.099976 4831433.790009 279.220001
463547.020020 4831433.750000 279.250000
463546.989990 4831433.769989 279.239990
463546.969971 4831433.779999 279.209991
463546.979980 4831433.750000 279.160004
463547.080017 4831433.880005 279.179993
463547.070007 4831433.880005 279.239990
463547.080017 4831433.779999 279.209991
463547.059998 4831433.790009 279.209991
463547.090027 4831433.809998 279.220001
463547.080017 4831433.820007 279.190002
463547.080017 4831433.779999 279.190002
463547.090027 4831433.839996 279.209991
463547.090027 4831433.869995 279.179993
463547.049988 4831433.820007 279.220001
463546.989990 4831433.829987 279.160004
463547.039978 4831433.829987 279.170013
