463548.119995 4831429.869995 280.739990
463548.119995 4831429.910004 280.720001
463548.109985 4831429.880005 280.709991
463548.460022 4831429.279999 280.059998
463548.469971 4831429.410004 279.890015
463548.450012 4831429.429993 279.820007
463548.440002 4831429.279999 280.040009
463548.450012 4831429.350006 279.910004
463548.440002 4831429.410004 279.829987
463548.530029 4831429.350006 279.839996
463548.530029 4831429.179993 280.109985
463548.580017 4831429.140015 280.119995
463548.659973 4831429.109985 280.250000
463548.640015 4831429.089996 280.239990
463548.450012 4831429.350006 279.980011
463548.880005 4831429.089996 280.320007
463548.429993 4831429.250000 280.079987
463548.429993 4831429.269989 280.029999
463548.429993 4831429.299988 279.980011
463548.429993 4831429.359985 279.880005
463548.419983 4831429.410004 279.820007
463548.450012 4831429.399994 279.850006
463548.409973 4831429.390015 279.929993
463548.429993 4831429.420013 279.920013
463548.390015 4831429.429993 279.910004
463548.400024 4831429.429993 279.869995
463548.880005 4831429.149994 280.250000
463548.400024 4831429.290009 280.049988
463548.390015 4831429.350006 280.010010
463548.409973 4831429.380005 279.959991
463548.400024 4831429.410004 279.890015
463548.409973 4831429.369995 279.970001
463548.400024 4831429.399994 279.959991
463548.380005 4831429.290009 280.059998
463548.390015 4831429.309998 280.029999
463548.429993 4831429.420013 279.809998
463548.419983 4831429.299988 280.059998
463548.409973 4831429.369995 279.859985
463548.409973 4831429.390015 279.839996
463548.969971 4831429.820007 280.489990
463548.900024 4831429.850006 280.179993
463548.900024 4831429.850006 280.230011
463548.809998 4831429.890015 279.929993
463548.820007 4831429.910004 280.019989
463548.250000 4831429.890015 279.809998
463549.020020 4831429.790009 280.570007
463549.000000 4831429.769989 280.649994
463549.039978 4831429.869995 280.230011
463548.960022 4831429.790009 280.450012
463548.950012 4831429.790009 280.500000
463548.960022 4831429.829987 280.570007
463548.969971 4831429.890015 280.739990
463548.940002 4831429.809998 280.329987
463548.929993 4831429.809998 280.390015
463548.940002 4831429.829987 280.420013
463548.929993 4831429.829987 280.489990
463548.929993 4831429.910004 280.779999
463548.909973 4831429.850006 280.329987
463548.809998 4831429.820007 280.149994
463548.830017 4831429.859985 279.989990
463548.809998 4831429.880005 279.829987
463548.809998 4831429.880005 279.880005
463548.809998 4831429.899994 279.929993
463548.789978 4831429.910004 279.809998
463548.789978 4831429.910004 279.850006
463548.950012 4831429.790009 280.410004
463548.929993 4831429.799988 280.480011
463548.890015 4831429.820007 280.320007
463548.849976 4831429.799988 280.410004
463548.820007 4831429.829987 280.220001
463548.820007 4831429.850006 279.980011
463548.809998 4831429.859985 280.029999
463548.809998 4831429.869995 280.059998
463548.799988 4831429.869995 279.839996
463548.780029 4831429.880005 279.890015
463548.789978 4831429.899994 279.929993
463548.760010 4831429.920013 279.809998
463548.820007 4831429.850006 279.890015
463549.010010 4831429.750000 280.369995
463549.039978 4831429.730011 280.500000
463548.320007 4831429.820007 279.839996
463548.830017 4831429.850006 279.850006
463548.849976 4831429.730011 280.190002
463548.900024 4831429.829987 279.920013
463548.289978 4831429.850006 279.809998
463549.039978 4831429.850006 280.700012
463548.890015 4831429.839996 279.920013
463548.890015 4831429.859985 279.839996
463548.880005 4831429.850006 279.809998
463548.789978 4831429.910004 279.959991
463548.809998 4831429.869995 280.000000
463548.890015 4831429.799988 280.369995
463548.890015 4831429.820007 280.399994
463548.799988 4831429.839996 280.089996
463548.750000 4831429.829987 280.070007
463548.770020 4831429.859985 279.890015
463548.770020 4831429.880005 279.929993
463548.739990 4831429.899994 279.850006
463548.789978 4831429.859985 280.019989
463548.799988 4831429.839996 279.899994
463548.929993 4831429.820007 280.390015
463548.900024 4831429.799988 280.450012
463548.950012 4831429.799988 280.609985
463548.929993 4831429.750000 280.529999
463549.080017 4831429.829987 280.359985
463548.960022 4831429.730011 280.700012
463548.989990 4831429.709991 280.769989
463548.989990 4831429.690002 280.679993
463549.020020 4831429.660004 280.709991
463549.020020 4831429.600006 280.779999
463548.799988 4831429.890015 279.950012
463548.789978 4831429.869995 279.959991
463548.890015 4831429.890015 280.179993
463548.880005 4831429.890015 280.049988
463548.859985 4831429.850006 280.190002
463548.950012 4831429.859985 280.720001
463548.919983 4831429.829987 280.420013
463548.900024 4831429.799988 280.410004
463548.979980 4831429.809998 280.640015
463548.960022 4831429.790009 280.640015
463549.070007 4831429.910004 279.950012
463548.929993 4831429.920013 280.799988
463548.960022 4831429.769989 280.649994
463548.919983 4831429.790009 280.470001
463549.080017 4831429.880005 280.380005
463548.929993 4831429.880005 280.720001
463548.940002 4831429.910004 280.709991
463548.989990 4831429.869995 280.309998
463548.890015 4831429.869995 280.690002
463548.830017 4831429.899994 280.260010
463548.780029 4831429.850006 279.920013
463548.760010 4831429.910004 280.040009
463548.770020 4831429.869995 279.920013
463548.770020 4831429.920013 280.010010
463548.780029 4831429.910004 280.239990
463548.750000 4831429.910004 280.040009
463548.739990 4831429.899994 279.880005
463548.770020 4831429.910004 279.980011
463548.960022 4831429.809998 280.649994
463548.979980 4831429.820007 280.640015
463548.789978 4831429.829987 280.290009
463549.000000 4831429.799988 280.799988
463549.059998 4831429.579987 280.790009
463549.039978 4831429.549988 280.799988
463549.020020 4831429.859985 280.600006
463549.030029 4831429.880005 280.299988
463549.080017 4831429.859985 280.339996
463548.960022 4831429.839996 280.559998
463548.969971 4831429.839996 280.510010
463549.020020 4831429.880005 280.299988
463548.820007 4831429.899994 280.100006
463548.840027 4831429.920013 280.070007
463548.219971 4831429.890015 279.829987
463548.200012 4831429.910004 279.809998
463548.919983 4831429.839996 280.660004
463548.960022 4831429.859985 280.589996
463548.859985 4831429.880005 280.339996
463548.869995 4831429.899994 280.309998
463548.890015 4831429.899994 280.260010
463548.789978 4831429.899994 280.339996
463548.799988 4831429.880005 280.279999
463548.830017 4831429.910004 280.230011
463548.840027 4831429.920013 280.190002
463548.419983 4831429.450012 279.850006
463548.830017 4831429.910004 280.200012
463548.929993 4831429.869995 280.299988
463548.900024 4831429.829987 280.480011
463548.900024 4831429.899994 280.750000
463548.979980 4831429.880005 280.369995
463548.929993 4831429.829987 280.619995
463548.919983 4831429.809998 280.649994
463548.919983 4831429.820007 280.720001
463548.960022 4831429.799988 280.720001
463548.960022 4831429.790009 280.769989
463548.979980 4831429.720001 280.769989
463548.799988 4831429.910004 279.940002
463548.799988 4831429.809998 279.940002
463548.880005 4831429.910004 280.239990
463548.869995 4831429.910004 280.290009
463548.859985 4831429.890015 280.320007
463548.869995 4831429.899994 280.380005
463548.919983 4831429.880005 280.510010
463548.909973 4831429.859985 280.540009
463548.929993 4831429.869995 280.709991
463548.940002 4831429.839996 280.470001
463548.940002 4831429.829987 280.779999
463548.969971 4831429.809998 280.779999
463549.049988 4831429.880005 280.339996
463549.090027 4831429.880005 280.359985
463548.809998 4831429.920013 280.040009
463548.820007 4831429.920013 280.100006
463548.859985 4831429.899994 280.070007
463548.869995 4831429.890015 280.130005
463548.880005 4831429.890015 280.179993
463548.890015 4831429.880005 280.279999
463548.909973 4831429.880005 280.350006
463548.909973 4831429.880005 280.399994
463548.960022 4831429.869995 280.700012
463548.929993 4831429.829987 280.700012
463548.940002 4831429.890015 280.269989
463548.950012 4831429.839996 280.500000
463548.979980 4831429.859985 280.589996
463548.969971 4831429.839996 280.619995
463548.969971 4831429.829987 280.660004
463548.960022 4831429.809998 280.700012
463548.979980 4831429.820007 280.769989
463548.989990 4831429.880005 280.309998
463548.880005 4831429.769989 280.209991
463548.989990 4831429.799988 280.630005
463549.020020 4831429.799988 280.799988
463548.940002 4831429.790009 280.799988
463548.929993 4831429.869995 280.720001
463548.919983 4831429.899994 280.720001
463548.840027 4831429.859985 280.399994
463548.830017 4831429.910004 280.179993
463548.400024 4831429.440002 279.859985
463548.390015 4831429.470001 279.850006
463548.400024 4831429.440002 279.859985
463548.400024 4831429.470001 279.850006
463548.409973 4831429.440002 279.869995
463548.390015 4831429.450012 279.839996
463549.080017 4831429.809998 280.799988
463548.989990 4831429.869995 280.399994
463548.929993 4831429.839996 280.670013
463548.950012 4831429.880005 280.489990
463548.890015 4831429.910004 280.730011
463548.830017 4831429.799988 280.250000
463548.880005 4831429.809998 280.519989
463548.859985 4831429.859985 280.399994
463548.830017 4831429.829987 280.350006
463548.789978 4831429.850006 280.179993
463548.789978 4831429.880005 280.170013
463548.750000 4831429.809998 279.940002
463548.739990 4831429.890015 279.980011
463548.729980 4831429.910004 280.000000
463548.979980 4831429.850006 280.309998
463548.830017 4831429.700012 279.959991
463548.820007 4831429.839996 280.260010
463548.880005 4831429.820007 280.410004
463548.900024 4831429.820007 280.450012
463548.909973 4831429.820007 280.489990
463548.880005 4831429.850006 280.589996
463548.830017 4831429.920013 280.070007
463548.849976 4831429.920013 280.160004
463548.859985 4831429.910004 280.200012
463548.849976 4831429.859985 280.549988
463548.929993 4831429.820007 280.600006
463548.929993 4831429.839996 280.670013
463548.780029 4831429.850006 279.910004
463548.809998 4831429.899994 280.149994
463548.840027 4831429.880005 280.160004
463548.859985 4831429.869995 280.200012
463548.840027 4831429.829987 280.209991
463548.809998 4831429.839996 280.130005
463548.799988 4831429.839996 280.089996
463548.780029 4831429.850006 280.049988
463548.989990 4831429.679993 280.799988
463548.979980 4831429.690002 280.720001
463548.950012 4831429.709991 280.720001
463548.950012 4831429.709991 280.649994
463548.880005 4831429.750000 280.750000
463548.929993 4831429.730011 280.579987
463548.900024 4831429.760010 280.500000
463548.919983 4831429.750000 280.399994
463548.900024 4831429.769989 280.320007
463548.789978 4831429.880005 279.809998
463549.020020 4831429.609985 280.690002
463548.859985 4831429.739990 280.209991
463548.840027 4831429.750000 280.170013
463548.880005 4831429.459991 280.010010
463549.020020 4831429.700012 280.769989
463549.000000 4831429.630005 280.779999
463549.020020 4831429.640015 280.690002
463549.000000 4831429.649994 280.670013
463548.969971 4831429.679993 280.609985
463548.960022 4831429.709991 280.529999
463548.960022 4831429.720001 280.489990
463548.940002 4831429.730011 280.459991
463549.059998 4831429.540009 280.709991
463548.950012 4831429.829987 280.660004
463548.950012 4831429.820007 280.779999
463549.099976 4831429.890015 280.359985
463548.960022 4831429.829987 280.730011
463548.979980 4831429.829987 280.769989
463548.960022 4831429.880005 280.619995
463548.989990 4831429.880005 280.670013
463548.929993 4831429.799988 280.730011
463548.880005 4831429.809998 280.540009
463548.770020 4831429.799988 279.940002
463548.900024 4831429.760010 280.559998
463548.880005 4831429.769989 280.529999
463548.789978 4831429.869995 280.109985
463548.760010 4831429.899994 279.980011
463549.020020 4831429.519989 280.790009
463549.030029 4831429.529999 280.799988
463549.020020 4831429.529999 280.799988
463548.979980 4831429.829987 280.739990
463548.919983 4831429.899994 280.779999
463548.950012 4831429.890015 280.779999
463548.989990 4831429.859985 280.739990
463548.940002 4831429.910004 280.769989
463549.020020 4831429.709991 280.690002
463549.030029 4831429.779999 280.769989
463549.049988 4831429.760010 280.760010
463548.960022 4831429.859985 280.709991
463548.909973 4831429.839996 280.540009
463549.000000 4831429.809998 280.589996
463549.010010 4831429.790009 280.559998
463548.929993 4831429.850006 280.359985
463548.960022 4831429.839996 280.369995
