463547.559998 4831434.489990 279.380005
463547.549988 4831434.500000 279.390015
463547.419983 4831434.429993 279.339996
463547.590027 4831434.510010 279.390015
463547.400024 4831434.500000 279.329987
463547.400024 4831434.450012 279.329987
463547.309998 4831434.440002 279.910004
463547.349976 4831434.429993 279.339996
463547.570007 4831434.480011 279.410004
463547.469971 4831434.529999 279.380005
463547.599976 4831434.549988 279.410004
463547.400024 4831434.440002 279.399994
463547.419983 4831434.549988 279.859985
463547.369995 4831434.549988 279.869995
463547.570007 4831434.549988 279.410004
463547.580017 4831434.510010 279.440002
463547.349976 4831434.429993 279.329987
463547.390015 4831434.429993 279.970001
463547.380005 4831434.459991 279.339996
463547.299988 4831434.549988 279.940002
463547.429993 4831434.470001 279.399994
463547.380005 4831434.429993 279.320007
463547.580017 4831434.549988 279.380005
463547.440002 4831434.470001 279.829987
463547.429993 4831434.489990 279.320007
463547.380005 4831434.519989 279.880005
463547.390015 4831434.480011 279.399994
463547.580017 4831434.489990 279.429993
463547.419983 4831434.450012 279.399994
463547.479980 4831434.510010 279.850006
463547.530029 4831434.489990 279.399994
463547.590027 4831434.450012 279.829987
463547.580017 4831434.940002 280.179993
463547.539978 4831434.899994 280.190002
463547.530029 4831434.890015 280.200012
463547.549988 4831434.829987 280.070007
463547.429993 4831434.619995 279.779999
463547.460022 4831434.609985 279.760010
463547.570007 4831434.880005 279.809998
463547.590027 4831434.769989 280.250000
463547.320007 4831434.619995 279.910004
463547.599976 4831434.589996 279.910004
463547.599976 4831434.859985 280.190002
463547.590027 4831434.890015 280.190002
463547.469971 4831434.959991 280.279999
463547.380005 4831434.980011 280.290009
463547.299988 4831434.970001 280.299988
463547.570007 4831434.640015 279.859985
463547.559998 4831434.679993 279.790009
463547.520020 4831434.649994 279.750000
463547.549988 4831434.690002 279.910004
463547.469971 4831434.589996 279.829987
463547.479980 4831434.609985 279.739990
463547.510010 4831434.660004 279.799988
463547.520020 4831434.679993 279.760010
463547.510010 4831434.709991 279.739990
463547.460022 4831434.760010 279.760010
463547.349976 4831435.000000 280.290009
463547.500000 4831434.660004 279.769989
463547.599976 4831434.720001 279.880005
463547.570007 4831434.679993 279.910004
463547.489990 4831434.670013 279.769989
463547.539978 4831434.700012 279.700012
463547.580017 4831434.739990 279.920013
463547.520020 4831434.660004 279.809998
463547.489990 4831434.619995 279.850006
463547.590027 4831434.709991 279.869995
463547.570007 4831434.679993 279.989990
463547.530029 4831434.619995 279.980011
463547.530029 4831434.679993 279.769989
463547.570007 4831434.690002 279.929993
463547.549988 4831434.809998 280.079987
463547.570007 4831434.850006 280.089996
463547.599976 4831434.880005 280.049988
463547.510010 4831434.880005 280.059998
463547.539978 4831435.010010 280.299988
463547.520020 4831434.989990 280.299988
463547.520020 4831435.019989 280.290009
463547.489990 4831435.000000 280.279999
463547.510010 4831435.019989 280.299988
463547.469971 4831434.989990 280.299988
463547.400024 4831434.929993 280.299988
463547.450012 4831435.000000 280.299988
463547.429993 4831434.989990 280.299988
463547.390015 4831434.920013 280.299988
463547.380005 4831434.989990 280.299988
463547.409973 4831435.019989 280.299988
463547.380005 4831434.989990 280.290009
463547.409973 4831435.029999 280.290009
463547.299988 4831435.000000 280.290009
463547.570007 4831434.850006 280.119995
463547.590027 4831434.880005 280.109985
463547.520020 4831435.000000 280.260010
463547.549988 4831434.899994 280.250000
463547.559998 4831434.899994 280.209991
463547.580017 4831434.910004 280.160004
463547.590027 4831434.899994 280.109985
463547.580017 4831434.750000 279.989990
463547.500000 4831434.649994 279.760010
463547.559998 4831434.589996 279.429993
463547.510010 4831434.820007 280.070007
463547.500000 4831434.869995 280.059998
463547.479980 4831434.869995 280.089996
463547.409973 4831434.989990 280.299988
463547.500000 4831434.859985 280.119995
463547.539978 4831434.899994 280.230011
463547.359985 4831434.940002 280.290009
463547.510010 4831434.869995 280.109985
463547.380005 4831434.570007 279.399994
463547.570007 4831434.730011 279.970001
463547.559998 4831434.670013 279.809998
463547.570007 4831434.839996 280.279999
463547.369995 4831434.970001 280.279999
463547.570007 4831434.839996 280.299988
463547.530029 4831434.619995 279.399994
463547.559998 4831434.670013 279.910004
463547.479980 4831434.649994 279.790009
463547.469971 4831434.750000 279.730011
463547.429993 4831434.579987 279.899994
463547.450012 4831434.640015 279.750000
463547.599976 4831434.839996 279.929993
463547.419983 4831434.570007 280.040009
463547.299988 4831434.839996 280.290009
463547.590027 4831434.809998 279.929993
463547.530029 4831434.709991 279.820007
463547.570007 4831434.709991 279.730011
463547.479980 4831434.859985 280.059998
463547.440002 4831434.869995 280.070007
463547.469971 4831434.859985 280.100006
463547.539978 4831434.839996 280.290009
463547.559998 4831434.859985 280.279999
463547.510010 4831434.890015 280.119995
463547.580017 4831434.839996 279.809998
463547.580017 4831434.839996 279.859985
463547.479980 4831434.859985 279.989990
463547.590027 4831434.820007 279.880005
463547.570007 4831434.850006 279.820007
463547.580017 4831434.850006 279.869995
463547.479980 4831434.910004 280.049988
463547.539978 4831434.839996 280.079987
463547.520020 4831434.850006 280.140015
463547.500000 4831434.869995 280.130005
463547.549988 4831434.869995 280.049988
463547.429993 4831434.630005 279.829987
463547.539978 4831434.890015 280.000000
463547.539978 4831434.899994 280.040009
463547.530029 4831434.899994 280.040009
463547.570007 4831434.829987 280.019989
463547.539978 4831434.850006 280.260010
463547.359985 4831434.959991 280.299988
463547.440002 4831434.940002 280.279999
463547.590027 4831434.809998 280.279999
463547.549988 4831434.859985 280.260010
463547.559998 4831434.869995 280.260010
463547.520020 4831434.869995 280.140015
463547.450012 4831434.600006 279.799988
463547.390015 4831434.559998 279.940002
463547.570007 4831434.649994 279.750000
463547.510010 4831434.779999 279.790009
463547.590027 4831434.609985 279.410004
463547.489990 4831434.799988 279.700012
463547.359985 4831434.940002 280.299988
463547.359985 4831434.859985 280.299988
463547.479980 4831434.660004 279.760010
463547.590027 4831434.839996 279.859985
463547.590027 4831434.829987 279.920013
463547.450012 4831434.619995 279.790009
463547.450012 4831434.570007 279.809998
463547.409973 4831434.579987 279.920013
463547.450012 4831434.570007 279.769989
463547.559998 4831434.880005 280.119995
463547.599976 4831434.769989 280.260010
463547.390015 4831434.959991 280.290009
463547.599976 4831434.859985 280.260010
463547.570007 4831434.859985 280.140015
463547.580017 4831434.679993 279.809998
463547.539978 4831434.769989 279.700012
463547.479980 4831434.570007 279.850006
463547.450012 4831434.640015 279.869995
463547.530029 4831434.700012 279.720001
463547.559998 4831434.700012 279.760010
463547.599976 4831434.700012 279.820007
