2.817399899999999775e+02 4.831432519988999702e+06 4.635486599730000016e+05
2.814599910000000023e+02 4.831432589995999821e+06 4.635486500239999732e+05
2.815599980000000073e+02 4.831433119994999841e+06 4.635495100100000273e+05
2.816600040000000149e+02 4.831433149993999861e+06 4.635491300049999845e+05
2.818800049999999828e+02 4.831433200012000278e+06 4.635492000119999866e+05
2.819599910000000023e+02 4.831433399993999861e+06 4.635488800049999845e+05
2.819899899999999775e+02 4.831433299987999722e+06 4.635486099849999882e+05
2.822300109999999904e+02 4.831433040009000339e+06 4.635490100100000273e+05
2.821499939999999924e+02 4.831432959990999661e+06 4.635491199950000155e+05
2.816099849999999947e+02 4.831433399993999861e+06 4.635493699950000155e+05
2.815599980000000073e+02 4.831433359985000454e+06 4.635495700070000021e+05
2.816000060000000076e+02 4.831433420013000257e+06 4.635493599849999882e+05
2.820299989999999752e+02 4.831432920013000257e+06 4.635492399899999727e+05
2.815599980000000073e+02 4.831433339995999821e+06 4.635495599979999824e+05
2.816000060000000076e+02 4.831433119994999841e+06 4.635494899899999727e+05
2.815499879999999848e+02 4.831433410004000179e+06 4.635493800049999845e+05
2.819700010000000248e+02 4.831433420013000257e+06 4.635488699950000155e+05
2.819500120000000152e+02 4.831433420013000257e+06 4.635488499760000268e+05
2.815199890000000096e+02 4.831432920013000257e+06 4.635490499880000134e+05
2.815000000000000000e+02 4.831432899993999861e+06 4.635490300290000159e+05
2.815000000000000000e+02 4.831433059998000041e+06 4.635490800169999711e+05
2.815000000000000000e+02 4.831433299987999722e+06 4.635486300049999845e+05
2.815400089999999977e+02 4.831433109985000454e+06 4.635491199950000155e+05
2.815199890000000096e+02 4.831433089995999821e+06 4.635491099849999882e+05
2.813399959999999851e+02 4.831432850006000139e+06 4.635489799800000037e+05
2.815599980000000073e+02 4.831432910004000179e+06 4.635490000000000000e+05
2.816900019999999927e+02 4.831432980011000298e+06 4.635489600220000139e+05
2.817099910000000023e+02 4.831432980011000298e+06 4.635489600220000139e+05
2.813200069999999755e+02 4.831432799987999722e+06 4.635490200199999963e+05
2.816099849999999947e+02 4.831433149993999861e+06 4.635490700070000021e+05
2.815799870000000169e+02 4.831433200012000278e+06 4.635491400150000118e+05
2.815199890000000096e+02 4.831433149993999861e+06 4.635491199950000155e+05
2.814299930000000245e+02 4.831433089995999821e+06 4.635490999760000268e+05
2.814800109999999904e+02 4.831433170013000257e+06 4.635491699830000289e+05
2.816099849999999947e+02 4.831433040009000339e+06 4.635490300290000159e+05
2.815100100000000225e+02 4.831433130005000159e+06 4.635490900269999984e+05
2.816400150000000053e+02 4.831433140014999546e+06 4.635491199950000155e+05
2.816000060000000076e+02 4.831433100006000139e+06 4.635490900269999984e+05
2.815299989999999752e+02 4.831433029999000020e+06 4.635490300290000159e+05
2.817200010000000248e+02 4.831432959990999661e+06 4.635489299929999979e+05
2.814800109999999904e+02 4.831433109985000454e+06 4.635490999760000268e+05
2.814500120000000152e+02 4.831433119994999841e+06 4.635491099849999882e+05
2.814200129999999831e+02 4.831432970000999980e+06 4.635489699709999841e+05
2.814200129999999831e+02 4.831432929992999882e+06 4.635489500119999866e+05
2.814599910000000023e+02 4.831432929992999882e+06 4.635489400020000176e+05
2.815599980000000073e+02 4.831432970000999980e+06 4.635489600220000139e+05
2.815799870000000169e+02 4.831433160004000179e+06 4.635490999760000268e+05
2.814100040000000149e+02 4.831432980011000298e+06 4.635489799800000037e+05
2.814500120000000152e+02 4.831432959990999661e+06 4.635489799800000037e+05
2.814800109999999904e+02 4.831432950012000278e+06 4.635489699709999841e+05
2.813099980000000073e+02 4.831432769988999702e+06 4.635490700070000021e+05
2.814700010000000248e+02 4.831433089995999821e+06 4.635490599979999824e+05
2.814700010000000248e+02 4.831432970000999980e+06 4.635489500119999866e+05
2.815499879999999848e+02 4.831432989989999682e+06 4.635489799800000037e+05
2.814100040000000149e+02 4.831432940001999959e+06 4.635489600220000139e+05
2.816199950000000172e+02 4.831432980011000298e+06 4.635489500119999866e+05
2.813200069999999755e+02 4.831432869994999841e+06 4.635490000000000000e+05
2.815599980000000073e+02 4.831432950012000278e+06 4.635490100100000273e+05
2.815299989999999752e+02 4.831433089995999821e+06 4.635490900269999984e+05
2.814400019999999927e+02 4.831432950012000278e+06 4.635489600220000139e+05
2.814400019999999927e+02 4.831433119994999841e+06 4.635491300049999845e+05
2.813399959999999851e+02 4.831432940001999959e+06 4.635489000239999732e+05
2.813599849999999947e+02 4.831432899993999861e+06 4.635489600220000139e+05
2.813999939999999924e+02 4.831432899993999861e+06 4.635489799800000037e+05
2.814400019999999927e+02 4.831432959990999661e+06 4.635489899899999727e+05
2.814599910000000023e+02 4.831432950012000278e+06 4.635489799800000037e+05
2.813699950000000172e+02 4.831432899993999861e+06 4.635489600220000139e+05
2.815700069999999755e+02 4.831432950012000278e+06 4.635489699709999841e+05
2.813200069999999755e+02 4.831432890014999546e+06 4.635489899899999727e+05
2.814299930000000245e+02 4.831432940001999959e+06 4.635489699709999841e+05
2.814899899999999775e+02 4.831432950012000278e+06 4.635489799800000037e+05
2.815799870000000169e+02 4.831432989989999682e+06 4.635489699709999841e+05
2.814800109999999904e+02 4.831433079986999743e+06 4.635490499880000134e+05
2.815499879999999848e+02 4.831433059998000041e+06 4.635491099849999882e+05
2.816300049999999828e+02 4.831433070007000118e+06 4.635490700070000021e+05
2.813200069999999755e+02 4.831432809998000041e+06 4.635490000000000000e+05
2.814400019999999927e+02 4.831432880005000159e+06 4.635490800169999711e+05
2.813200069999999755e+02 4.831432850006000139e+06 4.635488900150000118e+05
2.815100100000000225e+02 4.831432950012000278e+06 4.635489500119999866e+05
2.817000120000000152e+02 4.831432940001999959e+06 4.635489299929999979e+05
2.815499879999999848e+02 4.831433079986999743e+06 4.635490499880000134e+05
2.815700069999999755e+02 4.831433070007000118e+06 4.635490700070000021e+05
2.815700069999999755e+02 4.831433109985000454e+06 4.635490599979999824e+05
2.816199950000000172e+02 4.831433149993999861e+06 4.635490800169999711e+05
2.816900019999999927e+02 4.831432920013000257e+06 4.635489400020000176e+05
2.815000000000000000e+02 4.831432989989999682e+06 4.635489699709999841e+05
2.816300049999999828e+02 4.831432989989999682e+06 4.635489799800000037e+05
2.815100100000000225e+02 4.831433049987999722e+06 4.635490300290000159e+05
2.815000000000000000e+02 4.831433149993999861e+06 4.635491099849999882e+05
2.816099849999999947e+02 4.831433049987999722e+06 4.635490100100000273e+05
2.817000120000000152e+02 4.831432950012000278e+06 4.635489500119999866e+05
2.816900019999999927e+02 4.831432910004000179e+06 4.635489400020000176e+05
2.816400150000000053e+02 4.831432890014999546e+06 4.635489299929999979e+05
2.813099980000000073e+02 4.831432890014999546e+06 4.635489799800000037e+05
2.816400150000000053e+02 4.831432959990999661e+06 4.635489699709999841e+05
2.815499879999999848e+02 4.831433130005000159e+06 4.635491599730000016e+05
2.815100100000000225e+02 4.831433070007000118e+06 4.635490800169999711e+05
2.815000000000000000e+02 4.831433089995999821e+06 4.635491099849999882e+05
2.815299989999999752e+02 4.831433140014999546e+06 4.635491300049999845e+05
2.813999939999999924e+02 4.831433220000999980e+06 4.635492199709999841e+05
