463548.090027 4831434.420013 278.929993
463548.099976 4831434.429993 278.970001
463547.669983 4831434.380005 279.369995
463547.559998 4831434.489990 279.380005
463547.380005 4831434.420013 279.329987
463548.070007 4831434.380005 279.140015
463548.080017 4831434.399994 279.160004
463547.549988 4831434.500000 279.390015
463547.419983 4831434.429993 279.339996
463548.090027 4831434.429993 278.920013
463547.590027 4831434.510010 279.390015
463547.400024 4831434.500000 279.329987
463547.400024 4831434.450012 279.329987
463547.380005 4831434.420013 279.339996
463548.049988 4831434.369995 278.980011
463547.349976 4831434.429993 279.339996
463547.400024 4831434.399994 279.390015
463547.570007 4831434.480011 279.410004
463548.080017 4831434.420013 279.040009
463548.099976 4831434.369995 279.109985
463547.469971 4831434.529999 279.380005
463547.390015 4831434.420013 279.359985
463548.010010 4831434.380005 279.230011
463547.599976 4831434.549988 279.410004
463547.400024 4831434.440002 279.399994
463548.099976 4831434.559998 278.920013
463548.070007 4831434.359985 279.019989
463547.570007 4831434.549988 279.410004
463548.020020 4831434.399994 279.200012
463548.010010 4831434.380005 279.209991
463547.700012 4831434.369995 279.380005
463547.580017 4831434.510010 279.440002
463548.099976 4831434.369995 279.170013
463547.710022 4831434.369995 279.489990
463548.010010 4831434.390015 279.250000
463548.039978 4831434.359985 279.130005
463547.669983 4831434.369995 279.359985
463548.049988 4831434.410004 279.019989
463548.090027 4831434.510010 279.019989
463547.349976 4831434.399994 279.339996
463547.349976 4831434.429993 279.329987
463548.059998 4831434.489990 279.049988
463547.609985 4831434.540009 279.390015
463547.380005 4831434.369995 279.339996
463547.380005 4831434.459991 279.339996
463547.479980 4831434.369995 279.309998
463548.049988 4831434.369995 279.209991
463547.409973 4831434.470001 279.299988
463547.429993 4831434.470001 279.399994
463547.380005 4831434.429993 279.320007
463547.580017 4831434.549988 279.380005
463547.679993 4831434.359985 279.359985
463547.429993 4831434.489990 279.320007
463547.489990 4831434.390015 279.309998
463547.400024 4831434.410004 279.329987
463548.080017 4831434.359985 279.049988
463548.039978 4831434.429993 279.170013
463547.989990 4831434.559998 279.119995
463547.450012 4831434.420013 279.359985
463547.440002 4831434.380005 279.369995
463548.099976 4831434.519989 279.019989
463548.080017 4831434.440002 279.140015
463548.059998 4831434.410004 279.190002
463547.390015 4831434.480011 279.399994
463547.580017 4831434.489990 279.429993
463547.419983 4831434.450012 279.399994
463547.530029 4831434.489990 279.399994
463547.619995 4831434.540009 279.380005
463548.030029 4831434.459991 279.079987
463548.070007 4831434.369995 279.089996
463547.429993 4831434.619995 279.779999
463548.059998 4831434.579987 279.190002
463547.460022 4831434.609985 279.760010
463547.849976 4831434.690002 278.850006
463548.020020 4831434.679993 278.920013
463547.960022 4831434.660004 279.059998
463547.900024 4831434.660004 279.029999
463547.929993 4831434.709991 279.079987
463547.820007 4831434.700012 278.839996
463547.559998 4831434.679993 279.790009
463547.520020 4831434.649994 279.750000
463547.479980 4831434.609985 279.739990
463547.510010 4831434.660004 279.799988
463547.520020 4831434.679993 279.760010
463547.510010 4831434.709991 279.739990
463547.460022 4831434.760010 279.760010
463547.890015 4831434.570007 279.070007
463547.979980 4831434.700012 278.970001
463548.020020 4831434.660004 278.950012
463548.039978 4831434.640015 278.929993
463547.929993 4831434.700012 279.000000
463547.609985 4831434.570007 279.429993
463547.799988 4831434.760010 278.899994
463547.650024 4831434.850006 279.510010
463547.500000 4831434.660004 279.769989
463547.489990 4831434.670013 279.769989
463547.539978 4831434.700012 279.700012
463547.530029 4831434.679993 279.769989
463547.830017 4831434.730011 278.829987
463547.840027 4831434.690002 278.989990
463547.820007 4831434.739990 278.820007
463547.619995 4831434.559998 279.410004
463547.500000 4831434.649994 279.760010
463547.770020 4831434.769989 279.079987
463547.559998 4831434.589996 279.429993
463547.739990 4831434.730011 279.040009
463547.380005 4831434.570007 279.399994
463548.090027 4831434.589996 278.899994
463547.820007 4831434.709991 278.829987
463547.830017 4831434.739990 278.890015
463547.840027 4831434.730011 279.010010
463547.809998 4831434.760010 278.829987
463547.830017 4831434.720001 278.950012
463547.840027 4831434.730011 278.929993
463547.830017 4831434.760010 278.839996
463547.530029 4831434.619995 279.399994
463547.479980 4831434.649994 279.790009
463547.469971 4831434.750000 279.730011
463547.830017 4831434.700012 278.869995
463547.809998 4831434.709991 278.970001
463547.450012 4831434.640015 279.750000
463547.570007 4831434.709991 279.730011
463547.750000 4831434.640015 278.950012
463547.739990 4831434.660004 279.010010
463548.059998 4831434.609985 278.910004
463547.830017 4831434.739990 279.010010
463547.799988 4831434.739990 279.010010
463548.099976 4831434.679993 278.950012
463547.619995 4831434.820007 279.799988
463548.020020 4831434.630005 278.920013
463547.809998 4831434.630005 279.019989
463547.619995 4831434.619995 279.410004
463547.450012 4831434.600006 279.799988
463547.570007 4831434.649994 279.750000
463547.789978 4831434.720001 278.929993
463547.869995 4831434.700012 278.859985
463547.989990 4831434.700012 278.959991
463547.510010 4831434.779999 279.790009
463547.590027 4831434.609985 279.410004
463547.489990 4831434.799988 279.700012
463547.479980 4831434.660004 279.760010
463548.059998 4831434.640015 278.890015
463548.039978 4831434.589996 278.890015
463547.799988 4831434.720001 278.809998
463547.799988 4831434.690002 278.850006
463547.450012 4831434.619995 279.790009
463547.609985 4831434.809998 279.790009
463547.450012 4831434.570007 279.769989
463547.539978 4831434.769989 279.700012
463548.059998 4831434.570007 279.130005
463547.940002 4831434.679993 279.019989
463547.859985 4831434.750000 278.850006
463547.880005 4831434.739990 278.839996
463547.619995 4831434.559998 279.390015
463547.530029 4831434.700012 279.720001
463547.559998 4831434.700012 279.760010
463547.159973 4831434.100006 279.130005
463547.109985 4831434.100006 279.160004
463547.140015 4831434.109985 279.109985
463547.150024 4831434.070007 279.170013
463547.140015 4831434.010010 279.179993
463547.140015 4831434.119995 279.130005
463547.130005 4831434.059998 279.029999
463547.119995 4831433.970001 279.109985
463547.140015 4831434.029999 279.040009
463547.130005 4831434.089996 279.049988
463547.130005 4831433.929993 279.160004
463547.859985 4831434.230011 279.359985
463547.929993 4831433.950012 278.829987
463547.880005 4831434.040009 278.940002
463547.890015 4831434.100006 278.859985
463547.929993 4831434.070007 278.899994
463547.909973 4831434.049988 278.940002
463547.789978 4831434.220001 279.309998
463547.830017 4831434.109985 278.940002
463547.890015 4831434.059998 278.970001
463547.880005 4831434.049988 278.910004
463547.940002 4831434.070007 278.929993
463547.890015 4831434.010010 278.910004
463547.919983 4831434.049988 278.940002
463547.179993 4831433.929993 279.209991
463547.809998 4831434.220001 279.250000
463547.169983 4831434.130005 279.100006
463547.159973 4831434.119995 279.029999
463547.190002 4831433.929993 279.190002
463547.159973 4831434.079987 279.109985
463547.909973 4831434.040009 278.970001
463547.179993 4831433.950012 279.190002
463547.169983 4831433.940002 279.230011
463547.770020 4831434.250000 279.339996
463547.789978 4831434.109985 278.950012
463547.849976 4831434.029999 278.980011
463547.900024 4831434.040009 278.920013
463547.919983 4831433.989990 278.809998
463547.169983 4831434.140015 279.059998
463547.159973 4831434.130005 279.079987
463547.179993 4831434.119995 279.170013
463547.909973 4831434.079987 278.970001
463547.929993 4831434.019989 278.899994
463547.159973 4831433.929993 279.170013
463547.950012 4831434.079987 278.859985
463547.890015 4831434.160004 278.929993
463547.190002 4831433.970001 279.190002
463547.179993 4831433.970001 279.130005
463547.859985 4831434.040009 278.940002
463547.169983 4831433.940002 279.179993
463547.200012 4831433.989990 279.190002
463547.159973 4831434.130005 279.160004
463547.859985 4831434.059998 278.959991
463547.179993 4831433.989990 279.200012
463547.159973 4831434.100006 279.010010
463547.809998 4831433.929993 278.920013
463547.770020 4831434.239990 279.350006
463547.909973 4831434.019989 278.850006
463547.210022 4831433.940002 279.190002
463547.789978 4831434.230011 279.320007
463547.869995 4831434.019989 278.980011
463547.200012 4831433.970001 279.190002
463547.890015 4831434.049988 278.910004
463547.890015 4831434.070007 278.929993
463547.890015 4831434.049988 278.929993
463547.890015 4831434.079987 278.959991
463547.880005 4831434.059998 278.929993
463547.880005 4831434.079987 278.970001
463547.890015 4831434.040009 278.899994
463547.890015 4831434.070007 278.910004
463547.890015 4831434.049988 278.899994
463547.900024 4831434.070007 278.929993
463548.000000 4831434.130005 278.880005
463547.919983 4831433.989990 278.809998
463547.919983 4831433.989990 278.820007
463547.919983 4831434.070007 278.929993
463547.890015 4831434.049988 278.950012
463547.890015 4831434.109985 278.950012
463547.859985 4831434.089996 278.869995
463547.679993 4831434.019989 278.970001
463547.940002 4831434.109985 278.899994
463547.869995 4831434.089996 278.920013
463547.859985 4831434.109985 278.950012
463547.869995 4831434.160004 278.899994
463547.809998 4831434.019989 279.019989
463547.820007 4831434.000000 278.970001
463547.830017 4831433.980011 278.959991
463547.830017 4831433.989990 278.980011
463547.799988 4831434.000000 278.989990
463547.400024 4831434.140015 279.119995
463547.840027 4831433.959991 278.970001
463547.830017 4831433.970001 278.929993
463547.210022 4831434.160004 279.059998
463547.919983 4831433.970001 278.820007
463547.940002 4831433.959991 278.839996
463547.909973 4831434.059998 278.950012
463547.260010 4831434.160004 279.019989
463547.250000 4831434.130005 279.049988
463547.250000 4831434.079987 279.000000
463547.210022 4831434.109985 279.049988
463547.200012 4831434.070007 279.049988
463547.190002 4831434.040009 279.170013
463547.179993 4831434.049988 279.149994
463547.890015 4831434.029999 278.970001
463547.219971 4831434.070007 279.059998
463547.820007 4831434.230011 279.279999
463547.799988 4831434.239990 279.260010
463547.929993 4831434.019989 278.880005
463547.919983 4831433.970001 278.839996
463547.859985 4831434.010010 278.940002
463547.929993 4831433.989990 278.820007
463547.890015 4831434.040009 278.920013
463547.909973 4831434.100006 278.929993
463547.950012 4831434.079987 278.910004
463547.200012 4831434.149994 279.079987
463547.840027 4831433.929993 278.940002
463547.890015 4831434.059998 278.950012
463547.830017 4831434.239990 279.269989
463547.200012 4831434.119995 279.100006
463547.200012 4831434.119995 279.089996
463547.210022 4831434.130005 279.089996
463547.210022 4831434.149994 279.049988
463547.909973 4831434.040009 278.929993
463547.840027 4831434.100006 278.950012
463547.179993 4831434.140015 279.019989
463547.840027 4831433.989990 278.980011
463547.840027 4831434.239990 279.290009
463547.280029 4831434.179993 279.029999
463547.849976 4831434.250000 279.309998
463547.869995 4831434.230011 279.290009
463547.239990 4831434.140015 279.040009
463547.150024 4831434.149994 278.950012
463547.750000 4831434.350006 279.529999
463547.719971 4831434.309998 279.489990
463547.750000 4831434.290009 279.649994
463547.849976 4831434.239990 279.359985
463547.729980 4831434.320007 279.459991
463547.719971 4831434.309998 279.489990
463547.700012 4831434.339996 279.549988
463547.710022 4831434.290009 279.390015
463547.710022 4831434.329987 279.459991
463547.719971 4831434.339996 279.320007
463547.429993 4831434.320007 279.290009
463547.710022 4831434.309998 279.339996
463547.359985 4831434.339996 279.339996
463547.710022 4831434.299988 279.339996
463547.739990 4831434.290009 279.269989
463547.409973 4831434.320007 279.339996
463547.700012 4831434.299988 279.500000
463547.739990 4831434.299988 279.309998
463547.789978 4831434.260010 279.329987
463547.719971 4831434.299988 279.369995
463547.700012 4831434.299988 279.420013
463547.679993 4831434.329987 279.549988
463547.419983 4831434.329987 279.279999
463548.049988 4831434.350006 278.940002
463547.770020 4831434.279999 279.339996
463547.710022 4831434.309998 279.420013
463547.700012 4831434.329987 279.399994
463547.700012 4831434.320007 279.410004
463547.729980 4831434.309998 279.420013
463547.739990 4831434.309998 279.410004
463547.760010 4831434.290009 279.369995
463547.700012 4831434.309998 279.470001
463547.719971 4831434.320007 279.399994
463547.679993 4831434.329987 279.250000
463547.219971 4831434.179993 279.089996
463547.669983 4831434.359985 279.390015
463547.690002 4831434.290009 279.339996
463547.719971 4831434.269989 279.420013
463547.989990 4831434.279999 279.279999
463547.219971 4831434.170013 279.010010
463547.679993 4831434.309998 279.489990
463547.780029 4831434.269989 279.320007
463548.010010 4831434.329987 279.239990
463547.700012 4831434.320007 279.459991
463547.739990 4831434.299988 279.380005
463547.760010 4831434.279999 279.290009
463547.719971 4831434.339996 279.440002
463547.780029 4831434.250000 279.320007
463547.669983 4831434.359985 279.380005
463547.650024 4831434.220001 279.250000
463547.710022 4831434.309998 279.470001
463547.799988 4831434.260010 279.290009
463548.030029 4831434.329987 279.209991
463547.669983 4831434.339996 279.519989
463547.700012 4831434.350006 279.390015
463547.710022 4831434.329987 279.489990
463547.739990 4831434.320007 279.420013
463547.719971 4831434.299988 279.440002
463547.780029 4831434.269989 279.299988
463547.690002 4831434.339996 279.320007
463547.739990 4831434.279999 279.390015
463547.700012 4831434.299988 279.399994
463547.700012 4831434.320007 279.450012
463547.719971 4831434.299988 279.380005
463547.710022 4831434.320007 279.410004
463547.679993 4831434.339996 279.420013
463547.179993 4831434.140015 278.970001
463547.630005 4831434.230011 279.339996
463547.469971 4831434.260010 279.309998
463547.489990 4831434.269989 279.239990
463547.770020 4831434.290009 279.269989
463547.770020 4831434.279999 279.359985
463547.239990 4831434.190002 279.010010
463547.780029 4831434.250000 279.250000
463547.200012 4831434.160004 279.010010
463547.679993 4831434.309998 279.410004
463547.640015 4831434.329987 279.359985
463547.390015 4831434.350006 279.320007
463547.400024 4831434.299988 279.329987
463548.080017 4831434.339996 278.920013
463547.979980 4831434.320007 279.290009
463547.419983 4831434.290009 279.309998
463547.359985 4831434.329987 279.269989
463547.419983 4831434.359985 279.299988
463547.440002 4831434.320007 279.299988
463547.729980 4831434.290009 279.489990
463547.700012 4831434.320007 279.549988
463547.729980 4831434.290009 279.470001
463547.719971 4831434.320007 279.399994
463547.739990 4831434.309998 279.440002
463548.059998 4831434.320007 279.260010
463547.729980 4831434.279999 279.369995
463547.750000 4831434.250000 279.299988
463547.419983 4831434.279999 279.350006
463547.400024 4831434.290009 279.329987
463547.380005 4831434.299988 279.350006
463547.760010 4831434.200012 279.510010
463547.739990 4831434.200012 279.549988
463547.450012 4831434.320007 279.350006
463547.429993 4831434.279999 279.290009
463547.419983 4831434.320007 279.329987
463547.700012 4831434.339996 279.589996
463547.710022 4831434.320007 279.559998
463547.739990 4831434.320007 279.380005
463547.830017 4831434.260010 279.320007
463547.469971 4831434.339996 279.290009
463547.719971 4831434.309998 279.299988
