463548.159973 4831430.859985 269.799988
463548.169983 4831430.850006 269.790009
463548.179993 4831430.850006 269.660004
463548.169983 4831430.839996 269.790009
463548.179993 4831430.880005 269.799988
463548.169983 4831430.790009 269.570007
463548.179993 4831430.859985 269.799988
463548.210022 4831430.829987 269.799988
463548.190002 4831430.869995 269.799988
463548.219971 4831430.769989 269.790009
463548.349976 4831430.589996 269.739990
463548.229980 4831430.700012 269.790009
463548.250000 4831430.720001 269.760010
463548.270020 4831430.739990 269.739990
463548.190002 4831430.820007 269.799988
463548.289978 4831430.790009 269.720001
463548.280029 4831430.760010 269.720001
463548.260010 4831430.730011 269.709991
463548.250000 4831430.730011 269.790009
463548.330017 4831430.670013 269.739990
463548.190002 4831430.829987 269.549988
463548.200012 4831430.839996 269.670013
463548.210022 4831430.839996 269.779999
463548.190002 4831430.820007 269.799988
463548.239990 4831430.799988 269.720001
463548.229980 4831430.779999 269.739990
463548.229980 4831430.769989 269.799988
463548.289978 4831430.739990 269.700012
463548.280029 4831430.730011 269.750000
463548.260010 4831430.700012 269.769989
463548.250000 4831430.670013 269.799988
463548.340027 4831430.690002 269.720001
463548.320007 4831430.670013 269.730011
463548.309998 4831430.660004 269.779999
463548.299988 4831430.630005 269.790009
463548.179993 4831430.869995 269.779999
463548.200012 4831430.850006 269.640015
463548.200012 4831430.839996 269.700012
463548.210022 4831430.829987 269.779999
463548.270020 4831430.790009 269.619995
463548.280029 4831430.779999 269.690002
463548.280029 4831430.690002 269.720001
463548.280029 4831430.670013 269.769989
463548.400024 4831430.670013 269.720001
463548.219971 4831430.809998 269.760010
463548.369995 4831430.579987 269.739990
463548.409973 4831430.660004 269.799988
463548.419983 4831430.660004 269.750000
463548.429993 4831430.660004 269.690002
463548.340027 4831430.609985 269.750000
463548.349976 4831430.619995 269.709991
463548.369995 4831430.640015 269.679993
463548.380005 4831430.670013 269.660004
463548.289978 4831430.640015 269.799988
463548.309998 4831430.679993 269.790009
463548.239990 4831430.709991 269.769989
463548.260010 4831430.730011 269.739990
463548.270020 4831430.750000 269.720001
463548.299988 4831430.790009 269.720001
463548.200012 4831430.809998 269.799988
463548.210022 4831430.820007 269.760010
463548.219971 4831430.829987 269.720001
463548.200012 4831430.839996 269.700012
463548.200012 4831430.839996 269.760010
463548.239990 4831430.829987 269.690002
463548.219971 4831430.809998 269.720001
463548.219971 4831430.820007 269.790009
463548.250000 4831430.779999 269.720001
463548.239990 4831430.779999 269.769989
463548.289978 4831430.790009 269.730011
463548.260010 4831430.739990 269.750000
463548.309998 4831430.739990 269.739990
463548.289978 4831430.700012 269.750000
463548.280029 4831430.690002 269.790009
463548.369995 4831430.559998 269.790009
463548.190002 4831430.859985 269.730011
463548.179993 4831430.859985 269.790009
463548.219971 4831430.820007 269.739990
463548.219971 4831430.809998 269.790009
463548.289978 4831430.820007 269.730011
463548.250000 4831430.760010 269.790009
463548.289978 4831430.739990 269.700012
463548.270020 4831430.700012 269.720001
463548.330017 4831430.720001 269.700012
463548.309998 4831430.690002 269.739990
463548.309998 4831430.690002 269.799988
463548.229980 4831430.880005 269.709991
463548.229980 4831430.859985 269.799988
463548.210022 4831430.839996 269.600006
463548.219971 4831430.839996 269.670013
463548.229980 4831430.820007 269.790009
463548.239990 4831430.820007 269.670013
463548.260010 4831430.820007 269.739990
463548.250000 4831430.799988 269.779999
463548.270020 4831430.799988 269.709991
463548.260010 4831430.779999 269.750000
463548.260010 4831430.769989 269.799988
463548.299988 4831430.790009 269.690002
463548.260010 4831430.750000 269.690002
463548.280029 4831430.720001 269.779999
463548.289978 4831430.769989 269.700012
463548.309998 4831430.769989 269.750000
463548.400024 4831430.579987 269.769989
463548.419983 4831430.570007 269.790009
463548.270020 4831430.730011 269.790009
463548.289978 4831430.709991 269.790009
463548.380005 4831430.649994 269.779999
463548.429993 4831430.619995 269.750000
463548.320007 4831430.760010 269.760010
463548.239990 4831430.859985 269.709991
463548.270020 4831430.850006 269.739990
463548.260010 4831430.769989 269.700012
463548.229980 4831430.790009 269.720001
463548.320007 4831430.690002 269.690002
463548.320007 4831430.720001 269.739990
463548.349976 4831430.709991 269.700012
463548.200012 4831430.859985 269.779999
463548.229980 4831430.850006 269.769989
463548.210022 4831430.880005 269.570007
463548.229980 4831430.730011 269.790009
463548.250000 4831430.760010 269.720001
463548.299988 4831430.739990 269.769989
463548.229980 4831430.820007 269.790009
463548.260010 4831430.799988 269.779999
463548.260010 4831430.790009 269.679993
463548.179993 4831430.880005 269.790009
463548.210022 4831430.859985 269.790009
463548.239990 4831430.850006 269.779999
463548.239990 4831430.839996 269.720001
463548.280029 4831430.820007 269.720001
463548.229980 4831430.899994 269.750000
463548.219971 4831430.890015 269.640015
463548.239990 4831430.720001 269.779999
463548.270020 4831430.700012 269.790009
463548.260010 4831430.769989 269.799988
463548.280029 4831430.750000 269.760010
463548.200012 4831430.839996 269.790009
463548.229980 4831430.829987 269.779999
463548.250000 4831430.809998 269.760010
463548.280029 4831430.799988 269.750000
463548.299988 4831430.779999 269.730011
463548.320007 4831430.760010 269.709991
463548.190002 4831430.890015 269.799988
463548.210022 4831430.869995 269.779999
463548.250000 4831430.859985 269.779999
463548.239990 4831430.829987 269.679993
463548.280029 4831430.820007 269.679993
463548.869995 4831430.140015 269.690002
463548.760010 4831430.130005 269.730011
463548.460022 4831430.359985 269.570007
463548.429993 4831430.369995 269.630005
463548.640015 4831430.450012 269.760010
463548.429993 4831430.570007 269.790009
463548.489990 4831430.570007 269.700012
463548.479980 4831430.540009 269.799988
