463546.419983 4831429.850006 276.679993
463546.539978 4831429.980011 276.649994
463546.479980 4831429.989990 276.670013
463546.479980 4831429.989990 276.709991
463546.340027 4831429.970001 277.119995
463546.320007 4831430.000000 277.089996
463546.320007 4831430.000000 277.100006
463546.500000 4831429.970001 276.649994
463546.500000 4831429.980011 276.700012
463546.390015 4831429.970001 276.910004
463546.380005 4831429.970001 276.970001
463546.359985 4831429.959991 277.040009
463546.359985 4831429.970001 277.089996
463546.359985 4831430.000000 276.910004
463546.340027 4831429.989990 276.989990
463546.320007 4831429.970001 277.059998
463546.299988 4831429.970001 277.119995
463546.340027 4831429.920013 277.149994
463546.359985 4831429.920013 277.070007
463546.419983 4831429.910004 277.010010
463546.429993 4831429.899994 276.959991
463546.440002 4831429.910004 276.869995
463546.539978 4831429.929993 276.720001
463546.390015 4831429.940002 277.109985
463546.369995 4831429.920013 277.079987
463546.429993 4831429.940002 276.970001
463546.369995 4831429.940002 277.040009
463546.409973 4831429.940002 276.869995
463546.440002 4831429.950012 277.010010
463546.390015 4831429.950012 277.079987
463546.440002 4831429.970001 277.019989
463546.419983 4831429.950012 277.010010
463546.510010 4831429.950012 276.799988
463546.270020 4831429.940002 277.109985
463546.380005 4831430.019989 277.000000
463546.299988 4831430.010010 277.089996
463546.440002 4831430.000000 276.660004
463546.390015 4831430.010010 276.959991
463546.380005 4831429.989990 276.940002
463546.309998 4831429.970001 277.089996
463546.299988 4831429.940002 277.089996
463546.390015 4831430.019989 276.970001
463546.380005 4831430.000000 276.959991
463546.479980 4831430.019989 276.709991
463546.530029 4831429.980011 276.649994
463546.309998 4831430.019989 277.029999
463546.280029 4831430.019989 277.109985
463546.320007 4831430.019989 277.049988
463546.299988 4831430.000000 277.070007
463546.349976 4831430.019989 276.980011
463546.340027 4831430.000000 277.010010
463546.380005 4831430.010010 276.950012
463546.390015 4831430.019989 276.890015
463546.250000 4831429.950012 277.089996
463546.309998 4831429.989990 276.980011
463546.260010 4831429.959991 277.100006
463546.299988 4831430.019989 277.040009
463546.229980 4831429.989990 277.170013
463546.219971 4831430.000000 277.160004
463546.270020 4831430.010010 277.130005
463546.330017 4831430.010010 276.989990
463546.359985 4831430.019989 276.920013
463546.280029 4831429.980011 276.989990
463546.219971 4831430.010010 277.149994
463546.460022 4831430.019989 276.640015
463546.429993 4831430.019989 276.700012
463546.359985 4831430.019989 276.880005
463546.460022 4831430.010010 276.649994
463546.280029 4831429.959991 276.980011
463546.250000 4831429.980011 277.070007
463546.219971 4831429.940002 277.019989
463546.270020 4831430.010010 277.109985
463546.469971 4831429.989990 276.630005
463546.450012 4831429.989990 276.690002
463546.320007 4831430.000000 277.100006
463546.489990 4831430.019989 276.679993
463546.510010 4831430.010010 276.649994
463546.479980 4831430.019989 276.700012
463546.489990 4831430.000000 276.660004
463546.989990 4831429.420013 277.299988
463546.960022 4831429.399994 277.350006
463546.979980 4831429.420013 277.339996
463546.950012 4831429.390015 277.420013
463546.989990 4831429.440002 277.339996
463546.929993 4831429.429993 277.329987
463546.880005 4831429.420013 277.350006
463546.979980 4831429.420013 277.299988
463546.960022 4831429.399994 277.320007
463546.940002 4831429.380005 277.339996
463546.770020 4831429.329987 277.459991
463546.760010 4831429.299988 277.480011
463546.739990 4831429.279999 277.540009
463546.950012 4831429.410004 277.359985
463546.940002 4831429.390015 277.329987
463547.020020 4831429.429993 277.260010
463547.000000 4831429.399994 277.359985
463546.979980 4831429.369995 277.420013
463546.969971 4831429.350006 277.410004
463547.059998 4831429.440002 277.209991
463546.960022 4831429.410004 277.339996
463546.940002 4831429.399994 277.440002
463546.960022 4831429.420013 277.420013
463546.969971 4831429.429993 277.380005
463546.840027 4831429.429993 277.359985
463546.969971 4831429.429993 277.359985
463546.960022 4831429.410004 277.390015
463546.960022 4831429.399994 277.440002
463546.719971 4831429.359985 277.519989
463546.900024 4831429.429993 277.369995
463546.859985 4831429.420013 277.359985
463546.789978 4831429.399994 277.450012
463546.789978 4831429.399994 277.410004
463546.679993 4831429.369995 277.500000
463546.909973 4831429.429993 277.339996
463546.960022 4831429.429993 277.350006
463546.960022 4831429.440002 277.410004
463546.940002 4831429.410004 277.429993
463546.690002 4831429.339996 277.549988
463546.659973 4831429.239990 277.470001
463546.940002 4831429.440002 277.380005
463546.969971 4831429.420013 277.359985
463546.969971 4831429.429993 277.350006
463546.909973 4831429.410004 277.420013
463546.690002 4831429.350006 277.380005
463546.890015 4831429.410004 277.339996
463546.909973 4831429.399994 277.440002
463546.919983 4831429.429993 277.320007
463546.909973 4831429.429993 277.339996
463546.880005 4831429.279999 277.420013
463547.000000 4831429.410004 277.079987
463547.000000 4831429.420013 277.029999
463546.919983 4831429.369995 277.420013
463547.000000 4831429.380005 277.250000
463546.950012 4831429.410004 277.299988
463546.950012 4831429.420013 277.429993
463546.940002 4831429.420013 277.429993
463546.750000 4831429.369995 277.329987
463546.849976 4831429.399994 277.369995
463546.549988 4831429.910004 278.350006
463546.510010 4831429.920013 278.359985
463546.330017 4831429.980011 277.119995
463546.340027 4831429.959991 277.170013
463546.299988 4831429.980011 277.170013
463546.289978 4831429.989990 277.230011
463546.239990 4831430.000000 277.160004
463546.219971 4831429.989990 277.239990
463546.330017 4831429.920013 277.269989
463546.340027 4831429.920013 277.200012
463546.280029 4831429.929993 277.309998
463546.270020 4831429.899994 277.290009
463546.340027 4831429.929993 277.200012
463546.239990 4831429.929993 277.440002
463546.239990 4831429.920013 277.390015
463546.239990 4831429.940002 277.350006
463546.260010 4831429.959991 277.480011
463546.260010 4831429.950012 277.440002
463546.250000 4831429.950012 277.399994
463546.309998 4831429.959991 277.359985
463546.299988 4831429.950012 277.329987
463546.349976 4831429.959991 277.220001
463546.400024 4831429.959991 277.140015
463546.940002 4831429.989990 276.890015
463546.260010 4831429.970001 277.459991
463546.250000 4831429.959991 277.410004
463546.280029 4831429.970001 277.339996
463546.320007 4831429.959991 277.279999
463546.299988 4831429.950012 277.250000
463546.299988 4831429.980011 277.160004
463546.359985 4831429.970001 277.179993
463546.340027 4831429.950012 277.149994
463546.400024 4831429.970001 277.109985
463546.210022 4831429.950012 277.559998
463546.510010 4831429.899994 278.299988
463546.520020 4831429.929993 278.299988
463546.530029 4831429.940002 278.339996
463547.119995 4831429.690002 276.709991
463547.070007 4831429.570007 276.910004
463547.090027 4831429.600006 276.899994
463547.090027 4831429.640015 276.809998
463547.140015 4831429.690002 276.690002
463546.539978 4831429.959991 278.359985
463546.510010 4831429.950012 278.290009
463546.530029 4831429.970001 278.290009
463546.309998 4831430.019989 277.149994
463546.250000 4831430.019989 277.260010
463546.239990 4831430.010010 277.239990
463546.539978 4831429.929993 278.339996
463547.150024 4831429.670013 276.670013
463547.130005 4831429.630005 276.769989
463547.090027 4831429.570007 276.859985
463547.049988 4831429.489990 277.130005
463547.039978 4831429.459991 277.200012
463547.080017 4831429.470001 277.130005
463546.549988 4831429.959991 278.339996
463546.270020 4831429.989990 277.170013
463546.239990 4831430.000000 277.260010
463546.469971 4831429.910004 278.390015
463547.030029 4831429.480011 277.200012
463546.989990 4831429.450012 277.339996
463546.929993 4831429.459991 277.350006
463546.950012 4831429.480011 277.309998
463547.020020 4831429.600006 276.980011
463547.039978 4831429.609985 276.929993
463546.520020 4831429.989990 278.299988
463546.450012 4831429.959991 278.380005
463546.469971 4831429.980011 278.359985
463546.489990 4831429.989990 278.320007
463546.510010 4831430.010010 278.309998
463547.000000 4831429.510010 277.179993
463547.109985 4831429.690002 276.670013
463547.080017 4831429.619995 276.989990
463547.090027 4831429.649994 276.820007
463547.109985 4831429.670013 276.799988
463547.119995 4831429.679993 276.760010
463547.119995 4831429.700012 276.720001
463547.130005 4831429.709991 276.679993
463547.140015 4831429.730011 276.640015
463546.919983 4831429.440002 277.329987
463547.070007 4831429.619995 276.899994
463547.090027 4831429.630005 276.869995
463547.099976 4831429.649994 276.839996
463547.109985 4831429.660004 276.799988
463547.119995 4831429.670013 276.750000
463546.880005 4831429.450012 277.350006
463547.070007 4831429.660004 276.799988
463547.090027 4831429.679993 276.779999
463547.099976 4831429.690002 276.730011
463547.119995 4831429.720001 276.670013
463547.130005 4831429.730011 276.630005
463546.940002 4831429.450012 277.440002
463546.979980 4831429.480011 277.329987
463546.919983 4831429.459991 277.320007
463546.950012 4831429.510010 277.299988
463546.969971 4831429.519989 277.260010
463546.979980 4831429.510010 277.200012
463547.030029 4831429.640015 277.010010
463547.039978 4831429.609985 276.920013
463547.070007 4831429.640015 276.850006
463547.090027 4831429.649994 276.829987
463547.099976 4831429.660004 276.790009
463547.119995 4831429.670013 276.760010
463547.059998 4831429.679993 276.709991
463547.080017 4831429.709991 276.700012
463547.099976 4831429.730011 276.670013
463547.109985 4831429.739990 276.619995
463546.539978 4831429.980011 278.339996
463546.549988 4831429.989990 278.309998
463546.299988 4831430.019989 277.160004
463546.780029 4831430.019989 276.989990
463546.210022 4831429.989990 277.179993
463547.109985 4831429.720001 276.640015
463547.099976 4831429.700012 276.690002
463547.090027 4831429.679993 276.720001
463547.080017 4831429.670013 276.769989
463547.070007 4831429.660004 276.799988
463547.059998 4831429.640015 276.829987
463547.030029 4831429.600006 276.880005
463547.070007 4831429.579987 276.929993
463547.030029 4831429.519989 277.040009
463547.030029 4831429.519989 277.089996
463547.010010 4831429.500000 277.130005
463547.010010 4831429.489990 277.160004
463547.000000 4831429.480011 277.200012
463546.989990 4831429.470001 277.239990
463546.979980 4831429.459991 277.269989
463546.979980 4831429.459991 277.329987
463546.969971 4831429.500000 277.230011
463546.929993 4831429.440002 277.220001
463546.950012 4831429.459991 277.299988
463546.940002 4831429.440002 277.329987
463547.049988 4831429.570007 276.980011
463547.030029 4831429.529999 277.109985
463547.010010 4831429.500000 277.190002
463546.989990 4831429.470001 277.260010
463546.989990 4831429.450012 277.290009
463546.979980 4831429.440002 277.339996
463547.000000 4831429.489990 277.250000
463546.979980 4831429.450012 277.309998
463547.039978 4831429.500000 277.179993
463546.539978 4831430.019989 278.350006
463546.510010 4831429.970001 278.339996
463546.500000 4831429.950012 278.369995
463546.520020 4831430.019989 278.269989
463546.500000 4831429.989990 278.299988
463546.489990 4831429.980011 278.339996
463546.479980 4831429.959991 278.369995
463546.909973 4831429.450012 277.350006
463546.890015 4831429.440002 277.329987
463546.989990 4831429.470001 277.209991
463547.000000 4831429.500000 277.160004
463546.969971 4831429.489990 277.200012
463547.000000 4831429.519989 277.100006
463547.099976 4831429.679993 276.670013
463547.099976 4831429.709991 276.679993
463547.059998 4831429.649994 276.779999
463547.099976 4831429.690002 276.670013
463547.039978 4831429.600006 276.890015
463547.070007 4831429.640015 276.790009
463547.099976 4831429.679993 276.679993
463547.099976 4831429.709991 276.679993
463546.950012 4831429.470001 277.230011
463547.070007 4831429.640015 276.809998
463547.099976 4831429.679993 276.679993
463547.099976 4831429.709991 276.690002
463546.969971 4831429.459991 277.079987
463547.010010 4831429.450012 277.049988
463547.039978 4831429.470001 276.910004
463546.539978 4831430.010010 278.059998
463546.440002 4831429.989990 278.170013
463546.530029 4831430.019989 278.010010
463546.510010 4831429.899994 278.309998
463546.489990 4831429.910004 278.399994
463546.530029 4831429.980011 278.269989
463546.530029 4831429.989990 278.309998
463546.539978 4831430.019989 278.209991
463546.500000 4831429.940002 278.369995
463546.520020 4831429.899994 278.339996
463546.510010 4831429.910004 278.299988
463546.479980 4831429.850006 278.399994
463547.130005 4831429.600006 276.649994
463546.580017 4831430.019989 278.059998
463546.549988 4831429.950012 278.260010
463546.539978 4831429.959991 278.209991
463547.119995 4831429.660004 276.820007
463547.080017 4831429.559998 277.049988
463547.070007 4831429.609985 276.989990
463547.119995 4831429.679993 276.769989
463547.140015 4831429.709991 276.700012
463547.140015 4831429.739990 276.640015
463546.989990 4831429.489990 277.290009
463547.010010 4831429.480011 277.279999
463547.010010 4831429.510010 277.190002
463547.030029 4831429.500000 277.179993
463547.039978 4831429.519989 277.160004
463547.030029 4831429.549988 277.109985
463547.020020 4831429.609985 276.839996
463547.090027 4831429.609985 276.970001
463546.510010 4831429.980011 278.369995
463546.539978 4831429.959991 278.359985
463546.530029 4831430.019989 278.309998
463546.229980 4831430.019989 277.260010
463547.000000 4831429.500000 277.160004
463546.969971 4831429.450012 277.329987
463547.130005 4831429.700012 276.640015
463547.119995 4831429.679993 276.649994
463547.150024 4831429.679993 276.630005
463546.530029 4831430.019989 278.209991
463546.520020 4831429.959991 278.299988
463546.530029 4831429.959991 278.269989
463547.140015 4831429.709991 276.679993
463547.140015 4831429.660004 276.779999
463547.150024 4831429.649994 276.730011
463547.010010 4831429.440002 277.350006
463547.039978 4831429.489990 277.200012
463547.059998 4831429.470001 277.179993
463547.080017 4831429.519989 277.100006
463547.099976 4831429.549988 277.010010
463547.099976 4831429.579987 276.940002
463546.590027 4831430.019989 278.250000
463546.250000 4831430.019989 277.260010
463546.270020 4831430.019989 277.209991
463546.280029 4831430.010010 277.170013
463546.299988 4831430.000000 277.130005
463546.250000 4831430.019989 277.269989
463546.270020 4831430.010010 277.239990
463546.270020 4831429.989990 277.179993
463546.219971 4831430.010010 277.279999
463546.239990 4831429.989990 277.269989
463548.000000 4831430.019989 277.380005
463547.159973 4831429.619995 276.750000
463547.989990 4831429.970001 277.399994
463548.000000 4831430.019989 277.399994
463547.159973 4831429.720001 276.670013
463547.919983 4831430.019989 277.260010
463547.929993 4831430.000000 277.220001
463547.909973 4831430.019989 277.070007
463547.919983 4831430.000000 277.200012
463547.919983 4831430.000000 277.149994
463547.909973 4831430.010010 277.049988
463547.929993 4831429.989990 277.190002
463547.940002 4831429.980011 277.190002
463547.900024 4831430.010010 277.070007
463547.919983 4831430.000000 277.179993
463547.909973 4831430.010010 277.079987
463547.919983 4831430.010010 277.079987
463547.919983 4831430.019989 277.079987
463547.919983 4831430.010010 277.070007
463547.900024 4831430.019989 277.040009
463548.000000 4831430.010010 277.269989
463547.169983 4831429.700012 276.670013
