2.762200010000000248e+02 4.831430059998000041e+06 4.635471099849999882e+05
2.761900019999999927e+02 4.831430049987999722e+06 4.635471300049999845e+05
2.760599980000000073e+02 4.831429940001999959e+06 4.635471500239999732e+05
2.759400019999999927e+02 4.831429929992999882e+06 4.635471400150000118e+05
2.759800109999999904e+02 4.831429980011000298e+06 4.635471500239999732e+05
2.758099980000000073e+02 4.831430029999000020e+06 4.635471199950000155e+05
2.759599910000000023e+02 4.831429950012000278e+06 4.635471400150000118e+05
2.759100040000000149e+02 4.831429950012000278e+06 4.635471300049999845e+05
2.759500120000000152e+02 4.831429959990999661e+06 4.635471199950000155e+05
2.758699950000000172e+02 4.831429980011000298e+06 4.635471300049999845e+05
2.758099980000000073e+02 4.831429959990999661e+06 4.635471099849999882e+05
2.760000000000000000e+02 4.831429980011000298e+06 4.635471199950000155e+05
2.758900150000000053e+02 4.831430000000000000e+06 4.635471199950000155e+05
2.758399959999999851e+02 4.831430019988999702e+06 4.635471300049999845e+05
2.759100040000000149e+02 4.831429989989999682e+06 4.635471099849999882e+05
2.758699950000000172e+02 4.831430010010000318e+06 4.635471199950000155e+05
2.759299930000000245e+02 4.831429980011000298e+06 4.635471300049999845e+05
2.759100040000000149e+02 4.831430000000000000e+06 4.635471400150000118e+05
2.759500120000000152e+02 4.831429970000999980e+06 4.635471400150000118e+05
2.759800109999999904e+02 4.831429959990999661e+06 4.635471400150000118e+05
2.759100040000000149e+02 4.831429980011000298e+06 4.635471500239999732e+05
2.759800109999999904e+02 4.831429980011000298e+06 4.635471300049999845e+05
2.759200129999999831e+02 4.831430000000000000e+06 4.635471400150000118e+05
2.760100100000000225e+02 4.831429959990999661e+06 4.635471599730000016e+05
2.759100040000000149e+02 4.831429989989999682e+06 4.635471300049999845e+05
2.758800049999999828e+02 4.831430010010000318e+06 4.635471099849999882e+05
2.760000000000000000e+02 4.831429989989999682e+06 4.635471500239999732e+05
2.758800049999999828e+02 4.831429959990999661e+06 4.635471199950000155e+05
2.760700069999999755e+02 4.831429940001999959e+06 4.635471400150000118e+05
2.760899959999999851e+02 4.831429940001999959e+06 4.635471300049999845e+05
2.760599980000000073e+02 4.831429959990999661e+06 4.635471500239999732e+05
2.758999939999999924e+02 4.831430000000000000e+06 4.635471099849999882e+05
2.758599849999999947e+02 4.831430010010000318e+06 4.635471300049999845e+05
2.759700010000000248e+02 4.831429929992999882e+06 4.635471199950000155e+05
2.759800109999999904e+02 4.831429929992999882e+06 4.635471500239999732e+05
2.760700069999999755e+02 4.831429940001999959e+06 4.635471300049999845e+05
2.758200069999999755e+02 4.831429929992999882e+06 4.635471099849999882e+05
2.758299870000000169e+02 4.831430029999000020e+06 4.635471500239999732e+05
2.758900150000000053e+02 4.831429989989999682e+06 4.635471500239999732e+05
2.763299870000000169e+02 4.831430269988999702e+06 4.635480599979999824e+05
2.763800049999999828e+02 4.831430279999000020e+06 4.635480599979999824e+05
2.764400019999999927e+02 4.831430269988999702e+06 4.635480599979999824e+05
2.765000000000000000e+02 4.831430269988999702e+06 4.635480599979999824e+05
2.765499879999999848e+02 4.831430279999000020e+06 4.635480700070000021e+05
2.766199950000000172e+02 4.831430269988999702e+06 4.635480599979999824e+05
2.767200010000000248e+02 4.831430269988999702e+06 4.635480599979999824e+05
2.764100040000000149e+02 4.831430269988999702e+06 4.635480200199999963e+05
2.764800109999999904e+02 4.831430260010000318e+06 4.635480100100000273e+05
2.765000000000000000e+02 4.831430290009000339e+06 4.635480300290000159e+05
2.765599980000000073e+02 4.831430279999000020e+06 4.635480300290000159e+05
2.766199950000000172e+02 4.831430279999000020e+06 4.635480300290000159e+05
2.766799930000000245e+02 4.831430269988999702e+06 4.635480200199999963e+05
2.767300109999999904e+02 4.831430269988999702e+06 4.635480300290000159e+05
2.765700069999999755e+02 4.831430309998000041e+06 4.635479899899999727e+05
2.767099910000000023e+02 4.831430320007000118e+06 4.635479899899999727e+05
2.766000060000000076e+02 4.831430250000000000e+06 4.635480700070000021e+05
2.767399899999999775e+02 4.831430239989999682e+06 4.635480300290000159e+05
2.767799989999999752e+02 4.831430260010000318e+06 4.635480300290000159e+05
2.763099980000000073e+02 4.831430250000000000e+06 4.635480599979999824e+05
2.764100040000000149e+02 4.831430220000999980e+06 4.635480300290000159e+05
2.764400019999999927e+02 4.831430239989999682e+06 4.635480300290000159e+05
2.766300049999999828e+02 4.831430250000000000e+06 4.635480100100000273e+05
2.766900019999999927e+02 4.831430250000000000e+06 4.635479899899999727e+05
2.758500060000000076e+02 4.831430250000000000e+06 4.635480700070000021e+05
2.760400089999999977e+02 4.831430239989999682e+06 4.635480300290000159e+05
2.762200010000000248e+02 4.831430250000000000e+06 4.635480000000000000e+05
2.764800109999999904e+02 4.831430290009000339e+06 4.635479799800000037e+05
2.767600100000000225e+02 4.831430299987999722e+06 4.635479400020000176e+05
2.761900019999999927e+02 4.831430299987999722e+06 4.635479500119999866e+05
2.767000120000000152e+02 4.831430220000999980e+06 4.635480399779999861e+05
2.767500000000000000e+02 4.831430230011000298e+06 4.635480300290000159e+05
2.764400019999999927e+02 4.831430250000000000e+06 4.635480499880000134e+05
2.767600100000000225e+02 4.831430260010000318e+06 4.635479600220000139e+05
2.767999879999999848e+02 4.831430279999000020e+06 4.635479600220000139e+05
2.761900019999999927e+02 4.831430190001999959e+06 4.635480000000000000e+05
2.762200010000000248e+02 4.831430220000999980e+06 4.635480200199999963e+05
2.764400019999999927e+02 4.831430239989999682e+06 4.635479699709999841e+05
2.765400089999999977e+02 4.831430260010000318e+06 4.635479600220000139e+05
2.766700129999999831e+02 4.831430320007000118e+06 4.635479500119999866e+05
2.760299989999999752e+02 4.831430220000999980e+06 4.635480200199999963e+05
2.760899959999999851e+02 4.831430239989999682e+06 4.635480200199999963e+05
2.761600040000000149e+02 4.831430239989999682e+06 4.635479899899999727e+05
2.762099910000000023e+02 4.831430260010000318e+06 4.635479899899999727e+05
2.762699890000000096e+02 4.831430250000000000e+06 4.635479699709999841e+05
2.763399959999999851e+02 4.831430290009000339e+06 4.635479799800000037e+05
2.759599910000000023e+02 4.831430220000999980e+06 4.635479899899999727e+05
2.760000000000000000e+02 4.831430239989999682e+06 4.635479899899999727e+05
2.760499879999999848e+02 4.831430239989999682e+06 4.635479799800000037e+05
2.761099849999999947e+02 4.831430250000000000e+06 4.635479699709999841e+05
2.761600040000000149e+02 4.831430269988999702e+06 4.635479600220000139e+05
2.762099910000000023e+02 4.831430279999000020e+06 4.635479500119999866e+05
2.762399899999999775e+02 4.831430299987999722e+06 4.635479600220000139e+05
2.763399959999999851e+02 4.831430279999000020e+06 4.635479199830000289e+05
2.759500120000000152e+02 4.831430239989999682e+06 4.635479799800000037e+05
2.760000000000000000e+02 4.831430260010000318e+06 4.635479699709999841e+05
2.760700069999999755e+02 4.831430269988999702e+06 4.635479600220000139e+05
2.761300049999999828e+02 4.831430269988999702e+06 4.635479400020000176e+05
2.761600040000000149e+02 4.831430290009000339e+06 4.635479400020000176e+05
2.759500120000000152e+02 4.831430269988999702e+06 4.635479500119999866e+05
2.759899899999999775e+02 4.831430290009000339e+06 4.635479500119999866e+05
2.760499879999999848e+02 4.831430380005000159e+06 4.635480100100000273e+05
2.759400019999999927e+02 4.831430320007000118e+06 4.635479500119999866e+05
2.760400089999999977e+02 4.831430380005000159e+06 4.635479600220000139e+05
2.758800049999999828e+02 4.831429929992999882e+06 4.635472399899999727e+05
2.763099980000000073e+02 4.831430290009000339e+06 4.635480100100000273e+05
2.762099910000000023e+02 4.831430269988999702e+06 4.635480100100000273e+05
2.761700129999999831e+02 4.831430260010000318e+06 4.635480000000000000e+05
2.761199950000000172e+02 4.831430250000000000e+06 4.635480100100000273e+05
2.760700069999999755e+02 4.831430239989999682e+06 4.635480100100000273e+05
2.760199890000000096e+02 4.831430239989999682e+06 4.635480100100000273e+05
2.759599910000000023e+02 4.831430230011000298e+06 4.635480200199999963e+05
2.758900150000000053e+02 4.831430230011000298e+06 4.635480200199999963e+05
2.758099980000000073e+02 4.831430239989999682e+06 4.635480399779999861e+05
2.767900089999999977e+02 4.831430290009000339e+06 4.635480000000000000e+05
2.767200010000000248e+02 4.831430290009000339e+06 4.635480100100000273e+05
2.766499939999999924e+02 4.831430290009000339e+06 4.635480100100000273e+05
2.766199950000000172e+02 4.831430269988999702e+06 4.635480100100000273e+05
2.765499879999999848e+02 4.831430269988999702e+06 4.635480200199999963e+05
2.764899899999999775e+02 4.831430260010000318e+06 4.635480200199999963e+05
2.764599910000000023e+02 4.831430239989999682e+06 4.635480100100000273e+05
2.764200129999999831e+02 4.831430239989999682e+06 4.635480100100000273e+05
2.763699950000000172e+02 4.831430230011000298e+06 4.635480100100000273e+05
2.763099980000000073e+02 4.831430220000999980e+06 4.635480200199999963e+05
2.762600100000000225e+02 4.831430209990999661e+06 4.635480200199999963e+05
2.761900019999999927e+02 4.831430209990999661e+06 4.635480300290000159e+05
2.761300049999999828e+02 4.831430209990999661e+06 4.635480300290000159e+05
2.760799870000000169e+02 4.831430200012000278e+06 4.635480399779999861e+05
2.760000000000000000e+02 4.831430200012000278e+06 4.635480499880000134e+05
2.759200129999999831e+02 4.831430200012000278e+06 4.635480599979999824e+05
2.758500060000000076e+02 4.831430200012000278e+06 4.635480700070000021e+05
2.767500000000000000e+02 4.831430250000000000e+06 4.635480200199999963e+05
2.767099910000000023e+02 4.831430230011000298e+06 4.635480200199999963e+05
2.766499939999999924e+02 4.831430230011000298e+06 4.635480300290000159e+05
2.766000060000000076e+02 4.831430220000999980e+06 4.635480200199999963e+05
2.765199890000000096e+02 4.831430220000999980e+06 4.635480300290000159e+05
2.764599910000000023e+02 4.831430209990999661e+06 4.635480399779999861e+05
2.764200129999999831e+02 4.831430200012000278e+06 4.635480399779999861e+05
2.763599849999999947e+02 4.831430200012000278e+06 4.635480399779999861e+05
2.763099980000000073e+02 4.831430200012000278e+06 4.635480499880000134e+05
2.762500000000000000e+02 4.831430190001999959e+06 4.635480499880000134e+05
2.761799930000000245e+02 4.831430190001999959e+06 4.635480700070000021e+05
2.761000060000000076e+02 4.831430190001999959e+06 4.635480800169999711e+05
2.760499879999999848e+02 4.831430179992999882e+06 4.635480800169999711e+05
2.760000000000000000e+02 4.831430170013000257e+06 4.635480800169999711e+05
2.767799989999999752e+02 4.831430200012000278e+06 4.635480399779999861e+05
2.767200010000000248e+02 4.831430200012000278e+06 4.635480499880000134e+05
2.766600040000000149e+02 4.831430200012000278e+06 4.635480499880000134e+05
2.766000060000000076e+02 4.831430190001999959e+06 4.635480599979999824e+05
2.765299989999999752e+02 4.831430200012000278e+06 4.635480700070000021e+05
2.764800109999999904e+02 4.831430190001999959e+06 4.635480700070000021e+05
2.763999939999999924e+02 4.831430190001999959e+06 4.635480800169999711e+05
2.763299870000000169e+02 4.831430190001999959e+06 4.635480999760000268e+05
2.762600100000000225e+02 4.831430179992999882e+06 4.635480999760000268e+05
2.767799989999999752e+02 4.831430179992999882e+06 4.635480800169999711e+05
2.766700129999999831e+02 4.831430200012000278e+06 4.635480999760000268e+05
2.766199950000000172e+02 4.831430190001999959e+06 4.635480999760000268e+05
2.767600100000000225e+02 4.831430250000000000e+06 4.635480200199999963e+05
2.764200129999999831e+02 4.831430279999000020e+06 4.635480300290000159e+05
2.766099849999999947e+02 4.831430250000000000e+06 4.635480300290000159e+05
2.765899959999999851e+02 4.831430230011000298e+06 4.635480200199999963e+05
2.763999939999999924e+02 4.831430269988999702e+06 4.635480399779999861e+05
2.766099849999999947e+02 4.831430239989999682e+06 4.635480499880000134e+05
2.765599980000000073e+02 4.831430230011000298e+06 4.635480399779999861e+05
2.765799870000000169e+02 4.831430230011000298e+06 4.635480700070000021e+05
2.767900089999999977e+02 4.831430209990999661e+06 4.635480900269999984e+05
2.766000060000000076e+02 4.831430220000999980e+06 4.635480900269999984e+05
2.765700069999999755e+02 4.831430200012000278e+06 4.635480800169999711e+05
2.762500000000000000e+02 4.831430209990999661e+06 4.635480700070000021e+05
2.758500060000000076e+02 4.831430239989999682e+06 4.635480700070000021e+05
2.762600100000000225e+02 4.831430209990999661e+06 4.635480900269999984e+05
2.762099910000000023e+02 4.831430209990999661e+06 4.635480900269999984e+05
2.760700069999999755e+02 4.831430220000999980e+06 4.635480900269999984e+05
2.758800049999999828e+02 4.831430220000999980e+06 4.635480800169999711e+05
2.758200069999999755e+02 4.831430200012000278e+06 4.635480999760000268e+05
2.767699890000000096e+02 4.831430320007000118e+06 4.635480200199999963e+05
2.767099910000000023e+02 4.831430279999000020e+06 4.635480499880000134e+05
2.767000120000000152e+02 4.831430260010000318e+06 4.635480399779999861e+05
2.766000060000000076e+02 4.831430290009000339e+06 4.635480399779999861e+05
2.766199950000000172e+02 4.831430239989999682e+06 4.635480200199999963e+05
2.761600040000000149e+02 4.831430290009000339e+06 4.635480499880000134e+05
2.760799870000000169e+02 4.831430279999000020e+06 4.635479500119999866e+05
2.761199950000000172e+02 4.831430290009000339e+06 4.635479600220000139e+05
2.761900019999999927e+02 4.831430290009000339e+06 4.635479600220000139e+05
2.765199890000000096e+02 4.831430279999000020e+06 4.635479699709999841e+05
2.766400150000000053e+02 4.831430290009000339e+06 4.635479799800000037e+05
2.767399899999999775e+02 4.831430290009000339e+06 4.635479799800000037e+05
2.763399959999999851e+02 4.831430359985000454e+06 4.635479299929999979e+05
2.764100040000000149e+02 4.831430359985000454e+06 4.635479299929999979e+05
2.766099849999999947e+02 4.831430339995999821e+06 4.635479299929999979e+05
2.766700129999999831e+02 4.831430350006000139e+06 4.635479400020000176e+05
2.767699890000000096e+02 4.831430339995999821e+06 4.635479400020000176e+05
2.764899899999999775e+02 4.831430260010000318e+06 4.635480300290000159e+05
2.765599980000000073e+02 4.831430260010000318e+06 4.635480200199999963e+05
2.766400150000000053e+02 4.831430269988999702e+06 4.635480100100000273e+05
2.767200010000000248e+02 4.831430269988999702e+06 4.635480000000000000e+05
2.760599980000000073e+02 4.831430290009000339e+06 4.635480399779999861e+05
2.763399959999999851e+02 4.831430269988999702e+06 4.635479799800000037e+05
2.764599910000000023e+02 4.831430269988999702e+06 4.635479600220000139e+05
2.765299989999999752e+02 4.831430269988999702e+06 4.635479600220000139e+05
2.766199950000000172e+02 4.831430279999000020e+06 4.635479500119999866e+05
2.767000120000000152e+02 4.831430290009000339e+06 4.635479400020000176e+05
2.767500000000000000e+02 4.831430299987999722e+06 4.635479400020000176e+05
2.759299930000000245e+02 4.831430279999000020e+06 4.635479699709999841e+05
2.760299989999999752e+02 4.831430279999000020e+06 4.635479500119999866e+05
2.761199950000000172e+02 4.831430290009000339e+06 4.635479400020000176e+05
2.762000120000000152e+02 4.831430299987999722e+06 4.635479400020000176e+05
2.762600100000000225e+02 4.831430309998000041e+06 4.635479299929999979e+05
2.763200069999999755e+02 4.831430320007000118e+06 4.635479299929999979e+05
2.763800049999999828e+02 4.831430329986999743e+06 4.635479299929999979e+05
2.764200129999999831e+02 4.831430339995999821e+06 4.635479299929999979e+05
2.764599910000000023e+02 4.831430359985000454e+06 4.635479299929999979e+05
2.765000000000000000e+02 4.831430369994999841e+06 4.635479400020000176e+05
2.765000000000000000e+02 4.831430399993999861e+06 4.635479500119999866e+05
2.758099980000000073e+02 4.831430359985000454e+06 4.635479500119999866e+05
2.759100040000000149e+02 4.831430369994999841e+06 4.635479400020000176e+05
2.759200129999999831e+02 4.831430390014999546e+06 4.635479500119999866e+05
2.758599849999999947e+02 4.831430429992999882e+06 4.635479799800000037e+05
2.760100100000000225e+02 4.831430420013000257e+06 4.635479600220000139e+05
2.760400089999999977e+02 4.831430309998000041e+06 4.635479400020000176e+05
2.760899959999999851e+02 4.831430339995999821e+06 4.635479299929999979e+05
2.760899959999999851e+02 4.831430320007000118e+06 4.635479199830000289e+05
2.763900150000000053e+02 4.831430290009000339e+06 4.635479299929999979e+05
2.765599980000000073e+02 4.831430250000000000e+06 4.635479600220000139e+05
2.759400019999999927e+02 4.831429940001999959e+06 4.635471799929999979e+05
2.767900089999999977e+02 4.831430269988999702e+06 4.635479600220000139e+05
2.762799989999999752e+02 4.831430269988999702e+06 4.635479400020000176e+05
2.767999879999999848e+02 4.831430239989999682e+06 4.635480000000000000e+05
2.766099849999999947e+02 4.831430239989999682e+06 4.635479899899999727e+05
2.767999879999999848e+02 4.831430279999000020e+06 4.635480800169999711e+05
2.766199950000000172e+02 4.831430260010000318e+06 4.635480599979999824e+05
2.765700069999999755e+02 4.831430239989999682e+06 4.635480399779999861e+05
2.761199950000000172e+02 4.831430239989999682e+06 4.635480200199999963e+05
2.758299870000000169e+02 4.831429989989999682e+06 4.635471599730000016e+05
2.765700069999999755e+02 4.831430290009000339e+06 4.635480999760000268e+05
2.765199890000000096e+02 4.831430279999000020e+06 4.635480700070000021e+05
2.763699950000000172e+02 4.831430260010000318e+06 4.635480300290000159e+05
2.761300049999999828e+02 4.831430260010000318e+06 4.635479699709999841e+05
2.760799870000000169e+02 4.831430339995999821e+06 4.635480800169999711e+05
2.761900019999999927e+02 4.831430290009000339e+06 4.635480800169999711e+05
2.761900019999999927e+02 4.831430260010000318e+06 4.635480599979999824e+05
2.760000000000000000e+02 4.831430250000000000e+06 4.635480100100000273e+05
2.759200129999999831e+02 4.831430260010000318e+06 4.635480800169999711e+05
2.765899959999999851e+02 4.831430299987999722e+06 4.635480399779999861e+05
2.765100100000000225e+02 4.831430320007000118e+06 4.635480499880000134e+05
2.763900150000000053e+02 4.831430329986999743e+06 4.635480399779999861e+05
2.762900089999999977e+02 4.831430339995999821e+06 4.635480499880000134e+05
2.761700129999999831e+02 4.831430350006000139e+06 4.635480399779999861e+05
2.760299989999999752e+02 4.831430369994999841e+06 4.635480399779999861e+05
2.759599910000000023e+02 4.831430380005000159e+06 4.635480499880000134e+05
2.764400019999999927e+02 4.831430390014999546e+06 4.635480300290000159e+05
2.762699890000000096e+02 4.831430399993999861e+06 4.635480200199999963e+05
2.761400150000000053e+02 4.831430410004000179e+06 4.635480200199999963e+05
2.759700010000000248e+02 4.831430420013000257e+06 4.635480100100000273e+05
2.758999939999999924e+02 4.831430429992999882e+06 4.635480100100000273e+05
2.765100100000000225e+02 4.831430410004000179e+06 4.635479899899999727e+05
2.763399959999999851e+02 4.831430420013000257e+06 4.635479799800000037e+05
2.760700069999999755e+02 4.831430420013000257e+06 4.635479600220000139e+05
2.759400019999999927e+02 4.831430440001999959e+06 4.635479600220000139e+05
2.760899959999999851e+02 4.831430420013000257e+06 4.635479199830000289e+05
2.767699890000000096e+02 4.831430329986999743e+06 4.635479000239999732e+05
2.767500000000000000e+02 4.831430399993999861e+06 4.635479400020000176e+05
2.767300109999999904e+02 4.831430429992999882e+06 4.635479600220000139e+05
2.765799870000000169e+02 4.831430309998000041e+06 4.635479000239999732e+05
2.766300049999999828e+02 4.831430350006000139e+06 4.635479000239999732e+05
2.766600040000000149e+02 4.831430390014999546e+06 4.635479099730000016e+05
2.766400150000000053e+02 4.831430410004000179e+06 4.635479299929999979e+05
2.765799870000000169e+02 4.831430420013000257e+06 4.635479600220000139e+05
2.764800109999999904e+02 4.831430420013000257e+06 4.635479899899999727e+05
2.765199890000000096e+02 4.831430320007000118e+06 4.635479000239999732e+05
2.765799870000000169e+02 4.831430359985000454e+06 4.635479000239999732e+05
2.765899959999999851e+02 4.831430390014999546e+06 4.635479099730000016e+05
2.765700069999999755e+02 4.831430410004000179e+06 4.635479199830000289e+05
2.765299989999999752e+02 4.831430420013000257e+06 4.635479500119999866e+05
2.764700010000000248e+02 4.831430429992999882e+06 4.635479699709999841e+05
2.764200129999999831e+02 4.831430320007000118e+06 4.635478900150000118e+05
2.764299930000000245e+02 4.831430350006000139e+06 4.635479000239999732e+05
2.764599910000000023e+02 4.831430390014999546e+06 4.635479099730000016e+05
2.764500120000000152e+02 4.831430410004000179e+06 4.635479299929999979e+05
2.764200129999999831e+02 4.831430420013000257e+06 4.635479500119999866e+05
2.763299870000000169e+02 4.831430420013000257e+06 4.635479799800000037e+05
2.764899899999999775e+02 4.831430329986999743e+06 4.635478900150000118e+05
2.765299989999999752e+02 4.831430369994999841e+06 4.635478900150000118e+05
2.765400089999999977e+02 4.831430390014999546e+06 4.635479099730000016e+05
2.765199890000000096e+02 4.831430410004000179e+06 4.635479199830000289e+05
2.764700010000000248e+02 4.831430429992999882e+06 4.635479500119999866e+05
2.763999939999999924e+02 4.831430429992999882e+06 4.635479799800000037e+05
2.765000000000000000e+02 4.831430339995999821e+06 4.635479000239999732e+05
2.765299989999999752e+02 4.831430369994999841e+06 4.635479099730000016e+05
2.765299989999999752e+02 4.831430399993999861e+06 4.635479199830000289e+05
2.765000000000000000e+02 4.831430410004000179e+06 4.635479400020000176e+05
2.764599910000000023e+02 4.831430420013000257e+06 4.635479600220000139e+05
2.763399959999999851e+02 4.831430420013000257e+06 4.635479899899999727e+05
2.765499879999999848e+02 4.831430320007000118e+06 4.635479000239999732e+05
2.766199950000000172e+02 4.831430369994999841e+06 4.635479000239999732e+05
2.766199950000000172e+02 4.831430399993999861e+06 4.635479099730000016e+05
2.765899959999999851e+02 4.831430410004000179e+06 4.635479299929999979e+05
2.765199890000000096e+02 4.831430420013000257e+06 4.635479600220000139e+05
2.764700010000000248e+02 4.831430429992999882e+06 4.635479799800000037e+05
2.765799870000000169e+02 4.831430339995999821e+06 4.635479000239999732e+05
2.766000060000000076e+02 4.831430369994999841e+06 4.635479000239999732e+05
2.766000060000000076e+02 4.831430399993999861e+06 4.635479199830000289e+05
2.765599980000000073e+02 4.831430410004000179e+06 4.635479400020000176e+05
2.765000000000000000e+02 4.831430420013000257e+06 4.635479699709999841e+05
2.767300109999999904e+02 4.831430329986999743e+06 4.635478699950000155e+05
2.767099910000000023e+02 4.831430350006000139e+06 4.635478900150000118e+05
2.767200010000000248e+02 4.831430380005000159e+06 4.635479000239999732e+05
2.767200010000000248e+02 4.831430410004000179e+06 4.635479199830000289e+05
2.766700129999999831e+02 4.831430410004000179e+06 4.635479400020000176e+05
2.766199950000000172e+02 4.831430420013000257e+06 4.635479600220000139e+05
2.764899899999999775e+02 4.831430410004000179e+06 4.635480000000000000e+05
2.766099849999999947e+02 4.831430320007000118e+06 4.635478900150000118e+05
2.766499939999999924e+02 4.831430359985000454e+06 4.635479000239999732e+05
2.766799930000000245e+02 4.831430390014999546e+06 4.635479099730000016e+05
2.766400150000000053e+02 4.831430410004000179e+06 4.635479299929999979e+05
2.765799870000000169e+02 4.831430429992999882e+06 4.635479600220000139e+05
2.764800109999999904e+02 4.831430420013000257e+06 4.635479899899999727e+05
2.765700069999999755e+02 4.831430359985000454e+06 4.635478900150000118e+05
2.765899959999999851e+02 4.831430390014999546e+06 4.635479000239999732e+05
2.765700069999999755e+02 4.831430410004000179e+06 4.635479199830000289e+05
2.765199890000000096e+02 4.831430420013000257e+06 4.635479400020000176e+05
2.764500120000000152e+02 4.831430429992999882e+06 4.635479699709999841e+05
2.762099910000000023e+02 4.831430420013000257e+06 4.635479500119999866e+05
2.761300049999999828e+02 4.831430420013000257e+06 4.635479799800000037e+05
2.760199890000000096e+02 4.831430359985000454e+06 4.635478900150000118e+05
2.761000060000000076e+02 4.831430410004000179e+06 4.635478900150000118e+05
2.760100100000000225e+02 4.831430410004000179e+06 4.635479199830000289e+05
2.759800109999999904e+02 4.831430420013000257e+06 4.635479400020000176e+05
2.758999939999999924e+02 4.831430429992999882e+06 4.635479699709999841e+05
2.758599849999999947e+02 4.831430440001999959e+06 4.635479899899999727e+05
2.759200129999999831e+02 4.831430390014999546e+06 4.635479699709999841e+05
2.760299989999999752e+02 4.831430380005000159e+06 4.635479500119999866e+05
2.760799870000000169e+02 4.831430369994999841e+06 4.635479400020000176e+05
2.761199950000000172e+02 4.831430359985000454e+06 4.635479299929999979e+05
2.761799930000000245e+02 4.831430350006000139e+06 4.635479199830000289e+05
2.762399899999999775e+02 4.831430350006000139e+06 4.635479000239999732e+05
2.763099980000000073e+02 4.831430350006000139e+06 4.635478900150000118e+05
2.760000000000000000e+02 4.831430350006000139e+06 4.635480399779999861e+05
2.760700069999999755e+02 4.831430359985000454e+06 4.635480300290000159e+05
2.761300049999999828e+02 4.831430350006000139e+06 4.635480200199999963e+05
2.762999879999999848e+02 4.831430369994999841e+06 4.635480000000000000e+05
2.763399959999999851e+02 4.831430359985000454e+06 4.635479899899999727e+05
2.765199890000000096e+02 4.831430380005000159e+06 4.635479799800000037e+05
2.767399899999999775e+02 4.831430390014999546e+06 4.635479500119999866e+05
2.767799989999999752e+02 4.831430369994999841e+06 4.635479299929999979e+05
2.765400089999999977e+02 4.831430329986999743e+06 4.635480399779999861e+05
2.766499939999999924e+02 4.831430350006000139e+06 4.635480300290000159e+05
2.767799989999999752e+02 4.831430369994999841e+06 4.635480300290000159e+05
2.767999879999999848e+02 4.831430299987999722e+06 4.635480700070000021e+05
2.762799989999999752e+02 4.831430399993999861e+06 4.635479400020000176e+05
2.762799989999999752e+02 4.831430369994999841e+06 4.635479199830000289e+05
2.765400089999999977e+02 4.831430390014999546e+06 4.635479500119999866e+05
2.758599849999999947e+02 4.831430420013000257e+06 4.635479699709999841e+05
2.759400019999999927e+02 4.831430410004000179e+06 4.635479600220000139e+05
2.760000000000000000e+02 4.831430399993999861e+06 4.635479600220000139e+05
2.760599980000000073e+02 4.831430399993999861e+06 4.635479600220000139e+05
2.761099849999999947e+02 4.831430390014999546e+06 4.635479600220000139e+05
2.762399899999999775e+02 4.831430410004000179e+06 4.635479799800000037e+05
2.762999879999999848e+02 4.831430399993999861e+06 4.635479699709999841e+05
2.763599849999999947e+02 4.831430390014999546e+06 4.635479699709999841e+05
2.764800109999999904e+02 4.831430399993999861e+06 4.635479799800000037e+05
2.765299989999999752e+02 4.831430390014999546e+06 4.635479799800000037e+05
2.759200129999999831e+02 4.831430410004000179e+06 4.635480000000000000e+05
2.759899899999999775e+02 4.831430399993999861e+06 4.635480000000000000e+05
2.760599980000000073e+02 4.831430390014999546e+06 4.635480000000000000e+05
2.762600100000000225e+02 4.831430399993999861e+06 4.635480100100000273e+05
2.763099980000000073e+02 4.831430390014999546e+06 4.635480100100000273e+05
2.763800049999999828e+02 4.831430380005000159e+06 4.635480100100000273e+05
2.764599910000000023e+02 4.831430380005000159e+06 4.635480100100000273e+05
2.765199890000000096e+02 4.831430380005000159e+06 4.635480100100000273e+05
2.759400019999999927e+02 4.831430390014999546e+06 4.635480399779999861e+05
2.762500000000000000e+02 4.831430380005000159e+06 4.635480499880000134e+05
2.762999879999999848e+02 4.831430369994999841e+06 4.635480399779999861e+05
2.763800049999999828e+02 4.831430359985000454e+06 4.635480399779999861e+05
2.765700069999999755e+02 4.831430359985000454e+06 4.635480499880000134e+05
2.760000000000000000e+02 4.831430329986999743e+06 4.635480499880000134e+05
2.761400150000000053e+02 4.831430299987999722e+06 4.635480399779999861e+05
2.762900089999999977e+02 4.831430320007000118e+06 4.635480599979999824e+05
2.763399959999999851e+02 4.831430309998000041e+06 4.635480499880000134e+05
2.765100100000000225e+02 4.831430390014999546e+06 4.635479699709999841e+05
2.761900019999999927e+02 4.831430390014999546e+06 4.635480300290000159e+05
2.763900150000000053e+02 4.831430359985000454e+06 4.635480499880000134e+05
2.764500120000000152e+02 4.831430350006000139e+06 4.635480499880000134e+05
2.765100100000000225e+02 4.831430329986999743e+06 4.635480599979999824e+05
2.765499879999999848e+02 4.831430320007000118e+06 4.635480499880000134e+05
2.765599980000000073e+02 4.831430290009000339e+06 4.635480399779999861e+05
2.759700010000000248e+02 4.831430390014999546e+06 4.635480499880000134e+05
2.761099849999999947e+02 4.831430369994999841e+06 4.635480599979999824e+05
2.761600040000000149e+02 4.831430350006000139e+06 4.635480599979999824e+05
2.762799989999999752e+02 4.831430320007000118e+06 4.635480599979999824e+05
2.762900089999999977e+02 4.831430299987999722e+06 4.635480499880000134e+05
2.763099980000000073e+02 4.831430279999000020e+06 4.635480399779999861e+05
2.759299930000000245e+02 4.831430320007000118e+06 4.635480599979999824e+05
2.759800109999999904e+02 4.831430299987999722e+06 4.635480599979999824e+05
2.760299989999999752e+02 4.831430290009000339e+06 4.635480599979999824e+05
2.764500120000000152e+02 4.831430339995999821e+06 4.635480499880000134e+05
2.763699950000000172e+02 4.831430410004000179e+06 4.635480000000000000e+05
2.763299870000000169e+02 4.831430420013000257e+06 4.635480100100000273e+05
2.762500000000000000e+02 4.831430410004000179e+06 4.635480000000000000e+05
2.759200129999999831e+02 4.831430429992999882e+06 4.635480100100000273e+05
2.765000000000000000e+02 4.831430359985000454e+06 4.635480399779999861e+05
2.762799989999999752e+02 4.831430329986999743e+06 4.635480499880000134e+05
2.762600100000000225e+02 4.831430350006000139e+06 4.635480700070000021e+05
2.762900089999999977e+02 4.831430329986999743e+06 4.635480300290000159e+05
2.762699890000000096e+02 4.831430350006000139e+06 4.635480399779999861e+05
2.761900019999999927e+02 4.831430339995999821e+06 4.635480499880000134e+05
2.764700010000000248e+02 4.831430390014999546e+06 4.635480200199999963e+05
2.763299870000000169e+02 4.831430380005000159e+06 4.635480300290000159e+05
2.762699890000000096e+02 4.831430380005000159e+06 4.635480300290000159e+05
2.762200010000000248e+02 4.831430380005000159e+06 4.635480399779999861e+05
2.765899959999999851e+02 4.831430410004000179e+06 4.635480000000000000e+05
2.763500060000000076e+02 4.831430380005000159e+06 4.635480200199999963e+05
2.762999879999999848e+02 4.831430390014999546e+06 4.635480300290000159e+05
2.762200010000000248e+02 4.831430380005000159e+06 4.635480300290000159e+05
2.766000060000000076e+02 4.831430410004000179e+06 4.635479899899999727e+05
2.765199890000000096e+02 4.831430399993999861e+06 4.635480000000000000e+05
2.764700010000000248e+02 4.831430410004000179e+06 4.635480100100000273e+05
2.763399959999999851e+02 4.831430380005000159e+06 4.635480100100000273e+05
2.762999879999999848e+02 4.831430390014999546e+06 4.635480200199999963e+05
2.762399899999999775e+02 4.831430390014999546e+06 4.635480300290000159e+05
2.766000060000000076e+02 4.831430399993999861e+06 4.635480100100000273e+05
2.764599910000000023e+02 4.831430380005000159e+06 4.635480200199999963e+05
2.763200069999999755e+02 4.831430359985000454e+06 4.635480200199999963e+05
2.762699890000000096e+02 4.831430359985000454e+06 4.635480300290000159e+05
2.761900019999999927e+02 4.831430350006000139e+06 4.635480399779999861e+05
2.763500060000000076e+02 4.831430399993999861e+06 4.635480200199999963e+05
2.762799989999999752e+02 4.831430390014999546e+06 4.635480200199999963e+05
2.762099910000000023e+02 4.831430380005000159e+06 4.635480200199999963e+05
2.764800109999999904e+02 4.831430410004000179e+06 4.635479799800000037e+05
2.763500060000000076e+02 4.831430410004000179e+06 4.635480000000000000e+05
2.762999879999999848e+02 4.831430410004000179e+06 4.635480000000000000e+05
2.762600100000000225e+02 4.831430410004000179e+06 4.635480100100000273e+05
2.765199890000000096e+02 4.831430399993999861e+06 4.635479299929999979e+05
2.763599849999999947e+02 4.831430390014999546e+06 4.635479500119999866e+05
2.762799989999999752e+02 4.831430410004000179e+06 4.635479699709999841e+05
2.762399899999999775e+02 4.831430420013000257e+06 4.635479899899999727e+05
2.763399959999999851e+02 4.831430390014999546e+06 4.635479099730000016e+05
2.762999879999999848e+02 4.831430390014999546e+06 4.635479199830000289e+05
2.762799989999999752e+02 4.831430420013000257e+06 4.635479400020000176e+05
2.762300109999999904e+02 4.831430420013000257e+06 4.635479400020000176e+05
2.767500000000000000e+02 4.831430369994999841e+06 4.635480300290000159e+05
2.764599910000000023e+02 4.831430359985000454e+06 4.635480499880000134e+05
2.767000120000000152e+02 4.831430429992999882e+06 4.635479699709999841e+05
2.766499939999999924e+02 4.831430420013000257e+06 4.635479799800000037e+05
2.767099910000000023e+02 4.831430420013000257e+06 4.635479099730000016e+05
2.766300049999999828e+02 4.831430399993999861e+06 4.635479299929999979e+05
2.765899959999999851e+02 4.831430410004000179e+06 4.635479400020000176e+05
2.765499879999999848e+02 4.831430390014999546e+06 4.635479099730000016e+05
2.765599980000000073e+02 4.831430429992999882e+06 4.635479299929999979e+05
2.765000000000000000e+02 4.831430420013000257e+06 4.635479400020000176e+05
2.765599980000000073e+02 4.831430399993999861e+06 4.635479000239999732e+05
2.764899899999999775e+02 4.831430380005000159e+06 4.635479199830000289e+05
2.765000000000000000e+02 4.831430429992999882e+06 4.635479400020000176e+05
2.765799870000000169e+02 4.831430390014999546e+06 4.635479000239999732e+05
2.765400089999999977e+02 4.831430399993999861e+06 4.635479099730000016e+05
2.764899899999999775e+02 4.831430399993999861e+06 4.635479299929999979e+05
2.765299989999999752e+02 4.831430390014999546e+06 4.635478900150000118e+05
2.764800109999999904e+02 4.831430390014999546e+06 4.635479099730000016e+05
2.764700010000000248e+02 4.831430429992999882e+06 4.635479299929999979e+05
2.763999939999999924e+02 4.831430450012000278e+06 4.635479500119999866e+05
2.762300109999999904e+02 4.831430429992999882e+06 4.635479899899999727e+05
2.761600040000000149e+02 4.831430420013000257e+06 4.635479600220000139e+05
2.761300049999999828e+02 4.831430429992999882e+06 4.635479799800000037e+05
2.760199890000000096e+02 4.831430429992999882e+06 4.635480100100000273e+05
2.759500120000000152e+02 4.831430410004000179e+06 4.635480200199999963e+05
2.761099849999999947e+02 4.831430429992999882e+06 4.635479600220000139e+05
2.760499879999999848e+02 4.831430420013000257e+06 4.635479799800000037e+05
2.760299989999999752e+02 4.831430440001999959e+06 4.635479899899999727e+05
2.759599910000000023e+02 4.831430420013000257e+06 4.635480100100000273e+05
2.759200129999999831e+02 4.831430429992999882e+06 4.635480200199999963e+05
2.762900089999999977e+02 4.831430369994999841e+06 4.635479000239999732e+05
2.761799930000000245e+02 4.831430450012000278e+06 4.635479600220000139e+05
2.761099849999999947e+02 4.831430429992999882e+06 4.635479699709999841e+05
2.760599980000000073e+02 4.831430429992999882e+06 4.635479899899999727e+05
2.759500120000000152e+02 4.831430420013000257e+06 4.635480200199999963e+05
2.762500000000000000e+02 4.831430380005000159e+06 4.635478900150000118e+05
2.761099849999999947e+02 4.831430420013000257e+06 4.635479500119999866e+05
2.760799870000000169e+02 4.831430429992999882e+06 4.635479600220000139e+05
2.760400089999999977e+02 4.831430440001999959e+06 4.635479799800000037e+05
2.759700010000000248e+02 4.831430420013000257e+06 4.635479899899999727e+05
2.759299930000000245e+02 4.831430429992999882e+06 4.635480100100000273e+05
2.761099849999999947e+02 4.831430440001999959e+06 4.635479400020000176e+05
2.760400089999999977e+02 4.831430440001999959e+06 4.635479500119999866e+05
2.760100100000000225e+02 4.831430450012000278e+06 4.635479699709999841e+05
2.759400019999999927e+02 4.831430440001999959e+06 4.635479799800000037e+05
2.758900150000000053e+02 4.831430440001999959e+06 4.635480000000000000e+05
2.760299989999999752e+02 4.831430399993999861e+06 4.635479099730000016e+05
2.760299989999999752e+02 4.831430429992999882e+06 4.635479299929999979e+05
2.759400019999999927e+02 4.831430440001999959e+06 4.635479500119999866e+05
2.760499879999999848e+02 4.831430410004000179e+06 4.635479000239999732e+05
2.760299989999999752e+02 4.831430429992999882e+06 4.635479199830000289e+05
2.759400019999999927e+02 4.831430440001999959e+06 4.635479500119999866e+05
2.758999939999999924e+02 4.831430420013000257e+06 4.635479299929999979e+05
2.758900150000000053e+02 4.831430450012000278e+06 4.635479500119999866e+05
2.758900150000000053e+02 4.831430399993999861e+06 4.635479099730000016e+05
2.758900150000000053e+02 4.831430440001999959e+06 4.635479299929999979e+05
2.758999939999999924e+02 4.831430410004000179e+06 4.635478900150000118e+05
2.758800049999999828e+02 4.831430440001999959e+06 4.635479099730000016e+05
2.759100040000000149e+02 4.831430390014999546e+06 4.635479000239999732e+05
2.758999939999999924e+02 4.831430420013000257e+06 4.635479099730000016e+05
2.759100040000000149e+02 4.831430459990999661e+06 4.635479299929999979e+05
2.760100100000000225e+02 4.831429959990999661e+06 4.635471699830000289e+05
2.758999939999999924e+02 4.831430420013000257e+06 4.635479299929999979e+05
2.760299989999999752e+02 4.831430390014999546e+06 4.635479000239999732e+05
2.761000060000000076e+02 4.831430399993999861e+06 4.635479000239999732e+05
2.758399959999999851e+02 4.831430410004000179e+06 4.635479699709999841e+05
2.758999939999999924e+02 4.831430420013000257e+06 4.635479699709999841e+05
2.759599910000000023e+02 4.831430420013000257e+06 4.635479600220000139e+05
2.760299989999999752e+02 4.831430390014999546e+06 4.635479400020000176e+05
2.760899959999999851e+02 4.831430399993999861e+06 4.635479400020000176e+05
2.762099910000000023e+02 4.831430420013000257e+06 4.635479400020000176e+05
2.762699890000000096e+02 4.831430380005000159e+06 4.635479099730000016e+05
2.763099980000000073e+02 4.831430369994999841e+06 4.635479000239999732e+05
2.763800049999999828e+02 4.831430369994999841e+06 4.635479000239999732e+05
2.764299930000000245e+02 4.831430369994999841e+06 4.635478900150000118e+05
2.759200129999999831e+02 4.831430410004000179e+06 4.635480100100000273e+05
2.759899899999999775e+02 4.831430420013000257e+06 4.635480100100000273e+05
2.762099910000000023e+02 4.831430420013000257e+06 4.635479899899999727e+05
2.762500000000000000e+02 4.831430399993999861e+06 4.635479699709999841e+05
2.763500060000000076e+02 4.831430410004000179e+06 4.635479699709999841e+05
2.763900150000000053e+02 4.831430399993999861e+06 4.635479600220000139e+05
2.764500120000000152e+02 4.831430410004000179e+06 4.635479600220000139e+05
2.764899899999999775e+02 4.831430390014999546e+06 4.635479500119999866e+05
2.765400089999999977e+02 4.831430390014999546e+06 4.635479400020000176e+05
2.766099849999999947e+02 4.831430399993999861e+06 4.635479400020000176e+05
2.766400150000000053e+02 4.831430380005000159e+06 4.635479299929999979e+05
2.759800109999999904e+02 4.831430380005000159e+06 4.635480399779999861e+05
2.762799989999999752e+02 4.831430380005000159e+06 4.635480000000000000e+05
2.763500060000000076e+02 4.831430390014999546e+06 4.635480000000000000e+05
2.764100040000000149e+02 4.831430380005000159e+06 4.635479899899999727e+05
2.764700010000000248e+02 4.831430390014999546e+06 4.635479899899999727e+05
2.765199890000000096e+02 4.831430390014999546e+06 4.635479899899999727e+05
2.765599980000000073e+02 4.831430390014999546e+06 4.635479799800000037e+05
2.766300049999999828e+02 4.831430399993999861e+06 4.635479799800000037e+05
2.766600040000000149e+02 4.831430380005000159e+06 4.635479699709999841e+05
2.763099980000000073e+02 4.831430350006000139e+06 4.635480300290000159e+05
2.763599849999999947e+02 4.831430350006000139e+06 4.635480200199999963e+05
2.764200129999999831e+02 4.831430350006000139e+06 4.635480200199999963e+05
2.764700010000000248e+02 4.831430359985000454e+06 4.635480100100000273e+05
2.765299989999999752e+02 4.831430359985000454e+06 4.635480100100000273e+05
2.766000060000000076e+02 4.831430369994999841e+06 4.635480100100000273e+05
2.766600040000000149e+02 4.831430380005000159e+06 4.635480000000000000e+05
2.767300109999999904e+02 4.831430380005000159e+06 4.635480000000000000e+05
2.765100100000000225e+02 4.831430329986999743e+06 4.635480300290000159e+05
2.765499879999999848e+02 4.831430320007000118e+06 4.635480300290000159e+05
2.766300049999999828e+02 4.831430350006000139e+06 4.635480300290000159e+05
2.766900019999999927e+02 4.831430350006000139e+06 4.635480300290000159e+05
2.767699890000000096e+02 4.831430369994999841e+06 4.635480300290000159e+05
2.759299930000000245e+02 4.831430429992999882e+06 4.635479400020000176e+05
2.761199950000000172e+02 4.831430410004000179e+06 4.635479299929999979e+05
2.761700129999999831e+02 4.831430399993999861e+06 4.635479299929999979e+05
2.762300109999999904e+02 4.831430410004000179e+06 4.635479400020000176e+05
2.762900089999999977e+02 4.831430410004000179e+06 4.635479400020000176e+05
2.763500060000000076e+02 4.831430410004000179e+06 4.635479500119999866e+05
2.764200129999999831e+02 4.831430410004000179e+06 4.635479500119999866e+05
2.765000000000000000e+02 4.831430429992999882e+06 4.635479699709999841e+05
2.767699890000000096e+02 4.831430420013000257e+06 4.635479699709999841e+05
2.758399959999999851e+02 4.831430440001999959e+06 4.635480200199999963e+05
2.759200129999999831e+02 4.831430410004000179e+06 4.635480100100000273e+05
2.759800109999999904e+02 4.831430410004000179e+06 4.635480100100000273e+05
2.760499879999999848e+02 4.831430420013000257e+06 4.635480200199999963e+05
2.761499939999999924e+02 4.831430410004000179e+06 4.635480100100000273e+05
2.762000120000000152e+02 4.831430390014999546e+06 4.635480000000000000e+05
2.762699890000000096e+02 4.831430399993999861e+06 4.635480100100000273e+05
2.763200069999999755e+02 4.831430399993999861e+06 4.635480200199999963e+05
2.763699950000000172e+02 4.831430399993999861e+06 4.635480100100000273e+05
2.764700010000000248e+02 4.831430390014999546e+06 4.635480100100000273e+05
2.765199890000000096e+02 4.831430380005000159e+06 4.635480100100000273e+05
2.762000120000000152e+02 4.831430350006000139e+06 4.635480399779999861e+05
2.762799989999999752e+02 4.831430359985000454e+06 4.635480499880000134e+05
2.763200069999999755e+02 4.831430350006000139e+06 4.635480399779999861e+05
2.763999939999999924e+02 4.831430359985000454e+06 4.635480599979999824e+05
2.764500120000000152e+02 4.831430350006000139e+06 4.635480499880000134e+05
2.765299989999999752e+02 4.831430329986999743e+06 4.635480399779999861e+05
2.765799870000000169e+02 4.831430329986999743e+06 4.635480399779999861e+05
2.766199950000000172e+02 4.831430320007000118e+06 4.635480399779999861e+05
2.763299870000000169e+02 4.831430420013000257e+06 4.635479400020000176e+05
2.763800049999999828e+02 4.831430420013000257e+06 4.635479500119999866e+05
2.765799870000000169e+02 4.831430420013000257e+06 4.635479899899999727e+05
2.764800109999999904e+02 4.831430309998000041e+06 4.635480300290000159e+05
2.760199890000000096e+02 4.831430399993999861e+06 4.635480200199999963e+05
2.758500060000000076e+02 4.831430440001999959e+06 4.635480100100000273e+05
2.766099849999999947e+02 4.831430320007000118e+06 4.635480300290000159e+05
2.767300109999999904e+02 4.831430339995999821e+06 4.635480399779999861e+05
2.765299989999999752e+02 4.831430290009000339e+06 4.635480200199999963e+05
2.767999879999999848e+02 4.831430309998000041e+06 4.635480300290000159e+05
2.765000000000000000e+02 4.831430299987999722e+06 4.635480100100000273e+05
2.767300109999999904e+02 4.831430299987999722e+06 4.635480300290000159e+05
2.767900089999999977e+02 4.831430329986999743e+06 4.635480300290000159e+05
2.765400089999999977e+02 4.831430299987999722e+06 4.635480200199999963e+05
2.766000060000000076e+02 4.831430320007000118e+06 4.635480300290000159e+05
2.767000120000000152e+02 4.831430329986999743e+06 4.635480300290000159e+05
2.764599910000000023e+02 4.831430299987999722e+06 4.635480300290000159e+05
2.766700129999999831e+02 4.831430320007000118e+06 4.635480399779999861e+05
2.767699890000000096e+02 4.831430339995999821e+06 4.635480399779999861e+05
2.759100040000000149e+02 4.831430420013000257e+06 4.635480100100000273e+05
2.759599910000000023e+02 4.831430329986999743e+06 4.635480499880000134e+05
2.759500120000000152e+02 4.831430359985000454e+06 4.635480499880000134e+05
2.759899899999999775e+02 4.831430399993999861e+06 4.635480100100000273e+05
2.758399959999999851e+02 4.831430440001999959e+06 4.635480000000000000e+05
2.764700010000000248e+02 4.831430279999000020e+06 4.635480100100000273e+05
2.765299989999999752e+02 4.831430299987999722e+06 4.635480100100000273e+05
2.766000060000000076e+02 4.831430290009000339e+06 4.635479199830000289e+05
2.766700129999999831e+02 4.831430309998000041e+06 4.635479099730000016e+05
2.766900019999999927e+02 4.831430329986999743e+06 4.635479099730000016e+05
2.767399899999999775e+02 4.831430350006000139e+06 4.635479000239999732e+05
2.760400089999999977e+02 4.831430299987999722e+06 4.635479099730000016e+05
2.761400150000000053e+02 4.831430320007000118e+06 4.635479000239999732e+05
2.761499939999999924e+02 4.831430350006000139e+06 4.635478900150000118e+05
2.761799930000000245e+02 4.831430380005000159e+06 4.635478900150000118e+05
2.766499939999999924e+02 4.831430359985000454e+06 4.635479099730000016e+05
2.765700069999999755e+02 4.831430399993999861e+06 4.635479299929999979e+05
2.763999939999999924e+02 4.831430299987999722e+06 4.635478900150000118e+05
2.763999939999999924e+02 4.831430329986999743e+06 4.635478900150000118e+05
2.763500060000000076e+02 4.831430369994999841e+06 4.635479000239999732e+05
2.758800049999999828e+02 4.831430290009000339e+06 4.635479199830000289e+05
2.760299989999999752e+02 4.831430309998000041e+06 4.635478800049999845e+05
2.760199890000000096e+02 4.831430339995999821e+06 4.635478800049999845e+05
2.759400019999999927e+02 4.831430369994999841e+06 4.635479000239999732e+05
2.767900089999999977e+02 4.831430309998000041e+06 4.635478800049999845e+05
2.767399899999999775e+02 4.831430309998000041e+06 4.635478800049999845e+05
2.763900150000000053e+02 4.831430290009000339e+06 4.635478699950000155e+05
2.763399959999999851e+02 4.831430290009000339e+06 4.635478599849999882e+05
2.761000060000000076e+02 4.831430260010000318e+06 4.635478800049999845e+05
2.760700069999999755e+02 4.831430279999000020e+06 4.635478499760000268e+05
2.767699890000000096e+02 4.831430239989999682e+06 4.635478499760000268e+05
2.764200129999999831e+02 4.831430230011000298e+06 4.635478599849999882e+05
2.763599849999999947e+02 4.831430230011000298e+06 4.635478699950000155e+05
2.763099980000000073e+02 4.831430239989999682e+06 4.635478699950000155e+05
2.762600100000000225e+02 4.831430239989999682e+06 4.635478599849999882e+05
2.761900019999999927e+02 4.831430239989999682e+06 4.635478699950000155e+05
2.766499939999999924e+02 4.831430220000999980e+06 4.635478800049999845e+05
2.759700010000000248e+02 4.831430359985000454e+06 4.635479500119999866e+05
2.762799989999999752e+02 4.831430350006000139e+06 4.635479299929999979e+05
2.763299870000000169e+02 4.831430339995999821e+06 4.635479400020000176e+05
2.765899959999999851e+02 4.831430350006000139e+06 4.635479199830000289e+05
2.760700069999999755e+02 4.831430399993999861e+06 4.635479899899999727e+05
2.761099849999999947e+02 4.831430390014999546e+06 4.635480000000000000e+05
2.767699890000000096e+02 4.831430350006000139e+06 4.635479099730000016e+05
2.765599980000000073e+02 4.831430320007000118e+06 4.635479299929999979e+05
2.766499939999999924e+02 4.831430350006000139e+06 4.635479199830000289e+05
2.767200010000000248e+02 4.831430369994999841e+06 4.635479199830000289e+05
2.767900089999999977e+02 4.831430390014999546e+06 4.635479199830000289e+05
2.761499939999999924e+02 4.831430299987999722e+06 4.635478900150000118e+05
2.765499879999999848e+02 4.831430380005000159e+06 4.635479400020000176e+05
2.766000060000000076e+02 4.831430380005000159e+06 4.635479600220000139e+05
2.767099910000000023e+02 4.831430390014999546e+06 4.635479899899999727e+05
2.760599980000000073e+02 4.831430339995999821e+06 4.635479099730000016e+05
2.761300049999999828e+02 4.831430350006000139e+06 4.635479199830000289e+05
2.761900019999999927e+02 4.831430359985000454e+06 4.635479299929999979e+05
2.762399899999999775e+02 4.831430369994999841e+06 4.635479299929999979e+05
2.764100040000000149e+02 4.831430399993999861e+06 4.635479600220000139e+05
2.764599910000000023e+02 4.831430399993999861e+06 4.635479699709999841e+05
2.765100100000000225e+02 4.831430410004000179e+06 4.635479799800000037e+05
2.765100100000000225e+02 4.831430390014999546e+06 4.635480100100000273e+05
2.759500120000000152e+02 4.831430369994999841e+06 4.635479199830000289e+05
2.760700069999999755e+02 4.831430399993999861e+06 4.635479400020000176e+05
2.761099849999999947e+02 4.831430399993999861e+06 4.635479500119999866e+05
2.761600040000000149e+02 4.831430399993999861e+06 4.635479699709999841e+05
2.761900019999999927e+02 4.831430390014999546e+06 4.635479899899999727e+05
2.759599910000000023e+02 4.831430410004000179e+06 4.635479400020000176e+05
2.760100100000000225e+02 4.831430410004000179e+06 4.635479600220000139e+05
2.760400089999999977e+02 4.831430399993999861e+06 4.635479799800000037e+05
2.760700069999999755e+02 4.831430399993999861e+06 4.635479899899999727e+05
2.760899959999999851e+02 4.831430390014999546e+06 4.635480200199999963e+05
2.759800109999999904e+02 4.831430410004000179e+06 4.635479699709999841e+05
2.760199890000000096e+02 4.831430410004000179e+06 4.635479899899999727e+05
2.760799870000000169e+02 4.831430399993999861e+06 4.635480300290000159e+05
2.758200069999999755e+02 4.831430429992999882e+06 4.635480000000000000e+05
2.764800109999999904e+02 4.831430369994999841e+06 4.635480000000000000e+05
2.759599910000000023e+02 4.831430359985000454e+06 4.635479099730000016e+05
2.767399899999999775e+02 4.831430279999000020e+06 4.635479299929999979e+05
2.766900019999999927e+02 4.831430290009000339e+06 4.635479199830000289e+05
2.764299930000000245e+02 4.831430309998000041e+06 4.635479199830000289e+05
2.764700010000000248e+02 4.831430209990999661e+06 4.635479600220000139e+05
2.764500120000000152e+02 4.831430230011000298e+06 4.635479299929999979e+05
2.767799989999999752e+02 4.831430260010000318e+06 4.635479400020000176e+05
2.767300109999999904e+02 4.831430269988999702e+06 4.635479400020000176e+05
2.765700069999999755e+02 4.831430299987999722e+06 4.635479600220000139e+05
2.765400089999999977e+02 4.831430220000999980e+06 4.635479400020000176e+05
2.765000000000000000e+02 4.831430230011000298e+06 4.635479299929999979e+05
2.764599910000000023e+02 4.831430250000000000e+06 4.635479299929999979e+05
2.764100040000000149e+02 4.831430260010000318e+06 4.635479199830000289e+05
2.763500060000000076e+02 4.831430269988999702e+06 4.635479299929999979e+05
2.762799989999999752e+02 4.831430290009000339e+06 4.635479299929999979e+05
2.761799930000000245e+02 4.831430299987999722e+06 4.635479500119999866e+05
2.760899959999999851e+02 4.831430239989999682e+06 4.635479299929999979e+05
2.760199890000000096e+02 4.831430250000000000e+06 4.635479400020000176e+05
2.759899899999999775e+02 4.831430269988999702e+06 4.635479299929999979e+05
2.758800049999999828e+02 4.831430209990999661e+06 4.635479600220000139e+05
2.762500000000000000e+02 4.831430279999000020e+06 4.635479799800000037e+05
2.761000060000000076e+02 4.831430380005000159e+06 4.635479299929999979e+05
2.762699890000000096e+02 4.831430359985000454e+06 4.635479299929999979e+05
2.763800049999999828e+02 4.831430350006000139e+06 4.635479299929999979e+05
2.764599910000000023e+02 4.831430339995999821e+06 4.635479400020000176e+05
2.765400089999999977e+02 4.831430329986999743e+06 4.635479400020000176e+05
2.766000060000000076e+02 4.831430320007000118e+06 4.635479600220000139e+05
2.765400089999999977e+02 4.831430299987999722e+06 4.635479899899999727e+05
2.758999939999999924e+02 4.831430429992999882e+06 4.635479699709999841e+05
2.761300049999999828e+02 4.831430410004000179e+06 4.635479500119999866e+05
2.762699890000000096e+02 4.831430399993999861e+06 4.635479500119999866e+05
2.764400019999999927e+02 4.831430390014999546e+06 4.635479400020000176e+05
2.766199950000000172e+02 4.831430369994999841e+06 4.635479299929999979e+05
2.767399899999999775e+02 4.831430359985000454e+06 4.635479400020000176e+05
2.763299870000000169e+02 4.831430429992999882e+06 4.635480000000000000e+05
2.767300109999999904e+02 4.831430410004000179e+06 4.635479500119999866e+05
2.767799989999999752e+02 4.831430339995999821e+06 4.635479099730000016e+05
2.765700069999999755e+02 4.831430350006000139e+06 4.635479299929999979e+05
2.762799989999999752e+02 4.831430369994999841e+06 4.635479299929999979e+05
2.764299930000000245e+02 4.831430380005000159e+06 4.635479400020000176e+05
2.765799870000000169e+02 4.831430390014999546e+06 4.635479500119999866e+05
2.760100100000000225e+02 4.831429980011000298e+06 4.635471599730000016e+05
2.759500120000000152e+02 4.831430399993999861e+06 4.635479299929999979e+05
2.760499879999999848e+02 4.831430420013000257e+06 4.635479600220000139e+05
2.759599910000000023e+02 4.831430440001999959e+06 4.635479799800000037e+05
2.764800109999999904e+02 4.831430410004000179e+06 4.635479799800000037e+05
2.767000120000000152e+02 4.831430299987999722e+06 4.635480399779999861e+05
2.761000060000000076e+02 4.831430239989999682e+06 4.635480100100000273e+05
2.761600040000000149e+02 4.831430239989999682e+06 4.635479799800000037e+05
2.762099910000000023e+02 4.831430239989999682e+06 4.635479600220000139e+05
2.762200010000000248e+02 4.831430250000000000e+06 4.635479299929999979e+05
2.761300049999999828e+02 4.831430290009000339e+06 4.635479099730000016e+05
2.759899899999999775e+02 4.831429959990999661e+06 4.635471900020000176e+05
2.766099849999999947e+02 4.831430309998000041e+06 4.635480700070000021e+05
2.762799989999999752e+02 4.831430369994999841e+06 4.635480599979999824e+05
2.762300109999999904e+02 4.831430359985000454e+06 4.635480700070000021e+05
2.761099849999999947e+02 4.831430339995999821e+06 4.635480800169999711e+05
2.759800109999999904e+02 4.831430320007000118e+06 4.635480900269999984e+05
2.767200010000000248e+02 4.831430279999000020e+06 4.635480399779999861e+05
2.766600040000000149e+02 4.831430320007000118e+06 4.635480800169999711e+05
2.764400019999999927e+02 4.831430329986999743e+06 4.635480800169999711e+05
2.763599849999999947e+02 4.831430320007000118e+06 4.635480700070000021e+05
2.761400150000000053e+02 4.831430269988999702e+06 4.635480300290000159e+05
2.761300049999999828e+02 4.831430339995999821e+06 4.635480700070000021e+05
2.760899959999999851e+02 4.831430320007000118e+06 4.635480900269999984e+05
2.758299870000000169e+02 4.831430470000999980e+06 4.635479600220000139e+05
2.767999879999999848e+02 4.831430380005000159e+06 4.635480399779999861e+05
2.766400150000000053e+02 4.831430390014999546e+06 4.635480300290000159e+05
2.758299870000000169e+02 4.831430450012000278e+06 4.635480200199999963e+05
2.764500120000000152e+02 4.831430429992999882e+06 4.635479899899999727e+05
2.767399899999999775e+02 4.831430350006000139e+06 4.635480599979999824e+05
2.767799989999999752e+02 4.831430429992999882e+06 4.635480300290000159e+05
2.765000000000000000e+02 4.831430410004000179e+06 4.635480100100000273e+05
2.767600100000000225e+02 4.831430350006000139e+06 4.635480499880000134e+05
2.767099910000000023e+02 4.831430350006000139e+06 4.635480599979999824e+05
2.765299989999999752e+02 4.831430390014999546e+06 4.635480300290000159e+05
2.766099849999999947e+02 4.831430410004000179e+06 4.635480100100000273e+05
2.765599980000000073e+02 4.831430410004000179e+06 4.635480200199999963e+05
2.765400089999999977e+02 4.831430410004000179e+06 4.635480100100000273e+05
2.765000000000000000e+02 4.831430410004000179e+06 4.635480100100000273e+05
2.762200010000000248e+02 4.831430410004000179e+06 4.635480399779999861e+05
2.765599980000000073e+02 4.831430410004000179e+06 4.635480200199999963e+05
2.765799870000000169e+02 4.831430420013000257e+06 4.635480000000000000e+05
2.765299989999999752e+02 4.831430420013000257e+06 4.635480000000000000e+05
2.764899899999999775e+02 4.831430429992999882e+06 4.635480100100000273e+05
2.765700069999999755e+02 4.831430440001999959e+06 4.635479799800000037e+05
2.764599910000000023e+02 4.831430450012000278e+06 4.635480000000000000e+05
2.767300109999999904e+02 4.831430399993999861e+06 4.635480499880000134e+05
2.767699890000000096e+02 4.831430440001999959e+06 4.635479899899999727e+05
2.766900019999999927e+02 4.831430420013000257e+06 4.635480000000000000e+05
2.765000000000000000e+02 4.831430420013000257e+06 4.635480200199999963e+05
2.760299989999999752e+02 4.831430440001999959e+06 4.635480000000000000e+05
2.767399899999999775e+02 4.831430429992999882e+06 4.635479799800000037e+05
2.764400019999999927e+02 4.831430410004000179e+06 4.635480200199999963e+05
2.766000060000000076e+02 4.831430399993999861e+06 4.635480300290000159e+05
2.767099910000000023e+02 4.831430390014999546e+06 4.635480200199999963e+05
2.762399899999999775e+02 4.831430420013000257e+06 4.635480900269999984e+05
2.764800109999999904e+02 4.831430440001999959e+06 4.635479899899999727e+05
2.766499939999999924e+02 4.831430420013000257e+06 4.635480100100000273e+05
2.763800049999999828e+02 4.831430459990999661e+06 4.635480499880000134e+05
2.758299870000000169e+02 4.831430459990999661e+06 4.635480000000000000e+05
2.758299870000000169e+02 4.831430450012000278e+06 4.635480300290000159e+05
2.758399959999999851e+02 4.831430459990999661e+06 4.635480200199999963e+05
2.758399959999999851e+02 4.831430450012000278e+06 4.635480300290000159e+05
2.759100040000000149e+02 4.831430440001999959e+06 4.635480599979999824e+05
2.767600100000000225e+02 4.831430339995999821e+06 4.635480700070000021e+05
2.760700069999999755e+02 4.831430399993999861e+06 4.635480499880000134e+05
2.760000000000000000e+02 4.831430390014999546e+06 4.635480599979999824e+05
2.767600100000000225e+02 4.831430339995999821e+06 4.635480900269999984e+05
2.766499939999999924e+02 4.831430309998000041e+06 4.635480999760000268e+05
2.766199950000000172e+02 4.831430410004000179e+06 4.635480300290000159e+05
2.765400089999999977e+02 4.831430369994999841e+06 4.635480700070000021e+05
2.764700010000000248e+02 4.831430350006000139e+06 4.635480700070000021e+05
2.762799989999999752e+02 4.831430380005000159e+06 4.635480700070000021e+05
2.762399899999999775e+02 4.831430369994999841e+06 4.635480700070000021e+05
2.762099910000000023e+02 4.831430350006000139e+06 4.635480800169999711e+05
2.760599980000000073e+02 4.831430429992999882e+06 4.635480300290000159e+05
2.760299989999999752e+02 4.831430410004000179e+06 4.635480399779999861e+05
2.760000000000000000e+02 4.831430399993999861e+06 4.635480700070000021e+05
2.759800109999999904e+02 4.831430380005000159e+06 4.635480800169999711e+05
2.758099980000000073e+02 4.831430470000999980e+06 4.635480300290000159e+05
2.758099980000000073e+02 4.831430480011000298e+06 4.635480300290000159e+05
2.758200069999999755e+02 4.831430519988999702e+06 4.635480399779999861e+05
2.759200129999999831e+02 4.831430549987999722e+06 4.635480999760000268e+05
2.758900150000000053e+02 4.831430519988999702e+06 4.635480700070000021e+05
2.759200129999999831e+02 4.831430559998000041e+06 4.635480900269999984e+05
2.758399959999999851e+02 4.831430470000999980e+06 4.635480000000000000e+05
2.758299870000000169e+02 4.831430470000999980e+06 4.635480499880000134e+05
2.759500120000000152e+02 4.831430510010000318e+06 4.635480999760000268e+05
2.758200069999999755e+02 4.831430470000999980e+06 4.635480300290000159e+05
2.758099980000000073e+02 4.831430480011000298e+06 4.635480300290000159e+05
2.758500060000000076e+02 4.831430470000999980e+06 4.635480599979999824e+05
2.760199890000000096e+02 4.831430540009000339e+06 4.635480999760000268e+05
2.759599910000000023e+02 4.831430480011000298e+06 4.635480999760000268e+05
2.760000000000000000e+02 4.831430559998000041e+06 4.635480999760000268e+05
2.760400089999999977e+02 4.831430470000999980e+06 4.635480800169999711e+05
2.759100040000000149e+02 4.831430480011000298e+06 4.635480599979999824e+05
2.758099980000000073e+02 4.831430470000999980e+06 4.635480599979999824e+05
2.759500120000000152e+02 4.831430500000000000e+06 4.635480999760000268e+05
