2.792799989999999752e+02 4.831430100006000139e+06 4.635460499880000134e+05
2.792900089999999977e+02 4.831430089995999821e+06 4.635460100100000273e+05
2.792099910000000023e+02 4.831430079986999743e+06 4.635459899899999727e+05
2.792200010000000248e+02 4.831430070007000118e+06 4.635459600220000139e+05
2.792099910000000023e+02 4.831430100006000139e+06 4.635459799800000037e+05
2.792200010000000248e+02 4.831430130005000159e+06 4.635459899899999727e+05
2.791799930000000245e+02 4.831430190001999959e+06 4.635460399779999861e+05
2.792300109999999904e+02 4.831430100006000139e+06 4.635460000000000000e+05
2.792200010000000248e+02 4.831430079986999743e+06 4.635459899899999727e+05
2.792099910000000023e+02 4.831430089995999821e+06 4.635459799800000037e+05
2.792200010000000248e+02 4.831430119994999841e+06 4.635460100100000273e+05
2.792200010000000248e+02 4.831430070007000118e+06 4.635459699709999841e+05
2.792000120000000152e+02 4.831430170013000257e+06 4.635460300290000159e+05
2.791300049999999828e+02 4.831430079986999743e+06 4.635459500119999866e+05
2.791300049999999828e+02 4.831430209990999661e+06 4.635460800169999711e+05
2.791499939999999924e+02 4.831430179992999882e+06 4.635460599979999824e+05
2.792399899999999775e+02 4.831430079986999743e+06 4.635459699709999841e+05
2.792600100000000225e+02 4.831430089995999821e+06 4.635460200199999963e+05
2.792200010000000248e+02 4.831430089995999821e+06 4.635459799800000037e+05
2.792399899999999775e+02 4.831430079986999743e+06 4.635460100100000273e+05
2.792500000000000000e+02 4.831430119994999841e+06 4.635459899899999727e+05
2.792300109999999904e+02 4.831430100006000139e+06 4.635460100100000273e+05
2.792399899999999775e+02 4.831430109985000454e+06 4.635460200199999963e+05
2.792300109999999904e+02 4.831430140014999546e+06 4.635460000000000000e+05
2.792300109999999904e+02 4.831430149993999861e+06 4.635460200199999963e+05
2.791900019999999927e+02 4.831430170013000257e+06 4.635460300290000159e+05
2.791499939999999924e+02 4.831430179992999882e+06 4.635460800169999711e+05
2.792500000000000000e+02 4.831430100006000139e+06 4.635459699709999841e+05
2.797799989999999752e+02 4.831430010010000318e+06 4.635451099849999882e+05
2.789899899999999775e+02 4.831430029999000020e+06 4.635453699950000155e+05
2.795499879999999848e+02 4.831430429992999882e+06 4.635453499760000268e+05
2.791900019999999927e+02 4.831430079986999743e+06 4.635454299929999979e+05
2.795299989999999752e+02 4.831430420013000257e+06 4.635453599849999882e+05
2.790599980000000073e+02 4.831430040009000339e+06 4.635454400020000176e+05
2.791000060000000076e+02 4.831429980011000298e+06 4.635454000239999732e+05
2.789500120000000152e+02 4.831429989989999682e+06 4.635454600220000139e+05
2.788099980000000073e+02 4.831430070007000118e+06 4.635453800049999845e+05
2.789200129999999831e+02 4.831430070007000118e+06 4.635453599849999882e+05
2.788900150000000053e+02 4.831430079986999743e+06 4.635453699950000155e+05
2.788599849999999947e+02 4.831430100006000139e+06 4.635453800049999845e+05
2.788299870000000169e+02 4.831430109985000454e+06 4.635454000239999732e+05
2.788200069999999755e+02 4.831430059998000041e+06 4.635454099730000016e+05
2.788599849999999947e+02 4.831430089995999821e+06 4.635453499760000268e+05
2.788500060000000076e+02 4.831430070007000118e+06 4.635453900150000118e+05
2.789500120000000152e+02 4.831430089995999821e+06 4.635453099979999824e+05
2.789899899999999775e+02 4.831430079986999743e+06 4.635452999880000134e+05
2.788500060000000076e+02 4.831430089995999821e+06 4.635453499760000268e+05
2.788900150000000053e+02 4.831430079986999743e+06 4.635453499760000268e+05
2.788099980000000073e+02 4.831430089995999821e+06 4.635453900150000118e+05
2.789100040000000149e+02 4.831430059998000041e+06 4.635453499760000268e+05
2.789599910000000023e+02 4.831430070007000118e+06 4.635453200070000021e+05
2.789500120000000152e+02 4.831430100006000139e+06 4.635453499760000268e+05
2.789100040000000149e+02 4.831430079986999743e+06 4.635453699950000155e+05
2.788200069999999755e+02 4.831430049987999722e+06 4.635454099730000016e+05
2.792699890000000096e+02 4.831430100006000139e+06 4.635451599730000016e+05
2.792600100000000225e+02 4.831430079986999743e+06 4.635451799929999979e+05
2.789899899999999775e+02 4.831430079986999743e+06 4.635453200070000021e+05
2.788800049999999828e+02 4.831430100006000139e+06 4.635453699950000155e+05
2.788500060000000076e+02 4.831430079986999743e+06 4.635453900150000118e+05
2.789700010000000248e+02 4.831430059998000041e+06 4.635453499760000268e+05
2.788599849999999947e+02 4.831430040009000339e+06 4.635454000239999732e+05
2.789100040000000149e+02 4.831430049987999722e+06 4.635454099730000016e+05
2.789100040000000149e+02 4.831430070007000118e+06 4.635453900150000118e+05
2.788900150000000053e+02 4.831430059998000041e+06 4.635454099730000016e+05
2.793200069999999755e+02 4.831430049987999722e+06 4.635451099849999882e+05
2.792200010000000248e+02 4.831430070007000118e+06 4.635451099849999882e+05
2.794400019999999927e+02 4.831430059998000041e+06 4.635451099849999882e+05
2.788699950000000172e+02 4.831429980011000298e+06 4.635454699709999841e+05
2.792399899999999775e+02 4.831430029999000020e+06 4.635452399899999727e+05
2.792999879999999848e+02 4.831430019988999702e+06 4.635452299800000037e+05
2.794500120000000152e+02 4.831430010010000318e+06 4.635451500239999732e+05
2.788099980000000073e+02 4.831430019988999702e+06 4.635454099730000016e+05
2.788800049999999828e+02 4.831430010010000318e+06 4.635454000239999732e+05
2.792500000000000000e+02 4.831429989989999682e+06 4.635451900020000176e+05
2.793699950000000172e+02 4.831429959990999661e+06 4.635451300049999845e+05
2.793699950000000172e+02 4.831429929992999882e+06 4.635451799929999979e+05
2.793999939999999924e+02 4.831429929992999882e+06 4.635452199709999841e+05
2.788800049999999828e+02 4.831429940001999959e+06 4.635454799800000037e+05
2.791199950000000172e+02 4.831429959990999661e+06 4.635453200070000021e+05
2.790499879999999848e+02 4.831429980011000298e+06 4.635454000239999732e+05
2.789200129999999831e+02 4.831429970000999980e+06 4.635454500119999866e+05
2.792200010000000248e+02 4.831429970000999980e+06 4.635452800290000159e+05
2.791000060000000076e+02 4.831429970000999980e+06 4.635453599849999882e+05
2.788999939999999924e+02 4.831429980011000298e+06 4.635454400020000176e+05
2.791799930000000245e+02 4.831429940001999959e+06 4.635453499760000268e+05
2.788699950000000172e+02 4.831430040009000339e+06 4.635453800049999845e+05
2.789899899999999775e+02 4.831429970000999980e+06 4.635452100220000139e+05
2.790400089999999977e+02 4.831429980011000298e+06 4.635452100220000139e+05
2.793099980000000073e+02 4.831430019988999702e+06 4.635451699830000289e+05
2.793299870000000169e+02 4.831430029999000020e+06 4.635451799929999979e+05
2.794400019999999927e+02 4.831430049987999722e+06 4.635451199950000155e+05
2.788800049999999828e+02 4.831430019988999702e+06 4.635453800049999845e+05
2.789500120000000152e+02 4.831430010010000318e+06 4.635453099979999824e+05
2.790000000000000000e+02 4.831430049987999722e+06 4.635453200070000021e+05
2.792099910000000023e+02 4.831430010010000318e+06 4.635451900020000176e+05
2.789100040000000149e+02 4.831430000000000000e+06 4.635453200070000021e+05
2.789899899999999775e+02 4.831429940001999959e+06 4.635452299800000037e+05
2.790299989999999752e+02 4.831429929992999882e+06 4.635451900020000176e+05
2.793099980000000073e+02 4.831430019988999702e+06 4.635451500239999732e+05
2.793999939999999924e+02 4.831429989989999682e+06 4.635451199950000155e+05
2.790499879999999848e+02 4.831429980011000298e+06 4.635452500000000000e+05
2.790100100000000225e+02 4.831429959990999661e+06 4.635452399899999727e+05
2.788399959999999851e+02 4.831429989989999682e+06 4.635453699950000155e+05
2.794100040000000149e+02 4.831430019988999702e+06 4.635451199950000155e+05
2.793200069999999755e+02 4.831430010010000318e+06 4.635451599730000016e+05
2.793599849999999947e+02 4.831429989989999682e+06 4.635451400150000118e+05
2.792500000000000000e+02 4.831430019988999702e+06 4.635452100220000139e+05
2.789299930000000245e+02 4.831429970000999980e+06 4.635452500000000000e+05
2.789200129999999831e+02 4.831430019988999702e+06 4.635453699950000155e+05
2.792099910000000023e+02 4.831429980011000298e+06 4.635452500000000000e+05
2.792200010000000248e+02 4.831429980011000298e+06 4.635452700199999963e+05
2.793200069999999755e+02 4.831430059998000041e+06 4.635451199950000155e+05
2.792900089999999977e+02 4.831430079986999743e+06 4.635451300049999845e+05
2.792099910000000023e+02 4.831429940001999959e+06 4.635452800290000159e+05
2.790100100000000225e+02 4.831429950012000278e+06 4.635451799929999979e+05
2.790299989999999752e+02 4.831429929992999882e+06 4.635451699830000289e+05
2.788399959999999851e+02 4.831429940001999959e+06 4.635452299800000037e+05
2.793099980000000073e+02 4.831430049987999722e+06 4.635451300049999845e+05
2.793399959999999851e+02 4.831430029999000020e+06 4.635451199950000155e+05
2.792600100000000225e+02 4.831430029999000020e+06 4.635451699830000289e+05
2.788800049999999828e+02 4.831430059998000041e+06 4.635453400269999984e+05
2.789200129999999831e+02 4.831430049987999722e+06 4.635453300169999711e+05
2.789599910000000023e+02 4.831430040009000339e+06 4.635453200070000021e+05
2.792399899999999775e+02 4.831430049987999722e+06 4.635451500239999732e+05
2.792799989999999752e+02 4.831430040009000339e+06 4.635451400150000118e+05
2.792900089999999977e+02 4.831430019988999702e+06 4.635451300049999845e+05
2.792000120000000152e+02 4.831430049987999722e+06 4.635451900020000176e+05
2.790199890000000096e+02 4.831430029999000020e+06 4.635452600100000273e+05
2.790299989999999752e+02 4.831430010010000318e+06 4.635452500000000000e+05
2.789899899999999775e+02 4.831430049987999722e+06 4.635452999880000134e+05
2.789800109999999904e+02 4.831430019988999702e+06 4.635452800290000159e+05
2.788800049999999828e+02 4.831430070007000118e+06 4.635453400269999984e+05
2.789200129999999831e+02 4.831430059998000041e+06 4.635453400269999984e+05
2.789400019999999927e+02 4.831430040009000339e+06 4.635453200070000021e+05
2.788399959999999851e+02 4.831429970000999980e+06 4.635452800290000159e+05
2.792000120000000152e+02 4.831429959990999661e+06 4.635452800290000159e+05
2.788500060000000076e+02 4.831430059998000041e+06 4.635453800049999845e+05
2.788500060000000076e+02 4.831430029999000020e+06 4.635453599849999882e+05
2.792799989999999752e+02 4.831430040009000339e+06 4.635451900020000176e+05
2.792200010000000248e+02 4.831430040009000339e+06 4.635451900020000176e+05
2.793900150000000053e+02 4.831430019988999702e+06 4.635451099849999882e+05
2.793699950000000172e+02 4.831430040009000339e+06 4.635451300049999845e+05
2.789299930000000245e+02 4.831430040009000339e+06 4.635453400269999984e+05
2.792500000000000000e+02 4.831430070007000118e+06 4.635452000119999866e+05
2.789500120000000152e+02 4.831430010010000318e+06 4.635451900020000176e+05
2.788900150000000053e+02 4.831430029999000020e+06 4.635452500000000000e+05
2.789700010000000248e+02 4.831430049987999722e+06 4.635452700199999963e+05
2.790400089999999977e+02 4.831430059998000041e+06 4.635452800290000159e+05
2.788999939999999924e+02 4.831430079986999743e+06 4.635453400269999984e+05
2.789299930000000245e+02 4.831430059998000041e+06 4.635453300169999711e+05
2.789700010000000248e+02 4.831430049987999722e+06 4.635453200070000021e+05
2.789500120000000152e+02 4.831430040009000339e+06 4.635453300169999711e+05
2.788399959999999851e+02 4.831430059998000041e+06 4.635453800049999845e+05
2.788299870000000169e+02 4.831430010010000318e+06 4.635453400269999984e+05
2.788200069999999755e+02 4.831429950012000278e+06 4.635451599730000016e+05
2.792000120000000152e+02 4.831430070007000118e+06 4.635451699830000289e+05
2.788500060000000076e+02 4.831430040009000339e+06 4.635453599849999882e+05
2.788800049999999828e+02 4.831430049987999722e+06 4.635453300169999711e+05
2.793200069999999755e+02 4.831430019988999702e+06 4.635451099849999882e+05
2.789800109999999904e+02 4.831430000000000000e+06 4.635452299800000037e+05
2.792500000000000000e+02 4.831430019988999702e+06 4.635451500239999732e+05
2.793299870000000169e+02 4.831430040009000339e+06 4.635451199950000155e+05
2.790000000000000000e+02 4.831430040009000339e+06 4.635452600100000273e+05
2.790499879999999848e+02 4.831430000000000000e+06 4.635452600100000273e+05
2.789899899999999775e+02 4.831430029999000020e+06 4.635452800290000159e+05
2.789599910000000023e+02 4.831430040009000339e+06 4.635452899779999861e+05
2.790100100000000225e+02 4.831430040009000339e+06 4.635452700199999963e+05
2.790299989999999752e+02 4.831430019988999702e+06 4.635452199709999841e+05
2.792600100000000225e+02 4.831430049987999722e+06 4.635451400150000118e+05
2.789500120000000152e+02 4.831429940001999959e+06 4.635451599730000016e+05
2.788699950000000172e+02 4.831429980011000298e+06 4.635452299800000037e+05
2.793399959999999851e+02 4.831430049987999722e+06 4.635451500239999732e+05
2.788399959999999851e+02 4.831429950012000278e+06 4.635451799929999979e+05
2.790299989999999752e+02 4.831429959990999661e+06 4.635451900020000176e+05
2.793299870000000169e+02 4.831430079986999743e+06 4.635451199950000155e+05
2.793399959999999851e+02 4.831430070007000118e+06 4.635451400150000118e+05
2.789800109999999904e+02 4.831430000000000000e+06 4.635452000119999866e+05
2.789100040000000149e+02 4.831429980011000298e+06 4.635452199709999841e+05
2.792099910000000023e+02 4.831429970000999980e+06 4.635452999880000134e+05
2.792600100000000225e+02 4.831429959990999661e+06 4.635453200070000021e+05
2.788800049999999828e+02 4.831430010010000318e+06 4.635452600100000273e+05
2.789299930000000245e+02 4.831430040009000339e+06 4.635453300169999711e+05
2.788500060000000076e+02 4.831430029999000020e+06 4.635454199830000289e+05
2.793500060000000076e+02 4.831430010010000318e+06 4.635451699830000289e+05
2.792799989999999752e+02 4.831430010010000318e+06 4.635451699830000289e+05
2.792099910000000023e+02 4.831430019988999702e+06 4.635452000119999866e+05
