463546.049988 4831430.100006 279.279999
463546.010010 4831430.089996 279.290009
463545.989990 4831430.079987 279.209991
463545.960022 4831430.070007 279.220001
463545.979980 4831430.100006 279.209991
463545.989990 4831430.130005 279.220001
463546.039978 4831430.190002 279.179993
463546.000000 4831430.100006 279.230011
463545.989990 4831430.079987 279.220001
463545.979980 4831430.089996 279.209991
463546.010010 4831430.119995 279.220001
463545.969971 4831430.070007 279.220001
463546.030029 4831430.170013 279.200012
463545.950012 4831430.079987 279.130005
463546.080017 4831430.209991 279.130005
463546.059998 4831430.179993 279.149994
463545.969971 4831430.079987 279.239990
463546.020020 4831430.089996 279.260010
463545.979980 4831430.089996 279.220001
463546.010010 4831430.079987 279.239990
463545.989990 4831430.119995 279.250000
463546.010010 4831430.100006 279.230011
463546.020020 4831430.109985 279.239990
463546.000000 4831430.140015 279.230011
463546.020020 4831430.149994 279.230011
463546.030029 4831430.170013 279.190002
463546.080017 4831430.179993 279.149994
463545.969971 4831430.100006 279.250000
463545.109985 4831430.010010 279.779999
463545.369995 4831430.029999 278.989990
463545.349976 4831430.429993 279.549988
463545.429993 4831430.079987 279.190002
463545.359985 4831430.420013 279.529999
463545.440002 4831430.040009 279.059998
463545.400024 4831429.980011 279.100006
463545.460022 4831429.989990 278.950012
463545.380005 4831430.070007 278.809998
463545.359985 4831430.070007 278.920013
463545.369995 4831430.079987 278.890015
463545.380005 4831430.100006 278.859985
463545.400024 4831430.109985 278.829987
463545.409973 4831430.059998 278.820007
463545.349976 4831430.089996 278.859985
463545.390015 4831430.070007 278.850006
463545.309998 4831430.089996 278.950012
463545.299988 4831430.079987 278.989990
463545.349976 4831430.089996 278.850006
463545.349976 4831430.079987 278.890015
463545.390015 4831430.089996 278.809998
463545.349976 4831430.059998 278.910004
463545.320007 4831430.070007 278.959991
463545.349976 4831430.100006 278.950012
463545.369995 4831430.079987 278.910004
463545.409973 4831430.049988 278.820007
463545.159973 4831430.100006 279.269989
463545.179993 4831430.079987 279.260010
463545.320007 4831430.079987 278.989990
463545.369995 4831430.100006 278.880005
463545.390015 4831430.079987 278.850006
463545.349976 4831430.059998 278.970001
463545.400024 4831430.040009 278.859985
463545.409973 4831430.049988 278.910004
463545.390015 4831430.070007 278.910004
463545.409973 4831430.059998 278.890015
463545.109985 4831430.049988 279.320007
463545.109985 4831430.070007 279.220001
463545.109985 4831430.059998 279.440002
463545.469971 4831429.980011 278.869995
463545.239990 4831430.029999 279.239990
463545.229980 4831430.019989 279.299988
463545.150024 4831430.010010 279.450012
463545.409973 4831430.019989 278.809998
463545.400024 4831430.010010 278.880005
463545.190002 4831429.989990 279.250000
463545.130005 4831429.959991 279.369995
463545.179993 4831429.929993 279.369995
463545.219971 4831429.929993 279.399994
463545.479980 4831429.940002 278.880005
463545.320007 4831429.959991 279.119995
463545.400024 4831429.980011 279.049988
463545.450012 4831429.970001 278.920013
463545.280029 4831429.970001 279.220001
463545.359985 4831429.970001 279.100006
463545.440002 4831429.980011 278.899994
463545.349976 4831429.940002 279.179993
463545.380005 4831430.040009 278.869995
463545.210022 4831429.970001 278.989990
463545.210022 4831429.980011 279.040009
463545.169983 4831430.019989 279.309998
463545.179993 4831430.029999 279.329987
463545.119995 4831430.049988 279.440002
463545.380005 4831430.019989 278.880005
463545.309998 4831430.010010 278.950012
463545.320007 4831430.049988 279.000000
463545.190002 4831430.010010 279.209991
463545.320007 4831430.000000 278.910004
463545.229980 4831429.940002 278.989990
463545.190002 4831429.929993 279.029999
463545.150024 4831430.019989 279.309998
463545.119995 4831429.989990 279.399994
463545.250000 4831429.980011 279.049988
463545.239990 4831429.959991 279.010010
463545.369995 4831429.989990 278.839996
463545.119995 4831430.019989 279.410004
463545.159973 4831430.010010 279.320007
463545.140015 4831429.989990 279.359985
463545.210022 4831430.019989 279.250000
463545.250000 4831429.970001 278.929993
463545.369995 4831430.019989 278.920013
463545.250000 4831429.980011 279.209991
463545.270020 4831429.980011 279.220001
463545.119995 4831430.059998 279.320007
463545.130005 4831430.079987 279.290009
463545.280029 4831429.940002 279.209991
463545.179993 4831429.950012 279.010010
463545.169983 4831429.929993 279.029999
463545.229980 4831429.940002 278.839996
463545.130005 4831430.049988 279.309998
463545.119995 4831430.029999 279.339996
463545.169983 4831430.029999 279.260010
463545.340027 4831430.059998 278.880005
463545.330017 4831430.049988 278.920013
463545.320007 4831430.040009 278.959991
463545.150024 4831430.049988 279.239990
463545.140015 4831430.040009 279.279999
463545.130005 4831430.019989 279.290009
463545.190002 4831430.049988 279.200012
463545.260010 4831430.029999 279.019989
463545.250000 4831430.010010 279.029999
463545.299988 4831430.049988 278.989990
463545.280029 4831430.019989 278.980011
463545.340027 4831430.070007 278.880005
463545.340027 4831430.059998 278.920013
463545.320007 4831430.040009 278.940002
463545.280029 4831429.970001 278.839996
463545.280029 4831429.959991 279.200012
463545.380005 4831430.059998 278.850006
463545.359985 4831430.029999 278.850006
463545.190002 4831430.040009 279.279999
463545.190002 4831430.040009 279.220001
463545.109985 4831430.019989 279.390015
463545.130005 4831430.040009 279.369995
463545.340027 4831430.040009 278.929993
463545.200012 4831430.070007 279.250000
463545.190002 4831430.010010 278.950012
463545.250000 4831430.029999 278.890015
463545.270020 4831430.049988 278.970001
463545.280029 4831430.059998 279.040009
463545.340027 4831430.079987 278.899994
463545.330017 4831430.059998 278.929993
463545.320007 4831430.049988 278.970001
463545.330017 4831430.040009 278.950012
463545.380005 4831430.059998 278.839996
463545.340027 4831430.010010 278.829987
463545.159973 4831429.950012 278.820007
463545.169983 4831430.070007 279.200012
463545.359985 4831430.040009 278.850006
463545.330017 4831430.049988 278.880005
463545.109985 4831430.019989 279.320007
463545.229980 4831430.000000 278.980011
463545.150024 4831430.019989 279.250000
463545.119995 4831430.040009 279.329987
463545.260010 4831430.040009 279.000000
463545.260010 4831430.000000 279.049988
463545.280029 4831430.029999 278.989990
463545.289978 4831430.040009 278.959991
463545.270020 4831430.040009 279.010010
463545.219971 4831430.019989 279.029999
463545.140015 4831430.049988 279.260010
463545.159973 4831429.940002 278.950012
463545.229980 4831429.980011 278.869995
463545.150024 4831430.049988 279.339996
463545.179993 4831429.950012 278.839996
463545.190002 4831429.959991 279.029999
463545.119995 4831430.079987 279.329987
463545.140015 4831430.070007 279.339996
463545.200012 4831430.000000 278.980011
463545.219971 4831429.980011 278.910004
463545.299988 4831429.970001 279.209991
463545.320007 4831429.959991 279.260010
463545.260010 4831430.010010 278.880005
463545.330017 4831430.040009 278.929993
463545.419983 4831430.029999 278.850006
463545.169983 4831430.010010 279.350006
463545.169983 4831430.010010 279.279999
463545.200012 4831430.019989 279.209991
