463548.130005 4831432.019989 281.559998
463548.109985 4831431.950012 281.690002
463548.119995 4831431.959991 281.660004
463548.119995 4831431.970001 281.630005
463548.109985 4831431.989990 281.730011
463548.119995 4831432.019989 281.720001
463548.109985 4831432.000000 281.630005
463548.130005 4831432.019989 281.609985
463548.119995 4831432.029999 281.720001
463548.109985 4831432.029999 281.609985
463548.109985 4831432.029999 281.619995
463548.130005 4831432.070007 281.630005
463548.109985 4831432.000000 281.649994
463548.109985 4831432.010010 281.540009
463548.159973 4831432.100006 281.700012
463548.150024 4831432.109985 281.679993
463548.150024 4831432.070007 281.679993
463548.119995 4831432.089996 281.700012
463548.130005 4831432.059998 281.720001
463548.140015 4831432.049988 281.790009
463548.130005 4831432.059998 281.750000
463548.109985 4831432.070007 281.720001
463548.159973 4831432.029999 281.750000
463548.140015 4831432.040009 281.739990
463548.130005 4831432.049988 281.690002
463548.159973 4831432.019989 281.769989
463548.150024 4831432.029999 281.670013
463548.150024 4831432.019989 281.670013
463548.140015 4831432.019989 281.630005
463548.109985 4831431.989990 281.739990
463548.179993 4831432.109985 281.700012
463548.109985 4831432.000000 281.730011
463548.119995 4831432.019989 281.649994
463548.109985 4831432.010010 281.690002
463548.109985 4831432.019989 281.619995
463548.119995 4831432.059998 281.589996
463548.159973 4831431.989990 281.779999
463548.109985 4831431.970001 281.640015
463548.109985 4831432.089996 281.690002
463548.219971 4831432.000000 281.679993
463548.210022 4831431.940002 281.700012
463548.200012 4831432.079987 281.760010
463548.219971 4831431.959991 281.690002
463549.070007 4831432.140015 281.790009
463548.979980 4831432.149994 281.730011
463548.950012 4831432.429993 281.149994
463548.979980 4831432.440002 281.190002
463548.979980 4831432.420013 281.149994
463549.000000 4831432.450012 281.239990
463548.909973 4831432.450012 281.220001
463548.950012 4831432.160004 281.739990
463548.979980 4831432.160004 281.660004
463548.940002 4831432.450012 281.170013
463548.960022 4831432.510010 281.230011
463548.799988 4831432.130005 281.769989
463548.940002 4831432.149994 281.760010
463548.950012 4831432.170013 281.760010
463548.979980 4831432.160004 281.649994
463548.900024 4831432.149994 281.679993
463549.000000 4831432.160004 281.649994
463549.070007 4831432.149994 281.630005
463549.049988 4831432.160004 281.790009
463549.070007 4831432.140015 281.649994
463549.080017 4831432.140015 281.660004
463548.900024 4831432.440002 281.269989
463548.919983 4831432.399994 281.250000
463548.960022 4831432.410004 281.220001
463548.960022 4831432.399994 281.269989
463548.989990 4831432.369995 281.250000
463549.049988 4831432.109985 281.589996
463549.049988 4831432.109985 281.660004
463549.099976 4831432.019989 281.769989
463548.940002 4831432.350006 281.290009
463549.080017 4831432.130005 281.739990
463549.070007 4831432.119995 281.660004
463549.099976 4831432.149994 281.660004
463549.099976 4831432.149994 281.600006
463549.099976 4831432.160004 281.559998
463549.059998 4831432.149994 281.720001
463549.059998 4831432.149994 281.670013
463549.080017 4831432.170013 281.649994
463549.070007 4831432.149994 281.570007
463549.039978 4831432.190002 281.750000
463549.010010 4831432.149994 281.619995
463549.020020 4831432.160004 281.579987
463549.030029 4831432.179993 281.559998
463549.049988 4831432.209991 281.549988
463548.979980 4831432.160004 281.739990
463548.989990 4831432.179993 281.709991
463548.950012 4831432.170013 281.690002
463548.979980 4831432.369995 281.230011
463549.039978 4831432.450012 281.250000
463549.049988 4831432.459991 281.209991
463548.940002 4831432.429993 281.149994
463549.090027 4831432.079987 281.799988
463549.099976 4831432.070007 281.739990
463549.090027 4831432.119995 281.600006
463549.030029 4831432.160004 281.720001
463549.039978 4831432.140015 281.589996
463549.049988 4831432.149994 281.540009
463548.950012 4831432.160004 281.779999
463548.950012 4831432.119995 281.649994
463549.059998 4831432.130005 281.649994
463549.070007 4831432.140015 281.630005
463549.020020 4831432.200012 281.799988
463549.030029 4831432.179993 281.720001
463549.039978 4831432.160004 281.640015
463549.049988 4831432.160004 281.600006
463549.070007 4831432.190002 281.589996
463548.979980 4831432.149994 281.730011
463548.989990 4831432.170013 281.709991
463549.000000 4831432.149994 281.649994
463549.010010 4831432.149994 281.589996
463548.960022 4831432.160004 281.730011
463548.979980 4831432.170013 281.700012
463548.989990 4831432.149994 281.619995
463549.000000 4831432.149994 281.579987
463548.929993 4831432.160004 281.690002
463548.830017 4831432.130005 281.779999
463548.840027 4831432.140015 281.750000
463548.820007 4831432.079987 281.799988
463548.869995 4831432.459991 281.200012
463548.969971 4831432.450012 281.130005
463548.890015 4831432.149994 281.799988
463548.940002 4831432.130005 281.690002
463548.940002 4831432.140015 281.799988
463549.000000 4831432.140015 281.730011
463548.919983 4831432.459991 281.160004
463549.070007 4831432.109985 281.559998
463548.929993 4831432.429993 281.239990
463549.000000 4831432.149994 281.640015
463549.000000 4831432.170013 281.799988
463549.059998 4831432.140015 281.649994
463549.070007 4831432.149994 281.630005
463549.039978 4831432.179993 281.730011
463549.090027 4831432.160004 281.619995
463549.070007 4831432.179993 281.720001
463549.059998 4831432.190002 281.730011
463549.080017 4831432.179993 281.750000
463549.059998 4831432.179993 281.730011
463549.070007 4831432.179993 281.739990
463549.080017 4831432.179993 281.730011
463549.080017 4831432.200012 281.769989
463548.890015 4831432.350006 280.880005
463549.090027 4831432.130005 281.750000
463549.090027 4831432.160004 281.709991
463549.099976 4831432.100006 281.790009
463549.030029 4831432.130005 281.790009
463548.929993 4831432.399994 281.190002
463548.989990 4831432.450012 281.209991
463548.940002 4831432.380005 281.299988
463548.950012 4831432.420013 281.209991
463548.969971 4831432.440002 281.299988
463549.010010 4831432.489990 281.130005
463548.190002 4831432.130005 281.730011
463548.979980 4831432.290009 281.260010
463548.659973 4831432.519989 281.739990
463548.359985 4831432.850006 281.010010
463548.419983 4831432.809998 280.929993
463548.450012 4831432.799988 280.880005
463548.500000 4831432.750000 280.869995
463548.479980 4831432.750000 280.839996
463548.349976 4831432.769989 280.940002
463548.369995 4831432.799988 280.899994
463548.349976 4831432.790009 280.899994
463548.369995 4831432.820007 280.899994
463548.340027 4831432.809998 280.899994
463548.309998 4831432.820007 280.920013
463548.330017 4831432.850006 280.920013
463548.239990 4831432.869995 281.049988
463548.239990 4831432.880005 281.100006
463548.219971 4831432.890015 281.170013
463548.950012 4831432.760010 281.119995
463549.099976 4831432.750000 281.049988
463548.289978 4831432.869995 281.049988
463548.309998 4831432.839996 281.000000
463548.340027 4831432.839996 280.980011
463548.349976 4831432.820007 280.910004
463548.650024 4831432.589996 281.459991
463548.989990 4831432.570007 281.010010
463549.000000 4831432.600006 281.040009
463549.030029 4831432.559998 281.149994
463548.309998 4831432.690002 280.839996
463548.400024 4831432.820007 281.029999
463548.380005 4831432.829987 281.010010
463548.349976 4831432.799988 281.119995
463548.369995 4831432.839996 280.989990
463548.359985 4831432.859985 281.089996
463548.309998 4831432.839996 280.920013
463548.280029 4831432.850006 280.940002
463548.270020 4831432.880005 280.980011
463548.250000 4831432.890015 281.010010
463548.229980 4831432.910004 281.079987
463549.020020 4831432.589996 281.179993
463549.049988 4831432.690002 281.049988
463549.030029 4831432.769989 281.079987
463548.929993 4831432.790009 281.029999
463548.869995 4831432.850006 280.950012
463548.349976 4831432.809998 280.859985
463548.340027 4831432.820007 280.839996
463548.210022 4831432.920013 281.119995
463548.419983 4831432.750000 280.820007
463548.229980 4831432.910004 281.100006
463548.250000 4831432.890015 281.040009
463548.280029 4831432.890015 280.989990
463548.299988 4831432.859985 280.940002
463548.309998 4831432.829987 280.829987
463548.320007 4831432.829987 280.910004
463548.479980 4831432.790009 281.529999
463548.239990 4831432.910004 281.070007
463549.020020 4831432.640015 281.040009
463549.020020 4831432.630005 281.089996
463549.020020 4831432.609985 281.130005
463549.059998 4831432.589996 281.209991
463549.080017 4831432.619995 281.209991
463549.039978 4831432.690002 281.019989
463548.989990 4831432.850006 281.000000
463548.580017 4831432.619995 280.929993
463548.260010 4831432.760010 280.829987
463548.570007 4831432.640015 280.850006
463549.020020 4831432.630005 281.130005
463548.770020 4831432.769989 280.880005
463549.049988 4831432.619995 281.109985
463549.030029 4831432.589996 281.190002
463549.039978 4831432.660004 281.079987
463548.979980 4831432.649994 281.130005
463548.570007 4831432.760010 281.510010
463548.460022 4831432.720001 280.989990
463548.289978 4831432.859985 280.890015
463548.289978 4831432.880005 280.950012
463548.239990 4831432.910004 281.029999
463548.229980 4831432.899994 281.040009
463548.869995 4831432.839996 280.980011
463549.059998 4831432.579987 281.190002
463548.989990 4831432.559998 281.019989
463548.359985 4831432.769989 280.859985
463548.239990 4831432.899994 281.100006
463548.989990 4831432.769989 281.010010
463549.039978 4831432.649994 281.040009
463548.280029 4831432.890015 281.040009
463549.000000 4831432.619995 281.230011
463549.010010 4831432.670013 281.019989
463549.030029 4831432.619995 281.100006
463549.039978 4831432.609985 281.079987
463549.039978 4831432.609985 281.119995
463549.049988 4831432.609985 281.160004
463549.049988 4831432.609985 281.100006
463549.039978 4831432.630005 281.070007
463548.979980 4831432.709991 281.000000
463549.039978 4831432.709991 281.100006
463549.070007 4831432.679993 281.029999
463549.020020 4831432.700012 281.040009
463548.950012 4831432.739990 281.049988
463549.010010 4831432.700012 281.019989
463548.309998 4831432.850006 281.170013
463548.869995 4831432.779999 281.059998
463548.270020 4831432.890015 281.200012
463548.250000 4831432.899994 281.190002
463548.419983 4831432.790009 280.839996
463549.080017 4831432.769989 281.130005
463548.549988 4831432.670013 280.869995
463548.250000 4831432.910004 281.029999
463549.000000 4831432.670013 281.049988
463548.390015 4831432.809998 280.850006
463548.469971 4831432.769989 280.839996
463549.080017 4831432.709991 281.119995
463548.929993 4831432.779999 281.029999
463548.929993 4831432.779999 281.089996
463548.919983 4831432.760010 281.049988
463548.859985 4831432.799988 280.950012
463549.020020 4831432.570007 281.029999
463548.320007 4831432.790009 280.910004
463548.299988 4831432.799988 280.899994
463548.280029 4831432.809998 280.940002
463548.559998 4831432.540009 281.450012
463548.429993 4831432.809998 280.899994
463548.479980 4831432.790009 280.880005
463549.030029 4831432.809998 281.250000
463549.059998 4831432.820007 281.220001
463549.049988 4831432.920013 281.519989
463549.030029 4831432.899994 281.500000
463549.080017 4831432.760010 281.269989
463548.940002 4831432.880005 281.220001
463548.979980 4831432.850006 281.339996
463548.979980 4831432.839996 281.279999
463548.969971 4831432.820007 281.250000
463549.010010 4831432.769989 281.239990
463548.919983 4831432.920013 281.089996
463549.000000 4831432.910004 281.559998
463548.960022 4831432.779999 281.160004
463548.929993 4831432.880005 281.190002
463548.979980 4831432.829987 281.239990
463548.979980 4831432.779999 281.119995
463549.090027 4831432.739990 281.220001
463549.090027 4831432.739990 281.209991
463548.979980 4831432.820007 281.299988
463548.929993 4831432.859985 281.279999
463548.869995 4831432.850006 281.029999
463548.960022 4831432.799988 281.070007
463549.010010 4831432.769989 281.200012
463549.020020 4831432.799988 281.320007
463548.809998 4831432.869995 281.130005
463548.260010 4831432.910004 281.029999
463548.890015 4831432.890015 281.109985
463548.960022 4831432.869995 281.209991
463548.979980 4831432.839996 281.029999
463548.880005 4831432.910004 281.019989
463549.000000 4831432.880005 281.239990
463548.960022 4831432.920013 281.190002
463549.039978 4831432.779999 281.260010
463549.070007 4831432.769989 281.309998
463548.950012 4831432.890015 281.290009
463548.890015 4831432.809998 281.290009
463548.969971 4831432.859985 281.230011
463548.900024 4831432.820007 281.089996
463548.909973 4831432.910004 281.220001
463549.000000 4831432.869995 281.320007
463548.909973 4831432.799988 281.079987
463548.989990 4831432.820007 281.130005
463548.969971 4831432.859985 281.260010
463548.960022 4831432.899994 281.359985
463548.979980 4831432.899994 281.399994
463548.929993 4831432.890015 281.250000
463548.960022 4831432.859985 281.250000
463548.989990 4831432.859985 281.279999
463548.950012 4831432.869995 281.239990
463548.969971 4831432.859985 281.269989
463548.960022 4831432.899994 281.369995
463548.659973 4831432.880005 281.070007
463548.989990 4831432.890015 281.320007
463549.000000 4831432.809998 281.320007
463548.969971 4831432.739990 281.190002
463549.080017 4831432.880005 281.440002
463548.919983 4831432.899994 281.269989
463549.070007 4831432.760010 281.209991
463549.030029 4831432.779999 281.239990
463549.010010 4831432.799988 281.170013
463549.020020 4831432.750000 281.209991
463548.869995 4831432.790009 281.209991
463548.890015 4831432.850006 281.320007
463548.880005 4831432.820007 281.299988
463548.940002 4831432.880005 281.260010
463548.940002 4831432.920013 281.690002
463548.940002 4831432.910004 281.690002
463548.940002 4831432.779999 281.140015
463548.919983 4831432.779999 281.160004
463548.909973 4831432.779999 281.119995
463548.960022 4831432.750000 281.190002
463548.909973 4831432.779999 281.170013
463548.929993 4831432.890015 281.640015
463548.260010 4831432.920013 281.160004
463548.270020 4831432.920013 281.119995
463548.289978 4831432.910004 281.089996
463548.940002 4831432.920013 281.250000
463548.979980 4831432.890015 281.309998
463548.890015 4831432.880005 281.149994
463548.309998 4831432.910004 281.049988
463549.039978 4831432.779999 281.250000
