463545.849976 4831430.079987 278.049988
463545.929993 4831430.040009 278.089996
463545.859985 4831430.010010 278.089996
463545.919983 4831430.019989 278.109985
463545.739990 4831430.049988 278.369995
463545.840027 4831430.010010 278.160004
463545.710022 4831430.019989 278.390015
463546.020020 4831430.040009 277.850006
463546.049988 4831430.109985 277.809998
463545.929993 4831430.040009 278.040009
463545.989990 4831430.000000 277.850006
463545.989990 4831430.010010 277.899994
463546.059998 4831430.109985 277.829987
463545.919983 4831429.980011 277.929993
463545.929993 4831430.000000 277.959991
463545.929993 4831430.019989 278.000000
463545.950012 4831430.049988 278.010010
463545.890015 4831430.040009 277.980011
463545.849976 4831430.070007 278.049988
463545.919983 4831430.010010 278.059998
463545.950012 4831429.980011 278.100006
463545.890015 4831430.019989 278.089996
463545.919983 4831429.989990 278.100006
463545.859985 4831429.989990 278.250000
463545.849976 4831429.970001 278.230011
463545.919983 4831430.010010 278.170013
463545.900024 4831429.980011 278.160004
463545.969971 4831430.000000 278.100006
463545.750000 4831430.010010 278.429993
463545.729980 4831429.959991 278.450012
463545.979980 4831429.940002 277.950012
463545.900024 4831430.059998 278.019989
463545.969971 4831430.010010 277.980011
463546.000000 4831429.980011 278.010010
463546.000000 4831429.980011 277.940002
463546.020020 4831430.010010 277.829987
463546.070007 4831429.989990 277.899994
463546.059998 4831429.980011 277.869995
463546.059998 4831429.980011 277.820007
463545.849976 4831430.070007 278.029999
463545.919983 4831429.989990 278.049988
463545.960022 4831429.980011 278.029999
463545.950012 4831429.989990 277.980011
463546.000000 4831430.000000 277.929993
463546.039978 4831430.010010 277.880005
463546.030029 4831429.980011 277.869995
463546.080017 4831429.989990 277.839996
463545.869995 4831430.040009 278.070007
463545.880005 4831430.070007 278.070007
463545.869995 4831430.029999 278.089996
463545.890015 4831430.059998 278.059998
463545.760010 4831430.079987 278.070007
463545.830017 4831430.089996 278.119995
463546.010010 4831430.049988 277.809998
463545.950012 4831430.029999 277.859985
463545.869995 4831430.019989 277.920013
463545.859985 4831429.929993 278.019989
463545.880005 4831430.049988 278.130005
463545.859985 4831430.029999 278.119995
463545.940002 4831430.019989 277.959991
463546.010010 4831430.029999 277.839996
463545.809998 4831430.109985 278.089996
463545.729980 4831430.119995 278.070007
463545.760010 4831430.119995 278.070007
463545.900024 4831430.070007 277.929993
463545.919983 4831430.089996 277.920013
463545.929993 4831430.100006 277.859985
463545.950012 4831430.119995 277.820007
463545.929993 4831430.089996 277.910004
463545.849976 4831430.070007 278.079987
463545.869995 4831430.029999 278.059998
463545.809998 4831430.049988 278.149994
463545.830017 4831430.040009 278.100006
463545.780029 4831430.079987 278.040009
463545.929993 4831430.040009 277.970001
463545.890015 4831430.089996 277.989990
463545.890015 4831430.070007 278.019989
463545.869995 4831430.049988 278.029999
463545.900024 4831430.070007 277.929993
463545.900024 4831430.049988 277.980011
463545.890015 4831430.029999 278.000000
463545.859985 4831429.989990 277.970001
463545.849976 4831429.970001 277.989990
463545.840027 4831429.950012 278.029999
463545.929993 4831430.029999 277.929993
463545.969971 4831430.059998 277.839996
463545.789978 4831430.119995 278.059998
463545.750000 4831430.119995 278.059998
463545.830017 4831430.100006 278.089996
463545.989990 4831430.040009 277.820007
463546.020020 4831430.079987 277.829987
463545.940002 4831430.079987 277.940002
463545.809998 4831430.089996 278.049988
463545.940002 4831430.070007 277.929993
463545.950012 4831430.089996 277.890015
463545.880005 4831430.119995 278.000000
463545.849976 4831430.109985 278.049988
463545.859985 4831430.109985 277.989990
463545.880005 4831430.119995 277.950012
463545.869995 4831430.130005 278.079987
463545.869995 4831430.070007 278.070007
463545.849976 4831430.040009 278.079987
463545.840027 4831430.089996 278.070007
463545.869995 4831430.049988 278.070007
463545.799988 4831430.109985 278.140015
463545.780029 4831430.079987 278.149994
463545.809998 4831430.089996 278.109985
463545.809998 4831430.079987 278.149994
463545.840027 4831430.079987 278.119995
463545.929993 4831430.079987 277.829987
463545.919983 4831430.079987 277.890015
463545.919983 4831430.089996 277.959991
463545.869995 4831430.079987 278.010010
463545.840027 4831430.100006 278.019989
463545.880005 4831430.089996 278.000000
463545.880005 4831430.070007 278.029999
463545.919983 4831430.089996 277.929993
463545.909973 4831430.070007 277.959991
463545.890015 4831430.040009 278.000000
463545.849976 4831429.989990 278.000000
463545.830017 4831429.959991 278.000000
463545.950012 4831430.079987 277.869995
463545.950012 4831430.070007 277.920013
463546.000000 4831430.059998 277.880005
463545.950012 4831430.049988 277.869995
463545.929993 4831430.059998 277.859985
463545.809998 4831429.959991 278.029999
463545.880005 4831429.959991 277.850006
463545.869995 4831430.070007 278.070007
463545.869995 4831430.070007 278.059998
463545.950012 4831430.070007 277.850006
463545.969971 4831430.059998 277.869995
463545.880005 4831429.980011 278.070007
463545.809998 4831430.010010 278.170013
463545.950012 4831430.040009 277.869995
463545.940002 4831430.040009 277.899994
463545.940002 4831430.040009 277.899994
463545.909973 4831430.049988 277.880005
463545.909973 4831430.029999 277.920013
463545.880005 4831430.059998 277.959991
463545.859985 4831430.040009 278.029999
463545.969971 4831429.989990 277.859985
463545.830017 4831430.010010 278.029999
463545.820007 4831429.940002 278.049988
463545.789978 4831430.109985 278.089996
463545.869995 4831430.070007 278.089996
463545.869995 4831430.109985 278.070007
463545.859985 4831430.119995 278.079987
463545.880005 4831430.100006 278.070007
463545.840027 4831430.089996 278.130005
463545.820007 4831430.100006 278.170013
463545.900024 4831430.089996 278.029999
463545.929993 4831430.059998 277.959991
463545.950012 4831430.100006 277.899994
463545.979980 4831430.079987 277.839996
463545.979980 4831430.119995 277.839996
463546.000000 4831430.100006 277.829987
463545.849976 4831429.970001 278.019989
463545.900024 4831430.070007 278.019989
463545.869995 4831430.029999 278.079987
463545.880005 4831430.070007 278.100006
463545.900024 4831430.059998 278.079987
463545.890015 4831430.079987 278.070007
463545.760010 4831429.980011 278.579987
463545.830017 4831430.049988 278.170013
463545.840027 4831430.040009 278.140015
463545.859985 4831430.029999 278.119995
463545.830017 4831430.029999 278.149994
463545.890015 4831430.019989 278.040009
463545.900024 4831430.019989 277.989990
463545.919983 4831430.079987 278.010010
463545.940002 4831430.070007 277.989990
463545.960022 4831430.070007 277.910004
463545.979980 4831430.059998 277.880005
463546.000000 4831430.049988 277.839996
463546.010010 4831430.040009 277.809998
463545.919983 4831430.029999 278.000000
463546.020020 4831430.040009 277.809998
463545.750000 4831430.750000 278.279999
463545.750000 4831430.690002 278.309998
463545.580017 4831430.040009 278.579987
463545.580017 4831430.049988 278.619995
463545.580017 4831430.040009 278.679993
463545.679993 4831430.019989 278.380005
463545.599976 4831430.019989 278.540009
463545.590027 4831430.019989 278.609985
463545.530029 4831430.029999 278.589996
463545.710022 4831430.000000 278.519989
463545.549988 4831430.040009 278.630005
463545.530029 4831430.070007 278.500000
463545.539978 4831430.059998 278.660004
463545.570007 4831430.040009 278.600006
463545.549988 4831430.019989 278.579987
463545.700012 4831430.079987 278.369995
463545.659973 4831430.000000 278.410004
463545.659973 4831430.109985 278.350006
463545.570007 4831430.059998 278.510010
463545.590027 4831430.079987 278.500000
463545.510010 4831430.079987 278.600006
463545.530029 4831430.100006 278.589996
463545.450012 4831430.100006 278.690002
463545.700012 4831430.079987 278.329987
463545.549988 4831430.010010 278.640015
463545.400024 4831430.070007 278.790009
463545.469971 4831430.100006 278.630005
463545.500000 4831430.109985 278.570007
463545.539978 4831430.070007 278.559998
463545.530029 4831430.059998 278.579987
463545.390015 4831430.089996 278.769989
463545.440002 4831430.059998 278.739990
463545.500000 4831430.079987 278.619995
463545.500000 4831430.070007 278.670013
463545.489990 4831430.049988 278.679993
463545.570007 4831430.079987 278.549988
463545.559998 4831430.049988 278.570007
463545.539978 4831430.029999 278.589996
463545.650024 4831430.079987 278.320007
463545.580017 4831430.000000 278.609985
463545.590027 4831430.100006 278.529999
463545.520020 4831430.070007 278.709991
463545.520020 4831430.079987 278.670013
463545.530029 4831430.100006 278.640015
463545.539978 4831430.100006 278.589996
463545.489990 4831430.100006 278.679993
463545.659973 4831430.109985 278.399994
463545.539978 4831430.059998 278.589996
463545.549988 4831430.079987 278.579987
463545.570007 4831430.100006 278.500000
463545.440002 4831430.109985 278.739990
463545.559998 4831430.040009 278.619995
463545.650024 4831430.109985 278.420013
463545.659973 4831430.119995 278.380005
463545.679993 4831430.119995 278.329987
463545.549988 4831430.100006 278.559998
463545.570007 4831430.109985 278.519989
463545.580017 4831430.119995 278.480011
463545.590027 4831430.119995 278.450012
463545.599976 4831430.109985 278.380005
463545.400024 4831430.089996 278.790009
463545.419983 4831430.100006 278.760010
463545.450012 4831430.109985 278.679993
463545.489990 4831430.140015 278.570007
463545.429993 4831430.089996 278.700012
463545.409973 4831430.059998 278.769989
463545.520020 4831430.100006 278.529999
463545.510010 4831430.089996 278.570007
463545.500000 4831430.079987 278.609985
463545.489990 4831430.059998 278.640015
463545.559998 4831430.049988 278.529999
463545.409973 4831430.109985 278.730011
463545.400024 4831430.079987 278.760010
463545.460022 4831430.100006 278.670013
463545.450012 4831430.089996 278.700012
463545.440002 4831430.079987 278.739990
463545.510010 4831430.109985 278.559998
463545.500000 4831430.100006 278.600006
463545.500000 4831430.079987 278.640015
463545.479980 4831430.059998 278.679993
463545.559998 4831430.109985 278.470001
463545.549988 4831430.100006 278.519989
463545.549988 4831430.079987 278.559998
463545.539978 4831430.070007 278.589996
463545.539978 4831430.059998 278.630005
463545.590027 4831430.089996 278.480011
463545.580017 4831430.059998 278.500000
463545.650024 4831430.100006 278.369995
463545.650024 4831430.100006 278.420013
463545.580017 4831429.980011 278.660004
463545.580017 4831429.970001 278.700012
463545.690002 4831430.079987 278.339996
463545.400024 4831430.100006 278.769989
463545.440002 4831430.100006 278.700012
463545.429993 4831430.079987 278.730011
463545.429993 4831430.070007 278.769989
463545.510010 4831430.119995 278.600006
463545.500000 4831430.100006 278.630005
463545.479980 4831430.079987 278.670013
463545.549988 4831430.100006 278.500000
463545.549988 4831430.079987 278.579987
463545.530029 4831430.049988 278.600006
463545.559998 4831430.010010 278.570007
463545.489990 4831430.089996 278.649994
463545.400024 4831430.059998 278.799988
463545.659973 4831430.109985 278.390015
463545.559998 4831430.079987 278.510010
463545.510010 4831430.079987 278.609985
463545.440002 4831430.170013 278.299988
463545.390015 4831430.089996 278.760010
463545.429993 4831430.079987 278.720001
463545.450012 4831430.109985 278.760010
463545.489990 4831430.089996 278.690002
463545.510010 4831430.070007 278.700012
463545.609985 4831430.010010 278.589996
463545.559998 4831430.079987 278.570007
463545.409973 4831430.109985 278.769989
463545.429993 4831430.100006 278.769989
463545.500000 4831430.079987 278.660004
463545.520020 4831430.070007 278.679993
463545.599976 4831430.019989 278.649994
463545.539978 4831430.100006 278.600006
463545.559998 4831430.089996 278.589996
463545.570007 4831430.109985 278.559998
463545.580017 4831430.119995 278.519989
463545.599976 4831430.119995 278.489990
463545.609985 4831430.119995 278.470001
463545.599976 4831430.109985 278.369995
463545.630005 4831430.119995 278.450012
463545.619995 4831430.119995 278.390015
463545.650024 4831430.119995 278.440002
463545.679993 4831430.109985 278.329987
463545.700012 4831430.109985 278.369995
463545.650024 4831430.140015 278.369995
463545.500000 4831430.059998 278.700012
463545.520020 4831430.049988 278.690002
463545.520020 4831430.059998 278.609985
463545.549988 4831430.040009 278.609985
463545.599976 4831430.000000 278.679993
463545.409973 4831430.079987 278.709991
463545.489990 4831430.070007 278.720001
463545.530029 4831430.049988 278.670013
463545.549988 4831430.029999 278.660004
463545.619995 4831430.079987 278.500000
463545.669983 4831430.720001 278.260010
463545.650024 4831430.700012 278.339996
463545.690002 4831430.890015 277.859985
463545.440002 4831430.709991 278.299988
463545.450012 4831430.679993 278.320007
463545.429993 4831430.649994 278.309998
463545.440002 4831430.630005 278.329987
463545.460022 4831430.630005 278.260010
463545.530029 4831430.690002 278.299988
463545.460022 4831430.609985 278.339996
463545.559998 4831430.690002 278.299988
463545.520020 4831430.640015 278.339996
463545.640015 4831430.739990 278.309998
463545.580017 4831430.660004 278.279999
463545.460022 4831430.730011 278.279999
463545.460022 4831430.640015 278.329987
463545.520020 4831430.679993 278.329987
463545.640015 4831430.820007 278.329987
463545.570007 4831430.709991 278.279999
463545.559998 4831430.679993 278.279999
463545.369995 4831430.750000 278.309998
463545.380005 4831430.769989 278.320007
463545.690002 4831430.720001 278.290009
463545.700012 4831430.790009 278.299988
463545.549988 4831430.700012 278.329987
463545.619995 4831430.709991 278.329987
463545.599976 4831430.690002 278.350006
463545.659973 4831430.660004 278.329987
463545.640015 4831430.619995 278.260010
463545.659973 4831430.700012 278.320007
463545.340027 4831430.750000 278.329987
463545.599976 4831430.670013 278.309998
463545.549988 4831430.670013 278.329987
463545.460022 4831430.690002 278.290009
463545.340027 4831430.670013 278.369995
463545.309998 4831430.790009 278.380005
463545.619995 4831430.850006 278.339996
463545.630005 4831430.859985 278.309998
463545.549988 4831430.660004 278.339996
463545.549988 4831430.609985 278.290009
463545.590027 4831430.709991 278.269989
463545.659973 4831430.799988 278.299988
463545.619995 4831430.869995 278.350006
463545.330017 4831430.700012 278.339996
463545.299988 4831430.720001 278.399994
463545.280029 4831430.760010 278.399994
463545.280029 4831430.760010 278.350006
463545.659973 4831430.809998 278.339996
463545.359985 4831430.750000 278.299988
463545.619995 4831430.820007 278.299988
463545.679993 4831430.730011 278.290009
463545.400024 4831430.619995 278.279999
463545.630005 4831430.829987 278.320007
463545.570007 4831430.690002 278.299988
463545.659973 4831430.750000 278.279999
463545.590027 4831430.649994 278.329987
463545.619995 4831430.679993 278.320007
463545.619995 4831430.709991 278.309998
463545.640015 4831430.720001 278.320007
463545.630005 4831430.850006 278.339996
463545.429993 4831430.679993 278.299988
463545.409973 4831430.670013 278.309998
463545.400024 4831430.670013 278.339996
463545.309998 4831430.750000 278.359985
463545.419983 4831430.630005 278.269989
463545.369995 4831430.730011 278.320007
463545.400024 4831430.720001 278.329987
463545.390015 4831430.730011 278.299988
463545.539978 4831430.690002 278.290009
463545.669983 4831430.679993 278.309998
463545.450012 4831430.690002 278.320007
463545.590027 4831430.649994 278.309998
463545.630005 4831430.739990 278.309998
463545.650024 4831430.829987 278.390015
463545.669983 4831430.880005 278.390015
463545.669983 4831430.859985 278.359985
463545.640015 4831430.709991 278.279999
463545.599976 4831430.649994 278.250000
463545.580017 4831430.649994 278.329987
463545.489990 4831430.660004 278.279999
463545.369995 4831430.730011 278.339996
463545.369995 4831430.720001 278.339996
463545.390015 4831430.690002 278.290009
463545.570007 4831430.679993 278.309998
463545.640015 4831430.730011 278.329987
463545.369995 4831430.739990 278.350006
463545.280029 4831430.790009 278.339996
463545.489990 4831430.679993 278.299988
463545.530029 4831430.649994 278.260010
463545.609985 4831430.690002 278.359985
463545.619995 4831430.679993 278.320007
463545.599976 4831430.750000 278.299988
463545.640015 4831430.720001 278.260010
463545.669983 4831430.809998 278.339996
463545.690002 4831430.790009 278.309998
463545.659973 4831430.890015 278.380005
463545.669983 4831430.869995 278.339996
463545.669983 4831430.859985 278.290009
463545.609985 4831429.940002 278.700012
463545.619995 4831429.950012 278.489990
463545.390015 4831429.950012 278.750000
463545.280029 4831429.959991 278.799988
463545.179993 4831430.019989 278.619995
463545.530029 4831430.000000 278.670013
463545.179993 4831429.940002 278.679993
463545.179993 4831429.940002 278.760010
463545.390015 4831430.010010 278.720001
463545.299988 4831429.959991 278.769989
463545.369995 4831429.959991 278.760010
463545.409973 4831430.000000 278.799988
463545.179993 4831429.940002 278.790009
463545.330017 4831429.980011 278.799988
463545.429993 4831430.049988 278.769989
463545.409973 4831430.029999 278.799988
463545.559998 4831429.980011 278.640015
463545.280029 4831429.989990 278.739990
463545.530029 4831430.010010 278.609985
463545.520020 4831429.970001 278.450012
463545.409973 4831430.040009 278.790009
463545.190002 4831429.940002 278.790009
463545.200012 4831429.929993 278.790009
463545.450012 4831430.040009 278.670013
463545.400024 4831430.049988 278.720001
463545.390015 4831430.070007 278.779999
463545.340027 4831430.000000 278.799988
463545.309998 4831429.989990 278.760010
463545.380005 4831430.049988 278.799988
463545.340027 4831430.010010 278.709991
463545.260010 4831429.950012 278.750000
463545.260010 4831429.980011 278.739990
463545.260010 4831429.959991 278.739990
463545.270020 4831429.989990 278.720001
463545.309998 4831430.000000 278.720001
463545.309998 4831430.000000 278.709991
463545.539978 4831429.970001 278.619995
463545.429993 4831429.980011 278.790009
463545.270020 4831429.970001 278.779999
463545.330017 4831430.010010 278.750000
463545.340027 4831430.000000 278.799988
463545.320007 4831430.010010 278.779999
463545.359985 4831430.019989 278.739990
463545.570007 4831429.989990 278.529999
463545.429993 4831430.040009 278.720001
463545.409973 4831430.049988 278.790009
463545.299988 4831429.970001 278.760010
463545.260010 4831429.950012 278.760010
463545.239990 4831429.959991 278.790009
463545.380005 4831430.000000 278.730011
463545.320007 4831429.970001 278.750000
