463548.630005 4831431.480011 276.420013
463548.659973 4831431.450012 276.529999
463548.630005 4831431.429993 276.369995
463548.679993 4831431.480011 276.329987
463548.710022 4831431.470001 276.320007
463548.640015 4831431.549988 276.519989
463548.640015 4831431.549988 276.619995
463548.650024 4831431.579987 276.700012
463548.650024 4831431.579987 276.750000
463548.659973 4831431.600006 276.799988
463548.659973 4831431.600006 276.859985
463548.609985 4831431.579987 276.779999
463548.619995 4831431.600006 276.809998
463548.619995 4831431.600006 276.859985
463548.630005 4831431.619995 276.890015
463548.630005 4831431.619995 276.950012
463548.640015 4831431.640015 276.980011
463548.650024 4831431.649994 277.029999
463548.840027 4831431.549988 276.390015
463548.849976 4831431.570007 276.420013
463548.619995 4831431.540009 276.660004
463548.619995 4831431.570007 276.809998
463548.619995 4831431.589996 276.859985
463548.619995 4831431.609985 276.899994
463548.619995 4831431.619995 276.950012
463548.619995 4831431.630005 276.980011
463548.630005 4831431.649994 277.019989
463548.630005 4831431.670013 277.059998
463548.630005 4831431.679993 277.100006
463548.630005 4831431.690002 277.140015
463548.630005 4831431.709991 277.179993
463548.630005 4831431.720001 277.230011
463548.640015 4831431.739990 277.260010
463548.809998 4831431.540009 276.380005
463548.640015 4831431.609985 277.089996
463548.619995 4831431.600006 276.959991
463548.630005 4831431.630005 277.029999
463548.619995 4831431.670013 277.170013
463548.609985 4831431.700012 277.269989
463548.630005 4831431.730011 277.279999
463548.609985 4831431.640015 276.820007
463548.679993 4831431.619995 276.890015
463548.650024 4831431.570007 276.799988
463548.650024 4831431.559998 276.769989
463548.669983 4831431.570007 276.959991
463548.679993 4831431.570007 276.899994
463548.710022 4831431.579987 276.950012
463548.719971 4831431.570007 276.890015
463548.690002 4831431.529999 276.910004
463548.679993 4831431.600006 276.989990
463548.669983 4831431.579987 276.839996
463548.640015 4831431.549988 276.750000
463548.630005 4831431.529999 276.630005
463548.640015 4831431.559998 276.519989
463548.630005 4831431.540009 276.500000
463548.619995 4831431.529999 276.390015
463548.700012 4831431.559998 276.940002
463548.690002 4831431.549988 276.839996
463548.679993 4831431.540009 276.809998
463548.650024 4831431.510010 276.589996
463548.640015 4831431.500000 276.559998
463548.640015 4831431.489990 276.519989
463548.799988 4831431.500000 276.320007
463548.729980 4831431.619995 277.070007
463548.650024 4831431.510010 276.589996
463548.640015 4831431.519989 276.540009
463548.630005 4831431.519989 276.470001
463548.650024 4831431.609985 276.790009
463548.650024 4831431.730011 277.260010
463548.830017 4831431.630005 276.559998
463548.780029 4831431.609985 276.380005
463548.789978 4831431.630005 276.399994
463548.789978 4831431.640015 276.429993
463548.640015 4831431.609985 276.769989
463548.619995 4831431.670013 277.130005
463548.780029 4831431.600006 276.410004
463548.700012 4831431.589996 276.619995
463548.619995 4831431.619995 276.890015
463548.619995 4831431.709991 277.200012
463548.609985 4831431.640015 277.019989
463548.789978 4831431.649994 276.459991
463548.789978 4831431.700012 276.510010
463548.739990 4831431.609985 276.339996
463548.750000 4831431.640015 276.350006
463548.750000 4831431.670013 276.390015
463548.710022 4831431.609985 276.329987
463548.719971 4831431.640015 276.329987
463548.729980 4831431.660004 276.309998
463548.609985 4831431.600006 276.790009
463548.619995 4831431.700012 277.089996
463548.619995 4831431.739990 277.250000
463548.609985 4831431.649994 276.820007
463548.619995 4831431.660004 276.959991
463548.809998 4831431.660004 276.390015
463548.799988 4831431.630005 276.390015
463548.780029 4831431.609985 276.399994
463548.650024 4831431.769989 277.200012
463548.650024 4831431.739990 277.290009
463548.820007 4831431.660004 276.470001
463548.679993 4831431.730011 277.190002
463548.609985 4831431.640015 276.950012
463548.640015 4831431.670013 276.959991
463548.630005 4831431.670013 276.880005
463548.619995 4831431.660004 276.809998
463548.659973 4831431.739990 277.160004
463548.619995 4831431.690002 276.940002
463548.679993 4831431.829987 277.279999
463548.609985 4831431.790009 277.260010
463548.840027 4831431.679993 276.559998
463548.859985 4831431.690002 276.470001
463548.780029 4831431.630005 276.420013
463548.799988 4831431.670013 276.420013
463548.809998 4831431.660004 276.350006
463548.770020 4831431.640015 276.399994
463548.789978 4831431.670013 276.399994
463548.799988 4831431.679993 276.350006
463548.739990 4831431.609985 276.320007
463548.760010 4831431.640015 276.309998
463548.729980 4831431.609985 276.320007
463548.750000 4831431.640015 276.309998
463548.750000 4831431.630005 276.359985
463548.770020 4831431.649994 276.329987
463548.630005 4831431.720001 277.040009
463548.630005 4831431.700012 276.959991
463548.609985 4831431.640015 276.799988
463548.630005 4831431.660004 276.769989
463548.789978 4831431.649994 276.429993
463548.609985 4831431.750000 277.179993
463548.609985 4831431.760010 277.239990
463548.630005 4831431.690002 277.059998
463548.650024 4831431.750000 277.190002
463548.710022 4831431.600006 276.309998
463548.770020 4831431.619995 276.320007
463548.770020 4831431.630005 276.380005
463548.750000 4831431.600006 276.410004
463548.830017 4831431.660004 276.459991
463548.820007 4831431.649994 276.519989
463548.640015 4831431.769989 277.170013
463548.619995 4831431.640015 276.910004
463548.809998 4831431.640015 276.350006
463548.830017 4831431.660004 276.450012
463548.830017 4831431.670013 276.519989
463548.609985 4831431.779999 277.170013
463548.659973 4831431.760010 277.179993
463548.659973 4831431.750000 277.239990
463548.630005 4831431.690002 277.000000
463548.809998 4831431.649994 276.359985
463548.849976 4831431.670013 276.459991
463548.830017 4831431.609985 276.519989
463548.820007 4831431.640015 276.549988
463548.820007 4831431.670013 276.549988
463548.780029 4831431.609985 276.440002
463548.780029 4831431.649994 276.440002
463548.739990 4831431.579987 276.350006
463548.739990 4831431.609985 276.359985
463548.739990 4831431.640015 276.350006
463548.830017 4831431.609985 276.600006
463548.820007 4831431.559998 276.630005
463548.799988 4831431.570007 276.600006
463548.789978 4831431.570007 276.559998
463548.780029 4831431.579987 276.519989
463548.780029 4831431.579987 276.470001
463548.799988 4831431.540009 276.570007
463548.780029 4831431.549988 276.529999
463548.760010 4831431.559998 276.500000
463548.750000 4831431.559998 276.410004
463548.729980 4831431.570007 276.369995
463548.780029 4831431.519989 276.510010
463548.760010 4831431.540009 276.480011
463548.750000 4831431.540009 276.440002
463548.729980 4831431.549988 276.399994
463548.719971 4831431.549988 276.350006
463548.739990 4831431.510010 276.450012
463548.719971 4831431.519989 276.410004
463548.700012 4831431.529999 276.380005
463548.690002 4831431.529999 276.329987
463548.700012 4831431.510010 276.429993
463548.700012 4831431.510010 276.380005
463548.690002 4831431.519989 276.350006
463548.669983 4831431.519989 276.309998
463548.710022 4831431.500000 276.390015
463548.690002 4831431.510010 276.359985
463548.679993 4831431.519989 276.320007
463548.719971 4831431.500000 276.399994
463548.690002 4831431.510010 276.369995
463548.679993 4831431.519989 276.320007
463548.690002 4831431.489990 276.359985
463548.669983 4831431.500000 276.320007
463548.799988 4831431.510010 276.559998
463548.799988 4831431.519989 276.510010
463548.780029 4831431.540009 276.470001
463548.750000 4831431.570007 276.329987
463548.750000 4831431.630005 276.339996
463548.770020 4831431.619995 276.369995
463548.789978 4831431.609985 276.410004
463548.619995 4831431.799988 277.269989
463548.760010 4831431.670013 276.369995
463548.789978 4831431.649994 276.369995
463548.799988 4831431.649994 276.410004
463548.809998 4831431.649994 276.450012
463548.830017 4831431.640015 276.489990
463548.840027 4831431.640015 276.540009
463548.820007 4831431.690002 276.459991
463548.849976 4831431.679993 276.470001
463548.840027 4831431.709991 276.519989
463548.859985 4831431.700012 276.470001
463548.820007 4831431.679993 276.410004
463548.840027 4831431.670013 276.459991
463548.849976 4831431.670013 276.510010
463548.799988 4831431.670013 276.369995
463548.809998 4831431.660004 276.410004
463548.830017 4831431.660004 276.459991
463548.840027 4831431.660004 276.510010
463548.809998 4831431.670013 276.380005
463548.820007 4831431.670013 276.429993
463548.830017 4831431.660004 276.470001
463548.840027 4831431.660004 276.519989
463548.809998 4831431.670013 276.380005
463548.820007 4831431.670013 276.429993
463548.830017 4831431.660004 276.470001
463548.840027 4831431.660004 276.519989
463548.820007 4831431.670013 276.410004
463548.830017 4831431.670013 276.450012
463548.840027 4831431.670013 276.489990
463548.849976 4831431.670013 276.529999
463548.609985 4831431.750000 277.200012
463548.609985 4831431.760010 277.260010
463548.640015 4831431.809998 277.260010
463548.739990 4831431.609985 276.329987
463548.760010 4831431.600006 276.359985
463548.780029 4831431.600006 276.390015
463548.789978 4831431.609985 276.440002
463548.770020 4831431.670013 276.399994
463548.820007 4831431.649994 276.459991
463548.830017 4831431.649994 276.510010
463548.760010 4831431.630005 276.350006
463548.780029 4831431.630005 276.380005
463548.799988 4831431.630005 276.420013
463548.809998 4831431.630005 276.470001
463548.830017 4831431.630005 276.510010
463548.840027 4831431.630005 276.540009
463548.739990 4831431.600006 276.309998
463548.750000 4831431.600006 276.350006
463548.739990 4831431.600006 276.339996
463548.760010 4831431.589996 276.359985
463548.609985 4831431.679993 276.839996
463548.619995 4831431.709991 276.970001
463548.619995 4831431.739990 277.059998
463548.630005 4831431.769989 277.200012
463548.640015 4831431.790009 277.269989
463548.619995 4831431.660004 276.799988
463548.619995 4831431.730011 277.059998
463548.619995 4831431.750000 277.130005
463548.630005 4831431.769989 277.200012
463548.630005 4831431.779999 277.260010
463548.609985 4831431.730011 277.049988
463548.609985 4831431.750000 277.119995
463548.619995 4831431.760010 277.190002
463548.619995 4831431.779999 277.260010
463548.619995 4831431.660004 276.809998
463548.609985 4831431.720001 276.980011
463548.609985 4831431.739990 277.040009
463548.619995 4831431.750000 277.100006
463548.640015 4831431.769989 277.220001
463548.640015 4831431.799988 277.290009
463548.729980 4831431.589996 276.309998
463548.760010 4831431.589996 276.350006
463548.780029 4831431.649994 276.380005
463548.799988 4831431.649994 276.420013
463548.820007 4831431.649994 276.459991
463548.840027 4831431.649994 276.510010
463548.840027 4831431.660004 276.559998
463548.840027 4831431.609985 276.549988
463548.820007 4831431.619995 276.519989
463548.809998 4831431.630005 276.480011
463548.830017 4831431.579987 276.549988
463548.809998 4831431.600006 276.529999
463548.789978 4831431.600006 276.420013
463548.729980 4831431.570007 276.309998
463548.609985 4831431.730011 277.239990
463548.849976 4831431.589996 276.519989
463548.630005 4831431.649994 277.049988
463548.830017 4831431.570007 276.489990
463548.830017 4831431.549988 276.459991
463548.619995 4831431.609985 277.179993
463548.799988 4831431.559998 276.500000
463548.619995 4831431.630005 277.040009
463548.820007 4831431.559998 276.470001
463548.609985 4831431.630005 277.160004
463548.609985 4831431.649994 277.109985
463548.820007 4831431.570007 276.519989
463548.630005 4831431.649994 277.070007
463548.830017 4831431.579987 276.510010
463548.609985 4831431.640015 277.140015
463548.840027 4831431.529999 276.440002
463548.789978 4831431.540009 276.480011
463548.729980 4831431.630005 276.329987
463548.750000 4831431.619995 276.359985
463548.780029 4831431.640015 276.359985
463548.799988 4831431.630005 276.390015
463548.809998 4831431.649994 276.429993
463548.830017 4831431.640015 276.470001
463548.609985 4831431.709991 277.160004
463548.820007 4831431.660004 276.450012
463548.619995 4831431.720001 277.250000
463548.609985 4831431.750000 277.200012
463548.630005 4831431.730011 277.239990
463548.609985 4831431.769989 277.239990
463548.770020 4831431.649994 276.429993
463548.789978 4831431.619995 276.390015
463548.809998 4831431.660004 276.440002
463548.830017 4831431.660004 276.489990
463548.859985 4831431.690002 276.500000
463548.849976 4831431.690002 276.489990
463548.840027 4831431.600006 276.540009
463548.619995 4831431.660004 277.089996
463548.659973 4831431.690002 276.489990
463548.679993 4831431.709991 277.200012
463548.630005 4831431.510010 276.329987
463548.630005 4831431.630005 276.869995
463548.630005 4831431.619995 276.809998
463548.630005 4831431.609985 276.720001
463548.619995 4831431.739990 277.239990
463548.659973 4831431.720001 277.260010
463548.669983 4831431.709991 277.209991
463548.650024 4831431.690002 276.959991
463548.650024 4831431.519989 276.989990
463548.700012 4831431.739990 277.230011
463548.659973 4831431.670013 276.899994
463548.650024 4831431.649994 276.820007
463548.650024 4831431.630005 276.760010
463548.630005 4831431.609985 276.649994
463548.640015 4831431.559998 276.480011
463548.989990 4831431.600006 276.640015
463548.989990 4831431.630005 276.730011
463548.969971 4831431.600006 276.630005
463548.969971 4831431.630005 276.720001
463548.960022 4831431.630005 276.790009
463548.960022 4831431.589996 276.619995
463548.960022 4831431.600006 276.660004
463548.960022 4831431.630005 276.739990
463548.960022 4831431.630005 276.790009
463549.190002 4831431.720001 277.130005
463548.950012 4831431.589996 276.600006
463548.960022 4831431.609985 276.630005
463548.960022 4831431.640015 276.779999
463548.969971 4831431.600006 276.640015
463548.919983 4831431.570007 276.859985
463548.969971 4831431.649994 276.809998
463549.030029 4831431.709991 276.899994
463549.010010 4831431.600006 276.809998
463549.020020 4831431.640015 276.890015
463549.020020 4831431.660004 276.920013
463548.969971 4831431.600006 276.739990
463548.969971 4831431.619995 276.820007
463548.950012 4831431.600006 276.559998
463548.940002 4831431.609985 276.609985
463548.950012 4831431.630005 276.649994
463548.909973 4831431.600006 276.739990
463548.950012 4831431.660004 276.720001
463548.909973 4831431.630005 276.589996
463548.919983 4831431.649994 276.619995
463549.020020 4831431.660004 276.890015
463548.969971 4831431.600006 276.640015
463548.950012 4831431.600006 276.709991
463548.900024 4831431.559998 276.549988
463548.919983 4831431.589996 276.579987
463548.919983 4831431.600006 276.609985
463548.929993 4831431.619995 276.640015
463548.919983 4831431.640015 276.700012
463548.840027 4831431.559998 276.600006
463548.890015 4831431.630005 276.579987
463548.869995 4831431.540009 276.339996
463548.859985 4831431.549988 276.390015
463548.859985 4831431.600006 276.500000
463548.849976 4831431.609985 276.559998
463548.739990 4831431.670013 277.299988
463548.719971 4831431.649994 277.279999
463548.869995 4831431.549988 276.390015
463548.859985 4831431.540009 276.359985
463548.859985 4831431.519989 276.329987
463548.909973 4831431.549988 276.429993
463548.890015 4831431.519989 276.410004
463548.880005 4831431.510010 276.369995
463548.960022 4831431.559998 276.570007
463548.950012 4831431.549988 276.519989
463548.950012 4831431.540009 276.480011
463548.950012 4831431.529999 276.450012
463548.940002 4831431.510010 276.410004
463549.030029 4831431.619995 276.779999
463549.000000 4831431.570007 276.730011
463549.070007 4831431.619995 276.859985
463549.099976 4831431.600006 276.959991
463549.190002 4831431.690002 277.140015
463549.190002 4831431.679993 277.100006
463549.200012 4831431.640015 277.100006
463548.719971 4831431.700012 277.290009
463548.710022 4831431.690002 277.250000
463548.739990 4831431.679993 277.260010
463548.729980 4831431.660004 277.220001
463548.780029 4831431.679993 277.279999
463548.770020 4831431.670013 277.239990
463548.760010 4831431.649994 277.200012
463548.760010 4831431.640015 277.149994
463548.880005 4831431.540009 276.359985
463548.919983 4831431.570007 276.429993
463548.909973 4831431.549988 276.399994
463548.900024 4831431.529999 276.359985
463548.890015 4831431.529999 276.320007
463548.960022 4831431.579987 276.529999
463548.940002 4831431.559998 276.450012
463548.940002 4831431.549988 276.410004
463548.919983 4831431.529999 276.380005
463548.909973 4831431.519989 276.339996
463548.900024 4831431.500000 276.309998
463549.030029 4831431.630005 276.640015
463549.000000 4831431.579987 276.549988
463548.989990 4831431.570007 276.519989
463549.109985 4831431.670013 276.920013
463549.049988 4831431.570007 276.769989
463549.200012 4831431.700012 277.109985
463549.179993 4831431.589996 277.059998
463548.719971 4831431.660004 277.239990
463548.780029 4831431.679993 277.149994
463548.760010 4831431.640015 277.149994
463548.919983 4831431.519989 276.309998
463549.109985 4831431.750000 277.190002
463548.989990 4831431.700012 276.920013
463548.950012 4831431.649994 276.739990
463548.960022 4831431.679993 276.760010
463548.890015 4831431.619995 276.579987
463548.880005 4831431.630005 276.649994
463548.900024 4831431.660004 276.649994
463548.909973 4831431.679993 276.670013
463548.909973 4831431.690002 276.709991
463548.849976 4831431.660004 276.549988
463549.190002 4831431.730011 277.200012
463549.020020 4831431.690002 276.940002
463549.010010 4831431.690002 276.929993
463549.010010 4831431.709991 276.959991
463549.010010 4831431.709991 276.929993
463549.010010 4831431.730011 276.980011
463548.950012 4831431.670013 276.910004
463548.989990 4831431.700012 276.880005
463548.950012 4831431.640015 276.739990
463548.950012 4831431.660004 276.769989
463549.020020 4831431.700012 276.880005
463549.000000 4831431.679993 276.850006
463548.989990 4831431.660004 276.850006
463549.049988 4831431.660004 276.920013
463549.039978 4831431.640015 276.880005
463549.030029 4831431.630005 276.790009
463549.190002 4831431.760010 277.290009
463549.159973 4831431.720001 277.230011
463549.150024 4831431.700012 277.190002
463549.049988 4831431.730011 277.079987
463549.059998 4831431.760010 277.100006
463549.070007 4831431.799988 277.149994
463548.909973 4831431.679993 276.730011
463548.919983 4831431.709991 276.769989
463549.099976 4831431.779999 277.200012
463549.130005 4831431.779999 277.109985
463549.090027 4831431.769989 277.200012
463549.090027 4831431.779999 277.209991
463549.080017 4831431.790009 277.200012
463549.059998 4831431.769989 277.179993
463549.080017 4831431.790009 277.170013
463549.099976 4831431.799988 277.109985
463549.080017 4831431.790009 277.149994
463549.099976 4831431.799988 277.100006
463549.030029 4831431.779999 277.100006
463548.979980 4831431.739990 276.950012
463548.989990 4831431.760010 276.959991
463548.929993 4831431.700012 276.820007
463548.950012 4831431.730011 276.829987
463548.960022 4831431.760010 276.820007
463548.900024 4831431.690002 276.709991
463548.909973 4831431.720001 276.739990
463548.919983 4831431.739990 276.730011
463549.000000 4831431.720001 276.980011
463549.099976 4831431.739990 277.140015
463549.130005 4831431.760010 277.230011
463548.869995 4831431.670013 276.649994
463548.909973 4831431.660004 276.559998
463548.919983 4831431.670013 276.670013
463549.090027 4831431.739990 277.010010
463549.039978 4831431.769989 276.920013
463549.059998 4831431.769989 277.019989
463549.109985 4831431.790009 277.089996
463549.099976 4831431.779999 277.019989
463548.979980 4831431.739990 276.799988
463548.969971 4831431.739990 276.730011
463549.159973 4831431.820007 277.220001
463549.070007 4831431.790009 277.079987
463549.070007 4831431.779999 277.019989
463548.989990 4831431.769989 276.950012
463549.000000 4831431.779999 276.910004
463549.020020 4831431.799988 276.869995
463548.900024 4831431.700012 276.709991
463548.909973 4831431.709991 276.679993
463548.919983 4831431.709991 276.619995
463548.859985 4831431.690002 276.529999
463549.159973 4831431.839996 277.209991
463549.080017 4831431.799988 277.160004
463549.099976 4831431.820007 277.140015
463549.130005 4831431.790009 276.989990
463549.020020 4831431.779999 277.019989
463549.039978 4831431.799988 276.989990
463549.049988 4831431.790009 276.929993
463548.950012 4831431.750000 276.869995
463548.969971 4831431.769989 276.850006
463548.989990 4831431.779999 276.809998
463548.900024 4831431.720001 276.730011
463548.919983 4831431.739990 276.709991
463548.869995 4831431.720001 276.619995
463548.890015 4831431.720001 276.570007
463548.890015 4831431.660004 276.559998
463548.890015 4831431.690002 276.640015
463548.880005 4831431.679993 276.679993
463548.960022 4831431.709991 276.700012
463548.950012 4831431.709991 276.750000
463548.940002 4831431.700012 276.799988
463549.010010 4831431.730011 276.880005
463549.010010 4831431.739990 276.940002
463549.000000 4831431.739990 276.989990
463549.070007 4831431.750000 277.019989
463549.059998 4831431.739990 277.079987
463549.130005 4831431.779999 277.209991
463548.909973 4831431.670013 276.589996
463548.929993 4831431.709991 276.690002
463548.940002 4831431.720001 276.760010
463548.969971 4831431.750000 276.869995
463548.989990 4831431.700012 276.720001
463549.010010 4831431.720001 276.799988
463549.030029 4831431.750000 276.880005
463549.039978 4831431.760010 276.959991
463549.039978 4831431.760010 277.019989
463549.099976 4831431.750000 277.000000
463549.109985 4831431.769989 277.130005
463549.130005 4831431.790009 277.209991
463548.880005 4831431.690002 276.549988
463548.919983 4831431.709991 276.649994
463548.979980 4831431.750000 276.779999
463549.000000 4831431.760010 276.859985
463549.030029 4831431.769989 276.950012
463549.080017 4831431.790009 277.100006
463548.940002 4831431.670013 276.589996
463548.989990 4831431.690002 276.700012
463549.020020 4831431.709991 276.790009
463549.099976 4831431.760010 276.980011
463549.109985 4831431.760010 277.049988
463549.150024 4831431.779999 277.160004
463549.200012 4831431.809998 277.269989
463548.989990 4831431.690002 276.890015
463549.169983 4831431.750000 277.149994
463548.989990 4831431.690002 276.940002
463548.979980 4831431.720001 276.940002
463548.960022 4831431.730011 276.890015
463548.960022 4831431.750000 276.890015
463548.950012 4831431.739990 276.890015
463548.950012 4831431.690002 276.820007
463548.940002 4831431.709991 276.820007
463548.929993 4831431.690002 276.820007
463548.929993 4831431.720001 276.809998
463548.909973 4831431.700012 276.779999
463548.919983 4831431.720001 276.769989
463548.909973 4831431.640015 276.709991
463548.900024 4831431.660004 276.730011
463548.900024 4831431.690002 276.739990
463549.090027 4831431.700012 277.299988
463549.080017 4831431.649994 277.260010
463549.059998 4831431.660004 277.220001
463549.020020 4831431.679993 277.200012
463549.000000 4831431.700012 277.119995
463548.969971 4831431.649994 277.029999
463548.960022 4831431.660004 276.980011
463548.940002 4831431.660004 276.929993
463548.940002 4831431.660004 276.880005
463548.929993 4831431.619995 276.989990
463548.929993 4831431.619995 276.929993
463548.919983 4831431.619995 276.890015
463548.909973 4831431.630005 276.850006
463548.900024 4831431.630005 276.799988
463548.869995 4831431.649994 276.769989
463548.890015 4831431.630005 276.690002
463548.890015 4831431.579987 276.839996
463548.880005 4831431.589996 276.809998
463548.869995 4831431.600006 276.769989
463548.859985 4831431.600006 276.730011
463548.849976 4831431.600006 276.690002
463548.840027 4831431.609985 276.649994
463548.830017 4831431.549988 276.670013
463548.849976 4831431.579987 276.660004
463548.900024 4831431.600006 276.839996
463548.909973 4831431.619995 276.820007
463548.919983 4831431.619995 276.839996
463548.929993 4831431.609985 276.820007
463548.849976 4831431.540009 276.700012
463548.840027 4831431.549988 276.670013
463548.880005 4831431.540009 276.670013
463548.849976 4831431.559998 276.649994
463548.840027 4831431.570007 276.609985
463548.849976 4831431.579987 276.559998
463549.099976 4831431.750000 277.070007
463548.859985 4831431.640015 276.579987
463548.869995 4831431.630005 276.619995
463548.880005 4831431.630005 276.670013
463548.859985 4831431.670013 276.510010
463548.869995 4831431.670013 276.559998
463548.880005 4831431.670013 276.600006
463548.890015 4831431.670013 276.640015
463548.900024 4831431.670013 276.679993
463548.919983 4831431.660004 276.709991
463548.929993 4831431.660004 276.760010
463548.909973 4831431.679993 276.859985
463548.869995 4831431.690002 276.510010
463548.880005 4831431.679993 276.559998
463548.890015 4831431.690002 276.609985
463548.900024 4831431.690002 276.649994
463548.909973 4831431.690002 276.690002
463548.929993 4831431.679993 276.720001
463548.940002 4831431.679993 276.760010
463548.950012 4831431.670013 276.809998
463548.859985 4831431.690002 276.489990
463548.880005 4831431.690002 276.529999
463548.890015 4831431.690002 276.589996
463548.900024 4831431.690002 276.630005
463548.909973 4831431.690002 276.679993
463548.919983 4831431.679993 276.720001
463548.940002 4831431.679993 276.760010
463548.960022 4831431.670013 276.799988
463548.869995 4831431.679993 276.489990
463548.880005 4831431.679993 276.540009
463548.880005 4831431.690002 276.589996
463548.900024 4831431.679993 276.630005
463548.909973 4831431.679993 276.670013
463548.919983 4831431.679993 276.709991
463548.929993 4831431.679993 276.750000
463548.950012 4831431.670013 276.790009
463548.960022 4831431.670013 276.839996
463548.869995 4831431.690002 276.510010
463548.890015 4831431.690002 276.540009
463548.890015 4831431.690002 276.609985
463548.909973 4831431.690002 276.660004
463548.919983 4831431.690002 276.700012
463548.929993 4831431.679993 276.739990
463548.940002 4831431.679993 276.779999
463548.960022 4831431.679993 276.809998
463548.869995 4831431.700012 276.529999
463548.890015 4831431.690002 276.570007
463548.890015 4831431.690002 276.619995
463548.909973 4831431.690002 276.679993
463548.919983 4831431.690002 276.709991
463548.929993 4831431.679993 276.739990
463548.950012 4831431.679993 276.779999
463548.960022 4831431.679993 276.820007
463548.880005 4831431.690002 276.519989
463548.890015 4831431.690002 276.570007
463548.890015 4831431.690002 276.619995
463548.900024 4831431.690002 276.660004
463548.909973 4831431.690002 276.709991
463548.940002 4831431.679993 276.739990
463548.950012 4831431.679993 276.790009
463548.960022 4831431.679993 276.829987
463548.869995 4831431.700012 276.519989
463548.890015 4831431.690002 276.540009
463548.890015 4831431.700012 276.619995
463548.900024 4831431.690002 276.660004
463548.919983 4831431.690002 276.700012
463548.929993 4831431.679993 276.739990
463548.950012 4831431.679993 276.769989
463548.960022 4831431.679993 276.809998
463548.880005 4831431.709991 276.579987
463548.900024 4831431.700012 276.619995
463548.909973 4831431.700012 276.679993
463548.929993 4831431.700012 276.720001
463548.940002 4831431.700012 276.760010
463548.950012 4831431.690002 276.790009
463548.960022 4831431.690002 276.829987
463548.890015 4831431.700012 276.519989
463548.900024 4831431.700012 276.570007
463548.909973 4831431.700012 276.619995
463548.909973 4831431.700012 276.679993
463548.929993 4831431.700012 276.720001
463548.940002 4831431.700012 276.760010
463548.950012 4831431.700012 276.799988
463548.960022 4831431.690002 276.829987
463548.840027 4831431.790009 277.109985
463548.890015 4831431.690002 276.500000
463548.890015 4831431.700012 276.570007
463548.900024 4831431.700012 276.619995
463548.909973 4831431.700012 276.660004
463548.919983 4831431.700012 276.709991
463548.940002 4831431.690002 276.750000
463548.950012 4831431.690002 276.790009
463548.960022 4831431.690002 276.839996
463548.890015 4831431.690002 276.519989
463548.890015 4831431.700012 276.589996
463548.900024 4831431.700012 276.640015
463548.909973 4831431.700012 276.690002
463548.919983 4831431.700012 276.720001
463548.929993 4831431.690002 276.769989
463548.950012 4831431.690002 276.799988
463548.960022 4831431.690002 276.839996
463548.890015 4831431.709991 276.579987
463548.900024 4831431.709991 276.619995
463548.909973 4831431.700012 276.660004
463548.919983 4831431.700012 276.700012
463548.940002 4831431.700012 276.750000
463548.950012 4831431.700012 276.790009
463548.969971 4831431.690002 276.829987
463548.900024 4831431.709991 276.579987
463548.909973 4831431.709991 276.640015
463548.919983 4831431.709991 276.679993
463548.929993 4831431.709991 276.730011
463548.940002 4831431.709991 276.769989
463548.960022 4831431.700012 276.820007
463548.969971 4831431.700012 276.869995
463548.909973 4831431.720001 276.649994
463548.919983 4831431.720001 276.690002
463548.929993 4831431.720001 276.730011
463548.950012 4831431.720001 276.769989
463548.960022 4831431.709991 276.820007
463548.969971 4831431.709991 276.859985
463548.960022 4831431.730011 276.950012
463548.890015 4831431.720001 276.609985
463548.909973 4831431.709991 276.630005
463548.919983 4831431.709991 276.670013
463548.929993 4831431.709991 276.709991
463548.940002 4831431.709991 276.750000
463548.950012 4831431.709991 276.790009
463548.969971 4831431.700012 276.829987
463548.960022 4831431.720001 276.910004
463548.919983 4831431.730011 276.660004
463548.940002 4831431.720001 276.690002
463548.950012 4831431.720001 276.739990
463548.950012 4831431.720001 276.779999
463548.960022 4831431.720001 276.829987
463548.979980 4831431.720001 276.869995
463548.950012 4831431.750000 276.989990
463548.929993 4831431.720001 276.649994
463548.940002 4831431.730011 276.700012
463548.950012 4831431.720001 276.730011
463548.950012 4831431.730011 276.779999
463548.969971 4831431.720001 276.820007
463548.979980 4831431.720001 276.869995
463548.969971 4831431.730011 276.940002
463548.929993 4831431.720001 276.690002
463548.950012 4831431.709991 276.720001
463548.950012 4831431.720001 276.769989
463548.960022 4831431.720001 276.809998
463548.969971 4831431.709991 276.850006
463548.979980 4831431.709991 276.899994
463548.890015 4831431.700012 276.559998
463548.890015 4831431.709991 276.619995
463548.909973 4831431.700012 276.649994
463548.919983 4831431.700012 276.700012
463548.940002 4831431.700012 276.750000
463548.950012 4831431.700012 276.790009
463548.960022 4831431.690002 276.820007
463548.969971 4831431.700012 276.869995
463548.900024 4831431.709991 276.600006
463548.909973 4831431.709991 276.649994
463548.919983 4831431.709991 276.700012
463548.940002 4831431.700012 276.750000
463548.950012 4831431.700012 276.790009
463548.960022 4831431.700012 276.829987
463548.979980 4831431.700012 276.869995
463548.869995 4831431.690002 276.500000
463548.880005 4831431.690002 276.540009
463548.880005 4831431.690002 276.600006
463548.900024 4831431.690002 276.640015
463548.909973 4831431.690002 276.679993
463548.919983 4831431.690002 276.720001
463548.940002 4831431.679993 276.760010
463548.960022 4831431.670013 276.790009
463548.859985 4831431.670013 276.549988
463548.869995 4831431.670013 276.589996
463548.880005 4831431.670013 276.630005
463548.900024 4831431.660004 276.660004
463548.919983 4831431.660004 276.690002
463548.919983 4831431.660004 276.750000
463548.849976 4831431.660004 276.549988
463548.859985 4831431.660004 276.589996
463548.880005 4831431.649994 276.619995
463548.890015 4831431.649994 276.660004
463548.859985 4831431.660004 276.559998
463548.869995 4831431.660004 276.609985
463548.890015 4831431.660004 276.649994
463548.909973 4831431.649994 276.670013
463548.919983 4831431.649994 276.720001
463548.859985 4831431.660004 276.559998
463548.869995 4831431.660004 276.609985
463548.890015 4831431.649994 276.640015
463548.909973 4831431.640015 276.670013
463548.869995 4831431.670013 276.579987
463548.880005 4831431.660004 276.630005
463548.900024 4831431.660004 276.660004
463548.909973 4831431.660004 276.700012
463548.869995 4831431.690002 276.480011
463548.880005 4831431.690002 276.529999
463548.890015 4831431.690002 276.589996
463548.900024 4831431.690002 276.640015
463548.909973 4831431.690002 276.690002
463548.919983 4831431.690002 276.730011
463548.940002 4831431.690002 276.760010
463548.950012 4831431.679993 276.799988
463548.969971 4831431.679993 276.829987
463548.950012 4831431.739990 276.730011
463548.960022 4831431.730011 276.769989
463548.969971 4831431.730011 276.820007
463548.979980 4831431.730011 276.859985
463548.989990 4831431.739990 276.910004
463549.020020 4831431.779999 276.890015
463549.039978 4831431.779999 276.920013
463549.080017 4831431.769989 277.049988
463549.080017 4831431.769989 277.119995
463548.849976 4831431.660004 276.559998
463548.859985 4831431.660004 276.609985
463548.880005 4831431.660004 276.640015
463548.890015 4831431.660004 276.679993
463548.909973 4831431.660004 276.720001
463548.929993 4831431.649994 276.750000
463548.940002 4831431.649994 276.790009
463548.869995 4831431.619995 276.579987
463548.869995 4831431.630005 276.640015
463548.830017 4831431.640015 277.230011
463548.869995 4831431.640015 276.570007
463548.869995 4831431.649994 276.630005
463548.890015 4831431.649994 276.670013
463548.909973 4831431.649994 276.709991
463548.919983 4831431.660004 276.760010
463548.890015 4831431.700012 276.589996
463548.900024 4831431.709991 276.660004
463548.909973 4831431.709991 276.690002
463548.929993 4831431.709991 276.720001
463548.950012 4831431.709991 276.760010
463548.960022 4831431.709991 276.799988
463548.969971 4831431.709991 276.850006
463548.989990 4831431.720001 276.899994
463548.969971 4831431.750000 276.790009
463548.960022 4831431.790009 276.899994
463549.010010 4831431.769989 276.940002
463549.030029 4831431.760010 276.980011
463549.070007 4831431.760010 277.059998
463549.010010 4831431.709991 276.959991
463549.000000 4831431.709991 276.899994
463548.989990 4831431.679993 276.950012
463548.969971 4831431.690002 276.899994
463548.960022 4831431.690002 276.859985
463548.989990 4831431.649994 276.959991
463548.979980 4831431.660004 276.920013
463548.960022 4831431.660004 276.890015
463548.950012 4831431.670013 276.850006
463548.909973 4831431.670013 276.690002
463548.940002 4831431.630005 276.820007
463548.919983 4831431.640015 276.790009
463548.880005 4831431.649994 276.649994
463548.869995 4831431.609985 276.649994
463548.849976 4831431.579987 276.589996
463549.169983 4831431.709991 277.220001
463548.979980 4831431.660004 276.839996
463548.960022 4831431.679993 276.839996
463548.929993 4831431.649994 276.779999
463548.890015 4831431.619995 276.630005
463548.880005 4831431.630005 276.589996
463548.859985 4831431.579987 276.579987
463549.150024 4831431.679993 277.220001
463549.109985 4831431.649994 277.089996
463549.020020 4831431.640015 276.910004
463548.989990 4831431.660004 276.910004
463548.960022 4831431.630005 276.750000
463548.940002 4831431.640015 276.730011
463548.909973 4831431.609985 276.660004
463548.890015 4831431.579987 276.600006
463548.869995 4831431.540009 276.519989
463548.869995 4831431.649994 276.570007
463548.890015 4831431.679993 276.649994
463548.960022 4831431.709991 276.760010
463548.960022 4831431.679993 276.760010
463548.960022 4831431.739990 276.820007
463548.979980 4831431.730011 276.839996
463549.049988 4831431.760010 277.040009
463548.859985 4831431.660004 276.519989
463548.909973 4831431.700012 276.750000
463548.929993 4831431.670013 276.709991
463548.909973 4831431.709991 276.660004
463548.929993 4831431.709991 276.700012
463549.000000 4831431.720001 276.890015
463548.909973 4831431.720001 276.670013
463548.940002 4831431.709991 276.700012
463549.010010 4831431.730011 276.890015
463549.030029 4831431.720001 276.920013
463548.909973 4831431.700012 276.589996
463548.940002 4831431.720001 276.700012
463548.989990 4831431.750000 276.890015
463549.020020 4831431.750000 276.940002
463549.070007 4831431.760010 277.089996
463548.919983 4831431.690002 276.500000
463548.940002 4831431.720001 276.619995
463549.020020 4831431.760010 276.910004
463549.070007 4831431.779999 277.070007
463549.119995 4831431.790009 277.200012
463548.940002 4831431.700012 276.529999
463549.020020 4831431.779999 276.920013
463549.049988 4831431.769989 276.959991
463549.070007 4831431.790009 277.070007
463549.090027 4831431.790009 277.109985
463549.119995 4831431.790009 277.170013
463549.049988 4831431.779999 276.929993
463549.099976 4831431.779999 277.000000
463549.119995 4831431.790009 277.079987
463549.150024 4831431.809998 277.220001
463548.969971 4831431.690002 276.880005
463548.909973 4831431.640015 276.730011
463548.869995 4831431.579987 276.570007
463548.950012 4831431.670013 276.720001
463549.000000 4831431.709991 276.869995
463548.919983 4831431.630005 276.579987
463549.000000 4831431.679993 276.750000
463549.000000 4831431.670013 276.670013
463549.179993 4831431.750000 277.230011
463549.200012 4831431.739990 277.200012
463548.940002 4831431.690002 276.510010
463549.219971 4831431.700012 277.250000
463549.229980 4831431.720001 277.299988
463549.219971 4831431.709991 277.209991
463549.219971 4831431.730011 277.290009
463549.229980 4831431.700012 277.279999
463549.210022 4831431.660004 277.140015
463549.210022 4831431.640015 277.029999
463549.260010 4831431.709991 277.299988
463549.250000 4831431.679993 277.239990
463549.229980 4831431.660004 277.230011
463549.229980 4831431.649994 277.179993
463549.219971 4831431.630005 277.140015
463549.210022 4831431.709991 277.149994
463549.280029 4831431.730011 277.299988
463549.270020 4831431.709991 277.260010
463549.260010 4831431.700012 277.220001
463549.250000 4831431.679993 277.190002
463549.239990 4831431.670013 277.140015
463549.229980 4831431.660004 277.100006
463549.309998 4831431.690002 277.250000
463549.270020 4831431.720001 277.279999
463549.260010 4831431.709991 277.250000
463549.250000 4831431.700012 277.209991
463549.239990 4831431.709991 277.140015
463549.219971 4831431.679993 277.119995
463549.260010 4831431.720001 277.130005
463549.219971 4831431.709991 277.170013
463549.299988 4831431.670013 277.119995
463549.280029 4831431.690002 277.089996
463549.210022 4831431.660004 277.079987
463549.340027 4831431.730011 277.250000
463549.299988 4831431.690002 277.239990
463549.229980 4831431.750000 277.279999
