2.790599980000000073e+02 4.831430809998000041e+06 4.635488300169999711e+05
2.789599910000000023e+02 4.831430809998000041e+06 4.635487999880000134e+05
2.783200069999999755e+02 4.831430679992999882e+06 4.635486900020000176e+05
2.783500060000000076e+02 4.831430700012000278e+06 4.635487000119999866e+05
2.783999939999999924e+02 4.831430700012000278e+06 4.635487000119999866e+05
2.783399959999999851e+02 4.831430700012000278e+06 4.635486599730000016e+05
2.783299870000000169e+02 4.831430730011000298e+06 4.635486500239999732e+05
2.791400150000000053e+02 4.831430750000000000e+06 4.635489199830000289e+05
2.792000120000000152e+02 4.831430750000000000e+06 4.635489099730000016e+05
2.792399899999999775e+02 4.831430760010000318e+06 4.635489000239999732e+05
2.792900089999999977e+02 4.831430769988999702e+06 4.635489000239999732e+05
2.788699950000000172e+02 4.831430700012000278e+06 4.635488400269999984e+05
2.788999939999999924e+02 4.831430709990999661e+06 4.635488499760000268e+05
2.789500120000000152e+02 4.831430720000999980e+06 4.635488400269999984e+05
2.790000000000000000e+02 4.831430730011000298e+06 4.635488400269999984e+05
2.790499879999999848e+02 4.831430739989999682e+06 4.635488400269999984e+05
2.791000060000000076e+02 4.831430760010000318e+06 4.635488400269999984e+05
2.791799930000000245e+02 4.831430790009000339e+06 4.635488400269999984e+05
2.792099910000000023e+02 4.831430799987999722e+06 4.635488499760000268e+05
2.792500000000000000e+02 4.831430809998000041e+06 4.635488499760000268e+05
2.786400150000000053e+02 4.831430700012000278e+06 4.635487899779999861e+05
2.786799930000000245e+02 4.831430709990999661e+06 4.635487899779999861e+05
2.787399899999999775e+02 4.831430720000999980e+06 4.635487800290000159e+05
2.787900089999999977e+02 4.831430720000999980e+06 4.635487800290000159e+05
2.788699950000000172e+02 4.831430760010000318e+06 4.635487899779999861e+05
2.789100040000000149e+02 4.831430769988999702e+06 4.635487899779999861e+05
2.789599910000000023e+02 4.831430769988999702e+06 4.635487800290000159e+05
2.783299870000000169e+02 4.831430660004000179e+06 4.635487100220000139e+05
2.785700069999999755e+02 4.831430709990999661e+06 4.635487100220000139e+05
2.786099849999999947e+02 4.831430730011000298e+06 4.635487100220000139e+05
2.786400150000000053e+02 4.831430750000000000e+06 4.635487199709999841e+05
2.786799930000000245e+02 4.831430760010000318e+06 4.635487199709999841e+05
2.783399959999999851e+02 4.831430709990999661e+06 4.635486599730000016e+05
2.792300109999999904e+02 4.831430720000999980e+06 4.635489000239999732e+05
2.792900089999999977e+02 4.831430739989999682e+06 4.635488900150000118e+05
2.790700069999999755e+02 4.831430750000000000e+06 4.635489199830000289e+05
2.791600040000000149e+02 4.831430730011000298e+06 4.635488699950000155e+05
2.792099910000000023e+02 4.831430739989999682e+06 4.635488699950000155e+05
2.792600100000000225e+02 4.831430750000000000e+06 4.635488699950000155e+05
2.790299989999999752e+02 4.831430730011000298e+06 4.635488699950000155e+05
2.791000060000000076e+02 4.831430739989999682e+06 4.635488499760000268e+05
2.791499939999999924e+02 4.831430739989999682e+06 4.635488400269999984e+05
2.791799930000000245e+02 4.831430760010000318e+06 4.635488400269999984e+05
2.792300109999999904e+02 4.831430769988999702e+06 4.635488300169999711e+05
2.792900089999999977e+02 4.831430809998000041e+06 4.635488499760000268e+05
2.789200129999999831e+02 4.831430700012000278e+06 4.635488300169999711e+05
2.789700010000000248e+02 4.831430709990999661e+06 4.635488200070000021e+05
2.790100100000000225e+02 4.831430730011000298e+06 4.635488200070000021e+05
2.790599980000000073e+02 4.831430739989999682e+06 4.635488200070000021e+05
2.791000060000000076e+02 4.831430760010000318e+06 4.635488099979999824e+05
2.791300049999999828e+02 4.831430769988999702e+06 4.635488200070000021e+05
2.791700129999999831e+02 4.831430799987999722e+06 4.635488200070000021e+05
2.787900089999999977e+02 4.831430670013000257e+06 4.635487899779999861e+05
2.788200069999999755e+02 4.831430700012000278e+06 4.635487999880000134e+05
2.788800049999999828e+02 4.831430709990999661e+06 4.635487899779999861e+05
2.789200129999999831e+02 4.831430730011000298e+06 4.635487899779999861e+05
2.789599910000000023e+02 4.831430739989999682e+06 4.635487899779999861e+05
2.790000000000000000e+02 4.831430760010000318e+06 4.635487899779999861e+05
2.790299989999999752e+02 4.831430779999000020e+06 4.635487999880000134e+05
2.790700069999999755e+02 4.831430790009000339e+06 4.635487999880000134e+05
2.786400150000000053e+02 4.831430679992999882e+06 4.635487600100000273e+05
2.787000120000000152e+02 4.831430690001999959e+06 4.635487500000000000e+05
2.787699890000000096e+02 4.831430720000999980e+06 4.635487500000000000e+05
2.788099980000000073e+02 4.831430739989999682e+06 4.635487500000000000e+05
2.788399959999999851e+02 4.831430760010000318e+06 4.635487600100000273e+05
2.788800049999999828e+02 4.831430779999000020e+06 4.635487600100000273e+05
2.786000060000000076e+02 4.831430670013000257e+06 4.635486900020000176e+05
2.786199950000000172e+02 4.831430700012000278e+06 4.635487100220000139e+05
2.786600040000000149e+02 4.831430720000999980e+06 4.635487100220000139e+05
2.786900019999999927e+02 4.831430739989999682e+06 4.635487199709999841e+05
2.787399899999999775e+02 4.831430760010000318e+06 4.635487199709999841e+05
2.783299870000000169e+02 4.831430660004000179e+06 4.635486699830000289e+05
2.784200129999999831e+02 4.831430690001999959e+06 4.635486599730000016e+05
2.783099980000000073e+02 4.831430709990999661e+06 4.635486099849999882e+05
2.783399959999999851e+02 4.831430739989999682e+06 4.635486199950000155e+05
2.784299930000000245e+02 4.831430690001999959e+06 4.635487299800000037e+05
2.783500060000000076e+02 4.831430660004000179e+06 4.635487199709999841e+05
2.783200069999999755e+02 4.831430640014999546e+06 4.635487000119999866e+05
2.785899959999999851e+02 4.831430670013000257e+06 4.635487600100000273e+05
2.785400089999999977e+02 4.831430660004000179e+06 4.635487600100000273e+05
2.784400019999999927e+02 4.831430640014999546e+06 4.635487600100000273e+05
2.783999939999999924e+02 4.831430630005000159e+06 4.635487600100000273e+05
2.783399959999999851e+02 4.831430619994999841e+06 4.635487600100000273e+05
2.788900150000000053e+02 4.831430720000999980e+06 4.635488300169999711e+05
2.788399959999999851e+02 4.831430720000999980e+06 4.635488300169999711e+05
2.787999879999999848e+02 4.831430700012000278e+06 4.635488300169999711e+05
2.787799989999999752e+02 4.831430679992999882e+06 4.635488099979999824e+05
2.786700129999999831e+02 4.831430660004000179e+06 4.635488099979999824e+05
2.786300049999999828e+02 4.831430649993999861e+06 4.635488099979999824e+05
2.785899959999999851e+02 4.831430640014999546e+06 4.635488099979999824e+05
2.784599910000000023e+02 4.831430640014999546e+06 4.635488300169999711e+05
2.791199950000000172e+02 4.831430760010000318e+06 4.635488900150000118e+05
2.790400089999999977e+02 4.831430730011000298e+06 4.635488800049999845e+05
2.790199890000000096e+02 4.831430709990999661e+06 4.635488599849999882e+05
2.789200129999999831e+02 4.831430690001999959e+06 4.635488599849999882e+05
2.788800049999999828e+02 4.831430679992999882e+06 4.635488599849999882e+05
2.788399959999999851e+02 4.831430670013000257e+06 4.635488599849999882e+05
2.787999879999999848e+02 4.831430660004000179e+06 4.635488599849999882e+05
2.787500000000000000e+02 4.831430649993999861e+06 4.635488599849999882e+05
2.792999879999999848e+02 4.831430760010000318e+06 4.635489199830000289e+05
2.792699890000000096e+02 4.831430750000000000e+06 4.635489199830000289e+05
2.789599910000000023e+02 4.831430670013000257e+06 4.635489099730000016e+05
2.788999939999999924e+02 4.831430670013000257e+06 4.635489099730000016e+05
2.788800049999999828e+02 4.831430649993999861e+06 4.635489000239999732e+05
2.791900019999999927e+02 4.831430700012000278e+06 4.635489400020000176e+05
2.785499879999999848e+02 4.831430720000999980e+06 4.635487700199999963e+05
2.784299930000000245e+02 4.831430700012000278e+06 4.635487399899999727e+05
2.783500060000000076e+02 4.831430670013000257e+06 4.635487299800000037e+05
2.783099980000000073e+02 4.831430670013000257e+06 4.635487199709999841e+05
2.788900150000000053e+02 4.831430730011000298e+06 4.635488499760000268e+05
2.788200069999999755e+02 4.831430739989999682e+06 4.635488499760000268e+05
2.787900089999999977e+02 4.831430720000999980e+06 4.635488300169999711e+05
2.787399899999999775e+02 4.831430709990999661e+06 4.635488300169999711e+05
2.787000120000000152e+02 4.831430700012000278e+06 4.635488200070000021e+05
2.786700129999999831e+02 4.831430690001999959e+06 4.635488099979999824e+05
2.786300049999999828e+02 4.831430679992999882e+06 4.635488099979999824e+05
2.785899959999999851e+02 4.831430679992999882e+06 4.635487999880000134e+05
2.785400089999999977e+02 4.831430670013000257e+06 4.635487899779999861e+05
2.783999939999999924e+02 4.831430649993999861e+06 4.635487700199999963e+05
2.791700129999999831e+02 4.831430739989999682e+06 4.635489299929999979e+05
2.789400019999999927e+02 4.831430700012000278e+06 4.635488900150000118e+05
2.789100040000000149e+02 4.831430690001999959e+06 4.635488900150000118e+05
2.788599849999999947e+02 4.831430690001999959e+06 4.635488800049999845e+05
2.788099980000000073e+02 4.831430679992999882e+06 4.635488800049999845e+05
2.786000060000000076e+02 4.831430670013000257e+06 4.635488599849999882e+05
2.785400089999999977e+02 4.831430660004000179e+06 4.635488499760000268e+05
2.785000000000000000e+02 4.831430649993999861e+06 4.635488400269999984e+05
2.791600040000000149e+02 4.831430730011000298e+06 4.635489299929999979e+05
2.791499939999999924e+02 4.831430700012000278e+06 4.635489099730000016e+05
2.789700010000000248e+02 4.831430720000999980e+06 4.635488900150000118e+05
2.789400019999999927e+02 4.831430709990999661e+06 4.635488699950000155e+05
2.788999939999999924e+02 4.831430690001999959e+06 4.635488599849999882e+05
2.787999879999999848e+02 4.831430720000999980e+06 4.635488599849999882e+05
2.787799989999999752e+02 4.831430700012000278e+06 4.635488400269999984e+05
2.787399899999999775e+02 4.831430690001999959e+06 4.635488300169999711e+05
2.787000120000000152e+02 4.831430690001999959e+06 4.635488200070000021e+05
2.786600040000000149e+02 4.831430679992999882e+06 4.635488099979999824e+05
2.784200129999999831e+02 4.831430660004000179e+06 4.635487600100000273e+05
2.788200069999999755e+02 4.831430690001999959e+06 4.635489099730000016e+05
2.787300109999999904e+02 4.831430690001999959e+06 4.635488900150000118e+05
2.786600040000000149e+02 4.831430660004000179e+06 4.635488599849999882e+05
2.783699950000000172e+02 4.831430640014999546e+06 4.635487999880000134e+05
2.788800049999999828e+02 4.831430730011000298e+06 4.635488200070000021e+05
2.789100040000000149e+02 4.831430750000000000e+06 4.635488300169999711e+05
2.789599910000000023e+02 4.831430760010000318e+06 4.635488300169999711e+05
2.790299989999999752e+02 4.831430760010000318e+06 4.635488400269999984e+05
2.790799870000000169e+02 4.831430769988999702e+06 4.635488400269999984e+05
2.791499939999999924e+02 4.831430769988999702e+06 4.635488400269999984e+05
2.791799930000000245e+02 4.831430779999000020e+06 4.635488499760000268e+05
2.785799870000000169e+02 4.831430730011000298e+06 4.635487399899999727e+05
2.786799930000000245e+02 4.831430720000999980e+06 4.635487399899999727e+05
2.787399899999999775e+02 4.831430730011000298e+06 4.635487500000000000e+05
2.787900089999999977e+02 4.831430739989999682e+06 4.635487500000000000e+05
2.788299870000000169e+02 4.831430750000000000e+06 4.635487600100000273e+05
2.788800049999999828e+02 4.831430760010000318e+06 4.635487700199999963e+05
2.789800109999999904e+02 4.831430769988999702e+06 4.635487800290000159e+05
2.790400089999999977e+02 4.831430769988999702e+06 4.635487800290000159e+05
2.791099849999999947e+02 4.831430799987999722e+06 4.635487999880000134e+05
2.791499939999999924e+02 4.831430820007000118e+06 4.635488099979999824e+05
2.791799930000000245e+02 4.831430829986999743e+06 4.635488099979999824e+05
2.785700069999999755e+02 4.831430779999000020e+06 4.635486799929999979e+05
2.786099849999999947e+02 4.831430799987999722e+06 4.635486900020000176e+05
2.791099849999999947e+02 4.831430750000000000e+06 4.635489600220000139e+05
2.792699890000000096e+02 4.831430769988999702e+06 4.635489299929999979e+05
2.792300109999999904e+02 4.831430750000000000e+06 4.635488599849999882e+05
2.792799989999999752e+02 4.831430769988999702e+06 4.635488599849999882e+05
2.792200010000000248e+02 4.831430760010000318e+06 4.635488099979999824e+05
2.792799989999999752e+02 4.831430799987999722e+06 4.635488200070000021e+05
2.792999879999999848e+02 4.831430820007000118e+06 4.635488300169999711e+05
2.789299930000000245e+02 4.831430850006000139e+06 4.635488300169999711e+05
2.786400150000000053e+02 4.831430709990999661e+06 4.635487199709999841e+05
2.787900089999999977e+02 4.831430750000000000e+06 4.635487199709999841e+05
2.783099980000000073e+02 4.831430739989999682e+06 4.635486099849999882e+05
2.783299870000000169e+02 4.831430750000000000e+06 4.635486099849999882e+05
2.783699950000000172e+02 4.831430769988999702e+06 4.635486199950000155e+05
2.789800109999999904e+02 4.831430739989999682e+06 4.635487600100000273e+05
2.789800109999999904e+02 4.831430760010000318e+06 4.635487700199999963e+05
2.790199890000000096e+02 4.831430779999000020e+06 4.635487700199999963e+05
2.788099980000000073e+02 4.831430730011000298e+06 4.635487399899999727e+05
2.788500060000000076e+02 4.831430750000000000e+06 4.635487399899999727e+05
2.788599849999999947e+02 4.831430769988999702e+06 4.635487500000000000e+05
2.786900019999999927e+02 4.831430730011000298e+06 4.635487000119999866e+05
2.787200010000000248e+02 4.831430750000000000e+06 4.635487000119999866e+05
2.787300109999999904e+02 4.831430779999000020e+06 4.635487199709999841e+05
2.785499879999999848e+02 4.831430720000999980e+06 4.635486599730000016e+05
2.785899959999999851e+02 4.831430739989999682e+06 4.635486599730000016e+05
2.785899959999999851e+02 4.831430769988999702e+06 4.635486799929999979e+05
2.783500060000000076e+02 4.831430670013000257e+06 4.635486199950000155e+05
2.783099980000000073e+02 4.831430730011000298e+06 4.635486199950000155e+05
2.791300049999999828e+02 4.831430779999000020e+06 4.635488099979999824e+05
2.787699890000000096e+02 4.831430720000999980e+06 4.635487399899999727e+05
2.787600100000000225e+02 4.831430739989999682e+06 4.635487399899999727e+05
2.790799870000000169e+02 4.831430779999000020e+06 4.635489699709999841e+05
2.791300049999999828e+02 4.831430779999000020e+06 4.635487999880000134e+05
2.792699890000000096e+02 4.831430859985000454e+06 4.635488200070000021e+05
2.792799989999999752e+02 4.831430869994999841e+06 4.635488099979999824e+05
2.792300109999999904e+02 4.831430880005000159e+06 4.635488200070000021e+05
2.791600040000000149e+02 4.831430799987999722e+06 4.635487899779999861e+05
2.791700129999999831e+02 4.831430790009000339e+06 4.635487999880000134e+05
2.789299930000000245e+02 4.831430820007000118e+06 4.635487299800000037e+05
2.783099980000000073e+02 4.831430750000000000e+06 4.635486199950000155e+05
2.783500060000000076e+02 4.831430739989999682e+06 4.635486099849999882e+05
2.786000060000000076e+02 4.831430769988999702e+06 4.635487000119999866e+05
2.791499939999999924e+02 4.831430839995999821e+06 4.635488200070000021e+05
2.792200010000000248e+02 4.831430820007000118e+06 4.635488499760000268e+05
2.790100100000000225e+02 4.831430839995999821e+06 4.635488300169999711e+05
2.791799930000000245e+02 4.831430850006000139e+06 4.635488400269999984e+05
2.784500120000000152e+02 4.831430799987999722e+06 4.635486900020000176e+05
2.786600040000000149e+02 4.831430799987999722e+06 4.635487399899999727e+05
2.790400089999999977e+02 4.831430839995999821e+06 4.635488499760000268e+05
2.792500000000000000e+02 4.831430839995999821e+06 4.635489000239999732e+05
2.792900089999999977e+02 4.831430820007000118e+06 4.635488900150000118e+05
2.792900089999999977e+02 4.831430820007000118e+06 4.635489299929999979e+05
2.792799989999999752e+02 4.831430839995999821e+06 4.635489199830000289e+05
2.791900019999999927e+02 4.831430850006000139e+06 4.635488699950000155e+05
2.791700129999999831e+02 4.831430869994999841e+06 4.635488900150000118e+05
2.792799989999999752e+02 4.831430880005000159e+06 4.635488499760000268e+05
2.792200010000000248e+02 4.831430880005000159e+06 4.635488499760000268e+05
2.785599980000000073e+02 4.831430809998000041e+06 4.635487100220000139e+05
2.785199890000000096e+02 4.831430820007000118e+06 4.635487199709999841e+05
2.784599910000000023e+02 4.831430809998000041e+06 4.635487100220000139e+05
2.783800049999999828e+02 4.831430790009000339e+06 4.635487000119999866e+05
2.783900150000000053e+02 4.831430799987999722e+06 4.635486300049999845e+05
2.783200069999999755e+02 4.831430799987999722e+06 4.635486300049999845e+05
2.792999879999999848e+02 4.831430850006000139e+06 4.635489199830000289e+05
2.792999879999999848e+02 4.831430899993999861e+06 4.635489099730000016e+05
2.792999879999999848e+02 4.831430839995999821e+06 4.635488400269999984e+05
2.792900089999999977e+02 4.831430859985000454e+06 4.635488499760000268e+05
2.792399899999999775e+02 4.831430869994999841e+06 4.635488599849999882e+05
2.792000120000000152e+02 4.831430869994999841e+06 4.635488699950000155e+05
2.790899959999999851e+02 4.831430829986999743e+06 4.635488599849999882e+05
2.790199890000000096e+02 4.831430820007000118e+06 4.635488599849999882e+05
2.789800109999999904e+02 4.831430829986999743e+06 4.635488699950000155e+05
2.792799989999999752e+02 4.831430850006000139e+06 4.635488099979999824e+05
2.792500000000000000e+02 4.831430859985000454e+06 4.635488200070000021e+05
2.792000120000000152e+02 4.831430869994999841e+06 4.635488300169999711e+05
2.791400150000000053e+02 4.831430869994999841e+06 4.635488400269999984e+05
2.790599980000000073e+02 4.831430850006000139e+06 4.635488400269999984e+05
2.789800109999999904e+02 4.831430829986999743e+06 4.635488400269999984e+05
2.791700129999999831e+02 4.831430859985000454e+06 4.635487999880000134e+05
2.791099849999999947e+02 4.831430850006000139e+06 4.635487999880000134e+05
2.790599980000000073e+02 4.831430859985000454e+06 4.635488099979999824e+05
2.790000000000000000e+02 4.831430850006000139e+06 4.635488099979999824e+05
2.789200129999999831e+02 4.831430839995999821e+06 4.635488099979999824e+05
2.788900150000000053e+02 4.831430850006000139e+06 4.635488300169999711e+05
2.790899959999999851e+02 4.831430829986999743e+06 4.635487700199999963e+05
2.790499879999999848e+02 4.831430829986999743e+06 4.635487800290000159e+05
2.790199890000000096e+02 4.831430839995999821e+06 4.635487899779999861e+05
2.789700010000000248e+02 4.831430839995999821e+06 4.635487899779999861e+05
2.789100040000000149e+02 4.831430839995999821e+06 4.635487999880000134e+05
2.788800049999999828e+02 4.831430859985000454e+06 4.635488099979999824e+05
2.789299930000000245e+02 4.831430820007000118e+06 4.635487399899999727e+05
2.788699950000000172e+02 4.831430820007000118e+06 4.635487500000000000e+05
2.788399959999999851e+02 4.831430829986999743e+06 4.635487600100000273e+05
2.787000120000000152e+02 4.831430799987999722e+06 4.635487600100000273e+05
2.786400150000000053e+02 4.831430799987999722e+06 4.635487700199999963e+05
2.788299870000000169e+02 4.831430820007000118e+06 4.635487100220000139e+05
2.787699890000000096e+02 4.831430809998000041e+06 4.635487100220000139e+05
2.787200010000000248e+02 4.831430809998000041e+06 4.635487199709999841e+05
2.786799930000000245e+02 4.831430820007000118e+06 4.635487299800000037e+05
2.785799870000000169e+02 4.831430799987999722e+06 4.635487299800000037e+05
2.785599980000000073e+02 4.831430820007000118e+06 4.635487399899999727e+05
2.785199890000000096e+02 4.831430829986999743e+06 4.635486799929999979e+05
2.783599849999999947e+02 4.831430799987999722e+06 4.635486799929999979e+05
2.783500060000000076e+02 4.831430829986999743e+06 4.635486300049999845e+05
2.791099849999999947e+02 4.831430809998000041e+06 4.635490100100000273e+05
2.792900089999999977e+02 4.831430890014999546e+06 4.635488599849999882e+05
2.790299989999999752e+02 4.831430839995999821e+06 4.635488300169999711e+05
2.789500120000000152e+02 4.831430869994999841e+06 4.635487800290000159e+05
2.787799989999999752e+02 4.831430829986999743e+06 4.635487100220000139e+05
2.786799930000000245e+02 4.831430820007000118e+06 4.635486599730000016e+05
2.786400150000000053e+02 4.831430829986999743e+06 4.635486799929999979e+05
2.784800109999999904e+02 4.831430820007000118e+06 4.635486400150000118e+05
2.784599910000000023e+02 4.831430839995999821e+06 4.635486599730000016e+05
2.783399959999999851e+02 4.831430779999000020e+06 4.635486500239999732e+05
2.783999939999999924e+02 4.831430769988999702e+06 4.635486500239999732e+05
2.784800109999999904e+02 4.831430790009000339e+06 4.635486500239999732e+05
2.785299989999999752e+02 4.831430790009000339e+06 4.635486400150000118e+05
2.787000120000000152e+02 4.831430809998000041e+06 4.635487000119999866e+05
2.789100040000000149e+02 4.831430809998000041e+06 4.635487899779999861e+05
2.789700010000000248e+02 4.831430820007000118e+06 4.635487899779999861e+05
2.791000060000000076e+02 4.831430850006000139e+06 4.635487899779999861e+05
2.791600040000000149e+02 4.831430850006000139e+06 4.635487800290000159e+05
2.792000120000000152e+02 4.831430839995999821e+06 4.635487700199999963e+05
2.790199890000000096e+02 4.831430790009000339e+06 4.635488099979999824e+05
2.790899959999999851e+02 4.831430820007000118e+06 4.635488200070000021e+05
2.791600040000000149e+02 4.831430829986999743e+06 4.635488200070000021e+05
2.792300109999999904e+02 4.831430850006000139e+06 4.635488200070000021e+05
2.792799989999999752e+02 4.831430850006000139e+06 4.635488200070000021e+05
2.792399899999999775e+02 4.831430820007000118e+06 4.635488599849999882e+05
2.790499879999999848e+02 4.831430769988999702e+06 4.635489099730000016e+05
2.791000060000000076e+02 4.831430769988999702e+06 4.635489600220000139e+05
2.783299870000000169e+02 4.831430779999000020e+06 4.635486400150000118e+05
2.784200129999999831e+02 4.831430799987999722e+06 4.635486599730000016e+05
2.784800109999999904e+02 4.831430809998000041e+06 4.635486699830000289e+05
2.785199890000000096e+02 4.831430790009000339e+06 4.635486599730000016e+05
2.783500060000000076e+02 4.831430769988999702e+06 4.635486900020000176e+05
2.785400089999999977e+02 4.831430779999000020e+06 4.635487000119999866e+05
2.790000000000000000e+02 4.831430839995999821e+06 4.635487600100000273e+05
2.787500000000000000e+02 4.831430799987999722e+06 4.635487700199999963e+05
2.790100100000000225e+02 4.831430839995999821e+06 4.635488099979999824e+05
2.790899959999999851e+02 4.831430850006000139e+06 4.635488200070000021e+05
2.791400150000000053e+02 4.831430850006000139e+06 4.635488200070000021e+05
2.791900019999999927e+02 4.831430839995999821e+06 4.635488200070000021e+05
2.789899899999999775e+02 4.831430799987999722e+06 4.635488400269999984e+05
2.790499879999999848e+02 4.831430809998000041e+06 4.635488499760000268e+05
2.791199950000000172e+02 4.831430820007000118e+06 4.635488599849999882e+05
2.791700129999999831e+02 4.831430820007000118e+06 4.635488599849999882e+05
2.790499879999999848e+02 4.831430790009000339e+06 4.635489500119999866e+05
2.791199950000000172e+02 4.831430799987999722e+06 4.635489600220000139e+05
2.791600040000000149e+02 4.831430880005000159e+06 4.635488099979999824e+05
2.792200010000000248e+02 4.831430869994999841e+06 4.635488200070000021e+05
2.783500060000000076e+02 4.831430790009000339e+06 4.635486500239999732e+05
2.784100040000000149e+02 4.831430799987999722e+06 4.635486699830000289e+05
2.784899899999999775e+02 4.831430809998000041e+06 4.635487000119999866e+05
2.785499879999999848e+02 4.831430809998000041e+06 4.635487000119999866e+05
2.786199950000000172e+02 4.831430809998000041e+06 4.635487199709999841e+05
2.786900019999999927e+02 4.831430809998000041e+06 4.635487299800000037e+05
2.787699890000000096e+02 4.831430820007000118e+06 4.635487600100000273e+05
2.788599849999999947e+02 4.831430829986999743e+06 4.635487899779999861e+05
2.789700010000000248e+02 4.831430829986999743e+06 4.635488099979999824e+05
2.790400089999999977e+02 4.831430839995999821e+06 4.635488300169999711e+05
2.791000060000000076e+02 4.831430850006000139e+06 4.635488499760000268e+05
2.791700129999999831e+02 4.831430850006000139e+06 4.635488599849999882e+05
2.792300109999999904e+02 4.831430850006000139e+06 4.635488800049999845e+05
2.792900089999999977e+02 4.831430850006000139e+06 4.635488800049999845e+05
2.783599849999999947e+02 4.831430760010000318e+06 4.635486900020000176e+05
2.785799870000000169e+02 4.831430750000000000e+06 4.635487299800000037e+05
2.786799930000000245e+02 4.831430779999000020e+06 4.635487700199999963e+05
2.787500000000000000e+02 4.831430779999000020e+06 4.635487899779999861e+05
2.788099980000000073e+02 4.831430779999000020e+06 4.635487999880000134e+05
2.788999939999999924e+02 4.831430790009000339e+06 4.635488300169999711e+05
2.789800109999999904e+02 4.831430809998000041e+06 4.635488599849999882e+05
2.791099849999999947e+02 4.831430799987999722e+06 4.635488699950000155e+05
2.792799989999999752e+02 4.831430809998000041e+06 4.635489199830000289e+05
2.791199950000000172e+02 4.831430769988999702e+06 4.635489899899999727e+05
2.791199950000000172e+02 4.831430790009000339e+06 4.635489899899999727e+05
2.790599980000000073e+02 4.831430790009000339e+06 4.635489199830000289e+05
2.790799870000000169e+02 4.831430809998000041e+06 4.635489199830000289e+05
2.790400089999999977e+02 4.831430799987999722e+06 4.635488800049999845e+05
2.790199890000000096e+02 4.831430779999000020e+06 4.635488400269999984e+05
2.790400089999999977e+02 4.831430809998000041e+06 4.635488400269999984e+05
2.792699890000000096e+02 4.831430809998000041e+06 4.635488499760000268e+05
2.788099980000000073e+02 4.831430760010000318e+06 4.635487100220000139e+05
2.787699890000000096e+02 4.831430750000000000e+06 4.635486900020000176e+05
2.787999879999999848e+02 4.831430769988999702e+06 4.635486900020000176e+05
2.785799870000000169e+02 4.831430720000999980e+06 4.635486799929999979e+05
2.786300049999999828e+02 4.831430750000000000e+06 4.635486699830000289e+05
2.787200010000000248e+02 4.831430760010000318e+06 4.635486599730000016e+05
2.786199950000000172e+02 4.831430739989999682e+06 4.635486500239999732e+05
2.786099849999999947e+02 4.831430799987999722e+06 4.635486500239999732e+05
2.785899959999999851e+02 4.831430779999000020e+06 4.635486300049999845e+05
2.785899959999999851e+02 4.831430779999000020e+06 4.635486199950000155e+05
2.784200129999999831e+02 4.831430720000999980e+06 4.635486199950000155e+05
2.791199950000000172e+02 4.831430769988999702e+06 4.635489699709999841e+05
2.790100100000000225e+02 4.831430809998000041e+06 4.635487299800000037e+05
2.788099980000000073e+02 4.831430769988999702e+06 4.635487000119999866e+05
2.788099980000000073e+02 4.831430799987999722e+06 4.635487000119999866e+05
2.787099910000000023e+02 4.831430750000000000e+06 4.635486599730000016e+05
2.786900019999999927e+02 4.831430779999000020e+06 4.635486599730000016e+05
2.785799870000000169e+02 4.831430779999000020e+06 4.635486400150000118e+05
2.788699950000000172e+02 4.831430720000999980e+06 4.635487000119999866e+05
2.788200069999999755e+02 4.831430720000999980e+06 4.635487000119999866e+05
2.787999879999999848e+02 4.831430709990999661e+06 4.635486500239999732e+05
2.787300109999999904e+02 4.831430700012000278e+06 4.635486500239999732e+05
2.786799930000000245e+02 4.831430700012000278e+06 4.635486500239999732e+05
2.786400150000000053e+02 4.831430709990999661e+06 4.635486300049999845e+05
2.786000060000000076e+02 4.831430709990999661e+06 4.635486300049999845e+05
2.785000000000000000e+02 4.831430709990999661e+06 4.635486199950000155e+05
2.784700010000000248e+02 4.831430720000999980e+06 4.635486099849999882e+05
2.787500000000000000e+02 4.831430660004000179e+06 4.635486500239999732e+05
2.787099910000000023e+02 4.831430660004000179e+06 4.635486300049999845e+05
2.786700129999999831e+02 4.831430670013000257e+06 4.635486199950000155e+05
2.786199950000000172e+02 4.831430679992999882e+06 4.635486099849999882e+05
2.788900150000000053e+02 4.831430839995999821e+06 4.635488300169999711e+05
2.792200010000000248e+02 4.831430829986999743e+06 4.635487999880000134e+05
2.789100040000000149e+02 4.831430859985000454e+06 4.635488300169999711e+05
2.789200129999999831e+02 4.831430869994999841e+06 4.635488099979999824e+05
2.789400019999999927e+02 4.831430850006000139e+06 4.635488400269999984e+05
2.789500120000000152e+02 4.831430839995999821e+06 4.635488200070000021e+05
2.792300109999999904e+02 4.831430829986999743e+06 4.635488200070000021e+05
2.792500000000000000e+02 4.831430779999000020e+06 4.635488300169999711e+05
2.792600100000000225e+02 4.831430769988999702e+06 4.635488599849999882e+05
2.783099980000000073e+02 4.831430779999000020e+06 4.635486199950000155e+05
2.783399959999999851e+02 4.831430769988999702e+06 4.635486400150000118e+05
2.784100040000000149e+02 4.831430779999000020e+06 4.635486300049999845e+05
2.784700010000000248e+02 4.831430779999000020e+06 4.635486400150000118e+05
2.785599980000000073e+02 4.831430779999000020e+06 4.635486599730000016e+05
2.786300049999999828e+02 4.831430790009000339e+06 4.635486599730000016e+05
2.786499939999999924e+02 4.831430779999000020e+06 4.635486799929999979e+05
2.786900019999999927e+02 4.831430779999000020e+06 4.635486900020000176e+05
2.787300109999999904e+02 4.831430779999000020e+06 4.635487000119999866e+05
2.787900089999999977e+02 4.831430779999000020e+06 4.635487000119999866e+05
2.788099980000000073e+02 4.831430769988999702e+06 4.635487299800000037e+05
2.788500060000000076e+02 4.831430769988999702e+06 4.635487399899999727e+05
2.786400150000000053e+02 4.831430739989999682e+06 4.635486500239999732e+05
2.787200010000000248e+02 4.831430730011000298e+06 4.635486900020000176e+05
2.787600100000000225e+02 4.831430739989999682e+06 4.635487000119999866e+05
2.787999879999999848e+02 4.831430730011000298e+06 4.635487199709999841e+05
2.788500060000000076e+02 4.831430739989999682e+06 4.635487299800000037e+05
2.789899899999999775e+02 4.831430799987999722e+06 4.635487000119999866e+05
2.791199950000000172e+02 4.831430829986999743e+06 4.635487100220000139e+05
2.790799870000000169e+02 4.831430779999000020e+06 4.635487600100000273e+05
2.791300049999999828e+02 4.831430790009000339e+06 4.635487600100000273e+05
2.783699950000000172e+02 4.831430720000999980e+06 4.635486099849999882e+05
2.784200129999999831e+02 4.831430720000999980e+06 4.635486199950000155e+05
2.784899899999999775e+02 4.831430730011000298e+06 4.635486300049999845e+05
2.785799870000000169e+02 4.831430739989999682e+06 4.635486599730000016e+05
2.786199950000000172e+02 4.831430739989999682e+06 4.635486699830000289e+05
2.786700129999999831e+02 4.831430750000000000e+06 4.635486799929999979e+05
2.787000120000000152e+02 4.831430750000000000e+06 4.635487000119999866e+05
2.787500000000000000e+02 4.831430750000000000e+06 4.635487100220000139e+05
2.787900089999999977e+02 4.831430760010000318e+06 4.635487199709999841e+05
2.788399959999999851e+02 4.831430760010000318e+06 4.635487299800000037e+05
2.789700010000000248e+02 4.831430820007000118e+06 4.635487000119999866e+05
2.789599910000000023e+02 4.831430779999000020e+06 4.635487500000000000e+05
2.790799870000000169e+02 4.831430829986999743e+06 4.635487199709999841e+05
2.791000060000000076e+02 4.831430820007000118e+06 4.635487500000000000e+05
2.791300049999999828e+02 4.831430809998000041e+06 4.635487800290000159e+05
2.783500060000000076e+02 4.831430720000999980e+06 4.635486099849999882e+05
2.783999939999999924e+02 4.831430730011000298e+06 4.635486199950000155e+05
2.784599910000000023e+02 4.831430739989999682e+06 4.635486199950000155e+05
2.785000000000000000e+02 4.831430739989999682e+06 4.635486400150000118e+05
2.786000060000000076e+02 4.831430739989999682e+06 4.635486699830000289e+05
2.786499939999999924e+02 4.831430750000000000e+06 4.635486799929999979e+05
2.786900019999999927e+02 4.831430750000000000e+06 4.635486900020000176e+05
2.787399899999999775e+02 4.831430760010000318e+06 4.635487000119999866e+05
2.787799989999999752e+02 4.831430760010000318e+06 4.635487100220000139e+05
2.788200069999999755e+02 4.831430760010000318e+06 4.635487299800000037e+05
2.788999939999999924e+02 4.831430779999000020e+06 4.635487299800000037e+05
2.789400019999999927e+02 4.831430790009000339e+06 4.635487399899999727e+05
2.790199890000000096e+02 4.831430809998000041e+06 4.635487399899999727e+05
2.790499879999999848e+02 4.831430809998000041e+06 4.635487600100000273e+05
2.790799870000000169e+02 4.831430799987999722e+06 4.635487800290000159e+05
2.786300049999999828e+02 4.831430739989999682e+06 4.635486699830000289e+05
2.786700129999999831e+02 4.831430739989999682e+06 4.635486799929999979e+05
2.787099910000000023e+02 4.831430739989999682e+06 4.635487000119999866e+05
2.787600100000000225e+02 4.831430750000000000e+06 4.635487100220000139e+05
2.788099980000000073e+02 4.831430750000000000e+06 4.635487199709999841e+05
2.788399959999999851e+02 4.831430750000000000e+06 4.635487399899999727e+05
2.789400019999999927e+02 4.831430779999000020e+06 4.635487299800000037e+05
2.790499879999999848e+02 4.831430799987999722e+06 4.635487500000000000e+05
2.790799870000000169e+02 4.831430790009000339e+06 4.635487700199999963e+05
2.791300049999999828e+02 4.831430799987999722e+06 4.635487800290000159e+05
2.783500060000000076e+02 4.831430730011000298e+06 4.635486099849999882e+05
2.783999939999999924e+02 4.831430739989999682e+06 4.635486199950000155e+05
2.784599910000000023e+02 4.831430750000000000e+06 4.635486300049999845e+05
2.785499879999999848e+02 4.831430750000000000e+06 4.635486599730000016e+05
2.786000060000000076e+02 4.831430760010000318e+06 4.635486699830000289e+05
2.786499939999999924e+02 4.831430760010000318e+06 4.635486799929999979e+05
2.786900019999999927e+02 4.831430769988999702e+06 4.635487000119999866e+05
2.787399899999999775e+02 4.831430769988999702e+06 4.635487100220000139e+05
2.787799989999999752e+02 4.831430769988999702e+06 4.635487199709999841e+05
2.788099980000000073e+02 4.831430769988999702e+06 4.635487299800000037e+05
2.789200129999999831e+02 4.831430809998000041e+06 4.635487199709999841e+05
2.789299930000000245e+02 4.831430799987999722e+06 4.635487500000000000e+05
2.790199890000000096e+02 4.831430820007000118e+06 4.635487399899999727e+05
2.790499879999999848e+02 4.831430820007000118e+06 4.635487600100000273e+05
2.791400150000000053e+02 4.831430850006000139e+06 4.635487600100000273e+05
2.792000120000000152e+02 4.831430859985000454e+06 4.635487600100000273e+05
2.783200069999999755e+02 4.831430750000000000e+06 4.635486099849999882e+05
2.783699950000000172e+02 4.831430760010000318e+06 4.635486099849999882e+05
2.784200129999999831e+02 4.831430760010000318e+06 4.635486300049999845e+05
2.784700010000000248e+02 4.831430769988999702e+06 4.635486400150000118e+05
2.785199890000000096e+02 4.831430779999000020e+06 4.635486500239999732e+05
2.785599980000000073e+02 4.831430779999000020e+06 4.635486599730000016e+05
2.786099849999999947e+02 4.831430779999000020e+06 4.635486799929999979e+05
2.786499939999999924e+02 4.831430779999000020e+06 4.635486900020000176e+05
2.787000120000000152e+02 4.831430790009000339e+06 4.635487100220000139e+05
2.787500000000000000e+02 4.831430790009000339e+06 4.635487199709999841e+05
2.787900089999999977e+02 4.831430790009000339e+06 4.635487299800000037e+05
2.788299870000000169e+02 4.831430799987999722e+06 4.635487500000000000e+05
2.788800049999999828e+02 4.831430799987999722e+06 4.635487500000000000e+05
2.789299930000000245e+02 4.831430809998000041e+06 4.635487700199999963e+05
2.790499879999999848e+02 4.831430839995999821e+06 4.635487700199999963e+05
2.790899959999999851e+02 4.831430839995999821e+06 4.635487899779999861e+05
2.791600040000000149e+02 4.831430850006000139e+06 4.635487999880000134e+05
2.783200069999999755e+02 4.831430769988999702e+06 4.635486099849999882e+05
2.783800049999999828e+02 4.831430779999000020e+06 4.635486199950000155e+05
2.784299930000000245e+02 4.831430779999000020e+06 4.635486400150000118e+05
2.785000000000000000e+02 4.831430799987999722e+06 4.635486400150000118e+05
2.785199890000000096e+02 4.831430790009000339e+06 4.635486699830000289e+05
2.785700069999999755e+02 4.831430790009000339e+06 4.635486799929999979e+05
2.786099849999999947e+02 4.831430790009000339e+06 4.635486900020000176e+05
2.786499939999999924e+02 4.831430790009000339e+06 4.635487000119999866e+05
2.786900019999999927e+02 4.831430790009000339e+06 4.635487199709999841e+05
2.787300109999999904e+02 4.831430799987999722e+06 4.635487299800000037e+05
2.787799989999999752e+02 4.831430799987999722e+06 4.635487399899999727e+05
2.788299870000000169e+02 4.831430809998000041e+06 4.635487500000000000e+05
2.788800049999999828e+02 4.831430820007000118e+06 4.635487600100000273e+05
2.789400019999999927e+02 4.831430820007000118e+06 4.635487700199999963e+05
2.790499879999999848e+02 4.831430839995999821e+06 4.635487899779999861e+05
2.791099849999999947e+02 4.831430850006000139e+06 4.635487999880000134e+05
2.791199950000000172e+02 4.831430829986999743e+06 4.635488300169999711e+05
2.783599849999999947e+02 4.831430769988999702e+06 4.635486199950000155e+05
2.783999939999999924e+02 4.831430769988999702e+06 4.635486400150000118e+05
2.784500120000000152e+02 4.831430779999000020e+06 4.635486500239999732e+05
2.785100100000000225e+02 4.831430790009000339e+06 4.635486500239999732e+05
2.785400089999999977e+02 4.831430779999000020e+06 4.635486699830000289e+05
2.785799870000000169e+02 4.831430790009000339e+06 4.635486900020000176e+05
2.786300049999999828e+02 4.831430790009000339e+06 4.635487000119999866e+05
2.786700129999999831e+02 4.831430790009000339e+06 4.635487199709999841e+05
2.787300109999999904e+02 4.831430799987999722e+06 4.635487299800000037e+05
2.787699890000000096e+02 4.831430799987999722e+06 4.635487399899999727e+05
2.788099980000000073e+02 4.831430799987999722e+06 4.635487500000000000e+05
2.788599849999999947e+02 4.831430809998000041e+06 4.635487600100000273e+05
2.788999939999999924e+02 4.831430809998000041e+06 4.635487700199999963e+05
2.789800109999999904e+02 4.831430839995999821e+06 4.635487700199999963e+05
2.790599980000000073e+02 4.831430859985000454e+06 4.635487700199999963e+05
2.790899959999999851e+02 4.831430859985000454e+06 4.635487899779999861e+05
2.792000120000000152e+02 4.831430899993999861e+06 4.635487700199999963e+05
2.791600040000000149e+02 4.831430850006000139e+06 4.635488300169999711e+05
2.783299870000000169e+02 4.831430779999000020e+06 4.635486599730000016e+05
2.783999939999999924e+02 4.831430809998000041e+06 4.635486599730000016e+05
2.785700069999999755e+02 4.831430809998000041e+06 4.635487100220000139e+05
2.786000060000000076e+02 4.831430809998000041e+06 4.635487299800000037e+05
2.786499939999999924e+02 4.831430809998000041e+06 4.635487500000000000e+05
2.787099910000000023e+02 4.831430820007000118e+06 4.635487600100000273e+05
2.789299930000000245e+02 4.831430859985000454e+06 4.635487899779999861e+05
2.789899899999999775e+02 4.831430850006000139e+06 4.635488300169999711e+05
2.792200010000000248e+02 4.831430730011000298e+06 4.635489899899999727e+05
2.789500120000000152e+02 4.831430820007000118e+06 4.635487999880000134e+05
2.792099910000000023e+02 4.831430799987999722e+06 4.635488300169999711e+05
2.791799930000000245e+02 4.831430799987999722e+06 4.635488099979999824e+05
2.791099849999999947e+02 4.831430799987999722e+06 4.635488099979999824e+05
2.790299989999999752e+02 4.831430790009000339e+06 4.635488099979999824e+05
2.789700010000000248e+02 4.831430779999000020e+06 4.635487999880000134e+05
2.789299930000000245e+02 4.831430790009000339e+06 4.635487800290000159e+05
2.792399899999999775e+02 4.831430790009000339e+06 4.635488099979999824e+05
2.791700129999999831e+02 4.831430790009000339e+06 4.635488099979999824e+05
2.791499939999999924e+02 4.831430790009000339e+06 4.635487899779999861e+05
2.790599980000000073e+02 4.831430779999000020e+06 4.635487899779999861e+05
2.790199890000000096e+02 4.831430779999000020e+06 4.635487800290000159e+05
2.789500120000000152e+02 4.831430779999000020e+06 4.635487700199999963e+05
2.792200010000000248e+02 4.831430779999000020e+06 4.635488099979999824e+05
2.791700129999999831e+02 4.831430779999000020e+06 4.635487999880000134e+05
2.791300049999999828e+02 4.831430779999000020e+06 4.635487800290000159e+05
2.790400089999999977e+02 4.831430769988999702e+06 4.635487800290000159e+05
2.790100100000000225e+02 4.831430779999000020e+06 4.635487600100000273e+05
2.789299930000000245e+02 4.831430769988999702e+06 4.635487600100000273e+05
2.791799930000000245e+02 4.831430750000000000e+06 4.635487999880000134e+05
2.791600040000000149e+02 4.831430760010000318e+06 4.635487800290000159e+05
2.791000060000000076e+02 4.831430760010000318e+06 4.635487700199999963e+05
2.790499879999999848e+02 4.831430760010000318e+06 4.635487600100000273e+05
2.790100100000000225e+02 4.831430760010000318e+06 4.635487500000000000e+05
2.789299930000000245e+02 4.831430769988999702e+06 4.635487199709999841e+05
2.787699890000000096e+02 4.831430760010000318e+06 4.635487100220000139e+05
2.787300109999999904e+02 4.831430760010000318e+06 4.635487000119999866e+05
2.786099849999999947e+02 4.831430760010000318e+06 4.635486799929999979e+05
2.792300109999999904e+02 4.831430730011000298e+06 4.635487999880000134e+05
2.791700129999999831e+02 4.831430730011000298e+06 4.635487999880000134e+05
2.791199950000000172e+02 4.831430730011000298e+06 4.635487800290000159e+05
2.790899959999999851e+02 4.831430739989999682e+06 4.635487600100000273e+05
2.790100100000000225e+02 4.831430730011000298e+06 4.635487600100000273e+05
2.789800109999999904e+02 4.831430739989999682e+06 4.635487399899999727e+05
2.788900150000000053e+02 4.831430730011000298e+06 4.635487500000000000e+05
2.788599849999999947e+02 4.831430730011000298e+06 4.635487299800000037e+05
2.787900089999999977e+02 4.831430739989999682e+06 4.635487000119999866e+05
2.786400150000000053e+02 4.831430739989999682e+06 4.635486699830000289e+05
2.786000060000000076e+02 4.831430750000000000e+06 4.635486500239999732e+05
2.783900150000000053e+02 4.831430730011000298e+06 4.635486300049999845e+05
2.787900089999999977e+02 4.831430700012000278e+06 4.635487100220000139e+05
2.786600040000000149e+02 4.831430709990999661e+06 4.635486599730000016e+05
2.786199950000000172e+02 4.831430709990999661e+06 4.635486500239999732e+05
2.791700129999999831e+02 4.831430739989999682e+06 4.635488099979999824e+05
2.791199950000000172e+02 4.831430750000000000e+06 4.635487999880000134e+05
2.790199890000000096e+02 4.831430679992999882e+06 4.635487899779999861e+05
2.790199890000000096e+02 4.831430700012000278e+06 4.635487500000000000e+05
2.789500120000000152e+02 4.831430720000999980e+06 4.635487299800000037e+05
2.788500060000000076e+02 4.831430720000999980e+06 4.635487500000000000e+05
2.787799989999999752e+02 4.831430720000999980e+06 4.635487600100000273e+05
2.787399899999999775e+02 4.831430730011000298e+06 4.635487399899999727e+05
2.787600100000000225e+02 4.831430640014999546e+06 4.635487299800000037e+05
2.786600040000000149e+02 4.831430679992999882e+06 4.635486900020000176e+05
2.784200129999999831e+02 4.831430640014999546e+06 4.635486500239999732e+05
2.783900150000000053e+02 4.831430649993999861e+06 4.635486300049999845e+05
2.791700129999999831e+02 4.831430690001999959e+06 4.635488599849999882e+05
2.791400150000000053e+02 4.831430700012000278e+06 4.635488400269999984e+05
2.791000060000000076e+02 4.831430720000999980e+06 4.635488300169999711e+05
2.792600100000000225e+02 4.831430730011000298e+06 4.635487199709999841e+05
2.790400089999999977e+02 4.831430739989999682e+06 4.635488099979999824e+05
2.790199890000000096e+02 4.831430690001999959e+06 4.635488099979999824e+05
2.783900150000000053e+02 4.831430609985000454e+06 4.635486599730000016e+05
2.783200069999999755e+02 4.831430640014999546e+06 4.635486400150000118e+05
2.784800109999999904e+02 4.831430790009000339e+06 4.635486400150000118e+05
2.790000000000000000e+02 4.831430809998000041e+06 4.635487600100000273e+05
2.790299989999999752e+02 4.831430779999000020e+06 4.635488099979999824e+05
2.790199890000000096e+02 4.831430839995999821e+06 4.635487999880000134e+05
2.791900019999999927e+02 4.831430869994999841e+06 4.635488300169999711e+05
2.792999879999999848e+02 4.831430859985000454e+06 4.635488300169999711e+05
2.792200010000000248e+02 4.831430809998000041e+06 4.635489400020000176e+05
2.792399899999999775e+02 4.831430869994999841e+06 4.635488200070000021e+05
2.786000060000000076e+02 4.831430769988999702e+06 4.635486599730000016e+05
2.788500060000000076e+02 4.831430809998000041e+06 4.635487399899999727e+05
2.788999939999999924e+02 4.831430809998000041e+06 4.635487600100000273e+05
2.786099849999999947e+02 4.831430820007000118e+06 4.635486900020000176e+05
2.787999879999999848e+02 4.831430829986999743e+06 4.635487600100000273e+05
2.790799870000000169e+02 4.831430790009000339e+06 4.635489799800000037e+05
2.791499939999999924e+02 4.831430799987999722e+06 4.635490000000000000e+05
2.791499939999999924e+02 4.831430779999000020e+06 4.635490200199999963e+05
2.784200129999999831e+02 4.831430809998000041e+06 4.635487000119999866e+05
2.785299989999999752e+02 4.831430829986999743e+06 4.635487199709999841e+05
2.791700129999999831e+02 4.831430769988999702e+06 4.635489799800000037e+05
2.790899959999999851e+02 4.831430779999000020e+06 4.635488499760000268e+05
2.788599849999999947e+02 4.831430790009000339e+06 4.635487100220000139e+05
2.786600040000000149e+02 4.831430720000999980e+06 4.635486900020000176e+05
2.789400019999999927e+02 4.831430750000000000e+06 4.635487299800000037e+05
2.792999879999999848e+02 4.831430730011000298e+06 4.635488300169999711e+05
2.792799989999999752e+02 4.831430750000000000e+06 4.635488099979999824e+05
2.790400089999999977e+02 4.831430709990999661e+06 4.635487899779999861e+05
2.790000000000000000e+02 4.831430739989999682e+06 4.635487700199999963e+05
2.789899899999999775e+02 4.831430750000000000e+06 4.635487399899999727e+05
2.788800049999999828e+02 4.831430679992999882e+06 4.635487700199999963e+05
2.788699950000000172e+02 4.831430700012000278e+06 4.635487500000000000e+05
2.788500060000000076e+02 4.831430720000999980e+06 4.635487299800000037e+05
2.787099910000000023e+02 4.831430670013000257e+06 4.635487500000000000e+05
2.787200010000000248e+02 4.831430690001999959e+06 4.635487199709999841e+05
2.787200010000000248e+02 4.831430700012000278e+06 4.635487000119999866e+05
2.787699890000000096e+02 4.831430730011000298e+06 4.635488099979999824e+05
2.792500000000000000e+02 4.831430769988999702e+06 4.635488499760000268e+05
2.792200010000000248e+02 4.831430760010000318e+06 4.635488699950000155e+05
2.790899959999999851e+02 4.831430760010000318e+06 4.635488800049999845e+05
2.792000120000000152e+02 4.831430799987999722e+06 4.635489400020000176e+05
2.789800109999999904e+02 4.831430730011000298e+06 4.635488300169999711e+05
2.788800049999999828e+02 4.831430730011000298e+06 4.635488200070000021e+05
2.787799989999999752e+02 4.831430720000999980e+06 4.635488099979999824e+05
2.786799930000000245e+02 4.831430720000999980e+06 4.635487999880000134e+05
2.783500060000000076e+02 4.831430720000999980e+06 4.635487399899999727e+05
2.792699890000000096e+02 4.831430769988999702e+06 4.635489299929999979e+05
2.789299930000000245e+02 4.831430829986999743e+06 4.635488699950000155e+05
2.792300109999999904e+02 4.831430809998000041e+06 4.635489299929999979e+05
2.791199950000000172e+02 4.831430790009000339e+06 4.635489099730000016e+05
2.790199890000000096e+02 4.831430779999000020e+06 4.635488900150000118e+05
2.789700010000000248e+02 4.831430760010000318e+06 4.635488900150000118e+05
2.787799989999999752e+02 4.831430730011000298e+06 4.635488300169999711e+05
2.789100040000000149e+02 4.831430850006000139e+06 4.635488499760000268e+05
2.785599980000000073e+02 4.831430809998000041e+06 4.635487399899999727e+05
2.785299989999999752e+02 4.831430790009000339e+06 4.635487500000000000e+05
2.784899899999999775e+02 4.831430779999000020e+06 4.635487600100000273e+05
2.783900150000000053e+02 4.831430760010000318e+06 4.635487399899999727e+05
