2.793699950000000172e+02 4.831434380005000159e+06 4.635476699830000289e+05
2.793800049999999828e+02 4.831434369994999841e+06 4.635477000119999866e+05
2.794899899999999775e+02 4.831434369994999841e+06 4.635477100220000139e+05
2.793599849999999947e+02 4.831434369994999841e+06 4.635476699830000289e+05
2.793599849999999947e+02 4.831434359985000454e+06 4.635476799929999979e+05
2.800400089999999977e+02 4.831433459990999661e+06 4.635481699830000289e+05
2.800400089999999977e+02 4.831433440001999959e+06 4.635481500239999732e+05
2.799599910000000023e+02 4.831433450012000278e+06 4.635481599730000016e+05
2.799500120000000152e+02 4.831433470000999980e+06 4.635481799929999979e+05
2.800199890000000096e+02 4.831433440001999959e+06 4.635481699830000289e+05
2.798999939999999924e+02 4.831433429992999882e+06 4.635482000119999866e+05
2.800199890000000096e+02 4.831433529999000020e+06 4.635481599730000016e+05
2.793599849999999947e+02 4.831434230011000298e+06 4.635478599849999882e+05
2.800499879999999848e+02 4.831433739989999682e+06 4.635481300049999845e+05
2.800400089999999977e+02 4.831433679992999882e+06 4.635481699830000289e+05
2.800499879999999848e+02 4.831433720000999980e+06 4.635481500239999732e+05
2.800100100000000225e+02 4.831433700012000278e+06 4.635481400150000118e+05
2.793099980000000073e+02 4.831434220000999980e+06 4.635477899779999861e+05
2.799700010000000248e+02 4.831433690001999959e+06 4.635481599730000016e+05
2.800499879999999848e+02 4.831433690001999959e+06 4.635481599730000016e+05
2.800299989999999752e+02 4.831433760010000318e+06 4.635481500239999732e+05
2.800299989999999752e+02 4.831433690001999959e+06 4.635481599730000016e+05
2.793399959999999851e+02 4.831434250000000000e+06 4.635477700199999963e+05
2.793500060000000076e+02 4.831434239989999682e+06 4.635477700199999963e+05
2.793200069999999755e+02 4.831434230011000298e+06 4.635477899779999861e+05
2.800599980000000073e+02 4.831433730011000298e+06 4.635481400150000118e+05
2.801099849999999947e+02 4.831433679992999882e+06 4.635481300049999845e+05
2.800000000000000000e+02 4.831433779999000020e+06 4.635481599730000016e+05
2.798699950000000172e+02 4.831433670013000257e+06 4.635480700070000021e+05
2.799800109999999904e+02 4.831433760010000318e+06 4.635481199950000155e+05
2.799500120000000152e+02 4.831433720000999980e+06 4.635481699830000289e+05
2.800199890000000096e+02 4.831433720000999980e+06 4.635481199950000155e+05
2.800400089999999977e+02 4.831433630005000159e+06 4.635481799929999979e+05
2.800499879999999848e+02 4.831433709990999661e+06 4.635481599730000016e+05
2.800599980000000073e+02 4.831433730011000298e+06 4.635481199950000155e+05
2.800599980000000073e+02 4.831433739989999682e+06 4.635481699830000289e+05
2.798999939999999924e+02 4.831433690001999959e+06 4.635481699830000289e+05
2.800299989999999752e+02 4.831433750000000000e+06 4.635481699830000289e+05
2.793099980000000073e+02 4.831434250000000000e+06 4.635478499760000268e+05
2.798900150000000053e+02 4.831433480011000298e+06 4.635481900020000176e+05
2.798999939999999924e+02 4.831433500000000000e+06 4.635482000119999866e+05
2.799100040000000149e+02 4.831433510010000318e+06 4.635482100220000139e+05
2.798900150000000053e+02 4.831433470000999980e+06 4.635481900020000176e+05
2.798999939999999924e+02 4.831433529999000020e+06 4.635482399899999727e+05
2.799400019999999927e+02 4.831433510010000318e+06 4.635482299800000037e+05
2.799700010000000248e+02 4.831433510010000318e+06 4.635482399899999727e+05
2.799200129999999831e+02 4.831433510010000318e+06 4.635482000119999866e+05
2.799299930000000245e+02 4.831433519988999702e+06 4.635482199709999841e+05
2.799400019999999927e+02 4.831433480011000298e+06 4.635481900020000176e+05
2.799100040000000149e+02 4.831433480011000298e+06 4.635482100220000139e+05
2.800400089999999977e+02 4.831433709990999661e+06 4.635482100220000139e+05
2.800700069999999755e+02 4.831433649993999861e+06 4.635482100220000139e+05
2.800599980000000073e+02 4.831433649993999861e+06 4.635482199709999841e+05
2.800400089999999977e+02 4.831433649993999861e+06 4.635482000119999866e+05
2.799599910000000023e+02 4.831433679992999882e+06 4.635481799929999979e+05
2.799700010000000248e+02 4.831433549987999722e+06 4.635482299800000037e+05
2.799500120000000152e+02 4.831433549987999722e+06 4.635482399899999727e+05
2.800400089999999977e+02 4.831433720000999980e+06 4.635481900020000176e+05
2.799200129999999831e+02 4.831433579986999743e+06 4.635482600100000273e+05
2.794899899999999775e+02 4.831433540009000339e+06 4.635483300169999711e+05
2.799599910000000023e+02 4.831433649993999861e+06 4.635482299800000037e+05
2.800700069999999755e+02 4.831433690001999959e+06 4.635481900020000176e+05
2.800799870000000169e+02 4.831433670013000257e+06 4.635482100220000139e+05
2.795100100000000225e+02 4.831433510010000318e+06 4.635485200199999963e+05
2.800599980000000073e+02 4.831433480011000298e+06 4.635485599979999824e+05
2.802099910000000023e+02 4.831433470000999980e+06 4.635484400020000176e+05
2.801900019999999927e+02 4.831433470000999980e+06 4.635484099730000016e+05
2.802799989999999752e+02 4.831433450012000278e+06 4.635482600100000273e+05
2.802999879999999848e+02 4.831433450012000278e+06 4.635482600100000273e+05
2.802099910000000023e+02 4.831433459990999661e+06 4.635484199830000289e+05
2.802900089999999977e+02 4.831433459990999661e+06 4.635483200070000021e+05
2.801700129999999831e+02 4.831433459990999661e+06 4.635484299929999979e+05
2.801300049999999828e+02 4.831433459990999661e+06 4.635484899899999727e+05
2.801700129999999831e+02 4.831433429992999882e+06 4.635485000000000000e+05
2.799299930000000245e+02 4.831433440001999959e+06 4.635483099979999824e+05
2.801799930000000245e+02 4.831433470000999980e+06 4.635484600220000139e+05
2.800299989999999752e+02 4.831433470000999980e+06 4.635485000000000000e+05
2.802699890000000096e+02 4.831433459990999661e+06 4.635482999880000134e+05
2.802099910000000023e+02 4.831433470000999980e+06 4.635484199830000289e+05
2.802200010000000248e+02 4.831433470000999980e+06 4.635484500119999866e+05
2.802600100000000225e+02 4.831433510010000318e+06 4.635482600100000273e+05
2.802099910000000023e+02 4.831433500000000000e+06 4.635484000239999732e+05
2.802699890000000096e+02 4.831433480011000298e+06 4.635483099979999824e+05
2.802699890000000096e+02 4.831433489989999682e+06 4.635482899779999861e+05
2.802300109999999904e+02 4.831433510010000318e+06 4.635484299929999979e+05
2.799100040000000149e+02 4.831433529999000020e+06 4.635482800290000159e+05
2.801700129999999831e+02 4.831433500000000000e+06 4.635484600220000139e+05
2.802799989999999752e+02 4.831433480011000298e+06 4.635483400269999984e+05
2.802500000000000000e+02 4.831433489989999682e+06 4.635483499760000268e+05
2.802900089999999977e+02 4.831433500000000000e+06 4.635482399899999727e+05
2.802500000000000000e+02 4.831433529999000020e+06 4.635484000239999732e+05
2.802999879999999848e+02 4.831433489989999682e+06 4.635483300169999711e+05
2.802600100000000225e+02 4.831433500000000000e+06 4.635483400269999984e+05
2.802999879999999848e+02 4.831433529999000020e+06 4.635482500000000000e+05
2.802699890000000096e+02 4.831433510010000318e+06 4.635482500000000000e+05
2.802399899999999775e+02 4.831433500000000000e+06 4.635484099730000016e+05
2.802900089999999977e+02 4.831433519988999702e+06 4.635482899779999861e+05
2.802900089999999977e+02 4.831433470000999980e+06 4.635483300169999711e+05
2.802699890000000096e+02 4.831433510010000318e+06 4.635483400269999984e+05
2.802900089999999977e+02 4.831433529999000020e+06 4.635484799800000037e+05
2.801799930000000245e+02 4.831433500000000000e+06 4.635484299929999979e+05
2.802500000000000000e+02 4.831433480011000298e+06 4.635484899899999727e+05
2.801600040000000149e+02 4.831433480011000298e+06 4.635484400020000176e+05
2.795899959999999851e+02 4.831433519988999702e+06 4.635483800049999845e+05
2.802600100000000225e+02 4.831433500000000000e+06 4.635484799800000037e+05
2.798999939999999924e+02 4.831433529999000020e+06 4.635483499760000268e+05
2.799299930000000245e+02 4.831433519988999702e+06 4.635483599849999882e+05
2.799200129999999831e+02 4.831433529999000020e+06 4.635483300169999711e+05
2.802999879999999848e+02 4.831433519988999702e+06 4.635482999880000134e+05
2.802799989999999752e+02 4.831433500000000000e+06 4.635483400269999984e+05
2.802000120000000152e+02 4.831433519988999702e+06 4.635484099730000016e+05
2.802799989999999752e+02 4.831433470000999980e+06 4.635482899779999861e+05
2.802200010000000248e+02 4.831433489989999682e+06 4.635484299929999979e+05
2.799200129999999831e+02 4.831433480011000298e+06 4.635483300169999711e+05
2.796499939999999924e+02 4.831433589995999821e+06 4.635483200070000021e+05
2.795499879999999848e+02 4.831433589995999821e+06 4.635484099730000016e+05
2.799100040000000149e+02 4.831433559998000041e+06 4.635483400269999984e+05
2.794700010000000248e+02 4.831433609985000454e+06 4.635484899899999727e+05
2.794899899999999775e+02 4.831433630005000159e+06 4.635484799800000037e+05
2.795000000000000000e+02 4.831433609985000454e+06 4.635484699709999841e+05
2.795899959999999851e+02 4.831433570007000118e+06 4.635484400020000176e+05
2.795299989999999752e+02 4.831433619994999841e+06 4.635484799800000037e+05
2.795199890000000096e+02 4.831433589995999821e+06 4.635484699709999841e+05
2.796099849999999947e+02 4.831433579986999743e+06 4.635483699950000155e+05
2.796600040000000149e+02 4.831433609985000454e+06 4.635483900150000118e+05
2.796400150000000053e+02 4.831433630005000159e+06 4.635484000239999732e+05
2.797999879999999848e+02 4.831433619994999841e+06 4.635483599849999882e+05
2.800199890000000096e+02 4.831433600006000139e+06 4.635482999880000134e+05
2.798299870000000169e+02 4.831433609985000454e+06 4.635483400269999984e+05
2.797900089999999977e+02 4.831433619994999841e+06 4.635483599849999882e+05
2.796700129999999831e+02 4.831433619994999841e+06 4.635483800049999845e+05
2.802799989999999752e+02 4.831433559998000041e+06 4.635484000239999732e+05
2.796600040000000149e+02 4.831433630005000159e+06 4.635483499760000268e+05
2.796000060000000076e+02 4.831433640014999546e+06 4.635483800049999845e+05
2.795400089999999977e+02 4.831433640014999546e+06 4.635484000239999732e+05
2.795199890000000096e+02 4.831433660004000179e+06 4.635484199830000289e+05
2.797900089999999977e+02 4.831433589995999821e+06 4.635483400269999984e+05
2.796400150000000053e+02 4.831433619994999841e+06 4.635483900150000118e+05
2.796499939999999924e+02 4.831433600006000139e+06 4.635483800049999845e+05
2.796600040000000149e+02 4.831433579986999743e+06 4.635483699950000155e+05
2.795299989999999752e+02 4.831433649993999861e+06 4.635484400020000176e+05
2.795499879999999848e+02 4.831433619994999841e+06 4.635484199830000289e+05
2.795899959999999851e+02 4.831433609985000454e+06 4.635484199830000289e+05
2.796199950000000172e+02 4.831433600006000139e+06 4.635484099730000016e+05
2.794700010000000248e+02 4.831433609985000454e+06 4.635484500119999866e+05
2.795700069999999755e+02 4.831433640014999546e+06 4.635484099730000016e+05
2.796099849999999947e+02 4.831433619994999841e+06 4.635484099730000016e+05
2.794599910000000023e+02 4.831433649993999861e+06 4.635484500119999866e+05
2.794899899999999775e+02 4.831433640014999546e+06 4.635484400020000176e+05
2.796900019999999927e+02 4.831433630005000159e+06 4.635484099730000016e+05
2.796499939999999924e+02 4.831433640014999546e+06 4.635484099730000016e+05
2.796199950000000172e+02 4.831433649993999861e+06 4.635484199830000289e+05
2.795599980000000073e+02 4.831433649993999861e+06 4.635484199830000289e+05
2.795400089999999977e+02 4.831433679992999882e+06 4.635484400020000176e+05
2.799899899999999775e+02 4.831433540009000339e+06 4.635483099979999824e+05
2.797099910000000023e+02 4.831433640014999546e+06 4.635484000239999732e+05
2.796600040000000149e+02 4.831433630005000159e+06 4.635484099730000016e+05
2.796099849999999947e+02 4.831433630005000159e+06 4.635484099730000016e+05
2.795799870000000169e+02 4.831433649993999861e+06 4.635484199830000289e+05
2.795400089999999977e+02 4.831433649993999861e+06 4.635484299929999979e+05
2.795000000000000000e+02 4.831433660004000179e+06 4.635484400020000176e+05
2.802500000000000000e+02 4.831433559998000041e+06 4.635484199830000289e+05
2.802099910000000023e+02 4.831433570007000118e+06 4.635484299929999979e+05
2.797200010000000248e+02 4.831433640014999546e+06 4.635483800049999845e+05
2.797900089999999977e+02 4.831433609985000454e+06 4.635483300169999711e+05
2.797300109999999904e+02 4.831433640014999546e+06 4.635483599849999882e+05
2.797000120000000152e+02 4.831433660004000179e+06 4.635483800049999845e+05
2.796600040000000149e+02 4.831433660004000179e+06 4.635483900150000118e+05
2.796199950000000172e+02 4.831433660004000179e+06 4.635484099730000016e+05
2.795499879999999848e+02 4.831433690001999959e+06 4.635484400020000176e+05
2.797999879999999848e+02 4.831433640014999546e+06 4.635483200070000021e+05
2.797200010000000248e+02 4.831433619994999841e+06 4.635483300169999711e+05
2.797099910000000023e+02 4.831433649993999861e+06 4.635483499760000268e+05
2.796799930000000245e+02 4.831433670013000257e+06 4.635483699950000155e+05
2.796099849999999947e+02 4.831433660004000179e+06 4.635483800049999845e+05
2.795700069999999755e+02 4.831433660004000179e+06 4.635483900150000118e+05
2.795400089999999977e+02 4.831433670013000257e+06 4.635484099730000016e+05
2.795100100000000225e+02 4.831433679992999882e+06 4.635484199830000289e+05
2.794500120000000152e+02 4.831433670013000257e+06 4.635484400020000176e+05
2.795499879999999848e+02 4.831433609985000454e+06 4.635483499760000268e+05
2.795599980000000073e+02 4.831433619994999841e+06 4.635483499760000268e+05
2.795700069999999755e+02 4.831433660004000179e+06 4.635483599849999882e+05
2.795000000000000000e+02 4.831433679992999882e+06 4.635483900150000118e+05
2.794500120000000152e+02 4.831433679992999882e+06 4.635484000239999732e+05
2.794299930000000245e+02 4.831433609985000454e+06 4.635484000239999732e+05
2.794800109999999904e+02 4.831433609985000454e+06 4.635483900150000118e+05
2.795400089999999977e+02 4.831433619994999841e+06 4.635483900150000118e+05
2.795599980000000073e+02 4.831433589995999821e+06 4.635483800049999845e+05
2.795700069999999755e+02 4.831433549987999722e+06 4.635483599849999882e+05
2.794599910000000023e+02 4.831433670013000257e+06 4.635484699709999841e+05
2.795299989999999752e+02 4.831433630005000159e+06 4.635484400020000176e+05
2.794500120000000152e+02 4.831433670013000257e+06 4.635484699709999841e+05
2.796799930000000245e+02 4.831433589995999821e+06 4.635483400269999984e+05
2.794500120000000152e+02 4.831433660004000179e+06 4.635484299929999979e+05
2.795599980000000073e+02 4.831433670013000257e+06 4.635484299929999979e+05
2.796000060000000076e+02 4.831433630005000159e+06 4.635483699950000155e+05
2.800499879999999848e+02 4.831433600006000139e+06 4.635483200070000021e+05
2.802699890000000096e+02 4.831433540009000339e+06 4.635482500000000000e+05
2.795599980000000073e+02 4.831433660004000179e+06 4.635484199830000289e+05
2.795599980000000073e+02 4.831433609985000454e+06 4.635484600220000139e+05
2.794400019999999927e+02 4.831433649993999861e+06 4.635484099730000016e+05
2.794400019999999927e+02 4.831433559998000041e+06 4.635484199830000289e+05
2.796199950000000172e+02 4.831433609985000454e+06 4.635483800049999845e+05
2.796099849999999947e+02 4.831433589995999821e+06 4.635484199830000289e+05
2.796900019999999927e+02 4.831433600006000139e+06 4.635484099730000016e+05
2.798299870000000169e+02 4.831433609985000454e+06 4.635483499760000268e+05
2.799599910000000023e+02 4.831433619994999841e+06 4.635482999880000134e+05
2.795899959999999851e+02 4.831433600006000139e+06 4.635484000239999732e+05
2.796799930000000245e+02 4.831433619994999841e+06 4.635483800049999845e+05
2.799599910000000023e+02 4.831433609985000454e+06 4.635483200070000021e+05
2.795799870000000169e+02 4.831433589995999821e+06 4.635483699950000155e+05
2.796499939999999924e+02 4.831433609985000454e+06 4.635483800049999845e+05
2.796900019999999927e+02 4.831433609985000454e+06 4.635483900150000118e+05
2.794500120000000152e+02 4.831433640014999546e+06 4.635484600220000139e+05
2.795299989999999752e+02 4.831433660004000179e+06 4.635484600220000139e+05
2.795299989999999752e+02 4.831433589995999821e+06 4.635484600220000139e+05
2.795499879999999848e+02 4.831433579986999743e+06 4.635484299929999979e+05
2.794700010000000248e+02 4.831433570007000118e+06 4.635484299929999979e+05
2.796400150000000053e+02 4.831433559998000041e+06 4.635484099730000016e+05
2.795799870000000169e+02 4.831433559998000041e+06 4.635484000239999732e+05
2.798500060000000076e+02 4.831433559998000041e+06 4.635483800049999845e+05
2.798599849999999947e+02 4.831433540009000339e+06 4.635483400269999984e+05
2.794700010000000248e+02 4.831433559998000041e+06 4.635484799800000037e+05
2.799700010000000248e+02 4.831433600006000139e+06 4.635483099979999824e+05
2.798399959999999851e+02 4.831433619994999841e+06 4.635483499760000268e+05
2.798800049999999828e+02 4.831433609985000454e+06 4.635483699950000155e+05
2.794400019999999927e+02 4.831433649993999861e+06 4.635484400020000176e+05
2.802699890000000096e+02 4.831433559998000041e+06 4.635484600220000139e+05
2.802799989999999752e+02 4.831433559998000041e+06 4.635484400020000176e+05
2.796300049999999828e+02 4.831433600006000139e+06 4.635483800049999845e+05
2.796199950000000172e+02 4.831433630005000159e+06 4.635484199830000289e+05
2.800299989999999752e+02 4.831433570007000118e+06 4.635483400269999984e+05
2.800000000000000000e+02 4.831433549987999722e+06 4.635483599849999882e+05
2.799400019999999927e+02 4.831433609985000454e+06 4.635483200070000021e+05
2.798999939999999924e+02 4.831433609985000454e+06 4.635483400269999984e+05
2.795499879999999848e+02 4.831433579986999743e+06 4.635483400269999984e+05
2.795400089999999977e+02 4.831433589995999821e+06 4.635483900150000118e+05
2.795400089999999977e+02 4.831433609985000454e+06 4.635484000239999732e+05
2.796400150000000053e+02 4.831433630005000159e+06 4.635484299929999979e+05
2.794500120000000152e+02 4.831433609985000454e+06 4.635484099730000016e+05
2.798699950000000172e+02 4.831433589995999821e+06 4.635483900150000118e+05
2.795799870000000169e+02 4.831433549987999722e+06 4.635483599849999882e+05
2.795299989999999752e+02 4.831433619994999841e+06 4.635484699709999841e+05
2.794899899999999775e+02 4.831433609985000454e+06 4.635484799800000037e+05
2.796000060000000076e+02 4.831433589995999821e+06 4.635483699950000155e+05
2.795799870000000169e+02 4.831433570007000118e+06 4.635483900150000118e+05
2.796499939999999924e+02 4.831433630005000159e+06 4.635484400020000176e+05
2.795499879999999848e+02 4.831433640014999546e+06 4.635484600220000139e+05
2.795100100000000225e+02 4.831433619994999841e+06 4.635484600220000139e+05
2.795499879999999848e+02 4.831433670013000257e+06 4.635484799800000037e+05
2.795000000000000000e+02 4.831433649993999861e+06 4.635484799800000037e+05
2.794500120000000152e+02 4.831433630005000159e+06 4.635484799800000037e+05
2.795299989999999752e+02 4.831434350006000139e+06 4.635477500000000000e+05
2.794899899999999775e+02 4.831434309998000041e+06 4.635477199709999841e+05
2.796499939999999924e+02 4.831434290009000339e+06 4.635477500000000000e+05
2.793599849999999947e+02 4.831434239989999682e+06 4.635478499760000268e+05
2.794599910000000023e+02 4.831434320007000118e+06 4.635477299800000037e+05
2.794899899999999775e+02 4.831434309998000041e+06 4.635477199709999841e+05
2.795499879999999848e+02 4.831434339995999821e+06 4.635477000119999866e+05
2.793900150000000053e+02 4.831434290009000339e+06 4.635477100220000139e+05
2.794599910000000023e+02 4.831434329986999743e+06 4.635477100220000139e+05
2.793200069999999755e+02 4.831434339995999821e+06 4.635477199709999841e+05
2.793399959999999851e+02 4.831434309998000041e+06 4.635477100220000139e+05
2.793399959999999851e+02 4.831434299987999722e+06 4.635477100220000139e+05
2.795000000000000000e+02 4.831434299987999722e+06 4.635477000119999866e+05
2.793099980000000073e+02 4.831434299987999722e+06 4.635477399899999727e+05
2.793299870000000169e+02 4.831434260010000318e+06 4.635477899779999861e+05
2.793699950000000172e+02 4.831434299987999722e+06 4.635477199709999841e+05
2.794200129999999831e+02 4.831434299987999722e+06 4.635477000119999866e+05
2.795499879999999848e+02 4.831434329986999743e+06 4.635476799929999979e+05
2.793399959999999851e+02 4.831434279999000020e+06 4.635477700199999963e+05
2.794200129999999831e+02 4.831434309998000041e+06 4.635477100220000139e+05
2.793999939999999924e+02 4.831434329986999743e+06 4.635477000119999866e+05
2.794100040000000149e+02 4.831434320007000118e+06 4.635477000119999866e+05
2.794200129999999831e+02 4.831434309998000041e+06 4.635477299800000037e+05
2.794100040000000149e+02 4.831434309998000041e+06 4.635477399899999727e+05
2.793699950000000172e+02 4.831434290009000339e+06 4.635477600100000273e+05
2.794700010000000248e+02 4.831434309998000041e+06 4.635477000119999866e+05
2.793999939999999924e+02 4.831434320007000118e+06 4.635477199709999841e+05
2.793900150000000053e+02 4.831434359985000454e+06 4.635476699830000289e+05
2.793399959999999851e+02 4.831434290009000339e+06 4.635476900020000176e+05
2.794200129999999831e+02 4.831434269988999702e+06 4.635477199709999841e+05
2.794899899999999775e+02 4.831434309998000041e+06 4.635476799929999979e+05
2.793200069999999755e+02 4.831434269988999702e+06 4.635477800290000159e+05
2.794599910000000023e+02 4.831434320007000118e+06 4.635477000119999866e+05
2.793800049999999828e+02 4.831434299987999722e+06 4.635477399899999727e+05
2.794400019999999927e+02 4.831434339995999821e+06 4.635477199709999841e+05
2.793200069999999755e+02 4.831434250000000000e+06 4.635477800290000159e+05
2.793800049999999828e+02 4.831434359985000454e+06 4.635476699830000289e+05
2.794700010000000248e+02 4.831434309998000041e+06 4.635477100220000139e+05
2.795199890000000096e+02 4.831434339995999821e+06 4.635476699830000289e+05
2.793900150000000053e+02 4.831434350006000139e+06 4.635477000119999866e+05
2.794899899999999775e+02 4.831434329986999743e+06 4.635477100220000139e+05
2.794200129999999831e+02 4.831434320007000118e+06 4.635477399899999727e+05
2.794400019999999927e+02 4.831434299987999722e+06 4.635477199709999841e+05
2.793200069999999755e+02 4.831434339995999821e+06 4.635476900020000176e+05
2.793900150000000053e+02 4.831434279999000020e+06 4.635477399899999727e+05
2.793999939999999924e+02 4.831434299987999722e+06 4.635477000119999866e+05
2.794500120000000152e+02 4.831434320007000118e+06 4.635477000119999866e+05
2.793800049999999828e+02 4.831434299987999722e+06 4.635477199709999841e+05
2.794100040000000149e+02 4.831434320007000118e+06 4.635477100220000139e+05
2.794200129999999831e+02 4.831434339995999821e+06 4.635476799929999979e+05
2.793399959999999851e+02 4.831434230011000298e+06 4.635476300049999845e+05
2.793599849999999947e+02 4.831434279999000020e+06 4.635477700199999963e+05
2.794100040000000149e+02 4.831434309998000041e+06 4.635476799929999979e+05
2.793599849999999947e+02 4.831434329986999743e+06 4.635476400150000118e+05
2.794899899999999775e+02 4.831434290009000339e+06 4.635477299800000037e+05
2.795499879999999848e+02 4.831434320007000118e+06 4.635477000119999866e+05
2.794700010000000248e+02 4.831434290009000339e+06 4.635477299800000037e+05
2.793999939999999924e+02 4.831434320007000118e+06 4.635477199709999841e+05
2.794400019999999927e+02 4.831434309998000041e+06 4.635477399899999727e+05
2.793699950000000172e+02 4.831434279999000020e+06 4.635477299800000037e+05
2.795100100000000225e+02 4.831434200012000278e+06 4.635477600100000273e+05
2.795499879999999848e+02 4.831434200012000278e+06 4.635477399899999727e+05
2.795899959999999851e+02 4.831434339995999821e+06 4.635477000119999866e+05
2.795599980000000073e+02 4.831434320007000118e+06 4.635477100220000139e+05
2.793800049999999828e+02 4.831434320007000118e+06 4.635477399899999727e+05
2.793200069999999755e+02 4.831434260010000318e+06 4.635478300169999711e+05
2.802699890000000096e+02 4.831433529999000020e+06 4.635476599730000016e+05
2.801700129999999831e+02 4.831433630005000159e+06 4.635476099849999882e+05
2.802900089999999977e+02 4.831433579986999743e+06 4.635476300049999845e+05
2.802999879999999848e+02 4.831433640014999546e+06 4.635476099849999882e+05
2.802600100000000225e+02 4.831433630005000159e+06 4.635476199950000155e+05
2.802999879999999848e+02 4.831433619994999841e+06 4.635476300049999845e+05
2.802600100000000225e+02 4.831433640014999546e+06 4.635476199950000155e+05
2.802500000000000000e+02 4.831433660004000179e+06 4.635476099849999882e+05
2.802799989999999752e+02 4.831433649993999861e+06 4.635476199950000155e+05
2.802900089999999977e+02 4.831433630005000159e+06 4.635476199950000155e+05
2.802000120000000152e+02 4.831433589995999821e+06 4.635476199950000155e+05
2.802200010000000248e+02 4.831433589995999821e+06 4.635476500239999732e+05
2.802999879999999848e+02 4.831433600006000139e+06 4.635476500239999732e+05
2.802999879999999848e+02 4.831433570007000118e+06 4.635476500239999732e+05
2.802799989999999752e+02 4.831433559998000041e+06 4.635476599730000016e+05
2.802399899999999775e+02 4.831433540009000339e+06 4.635476900020000176e+05
2.802799989999999752e+02 4.831433589995999821e+06 4.635476400150000118e+05
2.802699890000000096e+02 4.831433600006000139e+06 4.635476199950000155e+05
2.802999879999999848e+02 4.831433679992999882e+06 4.635476300049999845e+05
2.802999879999999848e+02 4.831433660004000179e+06 4.635476199950000155e+05
2.802900089999999977e+02 4.831433679992999882e+06 4.635476199950000155e+05
