2.747399899999999775e+02 4.831431380005000159e+06 4.635480700070000021e+05
2.741799930000000245e+02 4.831431480011000298e+06 4.635480900269999984e+05
2.747099910000000023e+02 4.831431470000999980e+06 4.635480599979999824e+05
2.739599910000000023e+02 4.831431299987999722e+06 4.635480999760000268e+05
2.747999879999999848e+02 4.831431459990999661e+06 4.635479899899999727e+05
2.740899959999999851e+02 4.831431299987999722e+06 4.635480999760000268e+05
2.747699890000000096e+02 4.831431480011000298e+06 4.635480200199999963e+05
2.747699890000000096e+02 4.831431480011000298e+06 4.635479899899999727e+05
2.746400150000000053e+02 4.831431480011000298e+06 4.635480999760000268e+05
2.741799930000000245e+02 4.831431399993999861e+06 4.635478699950000155e+05
2.740400089999999977e+02 4.831431320007000118e+06 4.635480599979999824e+05
2.739899899999999775e+02 4.831431320007000118e+06 4.635480700070000021e+05
2.740499879999999848e+02 4.831431239989999682e+06 4.635480200199999963e+05
2.747500000000000000e+02 4.831431489989999682e+06 4.635479899899999727e+05
2.747999879999999848e+02 4.831431470000999980e+06 4.635479799800000037e+05
2.746900019999999927e+02 4.831431470000999980e+06 4.635480300290000159e+05
2.747300109999999904e+02 4.831431470000999980e+06 4.635480200199999963e+05
2.746400150000000053e+02 4.831431459990999661e+06 4.635480700070000021e+05
2.746900019999999927e+02 4.831431450012000278e+06 4.635480599979999824e+05
2.747099910000000023e+02 4.831431429992999882e+06 4.635480499880000134e+05
2.741300049999999828e+02 4.831431329986999743e+06 4.635480900269999984e+05
2.746400150000000053e+02 4.831431440001999959e+06 4.635480999760000268e+05
2.746700129999999831e+02 4.831431429992999882e+06 4.635480900269999984e+05
2.747099910000000023e+02 4.831431480011000298e+06 4.635480399779999861e+05
2.746400150000000053e+02 4.831431480011000298e+06 4.635480499880000134e+05
2.747000120000000152e+02 4.831431480011000298e+06 4.635480599979999824e+05
2.746300049999999828e+02 4.831431470000999980e+06 4.635480999760000268e+05
2.746499939999999924e+02 4.831431450012000278e+06 4.635480900269999984e+05
2.739899899999999775e+02 4.831431320007000118e+06 4.635480700070000021e+05
2.740000000000000000e+02 4.831431239989999682e+06 4.635480300290000159e+05
2.740599980000000073e+02 4.831431309998000041e+06 4.635480900269999984e+05
2.740000000000000000e+02 4.831431260010000318e+06 4.635480999760000268e+05
2.740400089999999977e+02 4.831431290009000339e+06 4.635480900269999984e+05
2.740000000000000000e+02 4.831431250000000000e+06 4.635480999760000268e+05
2.745899959999999851e+02 4.831431350006000139e+06 4.635480800169999711e+05
2.745400089999999977e+02 4.831431359985000454e+06 4.635480800169999711e+05
2.744599910000000023e+02 4.831431339995999821e+06 4.635480900269999984e+05
2.747600100000000225e+02 4.831431410004000179e+06 4.635479400020000176e+05
2.746600040000000149e+02 4.831431470000999980e+06 4.635480700070000021e+05
2.747000120000000152e+02 4.831431440001999959e+06 4.635480700070000021e+05
2.747099910000000023e+02 4.831431450012000278e+06 4.635480700070000021e+05
2.747200010000000248e+02 4.831431459990999661e+06 4.635480599979999824e+05
2.747099910000000023e+02 4.831431470000999980e+06 4.635480499880000134e+05
2.740799870000000169e+02 4.831431290009000339e+06 4.635480999760000268e+05
2.740599980000000073e+02 4.831431279999000020e+06 4.635480900269999984e+05
2.740700069999999755e+02 4.831431279999000020e+06 4.635480700070000021e+05
2.746400150000000053e+02 4.831431380005000159e+06 4.635480900269999984e+05
2.747000120000000152e+02 4.831431420013000257e+06 4.635480399779999861e+05
2.747300109999999904e+02 4.831431450012000278e+06 4.635480100100000273e+05
2.747500000000000000e+02 4.831431440001999959e+06 4.635480000000000000e+05
2.747799989999999752e+02 4.831431470000999980e+06 4.635479699709999841e+05
2.747799989999999752e+02 4.831431450012000278e+06 4.635479699709999841e+05
2.747500000000000000e+02 4.831431429992999882e+06 4.635479799800000037e+05
2.747600100000000225e+02 4.831431429992999882e+06 4.635479799800000037e+05
2.747799989999999752e+02 4.831431440001999959e+06 4.635479600220000139e+05
2.739800109999999904e+02 4.831431279999000020e+06 4.635480999760000268e+05
2.746600040000000149e+02 4.831431459990999661e+06 4.635480900269999984e+05
2.747699890000000096e+02 4.831431489989999682e+06 4.635480000000000000e+05
2.747399899999999775e+02 4.831431489989999682e+06 4.635480800169999711e+05
2.747000120000000152e+02 4.831431459990999661e+06 4.635480999760000268e+05
2.747799989999999752e+02 4.831431489989999682e+06 4.635480000000000000e+05
2.747099910000000023e+02 4.831431470000999980e+06 4.635480700070000021e+05
2.746799930000000245e+02 4.831431459990999661e+06 4.635480900269999984e+05
2.746199950000000172e+02 4.831431529999000020e+06 4.635480800169999711e+05
2.747900089999999977e+02 4.831431500000000000e+06 4.635479699709999841e+05
2.747200010000000248e+02 4.831431559998000041e+06 4.635480000000000000e+05
2.747000120000000152e+02 4.831431600006000139e+06 4.635479199830000289e+05
2.747600100000000225e+02 4.831431619994999841e+06 4.635478900150000118e+05
2.747000120000000152e+02 4.831431500000000000e+06 4.635480000000000000e+05
2.747799989999999752e+02 4.831431500000000000e+06 4.635479699709999841e+05
2.747699890000000096e+02 4.831431519988999702e+06 4.635479899899999727e+05
2.747699890000000096e+02 4.831431519988999702e+06 4.635479799800000037e+05
2.747399899999999775e+02 4.831431500000000000e+06 4.635480000000000000e+05
2.747200010000000248e+02 4.831431500000000000e+06 4.635480399779999861e+05
2.747200010000000248e+02 4.831431500000000000e+06 4.635480300290000159e+05
2.746700129999999831e+02 4.831431500000000000e+06 4.635480399779999861e+05
2.747799989999999752e+02 4.831431549987999722e+06 4.635479600220000139e+05
2.746300049999999828e+02 4.831431489989999682e+06 4.635480700070000021e+05
2.747699890000000096e+02 4.831431549987999722e+06 4.635479500119999866e+05
2.747999879999999848e+02 4.831431529999000020e+06 4.635479500119999866e+05
2.747600100000000225e+02 4.831431519988999702e+06 4.635479799800000037e+05
2.747900089999999977e+02 4.831431500000000000e+06 4.635479699709999841e+05
2.747500000000000000e+02 4.831431489989999682e+06 4.635480000000000000e+05
2.747999879999999848e+02 4.831431549987999722e+06 4.635479400020000176e+05
2.747600100000000225e+02 4.831431529999000020e+06 4.635479799800000037e+05
2.747900089999999977e+02 4.831431510010000318e+06 4.635479699709999841e+05
2.747000120000000152e+02 4.831431500000000000e+06 4.635480100100000273e+05
2.747500000000000000e+02 4.831431489989999682e+06 4.635480100100000273e+05
2.747799989999999752e+02 4.831431540009000339e+06 4.635479199830000289e+05
2.747500000000000000e+02 4.831431489989999682e+06 4.635480000000000000e+05
2.746499939999999924e+02 4.831431489989999682e+06 4.635480499880000134e+05
2.747300109999999904e+02 4.831431489989999682e+06 4.635480200199999963e+05
2.747500000000000000e+02 4.831431529999000020e+06 4.635479799800000037e+05
2.747399899999999775e+02 4.831431500000000000e+06 4.635480200199999963e+05
2.747900089999999977e+02 4.831431529999000020e+06 4.635479699709999841e+05
2.747600100000000225e+02 4.831431489989999682e+06 4.635480100100000273e+05
2.747699890000000096e+02 4.831431540009000339e+06 4.635479699709999841e+05
2.747500000000000000e+02 4.831431500000000000e+06 4.635480100100000273e+05
2.747099910000000023e+02 4.831431500000000000e+06 4.635480200199999963e+05
2.741400150000000053e+02 4.831431489989999682e+06 4.635480599979999824e+05
2.746600040000000149e+02 4.831431549987999722e+06 4.635479299929999979e+05
2.747699890000000096e+02 4.831431510010000318e+06 4.635479799800000037e+05
2.747799989999999752e+02 4.831431500000000000e+06 4.635480000000000000e+05
2.745899959999999851e+02 4.831431589995999821e+06 4.635479199830000289e+05
2.747999879999999848e+02 4.831431529999000020e+06 4.635479899899999727e+05
2.747900089999999977e+02 4.831431529999000020e+06 4.635480000000000000e+05
2.747699890000000096e+02 4.831431510010000318e+06 4.635480300290000159e+05
2.747399899999999775e+02 4.831431489989999682e+06 4.635480599979999824e+05
2.747200010000000248e+02 4.831431540009000339e+06 4.635479899899999727e+05
2.747500000000000000e+02 4.831431529999000020e+06 4.635480100100000273e+05
2.747500000000000000e+02 4.831431519988999702e+06 4.635480300290000159e+05
2.747900089999999977e+02 4.831431500000000000e+06 4.635478800049999845e+05
2.747600100000000225e+02 4.831431510010000318e+06 4.635479699709999841e+05
2.741199950000000172e+02 4.831431510010000318e+06 4.635480700070000021e+05
2.741300049999999828e+02 4.831431510010000318e+06 4.635480999760000268e+05
2.747900089999999977e+02 4.831431529999000020e+06 4.635479899899999727e+05
2.747399899999999775e+02 4.831431500000000000e+06 4.635480300290000159e+05
