463549.539978 4831430.459991 280.299988
463549.530029 4831430.459991 280.089996
463549.130005 4831430.790009 279.679993
463549.059998 4831430.839996 279.799988
463549.049988 4831430.910004 279.940002
463549.030029 4831430.880005 280.019989
463549.030029 4831430.869995 280.079987
463549.030029 4831430.869995 280.140015
463548.900024 4831431.000000 279.910004
463549.150024 4831430.750000 279.850006
463549.099976 4831430.779999 280.269989
463549.150024 4831430.750000 279.720001
463549.130005 4831430.779999 279.679993
463549.030029 4831430.869995 280.170013
463549.010010 4831430.859985 280.279999
463549.030029 4831430.799988 279.619995
463549.000000 4831430.839996 279.920013
463549.000000 4831430.850006 279.959991
463548.989990 4831430.850006 280.019989
463548.989990 4831430.869995 280.059998
463549.000000 4831430.890015 280.089996
463549.000000 4831430.929993 280.230011
463548.950012 4831430.769989 279.450012
463548.950012 4831430.779999 279.489990
463548.950012 4831430.790009 279.540009
463548.950012 4831430.799988 279.579987
463548.940002 4831430.809998 279.630005
463548.940002 4831430.820007 279.670013
463548.940002 4831430.829987 279.720001
463548.960022 4831430.869995 279.790009
463548.940002 4831430.869995 279.859985
463548.900024 4831430.779999 279.339996
463548.890015 4831430.799988 279.429993
463548.900024 4831430.809998 279.470001
463548.900024 4831430.829987 279.519989
463548.919983 4831430.869995 279.529999
463548.950012 4831430.910004 279.529999
463548.950012 4831430.920013 279.570007
463548.820007 4831430.970001 279.989990
463549.000000 4831430.850006 280.220001
463549.000000 4831430.859985 280.269989
463548.969971 4831430.809998 279.940002
463548.969971 4831430.820007 279.980011
463548.969971 4831430.839996 280.029999
463548.969971 4831430.850006 280.079987
463548.969971 4831430.880005 280.119995
463549.020020 4831430.950012 280.170013
463548.950012 4831430.809998 279.820007
463548.950012 4831430.829987 279.850006
463548.950012 4831430.839996 279.890015
463548.940002 4831430.850006 279.940002
463548.940002 4831430.859985 279.980011
463548.940002 4831430.880005 280.019989
463548.929993 4831430.760010 279.570007
463548.940002 4831430.779999 279.589996
463548.929993 4831430.799988 279.640015
463548.929993 4831430.809998 279.670013
463548.900024 4831430.850006 279.880005
463548.909973 4831430.739990 279.410004
463548.919983 4831430.760010 279.440002
463548.909973 4831430.769989 279.489990
463548.900024 4831430.779999 279.549988
463548.900024 4831430.799988 279.589996
463548.880005 4831430.799988 279.649994
463548.880005 4831430.820007 279.700012
463548.869995 4831430.739990 279.359985
463548.890015 4831430.769989 279.380005
463548.880005 4831430.779999 279.420013
463548.890015 4831430.799988 279.450012
463548.919983 4831430.839996 279.450012
463548.950012 4831430.910004 279.540009
463548.859985 4831430.769989 279.309998
463548.859985 4831430.779999 279.359985
463548.840027 4831430.820007 279.339996
463548.830017 4831430.970001 279.720001
463548.919983 4831430.950012 279.959991
463548.909973 4831430.940002 279.899994
463548.900024 4831430.869995 279.619995
463548.969971 4831430.920013 279.839996
463548.919983 4831430.829987 279.640015
463548.969971 4831430.799988 279.589996
463548.960022 4831430.769989 279.459991
463548.940002 4831430.720001 279.369995
463548.940002 4831430.709991 279.309998
463549.010010 4831430.850006 279.890015
463548.989990 4831430.799988 279.739990
463548.989990 4831430.790009 279.690002
463548.989990 4831430.790009 279.640015
463548.979980 4831430.769989 279.600006
463548.989990 4831430.750000 279.489990
463548.979980 4831430.730011 279.470001
463549.039978 4831430.869995 280.079987
463549.030029 4831430.829987 280.019989
463549.030029 4831430.820007 279.980011
463549.020020 4831430.809998 279.929993
463549.020020 4831430.799988 279.880005
463549.020020 4831430.779999 279.839996
463549.020020 4831430.779999 279.790009
463549.020020 4831430.769989 279.760010
463549.020020 4831430.760010 279.709991
463549.030029 4831430.760010 279.640015
463549.030029 4831430.750000 279.600006
463549.020020 4831430.730011 279.570007
463549.020020 4831430.820007 280.269989
463549.049988 4831430.829987 280.179993
463549.049988 4831430.820007 280.140015
463549.049988 4831430.809998 280.089996
463549.049988 4831430.799988 280.049988
463549.049988 4831430.799988 279.989990
463549.049988 4831430.790009 279.940002
463549.059998 4831430.790009 279.880005
463549.070007 4831430.779999 279.769989
463549.070007 4831430.750000 279.579987
463549.080017 4831430.820007 280.220001
463549.080017 4831430.809998 280.179993
463549.080017 4831430.799988 280.119995
463549.080017 4831430.799988 280.079987
463549.080017 4831430.779999 280.040009
463549.099976 4831430.760010 279.769989
463549.109985 4831430.739990 279.600006
463549.130005 4831430.799988 280.220001
463549.109985 4831430.769989 280.200012
463549.150024 4831430.739990 279.799988
463549.130005 4831430.700012 279.640015
463549.200012 4831430.730011 279.799988
463549.200012 4831430.709991 279.660004
463549.049988 4831430.869995 280.070007
463549.049988 4831430.869995 280.000000
463549.020020 4831430.839996 279.950012
463549.030029 4831430.850006 279.890015
463549.000000 4831430.820007 279.660004
463548.979980 4831430.790009 279.579987
463548.979980 4831430.809998 279.500000
463549.070007 4831430.809998 279.980011
463549.070007 4831430.820007 279.910004
463549.059998 4831430.799988 279.880005
463549.049988 4831430.790009 279.839996
463549.049988 4831430.790009 279.779999
463549.049988 4831430.790009 279.720001
463549.039978 4831430.779999 279.609985
463549.030029 4831430.779999 279.549988
463549.039978 4831430.850006 280.109985
463549.030029 4831430.839996 280.059998
463549.030029 4831430.850006 280.000000
463549.140015 4831430.850006 280.290009
463549.109985 4831430.859985 280.130005
463549.080017 4831430.809998 280.079987
463548.969971 4831430.790009 279.549988
463548.950012 4831430.779999 279.450012
463549.000000 4831430.760010 279.480011
463548.989990 4831430.760010 279.429993
463548.979980 4831430.750000 279.380005
463548.900024 4831430.760010 279.329987
463548.919983 4831430.799988 279.309998
463548.919983 4831430.799988 279.380005
463548.919983 4831430.779999 279.470001
463548.919983 4831430.779999 279.529999
463548.979980 4831430.859985 280.260010
463548.859985 4831430.779999 279.309998
463548.869995 4831430.809998 279.320007
463548.880005 4831430.820007 279.450012
463548.890015 4831430.829987 279.480011
463548.859985 4831430.899994 279.660004
463549.030029 4831430.820007 280.250000
463549.000000 4831430.839996 280.140015
463548.979980 4831430.839996 280.239990
463548.989990 4831430.850006 280.019989
463548.979980 4831430.850006 280.089996
463548.969971 4831430.859985 280.170013
463548.979980 4831430.869995 280.200012
463548.969971 4831430.829987 279.890015
463548.969971 4831430.839996 279.950012
463548.950012 4831430.850006 280.100006
463548.960022 4831430.869995 280.140015
463548.950012 4831430.790009 279.619995
463548.950012 4831430.839996 279.859985
463548.940002 4831430.839996 279.920013
463548.940002 4831430.850006 279.980011
463548.940002 4831430.869995 280.000000
463548.929993 4831430.869995 280.100006
463548.919983 4831430.769989 279.500000
463548.929993 4831430.790009 279.529999
463548.919983 4831430.799988 279.589996
463548.929993 4831430.809998 279.630005
463548.919983 4831430.809998 279.709991
463548.919983 4831430.850006 279.850006
463548.919983 4831430.880005 279.950012
463548.909973 4831430.790009 279.470001
463548.900024 4831430.799988 279.529999
463548.900024 4831430.809998 279.579987
463548.900024 4831430.820007 279.640015
463548.900024 4831430.829987 279.679993
463548.909973 4831430.859985 279.709991
463548.909973 4831430.869995 279.779999
463548.909973 4831430.880005 279.829987
463548.859985 4831430.769989 279.339996
463548.859985 4831430.779999 279.399994
463548.859985 4831430.799988 279.429993
463548.859985 4831430.809998 279.480011
463548.869995 4831430.829987 279.510010
463548.900024 4831430.869995 279.480011
463548.890015 4831430.880005 279.540009
463548.940002 4831430.940002 279.450012
463548.929993 4831430.970001 279.670013
463548.830017 4831430.829987 279.329987
463548.840027 4831430.850006 279.359985
463548.840027 4831430.910004 279.630005
463548.830017 4831430.970001 279.890015
463548.840027 4831430.989990 279.910004
463549.200012 4831430.690002 279.869995
463549.119995 4831430.709991 279.859985
463549.099976 4831430.769989 279.820007
463548.989990 4831430.829987 280.250000
463548.950012 4831430.809998 280.089996
463548.960022 4831430.829987 280.100006
463548.950012 4831430.850006 280.149994
463548.950012 4831430.869995 280.190002
463548.960022 4831430.890015 280.220001
463548.969971 4831430.910004 280.220001
463548.950012 4831430.809998 279.920013
463548.929993 4831430.839996 280.019989
463548.929993 4831430.890015 280.100006
463548.940002 4831430.910004 280.119995
463548.909973 4831430.839996 279.880005
463548.909973 4831430.850006 279.920013
463548.900024 4831430.779999 279.700012
463548.919983 4831430.809998 279.709991
463548.890015 4831430.839996 279.850006
463548.880005 4831430.790009 279.630005
463548.890015 4831430.809998 279.660004
463548.900024 4831430.839996 279.679993
463548.880005 4831430.790009 279.589996
463548.880005 4831430.809998 279.619995
463548.880005 4831430.829987 279.649994
463548.880005 4831430.850006 279.690002
463548.869995 4831430.829987 279.600006
463548.880005 4831430.850006 279.630005
463548.929993 4831430.880005 279.420013
463548.929993 4831430.899994 279.480011
463548.809998 4831430.970001 279.940002
463548.809998 4831430.989990 279.980011
463548.909973 4831430.929993 279.480011
463548.780029 4831431.000000 279.980011
463548.820007 4831430.799988 279.350006
463548.859985 4831430.760010 279.339996
463548.989990 4831430.839996 280.239990
463548.859985 4831430.980011 279.890015
463548.989990 4831430.929993 280.250000
463548.960022 4831430.890015 280.220001
463548.890015 4831430.940002 279.820007
463548.820007 4831430.910004 279.619995
463549.030029 4831430.850006 280.290009
463549.010010 4831430.850006 280.200012
463548.979980 4831430.850006 280.089996
463548.960022 4831430.859985 279.980011
463548.929993 4831430.859985 279.869995
463549.179993 4831431.010010 280.160004
463549.010010 4831430.940002 279.670013
463548.940002 4831430.809998 279.709991
463548.919983 4831430.799988 279.660004
463549.020020 4831430.829987 280.260010
463548.960022 4831430.910004 280.299988
463548.929993 4831430.899994 280.209991
463548.950012 4831430.920013 280.230011
463548.940002 4831430.910004 280.209991
463548.950012 4831430.940002 280.239990
463548.929993 4831430.899994 280.220001
463548.950012 4831430.940002 280.260010
463548.940002 4831430.910004 280.230011
463548.950012 4831430.940002 280.269989
463548.940002 4831430.899994 280.239990
463548.950012 4831430.929993 280.260010
463548.940002 4831430.899994 280.250000
463548.950012 4831430.929993 280.279999
463548.940002 4831430.899994 280.299988
463548.950012 4831430.920013 280.299988
463548.940002 4831430.920013 280.269989
463548.950012 4831430.899994 280.260010
463548.969971 4831430.959991 280.290009
463548.950012 4831430.950012 280.269989
463549.020020 4831430.820007 280.250000
463549.020020 4831430.829987 280.269989
463549.109985 4831430.809998 279.709991
463549.080017 4831430.799988 279.690002
463549.090027 4831430.820007 279.709991
463548.929993 4831430.929993 280.160004
463548.890015 4831430.850006 279.769989
463548.900024 4831430.890015 279.850006
463548.909973 4831430.940002 279.980011
463548.869995 4831430.859985 279.730011
463548.880005 4831430.899994 279.820007
463548.830017 4831430.829987 279.359985
463548.849976 4831430.880005 279.390015
463548.859985 4831430.929993 279.489990
463548.809998 4831430.890015 279.380005
463548.940002 4831430.940002 280.279999
463548.919983 4831431.019989 279.470001
463548.840027 4831430.980011 279.890015
463548.880005 4831430.850006 279.500000
463548.869995 4831430.920013 279.809998
463548.919983 4831430.890015 279.820007
463548.960022 4831430.899994 279.970001
463548.960022 4831430.910004 280.049988
463548.950012 4831430.920013 280.130005
463548.929993 4831430.890015 280.140015
463549.010010 4831430.790009 279.670013
463549.010010 4831430.809998 279.809998
463549.150024 4831430.760010 279.769989
463548.820007 4831431.010010 279.910004
463548.919983 4831430.829987 279.399994
463548.909973 4831430.809998 279.429993
463548.979980 4831430.890015 279.880005
463548.979980 4831430.880005 279.950012
463549.080017 4831430.790009 279.829987
463549.159973 4831430.799988 279.760010
463549.130005 4831430.739990 279.839996
463549.200012 4831430.720001 279.890015
463548.820007 4831431.019989 279.880005
463548.849976 4831430.970001 279.839996
463548.940002 4831430.970001 280.239990
463548.830017 4831430.910004 279.600006
463548.950012 4831430.950012 279.980011
463548.960022 4831430.950012 280.079987
463548.989990 4831430.950012 280.209991
463549.010010 4831430.950012 280.299988
463548.940002 4831430.910004 279.739990
463548.890015 4831430.869995 279.369995
463548.909973 4831430.869995 279.459991
463548.940002 4831430.850006 279.630005
463549.049988 4831430.799988 280.269989
463549.030029 4831430.809998 279.630005
463549.190002 4831430.799988 279.790009
463549.159973 4831430.739990 279.859985
463549.010010 4831430.829987 279.609985
463548.929993 4831430.850006 279.359985
463548.929993 4831430.920013 279.609985
463548.919983 4831430.899994 279.529999
463548.909973 4831430.899994 279.459991
463548.880005 4831430.920013 279.470001
463548.849976 4831430.890015 279.350006
463549.010010 4831430.959991 280.209991
463549.010010 4831430.950012 280.140015
463549.010010 4831430.940002 280.079987
463548.940002 4831430.940002 280.070007
463548.950012 4831430.940002 280.029999
463548.960022 4831430.940002 279.980011
463548.960022 4831430.940002 279.929993
463548.909973 4831430.899994 279.600006
463548.919983 4831430.899994 279.540009
463548.909973 4831430.869995 279.440002
463548.919983 4831430.859985 279.380005
463548.869995 4831430.890015 279.529999
463548.880005 4831430.899994 279.500000
463548.880005 4831430.869995 279.410004
463548.890015 4831430.890015 279.390015
463548.830017 4831431.029999 279.910004
463548.799988 4831431.049988 279.980011
463548.809998 4831431.059998 279.940002
463549.090027 4831430.820007 279.809998
463549.119995 4831430.820007 279.709991
463548.989990 4831430.980011 280.279999
463549.000000 4831430.959991 280.220001
463548.940002 4831430.980011 280.250000
463548.960022 4831430.989990 280.209991
463548.969971 4831430.970001 280.130005
463548.989990 4831430.950012 280.059998
463548.950012 4831430.970001 280.089996
463548.960022 4831430.950012 280.019989
463548.979980 4831430.950012 279.959991
463549.020020 4831430.829987 279.609985
463548.940002 4831430.970001 280.000000
463548.950012 4831430.959991 279.940002
463548.929993 4831430.970001 279.980011
463548.940002 4831430.959991 279.920013
463548.950012 4831430.920013 279.820007
463548.890015 4831430.950012 279.920013
463548.900024 4831430.950012 279.890015
463548.929993 4831430.950012 279.779999
463548.940002 4831430.929993 279.700012
463548.960022 4831430.950012 279.670013
463548.880005 4831430.950012 279.769989
463548.840027 4831430.910004 279.619995
463548.859985 4831430.929993 279.600006
463548.890015 4831430.890015 279.410004
463548.909973 4831430.880005 279.359985
463548.840027 4831430.910004 279.359985
463548.780029 4831431.000000 279.940002
463548.809998 4831430.850006 279.339996
463548.809998 4831430.850006 279.390015
463548.809998 4831430.959991 279.869995
463548.869995 4831430.859985 279.390015
463548.859985 4831430.859985 279.429993
463548.859985 4831430.869995 279.489990
463548.909973 4831430.850006 279.470001
463548.900024 4831430.850006 279.510010
463548.900024 4831430.929993 279.950012
463548.890015 4831430.929993 280.010010
463548.890015 4831430.929993 280.059998
463548.940002 4831430.890015 279.850006
463548.950012 4831430.929993 279.950012
463548.940002 4831430.920013 279.980011
463548.940002 4831430.929993 280.040009
463548.940002 4831430.929993 280.089996
463548.929993 4831430.940002 280.149994
463548.929993 4831430.940002 280.209991
463548.919983 4831430.929993 280.250000
463548.989990 4831430.920013 280.149994
463548.979980 4831430.920013 280.209991
463548.979980 4831430.929993 280.269989
463549.099976 4831430.790009 279.739990
463548.809998 4831431.029999 279.910004
463548.849976 4831430.890015 279.359985
463548.859985 4831430.890015 279.480011
463548.859985 4831430.890015 279.540009
463548.900024 4831430.940002 279.809998
463548.880005 4831430.850006 279.309998
463548.890015 4831430.859985 279.380005
463548.890015 4831430.859985 279.429993
463548.900024 4831430.869995 279.510010
463548.960022 4831430.929993 279.920013
463548.969971 4831430.940002 280.029999
463548.969971 4831430.929993 280.079987
463549.099976 4831430.779999 279.820007
463548.919983 4831430.959991 280.000000
463548.940002 4831430.970001 280.070007
463548.969971 4831430.959991 280.239990
463548.960022 4831430.950012 280.269989
463548.960022 4831430.980011 279.859985
463548.950012 4831430.950012 279.929993
463548.960022 4831430.940002 279.980011
463548.969971 4831430.940002 280.040009
463548.979980 4831430.940002 280.100006
463548.989990 4831430.940002 280.160004
463548.859985 4831430.880005 279.359985
463548.909973 4831430.899994 279.559998
463548.960022 4831430.929993 279.660004
463548.960022 4831430.910004 279.750000
463548.969971 4831430.899994 279.869995
463548.969971 4831430.890015 279.920013
463548.989990 4831430.890015 279.980011
463548.919983 4831430.839996 279.630005
463548.929993 4831430.869995 279.790009
463548.950012 4831430.890015 280.130005
463548.880005 4831430.859985 279.779999
463548.900024 4831430.890015 280.000000
463548.900024 4831430.910004 280.089996
463548.820007 4831430.829987 279.380005
463548.820007 4831430.850006 279.440002
463548.820007 4831430.869995 279.500000
463548.830017 4831430.880005 279.609985
463548.830017 4831430.910004 279.630005
463548.780029 4831431.019989 279.910004
463548.789978 4831431.040009 279.970001
463548.789978 4831431.070007 280.000000
463548.929993 4831430.959991 280.209991
463548.859985 4831430.799988 279.380005
463548.840027 4831430.829987 279.339996
463548.840027 4831430.820007 279.529999
463548.820007 4831430.839996 279.339996
463548.809998 4831430.839996 279.470001
463548.830017 4831430.820007 279.549988
463548.849976 4831430.809998 279.399994
463548.859985 4831430.769989 279.309998
463548.830017 4831430.839996 279.309998
463548.849976 4831430.829987 279.339996
463548.859985 4831430.820007 279.529999
463548.919983 4831430.859985 279.859985
463548.969971 4831430.839996 279.850006
463548.929993 4831430.850006 279.950012
463549.109985 4831430.779999 279.809998
463549.179993 4831430.750000 279.859985
463549.200012 4831430.739990 279.890015
463548.979980 4831430.929993 280.049988
463548.969971 4831430.929993 280.119995
463548.890015 4831430.880005 279.369995
463548.900024 4831430.929993 279.899994
463548.919983 4831430.920013 279.929993
463548.919983 4831430.929993 279.980011
463548.919983 4831430.929993 280.040009
463548.929993 4831430.929993 280.079987
463548.940002 4831430.929993 280.130005
463548.950012 4831430.929993 280.170013
463548.950012 4831430.940002 280.230011
463548.969971 4831430.929993 280.279999
463548.919983 4831430.859985 280.040009
463548.929993 4831430.869995 280.089996
463548.820007 4831430.880005 279.600006
463548.859985 4831430.850006 279.589996
463548.869995 4831430.850006 279.630005
463548.880005 4831430.859985 279.670013
463548.880005 4831430.890015 279.760010
463548.880005 4831430.899994 279.820007
463548.900024 4831430.890015 279.839996
463548.909973 4831430.899994 279.899994
463548.919983 4831430.910004 279.950012
463548.929993 4831430.920013 280.010010
463548.950012 4831430.910004 280.040009
463548.840027 4831430.880005 279.540009
463548.869995 4831430.859985 279.570007
463548.880005 4831430.869995 279.619995
463548.880005 4831430.920013 279.769989
463548.880005 4831430.940002 279.839996
463548.919983 4831430.899994 279.820007
463548.929993 4831430.910004 279.869995
463548.929993 4831430.920013 279.920013
463548.950012 4831430.920013 279.959991
463548.960022 4831430.920013 280.010010
463548.989990 4831430.899994 280.010010
463549.109985 4831430.769989 279.850006
463548.820007 4831430.910004 279.559998
463548.859985 4831430.880005 279.549988
463548.880005 4831430.869995 279.579987
463548.890015 4831430.880005 279.640015
463548.900024 4831430.880005 279.690002
463548.880005 4831430.940002 279.820007
463548.909973 4831430.910004 279.809998
463548.929993 4831430.899994 279.839996
463548.929993 4831430.920013 279.899994
463548.950012 4831430.920013 279.940002
463548.950012 4831430.929993 280.000000
463548.989990 4831430.899994 279.989990
463548.849976 4831430.869995 279.549988
463548.869995 4831430.869995 279.589996
463548.880005 4831430.869995 279.640015
463548.890015 4831430.880005 279.690002
463548.900024 4831430.910004 279.799988
463548.909973 4831430.899994 279.839996
463548.919983 4831430.920013 279.899994
463548.929993 4831430.920013 279.950012
463548.940002 4831430.940002 280.010010
463548.960022 4831430.929993 280.040009
463548.840027 4831430.920013 279.609985
463548.890015 4831430.869995 279.570007
463548.909973 4831430.890015 279.690002
463548.919983 4831430.920013 279.809998
463548.940002 4831430.920013 279.839996
463548.960022 4831430.910004 279.910004
463549.000000 4831430.899994 279.970001
463548.849976 4831430.899994 279.459991
463548.909973 4831430.880005 279.559998
463549.059998 4831430.799988 279.670013
463549.130005 4831430.760010 279.730011
463548.919983 4831430.899994 279.579987
463549.150024 4831430.769989 279.730011
463548.919983 4831430.890015 279.529999
463549.130005 4831430.779999 279.730011
463549.150024 4831430.769989 279.750000
463548.960022 4831430.880005 280.079987
463548.940002 4831430.880005 280.040009
463548.929993 4831430.880005 279.980011
463548.919983 4831430.880005 279.929993
463548.919983 4831430.859985 279.829987
463548.909973 4831430.869995 279.790009
463548.880005 4831430.880005 279.720001
463548.890015 4831430.820007 279.359985
463548.940002 4831430.850006 280.119995
463548.919983 4831430.859985 280.089996
463548.909973 4831430.859985 280.040009
463548.909973 4831430.850006 279.980011
463548.890015 4831430.839996 279.790009
463548.890015 4831430.829987 279.709991
463548.869995 4831430.829987 279.670013
463548.859985 4831430.829987 279.609985
463548.909973 4831430.850006 280.179993
463548.890015 4831430.839996 279.989990
463548.880005 4831430.809998 279.700012
463548.869995 4831430.799988 279.589996
463548.830017 4831430.799988 279.420013
463548.789978 4831430.820007 279.380005
463548.849976 4831430.799988 279.589996
463548.820007 4831430.809998 279.459991
463548.830017 4831430.779999 279.339996
463548.789978 4831430.820007 279.380005
463548.809998 4831430.769989 279.309998
463548.960022 4831430.869995 279.489990
463548.960022 4831430.880005 279.429993
463548.950012 4831430.820007 279.880005
463549.200012 4831430.649994 279.850006
463548.919983 4831430.809998 279.910004
463548.940002 4831430.750000 279.739990
463548.919983 4831430.769989 279.720001
463548.900024 4831430.779999 279.690002
463548.909973 4831430.779999 279.609985
463548.880005 4831430.799988 279.600006
463548.869995 4831430.809998 279.570007
463548.890015 4831430.730011 279.549988
463548.880005 4831430.739990 279.519989
463549.010010 4831430.809998 280.279999
463549.010010 4831430.829987 280.220001
463549.000000 4831430.839996 280.190002
463549.000000 4831430.850006 280.140015
463549.000000 4831430.769989 280.130005
463548.989990 4831430.790009 280.089996
463548.979980 4831430.799988 280.059998
463548.969971 4831430.820007 280.010010
463548.969971 4831430.839996 279.890015
463548.969971 4831430.760010 279.950012
463548.969971 4831430.779999 279.899994
463548.950012 4831430.790009 279.869995
463548.950012 4831430.809998 279.820007
463549.169983 4831430.700012 279.589996
463548.950012 4831430.760010 279.779999
463548.890015 4831430.700012 279.380005
463548.859985 4831430.709991 279.369995
463548.849976 4831430.839996 279.329987
463548.869995 4831430.890015 279.519989
463548.880005 4831430.869995 279.589996
463548.950012 4831430.899994 280.250000
463549.000000 4831430.869995 280.239990
463549.020020 4831430.850006 280.260010
463548.909973 4831430.950012 279.790009
463548.950012 4831430.970001 280.140015
463548.969971 4831430.970001 280.239990
463548.929993 4831430.929993 280.179993
463548.950012 4831430.940002 280.239990
463548.960022 4831430.959991 280.059998
463548.989990 4831430.910004 279.940002
463549.099976 4831430.820007 279.880005
463548.880005 4831430.809998 279.440002
463548.950012 4831430.839996 280.079987
463549.130005 4831430.769989 279.750000
463549.000000 4831430.790009 280.269989
463548.979980 4831430.809998 280.230011
463548.950012 4831430.839996 280.059998
463548.929993 4831430.839996 280.160004
463548.909973 4831430.850006 280.200012
463548.849976 4831430.929993 279.829987
463549.169983 4831430.679993 279.839996
463549.119995 4831430.709991 279.859985
463549.080017 4831430.739990 279.799988
463549.049988 4831430.750000 279.869995
463548.929993 4831430.820007 279.869995
463548.890015 4831430.850006 279.850006
463548.869995 4831430.790009 279.540009
463548.840027 4831430.809998 279.529999
463548.869995 4831430.760010 279.459991
463548.849976 4831430.760010 279.489990
463548.830017 4831430.790009 279.440002
463548.890015 4831430.799988 279.500000
463548.909973 4831430.790009 279.450012
463548.919983 4831430.790009 279.410004
463548.940002 4831430.779999 279.369995
463548.950012 4831430.820007 279.720001
463548.960022 4831430.820007 279.690002
463548.969971 4831430.820007 279.630005
463548.979980 4831430.809998 279.589996
463549.030029 4831430.829987 280.149994
463549.059998 4831430.809998 280.160004
463549.200012 4831430.750000 279.779999
463548.950012 4831430.779999 279.459991
463548.940002 4831430.779999 279.350006
463549.039978 4831430.859985 280.049988
463549.020020 4831430.839996 279.730011
463549.010010 4831430.829987 279.609985
463548.969971 4831430.839996 279.450012
463548.960022 4831430.829987 279.350006
463549.150024 4831430.760010 279.709991
463549.059998 4831430.799988 280.239990
463549.030029 4831430.850006 280.100006
463548.989990 4831430.910004 279.980011
463549.010010 4831430.890015 279.940002
463549.030029 4831430.880005 279.929993
463548.979980 4831430.829987 279.670013
463548.969971 4831430.809998 279.589996
463548.960022 4831430.790009 279.510010
463548.950012 4831430.779999 279.429993
463548.969971 4831430.880005 279.519989
463548.929993 4831430.859985 279.380005
463548.950012 4831430.850006 279.369995
463548.950012 4831430.829987 279.320007
463549.479980 4831430.549988 280.100006
463549.460022 4831430.579987 280.040009
463549.400024 4831430.589996 280.000000
463549.359985 4831430.630005 279.959991
463549.299988 4831430.649994 279.929993
463549.250000 4831430.660004 279.880005
463549.270020 4831430.690002 279.899994
463549.229980 4831430.700012 279.820007
463549.250000 4831430.709991 279.739990
463549.450012 4831430.559998 280.010010
463549.440002 4831430.540009 279.980011
463549.500000 4831430.519989 280.049988
463549.549988 4831430.489990 280.070007
463549.239990 4831430.989990 279.829987
463549.299988 4831430.670013 279.880005
463549.369995 4831430.660004 279.890015
463549.489990 4831430.540009 280.019989
463549.460022 4831430.510010 280.109985
463549.380005 4831430.589996 279.989990
463549.359985 4831430.600006 279.970001
463549.349976 4831430.630005 279.920013
463549.260010 4831430.670013 279.869995
463549.250000 4831430.679993 279.929993
463549.440002 4831430.549988 280.059998
463549.489990 4831430.529999 280.109985
463549.469971 4831430.500000 280.140015
463549.309998 4831430.649994 279.910004
463549.380005 4831430.640015 279.890015
463549.460022 4831430.559998 280.079987
463549.340027 4831430.649994 279.989990
463549.289978 4831430.679993 279.959991
463549.289978 4831430.690002 279.950012
463549.289978 4831430.679993 279.959991
463549.280029 4831430.690002 279.950012
463549.280029 4831430.670013 279.940002
463549.390015 4831430.609985 280.040009
463549.380005 4831430.589996 280.049988
463549.400024 4831430.579987 280.049988
463549.460022 4831430.529999 280.119995
463549.260010 4831430.690002 279.920013
463549.409973 4831430.600006 280.040009
463549.460022 4831430.579987 280.079987
463549.219971 4831430.709991 279.890015
463549.479980 4831430.570007 280.130005
463549.440002 4831430.619995 280.049988
463549.359985 4831430.670013 279.970001
463549.559998 4831430.480011 280.220001
463549.500000 4831430.549988 280.130005
463549.450012 4831430.589996 280.109985
463549.460022 4831430.589996 280.070007
463549.210022 4831430.809998 279.940002
463549.320007 4831430.630005 279.989990
463549.369995 4831430.640015 280.049988
463549.440002 4831430.570007 280.140015
463549.250000 4831430.709991 279.929993
463549.289978 4831430.670013 279.940002
463549.340027 4831430.640015 279.980011
463549.380005 4831430.619995 280.000000
463549.419983 4831430.609985 280.029999
463549.400024 4831430.589996 280.070007
463549.440002 4831430.579987 280.070007
463549.440002 4831430.579987 280.119995
463549.460022 4831430.529999 280.160004
463549.349976 4831430.660004 279.970001
463549.440002 4831430.589996 280.109985
463549.250000 4831430.720001 279.929993
463549.250000 4831430.709991 279.980011
463549.289978 4831430.660004 279.959991
463549.239990 4831430.690002 279.910004
463549.270020 4831430.690002 279.970001
463549.229980 4831430.720001 279.940002
463549.219971 4831430.970001 279.929993
463549.450012 4831430.519989 279.989990
463549.299988 4831430.619995 279.890015
463549.429993 4831430.600006 280.100006
463549.219971 4831430.750000 279.899994
463549.320007 4831430.640015 279.950012
463549.250000 4831430.690002 279.910004
463549.369995 4831430.559998 279.989990
463549.299988 4831430.670013 279.929993
463549.330017 4831430.649994 279.950012
463549.400024 4831430.600006 280.079987
463549.400024 4831430.600006 280.010010
463549.559998 4831431.410004 280.119995
463549.210022 4831430.739990 279.799988
463549.349976 4831430.670013 279.880005
463549.349976 4831430.660004 279.950012
