2.766799930000000245e+02 4.831429850006000139e+06 4.635464199830000289e+05
2.766499939999999924e+02 4.831429980011000298e+06 4.635465399779999861e+05
2.766700129999999831e+02 4.831429989989999682e+06 4.635464799800000037e+05
2.767099910000000023e+02 4.831429989989999682e+06 4.635464799800000037e+05
2.771199950000000172e+02 4.831429970000999980e+06 4.635463400269999984e+05
2.770899959999999851e+02 4.831430000000000000e+06 4.635463200070000021e+05
2.771000060000000076e+02 4.831430000000000000e+06 4.635463200070000021e+05
2.766499939999999924e+02 4.831429970000999980e+06 4.635465000000000000e+05
2.767000120000000152e+02 4.831429980011000298e+06 4.635465000000000000e+05
2.769100040000000149e+02 4.831429970000999980e+06 4.635463900150000118e+05
2.769700010000000248e+02 4.831429970000999980e+06 4.635463800049999845e+05
2.770400089999999977e+02 4.831429959990999661e+06 4.635463599849999882e+05
2.770899959999999851e+02 4.831429970000999980e+06 4.635463599849999882e+05
2.769100040000000149e+02 4.831430000000000000e+06 4.635463599849999882e+05
2.769899899999999775e+02 4.831429989989999682e+06 4.635463400269999984e+05
2.770599980000000073e+02 4.831429970000999980e+06 4.635463200070000021e+05
2.771199950000000172e+02 4.831429970000999980e+06 4.635462999880000134e+05
2.771499939999999924e+02 4.831429920013000257e+06 4.635463400269999984e+05
2.770700069999999755e+02 4.831429920013000257e+06 4.635463599849999882e+05
2.770100100000000225e+02 4.831429910004000179e+06 4.635464199830000289e+05
2.769599910000000023e+02 4.831429899993999861e+06 4.635464299929999979e+05
2.768699950000000172e+02 4.831429910004000179e+06 4.635464400020000176e+05
2.767200010000000248e+02 4.831429929992999882e+06 4.635465399779999861e+05
2.771099849999999947e+02 4.831429940001999959e+06 4.635463900150000118e+05
2.770799870000000169e+02 4.831429920013000257e+06 4.635463699950000155e+05
2.769700010000000248e+02 4.831429940001999959e+06 4.635464299929999979e+05
2.770400089999999977e+02 4.831429940001999959e+06 4.635463699950000155e+05
2.768699950000000172e+02 4.831429940001999959e+06 4.635464099730000016e+05
2.770100100000000225e+02 4.831429950012000278e+06 4.635464400020000176e+05
2.770799870000000169e+02 4.831429950012000278e+06 4.635463900150000118e+05
2.770199890000000096e+02 4.831429970000999980e+06 4.635464400020000176e+05
2.770100100000000225e+02 4.831429950012000278e+06 4.635464199830000289e+05
2.767999879999999848e+02 4.831429950012000278e+06 4.635465100100000273e+05
2.771099849999999947e+02 4.831429940001999959e+06 4.635462700199999963e+05
2.770000000000000000e+02 4.831430019988999702e+06 4.635463800049999845e+05
2.770899959999999851e+02 4.831430010010000318e+06 4.635462999880000134e+05
2.766600040000000149e+02 4.831430000000000000e+06 4.635464400020000176e+05
2.769599910000000023e+02 4.831430010010000318e+06 4.635463900150000118e+05
2.769400019999999927e+02 4.831429989989999682e+06 4.635463800049999845e+05
2.770899959999999851e+02 4.831429970000999980e+06 4.635463099979999824e+05
2.770899959999999851e+02 4.831429940001999959e+06 4.635462999880000134e+05
2.769700010000000248e+02 4.831430019988999702e+06 4.635463900150000118e+05
2.769599910000000023e+02 4.831430000000000000e+06 4.635463800049999845e+05
2.767099910000000023e+02 4.831430019988999702e+06 4.635464799800000037e+05
2.766499939999999924e+02 4.831429980011000298e+06 4.635465300290000159e+05
2.770299989999999752e+02 4.831430019988999702e+06 4.635463099979999824e+05
2.771099849999999947e+02 4.831430019988999702e+06 4.635462800290000159e+05
2.770499879999999848e+02 4.831430019988999702e+06 4.635463200070000021e+05
2.770700069999999755e+02 4.831430000000000000e+06 4.635462999880000134e+05
2.769800109999999904e+02 4.831430019988999702e+06 4.635463499760000268e+05
2.770100100000000225e+02 4.831430000000000000e+06 4.635463400269999984e+05
2.769500120000000152e+02 4.831430010010000318e+06 4.635463800049999845e+05
2.768900150000000053e+02 4.831430019988999702e+06 4.635463900150000118e+05
2.770899959999999851e+02 4.831429950012000278e+06 4.635462500000000000e+05
2.769800109999999904e+02 4.831429989989999682e+06 4.635463099979999824e+05
2.771000060000000076e+02 4.831429959990999661e+06 4.635462600100000273e+05
2.770400089999999977e+02 4.831430019988999702e+06 4.635462999880000134e+05
2.771700129999999831e+02 4.831429989989999682e+06 4.635462299800000037e+05
2.771600040000000149e+02 4.831430000000000000e+06 4.635462199709999841e+05
2.771300049999999828e+02 4.831430010010000318e+06 4.635462700199999963e+05
2.769899899999999775e+02 4.831430010010000318e+06 4.635463300169999711e+05
2.769200129999999831e+02 4.831430019988999702e+06 4.635463599849999882e+05
2.769899899999999775e+02 4.831429980011000298e+06 4.635462800290000159e+05
2.771499939999999924e+02 4.831430010010000318e+06 4.635462199709999841e+05
2.766400150000000053e+02 4.831430019988999702e+06 4.635464600220000139e+05
2.767000120000000152e+02 4.831430019988999702e+06 4.635464299929999979e+05
2.768800049999999828e+02 4.831430019988999702e+06 4.635463599849999882e+05
2.766499939999999924e+02 4.831430010010000318e+06 4.635464600220000139e+05
2.769800109999999904e+02 4.831429959990999661e+06 4.635462800290000159e+05
2.770700069999999755e+02 4.831429980011000298e+06 4.635462500000000000e+05
2.770199890000000096e+02 4.831429940001999959e+06 4.635462199709999841e+05
2.771099849999999947e+02 4.831430010010000318e+06 4.635462700199999963e+05
2.766300049999999828e+02 4.831429989989999682e+06 4.635464699709999841e+05
2.766900019999999927e+02 4.831429989989999682e+06 4.635464500119999866e+05
2.771000060000000076e+02 4.831430000000000000e+06 4.635463200070000021e+05
2.766799930000000245e+02 4.831430019988999702e+06 4.635464899899999727e+05
2.766499939999999924e+02 4.831430010010000318e+06 4.635465100100000273e+05
2.767000120000000152e+02 4.831430019988999702e+06 4.635464799800000037e+05
2.766600040000000149e+02 4.831430000000000000e+06 4.635464899899999727e+05
2.772999879999999848e+02 4.831429420013000257e+06 4.635469899899999727e+05
2.773500060000000076e+02 4.831429399993999861e+06 4.635469600220000139e+05
2.773399959999999851e+02 4.831429420013000257e+06 4.635469799800000037e+05
2.774200129999999831e+02 4.831429390014999546e+06 4.635469500119999866e+05
2.773399959999999851e+02 4.831429440001999959e+06 4.635469899899999727e+05
2.773299870000000169e+02 4.831429429992999882e+06 4.635469299929999979e+05
2.773500060000000076e+02 4.831429420013000257e+06 4.635468800049999845e+05
2.772999879999999848e+02 4.831429420013000257e+06 4.635469799800000037e+05
2.773200069999999755e+02 4.831429399993999861e+06 4.635469600220000139e+05
2.773399959999999851e+02 4.831429380005000159e+06 4.635469400020000176e+05
2.774599910000000023e+02 4.831429329986999743e+06 4.635467700199999963e+05
2.774800109999999904e+02 4.831429299987999722e+06 4.635467600100000273e+05
2.775400089999999977e+02 4.831429279999000020e+06 4.635467399899999727e+05
2.773599849999999947e+02 4.831429410004000179e+06 4.635469500119999866e+05
2.773299870000000169e+02 4.831429390014999546e+06 4.635469400020000176e+05
2.772600100000000225e+02 4.831429429992999882e+06 4.635470200199999963e+05
2.773599849999999947e+02 4.831429399993999861e+06 4.635470000000000000e+05
2.774200129999999831e+02 4.831429369994999841e+06 4.635469799800000037e+05
2.774100040000000149e+02 4.831429350006000139e+06 4.635469699709999841e+05
2.772099910000000023e+02 4.831429440001999959e+06 4.635470599979999824e+05
2.773399959999999851e+02 4.831429410004000179e+06 4.635469600220000139e+05
2.774400019999999927e+02 4.831429399993999861e+06 4.635469400020000176e+05
2.774200129999999831e+02 4.831429420013000257e+06 4.635469600220000139e+05
2.773800049999999828e+02 4.831429429992999882e+06 4.635469699709999841e+05
2.773599849999999947e+02 4.831429429992999882e+06 4.635468400269999984e+05
2.773599849999999947e+02 4.831429429992999882e+06 4.635469699709999841e+05
2.773900150000000053e+02 4.831429410004000179e+06 4.635469600220000139e+05
2.774400019999999927e+02 4.831429399993999861e+06 4.635469600220000139e+05
2.775199890000000096e+02 4.831429359985000454e+06 4.635467199709999841e+05
2.773699950000000172e+02 4.831429429992999882e+06 4.635469000239999732e+05
2.773599849999999947e+02 4.831429420013000257e+06 4.635468599849999882e+05
2.774500120000000152e+02 4.831429399993999861e+06 4.635467899779999861e+05
2.774100040000000149e+02 4.831429399993999861e+06 4.635467899779999861e+05
2.775000000000000000e+02 4.831429369994999841e+06 4.635466799929999979e+05
2.773399959999999851e+02 4.831429429992999882e+06 4.635469099730000016e+05
2.773500060000000076e+02 4.831429429992999882e+06 4.635469600220000139e+05
2.774100040000000149e+02 4.831429440001999959e+06 4.635469600220000139e+05
2.774299930000000245e+02 4.831429410004000179e+06 4.635469400020000176e+05
2.775499879999999848e+02 4.831429339995999821e+06 4.635466900020000176e+05
2.774700010000000248e+02 4.831429239989999682e+06 4.635466599730000016e+05
2.773800049999999828e+02 4.831429440001999959e+06 4.635469400020000176e+05
2.773599849999999947e+02 4.831429420013000257e+06 4.635469699709999841e+05
2.773500060000000076e+02 4.831429429992999882e+06 4.635469699709999841e+05
2.774200129999999831e+02 4.831429410004000179e+06 4.635469099730000016e+05
2.773800049999999828e+02 4.831429350006000139e+06 4.635466900020000176e+05
2.773399959999999851e+02 4.831429410004000179e+06 4.635468900150000118e+05
2.774400019999999927e+02 4.831429399993999861e+06 4.635469099730000016e+05
2.773200069999999755e+02 4.831429429992999882e+06 4.635469199830000289e+05
2.773399959999999851e+02 4.831429429992999882e+06 4.635469099730000016e+05
2.774200129999999831e+02 4.831429279999000020e+06 4.635468800049999845e+05
2.770799870000000169e+02 4.831429410004000179e+06 4.635470000000000000e+05
2.770299989999999752e+02 4.831429420013000257e+06 4.635470000000000000e+05
2.774200129999999831e+02 4.831429369994999841e+06 4.635469199830000289e+05
2.772500000000000000e+02 4.831429380005000159e+06 4.635470000000000000e+05
2.772999879999999848e+02 4.831429410004000179e+06 4.635469500119999866e+05
2.774299930000000245e+02 4.831429420013000257e+06 4.635469500119999866e+05
2.774299930000000245e+02 4.831429420013000257e+06 4.635469400020000176e+05
2.773299870000000169e+02 4.831429369994999841e+06 4.635467500000000000e+05
2.773699950000000172e+02 4.831429399993999861e+06 4.635468499760000268e+05
2.783500060000000076e+02 4.831429910004000179e+06 4.635465499880000134e+05
2.783599849999999947e+02 4.831429920013000257e+06 4.635465100100000273e+05
2.771199950000000172e+02 4.831429980011000298e+06 4.635463300169999711e+05
2.771700129999999831e+02 4.831429959990999661e+06 4.635463400269999984e+05
2.771700129999999831e+02 4.831429980011000298e+06 4.635462999880000134e+05
2.772300109999999904e+02 4.831429989989999682e+06 4.635462899779999861e+05
2.771600040000000149e+02 4.831430000000000000e+06 4.635462399899999727e+05
2.772399899999999775e+02 4.831429989989999682e+06 4.635462199709999841e+05
2.772699890000000096e+02 4.831429920013000257e+06 4.635463300169999711e+05
2.772000120000000152e+02 4.831429920013000257e+06 4.635463400269999984e+05
2.773099980000000073e+02 4.831429929992999882e+06 4.635462800290000159e+05
2.772900089999999977e+02 4.831429899993999861e+06 4.635462700199999963e+05
2.772000120000000152e+02 4.831429929992999882e+06 4.635463400269999984e+05
2.774400019999999927e+02 4.831429929992999882e+06 4.635462399899999727e+05
2.773900150000000053e+02 4.831429920013000257e+06 4.635462399899999727e+05
2.773500060000000076e+02 4.831429940001999959e+06 4.635462399899999727e+05
2.774800109999999904e+02 4.831429959990999661e+06 4.635462600100000273e+05
2.774400019999999927e+02 4.831429950012000278e+06 4.635462600100000273e+05
2.773999939999999924e+02 4.831429950012000278e+06 4.635462500000000000e+05
2.773599849999999947e+02 4.831429959990999661e+06 4.635463099979999824e+05
2.773299870000000169e+02 4.831429950012000278e+06 4.635462999880000134e+05
2.772200010000000248e+02 4.831429959990999661e+06 4.635463499760000268e+05
2.771400150000000053e+02 4.831429959990999661e+06 4.635464000239999732e+05
2.768900150000000053e+02 4.831429989989999682e+06 4.635469400020000176e+05
2.774599910000000023e+02 4.831429970000999980e+06 4.635462600100000273e+05
2.774100040000000149e+02 4.831429959990999661e+06 4.635462500000000000e+05
2.773399959999999851e+02 4.831429970000999980e+06 4.635462800290000159e+05
2.772799989999999752e+02 4.831429959990999661e+06 4.635463200070000021e+05
2.772500000000000000e+02 4.831429950012000278e+06 4.635462999880000134e+05
2.771600040000000149e+02 4.831429980011000298e+06 4.635462999880000134e+05
2.771799930000000245e+02 4.831429970000999980e+06 4.635463599849999882e+05
2.771499939999999924e+02 4.831429950012000278e+06 4.635463400269999984e+05
2.771099849999999947e+02 4.831429970000999980e+06 4.635464000239999732e+05
2.775599980000000073e+02 4.831429950012000278e+06 4.635462100220000139e+05
2.782999879999999848e+02 4.831429899993999861e+06 4.635465100100000273e+05
2.782999879999999848e+02 4.831429929992999882e+06 4.635465200199999963e+05
2.783399959999999851e+02 4.831429940001999959e+06 4.635465300290000159e+05
2.767099910000000023e+02 4.831429690001999959e+06 4.635471199950000155e+05
2.769100040000000149e+02 4.831429570007000118e+06 4.635470700070000021e+05
2.768999939999999924e+02 4.831429600006000139e+06 4.635470900269999984e+05
2.768099980000000073e+02 4.831429640014999546e+06 4.635470900269999984e+05
2.766900019999999927e+02 4.831429690001999959e+06 4.635471400150000118e+05
2.783599849999999947e+02 4.831429959990999661e+06 4.635465399779999861e+05
2.782900089999999977e+02 4.831429950012000278e+06 4.635465100100000273e+05
2.782900089999999977e+02 4.831429970000999980e+06 4.635465300290000159e+05
2.771499939999999924e+02 4.831430019988999702e+06 4.635463099979999824e+05
2.772600100000000225e+02 4.831430019988999702e+06 4.635462500000000000e+05
2.772399899999999775e+02 4.831430010010000318e+06 4.635462399899999727e+05
2.783399959999999851e+02 4.831429929992999882e+06 4.635465399779999861e+05
2.766700129999999831e+02 4.831429670013000257e+06 4.635471500239999732e+05
2.767699890000000096e+02 4.831429630005000159e+06 4.635471300049999845e+05
2.768599849999999947e+02 4.831429570007000118e+06 4.635470900269999984e+05
2.771300049999999828e+02 4.831429489989999682e+06 4.635470499880000134e+05
2.772000120000000152e+02 4.831429459990999661e+06 4.635470399779999861e+05
2.771300049999999828e+02 4.831429470000999980e+06 4.635470800169999711e+05
2.783399959999999851e+02 4.831429959990999661e+06 4.635465499880000134e+05
2.771700129999999831e+02 4.831429989989999682e+06 4.635462700199999963e+05
2.772600100000000225e+02 4.831430000000000000e+06 4.635462399899999727e+05
2.783900150000000053e+02 4.831429910004000179e+06 4.635464699709999841e+05
2.772000120000000152e+02 4.831429480011000298e+06 4.635470300290000159e+05
2.773399959999999851e+02 4.831429450012000278e+06 4.635469899899999727e+05
2.773500060000000076e+02 4.831429459990999661e+06 4.635469299929999979e+05
2.773099980000000073e+02 4.831429480011000298e+06 4.635469500119999866e+05
2.769800109999999904e+02 4.831429600006000139e+06 4.635470200199999963e+05
2.769299930000000245e+02 4.831429609985000454e+06 4.635470399779999861e+05
2.782999879999999848e+02 4.831429989989999682e+06 4.635465200199999963e+05
2.783800049999999828e+02 4.831429959990999661e+06 4.635464500119999866e+05
2.783599849999999947e+02 4.831429980011000298e+06 4.635464699709999841e+05
2.783200069999999755e+02 4.831429989989999682e+06 4.635464899899999727e+05
2.783099980000000073e+02 4.831430010010000318e+06 4.635465100100000273e+05
2.771799930000000245e+02 4.831429510010000318e+06 4.635470000000000000e+05
2.766700129999999831e+02 4.831429690001999959e+06 4.635471099849999882e+05
2.769899899999999775e+02 4.831429619994999841e+06 4.635470800169999711e+05
2.768200069999999755e+02 4.831429649993999861e+06 4.635470900269999984e+05
2.767999879999999848e+02 4.831429670013000257e+06 4.635471099849999882e+05
2.767600100000000225e+02 4.831429679992999882e+06 4.635471199950000155e+05
2.767200010000000248e+02 4.831429700012000278e+06 4.635471199950000155e+05
2.766799930000000245e+02 4.831429709990999661e+06 4.635471300049999845e+05
2.766400150000000053e+02 4.831429730011000298e+06 4.635471400150000118e+05
2.773299870000000169e+02 4.831429440001999959e+06 4.635469199830000289e+05
2.768999939999999924e+02 4.831429619994999841e+06 4.635470700070000021e+05
2.768699950000000172e+02 4.831429630005000159e+06 4.635470900269999984e+05
2.768399959999999851e+02 4.831429649993999861e+06 4.635470999760000268e+05
2.767999879999999848e+02 4.831429660004000179e+06 4.635471099849999882e+05
2.767500000000000000e+02 4.831429670013000257e+06 4.635471199950000155e+05
2.773500060000000076e+02 4.831429450012000278e+06 4.635468800049999845e+05
2.767999879999999848e+02 4.831429660004000179e+06 4.635470700070000021e+05
2.767799989999999752e+02 4.831429679992999882e+06 4.635470900269999984e+05
2.767300109999999904e+02 4.831429690001999959e+06 4.635470999760000268e+05
2.766700129999999831e+02 4.831429720000999980e+06 4.635471199950000155e+05
2.766300049999999828e+02 4.831429730011000298e+06 4.635471300049999845e+05
2.774400019999999927e+02 4.831429450012000278e+06 4.635469400020000176e+05
2.773299870000000169e+02 4.831429480011000298e+06 4.635469799800000037e+05
2.773200069999999755e+02 4.831429459990999661e+06 4.635469199830000289e+05
2.772999879999999848e+02 4.831429510010000318e+06 4.635469500119999866e+05
2.772600100000000225e+02 4.831429519988999702e+06 4.635469699709999841e+05
2.772000120000000152e+02 4.831429510010000318e+06 4.635469799800000037e+05
2.770100100000000225e+02 4.831429640014999546e+06 4.635470300290000159e+05
2.769200129999999831e+02 4.831429609985000454e+06 4.635470399779999861e+05
2.768500060000000076e+02 4.831429640014999546e+06 4.635470700070000021e+05
2.768299870000000169e+02 4.831429649993999861e+06 4.635470900269999984e+05
2.767900089999999977e+02 4.831429660004000179e+06 4.635470999760000268e+05
2.767600100000000225e+02 4.831429670013000257e+06 4.635471199950000155e+05
2.767099910000000023e+02 4.831429679992999882e+06 4.635470599979999824e+05
2.767000120000000152e+02 4.831429709990999661e+06 4.635470800169999711e+05
2.766700129999999831e+02 4.831429730011000298e+06 4.635470999760000268e+05
2.766199950000000172e+02 4.831429739989999682e+06 4.635471099849999882e+05
2.783399959999999851e+02 4.831429980011000298e+06 4.635465399779999861e+05
2.783099980000000073e+02 4.831429989989999682e+06 4.635465499880000134e+05
2.771600040000000149e+02 4.831430019988999702e+06 4.635462999880000134e+05
2.769899899999999775e+02 4.831430019988999702e+06 4.635467800290000159e+05
2.771799930000000245e+02 4.831429989989999682e+06 4.635462100220000139e+05
2.766400150000000053e+02 4.831429720000999980e+06 4.635471099849999882e+05
2.766900019999999927e+02 4.831429700012000278e+06 4.635470999760000268e+05
2.767200010000000248e+02 4.831429679992999882e+06 4.635470900269999984e+05
2.767699890000000096e+02 4.831429670013000257e+06 4.635470800169999711e+05
2.767999879999999848e+02 4.831429660004000179e+06 4.635470700070000021e+05
2.768299870000000169e+02 4.831429640014999546e+06 4.635470599979999824e+05
2.768800049999999828e+02 4.831429600006000139e+06 4.635470300290000159e+05
2.769299930000000245e+02 4.831429579986999743e+06 4.635470700070000021e+05
2.770400089999999977e+02 4.831429519988999702e+06 4.635470300290000159e+05
2.770899959999999851e+02 4.831429519988999702e+06 4.635470300290000159e+05
2.771300049999999828e+02 4.831429500000000000e+06 4.635470100100000273e+05
2.771600040000000149e+02 4.831429489989999682e+06 4.635470100100000273e+05
2.772000120000000152e+02 4.831429480011000298e+06 4.635470000000000000e+05
2.772399899999999775e+02 4.831429470000999980e+06 4.635469899899999727e+05
2.772699890000000096e+02 4.831429459990999661e+06 4.635469799800000037e+05
2.773299870000000169e+02 4.831429459990999661e+06 4.635469799800000037e+05
2.772300109999999904e+02 4.831429500000000000e+06 4.635469699709999841e+05
2.772200010000000248e+02 4.831429440001999959e+06 4.635469299929999979e+05
2.772999879999999848e+02 4.831429459990999661e+06 4.635469500119999866e+05
2.773299870000000169e+02 4.831429440001999959e+06 4.635469400020000176e+05
2.769800109999999904e+02 4.831429570007000118e+06 4.635470499880000134e+05
2.771099849999999947e+02 4.831429529999000020e+06 4.635470300290000159e+05
2.771900019999999927e+02 4.831429500000000000e+06 4.635470100100000273e+05
2.772600100000000225e+02 4.831429470000999980e+06 4.635469899899999727e+05
2.772900089999999977e+02 4.831429450012000278e+06 4.635469899899999727e+05
2.773399959999999851e+02 4.831429440001999959e+06 4.635469799800000037e+05
2.772500000000000000e+02 4.831429489989999682e+06 4.635470000000000000e+05
2.773099980000000073e+02 4.831429450012000278e+06 4.635469799800000037e+05
2.771799930000000245e+02 4.831429500000000000e+06 4.635470399779999861e+05
2.783500060000000076e+02 4.831430019988999702e+06 4.635465399779999861e+05
2.783399959999999851e+02 4.831429970000999980e+06 4.635465100100000273e+05
2.783699950000000172e+02 4.831429950012000278e+06 4.635465000000000000e+05
2.782699890000000096e+02 4.831430019988999702e+06 4.635465200199999963e+05
2.782999879999999848e+02 4.831429989989999682e+06 4.635465000000000000e+05
2.783399959999999851e+02 4.831429980011000298e+06 4.635464899899999727e+05
2.783699950000000172e+02 4.831429959990999661e+06 4.635464799800000037e+05
2.773500060000000076e+02 4.831429450012000278e+06 4.635469099730000016e+05
2.773299870000000169e+02 4.831429440001999959e+06 4.635468900150000118e+05
2.772099910000000023e+02 4.831429470000999980e+06 4.635469899899999727e+05
2.771600040000000149e+02 4.831429500000000000e+06 4.635470000000000000e+05
2.772000120000000152e+02 4.831429489989999682e+06 4.635469699709999841e+05
2.771000060000000076e+02 4.831429519988999702e+06 4.635470000000000000e+05
2.766700129999999831e+02 4.831429679992999882e+06 4.635470999760000268e+05
2.766799930000000245e+02 4.831429709990999661e+06 4.635470999760000268e+05
2.767799989999999752e+02 4.831429649993999861e+06 4.635470599979999824e+05
2.766700129999999831e+02 4.831429690001999959e+06 4.635470999760000268e+05
2.768900150000000053e+02 4.831429600006000139e+06 4.635470399779999861e+05
2.767900089999999977e+02 4.831429640014999546e+06 4.635470700070000021e+05
2.766799930000000245e+02 4.831429679992999882e+06 4.635470999760000268e+05
2.766799930000000245e+02 4.831429709990999661e+06 4.635470999760000268e+05
2.772300109999999904e+02 4.831429470000999980e+06 4.635469500119999866e+05
2.768099980000000073e+02 4.831429640014999546e+06 4.635470700070000021e+05
2.766799930000000245e+02 4.831429679992999882e+06 4.635470999760000268e+05
2.766900019999999927e+02 4.831429709990999661e+06 4.635470999760000268e+05
2.770799870000000169e+02 4.831429459990999661e+06 4.635469699709999841e+05
2.770499879999999848e+02 4.831429450012000278e+06 4.635470100100000273e+05
2.769100040000000149e+02 4.831429470000999980e+06 4.635470399779999861e+05
2.780599980000000073e+02 4.831430010010000318e+06 4.635465399779999861e+05
2.781700129999999831e+02 4.831429989989999682e+06 4.635464400020000176e+05
2.780100100000000225e+02 4.831430019988999702e+06 4.635465300290000159e+05
2.783099980000000073e+02 4.831429899993999861e+06 4.635465100100000273e+05
2.783999939999999924e+02 4.831429910004000179e+06 4.635464899899999727e+05
2.782699890000000096e+02 4.831429980011000298e+06 4.635465300290000159e+05
2.783099980000000073e+02 4.831429989989999682e+06 4.635465300290000159e+05
2.782099910000000023e+02 4.831430019988999702e+06 4.635465399779999861e+05
2.783699950000000172e+02 4.831429940001999959e+06 4.635465000000000000e+05
2.783399959999999851e+02 4.831429899993999861e+06 4.635465200199999963e+05
2.782999879999999848e+02 4.831429910004000179e+06 4.635465100100000273e+05
2.783999939999999924e+02 4.831429850006000139e+06 4.635464799800000037e+05
2.766499939999999924e+02 4.831429600006000139e+06 4.635471300049999845e+05
2.780599980000000073e+02 4.831430019988999702e+06 4.635465800169999711e+05
2.782600100000000225e+02 4.831429950012000278e+06 4.635465499880000134e+05
2.782099910000000023e+02 4.831429959990999661e+06 4.635465399779999861e+05
2.768200069999999755e+02 4.831429660004000179e+06 4.635471199950000155e+05
2.770499879999999848e+02 4.831429559998000041e+06 4.635470800169999711e+05
2.769899899999999775e+02 4.831429609985000454e+06 4.635470700070000021e+05
2.767699890000000096e+02 4.831429679992999882e+06 4.635471199950000155e+05
2.767000120000000152e+02 4.831429709990999661e+06 4.635471400150000118e+05
2.766400150000000053e+02 4.831429739989999682e+06 4.635471400150000118e+05
2.772900089999999977e+02 4.831429489989999682e+06 4.635469899899999727e+05
2.772799989999999752e+02 4.831429480011000298e+06 4.635470100100000273e+05
2.771900019999999927e+02 4.831429510010000318e+06 4.635470100100000273e+05
2.771799930000000245e+02 4.831429500000000000e+06 4.635470300290000159e+05
2.771600040000000149e+02 4.831429519988999702e+06 4.635470399779999861e+05
2.771099849999999947e+02 4.831429549987999722e+06 4.635470300290000159e+05
2.768399959999999851e+02 4.831429609985000454e+06 4.635470200199999963e+05
2.769700010000000248e+02 4.831429609985000454e+06 4.635470900269999984e+05
2.783699950000000172e+02 4.831429980011000298e+06 4.635465100100000273e+05
2.783599849999999947e+02 4.831429959990999661e+06 4.635465399779999861e+05
2.783099980000000073e+02 4.831430019988999702e+06 4.635465300290000159e+05
2.772600100000000225e+02 4.831430019988999702e+06 4.635462299800000037e+05
2.771600040000000149e+02 4.831429500000000000e+06 4.635470000000000000e+05
2.773299870000000169e+02 4.831429450012000278e+06 4.635469699709999841e+05
2.766400150000000053e+02 4.831429700012000278e+06 4.635471300049999845e+05
2.766499939999999924e+02 4.831429679992999882e+06 4.635471199950000155e+05
2.766300049999999828e+02 4.831429679992999882e+06 4.635471500239999732e+05
2.782099910000000023e+02 4.831430019988999702e+06 4.635465300290000159e+05
2.782999879999999848e+02 4.831429959990999661e+06 4.635465200199999963e+05
2.782699890000000096e+02 4.831429959990999661e+06 4.635465300290000159e+05
2.766799930000000245e+02 4.831429709990999661e+06 4.635471400150000118e+05
2.767799989999999752e+02 4.831429660004000179e+06 4.635471400150000118e+05
2.767300109999999904e+02 4.831429649993999861e+06 4.635471500239999732e+05
2.773500060000000076e+02 4.831429440001999959e+06 4.635470100100000273e+05
2.772000120000000152e+02 4.831429489989999682e+06 4.635470399779999861e+05
2.771799930000000245e+02 4.831429470000999980e+06 4.635470599979999824e+05
2.771000060000000076e+02 4.831429519988999702e+06 4.635470800169999711e+05
2.770100100000000225e+02 4.831429549987999722e+06 4.635470999760000268e+05
2.769400019999999927e+02 4.831429579986999743e+06 4.635470999760000268e+05
2.782500000000000000e+02 4.831430019988999702e+06 4.635465900269999984e+05
2.772600100000000225e+02 4.831430019988999702e+06 4.635462500000000000e+05
2.772099910000000023e+02 4.831430019988999702e+06 4.635462700199999963e+05
2.771700129999999831e+02 4.831430010010000318e+06 4.635462800290000159e+05
2.771300049999999828e+02 4.831430000000000000e+06 4.635462999880000134e+05
2.772699890000000096e+02 4.831430019988999702e+06 4.635462500000000000e+05
2.772399899999999775e+02 4.831430010010000318e+06 4.635462700199999963e+05
2.771799930000000245e+02 4.831429989989999682e+06 4.635462700199999963e+05
2.772799989999999752e+02 4.831430010010000318e+06 4.635462199709999841e+05
2.772699890000000096e+02 4.831429989989999682e+06 4.635462399899999727e+05
2.773800049999999828e+02 4.831430019988999702e+06 4.635480000000000000e+05
2.767500000000000000e+02 4.831429619994999841e+06 4.635471599730000016e+05
2.773999939999999924e+02 4.831429970000999980e+06 4.635479899899999727e+05
2.773999939999999924e+02 4.831430019988999702e+06 4.635480000000000000e+05
2.766700129999999831e+02 4.831429720000999980e+06 4.635471599730000016e+05
2.772600100000000225e+02 4.831430019988999702e+06 4.635479199830000289e+05
2.772200010000000248e+02 4.831430000000000000e+06 4.635479299929999979e+05
2.770700069999999755e+02 4.831430019988999702e+06 4.635479099730000016e+05
2.772000120000000152e+02 4.831430000000000000e+06 4.635479199830000289e+05
2.771499939999999924e+02 4.831430000000000000e+06 4.635479199830000289e+05
2.770499879999999848e+02 4.831430010010000318e+06 4.635479099730000016e+05
2.771900019999999927e+02 4.831429989989999682e+06 4.635479299929999979e+05
2.771900019999999927e+02 4.831429980011000298e+06 4.635479400020000176e+05
2.770700069999999755e+02 4.831430010010000318e+06 4.635479000239999732e+05
2.771799930000000245e+02 4.831430000000000000e+06 4.635479199830000289e+05
2.770799870000000169e+02 4.831430010010000318e+06 4.635479099730000016e+05
2.770799870000000169e+02 4.831430010010000318e+06 4.635479199830000289e+05
2.770799870000000169e+02 4.831430019988999702e+06 4.635479199830000289e+05
2.770700069999999755e+02 4.831430010010000318e+06 4.635479199830000289e+05
2.770400089999999977e+02 4.831430019988999702e+06 4.635479000239999732e+05
2.772699890000000096e+02 4.831430010010000318e+06 4.635480000000000000e+05
2.766700129999999831e+02 4.831429700012000278e+06 4.635471699830000289e+05
