2.790899959999999851e+02 4.831430290009000339e+06 4.635461300049999845e+05
2.792200010000000248e+02 4.831430130005000159e+06 4.635459899899999727e+05
2.791799930000000245e+02 4.831430190001999959e+06 4.635460399779999861e+05
2.791400150000000053e+02 4.831430250000000000e+06 4.635461300049999845e+05
2.789899899999999775e+02 4.831430329986999743e+06 4.635461300049999845e+05
2.792000120000000152e+02 4.831430170013000257e+06 4.635460300290000159e+05
2.791099849999999947e+02 4.831430230011000298e+06 4.635461300049999845e+05
2.791300049999999828e+02 4.831430230011000298e+06 4.635461199950000155e+05
2.791099849999999947e+02 4.831430260010000318e+06 4.635461099849999882e+05
2.791300049999999828e+02 4.831430209990999661e+06 4.635460800169999711e+05
2.791499939999999924e+02 4.831430179992999882e+06 4.635460599979999824e+05
2.792300109999999904e+02 4.831430140014999546e+06 4.635460000000000000e+05
2.792300109999999904e+02 4.831430149993999861e+06 4.635460200199999963e+05
2.791900019999999927e+02 4.831430170013000257e+06 4.635460300290000159e+05
2.791499939999999924e+02 4.831430179992999882e+06 4.635460800169999711e+05
2.790700069999999755e+02 4.831430250000000000e+06 4.635461300049999845e+05
2.790000000000000000e+02 4.831431329986999743e+06 4.635460100100000273e+05
2.791099849999999947e+02 4.831431339995999821e+06 4.635459600220000139e+05
2.789700010000000248e+02 4.831431209990999661e+06 4.635459600220000139e+05
2.788999939999999924e+02 4.831431299987999722e+06 4.635460300290000159e+05
2.790599980000000073e+02 4.831431329986999743e+06 4.635459099730000016e+05
2.790000000000000000e+02 4.831431130005000159e+06 4.635460700070000021e+05
2.789500120000000152e+02 4.831431079986999743e+06 4.635460999760000268e+05
2.789899899999999775e+02 4.831431279999000020e+06 4.635460499880000134e+05
2.787999879999999848e+02 4.831431230011000298e+06 4.635460700070000021e+05
2.788900150000000053e+02 4.831431290009000339e+06 4.635460200199999963e+05
2.790400089999999977e+02 4.831431329986999743e+06 4.635459600220000139e+05
2.787799989999999752e+02 4.831431179992999882e+06 4.635460900269999984e+05
2.787900089999999977e+02 4.831431200012000278e+06 4.635460999760000268e+05
2.787999879999999848e+02 4.831431160004000179e+06 4.635460599979999824e+05
2.791300049999999828e+02 4.831431239989999682e+06 4.635459199830000289e+05
2.788299870000000169e+02 4.831431260010000318e+06 4.635460499880000134e+05
2.787600100000000225e+02 4.831431220000999980e+06 4.635460800169999711e+05
2.787799989999999752e+02 4.831431260010000318e+06 4.635460399779999861e+05
2.789899899999999775e+02 4.831431140014999546e+06 4.635459199830000289e+05
2.787500000000000000e+02 4.831431239989999682e+06 4.635459699709999841e+05
2.786300049999999828e+02 4.831431250000000000e+06 4.635459699709999841e+05
2.788599849999999947e+02 4.831431290009000339e+06 4.635460100100000273e+05
2.788900150000000053e+02 4.831431320007000118e+06 4.635459799800000037e+05
2.788500060000000076e+02 4.831431359985000454e+06 4.635459699709999841e+05
2.787699890000000096e+02 4.831431209990999661e+06 4.635460599979999824e+05
2.790700069999999755e+02 4.831431140014999546e+06 4.635459799800000037e+05
2.790700069999999755e+02 4.831431170013000257e+06 4.635459400020000176e+05
2.790100100000000225e+02 4.831431200012000278e+06 4.635459600220000139e+05
2.788399959999999851e+02 4.831431230011000298e+06 4.635459799800000037e+05
2.788599849999999947e+02 4.831431269988999702e+06 4.635460100100000273e+05
2.789899899999999775e+02 4.831431339995999821e+06 4.635459799800000037e+05
2.789599910000000023e+02 4.831431279999000020e+06 4.635460000000000000e+05
2.788500060000000076e+02 4.831431309998000041e+06 4.635460300290000159e+05
2.787500000000000000e+02 4.831431279999000020e+06 4.635460300290000159e+05
2.789299930000000245e+02 4.831431350006000139e+06 4.635459799800000037e+05
2.789299930000000245e+02 4.831431239989999682e+06 4.635459600220000139e+05
2.788099980000000073e+02 4.831431299987999722e+06 4.635460200199999963e+05
2.787799989999999752e+02 4.831431309998000041e+06 4.635460399779999861e+05
2.785299989999999752e+02 4.831431309998000041e+06 4.635460999760000268e+05
2.788599849999999947e+02 4.831431309998000041e+06 4.635460200199999963e+05
2.789800109999999904e+02 4.831431170013000257e+06 4.635459400020000176e+05
2.790799870000000169e+02 4.831431170013000257e+06 4.635459400020000176e+05
2.789500120000000152e+02 4.831431109985000454e+06 4.635458800049999845e+05
2.785599980000000073e+02 4.831431049987999722e+06 4.635460800169999711e+05
2.785499879999999848e+02 4.831431140014999546e+06 4.635461199950000155e+05
2.788200069999999755e+02 4.831431269988999702e+06 4.635460200199999963e+05
2.788299870000000169e+02 4.831431290009000339e+06 4.635460200199999963e+05
2.787500000000000000e+02 4.831431239989999682e+06 4.635460399779999861e+05
2.788200069999999755e+02 4.831431260010000318e+06 4.635460200199999963e+05
2.791300049999999828e+02 4.831431279999000020e+06 4.635458599849999882e+05
2.786700129999999831e+02 4.831431260010000318e+06 4.635457600100000273e+05
2.786199950000000172e+02 4.831431149993999861e+06 4.635457399899999727e+05
2.787500000000000000e+02 4.831431239989999682e+06 4.635459600220000139e+05
2.790899959999999851e+02 4.831431309998000041e+06 4.635458599849999882e+05
2.789500120000000152e+02 4.831431230011000298e+06 4.635459099730000016e+05
2.789200129999999831e+02 4.831431179992999882e+06 4.635459099730000016e+05
2.787500000000000000e+02 4.831431250000000000e+06 4.635459899899999727e+05
2.787699890000000096e+02 4.831431260010000318e+06 4.635459699709999841e+05
2.788399959999999851e+02 4.831431279999000020e+06 4.635459600220000139e+05
2.790299989999999752e+02 4.831431190001999959e+06 4.635459099730000016e+05
2.790700069999999755e+02 4.831431160004000179e+06 4.635459199830000289e+05
2.787300109999999904e+02 4.831431209990999661e+06 4.635460999760000268e+05
2.790299989999999752e+02 4.831431200012000278e+06 4.635459500119999866e+05
2.790100100000000225e+02 4.831431190001999959e+06 4.635459699709999841e+05
2.788800049999999828e+02 4.831430309998000041e+06 4.635462999880000134e+05
2.790899959999999851e+02 4.831430309998000041e+06 4.635461799929999979e+05
2.797099910000000023e+02 4.831430260010000318e+06 4.635462899779999861e+05
2.797399899999999775e+02 4.831430290009000339e+06 4.635462899779999861e+05
2.790700069999999755e+02 4.831430279999000020e+06 4.635461500239999732e+05
2.790899959999999851e+02 4.831430269988999702e+06 4.635461400150000118e+05
2.790700069999999755e+02 4.831430279999000020e+06 4.635461599730000016e+05
2.790899959999999851e+02 4.831430260010000318e+06 4.635461500239999732e+05
2.790599980000000073e+02 4.831430269988999702e+06 4.635461599730000016e+05
2.791000060000000076e+02 4.831430230011000298e+06 4.635461500239999732e+05
2.791199950000000172e+02 4.831430230011000298e+06 4.635461599730000016e+05
2.790899959999999851e+02 4.831430260010000318e+06 4.635461699830000289e+05
2.790700069999999755e+02 4.831430290009000339e+06 4.635461599730000016e+05
2.790499879999999848e+02 4.831430309998000041e+06 4.635461699830000289e+05
2.790799870000000169e+02 4.831430320007000118e+06 4.635461500239999732e+05
2.790299989999999752e+02 4.831430230011000298e+06 4.635461300049999845e+05
2.791099849999999947e+02 4.831430250000000000e+06 4.635461400150000118e+05
2.790599980000000073e+02 4.831430279999000020e+06 4.635461599730000016e+05
2.790899959999999851e+02 4.831430260010000318e+06 4.635461500239999732e+05
2.795899959999999851e+02 4.831430220000999980e+06 4.635462999880000134e+05
2.796400150000000053e+02 4.831430239989999682e+06 4.635462800290000159e+05
2.791099849999999947e+02 4.831430279999000020e+06 4.635461500239999732e+05
2.790499879999999848e+02 4.831430329986999743e+06 4.635461500239999732e+05
2.793900150000000053e+02 4.831430130005000159e+06 4.635462800290000159e+05
2.797200010000000248e+02 4.831430250000000000e+06 4.635462500000000000e+05
2.791000060000000076e+02 4.831430279999000020e+06 4.635461699830000289e+05
2.791099849999999947e+02 4.831430269988999702e+06 4.635461500239999732e+05
2.791099849999999947e+02 4.831430250000000000e+06 4.635461699830000289e+05
2.794299930000000245e+02 4.831430179992999882e+06 4.635462999880000134e+05
2.785199890000000096e+02 4.831430940001999959e+06 4.635462600100000273e+05
2.785499879999999848e+02 4.831431119994999841e+06 4.635462100220000139e+05
2.786000060000000076e+02 4.831431119994999841e+06 4.635462000119999866e+05
2.785199890000000096e+02 4.831431109985000454e+06 4.635462000119999866e+05
2.785599980000000073e+02 4.831431119994999841e+06 4.635462000119999866e+05
2.785599980000000073e+02 4.831431059998000041e+06 4.635462899779999861e+05
2.785599980000000073e+02 4.831431029999000020e+06 4.635462600100000273e+05
2.786300049999999828e+02 4.831431019988999702e+06 4.635462899779999861e+05
2.786099849999999947e+02 4.831431100006000139e+06 4.635462700199999963e+05
2.786600040000000149e+02 4.831431140014999546e+06 4.635462399899999727e+05
2.786700129999999831e+02 4.831431140014999546e+06 4.635462199709999841e+05
2.786099849999999947e+02 4.831431119994999841e+06 4.635462399899999727e+05
2.786600040000000149e+02 4.831431190001999959e+06 4.635461400150000118e+05
2.785700069999999755e+02 4.831431109985000454e+06 4.635462000119999866e+05
2.785299989999999752e+02 4.831431109985000454e+06 4.635462299800000037e+05
2.785799870000000169e+02 4.831431149993999861e+06 4.635462100220000139e+05
2.785899959999999851e+02 4.831431119994999841e+06 4.635462000119999866e+05
2.785499879999999848e+02 4.831431119994999841e+06 4.635462399899999727e+05
2.785100100000000225e+02 4.831431100006000139e+06 4.635462199709999841e+05
2.785499879999999848e+02 4.831431100006000139e+06 4.635462800290000159e+05
2.785799870000000169e+02 4.831431179992999882e+06 4.635461699830000289e+05
2.785700069999999755e+02 4.831431209990999661e+06 4.635462899779999861e+05
2.785700069999999755e+02 4.831431170013000257e+06 4.635461799929999979e+05
2.786000060000000076e+02 4.831431149993999861e+06 4.635461799929999979e+05
2.785400089999999977e+02 4.831431200012000278e+06 4.635462800290000159e+05
2.785299989999999752e+02 4.831431140014999546e+06 4.635462299800000037e+05
2.785299989999999752e+02 4.831431170013000257e+06 4.635462500000000000e+05
2.786300049999999828e+02 4.831431190001999959e+06 4.635461699830000289e+05
2.785100100000000225e+02 4.831431140014999546e+06 4.635462000119999866e+05
2.785700069999999755e+02 4.831431170013000257e+06 4.635461699830000289e+05
2.785799870000000169e+02 4.831431190001999959e+06 4.635461699830000289e+05
2.785199890000000096e+02 4.831431059998000041e+06 4.635462000119999866e+05
2.785199890000000096e+02 4.831431119994999841e+06 4.635462000119999866e+05
2.785499879999999848e+02 4.831431130005000159e+06 4.635461799929999979e+05
2.785799870000000169e+02 4.831431130005000159e+06 4.635461599730000016e+05
2.785299989999999752e+02 4.831431119994999841e+06 4.635462500000000000e+05
2.786300049999999828e+02 4.831431160004000179e+06 4.635461799929999979e+05
2.786000060000000076e+02 4.831431160004000179e+06 4.635461900020000176e+05
2.785700069999999755e+02 4.831431149993999861e+06 4.635462100220000139e+05
2.786700129999999831e+02 4.831431179992999882e+06 4.635461599730000016e+05
2.786099849999999947e+02 4.831431160004000179e+06 4.635461900020000176e+05
2.785899959999999851e+02 4.831431149993999861e+06 4.635462100220000139e+05
2.795499879999999848e+02 4.831430429992999882e+06 4.635453499760000268e+05
2.795299989999999752e+02 4.831430420013000257e+06 4.635453599849999882e+05
2.785700069999999755e+02 4.831430140014999546e+06 4.635454899899999727e+05
2.786799930000000245e+02 4.831431200012000278e+06 4.635456599730000016e+05
2.797500000000000000e+02 4.831431100006000139e+06 4.635456500239999732e+05
2.786900019999999927e+02 4.831431309998000041e+06 4.635457000119999866e+05
2.794800109999999904e+02 4.831431359985000454e+06 4.635458400269999984e+05
