463546.109985 4831431.880005 279.600006
463546.130005 4831431.910004 279.250000
463545.479980 4831432.160004 278.450012
463545.539978 4831432.149994 278.459991
463545.530029 4831432.119995 278.450012
463545.520020 4831432.149994 278.480011
463546.119995 4831431.880005 279.269989
463546.099976 4831431.899994 279.480011
463546.109985 4831431.920013 279.500000
463546.070007 4831431.890015 279.679993
463545.479980 4831432.130005 278.470001
463546.109985 4831431.880005 279.279999
463546.119995 4831431.850006 279.359985
463546.130005 4831431.869995 279.309998
463546.119995 4831431.929993 279.290009
463545.500000 4831431.850006 279.549988
463545.469971 4831432.119995 278.429993
463545.609985 4831431.899994 279.890015
463546.010010 4831431.899994 279.260010
463546.099976 4831431.850006 279.350006
463545.450012 4831432.130005 278.410004
463545.580017 4831431.950012 279.829987
463545.599976 4831431.890015 279.809998
463545.450012 4831432.130005 278.450012
463546.130005 4831431.970001 279.500000
463546.119995 4831431.970001 279.559998
463546.070007 4831431.920013 279.190002
463545.469971 4831432.119995 278.470001
463545.469971 4831432.119995 278.470001
463545.469971 4831432.130005 278.410004
463545.450012 4831432.149994 278.410004
463545.419983 4831432.179993 278.440002
463545.429993 4831432.179993 278.420013
463545.419983 4831432.190002 278.429993
463545.609985 4831431.859985 279.910004
463545.440002 4831432.149994 278.410004
463546.109985 4831431.850006 279.359985
463546.119995 4831431.850006 279.309998
463546.109985 4831431.910004 279.190002
463545.479980 4831432.109985 278.420013
463545.359985 4831432.250000 278.410004
463545.140015 4831431.989990 280.149994
463545.419983 4831432.149994 278.420013
463546.109985 4831431.940002 279.480011
463545.109985 4831431.970001 280.070007
463545.200012 4831431.910004 280.179993
463545.409973 4831432.200012 278.410004
463545.440002 4831432.190002 278.429993
463545.440002 4831432.160004 278.440002
463545.460022 4831432.149994 278.420013
463545.469971 4831432.140015 278.420013
463545.489990 4831432.130005 278.440002
463545.590027 4831431.859985 279.929993
463545.270020 4831431.890015 280.179993
463545.469971 4831432.130005 278.450012
463545.440002 4831432.179993 278.420013
463546.059998 4831431.940002 279.570007
463545.489990 4831432.149994 278.450012
463546.099976 4831431.959991 279.630005
463546.109985 4831431.899994 279.529999
463546.130005 4831431.850006 279.290009
463546.109985 4831431.880005 279.519989
463546.109985 4831431.839996 279.279999
463546.119995 4831431.850006 279.329987
463546.109985 4831431.850006 279.299988
463546.109985 4831431.839996 279.290009
463545.520020 4831432.109985 278.470001
463545.469971 4831432.209991 278.410004
463545.960022 4831431.950012 279.200012
463546.109985 4831431.940002 279.459991
463545.489990 4831432.160004 278.480011
463545.510010 4831432.130005 278.429993
463546.090027 4831431.959991 279.559998
463546.059998 4831433.299988 280.190002
463546.130005 4831433.269989 280.200012
463546.109985 4831433.250000 280.200012
463546.169983 4831431.920013 279.700012
463546.150024 4831431.910004 279.279999
463546.140015 4831432.000000 279.640015
463546.150024 4831431.859985 279.440002
463546.140015 4831431.880005 279.529999
463546.150024 4831431.880005 279.260010
463546.200012 4831431.890015 279.619995
463546.150024 4831431.839996 279.290009
463546.140015 4831431.839996 279.380005
463546.150024 4831431.850006 279.279999
463546.200012 4831432.230011 279.790009
463546.190002 4831432.239990 279.839996
463546.190002 4831432.269989 279.880005
463546.179993 4831431.839996 279.339996
463546.190002 4831432.290009 279.779999
463546.159973 4831432.059998 280.100006
463546.150024 4831432.040009 280.130005
463546.130005 4831431.920013 279.440002
463546.159973 4831431.890015 279.380005
463546.179993 4831431.869995 279.369995
463546.130005 4831431.920013 279.299988
463546.190002 4831433.140015 280.179993
463546.190002 4831433.320007 280.179993
463546.169983 4831433.299988 280.190002
463546.140015 4831433.290009 280.190002
463546.169983 4831433.309998 280.200012
463546.150024 4831433.299988 280.200012
463546.169983 4831433.299988 280.200012
463546.090027 4831433.390015 280.160004
463546.090027 4831433.329987 280.179993
463546.119995 4831433.369995 280.179993
463546.070007 4831433.459991 280.179993
463546.030029 4831433.320007 280.209991
463546.070007 4831433.350006 280.170013
463546.090027 4831433.410004 280.179993
463546.030029 4831433.399994 280.190002
463546.070007 4831433.320007 280.170013
463546.070007 4831433.359985 280.200012
463546.049988 4831433.309998 280.160004
463546.090027 4831433.369995 280.200012
463546.090027 4831433.380005 280.140015
463546.109985 4831433.320007 280.170013
463546.119995 4831433.380005 280.200012
463546.130005 4831433.369995 280.170013
463546.059998 4831433.410004 280.130005
463546.190002 4831433.350006 280.200012
463546.179993 4831433.339996 280.179993
463546.169983 4831433.350006 280.209991
463546.140015 4831433.350006 280.190002
463546.159973 4831433.350006 280.200012
463546.140015 4831433.369995 280.200012
463546.150024 4831433.339996 280.179993
463546.200012 4831433.339996 280.209991
463546.140015 4831433.369995 280.200012
