463546.130005 4831430.359985 281.119995
463546.119995 4831430.359985 281.559998
463546.130005 4831430.380005 281.010010
463546.130005 4831430.399994 281.079987
463546.130005 4831430.420013 281.160004
463546.109985 4831430.380005 281.070007
463546.119995 4831430.399994 281.140015
463546.119995 4831430.420013 281.190002
463546.130005 4831430.399994 281.179993
463546.130005 4831430.390015 281.079987
463546.130005 4831430.390015 281.019989
463546.109985 4831430.390015 281.170013
463546.119995 4831430.369995 281.049988
463546.119995 4831430.369995 281.179993
463546.109985 4831430.359985 281.040009
463546.119995 4831430.369995 281.179993
463546.109985 4831430.359985 281.040009
463546.130005 4831430.410004 281.040009
463546.119995 4831430.399994 281.130005
463546.109985 4831430.329987 281.040009
463546.119995 4831430.299988 280.980011
463546.119995 4831430.859985 280.829987
463546.119995 4831430.880005 280.859985
463546.119995 4831430.920013 280.869995
463546.109985 4831430.500000 281.170013
463546.419983 4831429.940002 281.170013
463546.440002 4831429.989990 280.850006
463546.419983 4831429.950012 281.109985
463546.400024 4831429.980011 281.089996
463546.349976 4831429.980011 281.170013
463546.340027 4831430.010010 281.140015
463546.390015 4831430.450012 280.920013
463546.380005 4831430.450012 280.980011
463546.419983 4831429.940002 280.869995
463546.409973 4831429.950012 280.920013
463546.400024 4831429.950012 280.970001
463546.380005 4831429.959991 280.820007
463546.280029 4831430.079987 281.250000
463546.369995 4831430.429993 280.910004
463546.359985 4831430.429993 280.970001
463546.190002 4831430.399994 280.890015
463546.190002 4831430.380005 280.950012
463546.179993 4831430.369995 281.019989
463546.190002 4831430.380005 281.059998
463546.179993 4831430.369995 281.119995
463546.179993 4831430.359985 281.179993
463546.159973 4831430.350006 281.109985
463546.169983 4831430.309998 281.019989
463546.169983 4831430.320007 281.059998
463546.190002 4831430.329987 280.829987
463546.179993 4831430.339996 280.890015
463546.140015 4831430.339996 281.019989
463546.130005 4831430.350006 281.070007
463546.260010 4831430.440002 281.179993
463546.280029 4831430.399994 281.519989
463546.380005 4831429.989990 281.179993
463546.179993 4831430.309998 281.359985
463546.169983 4831430.309998 281.760010
463546.169983 4831430.290009 281.679993
463546.200012 4831430.299988 281.489990
463546.179993 4831430.350006 281.760010
463546.169983 4831430.339996 281.549988
463546.190002 4831430.299988 281.470001
463546.380005 4831429.959991 280.890015
463546.330017 4831429.989990 281.100006
463546.330017 4831429.980011 281.179993
463546.390015 4831429.950012 280.829987
463546.179993 4831430.350006 281.029999
463546.190002 4831430.380005 281.029999
463546.400024 4831429.929993 281.109985
463546.340027 4831430.429993 280.869995
463546.270020 4831430.070007 281.230011
463546.260010 4831430.049988 281.190002
463546.390015 4831430.450012 280.980011
463546.289978 4831430.059998 281.149994
463546.390015 4831429.950012 281.200012
463546.429993 4831429.980011 280.950012
463546.429993 4831429.970001 280.829987
463546.140015 4831430.339996 281.140015
463546.169983 4831430.369995 281.140015
463546.150024 4831430.350006 281.119995
463546.210022 4831430.369995 280.980011
463546.190002 4831430.350006 280.959991
463546.229980 4831430.350006 280.820007
463546.340027 4831429.929993 281.329987
463546.409973 4831430.019989 280.929993
463546.369995 4831430.019989 280.850006
463546.289978 4831430.049988 281.109985
463546.270020 4831430.079987 281.170013
463546.250000 4831430.130005 281.239990
463546.330017 4831429.989990 281.100006
463546.369995 4831430.019989 280.929993
463546.270020 4831430.070007 281.119995
463546.190002 4831430.359985 280.890015
463546.190002 4831430.380005 280.829987
463546.130005 4831430.369995 281.140015
463546.150024 4831430.399994 281.140015
463546.150024 4831430.410004 281.059998
463546.159973 4831430.420013 280.980011
463546.390015 4831429.959991 280.890015
463546.349976 4831429.950012 281.119995
463546.299988 4831430.019989 281.059998
463546.320007 4831429.980011 281.070007
463546.390015 4831430.010010 280.820007
463546.390015 4831430.000000 280.880005
463546.369995 4831429.959991 281.079987
463546.409973 4831429.989990 280.920013
463546.140015 4831430.420013 281.000000
463546.179993 4831430.410004 280.820007
463546.169983 4831430.399994 280.859985
463546.159973 4831430.380005 280.869995
463546.330017 4831429.929993 281.450012
463546.330017 4831429.929993 281.359985
463546.340027 4831429.940002 281.320007
463546.440002 4831429.989990 280.950012
463546.450012 4831430.010010 280.929993
463546.260010 4831430.429993 280.890015
463546.359985 4831429.959991 281.179993
463546.359985 4831429.970001 281.130005
463546.380005 4831429.980011 281.100006
463546.419983 4831430.000000 280.920013
463546.330017 4831430.029999 281.109985
463546.359985 4831429.959991 281.290009
463546.330017 4831429.950012 281.329987
463546.349976 4831429.959991 281.290009
463546.369995 4831429.959991 281.200012
463546.320007 4831429.940002 281.339996
463546.340027 4831429.950012 281.309998
463546.330017 4831429.959991 281.260010
463546.349976 4831429.970001 281.220001
463546.359985 4831429.970001 281.179993
463546.369995 4831429.980011 281.149994
463546.450012 4831430.049988 281.000000
463546.330017 4831429.980011 281.140015
463546.349976 4831430.019989 281.140015
463546.359985 4831430.010010 281.079987
463546.380005 4831430.000000 280.989990
463546.400024 4831430.010010 280.959991
463546.409973 4831430.010010 280.899994
463546.349976 4831430.010010 281.040009
463546.369995 4831430.000000 280.989990
463546.380005 4831430.019989 280.950012
463546.400024 4831430.010010 280.890015
463546.340027 4831430.079987 281.200012
463546.349976 4831430.019989 281.070007
463546.359985 4831430.000000 281.010010
463546.369995 4831430.010010 280.980011
463546.390015 4831430.019989 280.940002
463546.400024 4831430.010010 280.890015
463546.349976 4831429.989990 280.970001
463546.359985 4831430.019989 280.950012
463546.369995 4831430.019989 280.910004
463546.390015 4831430.019989 280.869995
463546.359985 4831430.029999 280.890015
463546.380005 4831430.029999 280.839996
463546.390015 4831430.049988 280.809998
463546.299988 4831430.119995 281.170013
463546.270020 4831430.140015 281.190002
463546.400024 4831430.450012 280.989990
463546.229980 4831430.399994 280.929993
463546.229980 4831430.399994 280.890015
463546.169983 4831430.390015 281.170013
463546.179993 4831430.399994 281.130005
463546.190002 4831430.420013 281.059998
463546.190002 4831430.420013 281.010010
463546.190002 4831430.420013 280.950012
463546.190002 4831430.429993 280.910004
463546.179993 4831430.019989 281.470001
463546.190002 4831430.429993 281.089996
463546.200012 4831430.429993 280.980011
463546.210022 4831430.410004 280.910004
463546.140015 4831430.459991 281.010010
463546.369995 4831429.929993 281.100006
463546.359985 4831429.950012 281.089996
463546.299988 4831430.040009 281.109985
463546.250000 4831430.119995 281.230011
463546.250000 4831430.160004 281.260010
463546.320007 4831430.010010 281.000000
463546.169983 4831430.390015 280.859985
463546.179993 4831430.410004 280.910004
463546.159973 4831430.390015 280.940002
463546.159973 4831430.410004 280.989990
463546.130005 4831430.380005 280.940002
463546.140015 4831430.399994 281.040009
463546.140015 4831430.420013 281.109985
463546.260010 4831429.929993 281.519989
463546.349976 4831429.950012 281.190002
463546.169983 4831430.399994 280.910004
463546.179993 4831430.390015 280.950012
463546.159973 4831430.399994 281.029999
463546.140015 4831430.399994 281.100006
463546.140015 4831430.410004 280.910004
463546.380005 4831430.450012 281.059998
463546.400024 4831429.950012 281.420013
463546.409973 4831430.420013 281.070007
463546.390015 4831430.380005 281.019989
463546.380005 4831430.390015 281.000000
463546.179993 4831430.369995 280.869995
463546.150024 4831430.390015 281.130005
463546.140015 4831430.369995 281.160004
463546.229980 4831430.410004 281.089996
463546.159973 4831430.350006 281.109985
463546.159973 4831430.309998 280.920013
463546.340027 4831429.940002 281.399994
463546.400024 4831429.929993 280.880005
463546.409973 4831430.040009 280.839996
463546.409973 4831429.989990 281.359985
463546.330017 4831430.049988 281.089996
463546.270020 4831430.119995 281.179993
463546.349976 4831429.950012 281.290009
463546.369995 4831429.970001 281.170013
463546.289978 4831430.079987 281.140015
463546.309998 4831430.049988 281.089996
463546.330017 4831430.019989 281.049988
463546.400024 4831430.029999 280.899994
463546.450012 4831429.980011 280.839996
463546.200012 4831430.429993 280.920013
463546.159973 4831430.429993 280.859985
463546.210022 4831430.410004 280.880005
463546.200012 4831430.440002 280.859985
463546.390015 4831429.940002 281.380005
463546.250000 4831430.040009 281.160004
463546.359985 4831430.459991 281.059998
463546.369995 4831430.429993 281.070007
463546.349976 4831430.450012 281.049988
463546.330017 4831430.440002 281.049988
463546.340027 4831430.399994 281.119995
463546.340027 4831430.410004 280.970001
463546.179993 4831430.350006 280.829987
463546.169983 4831430.369995 280.890015
463546.150024 4831430.380005 280.950012
463546.140015 4831430.399994 281.000000
463546.140015 4831430.320007 280.880005
463546.229980 4831430.049988 281.179993
463546.150024 4831430.299988 280.929993
463546.380005 4831429.929993 281.100006
463546.380005 4831429.940002 281.209991
463546.409973 4831429.929993 281.149994
463546.289978 4831430.049988 281.200012
463546.299988 4831430.049988 281.170013
463546.359985 4831429.950012 281.500000
463546.320007 4831430.019989 281.130005
463546.390015 4831429.989990 281.230011
463546.440002 4831429.980011 280.929993
463546.429993 4831429.970001 280.820007
463546.309998 4831430.070007 281.170013
463546.200012 4831430.000000 281.390015
463546.200012 4831430.000000 281.369995
463546.380005 4831430.480011 280.890015
463546.140015 4831430.899994 280.899994
463546.400024 4831430.799988 281.720001
463546.390015 4831430.809998 281.660004
463546.179993 4831430.880005 280.980011
463546.159973 4831430.859985 280.970001
463546.169983 4831430.859985 280.859985
463546.179993 4831430.489990 281.549988
463546.190002 4831430.899994 280.980011
463546.179993 4831430.899994 280.940002
463546.210022 4831430.850006 280.899994
463546.200012 4831430.859985 280.850006
463546.369995 4831430.480011 280.950012
463546.340027 4831430.480011 280.989990
463546.169983 4831430.540009 281.059998
463546.340027 4831430.489990 280.950012
463546.299988 4831430.519989 280.959991
463546.140015 4831430.510010 281.170013
463546.229980 4831430.480011 280.839996
463546.349976 4831430.489990 280.980011
463546.369995 4831430.519989 281.000000
463546.390015 4831430.510010 281.010010
463546.330017 4831430.470001 280.869995
463546.429993 4831430.510010 281.029999
463546.289978 4831430.470001 281.420013
463546.390015 4831430.480011 281.049988
463546.320007 4831430.480011 280.880005
463546.169983 4831430.529999 281.440002
463546.340027 4831430.470001 280.970001
463546.340027 4831430.470001 281.010010
