463546.859985 4831432.440002 278.339996
463546.890015 4831432.459991 278.390015
463546.890015 4831432.450012 278.350006
463546.919983 4831432.459991 278.440002
463546.909973 4831432.440002 278.410004
463546.859985 4831432.459991 278.339996
463546.640015 4831432.489990 278.339996
463546.619995 4831432.470001 278.359985
463546.609985 4831432.480011 278.350006
463546.609985 4831432.510010 278.329987
463546.609985 4831432.459991 278.339996
463546.650024 4831432.480011 278.359985
463546.700012 4831432.869995 278.910004
463546.750000 4831433.170013 278.970001
463547.080017 4831433.089996 278.450012
463547.059998 4831432.940002 278.320007
463546.619995 4831433.130005 278.890015
463546.789978 4831433.179993 279.059998
463546.750000 4831433.170013 279.000000
463547.020020 4831433.070007 278.390015
463547.039978 4831433.100006 278.450012
463547.059998 4831433.130005 278.470001
463546.919983 4831433.010010 278.329987
463546.940002 4831433.029999 278.320007
463546.739990 4831433.220001 279.019989
463546.679993 4831433.190002 278.950012
463546.690002 4831433.209991 278.959991
463547.030029 4831433.130005 278.459991
463547.039978 4831433.160004 278.480011
463546.900024 4831433.019989 278.309998
463546.690002 4831433.220001 278.959991
463546.929993 4831433.040009 278.350006
463546.690002 4831433.190002 278.950012
463546.760010 4831433.200012 279.000000
463546.750000 4831433.200012 279.040009
463546.960022 4831433.019989 278.339996
463546.940002 4831432.980011 278.309998
463547.000000 4831433.049988 278.390015
463546.989990 4831433.019989 278.369995
463547.059998 4831433.109985 278.480011
463546.669983 4831433.170013 278.899994
463546.619995 4831433.089996 278.829987
463546.780029 4831433.220001 279.049988
463546.950012 4831433.010010 278.309998
463547.010010 4831433.029999 278.369995
463546.969971 4831432.559998 279.059998
463546.760010 4831433.220001 279.029999
463546.750000 4831433.239990 279.040009
463546.650024 4831433.170013 278.859985
463547.020020 4831433.130005 278.410004
463546.960022 4831433.059998 278.329987
463546.760010 4831433.239990 279.059998
463546.619995 4831433.160004 278.880005
463546.700012 4831433.220001 278.980011
463546.679993 4831433.209991 278.910004
463546.700012 4831433.160004 278.929993
463546.700012 4831433.190002 278.920013
463546.630005 4831433.109985 278.859985
463546.919983 4831432.989990 278.309998
463546.919983 4831433.019989 278.320007
463547.030029 4831433.350006 279.079987
463547.000000 4831433.059998 278.540009
463547.000000 4831433.049988 278.470001
463546.989990 4831433.040009 278.459991
463546.960022 4831433.049988 278.440002
463546.960022 4831433.019989 278.440002
463546.940002 4831433.029999 278.410004
463546.960022 4831432.989990 278.399994
463546.929993 4831433.010010 278.410004
463546.950012 4831433.000000 278.429993
463546.929993 4831433.010010 278.399994
463546.919983 4831432.970001 278.350006
463546.710022 4831433.160004 279.070007
463546.900024 4831432.970001 278.369995
463546.719971 4831433.140015 279.059998
463546.690002 4831433.140015 279.089996
463546.700012 4831433.130005 279.029999
463546.679993 4831433.140015 279.010010
463546.640015 4831433.109985 278.970001
463546.919983 4831432.959991 278.320007
463546.679993 4831433.170013 278.910004
463546.690002 4831433.170013 278.950012
463546.619995 4831433.140015 278.839996
463546.640015 4831433.140015 278.880005
463546.909973 4831432.970001 278.320007
463546.650024 4831433.179993 278.869995
463546.659973 4831433.179993 278.920013
463546.890015 4831433.000000 278.309998
463546.669983 4831433.190002 278.890015
463546.659973 4831433.200012 278.910004
463546.679993 4831433.190002 278.929993
463546.669983 4831433.190002 278.899994
463546.679993 4831433.190002 278.940002
463546.929993 4831432.989990 278.309998
463546.669983 4831433.200012 278.910004
463546.679993 4831433.200012 278.959991
463546.659973 4831433.200012 278.880005
463546.679993 4831433.190002 278.910004
463546.669983 4831433.200012 278.899994
463546.679993 4831433.200012 278.929993
463546.929993 4831432.989990 278.320007
463546.679993 4831433.200012 278.899994
463546.679993 4831433.200012 278.959991
463546.679993 4831433.209991 278.929993
463546.700012 4831433.200012 278.950012
463546.679993 4831433.220001 278.929993
463546.710022 4831433.200012 278.959991
463546.690002 4831433.209991 278.920013
463546.700012 4831433.200012 278.950012
463546.690002 4831433.209991 278.929993
463546.700012 4831433.200012 278.959991
463546.690002 4831433.220001 278.940002
463546.710022 4831433.209991 278.950012
463546.719971 4831433.209991 278.989990
463546.940002 4831433.010010 278.309998
463546.700012 4831433.230011 278.950012
463546.719971 4831433.220001 278.970001
463546.950012 4831433.019989 278.309998
463546.969971 4831433.010010 278.320007
463546.729980 4831433.220001 278.959991
463546.750000 4831433.220001 279.010010
463546.929993 4831433.019989 278.309998
463546.710022 4831433.220001 278.959991
463546.729980 4831433.220001 279.010010
463546.960022 4831433.029999 278.309998
463546.739990 4831433.230011 278.980011
463546.750000 4831433.230011 279.019989
463546.760010 4831433.230011 279.070007
463546.950012 4831433.040009 278.320007
463546.960022 4831433.040009 278.359985
463546.729980 4831433.239990 278.970001
463546.750000 4831433.230011 279.010010
463546.780029 4831433.220001 279.040009
463546.950012 4831433.029999 278.320007
463546.969971 4831433.019989 278.329987
463546.739990 4831433.230011 279.000000
463546.760010 4831433.220001 279.040009
463546.950012 4831433.010010 278.320007
463546.700012 4831433.230011 278.950012
463546.719971 4831433.209991 278.980011
463546.739990 4831433.209991 279.010010
463546.950012 4831433.010010 278.320007
463546.700012 4831433.230011 278.959991
463546.719971 4831433.220001 278.980011
463546.729980 4831433.230011 279.040009
463546.669983 4831433.230011 278.940002
463546.700012 4831433.209991 278.940002
463546.719971 4831433.200012 278.959991
463546.669983 4831433.200012 278.890015
463546.690002 4831433.190002 278.929993
463546.659973 4831433.179993 278.890015
463546.669983 4831433.190002 278.899994
463546.669983 4831433.179993 278.890015
463546.659973 4831433.200012 278.890015
463546.679993 4831433.200012 278.929993
463546.700012 4831433.220001 278.940002
463546.710022 4831433.220001 278.970001
463546.719971 4831433.220001 279.010010
463546.979980 4831433.049988 278.339996
463547.010010 4831433.100006 278.380005
463547.030029 4831433.089996 278.399994
463547.049988 4831433.149994 278.470001
463546.609985 4831433.100006 278.859985
463546.640015 4831433.140015 278.869995
463546.659973 4831433.179993 278.910004
463546.690002 4831433.220001 278.950012
463546.710022 4831433.209991 278.980011
463546.729980 4831433.209991 279.029999
463546.750000 4831433.209991 278.959991
463546.750000 4831433.230011 279.029999
463546.770020 4831433.220001 279.070007
463546.950012 4831433.019989 278.309998
463546.969971 4831433.010010 278.339996
463547.000000 4831433.070007 278.380005
463547.010010 4831433.070007 278.429993
463546.989990 4831433.010010 278.380005
463546.969971 4831433.019989 278.359985
463546.960022 4831432.970001 278.339996
463546.929993 4831432.980011 278.329987
463546.710022 4831433.149994 278.910004
463546.679993 4831433.170013 278.929993
463546.650024 4831433.140015 278.920013
463546.630005 4831433.100006 278.890015
463546.609985 4831433.109985 278.859985
463547.039978 4831433.010010 278.410004
463546.750000 4831433.140015 279.010010
463547.020020 4831432.989990 278.390015
463546.729980 4831433.119995 278.980011
463546.710022 4831433.140015 278.970001
463546.710022 4831433.109985 278.980011
463546.710022 4831433.109985 278.989990
463546.919983 4831432.989990 278.309998
463546.929993 4831433.000000 278.320007
463546.969971 4831433.029999 278.339996
463546.969971 4831433.049988 278.350006
463546.989990 4831433.059998 278.339996
463547.000000 4831433.070007 278.390015
463547.020020 4831433.089996 278.380005
463546.729980 4831433.239990 278.989990
463546.750000 4831433.230011 279.000000
463546.770020 4831433.260010 279.040009
463547.059998 4831433.160004 278.459991
463546.609985 4831433.130005 278.829987
463546.640015 4831433.170013 278.850006
463546.659973 4831433.160004 278.899994
463546.679993 4831433.209991 278.910004
463546.729980 4831433.239990 278.980011
463546.750000 4831433.230011 279.010010
463546.950012 4831433.049988 278.320007
463546.969971 4831433.029999 278.329987
463546.979980 4831433.079987 278.339996
463547.030029 4831433.109985 278.399994
463547.059998 4831433.140015 278.440002
463546.609985 4831433.149994 278.850006
463546.630005 4831433.140015 278.859985
463546.659973 4831433.190002 278.890015
463546.719971 4831433.239990 278.959991
463546.750000 4831433.239990 279.000000
463546.960022 4831433.059998 278.320007
463546.989990 4831433.040009 278.329987
463547.020020 4831433.119995 278.410004
463546.669983 4831433.190002 278.929993
463546.609985 4831433.119995 278.839996
463547.150024 4831433.380005 278.570007
463547.150024 4831433.290009 278.850006
463547.030029 4831433.089996 278.440002
463546.630005 4831433.100006 278.899994
463546.719971 4831433.190002 278.929993
463546.789978 4831433.220001 279.040009
463547.070007 4831433.109985 278.420013
463547.450012 4831433.350006 278.820007
463547.419983 4831433.359985 278.790009
463547.390015 4831433.359985 278.859985
463547.419983 4831433.359985 278.899994
463547.299988 4831433.359985 278.940002
463547.200012 4831433.279999 278.890015
463547.320007 4831433.399994 278.869995
463547.299988 4831433.380005 278.890015
463547.380005 4831433.380005 278.880005
463547.330017 4831433.399994 278.859985
463547.309998 4831433.410004 278.940002
463547.200012 4831433.410004 278.579987
463547.250000 4831433.399994 278.920013
463547.280029 4831433.390015 278.890015
463547.299988 4831433.369995 278.880005
463547.250000 4831433.320007 278.920013
463547.260010 4831433.320007 278.859985
463547.320007 4831433.410004 278.839996
463547.349976 4831433.420013 278.880005
463547.330017 4831433.399994 278.950012
463547.330017 4831433.410004 278.899994
463547.349976 4831433.410004 278.859985
463547.349976 4831433.410004 278.910004
463547.349976 4831433.420013 278.869995
463547.340027 4831433.410004 278.940002
463547.299988 4831433.350006 278.859985
463547.289978 4831433.390015 278.859985
463547.280029 4831433.410004 278.890015
463547.239990 4831433.410004 278.589996
463547.369995 4831433.390015 278.869995
463547.219971 4831433.410004 278.859985
