463546.559998 4831428.209991 282.279999
463546.510010 4831428.239990 282.320007
463546.510010 4831428.250000 282.359985
463546.520020 4831428.269989 282.399994
463546.520020 4831428.260010 282.470001
463546.440002 4831428.390015 282.290009
463546.659973 4831428.220001 282.320007
463546.479980 4831428.230011 282.380005
463546.469971 4831428.230011 282.429993
463546.460022 4831428.230011 282.489990
463546.330017 4831428.309998 282.690002
463546.380005 4831428.359985 282.329987
463546.409973 4831428.339996 282.269989
463546.369995 4831428.350006 282.350006
463546.340027 4831428.399994 282.690002
463546.429993 4831428.230011 282.500000
463546.349976 4831428.399994 282.690002
463546.419983 4831428.290009 282.359985
463546.489990 4831428.369995 282.790009
463546.460022 4831428.410004 282.380005
463546.539978 4831428.290009 282.309998
463546.549988 4831428.239990 282.529999
463546.659973 4831428.260010 282.309998
463546.460022 4831428.380005 282.309998
463546.489990 4831428.359985 282.279999
463546.479980 4831428.230011 282.359985
463546.489990 4831428.239990 282.390015
463546.450012 4831428.279999 282.489990
463546.400024 4831428.369995 282.320007
463546.390015 4831428.339996 282.420013
463546.409973 4831428.350006 282.359985
463546.400024 4831428.299988 282.399994
463546.400024 4831428.269989 282.429993
463546.419983 4831428.309998 282.329987
463546.429993 4831428.309998 282.269989
463546.409973 4831428.320007 282.339996
463546.400024 4831428.380005 282.299988
463546.380005 4831428.390015 282.339996
463546.619995 4831428.239990 282.299988
463546.450012 4831428.220001 282.290009
463546.440002 4831428.239990 282.420013
463546.450012 4831428.250000 282.440002
463546.390015 4831428.339996 282.329987
463546.359985 4831428.380005 282.299988
463546.440002 4831428.230011 282.480011
463546.400024 4831428.220001 282.339996
463546.380005 4831428.339996 282.299988
463546.390015 4831428.359985 282.269989
463546.400024 4831428.359985 282.690002
463546.429993 4831428.290009 282.260010
463546.440002 4831428.239990 282.429993
463546.380005 4831428.410004 282.660004
463546.349976 4831428.380005 282.290009
463546.390015 4831428.339996 282.359985
463546.409973 4831428.279999 282.339996
463546.450012 4831428.250000 282.299988
463546.429993 4831428.209991 282.410004
463546.469971 4831428.220001 282.320007
463546.380005 4831428.399994 282.350006
463546.359985 4831428.390015 282.320007
463546.409973 4831428.390015 282.279999
463546.409973 4831428.350006 282.390015
463546.440002 4831428.329987 282.290009
463546.659973 4831428.220001 282.339996
463546.630005 4831428.260010 282.299988
463546.539978 4831428.230011 282.329987
463546.460022 4831428.200012 282.309998
463546.469971 4831428.230011 282.290009
463546.409973 4831428.220001 282.440002
463546.390015 4831428.220001 282.450012
463546.400024 4831428.239990 282.440002
463546.429993 4831428.279999 282.429993
463546.440002 4831428.239990 282.350006
463546.460022 4831428.239990 282.320007
463546.450012 4831428.209991 282.290009
463546.469971 4831428.230011 282.279999
463546.460022 4831428.230011 282.309998
463546.460022 4831428.209991 282.279999
463546.469971 4831428.230011 282.269989
463546.450012 4831428.250000 282.339996
463546.380005 4831428.220001 282.450012
463546.390015 4831428.239990 282.429993
463546.419983 4831428.290009 282.440002
463546.409973 4831428.290009 282.269989
463546.359985 4831428.380005 282.299988
463546.369995 4831428.399994 282.269989
463546.640015 4831428.250000 282.269989
463546.400024 4831428.220001 282.440002
463546.419983 4831428.239990 282.440002
463546.429993 4831428.260010 282.420013
463546.450012 4831428.250000 282.470001
463546.349976 4831428.399994 282.690002
463546.349976 4831428.410004 282.290009
463546.429993 4831428.279999 282.390015
463546.450012 4831428.250000 282.320007
463546.369995 4831428.410004 282.730011
463546.419983 4831428.279999 282.410004
463546.460022 4831428.230011 282.279999
463546.599976 4831428.260010 282.279999
463546.590027 4831428.260010 282.260010
463546.400024 4831428.269989 282.369995
463546.409973 4831428.320007 282.290009
463546.390015 4831428.339996 282.260010
463546.349976 4831428.410004 282.739990
463546.359985 4831428.339996 282.679993
463546.429993 4831428.250000 282.399994
463546.409973 4831428.230011 282.410004
463546.400024 4831428.220001 282.450012
463546.450012 4831428.220001 282.369995
463546.340027 4831428.410004 282.329987
463546.359985 4831428.380005 282.299988
463546.469971 4831428.209991 282.320007
463546.359985 4831428.399994 282.279999
463546.440002 4831428.279999 282.440002
463546.429993 4831428.260010 282.450012
463546.460022 4831428.250000 282.350006
463546.460022 4831428.230011 282.380005
463546.450012 4831428.220001 282.399994
463546.450012 4831428.260010 282.339996
463546.460022 4831428.220001 282.269989
463546.429993 4831428.260010 282.450012
463546.409973 4831428.269989 282.429993
463546.409973 4831428.290009 282.459991
463546.390015 4831428.329987 282.279999
463546.369995 4831428.350006 282.329987
463546.369995 4831428.209991 282.459991
463546.440002 4831428.220001 282.290009
463546.440002 4831428.250000 282.290009
463546.419983 4831428.269989 282.380005
463546.419983 4831428.290009 282.450012
463546.369995 4831428.220001 282.470001
463546.380005 4831428.279999 282.299988
463546.460022 4831428.209991 282.269989
463546.440002 4831428.230011 282.339996
463546.419983 4831428.250000 282.399994
463546.409973 4831428.269989 282.429993
463546.479980 4831428.279999 282.279999
463546.549988 4831428.239990 282.440002
463546.549988 4831428.209991 282.369995
463546.380005 4831428.329987 282.260010
463546.340027 4831428.369995 282.309998
463546.340027 4831428.410004 282.779999
463546.349976 4831428.299988 282.269989
463546.309998 4831428.320007 282.299988
463546.390015 4831428.399994 282.660004
463546.390015 4831428.329987 282.320007
463546.359985 4831428.339996 282.320007
463546.460022 4831428.250000 282.329987
463546.479980 4831428.239990 282.329987
463546.520020 4831428.230011 282.260010
463546.419983 4831428.220001 282.369995
463546.479980 4831428.230011 282.260010
463546.429993 4831428.309998 282.450012
463546.460022 4831428.290009 282.380005
463546.469971 4831428.290009 282.470001
463546.520020 4831428.239990 282.260010
463546.390015 4831428.380005 282.450012
463546.359985 4831428.410004 282.260010
463546.400024 4831428.399994 282.339996
463546.609985 4831428.279999 282.339996
463546.630005 4831428.290009 282.269989
463546.340027 4831428.200012 282.350006
463546.419983 4831428.220001 282.410004
463546.440002 4831428.260010 282.440002
463546.460022 4831428.239990 282.429993
463546.489990 4831428.239990 282.470001
463546.460022 4831428.279999 282.399994
463546.489990 4831428.239990 282.299988
463546.400024 4831428.390015 282.279999
463546.750000 4831428.369995 282.630005
463546.460022 4831428.209991 282.279999
463546.440002 4831428.220001 282.329987
463546.429993 4831428.239990 282.399994
463546.419983 4831428.260010 282.480011
463546.340027 4831428.390015 282.399994
463546.380005 4831428.339996 282.399994
463546.429993 4831428.239990 282.420013
463546.409973 4831428.250000 282.459991
463546.469971 4831428.230011 282.369995
463546.460022 4831428.239990 282.269989
463546.510010 4831428.209991 282.279999
463546.419983 4831428.320007 282.380005
463546.409973 4831428.339996 282.269989
463546.369995 4831428.410004 282.450012
463546.450012 4831428.279999 282.480011
463546.450012 4831428.269989 282.429993
463546.469971 4831428.260010 282.410004
463546.489990 4831428.239990 282.329987
463546.489990 4831428.230011 282.269989
463546.359985 4831428.410004 282.299988
463546.380005 4831428.399994 282.279999
463546.400024 4831428.390015 282.260010
463546.640015 4831428.250000 282.269989
463546.409973 4831428.369995 282.260010
463546.659973 4831428.250000 282.260010
463546.390015 4831428.489990 282.739990
463546.400024 4831428.450012 282.660004
463546.330017 4831428.480011 282.739990
463546.340027 4831428.429993 282.339996
463546.609985 4831428.679993 283.130005
463546.380005 4831428.519989 282.470001
463546.359985 4831428.489990 282.459991
463546.400024 4831428.500000 282.420013
463546.380005 4831428.480011 282.399994
463546.309998 4831428.480011 282.380005
463546.330017 4831428.500000 282.399994
463546.359985 4831428.480011 282.730011
463546.340027 4831428.489990 282.720001
463546.340027 4831428.500000 282.779999
463546.320007 4831428.450012 282.369995
463546.309998 4831428.489990 282.399994
463546.369995 4831428.450012 282.679993
463546.349976 4831428.459991 282.769989
463546.330017 4831428.429993 282.339996
463546.309998 4831428.420013 282.339996
463546.380005 4831428.459991 282.760010
463546.349976 4831428.450012 282.769989
463546.309998 4831428.429993 282.350006
463546.330017 4831428.420013 282.350006
463546.349976 4831428.500000 282.779999
463546.320007 4831428.489990 282.440002
463546.309998 4831428.540009 282.529999
463546.340027 4831428.450012 282.720001
463546.380005 4831428.420013 282.420013
463546.330017 4831428.529999 282.670013
463546.340027 4831428.480011 282.799988
463546.330017 4831428.519989 282.700012
463546.320007 4831428.500000 282.730011
463546.320007 4831428.440002 282.320007
463546.390015 4831428.429993 282.630005
463546.369995 4831428.480011 282.619995
463546.349976 4831428.420013 282.480011
463546.320007 4831428.440002 282.359985
463546.330017 4831428.459991 282.619995
463546.330017 4831428.489990 282.649994
463546.309998 4831428.529999 282.730011
463546.320007 4831428.510010 282.709991
463546.330017 4831428.540009 282.679993
463546.320007 4831428.510010 282.690002
463546.320007 4831428.540009 282.690002
463546.380005 4831428.450012 282.790009
463546.309998 4831428.429993 282.779999
463546.309998 4831428.429993 282.720001
463546.320007 4831428.429993 282.630005
463546.400024 4831428.440002 282.649994
463546.320007 4831428.429993 282.399994
463546.330017 4831428.459991 282.350006
463546.380005 4831428.450012 282.720001
463546.320007 4831428.549988 282.700012
463546.340027 4831428.540009 282.730011
463546.369995 4831428.519989 282.679993
463546.330017 4831428.529999 282.799988
463546.380005 4831428.480011 282.709991
463546.340027 4831428.529999 282.720001
463546.380005 4831428.440002 282.399994
463546.309998 4831428.510010 282.369995
463546.400024 4831428.470001 282.429993
463546.369995 4831428.489990 282.649994
463546.349976 4831428.480011 282.709991
463546.320007 4831428.489990 282.720001
463546.369995 4831428.489990 282.649994
463546.340027 4831428.480011 282.730011
463546.320007 4831428.500000 282.720001
463546.349976 4831428.459991 282.700012
463546.330017 4831428.480011 282.709991
463546.349976 4831428.500000 282.720001
463546.349976 4831428.480011 282.510010
463546.330017 4831428.480011 282.399994
