2.810899959999999851e+02 4.831433920013000257e+06 4.635491300049999845e+05
2.813800049999999828e+02 4.831434029999000020e+06 4.635488800049999845e+05
2.810700069999999755e+02 4.831433980011000298e+06 4.635491400150000118e+05
2.811000060000000076e+02 4.831433929992999882e+06 4.635491500239999732e+05
2.811900019999999927e+02 4.831433940001999959e+06 4.635491300049999845e+05
2.811700129999999831e+02 4.831433970000999980e+06 4.635490999760000268e+05
2.810700069999999755e+02 4.831433929992999882e+06 4.635490599979999824e+05
2.813800049999999828e+02 4.831433970000999980e+06 4.635489099730000016e+05
2.813699950000000172e+02 4.831434000000000000e+06 4.635489299929999979e+05
2.810400089999999977e+02 4.831433940001999959e+06 4.635490100100000273e+05
2.811400150000000053e+02 4.831433920013000257e+06 4.635490200199999963e+05
2.811300049999999828e+02 4.831433920013000257e+06 4.635490200199999963e+05
2.813500060000000076e+02 4.831433950012000278e+06 4.635489299929999979e+05
2.811199950000000172e+02 4.831433950012000278e+06 4.635490300290000159e+05
2.812799989999999752e+02 4.831433980011000298e+06 4.635488599849999882e+05
2.813699950000000172e+02 4.831433970000999980e+06 4.635488800049999845e+05
2.812099910000000023e+02 4.831433950012000278e+06 4.635488699950000155e+05
2.813399959999999851e+02 4.831433940001999959e+06 4.635489799800000037e+05
2.812300109999999904e+02 4.831434040009000339e+06 4.635490700070000021e+05
2.811000060000000076e+02 4.831433959990999661e+06 4.635491400150000118e+05
2.811400150000000053e+02 4.831433940001999959e+06 4.635491300049999845e+05
2.812000120000000152e+02 4.831433929992999882e+06 4.635491300049999845e+05
2.810799870000000169e+02 4.831433940001999959e+06 4.635491599730000016e+05
2.812300109999999904e+02 4.831433950012000278e+06 4.635492000119999866e+05
2.810799870000000169e+02 4.831433910004000179e+06 4.635491799929999979e+05
2.810100100000000225e+02 4.831433910004000179e+06 4.635491500239999732e+05
2.811700129999999831e+02 4.831433970000999980e+06 4.635491400150000118e+05
2.811499939999999924e+02 4.831433989989999682e+06 4.635491500239999732e+05
2.811600040000000149e+02 4.831434019988999702e+06 4.635491099849999882e+05
2.813900150000000053e+02 4.831433980011000298e+06 4.635489199830000289e+05
2.813200069999999755e+02 4.831433970000999980e+06 4.635489099730000016e+05
2.810899959999999851e+02 4.831433950012000278e+06 4.635492000119999866e+05
2.811600040000000149e+02 4.831433970000999980e+06 4.635491400150000118e+05
2.810700069999999755e+02 4.831433980011000298e+06 4.635490300290000159e+05
2.813900150000000053e+02 4.831433980011000298e+06 4.635489500119999866e+05
2.813599849999999947e+02 4.831433989989999682e+06 4.635489600220000139e+05
2.813800049999999828e+02 4.831434000000000000e+06 4.635489299929999979e+05
2.813800049999999828e+02 4.831433989989999682e+06 4.635489099730000016e+05
2.813200069999999755e+02 4.831433980011000298e+06 4.635489099730000016e+05
2.813500060000000076e+02 4.831434010010000318e+06 4.635489000239999732e+05
2.813800049999999828e+02 4.831434010010000318e+06 4.635488800049999845e+05
2.812200010000000248e+02 4.831433940001999959e+06 4.635491500239999732e+05
2.810799870000000169e+02 4.831433929992999882e+06 4.635491699830000289e+05
2.811600040000000149e+02 4.831433950012000278e+06 4.635491199950000155e+05
2.811300049999999828e+02 4.831433970000999980e+06 4.635491400150000118e+05
2.811799930000000245e+02 4.831433959990999661e+06 4.635490999760000268e+05
2.811400150000000053e+02 4.831433970000999980e+06 4.635491199950000155e+05
2.811099849999999947e+02 4.831433980011000298e+06 4.635491400150000118e+05
2.811600040000000149e+02 4.831433959990999661e+06 4.635491099849999882e+05
2.811300049999999828e+02 4.831433970000999980e+06 4.635491199950000155e+05
2.811400150000000053e+02 4.831433959990999661e+06 4.635491099849999882e+05
2.811099849999999947e+02 4.831433970000999980e+06 4.635491199950000155e+05
2.810799870000000169e+02 4.831433980011000298e+06 4.635491400150000118e+05
2.813599849999999947e+02 4.831433950012000278e+06 4.635490000000000000e+05
2.813900150000000053e+02 4.831433980011000298e+06 4.635489600220000139e+05
2.813599849999999947e+02 4.831433989989999682e+06 4.635489799800000037e+05
2.811400150000000053e+02 4.831433959990999661e+06 4.635490300290000159e+05
2.811400150000000053e+02 4.831433989989999682e+06 4.635490399779999861e+05
2.813800049999999828e+02 4.831433970000999980e+06 4.635489099730000016e+05
2.813699950000000172e+02 4.831433989989999682e+06 4.635489299929999979e+05
2.813299870000000169e+02 4.831434000000000000e+06 4.635489400020000176e+05
2.811000060000000076e+02 4.831433980011000298e+06 4.635490000000000000e+05
2.813800049999999828e+02 4.831434040009000339e+06 4.635488800049999845e+05
2.811700129999999831e+02 4.831433920013000257e+06 4.635491300049999845e+05
2.810100100000000225e+02 4.831433890014999546e+06 4.635489699709999841e+05
2.811400150000000053e+02 4.831433940001999959e+06 4.635491400150000118e+05
2.811799930000000245e+02 4.831433940001999959e+06 4.635491900020000176e+05
2.811900019999999927e+02 4.831433959990999661e+06 4.635491699830000289e+05
2.810700069999999755e+02 4.831433970000999980e+06 4.635490499880000134e+05
2.810100100000000225e+02 4.831433899993999861e+06 4.635491699830000289e+05
2.810700069999999755e+02 4.831433910004000179e+06 4.635490800169999711e+05
2.810899959999999851e+02 4.831433920013000257e+06 4.635491900020000176e+05
2.813599849999999947e+02 4.831433989989999682e+06 4.635488599849999882e+05
2.813599849999999947e+02 4.831433959990999661e+06 4.635489299929999979e+05
2.813200069999999755e+02 4.831433929992999882e+06 4.635489500119999866e+05
2.810400089999999977e+02 4.831433910004000179e+06 4.635491400150000118e+05
2.810499879999999848e+02 4.831433920013000257e+06 4.635491400150000118e+05
2.811199950000000172e+02 4.831433920013000257e+06 4.635490900269999984e+05
2.813699950000000172e+02 4.831433970000999980e+06 4.635489299929999979e+05
2.812699890000000096e+02 4.831433989989999682e+06 4.635489600220000139e+05
2.811300049999999828e+02 4.831433950012000278e+06 4.635490599979999824e+05
2.810799870000000169e+02 4.831433920013000257e+06 4.635491799929999979e+05
2.810799870000000169e+02 4.831433959990999661e+06 4.635491699830000289e+05
2.813999939999999924e+02 4.831433989989999682e+06 4.635489600220000139e+05
2.810100100000000225e+02 4.831433929992999882e+06 4.635490599979999824e+05
2.811300049999999828e+02 4.831433940001999959e+06 4.635490700070000021e+05
2.811099849999999947e+02 4.831433950012000278e+06 4.635491199950000155e+05
2.813999939999999924e+02 4.831433970000999980e+06 4.635489500119999866e+05
2.811900019999999927e+02 4.831433929992999882e+06 4.635491400150000118e+05
2.811700129999999831e+02 4.831433920013000257e+06 4.635491799929999979e+05
2.810599980000000073e+02 4.831433910004000179e+06 4.635490200199999963e+05
2.811099849999999947e+02 4.831433899993999861e+06 4.635490100100000273e+05
2.810899959999999851e+02 4.831433910004000179e+06 4.635491599730000016e+05
2.810100100000000225e+02 4.831433920013000257e+06 4.635491599730000016e+05
2.810700069999999755e+02 4.831433899993999861e+06 4.635491799929999979e+05
2.810700069999999755e+02 4.831433910004000179e+06 4.635491599730000016e+05
2.810199890000000096e+02 4.831433929992999882e+06 4.635490999760000268e+05
2.810599980000000073e+02 4.831433940001999959e+06 4.635490399779999861e+05
2.811799930000000245e+02 4.831433970000999980e+06 4.635490300290000159e+05
2.811499939999999924e+02 4.831433980011000298e+06 4.635490300290000159e+05
2.811199950000000172e+02 4.831433970000999980e+06 4.635490499880000134e+05
2.810100100000000225e+02 4.831433929992999882e+06 4.635491300049999845e+05
2.811600040000000149e+02 4.831433970000999980e+06 4.635490499880000134e+05
2.810100100000000225e+02 4.831433929992999882e+06 4.635491400150000118e+05
2.811099849999999947e+02 4.831433959990999661e+06 4.635490599979999824e+05
2.812000120000000152e+02 4.831433899993999861e+06 4.635488400269999984e+05
2.812799989999999752e+02 4.831433929992999882e+06 4.635489099730000016e+05
2.813299870000000169e+02 4.831433940001999959e+06 4.635489199830000289e+05
2.813200069999999755e+02 4.831433929992999882e+06 4.635489400020000176e+05
2.814200129999999831e+02 4.831433989989999682e+06 4.635489500119999866e+05
2.812600100000000225e+02 4.831433970000999980e+06 4.635489000239999732e+05
2.812000120000000152e+02 4.831433929992999882e+06 4.635491900020000176e+05
2.811600040000000149e+02 4.831433950012000278e+06 4.635491799929999979e+05
2.811300049999999828e+02 4.831433880005000159e+06 4.635493400269999984e+05
2.810700069999999755e+02 4.831433970000999980e+06 4.635492700199999963e+05
2.810299989999999752e+02 4.831433910004000179e+06 4.635492899779999861e+05
2.810400089999999977e+02 4.831433950012000278e+06 4.635492399899999727e+05
2.810299989999999752e+02 4.831433899993999861e+06 4.635492199709999841e+05
2.810599980000000073e+02 4.831433880005000159e+06 4.635492700199999963e+05
2.811000060000000076e+02 4.831433920013000257e+06 4.635492999880000134e+05
2.810499879999999848e+02 4.831433940001999959e+06 4.635492399899999727e+05
2.810899959999999851e+02 4.831433970000999980e+06 4.635492399899999727e+05
2.812399899999999775e+02 4.831433950012000278e+06 4.635492600100000273e+05
2.810799870000000169e+02 4.831433890014999546e+06 4.635492999880000134e+05
2.810499879999999848e+02 4.831433899993999861e+06 4.635493099979999824e+05
2.811300049999999828e+02 4.831433950012000278e+06 4.635493099979999824e+05
2.810899959999999851e+02 4.831433959990999661e+06 4.635493200070000021e+05
2.811000060000000076e+02 4.831434010010000318e+06 4.635492700199999963e+05
2.812200010000000248e+02 4.831433920013000257e+06 4.635492999880000134e+05
2.812399899999999775e+02 4.831433929992999882e+06 4.635492700199999963e+05
2.811099849999999947e+02 4.831433910004000179e+06 4.635493400269999984e+05
2.810799870000000169e+02 4.831433989989999682e+06 4.635492600100000273e+05
2.812300109999999904e+02 4.831433929992999882e+06 4.635492500000000000e+05
2.810700069999999755e+02 4.831433940001999959e+06 4.635492299800000037e+05
2.812000120000000152e+02 4.831433940001999959e+06 4.635492199709999841e+05
2.811300049999999828e+02 4.831433980011000298e+06 4.635492199709999841e+05
2.812399899999999775e+02 4.831433929992999882e+06 4.635492700199999963e+05
2.812699890000000096e+02 4.831433950012000278e+06 4.635492700199999963e+05
2.812500000000000000e+02 4.831433920013000257e+06 4.635492999880000134e+05
2.811000060000000076e+02 4.831433920013000257e+06 4.635492399899999727e+05
2.810299989999999752e+02 4.831433899993999861e+06 4.635493099979999824e+05
2.812099910000000023e+02 4.831433920013000257e+06 4.635493200070000021e+05
2.811000060000000076e+02 4.831433929992999882e+06 4.635492999880000134e+05
2.810299989999999752e+02 4.831433950012000278e+06 4.635492600100000273e+05
2.812000120000000152e+02 4.831433940001999959e+06 4.635493200070000021e+05
2.810199890000000096e+02 4.831433959990999661e+06 4.635492700199999963e+05
2.810700069999999755e+02 4.831433959990999661e+06 4.635492500000000000e+05
2.810299989999999752e+02 4.831433899993999861e+06 4.635492399899999727e+05
2.810400089999999977e+02 4.831433880005000159e+06 4.635492299800000037e+05
2.810100100000000225e+02 4.831433880005000159e+06 4.635492199709999841e+05
2.811000060000000076e+02 4.831433899993999861e+06 4.635492700199999963e+05
2.812900089999999977e+02 4.831433920013000257e+06 4.635493099979999824e+05
2.811499939999999924e+02 4.831433890014999546e+06 4.635493400269999984e+05
2.811300049999999828e+02 4.831433910004000179e+06 4.635493200070000021e+05
2.811400150000000053e+02 4.831433890014999546e+06 4.635493499760000268e+05
2.811300049999999828e+02 4.831433920013000257e+06 4.635493300169999711e+05
2.812699890000000096e+02 4.831433920013000257e+06 4.635493200070000021e+05
2.811000060000000076e+02 4.831433959990999661e+06 4.635492899779999861e+05
2.810700069999999755e+02 4.831433929992999882e+06 4.635493400269999984e+05
2.810199890000000096e+02 4.831433929992999882e+06 4.635493499760000268e+05
2.810499879999999848e+02 4.831433929992999882e+06 4.635492399899999727e+05
2.812300109999999904e+02 4.831433929992999882e+06 4.635492999880000134e+05
2.810499879999999848e+02 4.831433929992999882e+06 4.635492600100000273e+05
2.810700069999999755e+02 4.831433970000999980e+06 4.635492500000000000e+05
2.811000060000000076e+02 4.831433950012000278e+06 4.635492899779999861e+05
2.813099980000000073e+02 4.831433929992999882e+06 4.635493200070000021e+05
2.813099980000000073e+02 4.831433940001999959e+06 4.635493200070000021e+05
2.812200010000000248e+02 4.831433950012000278e+06 4.635493300169999711e+05
2.812200010000000248e+02 4.831433980011000298e+06 4.635493499760000268e+05
2.811000060000000076e+02 4.831434019988999702e+06 4.635495900269999984e+05
