463547.429993 4831434.880005 280.329987
463547.419983 4831434.980011 280.320007
463547.380005 4831434.929993 280.329987
463547.440002 4831434.850006 280.329987
463547.320007 4831434.859985 280.329987
463547.359985 4831434.890015 280.350006
463547.429993 4831434.869995 280.320007
463547.429993 4831434.869995 280.329987
463547.380005 4831434.899994 280.320007
463547.400024 4831434.920013 280.329987
463547.409973 4831434.950012 280.339996
463547.419983 4831434.970001 280.309998
463547.349976 4831434.920013 280.309998
463547.320007 4831434.950012 280.329987
463547.320007 4831434.989990 280.320007
463547.380005 4831434.929993 280.309998
463547.390015 4831434.950012 280.329987
463547.340027 4831434.980011 280.329987
463547.359985 4831434.890015 280.339996
463547.380005 4831434.899994 280.309998
463547.419983 4831434.880005 280.329987
463547.309998 4831434.959991 280.350006
463547.369995 4831434.959991 280.320007
463547.359985 4831434.929993 280.309998
463547.330017 4831434.950012 280.329987
463547.349976 4831434.779999 280.320007
463547.520020 4831435.019989 280.339996
463547.510010 4831435.010010 280.320007
463547.450012 4831435.000000 280.359985
463547.429993 4831434.980011 280.350006
463547.440002 4831434.989990 280.329987
463547.340027 4831434.890015 280.309998
463547.390015 4831435.010010 280.309998
463547.330017 4831435.029999 280.309998
463547.369995 4831435.000000 280.350006
463547.440002 4831435.040009 280.309998
463547.369995 4831434.910004 280.329987
463547.359985 4831434.869995 280.329987
463547.320007 4831434.660004 280.380005
463547.390015 4831434.670013 280.380005
463547.309998 4831434.940002 280.350006
463547.330017 4831434.880005 280.320007
463547.390015 4831434.940002 280.350006
463547.390015 4831434.890015 280.329987
463547.419983 4831434.910004 280.339996
463547.429993 4831434.989990 280.359985
463547.369995 4831434.880005 280.350006
463547.419983 4831435.010010 280.309998
463547.369995 4831434.899994 280.339996
463547.289978 4831434.750000 280.399994
463547.340027 4831434.670013 280.369995
463547.340027 4831434.829987 280.339996
463547.309998 4831434.850006 280.320007
463547.380005 4831434.720001 280.359985
463547.419983 4831434.820007 280.329987
463547.409973 4831434.809998 280.320007
463547.349976 4831434.799988 280.339996
463547.380005 4831434.730011 280.390015
463547.380005 4831434.739990 280.329987
463547.590027 4831434.730011 280.309998
463547.380005 4831434.959991 280.329987
463547.390015 4831434.899994 280.339996
463547.599976 4831434.700012 280.339996
463547.570007 4831434.850006 280.320007
463547.599976 4831434.750000 280.309998
463547.409973 4831434.859985 280.350006
463547.390015 4831434.869995 280.350006
463547.599976 4831434.730011 280.350006
463547.409973 4831434.839996 280.339996
463547.429993 4831434.829987 280.329987
463547.440002 4831434.820007 280.309998
463547.419983 4831434.890015 280.309998
463547.419983 4831434.829987 280.350006
463547.409973 4831434.950012 280.329987
463547.390015 4831434.899994 280.339996
463547.359985 4831434.950012 280.339996
463547.409973 4831434.920013 280.329987
463547.440002 4831434.899994 280.309998
463547.599976 4831434.809998 280.320007
463547.369995 4831434.959991 280.339996
463547.390015 4831434.950012 280.329987
463547.440002 4831434.940002 280.350006
463547.440002 4831434.959991 280.329987
463547.590027 4831434.730011 280.320007
463547.400024 4831434.890015 280.329987
463547.429993 4831434.910004 280.320007
463547.429993 4831434.929993 280.329987
463547.429993 4831434.940002 280.320007
463547.460022 4831434.929993 280.320007
463547.299988 4831434.750000 280.350006
463547.380005 4831434.940002 280.339996
463547.369995 4831434.920013 280.350006
463547.349976 4831434.940002 280.309998
463547.369995 4831434.910004 280.350006
463547.390015 4831434.920013 280.359985
463547.390015 4831434.929993 280.320007
463547.380005 4831434.940002 280.309998
463547.369995 4831434.910004 280.350006
463547.340027 4831434.929993 280.320007
463547.289978 4831434.899994 280.350006
463547.270020 4831434.910004 280.359985
463547.409973 4831434.730011 280.350006
463547.320007 4831434.779999 280.390015
463547.320007 4831434.859985 280.329987
463547.320007 4831434.799988 280.350006
463547.419983 4831434.730011 280.369995
463547.340027 4831434.790009 280.329987
463547.299988 4831434.820007 280.320007
463547.429993 4831434.739990 280.350006
463547.340027 4831434.790009 280.350006
463547.309998 4831434.809998 280.339996
463547.349976 4831434.739990 280.380005
463547.359985 4831434.709991 280.329987
463547.340027 4831434.730011 280.329987
463547.400024 4831434.929993 280.320007
