2.775499879999999848e+02 4.831433450012000278e+06 4.635480399779999861e+05
2.776600040000000149e+02 4.831433529999000020e+06 4.635480100100000273e+05
2.776900019999999927e+02 4.831433519988999702e+06 4.635479799800000037e+05
2.775599980000000073e+02 4.831433440001999959e+06 4.635480499880000134e+05
2.779599910000000023e+02 4.831433540009000339e+06 4.635479699709999841e+05
2.776799930000000245e+02 4.831433529999000020e+06 4.635480000000000000e+05
2.776499939999999924e+02 4.831433519988999702e+06 4.635480300290000159e+05
2.776099849999999947e+02 4.831433510010000318e+06 4.635480200199999963e+05
2.776499939999999924e+02 4.831433470000999980e+06 4.635480499880000134e+05
2.775899959999999851e+02 4.831433480011000298e+06 4.635480499880000134e+05
2.780899959999999851e+02 4.831433500000000000e+06 4.635480700070000021e+05
2.775700069999999755e+02 4.831433480011000298e+06 4.635480000000000000e+05
2.781600040000000149e+02 4.831433529999000020e+06 4.635480800169999711e+05
2.779200129999999831e+02 4.831433489989999682e+06 4.635479500119999866e+05
2.775899959999999851e+02 4.831433470000999980e+06 4.635479799800000037e+05
2.778900150000000053e+02 4.831433519988999702e+06 4.635479600220000139e+05
2.776099849999999947e+02 4.831433510010000318e+06 4.635479299929999979e+05
2.776000060000000076e+02 4.831433529999000020e+06 4.635479500119999866e+05
2.775499879999999848e+02 4.831433440001999959e+06 4.635479799800000037e+05
2.776300049999999828e+02 4.831433529999000020e+06 4.635479299929999979e+05
2.775799870000000169e+02 4.831433500000000000e+06 4.635479600220000139e+05
2.780299989999999752e+02 4.831433529999000020e+06 4.635480000000000000e+05
2.779599910000000023e+02 4.831433519988999702e+06 4.635479600220000139e+05
2.775799870000000169e+02 4.831433500000000000e+06 4.635479600220000139e+05
2.780299989999999752e+02 4.831433529999000020e+06 4.635480800169999711e+05
2.775499879999999848e+02 4.831433470000999980e+06 4.635479799800000037e+05
2.775400089999999977e+02 4.831433480011000298e+06 4.635479500119999866e+05
2.778999939999999924e+02 4.831433440001999959e+06 4.635480999760000268e+05
2.781099849999999947e+02 4.831433529999000020e+06 4.635480399779999861e+05
2.779700010000000248e+02 4.831433500000000000e+06 4.635479500119999866e+05
2.780400089999999977e+02 4.831433489989999682e+06 4.635481300049999845e+05
2.779599910000000023e+02 4.831433529999000020e+06 4.635480000000000000e+05
2.775400089999999977e+02 4.831433480011000298e+06 4.635479799800000037e+05
2.775700069999999755e+02 4.831433459990999661e+06 4.635479600220000139e+05
2.779400019999999927e+02 4.831433510010000318e+06 4.635479199830000289e+05
2.779700010000000248e+02 4.831433529999000020e+06 4.635479099730000016e+05
2.780499879999999848e+02 4.831433489989999682e+06 4.635480599979999824e+05
2.781000060000000076e+02 4.831433540009000339e+06 4.635480300290000159e+05
2.781199950000000172e+02 4.831433519988999702e+06 4.635480599979999824e+05
2.781900019999999927e+02 4.831433529999000020e+06 4.635480399779999861e+05
2.776300049999999828e+02 4.831433489989999682e+06 4.635479299929999979e+05
2.776000060000000076e+02 4.831433440001999959e+06 4.635479400020000176e+05
2.777300109999999904e+02 4.831433519988999702e+06 4.635478900150000118e+05
2.777000120000000152e+02 4.831433529999000020e+06 4.635479099730000016e+05
2.776000060000000076e+02 4.831433519988999702e+06 4.635479500119999866e+05
2.775799870000000169e+02 4.831433510010000318e+06 4.635479799800000037e+05
2.780499879999999848e+02 4.831433510010000318e+06 4.635480700070000021e+05
2.777699890000000096e+02 4.831433489989999682e+06 4.635479899899999727e+05
2.780299989999999752e+02 4.831433510010000318e+06 4.635480800169999711e+05
2.777099910000000023e+02 4.831433519988999702e+06 4.635479099730000016e+05
2.781099849999999947e+02 4.831433529999000020e+06 4.635480900269999984e+05
2.776499939999999924e+02 4.831433480011000298e+06 4.635480300290000159e+05
2.780299989999999752e+02 4.831433500000000000e+06 4.635481199950000155e+05
2.781300049999999828e+02 4.831433540009000339e+06 4.635480499880000134e+05
2.780899959999999851e+02 4.831433540009000339e+06 4.635480599979999824e+05
2.776600040000000149e+02 4.831433540009000339e+06 4.635479199830000289e+05
2.776000060000000076e+02 4.831433540009000339e+06 4.635479400020000176e+05
2.780700069999999755e+02 4.831433549987999722e+06 4.635480700070000021e+05
2.780000000000000000e+02 4.831433540009000339e+06 4.635480599979999824e+05
2.776099849999999947e+02 4.831433559998000041e+06 4.635479500119999866e+05
2.776000060000000076e+02 4.831433540009000339e+06 4.635479400020000176e+05
2.776099849999999947e+02 4.831433549987999722e+06 4.635479400020000176e+05
2.776300049999999828e+02 4.831433559998000041e+06 4.635479600220000139e+05
2.776499939999999924e+02 4.831433549987999722e+06 4.635479899899999727e+05
2.781799930000000245e+02 4.831433549987999722e+06 4.635480499880000134e+05
2.782099910000000023e+02 4.831433579986999743e+06 4.635480599979999824e+05
2.776799930000000245e+02 4.831433559998000041e+06 4.635479899899999727e+05
2.777900089999999977e+02 4.831433630005000159e+06 4.635479500119999866e+05
2.777900089999999977e+02 4.831433630005000159e+06 4.635479500119999866e+05
2.778500060000000076e+02 4.831433549987999722e+06 4.635479000239999732e+05
2.778099980000000073e+02 4.831433670013000257e+06 4.635479500119999866e+05
2.780000000000000000e+02 4.831433690001999959e+06 4.635478800049999845e+05
2.778200069999999755e+02 4.831433640014999546e+06 4.635478900150000118e+05
2.778099980000000073e+02 4.831433640014999546e+06 4.635479600220000139e+05
2.781900019999999927e+02 4.831433570007000118e+06 4.635480700070000021e+05
2.782000120000000152e+02 4.831433589995999821e+06 4.635480399779999861e+05
2.782399899999999775e+02 4.831433619994999841e+06 4.635480000000000000e+05
2.777799989999999752e+02 4.831433649993999861e+06 4.635478900150000118e+05
2.779200129999999831e+02 4.831433739989999682e+06 4.635478800049999845e+05
2.779500120000000152e+02 4.831433700012000278e+06 4.635477899779999861e+05
2.782699890000000096e+02 4.831433739989999682e+06 4.635476500239999732e+05
2.779599910000000023e+02 4.831433730011000298e+06 4.635478499760000268e+05
2.778299870000000169e+02 4.831433630005000159e+06 4.635478800049999845e+05
2.781199950000000172e+02 4.831433559998000041e+06 4.635480300290000159e+05
2.782300109999999904e+02 4.831433790009000339e+06 4.635476199950000155e+05
2.782999879999999848e+02 4.831433809998000041e+06 4.635476099849999882e+05
2.779700010000000248e+02 4.831433720000999980e+06 4.635478400269999984e+05
2.780299989999999752e+02 4.831433709990999661e+06 4.635478300169999711e+05
2.779599910000000023e+02 4.831433739989999682e+06 4.635477399899999727e+05
2.776499939999999924e+02 4.831433570007000118e+06 4.635479000239999732e+05
2.777699890000000096e+02 4.831433670013000257e+06 4.635478200070000021e+05
2.782999879999999848e+02 4.831433790009000339e+06 4.635476099849999882e+05
2.781600040000000149e+02 4.831433579986999743e+06 4.635479699709999841e+05
2.781600040000000149e+02 4.831433600006000139e+06 4.635480499880000134e+05
2.781400150000000053e+02 4.831433589995999821e+06 4.635480399779999861e+05
2.780199890000000096e+02 4.831433720000999980e+06 4.635478499760000268e+05
2.777999879999999848e+02 4.831433640014999546e+06 4.635478699950000155e+05
2.776900019999999927e+02 4.831433589995999821e+06 4.635479099730000016e+05
2.779700010000000248e+02 4.831433720000999980e+06 4.635478300169999711e+05
2.777000120000000152e+02 4.831433570007000118e+06 4.635479400020000176e+05
2.781199950000000172e+02 4.831433589995999821e+06 4.635480499880000134e+05
2.782300109999999904e+02 4.831433820007000118e+06 4.635476199950000155e+05
2.779599910000000023e+02 4.831433559998000041e+06 4.635479600220000139e+05
2.777300109999999904e+02 4.831433649993999861e+06 4.635479199830000289e+05
2.779599910000000023e+02 4.831433760010000318e+06 4.635478499760000268e+05
2.776499939999999924e+02 4.831433570007000118e+06 4.635479199830000289e+05
2.776300049999999828e+02 4.831433589995999821e+06 4.635479299929999979e+05
2.777399899999999775e+02 4.831433660004000179e+06 4.635478800049999845e+05
2.782799989999999752e+02 4.831433739989999682e+06 4.635476400150000118e+05
2.781300049999999828e+02 4.831433559998000041e+06 4.635480200199999963e+05
2.781099849999999947e+02 4.831433570007000118e+06 4.635480399779999861e+05
2.781600040000000149e+02 4.831433559998000041e+06 4.635480399779999861e+05
2.781000060000000076e+02 4.831433630005000159e+06 4.635480499880000134e+05
2.781600040000000149e+02 4.831433619994999841e+06 4.635480499880000134e+05
2.782000120000000152e+02 4.831433600006000139e+06 4.635480499880000134e+05
2.781300049999999828e+02 4.831433559998000041e+06 4.635480599979999824e+05
2.779599910000000023e+02 4.831433769988999702e+06 4.635478200070000021e+05
2.780400089999999977e+02 4.831433720000999980e+06 4.635478499760000268e+05
2.778099980000000073e+02 4.831433709990999661e+06 4.635479000239999732e+05
2.779800109999999904e+02 4.831433790009000339e+06 4.635479899899999727e+05
2.777500000000000000e+02 4.831433640014999546e+06 4.635478900150000118e+05
2.776799930000000245e+02 4.831433619994999841e+06 4.635479000239999732e+05
2.776700129999999831e+02 4.831433579986999743e+06 4.635479199830000289e+05
2.780400089999999977e+02 4.831433559998000041e+06 4.635480999760000268e+05
2.781499939999999924e+02 4.831433549987999722e+06 4.635480300290000159e+05
2.781499939999999924e+02 4.831433570007000118e+06 4.635480300290000159e+05
2.777600100000000225e+02 4.831433600006000139e+06 4.635479000239999732e+05
2.777600100000000225e+02 4.831433630005000159e+06 4.635478800049999845e+05
2.779100040000000149e+02 4.831433559998000041e+06 4.635479000239999732e+05
2.779299930000000245e+02 4.831433600006000139e+06 4.635478300169999711e+05
2.777300109999999904e+02 4.831433570007000118e+06 4.635478499760000268e+05
2.776900019999999927e+02 4.831433600006000139e+06 4.635478599849999882e+05
2.777200010000000248e+02 4.831433630005000159e+06 4.635478499760000268e+05
2.777999879999999848e+02 4.831433640014999546e+06 4.635478200070000021e+05
2.778599849999999947e+02 4.831433609985000454e+06 4.635477899779999861e+05
2.782000120000000152e+02 4.831433589995999821e+06 4.635480300290000159e+05
2.777600100000000225e+02 4.831433619994999841e+06 4.635478900150000118e+05
2.780199890000000096e+02 4.831433720000999980e+06 4.635478499760000268e+05
2.782699890000000096e+02 4.831433720000999980e+06 4.635476099849999882e+05
2.779599910000000023e+02 4.831433720000999980e+06 4.635478200070000021e+05
2.777600100000000225e+02 4.831433559998000041e+06 4.635478699950000155e+05
2.779599910000000023e+02 4.831433709990999661e+06 4.635478499760000268e+05
2.779500120000000152e+02 4.831433670013000257e+06 4.635478599849999882e+05
2.779500120000000152e+02 4.831433690001999959e+06 4.635478200070000021e+05
2.778699950000000172e+02 4.831433630005000159e+06 4.635478499760000268e+05
2.778399959999999851e+02 4.831433619994999841e+06 4.635478599849999882e+05
2.778099980000000073e+02 4.831433600006000139e+06 4.635478900150000118e+05
2.778399959999999851e+02 4.831433619994999841e+06 4.635478499760000268e+05
2.778200069999999755e+02 4.831433600006000139e+06 4.635478599849999882e+05
2.779100040000000149e+02 4.831433579986999743e+06 4.635478400269999984e+05
2.777900089999999977e+02 4.831433579986999743e+06 4.635478599849999882e+05
2.781099849999999947e+02 4.831433549987999722e+06 4.635480700070000021e+05
2.782500000000000000e+02 4.831433790009000339e+06 4.635476099849999882e+05
2.778299870000000169e+02 4.831433630005000159e+06 4.635478900150000118e+05
2.776799930000000245e+02 4.831433579986999743e+06 4.635479400020000176e+05
2.781900019999999927e+02 4.831433570007000118e+06 4.635480100100000273e+05
2.777200010000000248e+02 4.831433589995999821e+06 4.635478800049999845e+05
2.777300109999999904e+02 4.831433600006000139e+06 4.635478599849999882e+05
2.777799989999999752e+02 4.831433619994999841e+06 4.635478699950000155e+05
2.782399899999999775e+02 4.831433799987999722e+06 4.635476300049999845e+05
2.781199950000000172e+02 4.831433570007000118e+06 4.635480800169999711e+05
2.781099849999999947e+02 4.831433559998000041e+06 4.635480999760000268e+05
2.777099910000000023e+02 4.831433570007000118e+06 4.635479600220000139e+05
2.776799930000000245e+02 4.831433559998000041e+06 4.635479699709999841e+05
2.778299870000000169e+02 4.831433670013000257e+06 4.635479000239999732e+05
2.777799989999999752e+02 4.831433649993999861e+06 4.635479000239999732e+05
2.777600100000000225e+02 4.831433640014999546e+06 4.635479199830000289e+05
2.776799930000000245e+02 4.831433589995999821e+06 4.635479600220000139e+05
2.776700129999999831e+02 4.831433579986999743e+06 4.635479899899999727e+05
2.779400019999999927e+02 4.831433769988999702e+06 4.635478699950000155e+05
2.782399899999999775e+02 4.831433779999000020e+06 4.635482500000000000e+05
2.782399899999999775e+02 4.831433779999000020e+06 4.635482100220000139e+05
2.782399899999999775e+02 4.831433750000000000e+06 4.635482399899999727e+05
2.782999879999999848e+02 4.831433730011000298e+06 4.635482299800000037e+05
2.782399899999999775e+02 4.831433769988999702e+06 4.635482299800000037e+05
2.782999879999999848e+02 4.831433739989999682e+06 4.635482500000000000e+05
2.782500000000000000e+02 4.831433769988999702e+06 4.635482000119999866e+05
2.782500000000000000e+02 4.831433769988999702e+06 4.635482299800000037e+05
2.782500000000000000e+02 4.831433779999000020e+06 4.635482199709999841e+05
2.782799989999999752e+02 4.831433739989999682e+06 4.635482600100000273e+05
