463548.119995 4831430.320007 280.500000
463548.159973 4831430.350006 280.480011
463548.169983 4831430.390015 280.410004
463548.140015 4831430.339996 280.190002
463548.119995 4831430.309998 280.179993
463548.130005 4831430.329987 280.089996
463548.119995 4831430.320007 280.040009
463548.119995 4831430.320007 279.980011
463548.130005 4831430.299988 279.989990
463548.109985 4831430.149994 280.029999
463548.109985 4831430.070007 280.750000
463548.109985 4831430.079987 280.690002
463548.109985 4831429.950012 280.519989
463548.119995 4831430.329987 280.140015
463548.109985 4831430.329987 280.089996
463548.109985 4831430.149994 280.089996
463548.179993 4831430.420013 280.480011
463548.150024 4831430.380005 280.459991
463548.140015 4831430.399994 280.390015
463548.109985 4831430.359985 280.369995
463548.159973 4831430.369995 280.410004
463548.169983 4831430.420013 280.489990
463548.109985 4831430.420013 280.390015
463548.179993 4831430.440002 280.500000
463548.179993 4831430.429993 280.540009
463548.179993 4831430.450012 280.579987
463548.159973 4831430.390015 280.429993
463548.140015 4831430.450012 280.480011
463548.169983 4831430.339996 280.489990
463548.150024 4831430.339996 280.450012
463548.130005 4831430.350006 280.429993
463548.119995 4831430.359985 280.399994
463548.159973 4831430.470001 280.470001
463548.789978 4831429.929993 279.890015
463548.219971 4831430.420013 280.459991
463549.099976 4831430.019989 279.820007
463549.039978 4831430.079987 280.040009
463548.200012 4831430.390015 280.410004
463548.219971 4831430.420013 280.429993
463548.280029 4831430.359985 280.450012
463548.270020 4831430.329987 280.440002
463548.809998 4831429.940002 279.950012
463549.020020 4831430.040009 279.839996
463549.030029 4831430.059998 279.959991
463548.760010 4831429.929993 279.850006
463548.210022 4831430.380005 280.510010
463548.250000 4831430.390015 280.510010
463549.049988 4831430.059998 279.869995
463548.219971 4831430.420013 280.579987
463548.229980 4831430.440002 280.570007
463549.020020 4831430.079987 279.829987
463548.840027 4831429.929993 280.279999
463548.710022 4831429.950012 279.809998
463548.729980 4831429.970001 279.890015
463548.799988 4831429.959991 279.980011
463548.849976 4831429.929993 280.209991
463548.710022 4831429.959991 279.850006
463548.729980 4831429.980011 279.829987
463548.750000 4831429.989990 279.809998
463548.229980 4831430.420013 280.570007
463548.750000 4831429.959991 279.820007
463548.780029 4831429.929993 280.600006
463548.849976 4831429.950012 279.989990
463548.849976 4831429.959991 280.040009
463548.840027 4831429.950012 279.959991
463548.840027 4831429.959991 279.910004
463548.840027 4831429.950012 279.859985
463548.789978 4831429.950012 280.000000
463548.799988 4831429.940002 279.940002
463548.809998 4831429.959991 279.910004
463548.820007 4831429.929993 280.070007
463548.210022 4831430.410004 280.529999
463548.210022 4831430.429993 280.609985
463549.000000 4831430.100006 279.970001
463549.000000 4831430.089996 280.010010
463549.059998 4831429.929993 279.809998
463548.770020 4831429.959991 279.839996
463548.770020 4831429.959991 279.890015
463548.770020 4831429.959991 279.940002
463548.760010 4831429.940002 279.970001
463548.809998 4831429.929993 279.920013
463548.820007 4831429.929993 280.019989
463549.020020 4831430.070007 279.809998
463548.760010 4831429.970001 279.880005
463548.799988 4831429.950012 279.850006
463548.799988 4831429.940002 279.899994
463548.849976 4831429.940002 280.179993
463548.760010 4831429.929993 280.019989
463548.750000 4831429.970001 279.929993
463548.270020 4831430.450012 280.579987
463549.049988 4831429.959991 279.829987
463548.969971 4831429.940002 280.239990
463549.000000 4831430.109985 279.940002
463548.979980 4831429.929993 279.959991
463548.890015 4831429.929993 280.750000
463548.989990 4831430.029999 279.829987
463548.979980 4831430.100006 279.920013
463548.650024 4831429.959991 279.899994
463548.260010 4831430.429993 280.589996
463548.179993 4831430.420013 280.559998
463548.809998 4831429.929993 280.040009
463548.729980 4831429.950012 279.829987
463548.739990 4831429.950012 279.869995
463548.739990 4831429.950012 279.920013
463548.760010 4831429.940002 279.940002
463548.780029 4831429.929993 279.970001
463548.789978 4831429.940002 280.010010
463548.809998 4831429.940002 280.160004
463548.200012 4831430.420013 280.519989
463548.210022 4831430.420013 280.549988
463549.099976 4831429.940002 279.809998
463549.020020 4831430.100006 279.890015
463549.020020 4831430.109985 279.950012
463549.030029 4831430.119995 280.019989
463548.789978 4831429.970001 279.910004
463548.260010 4831430.359985 280.529999
463548.780029 4831429.929993 279.970001
463548.869995 4831429.940002 280.369995
463548.890015 4831429.950012 280.450012
463548.919983 4831429.929993 280.450012
463548.750000 4831429.970001 279.940002
463548.770020 4831429.959991 279.940002
463548.799988 4831429.950012 279.970001
463548.820007 4831429.950012 279.989990
463548.799988 4831430.000000 279.820007
463549.030029 4831430.109985 279.890015
463548.729980 4831429.929993 279.850006
463548.190002 4831430.369995 280.470001
463549.049988 4831430.910004 279.940002
463549.030029 4831430.880005 280.019989
463549.030029 4831430.869995 280.079987
463549.030029 4831430.869995 280.140015
463549.099976 4831430.880005 280.660004
463549.099976 4831430.890015 280.700012
463549.099976 4831430.779999 280.269989
463549.090027 4831430.880005 280.660004
463549.090027 4831430.890015 280.700012
463549.090027 4831430.880005 280.540009
463549.070007 4831430.869995 280.619995
463549.099976 4831430.920013 280.619995
463549.059998 4831430.839996 280.369995
463549.059998 4831430.859985 280.410004
463549.049988 4831430.859985 280.470001
463549.039978 4831430.859985 280.399994
463549.049988 4831430.910004 280.519989
463549.030029 4831430.869995 280.170013
463549.010010 4831430.859985 280.279999
463549.020020 4831430.910004 280.450012
463549.000000 4831430.839996 279.920013
463549.000000 4831430.850006 279.959991
463548.989990 4831430.850006 280.019989
463548.989990 4831430.869995 280.059998
463549.000000 4831430.890015 280.089996
463548.940002 4831430.869995 279.859985
463549.099976 4831430.839996 280.579987
463549.099976 4831430.859985 280.619995
463549.080017 4831430.859985 280.679993
463549.099976 4831430.890015 280.709991
463549.049988 4831430.839996 280.500000
463549.049988 4831430.859985 280.540009
463549.049988 4831430.880005 280.579987
463549.059998 4831430.899994 280.619995
463549.020020 4831430.850006 280.369995
463549.020020 4831430.869995 280.399994
463549.030029 4831430.890015 280.440002
463549.030029 4831430.910004 280.470001
463549.000000 4831430.850006 280.220001
463549.000000 4831430.859985 280.269989
463548.989990 4831430.890015 280.359985
463548.969971 4831430.809998 279.940002
463548.969971 4831430.820007 279.980011
463548.969971 4831430.839996 280.029999
463548.969971 4831430.850006 280.079987
463548.969971 4831430.880005 280.119995
463548.950012 4831430.809998 279.820007
463548.950012 4831430.829987 279.850006
463548.950012 4831430.839996 279.890015
463548.940002 4831430.850006 279.940002
463548.940002 4831430.859985 279.980011
463548.940002 4831430.880005 280.019989
463548.900024 4831430.850006 279.880005
463548.969971 4831430.920013 279.839996
463549.010010 4831430.850006 279.890015
463549.039978 4831430.869995 280.079987
463549.030029 4831430.829987 280.019989
463549.030029 4831430.820007 279.980011
463549.020020 4831430.809998 279.929993
463549.020020 4831430.799988 279.880005
463549.020020 4831430.779999 279.839996
463549.020020 4831430.820007 280.269989
463549.049988 4831430.829987 280.179993
463549.049988 4831430.820007 280.140015
463549.049988 4831430.809998 280.089996
463549.049988 4831430.799988 280.049988
463549.049988 4831430.799988 279.989990
463549.049988 4831430.790009 279.940002
463549.059998 4831430.790009 279.880005
463549.080017 4831430.820007 280.220001
463549.080017 4831430.809998 280.179993
463549.080017 4831430.799988 280.119995
463549.080017 4831430.799988 280.079987
463549.080017 4831430.779999 280.040009
463549.049988 4831430.869995 280.070007
463549.049988 4831430.869995 280.000000
463549.020020 4831430.839996 279.950012
463549.030029 4831430.850006 279.890015
463549.070007 4831430.809998 279.980011
463549.070007 4831430.820007 279.910004
463549.059998 4831430.799988 279.880005
463549.049988 4831430.790009 279.839996
463549.099976 4831430.839996 280.410004
463549.039978 4831430.850006 280.109985
463549.030029 4831430.839996 280.059998
463549.030029 4831430.850006 280.000000
463549.080017 4831430.809998 280.079987
463548.979980 4831430.859985 280.260010
463549.059998 4831430.859985 280.600006
463549.030029 4831430.820007 280.250000
463549.020020 4831430.850006 280.410004
463549.020020 4831430.859985 280.450012
463549.030029 4831430.869995 280.480011
463549.000000 4831430.839996 280.140015
463548.979980 4831430.839996 280.239990
463548.989990 4831430.869995 280.329987
463548.989990 4831430.850006 280.019989
463548.979980 4831430.850006 280.089996
463548.969971 4831430.859985 280.170013
463548.979980 4831430.869995 280.200012
463548.969971 4831430.829987 279.890015
463548.969971 4831430.839996 279.950012
463548.950012 4831430.850006 280.100006
463548.960022 4831430.869995 280.140015
463548.950012 4831430.839996 279.859985
463548.940002 4831430.839996 279.920013
463548.940002 4831430.850006 279.980011
463548.940002 4831430.869995 280.000000
463548.929993 4831430.869995 280.100006
463548.919983 4831430.850006 279.850006
463548.919983 4831430.880005 279.950012
463548.909973 4831430.880005 279.829987
463549.080017 4831430.859985 280.760010
463549.080017 4831430.880005 280.790009
463549.049988 4831430.899994 280.679993
463549.049988 4831430.910004 280.730011
463549.010010 4831430.869995 280.489990
463549.010010 4831430.890015 280.529999
463549.020020 4831430.920013 280.549988
463549.099976 4831430.769989 279.820007
463548.989990 4831430.829987 280.250000
463548.979980 4831430.850006 280.320007
463548.979980 4831430.869995 280.339996
463548.950012 4831430.809998 280.089996
463548.960022 4831430.829987 280.100006
463548.950012 4831430.850006 280.149994
463548.950012 4831430.869995 280.190002
463548.960022 4831430.890015 280.220001
463548.969971 4831430.910004 280.220001
463548.950012 4831430.809998 279.920013
463548.929993 4831430.839996 280.019989
463548.929993 4831430.890015 280.100006
463548.940002 4831430.910004 280.119995
463548.909973 4831430.839996 279.880005
463548.909973 4831430.850006 279.920013
463548.890015 4831430.839996 279.850006
463549.070007 4831430.920013 280.709991
463549.049988 4831430.910004 280.630005
463549.039978 4831430.890015 280.559998
463549.030029 4831430.869995 280.510010
463549.020020 4831430.859985 280.459991
463548.989990 4831430.839996 280.239990
463549.099976 4831430.869995 280.769989
463549.090027 4831430.859985 280.660004
463549.080017 4831430.850006 280.549988
463549.080017 4831430.890015 280.720001
463549.049988 4831430.899994 280.579987
463549.020020 4831430.899994 280.440002
463548.960022 4831430.890015 280.220001
463549.090027 4831430.890015 280.440002
463549.059998 4831430.859985 280.380005
463549.030029 4831430.850006 280.290009
463549.010010 4831430.850006 280.200012
463548.979980 4831430.850006 280.089996
463548.960022 4831430.859985 279.980011
463548.929993 4831430.859985 279.869995
463549.000000 4831430.899994 280.440002
463549.049988 4831430.910004 280.700012
463549.020020 4831430.829987 280.260010
463549.020020 4831430.910004 280.549988
463548.960022 4831430.910004 280.299988
463548.929993 4831430.899994 280.209991
463548.950012 4831430.920013 280.230011
463548.940002 4831430.910004 280.209991
463548.929993 4831430.899994 280.220001
463548.940002 4831430.910004 280.230011
463548.940002 4831430.899994 280.239990
463548.950012 4831430.910004 280.320007
463548.960022 4831430.910004 280.350006
463548.960022 4831430.899994 280.329987
463548.940002 4831430.899994 280.250000
463548.940002 4831430.899994 280.299988
463548.950012 4831430.920013 280.299988
463548.940002 4831430.920013 280.269989
463548.950012 4831430.899994 280.260010
463548.940002 4831430.899994 280.339996
463548.960022 4831430.920013 280.329987
463548.969971 4831430.920013 280.339996
463548.979980 4831430.890015 280.390015
463548.989990 4831430.869995 280.339996
463549.000000 4831430.920013 280.459991
463549.020020 4831430.820007 280.250000
463549.030029 4831430.920013 280.700012
463549.020020 4831430.829987 280.269989
463549.010010 4831430.920013 280.519989
463548.979980 4831430.899994 280.440002
463548.960022 4831430.899994 280.329987
463548.900024 4831430.890015 279.850006
463548.880005 4831430.899994 279.820007
463548.869995 4831430.920013 279.809998
463548.919983 4831430.890015 279.820007
463548.960022 4831430.899994 279.970001
463548.960022 4831430.910004 280.049988
463548.950012 4831430.920013 280.130005
463548.929993 4831430.890015 280.140015
463549.010010 4831430.809998 279.809998
463548.979980 4831430.890015 279.880005
463548.979980 4831430.880005 279.950012
463549.080017 4831430.790009 279.829987
463549.049988 4831430.799988 280.269989
463549.090027 4831430.820007 279.809998
463548.950012 4831430.920013 279.820007
463548.940002 4831430.890015 279.850006
463548.940002 4831430.920013 279.980011
463548.989990 4831430.920013 280.149994
463548.979980 4831430.920013 280.209991
463549.030029 4831430.920013 280.450012
463549.099976 4831430.779999 279.820007
463548.969971 4831430.899994 279.869995
463548.969971 4831430.890015 279.920013
463548.989990 4831430.890015 279.980011
463549.030029 4831430.920013 280.709991
463548.950012 4831430.890015 280.130005
463548.969971 4831430.899994 280.440002
463548.900024 4831430.890015 280.000000
463548.900024 4831430.910004 280.089996
463548.950012 4831430.910004 280.350006
463548.919983 4831430.859985 279.859985
463548.969971 4831430.839996 279.850006
463548.929993 4831430.850006 279.950012
463548.940002 4831430.920013 280.470001
463549.030029 4831430.890015 280.399994
463549.000000 4831430.899994 280.489990
463549.030029 4831430.880005 280.510010
463548.969971 4831430.899994 280.630005
463548.919983 4831430.920013 279.929993
463548.979980 4831430.899994 280.410004
463549.030029 4831430.910004 280.579987
463549.039978 4831430.920013 280.630005
463548.919983 4831430.859985 280.040009
463548.929993 4831430.869995 280.089996
463548.989990 4831430.910004 280.399994
463548.880005 4831430.899994 279.820007
463548.900024 4831430.890015 279.839996
463548.909973 4831430.899994 279.899994
463548.919983 4831430.910004 279.950012
463548.929993 4831430.920013 280.010010
463548.950012 4831430.910004 280.040009
463548.919983 4831430.899994 279.820007
463548.929993 4831430.910004 279.869995
463548.929993 4831430.920013 279.920013
463548.950012 4831430.920013 279.959991
463548.960022 4831430.920013 280.010010
463548.989990 4831430.899994 280.010010
463548.909973 4831430.910004 279.809998
463548.929993 4831430.899994 279.839996
463548.929993 4831430.920013 279.899994
463548.950012 4831430.920013 279.940002
463548.989990 4831430.899994 279.989990
463548.909973 4831430.899994 279.839996
463548.919983 4831430.920013 279.899994
463548.929993 4831430.920013 279.950012
463548.919983 4831430.920013 279.809998
463548.940002 4831430.920013 279.839996
463548.960022 4831430.910004 279.910004
463549.000000 4831430.899994 279.970001
463549.039978 4831430.890015 280.630005
463548.960022 4831430.880005 280.079987
463548.940002 4831430.880005 280.040009
463548.929993 4831430.880005 279.980011
463548.919983 4831430.880005 279.929993
463548.919983 4831430.859985 279.829987
463548.940002 4831430.850006 280.119995
463548.919983 4831430.859985 280.089996
463548.909973 4831430.859985 280.040009
463548.909973 4831430.850006 279.980011
463548.909973 4831430.850006 280.179993
463548.890015 4831430.839996 279.989990
463549.099976 4831430.850006 280.750000
463549.090027 4831430.859985 280.700012
463549.090027 4831430.869995 280.640015
463549.090027 4831430.809998 280.739990
463549.070007 4831430.829987 280.670013
463549.059998 4831430.850006 280.559998
463549.039978 4831430.859985 280.549988
463549.099976 4831430.779999 280.750000
463549.099976 4831430.790009 280.679993
463549.080017 4831430.799988 280.649994
463549.070007 4831430.809998 280.630005
463549.049988 4831430.829987 280.540009
463549.039978 4831430.839996 280.510010
463549.049988 4831430.799988 280.519989
463549.039978 4831430.809998 280.480011
463549.030029 4831430.820007 280.450012
463549.010010 4831430.829987 280.429993
463549.000000 4831430.850006 280.320007
463549.039978 4831430.769989 280.500000
463549.030029 4831430.779999 280.450012
463549.020020 4831430.790009 280.410004
463549.010010 4831430.779999 280.309998
463548.950012 4831430.820007 279.880005
463548.919983 4831430.809998 279.910004
463549.070007 4831430.809998 280.529999
463549.049988 4831430.829987 280.510010
463549.059998 4831430.839996 280.440002
463549.059998 4831430.779999 280.320007
463549.030029 4831430.799988 280.309998
463549.010010 4831430.809998 280.279999
463549.010010 4831430.829987 280.220001
463549.000000 4831430.839996 280.190002
463549.000000 4831430.850006 280.140015
463549.000000 4831430.769989 280.130005
463548.989990 4831430.790009 280.089996
463548.979980 4831430.799988 280.059998
463548.969971 4831430.820007 280.010010
463548.969971 4831430.839996 279.890015
463548.969971 4831430.760010 279.950012
463548.969971 4831430.779999 279.899994
463548.950012 4831430.790009 279.869995
463548.950012 4831430.809998 279.820007
463548.950012 4831430.899994 280.250000
463549.000000 4831430.869995 280.239990
463549.020020 4831430.850006 280.260010
463548.989990 4831430.910004 279.940002
463549.099976 4831430.820007 279.880005
463548.950012 4831430.839996 280.079987
463549.020020 4831430.910004 280.790009
463549.020020 4831430.839996 280.480011
463549.000000 4831430.850006 280.519989
463548.979980 4831430.859985 280.519989
463548.950012 4831430.890015 280.429993
463549.000000 4831430.790009 280.269989
463548.979980 4831430.809998 280.230011
463548.950012 4831430.839996 280.059998
463548.929993 4831430.839996 280.160004
463548.909973 4831430.850006 280.200012
463549.049988 4831430.750000 279.869995
463548.929993 4831430.820007 279.869995
463548.890015 4831430.850006 279.850006
463549.039978 4831430.880005 280.769989
463549.030029 4831430.829987 280.600006
463549.000000 4831430.839996 280.600006
463549.030029 4831430.829987 280.149994
463549.059998 4831430.809998 280.160004
463549.099976 4831430.859985 280.480011
463549.039978 4831430.859985 280.049988
463549.099976 4831430.859985 280.500000
463549.059998 4831430.799988 280.239990
463549.090027 4831430.920013 280.459991
463549.030029 4831430.850006 280.100006
463548.989990 4831430.910004 279.980011
463549.010010 4831430.890015 279.940002
463549.030029 4831430.880005 279.929993
