463547.679993 4831430.320007 269.600006
463547.679993 4831430.339996 269.640015
463547.710022 4831430.459991 269.309998
463547.719971 4831430.410004 268.929993
463547.710022 4831430.399994 268.809998
463547.710022 4831430.399994 268.730011
463547.700012 4831430.399994 268.660004
463547.710022 4831430.420013 268.549988
463547.700012 4831430.399994 268.510010
463547.729980 4831430.369995 268.890015
463547.719971 4831430.369995 268.850006
463547.719971 4831430.359985 268.790009
463547.710022 4831430.350006 268.739990
463547.729980 4831430.380005 268.619995
463547.719971 4831430.380005 268.559998
463547.729980 4831430.339996 268.859985
463547.719971 4831430.339996 268.790009
463547.710022 4831430.320007 268.750000
463547.739990 4831430.329987 268.899994
463547.739990 4831430.329987 268.829987
463547.729980 4831430.309998 268.799988
463547.750000 4831430.320007 268.850006
463547.739990 4831430.309998 268.799988
463547.739990 4831430.299988 268.750000
463547.760010 4831430.299988 268.839996
463547.760010 4831430.309998 268.769989
463547.739990 4831430.279999 268.739990
463547.780029 4831430.250000 269.589996
463547.760010 4831430.279999 268.869995
463547.760010 4831430.290009 268.700012
463547.770020 4831430.250000 268.859985
463547.770020 4831430.269989 268.720001
463547.809998 4831430.239990 269.570007
463547.789978 4831430.339996 268.670013
463547.679993 4831430.350006 268.579987
463547.679993 4831430.369995 268.649994
463547.650024 4831430.359985 268.600006
463547.650024 4831430.369995 268.670013
463547.650024 4831430.410004 268.559998
463547.659973 4831430.329987 268.809998
463547.700012 4831430.309998 268.859985
463547.760010 4831430.299988 268.910004
463547.789978 4831430.269989 268.799988
463547.909973 4831430.359985 268.750000
463547.849976 4831430.290009 268.519989
463547.909973 4831430.369995 269.339996
463547.890015 4831430.339996 269.350006
463547.559998 4831430.459991 269.690002
463547.890015 4831430.399994 268.890015
463547.880005 4831430.420013 269.690002
463547.890015 4831430.450012 269.609985
463547.890015 4831430.450012 269.709991
463547.900024 4831430.380005 269.350006
463547.890015 4831430.420013 269.089996
463547.880005 4831430.459991 268.709991
463547.890015 4831430.440002 268.779999
463547.909973 4831430.440002 268.600006
463547.900024 4831430.390015 268.750000
463547.869995 4831430.459991 269.720001
463547.869995 4831430.450012 268.730011
463547.859985 4831430.440002 268.769989
463547.869995 4831430.459991 269.299988
463547.869995 4831430.429993 269.670013
463547.880005 4831430.429993 268.950012
463547.849976 4831430.380005 268.950012
463547.859985 4831430.359985 269.670013
463547.880005 4831430.440002 269.750000
463547.869995 4831430.440002 269.019989
463547.909973 4831430.459991 268.869995
463547.880005 4831430.410004 268.880005
463547.859985 4831430.390015 268.899994
463547.890015 4831430.399994 268.989990
463547.890015 4831430.459991 268.510010
463547.909973 4831430.440002 268.679993
463547.739990 4831430.299988 268.899994
463547.729980 4831430.320007 268.950012
463547.580017 4831430.429993 268.609985
463547.559998 4831430.429993 268.850006
463547.580017 4831430.399994 269.670013
463547.880005 4831430.380005 268.890015
463547.880005 4831430.390015 268.709991
463547.890015 4831430.390015 268.630005
463547.909973 4831430.420013 268.940002
463547.909973 4831430.440002 268.730011
463547.919983 4831430.440002 268.649994
463547.859985 4831430.380005 268.869995
463547.909973 4831430.429993 268.989990
463547.909973 4831430.420013 268.910004
463547.919983 4831430.410004 268.859985
463547.900024 4831430.459991 268.600006
463547.890015 4831430.399994 269.369995
463547.890015 4831430.399994 269.369995
463547.900024 4831430.420013 269.369995
463547.820007 4831430.350006 268.989990
463547.869995 4831430.380005 268.619995
463547.929993 4831430.459991 268.600006
463547.909973 4831430.450012 268.510010
463547.840027 4831430.350006 268.529999
463547.849976 4831430.359985 268.589996
463547.859985 4831430.369995 268.540009
463547.859985 4831430.369995 268.549988
463547.929993 4831430.459991 268.619995
463547.909973 4831430.459991 268.519989
463547.929993 4831430.459991 268.600006
463547.929993 4831430.450012 268.540009
463547.909973 4831430.450012 268.540009
463547.919983 4831430.450012 268.570007
463547.929993 4831430.459991 268.630005
463547.929993 4831430.459991 268.579987
463547.919983 4831430.459991 268.529999
463547.710022 4831430.470001 269.359985
463547.580017 4831430.570007 269.540009
463547.599976 4831430.570007 269.489990
463547.619995 4831430.660004 268.570007
463547.650024 4831430.660004 268.579987
463547.599976 4831430.529999 268.640015
463547.659973 4831430.660004 269.380005
463547.650024 4831430.630005 269.429993
463547.630005 4831430.480011 268.679993
463547.869995 4831430.529999 269.570007
463547.570007 4831430.500000 269.739990
463547.630005 4831430.609985 269.739990
463547.650024 4831430.640015 269.720001
463547.710022 4831430.660004 269.589996
463547.580017 4831430.519989 269.510010
463547.580017 4831430.559998 269.549988
463547.619995 4831430.600006 269.510010
463547.650024 4831430.609985 269.440002
463547.799988 4831430.589996 268.970001
463547.849976 4831430.570007 268.779999
463547.580017 4831430.510010 269.260010
463547.590027 4831430.540009 269.279999
463547.669983 4831430.640015 269.190002
463547.580017 4831430.549988 269.100006
463547.619995 4831430.619995 269.049988
463547.580017 4831430.480011 269.190002
463547.570007 4831430.540009 269.299988
463547.630005 4831430.609985 269.260010
463547.640015 4831430.640015 269.250000
463547.619995 4831430.579987 269.200012
463547.739990 4831430.609985 268.890015
463547.760010 4831430.630005 268.869995
463547.590027 4831430.570007 269.239990
463547.609985 4831430.589996 269.220001
463547.739990 4831430.619995 268.890015
463547.760010 4831430.649994 268.890015
463547.630005 4831430.640015 269.049988
463547.570007 4831430.549988 269.100006
463547.679993 4831430.630005 268.730011
463547.710022 4831430.640015 268.679993
463547.650024 4831430.559998 268.869995
463547.789978 4831430.579987 268.690002
463547.780029 4831430.579987 268.769989
463547.599976 4831430.609985 268.510010
463547.669983 4831430.640015 269.679993
463547.650024 4831430.609985 269.690002
463547.640015 4831430.589996 269.720001
463547.619995 4831430.559998 269.730011
463547.609985 4831430.529999 269.750000
463547.619995 4831430.559998 268.690002
463547.609985 4831430.529999 268.700012
463547.619995 4831430.549988 268.859985
463547.659973 4831430.579987 269.179993
463547.659973 4831430.579987 269.279999
463547.669983 4831430.579987 269.369995
463547.669983 4831430.579987 269.470001
463547.700012 4831430.609985 269.649994
463547.700012 4831430.609985 269.730011
463547.690002 4831430.589996 268.529999
463547.700012 4831430.600006 268.660004
463547.700012 4831430.600006 268.760010
463547.710022 4831430.600006 268.859985
463547.710022 4831430.600006 268.950012
463547.719971 4831430.600006 269.029999
463547.710022 4831430.579987 269.089996
463547.729980 4831430.600006 268.609985
463547.729980 4831430.589996 268.690002
463547.739990 4831430.600006 268.809998
463547.750000 4831430.600006 268.920013
463547.750000 4831430.600006 269.019989
463547.760010 4831430.600006 269.130005
463547.770020 4831430.600006 268.570007
463547.770020 4831430.600006 268.660004
463547.780029 4831430.600006 268.760010
463547.780029 4831430.600006 268.850006
463547.780029 4831430.600006 268.940002
463547.780029 4831430.600006 269.040009
463547.789978 4831430.600006 269.140015
463547.799988 4831430.609985 269.269989
463547.809998 4831430.609985 269.410004
463547.809998 4831430.600006 269.470001
463547.799988 4831430.589996 268.540009
463547.809998 4831430.600006 268.670013
463547.820007 4831430.600006 268.799988
463547.809998 4831430.589996 268.850006
463547.809998 4831430.579987 268.910004
463547.820007 4831430.589996 269.040009
463547.820007 4831430.589996 269.130005
463547.820007 4831430.579987 269.200012
463547.830017 4831430.579987 269.299988
463547.830017 4831430.589996 269.410004
463547.830017 4831430.579987 269.489990
463547.830017 4831430.570007 269.579987
463547.840027 4831430.579987 268.579987
463547.840027 4831430.579987 268.670013
463547.859985 4831430.579987 269.089996
463547.859985 4831430.549988 269.489990
463547.869995 4831430.549988 269.579987
463547.900024 4831430.540009 269.500000
463547.890015 4831430.519989 269.529999
463547.929993 4831430.500000 269.670013
463547.640015 4831430.609985 269.690002
463547.630005 4831430.589996 269.709991
463547.609985 4831430.559998 269.720001
463547.690002 4831430.640015 269.679993
463547.679993 4831430.609985 269.709991
463547.820007 4831430.660004 269.690002
463547.830017 4831430.660004 269.630005
463547.809998 4831430.630005 269.649994
463547.849976 4831430.670013 269.660004
463547.799988 4831430.630005 269.559998
463547.880005 4831430.690002 269.700012
463547.780029 4831430.619995 269.510010
463547.780029 4831430.630005 269.399994
463547.770020 4831430.609985 269.450012
463547.830017 4831430.619995 269.649994
463547.750000 4831430.619995 269.320007
463547.760010 4831430.609985 269.390015
463547.809998 4831430.619995 269.570007
463547.789978 4831430.619995 269.470001
463547.799988 4831430.609985 269.549988
463547.799988 4831430.600006 269.510010
463547.929993 4831430.549988 269.709991
463547.900024 4831430.459991 269.549988
463547.859985 4831430.570007 268.529999
463547.900024 4831430.459991 269.010010
463547.880005 4831430.489990 269.440002
463547.909973 4831430.529999 269.320007
463547.880005 4831430.510010 268.850006
463547.909973 4831430.559998 268.829987
463547.809998 4831430.640015 269.660004
463547.789978 4831430.619995 269.559998
463547.789978 4831430.619995 269.510010
463547.799988 4831430.630005 269.450012
463547.780029 4831430.619995 269.209991
463547.780029 4831430.619995 269.140015
463547.780029 4831430.619995 269.089996
463547.780029 4831430.630005 269.029999
463547.780029 4831430.630005 268.980011
463547.799988 4831430.660004 268.970001
463547.770020 4831430.619995 268.609985
463547.760010 4831430.619995 268.540009
463547.760010 4831430.649994 269.619995
463547.739990 4831430.630005 269.500000
463547.739990 4831430.630005 269.429993
463547.739990 4831430.630005 269.380005
463547.739990 4831430.630005 269.320007
463547.739990 4831430.640015 269.269989
463547.739990 4831430.640015 269.190002
463547.739990 4831430.640015 269.140015
463547.729980 4831430.630005 269.049988
463547.729980 4831430.630005 268.910004
463547.719971 4831430.640015 268.630005
463547.710022 4831430.630005 268.549988
463547.690002 4831430.630005 269.649994
463547.679993 4831430.619995 269.570007
463547.669983 4831430.609985 269.470001
463547.669983 4831430.609985 269.399994
463547.669983 4831430.619995 269.140015
463547.669983 4831430.619995 269.059998
463547.650024 4831430.609985 268.920013
463547.640015 4831430.600006 268.839996
463547.659973 4831430.619995 268.799988
463547.679993 4831430.649994 269.690002
463547.669983 4831430.640015 269.619995
463547.659973 4831430.619995 269.510010
463547.650024 4831430.619995 269.450012
463547.659973 4831430.640015 269.410004
463547.650024 4831430.619995 269.250000
463547.659973 4831430.640015 269.209991
463547.630005 4831430.600006 269.070007
463547.669983 4831430.649994 269.100006
463547.630005 4831430.619995 268.880005
463547.609985 4831430.589996 268.750000
463547.630005 4831430.609985 268.739990
463547.869995 4831430.549988 269.630005
463547.909973 4831430.640015 269.720001
463547.880005 4831430.519989 269.390015
463547.880005 4831430.489990 269.279999
463547.809998 4831430.589996 269.589996
463547.820007 4831430.589996 269.529999
463547.820007 4831430.579987 269.459991
463547.830017 4831430.579987 269.380005
463547.840027 4831430.579987 269.320007
463547.840027 4831430.549988 269.209991
463547.849976 4831430.549988 269.149994
463547.849976 4831430.540009 269.079987
463547.869995 4831430.570007 269.070007
463547.859985 4831430.510010 268.850006
463547.750000 4831430.670013 269.730011
463547.739990 4831430.640015 269.640015
463547.750000 4831430.640015 269.579987
463547.750000 4831430.630005 269.510010
463547.760010 4831430.630005 269.440002
463547.770020 4831430.630005 269.390015
463547.780029 4831430.630005 269.329987
463547.789978 4831430.630005 269.260010
463547.799988 4831430.649994 269.250000
463547.809998 4831430.609985 268.970001
463547.820007 4831430.600006 268.910004
463547.830017 4831430.609985 268.859985
463547.840027 4831430.619995 268.809998
463547.840027 4831430.589996 268.709991
463547.690002 4831430.640015 269.630005
463547.700012 4831430.640015 269.579987
463547.700012 4831430.640015 269.510010
463547.710022 4831430.630005 269.440002
463547.719971 4831430.630005 269.380005
463547.729980 4831430.640015 269.309998
463547.739990 4831430.640015 269.260010
463547.739990 4831430.640015 269.200012
463547.770020 4831430.640015 269.029999
463547.789978 4831430.649994 268.929993
463547.640015 4831430.619995 269.739990
463547.650024 4831430.630005 269.690002
463547.659973 4831430.619995 269.630005
463547.659973 4831430.619995 269.570007
463547.669983 4831430.619995 269.510010
463547.679993 4831430.630005 269.459991
463547.690002 4831430.630005 269.410004
463547.700012 4831430.630005 269.350006
463547.710022 4831430.630005 269.290009
463547.719971 4831430.640015 269.230011
463547.729980 4831430.640015 269.170013
463547.739990 4831430.649994 269.130005
463547.750000 4831430.630005 268.970001
463547.770020 4831430.640015 268.880005
463547.770020 4831430.630005 268.799988
463547.780029 4831430.630005 268.730011
463547.789978 4831430.630005 268.679993
463547.799988 4831430.649994 268.640015
463547.789978 4831430.609985 268.510010
463547.609985 4831430.600006 269.739990
463547.630005 4831430.619995 269.709991
463547.640015 4831430.630005 269.660004
463547.640015 4831430.619995 269.570007
463547.650024 4831430.619995 269.500000
463547.659973 4831430.619995 269.450012
463547.669983 4831430.619995 269.399994
463547.679993 4831430.630005 269.359985
463547.679993 4831430.630005 269.290009
463547.690002 4831430.630005 269.239990
463547.700012 4831430.630005 269.190002
463547.710022 4831430.640015 269.119995
463547.729980 4831430.670013 269.109985
463547.729980 4831430.649994 269.010010
463547.750000 4831430.660004 268.970001
463547.739990 4831430.630005 268.859985
463547.750000 4831430.630005 268.799988
463547.760010 4831430.630005 268.739990
463547.760010 4831430.630005 268.679993
463547.770020 4831430.630005 268.630005
463547.780029 4831430.609985 268.529999
463547.609985 4831430.609985 269.559998
463547.619995 4831430.600006 269.480011
463547.619995 4831430.600006 269.420013
463547.640015 4831430.619995 269.390015
463547.650024 4831430.619995 269.329987
463547.659973 4831430.630005 269.269989
463547.669983 4831430.640015 269.230011
463547.679993 4831430.640015 269.179993
463547.679993 4831430.630005 269.109985
463547.690002 4831430.630005 269.049988
463547.700012 4831430.640015 269.000000
463547.719971 4831430.679993 269.000000
463547.729980 4831430.640015 268.809998
463547.739990 4831430.640015 268.750000
463547.739990 4831430.630005 268.679993
463547.750000 4831430.640015 268.609985
463547.760010 4831430.630005 268.540009
463547.599976 4831430.589996 269.549988
463547.599976 4831430.579987 269.470001
463547.609985 4831430.579987 269.399994
463547.619995 4831430.589996 269.369995
463547.640015 4831430.609985 269.339996
463547.640015 4831430.609985 269.290009
463547.659973 4831430.619995 269.239990
463547.669983 4831430.630005 269.179993
463547.669983 4831430.619995 269.100006
463547.679993 4831430.619995 269.040009
463547.700012 4831430.649994 269.029999
463547.719971 4831430.630005 268.760010
463547.729980 4831430.630005 268.709991
463547.739990 4831430.640015 268.649994
463547.750000 4831430.630005 268.570007
463547.760010 4831430.619995 268.510010
463547.599976 4831430.579987 269.470001
463547.609985 4831430.579987 269.399994
463547.619995 4831430.600006 269.369995
463547.630005 4831430.609985 269.339996
463547.650024 4831430.619995 269.290009
463547.659973 4831430.630005 269.250000
463547.659973 4831430.630005 269.190002
463547.669983 4831430.619995 269.119995
463547.679993 4831430.619995 269.059998
463547.690002 4831430.630005 269.010010
463547.729980 4831430.630005 268.750000
463547.729980 4831430.630005 268.700012
463547.739990 4831430.640015 268.649994
463547.750000 4831430.630005 268.579987
463547.750000 4831430.630005 268.519989
463547.590027 4831430.579987 269.429993
463547.599976 4831430.589996 269.380005
463547.619995 4831430.609985 269.359985
463547.630005 4831430.619995 269.309998
463547.640015 4831430.619995 269.260010
463547.650024 4831430.630005 269.209991
463547.659973 4831430.630005 269.140015
463547.669983 4831430.619995 269.059998
463547.679993 4831430.630005 269.019989
463547.700012 4831430.679993 269.029999
463547.710022 4831430.640015 268.799988
463547.719971 4831430.640015 268.739990
463547.729980 4831430.640015 268.670013
463547.739990 4831430.640015 268.619995
463547.739990 4831430.630005 268.540009
463547.590027 4831430.589996 269.260010
463547.599976 4831430.589996 269.200012
463547.609985 4831430.600006 269.160004
463547.619995 4831430.600006 269.089996
463547.630005 4831430.600006 269.040009
463547.640015 4831430.609985 268.989990
463547.679993 4831430.630005 268.760010
463547.690002 4831430.630005 268.709991
463547.700012 4831430.630005 268.660004
463547.710022 4831430.630005 268.589996
463547.710022 4831430.630005 268.540009
463547.580017 4831430.549988 268.790009
463547.590027 4831430.570007 268.760010
463547.609985 4831430.600006 268.750000
463547.619995 4831430.589996 268.670013
463547.630005 4831430.600006 268.640015
463547.640015 4831430.609985 268.600006
463547.650024 4831430.619995 268.540009
463547.609985 4831430.579987 268.589996
463547.590027 4831430.540009 268.600006
463547.650024 4831430.579987 268.570007
463547.650024 4831430.579987 268.619995
463547.630005 4831430.570007 268.709991
463547.710022 4831430.589996 268.609985
463547.710022 4831430.600006 268.670013
463547.700012 4831430.600006 268.730011
463547.690002 4831430.600006 268.799988
463547.679993 4831430.589996 268.859985
463547.669983 4831430.579987 268.890015
463547.770020 4831430.600006 268.529999
463547.760010 4831430.600006 268.649994
463547.739990 4831430.589996 268.809998
463547.739990 4831430.619995 268.899994
463547.809998 4831430.579987 268.529999
463547.799988 4831430.579987 268.589996
463547.789978 4831430.579987 268.640015
463547.789978 4831430.579987 268.700012
463547.770020 4831430.589996 268.929993
463547.750000 4831430.559998 268.959991
463547.840027 4831430.549988 268.609985
463547.840027 4831430.549988 268.670013
463547.830017 4831430.549988 268.730011
463547.820007 4831430.549988 268.790009
463547.820007 4831430.570007 268.940002
463547.809998 4831430.570007 268.989990
463547.809998 4831430.570007 269.049988
463547.760010 4831430.579987 269.459991
463547.859985 4831430.480011 268.559998
463547.869995 4831430.529999 268.730011
463547.849976 4831430.510010 268.769989
463547.820007 4831430.570007 269.420013
463547.809998 4831430.559998 269.470001
463547.799988 4831430.619995 269.709991
463547.890015 4831430.470001 268.690002
463547.869995 4831430.480011 268.940002
463547.859985 4831430.519989 269.160004
463547.859985 4831430.549988 269.329987
463547.849976 4831430.529999 269.359985
463547.840027 4831430.519989 269.399994
463547.830017 4831430.540009 269.529999
463547.830017 4831430.549988 269.600006
463547.830017 4831430.559998 269.670013
463547.880005 4831430.470001 269.250000
463547.869995 4831430.480011 269.380005
463547.869995 4831430.510010 269.480011
463547.859985 4831430.489990 269.510010
463547.859985 4831430.489990 269.570007
463547.859985 4831430.529999 269.720001
463547.760010 4831430.640015 269.519989
463547.760010 4831430.630005 269.690002
463547.799988 4831430.609985 269.309998
463547.789978 4831430.589996 269.339996
463547.830017 4831430.630005 269.720001
463547.849976 4831430.570007 269.170013
463547.849976 4831430.559998 269.220001
463547.859985 4831430.579987 269.299988
463547.869995 4831430.589996 269.380005
463547.880005 4831430.600006 269.450012
463547.859985 4831430.579987 269.480011
463547.859985 4831430.570007 269.529999
463547.690002 4831430.619995 269.670013
463547.700012 4831430.619995 269.459991
463547.760010 4831430.619995 269.519989
463547.859985 4831430.630005 269.089996
463547.830017 4831430.589996 269.089996
463547.849976 4831430.589996 269.220001
463547.869995 4831430.589996 269.299988
463547.950012 4831430.600006 269.690002
463547.849976 4831430.579987 269.049988
463547.859985 4831430.579987 269.119995
463547.929993 4831430.540009 269.609985
463547.809998 4831430.630005 268.529999
463547.909973 4831430.619995 269.000000
463547.869995 4831430.570007 269.000000
463547.859985 4831430.549988 269.040009
463547.960022 4831430.619995 269.230011
463547.820007 4831430.579987 268.549988
463547.869995 4831430.549988 268.950012
463547.880005 4831430.540009 269.000000
463547.880005 4831430.529999 269.049988
463547.890015 4831430.519989 269.109985
463547.859985 4831430.589996 268.570007
463547.880005 4831430.519989 268.929993
463547.880005 4831430.510010 268.989990
463547.880005 4831430.489990 269.040009
463547.869995 4831430.559998 268.519989
463547.859985 4831430.540009 268.549988
463547.880005 4831430.519989 268.739990
463547.890015 4831430.480011 268.940002
463547.900024 4831430.470001 269.000000
463547.900024 4831430.489990 268.700012
463547.619995 4831430.510010 269.640015
463547.559998 4831430.500000 269.660004
463547.580017 4831430.549988 269.679993
463547.630005 4831430.519989 269.130005
463547.640015 4831430.570007 269.239990
463547.609985 4831430.559998 269.549988
463547.679993 4831430.640015 269.750000
463547.729980 4831430.660004 269.709991
463547.760010 4831430.640015 269.690002
463547.679993 4831430.619995 268.649994
463547.900024 4831430.510010 268.790009
463547.909973 4831430.510010 268.730011
463547.919983 4831430.489990 269.579987
463547.690002 4831430.720001 269.570007
463547.919983 4831430.489990 269.010010
463547.919983 4831430.480011 268.929993
463547.900024 4831430.570007 268.950012
463547.880005 4831430.600006 268.510010
463547.640015 4831430.649994 269.649994
463547.890015 4831430.579987 269.649994
463547.900024 4831430.559998 269.579987
463547.900024 4831430.579987 269.619995
463547.929993 4831430.570007 269.609985
463547.880005 4831430.600006 269.579987
463547.880005 4831430.579987 269.519989
463547.919983 4831430.570007 269.540009
463547.890015 4831430.579987 269.179993
463547.940002 4831430.510010 269.000000
463547.919983 4831430.489990 268.899994
463547.890015 4831430.600006 269.109985
463547.890015 4831430.579987 269.029999
463547.890015 4831430.600006 269.089996
463547.909973 4831430.579987 269.070007
463547.869995 4831430.600006 269.040009
463547.890015 4831430.589996 269.010010
463547.859985 4831430.619995 269.000000
463547.880005 4831430.600006 268.980011
463547.940002 4831430.570007 268.980011
463547.840027 4831430.619995 268.959991
463547.859985 4831430.600006 268.950012
463547.940002 4831430.600006 269.059998
463547.900024 4831430.609985 269.130005
463547.890015 4831430.579987 269.040009
463547.900024 4831430.579987 269.149994
463547.909973 4831430.570007 269.109985
463547.940002 4831430.510010 268.980011
463547.929993 4831430.489990 268.880005
463547.900024 4831430.579987 269.200012
463547.919983 4831430.500000 268.959991
463547.919983 4831430.480011 268.890015
463547.900024 4831430.589996 269.220001
463547.929993 4831430.549988 269.149994
463547.919983 4831430.489990 268.920013
463547.929993 4831430.489990 269.000000
463547.929993 4831430.470001 268.929993
463547.890015 4831430.609985 269.510010
463547.940002 4831430.570007 269.459991
463547.919983 4831430.480011 268.989990
463547.940002 4831430.470001 268.959991
463547.919983 4831430.489990 268.950012
463547.960022 4831430.480011 268.959991
463547.900024 4831430.579987 269.130005
463547.909973 4831430.559998 269.089996
463547.929993 4831430.500000 268.929993
463547.950012 4831430.480011 268.890015
463547.890015 4831430.589996 269.059998
463547.909973 4831430.570007 269.049988
463547.880005 4831430.609985 269.059998
463547.890015 4831430.589996 269.000000
463547.840027 4831430.619995 268.929993
463547.859985 4831430.600006 268.920013
463547.880005 4831430.579987 268.899994
463547.929993 4831430.529999 268.779999
463547.859985 4831430.609985 269.000000
463547.880005 4831430.600006 268.980011
463547.840027 4831430.619995 268.989990
463547.859985 4831430.609985 268.970001
463547.890015 4831430.589996 268.970001
463547.840027 4831430.630005 269.010010
463547.849976 4831430.609985 268.980011
463547.890015 4831430.600006 268.989990
463547.859985 4831430.609985 269.010010
463547.869995 4831430.589996 268.980011
463547.909973 4831430.600006 269.140015
463547.900024 4831430.579987 269.040009
463547.890015 4831430.589996 269.089996
463547.929993 4831430.570007 269.089996
463547.880005 4831430.619995 269.070007
463547.880005 4831430.589996 269.010010
463547.859985 4831430.630005 269.049988
463547.859985 4831430.609985 268.980011
463547.890015 4831430.600006 268.970001
463547.849976 4831430.630005 269.000000
463547.859985 4831430.609985 268.940002
463547.880005 4831430.589996 268.920013
463547.880005 4831430.589996 268.570007
463547.950012 4831430.450012 269.480011
463547.979980 4831430.690002 269.279999
463547.890015 4831430.609985 268.670013
463548.030029 4831430.739990 269.220001
463548.179993 4831430.850006 269.660004
463548.030029 4831430.750000 269.260010
463548.010010 4831430.640015 269.070007
463548.169983 4831430.790009 269.570007
463548.349976 4831430.589996 269.739990
463548.270020 4831430.739990 269.739990
463548.289978 4831430.790009 269.720001
463548.280029 4831430.760010 269.720001
463548.260010 4831430.730011 269.709991
463548.330017 4831430.670013 269.739990
463548.190002 4831430.829987 269.549988
463548.200012 4831430.839996 269.670013
463548.239990 4831430.799988 269.720001
463548.229980 4831430.779999 269.739990
463548.289978 4831430.739990 269.700012
463548.280029 4831430.730011 269.750000
463548.340027 4831430.690002 269.720001
463548.320007 4831430.670013 269.730011
463548.200012 4831430.850006 269.640015
463548.200012 4831430.839996 269.700012
463548.270020 4831430.790009 269.619995
463548.280029 4831430.779999 269.690002
463548.280029 4831430.690002 269.720001
463548.400024 4831430.670013 269.720001
463548.369995 4831430.579987 269.739990
463548.419983 4831430.660004 269.750000
463548.429993 4831430.660004 269.690002
463548.340027 4831430.609985 269.750000
463548.349976 4831430.619995 269.709991
463548.369995 4831430.640015 269.679993
463548.380005 4831430.670013 269.660004
463548.260010 4831430.730011 269.739990
463548.270020 4831430.750000 269.720001
463548.299988 4831430.790009 269.720001
463548.219971 4831430.829987 269.720001
463548.200012 4831430.839996 269.700012
463548.239990 4831430.829987 269.690002
463548.219971 4831430.809998 269.720001
463548.250000 4831430.779999 269.720001
463548.289978 4831430.790009 269.730011
463548.260010 4831430.739990 269.750000
463548.309998 4831430.739990 269.739990
463548.289978 4831430.700012 269.750000
463548.190002 4831430.859985 269.730011
463548.219971 4831430.820007 269.739990
463548.289978 4831430.820007 269.730011
463548.289978 4831430.739990 269.700012
463548.270020 4831430.700012 269.720001
463548.330017 4831430.720001 269.700012
463548.309998 4831430.690002 269.739990
463548.229980 4831430.880005 269.709991
463548.210022 4831430.839996 269.600006
463548.219971 4831430.839996 269.670013
463548.239990 4831430.820007 269.670013
463548.260010 4831430.820007 269.739990
463548.270020 4831430.799988 269.709991
463548.260010 4831430.779999 269.750000
463548.299988 4831430.790009 269.690002
463548.260010 4831430.750000 269.690002
463548.289978 4831430.769989 269.700012
463548.309998 4831430.769989 269.750000
463548.429993 4831430.619995 269.750000
463548.239990 4831430.859985 269.709991
463548.270020 4831430.850006 269.739990
463548.260010 4831430.769989 269.700012
463548.229980 4831430.790009 269.720001
463548.320007 4831430.690002 269.690002
463548.320007 4831430.720001 269.739990
463548.349976 4831430.709991 269.700012
463548.210022 4831430.880005 269.570007
463548.250000 4831430.760010 269.720001
463548.260010 4831430.790009 269.679993
463548.239990 4831430.839996 269.720001
463548.280029 4831430.820007 269.720001
463548.229980 4831430.899994 269.750000
463548.219971 4831430.890015 269.640015
463548.280029 4831430.799988 269.750000
463548.299988 4831430.779999 269.730011
463548.320007 4831430.760010 269.709991
463548.239990 4831430.829987 269.679993
463548.280029 4831430.820007 269.679993
463548.760010 4831430.130005 269.730011
463548.460022 4831430.359985 269.570007
463548.429993 4831430.369995 269.630005
463548.489990 4831430.570007 269.700012
