2.806099849999999947e+02 4.831433679992999882e+06 4.635485300290000159e+05
2.804899899999999775e+02 4.831433660004000179e+06 4.635487999880000134e+05
2.816099849999999947e+02 4.831433679992999882e+06 4.635490300290000159e+05
2.815000000000000000e+02 4.831434109985000454e+06 4.635485800169999711e+05
2.820000000000000000e+02 4.831433670013000257e+06 4.635487500000000000e+05
2.815599980000000073e+02 4.831433769988999702e+06 4.635491799929999979e+05
2.816900019999999927e+02 4.831433739989999682e+06 4.635490900269999984e+05
2.819500120000000152e+02 4.831433739989999682e+06 4.635487800290000159e+05
2.820000000000000000e+02 4.831433769988999702e+06 4.635487999880000134e+05
2.816400150000000053e+02 4.831433720000999980e+06 4.635490499880000134e+05
2.819899899999999775e+02 4.831433649993999861e+06 4.635487700199999963e+05
2.817000120000000152e+02 4.831433750000000000e+06 4.635490900269999984e+05
2.817000120000000152e+02 4.831433769988999702e+06 4.635490999760000268e+05
2.815299989999999752e+02 4.831433750000000000e+06 4.635491500239999732e+05
2.820000000000000000e+02 4.831433690001999959e+06 4.635487899779999861e+05
2.816700129999999831e+02 4.831433660004000179e+06 4.635492000119999866e+05
2.816199950000000172e+02 4.831433750000000000e+06 4.635490999760000268e+05
2.816400150000000053e+02 4.831433790009000339e+06 4.635491300049999845e+05
2.816799930000000245e+02 4.831433779999000020e+06 4.635490100100000273e+05
2.816099849999999947e+02 4.831433809998000041e+06 4.635491799929999979e+05
2.816400150000000053e+02 4.831433730011000298e+06 4.635490800169999711e+05
2.815299989999999752e+02 4.831433630005000159e+06 4.635491900020000176e+05
2.816499939999999924e+02 4.831433829986999743e+06 4.635491699830000289e+05
2.816499939999999924e+02 4.831433750000000000e+06 4.635490599979999824e+05
2.815599980000000073e+02 4.831433720000999980e+06 4.635490700070000021e+05
2.816099849999999947e+02 4.831433790009000339e+06 4.635490900269999984e+05
2.819200129999999831e+02 4.831433690001999959e+06 4.635487899779999861e+05
2.816400150000000053e+02 4.831433709990999661e+06 4.635490700070000021e+05
2.819700010000000248e+02 4.831433750000000000e+06 4.635487500000000000e+05
2.819800109999999904e+02 4.831433640014999546e+06 4.635487800290000159e+05
2.816199950000000172e+02 4.831433709990999661e+06 4.635490700070000021e+05
2.816700129999999831e+02 4.831433730011000298e+06 4.635490900269999984e+05
2.816099849999999947e+02 4.831433799987999722e+06 4.635491300049999845e+05
2.819299930000000245e+02 4.831433690001999959e+06 4.635487600100000273e+05
2.816600040000000149e+02 4.831433750000000000e+06 4.635490800169999711e+05
2.815899959999999851e+02 4.831433760010000318e+06 4.635491400150000118e+05
2.816600040000000149e+02 4.831433730011000298e+06 4.635492000119999866e+05
2.815000000000000000e+02 4.831433750000000000e+06 4.635491599730000016e+05
2.815000000000000000e+02 4.831433779999000020e+06 4.635491599730000016e+05
2.815899959999999851e+02 4.831433820007000118e+06 4.635491300049999845e+05
2.815700069999999755e+02 4.831433760010000318e+06 4.635491400150000118e+05
2.815199890000000096e+02 4.831433790009000339e+06 4.635491500239999732e+05
2.819599910000000023e+02 4.831433690001999959e+06 4.635487399899999727e+05
2.820000000000000000e+02 4.831433679992999882e+06 4.635487600100000273e+05
2.819899899999999775e+02 4.831433670013000257e+06 4.635487800290000159e+05
2.819500120000000152e+02 4.831433739989999682e+06 4.635488099979999824e+05
2.819700010000000248e+02 4.831433630005000159e+06 4.635487600100000273e+05
2.819500120000000152e+02 4.831433670013000257e+06 4.635487600100000273e+05
2.819400019999999927e+02 4.831433690001999959e+06 4.635488200070000021e+05
2.816300049999999828e+02 4.831433779999000020e+06 4.635491500239999732e+05
2.817000120000000152e+02 4.831433739989999682e+06 4.635490999760000268e+05
2.816300049999999828e+02 4.831433739989999682e+06 4.635490999760000268e+05
2.815899959999999851e+02 4.831433739989999682e+06 4.635491099849999882e+05
2.815599980000000073e+02 4.831433739989999682e+06 4.635491099849999882e+05
2.815700069999999755e+02 4.831433739989999682e+06 4.635490800169999711e+05
2.816199950000000172e+02 4.831433750000000000e+06 4.635490599979999824e+05
2.814899899999999775e+02 4.831433769988999702e+06 4.635491400150000118e+05
2.816199950000000172e+02 4.831433739989999682e+06 4.635491500239999732e+05
2.816700129999999831e+02 4.831433679992999882e+06 4.635491900020000176e+05
2.816199950000000172e+02 4.831433720000999980e+06 4.635491400150000118e+05
2.815700069999999755e+02 4.831433750000000000e+06 4.635490900269999984e+05
2.815299989999999752e+02 4.831433670013000257e+06 4.635490900269999984e+05
2.815700069999999755e+02 4.831433739989999682e+06 4.635490399779999861e+05
2.816300049999999828e+02 4.831433790009000339e+06 4.635491799929999979e+05
2.816799930000000245e+02 4.831433739989999682e+06 4.635490399779999861e+05
2.815700069999999755e+02 4.831433779999000020e+06 4.635491099849999882e+05
2.816799930000000245e+02 4.831433730011000298e+06 4.635490800169999711e+05
2.816900019999999927e+02 4.831433709990999661e+06 4.635492100220000139e+05
2.815899959999999851e+02 4.831433660004000179e+06 4.635492299800000037e+05
2.815899959999999851e+02 4.831433730011000298e+06 4.635492100220000139e+05
2.816499939999999924e+02 4.831433649993999861e+06 4.635492299800000037e+05
2.815799870000000169e+02 4.831433700012000278e+06 4.635492399899999727e+05
2.817000120000000152e+02 4.831433709990999661e+06 4.635492399899999727e+05
2.816700129999999831e+02 4.831433640014999546e+06 4.635492999880000134e+05
2.817000120000000152e+02 4.831433690001999959e+06 4.635492700199999963e+05
2.816900019999999927e+02 4.831433739989999682e+06 4.635492399899999727e+05
2.816799930000000245e+02 4.831433809998000041e+06 4.635492299800000037e+05
2.815599980000000073e+02 4.831433640014999546e+06 4.635492500000000000e+05
2.817000120000000152e+02 4.831433700012000278e+06 4.635492500000000000e+05
2.817000120000000152e+02 4.831433709990999661e+06 4.635492299800000037e+05
2.816099849999999947e+02 4.831433730011000298e+06 4.635492500000000000e+05
2.816900019999999927e+02 4.831433700012000278e+06 4.635492399899999727e+05
2.815299989999999752e+02 4.831433630005000159e+06 4.635492199709999841e+05
2.816799930000000245e+02 4.831433720000999980e+06 4.635492299800000037e+05
2.816700129999999831e+02 4.831433799987999722e+06 4.635492100220000139e+05
2.816499939999999924e+02 4.831433820007000118e+06 4.635492199709999841e+05
2.817200010000000248e+02 4.831433720000999980e+06 4.635492399899999727e+05
2.816000060000000076e+02 4.831433640014999546e+06 4.635492299800000037e+05
2.816700129999999831e+02 4.831433649993999861e+06 4.635492500000000000e+05
2.815299989999999752e+02 4.831433660004000179e+06 4.635492299800000037e+05
2.816799930000000245e+02 4.831433720000999980e+06 4.635492100220000139e+05
2.816700129999999831e+02 4.831433730011000298e+06 4.635492199709999841e+05
2.816700129999999831e+02 4.831433720000999980e+06 4.635492299800000037e+05
2.817099910000000023e+02 4.831433690001999959e+06 4.635493200070000021e+05
2.817099910000000023e+02 4.831433690001999959e+06 4.635492999880000134e+05
2.817200010000000248e+02 4.831433679992999882e+06 4.635492700199999963e+05
2.817099910000000023e+02 4.831433690001999959e+06 4.635492600100000273e+05
2.816900019999999927e+02 4.831433649993999861e+06 4.635493200070000021e+05
2.817099910000000023e+02 4.831433679992999882e+06 4.635492500000000000e+05
2.817200010000000248e+02 4.831433679992999882e+06 4.635492700199999963e+05
2.817000120000000152e+02 4.831433700012000278e+06 4.635492500000000000e+05
2.817200010000000248e+02 4.831433679992999882e+06 4.635493099979999824e+05
2.817000120000000152e+02 4.831433700012000278e+06 4.635492700199999963e+05
2.817200010000000248e+02 4.831433709990999661e+06 4.635492700199999963e+05
2.817200010000000248e+02 4.831433679992999882e+06 4.635493300169999711e+05
2.817200010000000248e+02 4.831433679992999882e+06 4.635492700199999963e+05
2.817000120000000152e+02 4.831433690001999959e+06 4.635492500000000000e+05
2.816400150000000053e+02 4.831433630005000159e+06 4.635493800049999845e+05
2.817000120000000152e+02 4.831433690001999959e+06 4.635492600100000273e+05
2.817200010000000248e+02 4.831433679992999882e+06 4.635492700199999963e+05
2.815700069999999755e+02 4.831433649993999861e+06 4.635492199709999841e+05
2.816099849999999947e+02 4.831433630005000159e+06 4.635492600100000273e+05
2.816300049999999828e+02 4.831433670013000257e+06 4.635492500000000000e+05
2.815599980000000073e+02 4.831433679992999882e+06 4.635492100220000139e+05
2.815299989999999752e+02 4.831433649993999861e+06 4.635492600100000273e+05
2.817000120000000152e+02 4.831433769988999702e+06 4.635492100220000139e+05
2.816900019999999927e+02 4.831433760010000318e+06 4.635492299800000037e+05
2.815799870000000169e+02 4.831433660004000179e+06 4.635492299800000037e+05
2.817200010000000248e+02 4.831433720000999980e+06 4.635492500000000000e+05
2.817300109999999904e+02 4.831433700012000278e+06 4.635492800290000159e+05
2.816900019999999927e+02 4.831433649993999861e+06 4.635492600100000273e+05
2.816400150000000053e+02 4.831433670013000257e+06 4.635492500000000000e+05
2.817099910000000023e+02 4.831433679992999882e+06 4.635492899779999861e+05
2.817000120000000152e+02 4.831433679992999882e+06 4.635492800290000159e+05
2.816199950000000172e+02 4.831433660004000179e+06 4.635492700199999963e+05
2.817000120000000152e+02 4.831433760010000318e+06 4.635492299800000037e+05
2.813200069999999755e+02 4.831433720000999980e+06 4.635497100220000139e+05
2.812699890000000096e+02 4.831433769988999702e+06 4.635487399899999727e+05
2.812999879999999848e+02 4.831433720000999980e+06 4.635487000119999866e+05
2.808699950000000172e+02 4.831433790009000339e+06 4.635486900020000176e+05
2.812500000000000000e+02 4.831433799987999722e+06 4.635486599730000016e+05
2.812399899999999775e+02 4.831433760010000318e+06 4.635486400150000118e+05
2.812300109999999904e+02 4.831433890014999546e+06 4.635487700199999963e+05
2.813299870000000169e+02 4.831433859985000454e+06 4.635487299800000037e+05
2.812200010000000248e+02 4.831433769988999702e+06 4.635486900020000176e+05
2.808699950000000172e+02 4.831433670013000257e+06 4.635487100220000139e+05
2.809200129999999831e+02 4.831433769988999702e+06 4.635488800049999845e+05
2.809400019999999927e+02 4.831433910004000179e+06 4.635490999760000268e+05
2.812099910000000023e+02 4.831433859985000454e+06 4.635487100220000139e+05
2.813699950000000172e+02 4.831433790009000339e+06 4.635487500000000000e+05
2.810000000000000000e+02 4.831433649993999861e+06 4.635486400150000118e+05
2.810899959999999851e+02 4.831433920013000257e+06 4.635491300049999845e+05
2.811900019999999927e+02 4.831433790009000339e+06 4.635486199950000155e+05
2.808599849999999947e+02 4.831433799987999722e+06 4.635488499760000268e+05
2.813800049999999828e+02 4.831434029999000020e+06 4.635488800049999845e+05
2.810700069999999755e+02 4.831433980011000298e+06 4.635491400150000118e+05
2.808800049999999828e+02 4.831433700012000278e+06 4.635486599730000016e+05
2.812000120000000152e+02 4.831433809998000041e+06 4.635486699830000289e+05
2.813200069999999755e+02 4.831433920013000257e+06 4.635487100220000139e+05
2.810899959999999851e+02 4.831433839995999821e+06 4.635485599979999824e+05
2.813299870000000169e+02 4.831433779999000020e+06 4.635487999880000134e+05
2.809299930000000245e+02 4.831433690001999959e+06 4.635486900020000176e+05
2.808699950000000172e+02 4.831433700012000278e+06 4.635487000119999866e+05
2.809400019999999927e+02 4.831433670013000257e+06 4.635487999880000134e+05
2.812799989999999752e+02 4.831433850006000139e+06 4.635487800290000159e+05
2.813099980000000073e+02 4.831433850006000139e+06 4.635487600100000273e+05
2.811900019999999927e+02 4.831433829986999743e+06 4.635487899779999861e+05
2.813399959999999851e+02 4.831433809998000041e+06 4.635487000119999866e+05
2.812600100000000225e+02 4.831433829986999743e+06 4.635487500000000000e+05
2.812200010000000248e+02 4.831433750000000000e+06 4.635486300049999845e+05
2.808699950000000172e+02 4.831433850006000139e+06 4.635486599730000016e+05
2.808800049999999828e+02 4.831433899993999861e+06 4.635486099849999882e+05
2.811000060000000076e+02 4.831433929992999882e+06 4.635491500239999732e+05
2.811900019999999927e+02 4.831433940001999959e+06 4.635491300049999845e+05
2.807200010000000248e+02 4.831434070007000118e+06 4.635491599730000016e+05
2.807200010000000248e+02 4.831434089995999821e+06 4.635491500239999732e+05
2.807200010000000248e+02 4.831434059998000041e+06 4.635490900269999984e+05
2.811700129999999831e+02 4.831433970000999980e+06 4.635490999760000268e+05
2.807500000000000000e+02 4.831434079986999743e+06 4.635490700070000021e+05
2.810700069999999755e+02 4.831433929992999882e+06 4.635490599979999824e+05
2.813800049999999828e+02 4.831433970000999980e+06 4.635489099730000016e+05
2.813699950000000172e+02 4.831434000000000000e+06 4.635489299929999979e+05
2.810400089999999977e+02 4.831433940001999959e+06 4.635490100100000273e+05
2.806900019999999927e+02 4.831433929992999882e+06 4.635490700070000021e+05
2.807600100000000225e+02 4.831434049987999722e+06 4.635491099849999882e+05
2.807500000000000000e+02 4.831434070007000118e+06 4.635491300049999845e+05
2.807000120000000152e+02 4.831434079986999743e+06 4.635491500239999732e+05
2.807200010000000248e+02 4.831434059998000041e+06 4.635490999760000268e+05
2.807500000000000000e+02 4.831434070007000118e+06 4.635490800169999711e+05
2.808999939999999924e+02 4.831433970000999980e+06 4.635487899779999861e+05
2.811099849999999947e+02 4.831433829986999743e+06 4.635485700070000021e+05
2.811600040000000149e+02 4.831433829986999743e+06 4.635485599979999824e+05
2.811400150000000053e+02 4.831433920013000257e+06 4.635490200199999963e+05
2.810199890000000096e+02 4.831433850006000139e+06 4.635491900020000176e+05
2.811700129999999831e+02 4.831433869994999841e+06 4.635485700070000021e+05
2.808200069999999755e+02 4.831433890014999546e+06 4.635486799929999979e+05
2.812500000000000000e+02 4.831433910004000179e+06 4.635487600100000273e+05
2.808800049999999828e+02 4.831433850006000139e+06 4.635487500000000000e+05
2.812399899999999775e+02 4.831433809998000041e+06 4.635487800290000159e+05
2.813599849999999947e+02 4.831433799987999722e+06 4.635487500000000000e+05
2.808900150000000053e+02 4.831433899993999861e+06 4.635487700199999963e+05
2.813699950000000172e+02 4.831433730011000298e+06 4.635487600100000273e+05
2.808399959999999851e+02 4.831433839995999821e+06 4.635487600100000273e+05
2.809599910000000023e+02 4.831433850006000139e+06 4.635487899779999861e+05
2.813099980000000073e+02 4.831433730011000298e+06 4.635488300169999711e+05
2.812799989999999752e+02 4.831433700012000278e+06 4.635487999880000134e+05
2.811300049999999828e+02 4.831433920013000257e+06 4.635490200199999963e+05
2.809599910000000023e+02 4.831433880005000159e+06 4.635491900020000176e+05
2.806900019999999927e+02 4.831434059998000041e+06 4.635491599730000016e+05
2.813500060000000076e+02 4.831433950012000278e+06 4.635489299929999979e+05
2.807600100000000225e+02 4.831434059998000041e+06 4.635490900269999984e+05
2.811199950000000172e+02 4.831433950012000278e+06 4.635490300290000159e+05
2.807399899999999775e+02 4.831434040009000339e+06 4.635491199950000155e+05
2.812799989999999752e+02 4.831433980011000298e+06 4.635488599849999882e+05
2.813699950000000172e+02 4.831433970000999980e+06 4.635488800049999845e+05
2.812099910000000023e+02 4.831433950012000278e+06 4.635488699950000155e+05
2.813399959999999851e+02 4.831433940001999959e+06 4.635489799800000037e+05
2.812300109999999904e+02 4.831434040009000339e+06 4.635490700070000021e+05
2.807799989999999752e+02 4.831434070007000118e+06 4.635490900269999984e+05
2.807300109999999904e+02 4.831434059998000041e+06 4.635491199950000155e+05
2.811000060000000076e+02 4.831433959990999661e+06 4.635491400150000118e+05
2.811400150000000053e+02 4.831433940001999959e+06 4.635491300049999845e+05
2.812000120000000152e+02 4.831433929992999882e+06 4.635491300049999845e+05
2.807300109999999904e+02 4.831434089995999821e+06 4.635491900020000176e+05
2.807399899999999775e+02 4.831434059998000041e+06 4.635491799929999979e+05
2.810799870000000169e+02 4.831433940001999959e+06 4.635491599730000016e+05
2.812300109999999904e+02 4.831433950012000278e+06 4.635492000119999866e+05
2.808900150000000053e+02 4.831433760010000318e+06 4.635488200070000021e+05
2.809100040000000149e+02 4.831433839995999821e+06 4.635487999880000134e+05
2.808200069999999755e+02 4.831433880005000159e+06 4.635487500000000000e+05
2.812399899999999775e+02 4.831433829986999743e+06 4.635488099979999824e+05
2.812000120000000152e+02 4.831433820007000118e+06 4.635487899779999861e+05
2.809100040000000149e+02 4.831433839995999821e+06 4.635488099979999824e+05
2.808999939999999924e+02 4.831433839995999821e+06 4.635487399899999727e+05
2.808599849999999947e+02 4.831433850006000139e+06 4.635487600100000273e+05
2.812000120000000152e+02 4.831433920013000257e+06 4.635487000119999866e+05
2.807999879999999848e+02 4.831433899993999861e+06 4.635487399899999727e+05
2.814899899999999775e+02 4.831433820007000118e+06 4.635485399779999861e+05
2.811099849999999947e+02 4.831433910004000179e+06 4.635485599979999824e+05
2.810799870000000169e+02 4.831433910004000179e+06 4.635491799929999979e+05
2.810100100000000225e+02 4.831433910004000179e+06 4.635491500239999732e+05
2.809100040000000149e+02 4.831433809998000041e+06 4.635487199709999841e+05
2.809200129999999831e+02 4.831433850006000139e+06 4.635487399899999727e+05
2.808999939999999924e+02 4.831433869994999841e+06 4.635487500000000000e+05
2.808699950000000172e+02 4.831433890014999546e+06 4.635487700199999963e+05
2.808399959999999851e+02 4.831433880005000159e+06 4.635487000119999866e+05
2.810700069999999755e+02 4.831433880005000159e+06 4.635485700070000021e+05
2.809200129999999831e+02 4.831433869994999841e+06 4.635486099849999882e+05
2.811700129999999831e+02 4.831433970000999980e+06 4.635491400150000118e+05
2.811499939999999924e+02 4.831433989989999682e+06 4.635491500239999732e+05
2.807399899999999775e+02 4.831434070007000118e+06 4.635492000119999866e+05
2.811600040000000149e+02 4.831434019988999702e+06 4.635491099849999882e+05
2.807699890000000096e+02 4.831434089995999821e+06 4.635491500239999732e+05
2.807300109999999904e+02 4.831434089995999821e+06 4.635491500239999732e+05
2.806700129999999831e+02 4.831434089995999821e+06 4.635491500239999732e+05
2.813900150000000053e+02 4.831433980011000298e+06 4.635489199830000289e+05
2.813200069999999755e+02 4.831433970000999980e+06 4.635489099730000016e+05
2.809200129999999831e+02 4.831433989989999682e+06 4.635487700199999963e+05
2.811900019999999927e+02 4.831433950012000278e+06 4.635486799929999979e+05
2.810899959999999851e+02 4.831433950012000278e+06 4.635492000119999866e+05
2.811600040000000149e+02 4.831433970000999980e+06 4.635491400150000118e+05
2.807200010000000248e+02 4.831434079986999743e+06 4.635491900020000176e+05
2.810700069999999755e+02 4.831433980011000298e+06 4.635490300290000159e+05
2.807699890000000096e+02 4.831434079986999743e+06 4.635491300049999845e+05
2.807000120000000152e+02 4.831434070007000118e+06 4.635491400150000118e+05
2.806700129999999831e+02 4.831434079986999743e+06 4.635491500239999732e+05
2.813900150000000053e+02 4.831433980011000298e+06 4.635489500119999866e+05
2.813599849999999947e+02 4.831433989989999682e+06 4.635489600220000139e+05
2.807500000000000000e+02 4.831434059998000041e+06 4.635490900269999984e+05
2.807399899999999775e+02 4.831434089995999821e+06 4.635490999760000268e+05
2.806499939999999924e+02 4.831434100006000139e+06 4.635491199950000155e+05
2.813800049999999828e+02 4.831434000000000000e+06 4.635489299929999979e+05
2.813800049999999828e+02 4.831433989989999682e+06 4.635489099730000016e+05
2.813200069999999755e+02 4.831433980011000298e+06 4.635489099730000016e+05
2.813500060000000076e+02 4.831434010010000318e+06 4.635489000239999732e+05
2.813800049999999828e+02 4.831434010010000318e+06 4.635488800049999845e+05
2.812200010000000248e+02 4.831434010010000318e+06 4.635487999880000134e+05
2.812200010000000248e+02 4.831433940001999959e+06 4.635491500239999732e+05
2.810799870000000169e+02 4.831433929992999882e+06 4.635491699830000289e+05
2.811600040000000149e+02 4.831433950012000278e+06 4.635491199950000155e+05
2.811300049999999828e+02 4.831433970000999980e+06 4.635491400150000118e+05
2.811799930000000245e+02 4.831433959990999661e+06 4.635490999760000268e+05
2.811400150000000053e+02 4.831433970000999980e+06 4.635491199950000155e+05
2.811099849999999947e+02 4.831433980011000298e+06 4.635491400150000118e+05
2.811600040000000149e+02 4.831433959990999661e+06 4.635491099849999882e+05
2.811300049999999828e+02 4.831433970000999980e+06 4.635491199950000155e+05
2.811400150000000053e+02 4.831433959990999661e+06 4.635491099849999882e+05
2.811099849999999947e+02 4.831433970000999980e+06 4.635491199950000155e+05
2.810799870000000169e+02 4.831433980011000298e+06 4.635491400150000118e+05
2.813599849999999947e+02 4.831433950012000278e+06 4.635490000000000000e+05
2.813900150000000053e+02 4.831433980011000298e+06 4.635489600220000139e+05
2.813599849999999947e+02 4.831433989989999682e+06 4.635489799800000037e+05
2.811400150000000053e+02 4.831433959990999661e+06 4.635490300290000159e+05
2.811400150000000053e+02 4.831433989989999682e+06 4.635490399779999861e+05
2.807200010000000248e+02 4.831434070007000118e+06 4.635492000119999866e+05
2.813800049999999828e+02 4.831433970000999980e+06 4.635489099730000016e+05
2.813699950000000172e+02 4.831433989989999682e+06 4.635489299929999979e+05
2.813299870000000169e+02 4.831434000000000000e+06 4.635489400020000176e+05
2.811000060000000076e+02 4.831433980011000298e+06 4.635490000000000000e+05
2.807500000000000000e+02 4.831434070007000118e+06 4.635491400150000118e+05
2.807099910000000023e+02 4.831434089995999821e+06 4.635491599730000016e+05
2.806300049999999828e+02 4.831434089995999821e+06 4.635491900020000176e+05
2.805899959999999851e+02 4.831434089995999821e+06 4.635492000119999866e+05
2.813800049999999828e+02 4.831434040009000339e+06 4.635488800049999845e+05
2.807600100000000225e+02 4.831434040009000339e+06 4.635490599979999824e+05
2.807699890000000096e+02 4.831434079986999743e+06 4.635490700070000021e+05
2.807200010000000248e+02 4.831434089995999821e+06 4.635490900269999984e+05
2.806400150000000053e+02 4.831434109985000454e+06 4.635491199950000155e+05
2.811300049999999828e+02 4.831433839995999821e+06 4.635485200199999963e+05
2.808900150000000053e+02 4.831433750000000000e+06 4.635487299800000037e+05
2.810400089999999977e+02 4.831433700012000278e+06 4.635492000119999866e+05
2.810599980000000073e+02 4.831433859985000454e+06 4.635485399779999861e+05
2.809200129999999831e+02 4.831433820007000118e+06 4.635487500000000000e+05
2.811000060000000076e+02 4.831433859985000454e+06 4.635490300290000159e+05
2.811700129999999831e+02 4.831433920013000257e+06 4.635491300049999845e+05
2.808999939999999924e+02 4.831433799987999722e+06 4.635487600100000273e+05
2.812300109999999904e+02 4.831433779999000020e+06 4.635487999880000134e+05
2.808900150000000053e+02 4.831433700012000278e+06 4.635487399899999727e+05
2.810100100000000225e+02 4.831433890014999546e+06 4.635489699709999841e+05
2.807000120000000152e+02 4.831434040009000339e+06 4.635491400150000118e+05
2.807600100000000225e+02 4.831434040009000339e+06 4.635491300049999845e+05
2.807000120000000152e+02 4.831434059998000041e+06 4.635492000119999866e+05
2.807000120000000152e+02 4.831434059998000041e+06 4.635491500239999732e+05
2.807200010000000248e+02 4.831434029999000020e+06 4.635491300049999845e+05
2.811400150000000053e+02 4.831433940001999959e+06 4.635491400150000118e+05
2.807000120000000152e+02 4.831434070007000118e+06 4.635491799929999979e+05
2.807300109999999904e+02 4.831434059998000041e+06 4.635491799929999979e+05
2.807399899999999775e+02 4.831434029999000020e+06 4.635491500239999732e+05
2.808900150000000053e+02 4.831433730011000298e+06 4.635488099979999824e+05
2.811799930000000245e+02 4.831433790009000339e+06 4.635485900269999984e+05
2.808800049999999828e+02 4.831433779999000020e+06 4.635487100220000139e+05
2.808599849999999947e+02 4.831433660004000179e+06 4.635486599730000016e+05
2.809500120000000152e+02 4.831433670013000257e+06 4.635486199950000155e+05
2.811600040000000149e+02 4.831433820007000118e+06 4.635485900269999984e+05
2.808599849999999947e+02 4.831433700012000278e+06 4.635485999760000268e+05
2.808699950000000172e+02 4.831433779999000020e+06 4.635485700070000021e+05
2.811799930000000245e+02 4.831433940001999959e+06 4.635491900020000176e+05
2.811900019999999927e+02 4.831433959990999661e+06 4.635491699830000289e+05
2.810700069999999755e+02 4.831433970000999980e+06 4.635490499880000134e+05
2.809800109999999904e+02 4.831433899993999861e+06 4.635491300049999845e+05
2.809500120000000152e+02 4.831433880005000159e+06 4.635491799929999979e+05
2.810100100000000225e+02 4.831433899993999861e+06 4.635491699830000289e+05
2.810700069999999755e+02 4.831433910004000179e+06 4.635490800169999711e+05
2.809599910000000023e+02 4.831433829986999743e+06 4.635487999880000134e+05
2.810899959999999851e+02 4.831433920013000257e+06 4.635491900020000176e+05
2.807200010000000248e+02 4.831433929992999882e+06 4.635490900269999984e+05
2.813599849999999947e+02 4.831433989989999682e+06 4.635488599849999882e+05
2.813599849999999947e+02 4.831433959990999661e+06 4.635489299929999979e+05
2.807300109999999904e+02 4.831433950012000278e+06 4.635490999760000268e+05
2.807099910000000023e+02 4.831434010010000318e+06 4.635491599730000016e+05
2.807300109999999904e+02 4.831434029999000020e+06 4.635491599730000016e+05
2.807099910000000023e+02 4.831434040009000339e+06 4.635491699830000289e+05
2.806900019999999927e+02 4.831434070007000118e+06 4.635491799929999979e+05
2.807099910000000023e+02 4.831434070007000118e+06 4.635491500239999732e+05
2.806900019999999927e+02 4.831434059998000041e+06 4.635492000119999866e+05
2.806900019999999927e+02 4.831434059998000041e+06 4.635491900020000176e+05
2.806900019999999927e+02 4.831434059998000041e+06 4.635491799929999979e+05
2.806400150000000053e+02 4.831433890014999546e+06 4.635490800169999711e+05
2.809200129999999831e+02 4.831433739989999682e+06 4.635488200070000021e+05
2.811700129999999831e+02 4.831433839995999821e+06 4.635486199950000155e+05
2.807099910000000023e+02 4.831433890014999546e+06 4.635491599730000016e+05
2.806900019999999927e+02 4.831433899993999861e+06 4.635491400150000118e+05
2.806700129999999831e+02 4.831433910004000179e+06 4.635491199950000155e+05
2.805100100000000225e+02 4.831433899993999861e+06 4.635491500239999732e+05
2.811000060000000076e+02 4.831433809998000041e+06 4.635492000119999866e+05
2.804400019999999927e+02 4.831433859985000454e+06 4.635491699830000289e+05
2.809700010000000248e+02 4.831433839995999821e+06 4.635491900020000176e+05
2.806400150000000053e+02 4.831433869994999841e+06 4.635491799929999979e+05
2.806700129999999831e+02 4.831433890014999546e+06 4.635491400150000118e+05
2.806499939999999924e+02 4.831433899993999861e+06 4.635491300049999845e+05
2.805100100000000225e+02 4.831433890014999546e+06 4.635491599730000016e+05
2.809500120000000152e+02 4.831433890014999546e+06 4.635491400150000118e+05
2.807300109999999904e+02 4.831433880005000159e+06 4.635491799929999979e+05
2.807399899999999775e+02 4.831433899993999861e+06 4.635491400150000118e+05
2.807600100000000225e+02 4.831433920013000257e+06 4.635491099849999882e+05
2.807399899999999775e+02 4.831433899993999861e+06 4.635491599730000016e+05
2.806900019999999927e+02 4.831433920013000257e+06 4.635491199950000155e+05
2.807300109999999904e+02 4.831433880005000159e+06 4.635491799929999979e+05
2.807000120000000152e+02 4.831433890014999546e+06 4.635491599730000016e+05
2.807099910000000023e+02 4.831433880005000159e+06 4.635491599730000016e+05
2.807200010000000248e+02 4.831433899993999861e+06 4.635491300049999845e+05
2.807000120000000152e+02 4.831433910004000179e+06 4.635491099849999882e+05
2.806199950000000172e+02 4.831433869994999841e+06 4.635491500239999732e+05
2.805799870000000169e+02 4.831433880005000159e+06 4.635491400150000118e+05
2.809400019999999927e+02 4.831433859985000454e+06 4.635490999760000268e+05
2.813699950000000172e+02 4.831433890014999546e+06 4.635486599730000016e+05
2.808699950000000172e+02 4.831433809998000041e+06 4.635488400269999984e+05
2.807099910000000023e+02 4.831433880005000159e+06 4.635491300049999845e+05
2.806600040000000149e+02 4.831433910004000179e+06 4.635491099849999882e+05
2.809400019999999927e+02 4.831433679992999882e+06 4.635487899779999861e+05
2.806900019999999927e+02 4.831433950012000278e+06 4.635490999760000268e+05
2.813200069999999755e+02 4.831433929992999882e+06 4.635489500119999866e+05
2.807000120000000152e+02 4.831433959990999661e+06 4.635490999760000268e+05
2.809400019999999927e+02 4.831433679992999882e+06 4.635486099849999882e+05
2.809800109999999904e+02 4.831433859985000454e+06 4.635491500239999732e+05
2.810400089999999977e+02 4.831433910004000179e+06 4.635491400150000118e+05
2.810499879999999848e+02 4.831433920013000257e+06 4.635491400150000118e+05
2.808999939999999924e+02 4.831433660004000179e+06 4.635486799929999979e+05
2.808800049999999828e+02 4.831433679992999882e+06 4.635487299800000037e+05
2.809400019999999927e+02 4.831433739989999682e+06 4.635487199709999841e+05
2.813500060000000076e+02 4.831433750000000000e+06 4.635487800290000159e+05
2.811799930000000245e+02 4.831433859985000454e+06 4.635486099849999882e+05
2.812900089999999977e+02 4.831433799987999722e+06 4.635487299800000037e+05
2.813399959999999851e+02 4.831433790009000339e+06 4.635487600100000273e+05
2.812399899999999775e+02 4.831433760010000318e+06 4.635487899779999861e+05
2.813800049999999828e+02 4.831433829986999743e+06 4.635487299800000037e+05
2.809100040000000149e+02 4.831433829986999743e+06 4.635487500000000000e+05
2.811199950000000172e+02 4.831433920013000257e+06 4.635490900269999984e+05
2.808399959999999851e+02 4.831433630005000159e+06 4.635486500239999732e+05
2.809500120000000152e+02 4.831433640014999546e+06 4.635487000119999866e+05
2.809500120000000152e+02 4.831433709990999661e+06 4.635487100220000139e+05
2.811600040000000149e+02 4.831433890014999546e+06 4.635485900269999984e+05
2.812500000000000000e+02 4.831433809998000041e+06 4.635487600100000273e+05
2.812699890000000096e+02 4.831433839995999821e+06 4.635487800290000159e+05
2.808699950000000172e+02 4.831433769988999702e+06 4.635487000119999866e+05
2.812000120000000152e+02 4.831433829986999743e+06 4.635487899779999861e+05
2.808299870000000169e+02 4.831433899993999861e+06 4.635486799929999979e+05
2.808900150000000053e+02 4.831433859985000454e+06 4.635487700199999963e+05
2.813699950000000172e+02 4.831433970000999980e+06 4.635489299929999979e+05
2.812699890000000096e+02 4.831433989989999682e+06 4.635489600220000139e+05
2.811300049999999828e+02 4.831433950012000278e+06 4.635490599979999824e+05
2.810799870000000169e+02 4.831433920013000257e+06 4.635491799929999979e+05
2.807399899999999775e+02 4.831434049987999722e+06 4.635490700070000021e+05
2.810799870000000169e+02 4.831433959990999661e+06 4.635491699830000289e+05
2.813999939999999924e+02 4.831433989989999682e+06 4.635489600220000139e+05
2.810100100000000225e+02 4.831433929992999882e+06 4.635490599979999824e+05
2.811300049999999828e+02 4.831433940001999959e+06 4.635490700070000021e+05
2.811099849999999947e+02 4.831433950012000278e+06 4.635491199950000155e+05
2.806900019999999927e+02 4.831434079986999743e+06 4.635491199950000155e+05
2.807099910000000023e+02 4.831434079986999743e+06 4.635491400150000118e+05
2.807099910000000023e+02 4.831434089995999821e+06 4.635491699830000289e+05
2.813999939999999924e+02 4.831433970000999980e+06 4.635489500119999866e+05
2.811900019999999927e+02 4.831433929992999882e+06 4.635491400150000118e+05
2.807600100000000225e+02 4.831434070007000118e+06 4.635490900269999984e+05
2.807500000000000000e+02 4.831434059998000041e+06 4.635491099849999882e+05
2.807500000000000000e+02 4.831434049987999722e+06 4.635491300049999845e+05
2.807099910000000023e+02 4.831434059998000041e+06 4.635491199950000155e+05
2.807200010000000248e+02 4.831434070007000118e+06 4.635491300049999845e+05
2.807000120000000152e+02 4.831434079986999743e+06 4.635491300049999845e+05
2.807000120000000152e+02 4.831434070007000118e+06 4.635491500239999732e+05
2.807399899999999775e+02 4.831434070007000118e+06 4.635491799929999979e+05
2.806900019999999927e+02 4.831434100006000139e+06 4.635491699830000289e+05
2.811700129999999831e+02 4.831433920013000257e+06 4.635491799929999979e+05
2.810199890000000096e+02 4.831433850006000139e+06 4.635491300049999845e+05
2.808800049999999828e+02 4.831433880005000159e+06 4.635487999880000134e+05
2.812600100000000225e+02 4.831433869994999841e+06 4.635487000119999866e+05
2.811199950000000172e+02 4.831433820007000118e+06 4.635485700070000021e+05
2.811000060000000076e+02 4.831433829986999743e+06 4.635485499880000134e+05
2.809700010000000248e+02 4.831433910004000179e+06 4.635490399779999861e+05
2.810599980000000073e+02 4.831433910004000179e+06 4.635490200199999963e+05
2.811099849999999947e+02 4.831433899993999861e+06 4.635490100100000273e+05
2.810000000000000000e+02 4.831433920013000257e+06 4.635490399779999861e+05
2.809800109999999904e+02 4.831433899993999861e+06 4.635491199950000155e+05
2.809700010000000248e+02 4.831433920013000257e+06 4.635491599730000016e+05
2.810899959999999851e+02 4.831433910004000179e+06 4.635491599730000016e+05
2.810100100000000225e+02 4.831433920013000257e+06 4.635491599730000016e+05
2.810700069999999755e+02 4.831433899993999861e+06 4.635491799929999979e+05
2.810700069999999755e+02 4.831433910004000179e+06 4.635491599730000016e+05
2.809899899999999775e+02 4.831433899993999861e+06 4.635490399779999861e+05
2.811799930000000245e+02 4.831433809998000041e+06 4.635486400150000118e+05
2.811000060000000076e+02 4.831433799987999722e+06 4.635485300290000159e+05
2.806900019999999927e+02 4.831434059998000041e+06 4.635491599730000016e+05
2.810199890000000096e+02 4.831433929992999882e+06 4.635490999760000268e+05
2.810599980000000073e+02 4.831433940001999959e+06 4.635490399779999861e+05
2.811799930000000245e+02 4.831433970000999980e+06 4.635490300290000159e+05
2.809899899999999775e+02 4.831433940001999959e+06 4.635491300049999845e+05
2.811499939999999924e+02 4.831433980011000298e+06 4.635490300290000159e+05
2.811199950000000172e+02 4.831433970000999980e+06 4.635490499880000134e+05
2.810100100000000225e+02 4.831433929992999882e+06 4.635491300049999845e+05
2.811600040000000149e+02 4.831433970000999980e+06 4.635490499880000134e+05
2.810100100000000225e+02 4.831433929992999882e+06 4.635491400150000118e+05
2.811099849999999947e+02 4.831433959990999661e+06 4.635490599979999824e+05
2.809700010000000248e+02 4.831433950012000278e+06 4.635490700070000021e+05
2.809899899999999775e+02 4.831433950012000278e+06 4.635492000119999866e+05
2.809500120000000152e+02 4.831433709990999661e+06 4.635489500119999866e+05
2.815000000000000000e+02 4.831433829986999743e+06 4.635485000000000000e+05
2.813399959999999851e+02 4.831433769988999702e+06 4.635487899779999861e+05
2.812900089999999977e+02 4.831433799987999722e+06 4.635487399899999727e+05
2.812799989999999752e+02 4.831433760010000318e+06 4.635488200070000021e+05
2.812500000000000000e+02 4.831433809998000041e+06 4.635487299800000037e+05
2.813399959999999851e+02 4.831433809998000041e+06 4.635487700199999963e+05
2.812699890000000096e+02 4.831433790009000339e+06 4.635487600100000273e+05
2.813299870000000169e+02 4.831433779999000020e+06 4.635488200070000021e+05
2.812000120000000152e+02 4.831433799987999722e+06 4.635487100220000139e+05
2.813099980000000073e+02 4.831433779999000020e+06 4.635488200070000021e+05
2.812699890000000096e+02 4.831433779999000020e+06 4.635488800049999845e+05
2.809700010000000248e+02 4.831433779999000020e+06 4.635488200070000021e+05
2.808900150000000053e+02 4.831433750000000000e+06 4.635488300169999711e+05
2.812000120000000152e+02 4.831433899993999861e+06 4.635488400269999984e+05
2.807500000000000000e+02 4.831434079986999743e+06 4.635490999760000268e+05
2.807200010000000248e+02 4.831434059998000041e+06 4.635491099849999882e+05
2.806400150000000053e+02 4.831434089995999821e+06 4.635491500239999732e+05
2.812799989999999752e+02 4.831433929992999882e+06 4.635489099730000016e+05
2.807300109999999904e+02 4.831434100006000139e+06 4.635491199950000155e+05
2.807200010000000248e+02 4.831434070007000118e+06 4.635491699830000289e+05
2.813299870000000169e+02 4.831433940001999959e+06 4.635489199830000289e+05
2.813200069999999755e+02 4.831433929992999882e+06 4.635489400020000176e+05
2.814200129999999831e+02 4.831433989989999682e+06 4.635489500119999866e+05
2.812600100000000225e+02 4.831433970000999980e+06 4.635489000239999732e+05
2.812000120000000152e+02 4.831433929992999882e+06 4.635491900020000176e+05
2.811600040000000149e+02 4.831433950012000278e+06 4.635491799929999979e+05
2.810000000000000000e+02 4.831433950012000278e+06 4.635491799929999979e+05
2.810899959999999851e+02 4.831433790009000339e+06 4.635493200070000021e+05
2.810400089999999977e+02 4.831433649993999861e+06 4.635492199709999841e+05
2.810199890000000096e+02 4.831433700012000278e+06 4.635492600100000273e+05
2.810700069999999755e+02 4.831433720000999980e+06 4.635493699950000155e+05
2.811499939999999924e+02 4.831433850006000139e+06 4.635493400269999984e+05
2.811499939999999924e+02 4.831433829986999743e+06 4.635493200070000021e+05
2.810400089999999977e+02 4.831433790009000339e+06 4.635493599849999882e+05
2.811300049999999828e+02 4.831433880005000159e+06 4.635493400269999984e+05
2.810799870000000169e+02 4.831433869994999841e+06 4.635493200070000021e+05
2.810299989999999752e+02 4.831433859985000454e+06 4.635492999880000134e+05
2.811000060000000076e+02 4.831433739989999682e+06 4.635493099979999824e+05
2.809700010000000248e+02 4.831433950012000278e+06 4.635492800290000159e+05
2.810700069999999755e+02 4.831433970000999980e+06 4.635492700199999963e+05
2.809800109999999904e+02 4.831433950012000278e+06 4.635492299800000037e+05
2.811199950000000172e+02 4.831433690001999959e+06 4.635492800290000159e+05
2.810199890000000096e+02 4.831433760010000318e+06 4.635492600100000273e+05
2.809899899999999775e+02 4.831433779999000020e+06 4.635492700199999963e+05
2.809899899999999775e+02 4.831433880005000159e+06 4.635493300169999711e+05
2.810299989999999752e+02 4.831433910004000179e+06 4.635492899779999861e+05
2.810299989999999752e+02 4.831433839995999821e+06 4.635492199709999841e+05
2.810400089999999977e+02 4.831433950012000278e+06 4.635492399899999727e+05
2.807000120000000152e+02 4.831434070007000118e+06 4.635492100220000139e+05
2.807300109999999904e+02 4.831434070007000118e+06 4.635492199709999841e+05
2.807000120000000152e+02 4.831434070007000118e+06 4.635492800290000159e+05
2.810299989999999752e+02 4.831433899993999861e+06 4.635492199709999841e+05
2.810700069999999755e+02 4.831433679992999882e+06 4.635492600100000273e+05
2.810599980000000073e+02 4.831433880005000159e+06 4.635492700199999963e+05
2.810899959999999851e+02 4.831433839995999821e+06 4.635492500000000000e+05
2.802500000000000000e+02 4.831433649993999861e+06 4.635494799800000037e+05
2.809599910000000023e+02 4.831433910004000179e+06 4.635492600100000273e+05
2.811000060000000076e+02 4.831433920013000257e+06 4.635492999880000134e+05
2.810700069999999755e+02 4.831433730011000298e+06 4.635492500000000000e+05
2.802200010000000248e+02 4.831433640014999546e+06 4.635493300169999711e+05
2.802399899999999775e+02 4.831433670013000257e+06 4.635494299929999979e+05
2.806400150000000053e+02 4.831434070007000118e+06 4.635492800290000159e+05
2.804400019999999927e+02 4.831433959990999661e+06 4.635492500000000000e+05
2.810499879999999848e+02 4.831433940001999959e+06 4.635492399899999727e+05
2.806900019999999927e+02 4.831434079986999743e+06 4.635492199709999841e+05
2.807000120000000152e+02 4.831434059998000041e+06 4.635492100220000139e+05
2.810899959999999851e+02 4.831433970000999980e+06 4.635492399899999727e+05
2.812399899999999775e+02 4.831433950012000278e+06 4.635492600100000273e+05
2.802500000000000000e+02 4.831433630005000159e+06 4.635495300290000159e+05
2.806300049999999828e+02 4.831433640014999546e+06 4.635492700199999963e+05
2.810799870000000169e+02 4.831433790009000339e+06 4.635492999880000134e+05
2.810700069999999755e+02 4.831433809998000041e+06 4.635493099979999824e+05
2.802799989999999752e+02 4.831433640014999546e+06 4.635495499880000134e+05
2.802399899999999775e+02 4.831433640014999546e+06 4.635494000239999732e+05
2.802600100000000225e+02 4.831433690001999959e+06 4.635494299929999979e+05
2.802500000000000000e+02 4.831433670013000257e+06 4.635494099730000016e+05
2.802200010000000248e+02 4.831433690001999959e+06 4.635494199830000289e+05
2.802600100000000225e+02 4.831433679992999882e+06 4.635494199830000289e+05
2.802200010000000248e+02 4.831433690001999959e+06 4.635494299929999979e+05
2.810199890000000096e+02 4.831433649993999861e+06 4.635492399899999727e+05
2.810400089999999977e+02 4.831433739989999682e+06 4.635492899779999861e+05
2.810299989999999752e+02 4.831433760010000318e+06 4.635493099979999824e+05
2.811300049999999828e+02 4.831433850006000139e+06 4.635493099979999824e+05
2.809899899999999775e+02 4.831433850006000139e+06 4.635493300169999711e+05
2.802900089999999977e+02 4.831433709990999661e+06 4.635493400269999984e+05
2.810100100000000225e+02 4.831433820007000118e+06 4.635492700199999963e+05
2.810799870000000169e+02 4.831433890014999546e+06 4.635492999880000134e+05
2.810499879999999848e+02 4.831433899993999861e+06 4.635493099979999824e+05
2.812500000000000000e+02 4.831433709990999661e+06 4.635496500239999732e+05
2.809700010000000248e+02 4.831433839995999821e+06 4.635492999880000134e+05
2.802500000000000000e+02 4.831433660004000179e+06 4.635494299929999979e+05
2.809800109999999904e+02 4.831433829986999743e+06 4.635492299800000037e+05
2.802399899999999775e+02 4.831433660004000179e+06 4.635493699950000155e+05
2.811300049999999828e+02 4.831433950012000278e+06 4.635493099979999824e+05
2.810899959999999851e+02 4.831433959990999661e+06 4.635493200070000021e+05
2.811000060000000076e+02 4.831434010010000318e+06 4.635492700199999963e+05
2.812200010000000248e+02 4.831433920013000257e+06 4.635492999880000134e+05
2.807099910000000023e+02 4.831434049987999722e+06 4.635492399899999727e+05
2.812399899999999775e+02 4.831433929992999882e+06 4.635492700199999963e+05
2.802900089999999977e+02 4.831433640014999546e+06 4.635492999880000134e+05
2.802200010000000248e+02 4.831433640014999546e+06 4.635494699709999841e+05
2.811099849999999947e+02 4.831433910004000179e+06 4.635493400269999984e+05
2.802500000000000000e+02 4.831433660004000179e+06 4.635494400020000176e+05
2.806600040000000149e+02 4.831434070007000118e+06 4.635492500000000000e+05
2.806900019999999927e+02 4.831434040009000339e+06 4.635492299800000037e+05
2.810799870000000169e+02 4.831433989989999682e+06 4.635492600100000273e+05
2.802799989999999752e+02 4.831433630005000159e+06 4.635496099849999882e+05
2.810400089999999977e+02 4.831433859985000454e+06 4.635492800290000159e+05
2.809599910000000023e+02 4.831433910004000179e+06 4.635492500000000000e+05
2.802300109999999904e+02 4.831433640014999546e+06 4.635493200070000021e+05
2.809899899999999775e+02 4.831433970000999980e+06 4.635492700199999963e+05
2.812300109999999904e+02 4.831433929992999882e+06 4.635492500000000000e+05
2.810700069999999755e+02 4.831433940001999959e+06 4.635492299800000037e+05
2.812000120000000152e+02 4.831433940001999959e+06 4.635492199709999841e+05
2.811300049999999828e+02 4.831433980011000298e+06 4.635492199709999841e+05
2.810000000000000000e+02 4.831433880005000159e+06 4.635492700199999963e+05
2.809899899999999775e+02 4.831433910004000179e+06 4.635493099979999824e+05
2.810100100000000225e+02 4.831433809998000041e+06 4.635492999880000134e+05
2.811300049999999828e+02 4.831433790009000339e+06 4.635493699950000155e+05
2.812399899999999775e+02 4.831433929992999882e+06 4.635492700199999963e+05
2.812699890000000096e+02 4.831433950012000278e+06 4.635492700199999963e+05
2.806900019999999927e+02 4.831434049987999722e+06 4.635492199709999841e+05
2.807200010000000248e+02 4.831434040009000339e+06 4.635492199709999841e+05
2.806700129999999831e+02 4.831434049987999722e+06 4.635492199709999841e+05
2.807099910000000023e+02 4.831434049987999722e+06 4.635492199709999841e+05
2.807200010000000248e+02 4.831434059998000041e+06 4.635492299800000037e+05
2.807000120000000152e+02 4.831434049987999722e+06 4.635492199709999841e+05
2.807000120000000152e+02 4.831434049987999722e+06 4.635492100220000139e+05
2.807000120000000152e+02 4.831434059998000041e+06 4.635492299800000037e+05
2.806700129999999831e+02 4.831434079986999743e+06 4.635492399899999727e+05
2.806799930000000245e+02 4.831434079986999743e+06 4.635492100220000139e+05
2.811600040000000149e+02 4.831433829986999743e+06 4.635493800049999845e+05
2.810799870000000169e+02 4.831433859985000454e+06 4.635493200070000021e+05
2.810000000000000000e+02 4.831433750000000000e+06 4.635493599849999882e+05
2.810700069999999755e+02 4.831433809998000041e+06 4.635493499760000268e+05
2.811099849999999947e+02 4.831433839995999821e+06 4.635492999880000134e+05
2.810400089999999977e+02 4.831433839995999821e+06 4.635492100220000139e+05
2.809700010000000248e+02 4.831433839995999821e+06 4.635492100220000139e+05
2.811300049999999828e+02 4.831433750000000000e+06 4.635492399899999727e+05
2.810199890000000096e+02 4.831433739989999682e+06 4.635492800290000159e+05
2.810199890000000096e+02 4.831433809998000041e+06 4.635492500000000000e+05
2.810100100000000225e+02 4.831433820007000118e+06 4.635492500000000000e+05
2.810299989999999752e+02 4.831433850006000139e+06 4.635492100220000139e+05
2.809599910000000023e+02 4.831433799987999722e+06 4.635492700199999963e+05
2.810899959999999851e+02 4.831433739989999682e+06 4.635492299800000037e+05
2.810799870000000169e+02 4.831433739989999682e+06 4.635492500000000000e+05
2.811099849999999947e+02 4.831433730011000298e+06 4.635492500000000000e+05
2.810400089999999977e+02 4.831433730011000298e+06 4.635492500000000000e+05
2.810100100000000225e+02 4.831433799987999722e+06 4.635492500000000000e+05
2.809800109999999904e+02 4.831433859985000454e+06 4.635492899779999861e+05
2.810499879999999848e+02 4.831433869994999841e+06 4.635492899779999861e+05
2.812500000000000000e+02 4.831433920013000257e+06 4.635492999880000134e+05
2.811000060000000076e+02 4.831433679992999882e+06 4.635492899779999861e+05
2.810899959999999851e+02 4.831433839995999821e+06 4.635492299800000037e+05
2.810400089999999977e+02 4.831433850006000139e+06 4.635492700199999963e+05
2.810700069999999755e+02 4.831433850006000139e+06 4.635492899779999861e+05
2.810499879999999848e+02 4.831433829986999743e+06 4.635493099979999824e+05
2.810499879999999848e+02 4.831433820007000118e+06 4.635493300169999711e+05
2.802399899999999775e+02 4.831433670013000257e+06 4.635494299929999979e+05
2.802399899999999775e+02 4.831433660004000179e+06 4.635494600220000139e+05
2.809599910000000023e+02 4.831433910004000179e+06 4.635492299800000037e+05
2.811000060000000076e+02 4.831433920013000257e+06 4.635492399899999727e+05
2.802799989999999752e+02 4.831433679992999882e+06 4.635495100100000273e+05
2.810299989999999752e+02 4.831433899993999861e+06 4.635493099979999824e+05
2.812099910000000023e+02 4.831433920013000257e+06 4.635493200070000021e+05
2.811300049999999828e+02 4.831433670013000257e+06 4.635492999880000134e+05
2.810100100000000225e+02 4.831433760010000318e+06 4.635492100220000139e+05
2.810599980000000073e+02 4.831433829986999743e+06 4.635492299800000037e+05
2.811400150000000053e+02 4.831433829986999743e+06 4.635492899779999861e+05
2.811600040000000149e+02 4.831433809998000041e+06 4.635493300169999711e+05
2.810100100000000225e+02 4.831433869994999841e+06 4.635492700199999963e+05
2.802200010000000248e+02 4.831433640014999546e+06 4.635494699709999841e+05
2.802699890000000096e+02 4.831433640014999546e+06 4.635495100100000273e+05
2.802699890000000096e+02 4.831433660004000179e+06 4.635495100100000273e+05
2.802399899999999775e+02 4.831433670013000257e+06 4.635495200199999963e+05
2.811000060000000076e+02 4.831433929992999882e+06 4.635492999880000134e+05
2.810299989999999752e+02 4.831433950012000278e+06 4.635492600100000273e+05
2.809899899999999775e+02 4.831433929992999882e+06 4.635492899779999861e+05
2.812000120000000152e+02 4.831433940001999959e+06 4.635493200070000021e+05
2.810199890000000096e+02 4.831433959990999661e+06 4.635492700199999963e+05
2.810700069999999755e+02 4.831433959990999661e+06 4.635492500000000000e+05
2.809500120000000152e+02 4.831433720000999980e+06 4.635492100220000139e+05
2.810299989999999752e+02 4.831433899993999861e+06 4.635492399899999727e+05
2.809700010000000248e+02 4.831433790009000339e+06 4.635492500000000000e+05
2.810700069999999755e+02 4.831433760010000318e+06 4.635492500000000000e+05
2.810700069999999755e+02 4.831433799987999722e+06 4.635492700199999963e+05
2.810000000000000000e+02 4.831433859985000454e+06 4.635492500000000000e+05
2.811000060000000076e+02 4.831433859985000454e+06 4.635492500000000000e+05
2.809800109999999904e+02 4.831433859985000454e+06 4.635492500000000000e+05
2.809700010000000248e+02 4.831433799987999722e+06 4.635492700199999963e+05
2.809700010000000248e+02 4.831433779999000020e+06 4.635492500000000000e+05
2.810799870000000169e+02 4.831433869994999841e+06 4.635492899779999861e+05
2.805499879999999848e+02 4.831434049987999722e+06 4.635492800290000159e+05
2.809800109999999904e+02 4.831433799987999722e+06 4.635492700199999963e+05
2.810799870000000169e+02 4.831433869994999841e+06 4.635492800290000159e+05
2.811600040000000149e+02 4.831433829986999743e+06 4.635493400269999984e+05
2.810799870000000169e+02 4.831433839995999821e+06 4.635493300169999711e+05
2.809700010000000248e+02 4.831433820007000118e+06 4.635492600100000273e+05
2.809800109999999904e+02 4.831433809998000041e+06 4.635492899779999861e+05
2.810400089999999977e+02 4.831433880005000159e+06 4.635492299800000037e+05
2.810700069999999755e+02 4.831433850006000139e+06 4.635492899779999861e+05
2.810199890000000096e+02 4.831433839995999821e+06 4.635492999880000134e+05
2.810100100000000225e+02 4.831433880005000159e+06 4.635492199709999841e+05
2.811099849999999947e+02 4.831433839995999821e+06 4.635493200070000021e+05
2.809599910000000023e+02 4.831433869994999841e+06 4.635492500000000000e+05
2.802500000000000000e+02 4.831433640014999546e+06 4.635495499880000134e+05
2.811000060000000076e+02 4.831433899993999861e+06 4.635492700199999963e+05
2.809899899999999775e+02 4.831433880005000159e+06 4.635492899779999861e+05
2.812900089999999977e+02 4.831433920013000257e+06 4.635493099979999824e+05
2.811499939999999924e+02 4.831433890014999546e+06 4.635493400269999984e+05
2.809599910000000023e+02 4.831433899993999861e+06 4.635492899779999861e+05
2.811300049999999828e+02 4.831433910004000179e+06 4.635493200070000021e+05
2.811400150000000053e+02 4.831433890014999546e+06 4.635493499760000268e+05
2.809800109999999904e+02 4.831433920013000257e+06 4.635493300169999711e+05
2.811000060000000076e+02 4.831433839995999821e+06 4.635493099979999824e+05
2.811300049999999828e+02 4.831433920013000257e+06 4.635493300169999711e+05
2.809800109999999904e+02 4.831433890014999546e+06 4.635492899779999861e+05
2.807099910000000023e+02 4.831434070007000118e+06 4.635492399899999727e+05
2.812699890000000096e+02 4.831433920013000257e+06 4.635493200070000021e+05
2.811000060000000076e+02 4.831433959990999661e+06 4.635492899779999861e+05
2.810700069999999755e+02 4.831433929992999882e+06 4.635493400269999984e+05
2.810199890000000096e+02 4.831433929992999882e+06 4.635493499760000268e+05
2.810499879999999848e+02 4.831433929992999882e+06 4.635492399899999727e+05
2.809800109999999904e+02 4.831433929992999882e+06 4.635492399899999727e+05
2.812300109999999904e+02 4.831433929992999882e+06 4.635492999880000134e+05
2.810499879999999848e+02 4.831433929992999882e+06 4.635492600100000273e+05
2.810700069999999755e+02 4.831433970000999980e+06 4.635492500000000000e+05
2.811000060000000076e+02 4.831433950012000278e+06 4.635492899779999861e+05
2.813099980000000073e+02 4.831433929992999882e+06 4.635493200070000021e+05
2.813099980000000073e+02 4.831433940001999959e+06 4.635493200070000021e+05
2.812200010000000248e+02 4.831433950012000278e+06 4.635493300169999711e+05
2.812200010000000248e+02 4.831433980011000298e+06 4.635493499760000268e+05
2.807699890000000096e+02 4.831434130005000159e+06 4.635491799929999979e+05
2.807600100000000225e+02 4.831434140014999546e+06 4.635491599730000016e+05
2.807000120000000152e+02 4.831434109985000454e+06 4.635491599730000016e+05
2.807000120000000152e+02 4.831434130005000159e+06 4.635491799929999979e+05
2.807500000000000000e+02 4.831434109985000454e+06 4.635491799929999979e+05
2.807500000000000000e+02 4.831434119994999841e+06 4.635491699830000289e+05
2.806700129999999831e+02 4.831434119994999841e+06 4.635491500239999732e+05
2.806499939999999924e+02 4.831434109985000454e+06 4.635491599730000016e+05
2.806600040000000149e+02 4.831434109985000454e+06 4.635491699830000289e+05
2.806199950000000172e+02 4.831434119994999841e+06 4.635491400150000118e+05
2.807200010000000248e+02 4.831434119994999841e+06 4.635491799929999979e+05
2.806799930000000245e+02 4.831434100006000139e+06 4.635492000119999866e+05
2.807600100000000225e+02 4.831434140014999546e+06 4.635491500239999732e+05
2.807699890000000096e+02 4.831434119994999841e+06 4.635491500239999732e+05
2.807600100000000225e+02 4.831434149993999861e+06 4.635491500239999732e+05
2.807699890000000096e+02 4.831434109985000454e+06 4.635491400150000118e+05
2.807399899999999775e+02 4.831434140014999546e+06 4.635491500239999732e+05
2.815499879999999848e+02 4.831434200012000278e+06 4.635485700070000021e+05
2.806799930000000245e+02 4.831434089995999821e+06 4.635492899779999861e+05
2.807200010000000248e+02 4.831434089995999821e+06 4.635492100220000139e+05
2.806700129999999831e+02 4.831434089995999821e+06 4.635493200070000021e+05
2.807200010000000248e+02 4.831434100006000139e+06 4.635492199709999841e+05
2.806700129999999831e+02 4.831434109985000454e+06 4.635492299800000037e+05
2.806700129999999831e+02 4.831434079986999743e+06 4.635493300169999711e+05
2.805799870000000169e+02 4.831434089995999821e+06 4.635493499760000268e+05
2.807099910000000023e+02 4.831434100006000139e+06 4.635492100220000139e+05
2.806700129999999831e+02 4.831434109985000454e+06 4.635492199709999841e+05
2.806199950000000172e+02 4.831434109985000454e+06 4.635492299800000037e+05
2.806300049999999828e+02 4.831434100006000139e+06 4.635493300169999711e+05
2.806799930000000245e+02 4.831434089995999821e+06 4.635493400269999984e+05
2.805299989999999752e+02 4.831434089995999821e+06 4.635493099979999824e+05
2.806900019999999927e+02 4.831434100006000139e+06 4.635493599849999882e+05
2.807099910000000023e+02 4.831434089995999821e+06 4.635493300169999711e+05
2.807200010000000248e+02 4.831434079986999743e+06 4.635493200070000021e+05
2.807099910000000023e+02 4.831434100006000139e+06 4.635493699950000155e+05
2.806799930000000245e+02 4.831434109985000454e+06 4.635493499760000268e+05
2.807000120000000152e+02 4.831434079986999743e+06 4.635492899779999861e+05
2.811000060000000076e+02 4.831434019988999702e+06 4.635495900269999984e+05
2.807000120000000152e+02 4.831434100006000139e+06 4.635493599849999882e+05
2.806799930000000245e+02 4.831434089995999821e+06 4.635493800049999845e+05
2.807099910000000023e+02 4.831434070007000118e+06 4.635493699950000155e+05
