2.708500060000000076e+02 4.831430980011000298e+06 4.635481400150000118e+05
2.708900150000000053e+02 4.831431019988999702e+06 4.635481099849999882e+05
2.709899899999999775e+02 4.831431179992999882e+06 4.635481099849999882e+05
2.711300049999999828e+02 4.831431190001999959e+06 4.635481400150000118e+05
2.710400089999999977e+02 4.831431190001999959e+06 4.635481699830000289e+05
2.711499939999999924e+02 4.831431119994999841e+06 4.635481599730000016e+05
2.710499879999999848e+02 4.831431109985000454e+06 4.635481300049999845e+05
2.710400089999999977e+02 4.831431089995999821e+06 4.635481500239999732e+05
2.709299930000000245e+02 4.831431040009000339e+06 4.635481400150000118e+05
2.709100040000000149e+02 4.831431070007000118e+06 4.635481099849999882e+05
2.709200129999999831e+02 4.831431049987999722e+06 4.635481199950000155e+05
2.709100040000000149e+02 4.831431100006000139e+06 4.635481699830000289e+05
2.709100040000000149e+02 4.831431059998000041e+06 4.635481500239999732e+05
2.708599849999999947e+02 4.831431029999000020e+06 4.635481099849999882e+05
2.708699950000000172e+02 4.831431029999000020e+06 4.635481400150000118e+05
2.710100100000000225e+02 4.831431079986999743e+06 4.635481599730000016e+05
2.710700069999999755e+02 4.831431170013000257e+06 4.635481699830000289e+05
2.709800109999999904e+02 4.831431160004000179e+06 4.635481599730000016e+05
2.711199950000000172e+02 4.831431190001999959e+06 4.635481400150000118e+05
2.710400089999999977e+02 4.831431179992999882e+06 4.635481400150000118e+05
2.709599910000000023e+02 4.831431160004000179e+06 4.635481400150000118e+05
2.710400089999999977e+02 4.831431149993999861e+06 4.635481599730000016e+05
2.711000060000000076e+02 4.831431149993999861e+06 4.635481599730000016e+05
2.709599910000000023e+02 4.831431140014999546e+06 4.635481400150000118e+05
2.710499879999999848e+02 4.831431160004000179e+06 4.635481500239999732e+05
2.711600040000000149e+02 4.831431190001999959e+06 4.635481799929999979e+05
2.710299989999999752e+02 4.831431170013000257e+06 4.635481400150000118e+05
2.710000000000000000e+02 4.831431170013000257e+06 4.635481799929999979e+05
2.710100100000000225e+02 4.831431100006000139e+06 4.635481799929999979e+05
2.709200129999999831e+02 4.831431040009000339e+06 4.635481099849999882e+05
2.709400019999999927e+02 4.831431070007000118e+06 4.635481099849999882e+05
2.713200069999999755e+02 4.831431230011000298e+06 4.635481699830000289e+05
2.712699890000000096e+02 4.831431250000000000e+06 4.635481599730000016e+05
2.710899959999999851e+02 4.831431149993999861e+06 4.635481500239999732e+05
2.711199950000000172e+02 4.831431140014999546e+06 4.635481699830000289e+05
2.709500120000000152e+02 4.831431179992999882e+06 4.635481300049999845e+05
2.710400089999999977e+02 4.831431190001999959e+06 4.635481500239999732e+05
2.711499939999999924e+02 4.831431209990999661e+06 4.635481799929999979e+05
2.712000120000000152e+02 4.831431179992999882e+06 4.635481799929999979e+05
2.711900019999999927e+02 4.831431140014999546e+06 4.635481799929999979e+05
2.710700069999999755e+02 4.831431089995999821e+06 4.635481500239999732e+05
2.708299870000000169e+02 4.831431040009000339e+06 4.635481099849999882e+05
2.709299930000000245e+02 4.831431040009000339e+06 4.635481199950000155e+05
2.708599849999999947e+02 4.831431040009000339e+06 4.635481300049999845e+05
2.708599849999999947e+02 4.831431049987999722e+06 4.635481199950000155e+05
2.709100040000000149e+02 4.831431040009000339e+06 4.635481199950000155e+05
2.708500060000000076e+02 4.831431040009000339e+06 4.635481300049999845e+05
2.708399959999999851e+02 4.831431040009000339e+06 4.635481099849999882e+05
2.708099980000000073e+02 4.831431040009000339e+06 4.635481199950000155e+05
2.709400019999999927e+02 4.831431079986999743e+06 4.635481099849999882e+05
2.709599910000000023e+02 4.831431100006000139e+06 4.635481699830000289e+05
2.711300049999999828e+02 4.831431130005000159e+06 4.635481699830000289e+05
2.709500120000000152e+02 4.831431079986999743e+06 4.635481199950000155e+05
2.709299930000000245e+02 4.831431070007000118e+06 4.635481400150000118e+05
2.708599849999999947e+02 4.831431059998000041e+06 4.635481500239999732e+05
2.710599980000000073e+02 4.831431130005000159e+06 4.635481799929999979e+05
2.710400089999999977e+02 4.831431130005000159e+06 4.635481599730000016e+05
2.709599910000000023e+02 4.831431109985000454e+06 4.635481599730000016e+05
2.711199950000000172e+02 4.831431209990999661e+06 4.635484000239999732e+05
2.714200129999999831e+02 4.831431170013000257e+06 4.635482800290000159e+05
2.710000000000000000e+02 4.831431059998000041e+06 4.635482100220000139e+05
2.712999879999999848e+02 4.831431130005000159e+06 4.635482999880000134e+05
2.714400019999999927e+02 4.831431149993999861e+06 4.635483499760000268e+05
2.714200129999999831e+02 4.831431130005000159e+06 4.635483300169999711e+05
2.711199950000000172e+02 4.831431179992999882e+06 4.635484699709999841e+05
2.711099849999999947e+02 4.831431149993999861e+06 4.635484500119999866e+05
2.711099849999999947e+02 4.831431230011000298e+06 4.635483499760000268e+05
2.711300049999999828e+02 4.831431250000000000e+06 4.635483599849999882e+05
2.711400150000000053e+02 4.831431279999000020e+06 4.635483699950000155e+05
2.717900089999999977e+02 4.831431339995999821e+06 4.635482800290000159e+05
2.717000120000000152e+02 4.831431320007000118e+06 4.635482500000000000e+05
2.711700129999999831e+02 4.831431309998000041e+06 4.635484000239999732e+05
2.716600040000000149e+02 4.831431390014999546e+06 4.635483200070000021e+05
2.716600040000000149e+02 4.831431359985000454e+06 4.635483099979999824e+05
2.715899959999999851e+02 4.831431329986999743e+06 4.635483200070000021e+05
2.717099910000000023e+02 4.831431339995999821e+06 4.635483400269999984e+05
2.717500000000000000e+02 4.831431329986999743e+06 4.635483300169999711e+05
2.710400089999999977e+02 4.831431170013000257e+06 4.635482299800000037e+05
2.710899959999999851e+02 4.831431149993999861e+06 4.635482199709999841e+05
2.713599849999999947e+02 4.831431200012000278e+06 4.635482700199999963e+05
2.710899959999999851e+02 4.831431230011000298e+06 4.635483099979999824e+05
2.710799870000000169e+02 4.831431200012000278e+06 4.635482899779999861e+05
2.711300049999999828e+02 4.831431250000000000e+06 4.635483699950000155e+05
2.711099849999999947e+02 4.831431209990999661e+06 4.635483499760000268e+05
2.717900089999999977e+02 4.831431369994999841e+06 4.635483300169999711e+05
2.717699890000000096e+02 4.831431339995999821e+06 4.635482999880000134e+05
2.716799930000000245e+02 4.831431309998000041e+06 4.635483200070000021e+05
2.714899899999999775e+02 4.831431290009000339e+06 4.635482999880000134e+05
2.710499879999999848e+02 4.831431190001999959e+06 4.635482700199999963e+05
2.710299989999999752e+02 4.831431130005000159e+06 4.635482000119999866e+05
2.710499879999999848e+02 4.831431170013000257e+06 4.635482299800000037e+05
2.710799870000000169e+02 4.831431220000999980e+06 4.635482600100000273e+05
2.714700010000000248e+02 4.831431279999000020e+06 4.635482700199999963e+05
2.713999939999999924e+02 4.831431279999000020e+06 4.635482600100000273e+05
2.712399899999999775e+02 4.831431230011000298e+06 4.635482199709999841e+05
2.717300109999999904e+02 4.831431410004000179e+06 4.635483099979999824e+05
2.717799989999999752e+02 4.831431429992999882e+06 4.635482899779999861e+05
2.717200010000000248e+02 4.831431399993999861e+06 4.635482800290000159e+05
2.715899959999999851e+02 4.831431359985000454e+06 4.635482800290000159e+05
2.714200129999999831e+02 4.831431290009000339e+06 4.635482600100000273e+05
2.710899959999999851e+02 4.831431269988999702e+06 4.635482899779999861e+05
2.712500000000000000e+02 4.831431239989999682e+06 4.635481900020000176e+05
2.713800049999999828e+02 4.831431309998000041e+06 4.635482100220000139e+05
2.714700010000000248e+02 4.831431339995999821e+06 4.635482100220000139e+05
2.710799870000000169e+02 4.831431239989999682e+06 4.635482600100000273e+05
2.710700069999999755e+02 4.831431179992999882e+06 4.635482299800000037e+05
2.710499879999999848e+02 4.831431119994999841e+06 4.635482000119999866e+05
2.711900019999999927e+02 4.831431190001999959e+06 4.635482199709999841e+05
2.712699890000000096e+02 4.831431209990999661e+06 4.635482199709999841e+05
2.713999939999999924e+02 4.831431269988999702e+06 4.635482399899999727e+05
2.715000000000000000e+02 4.831431299987999722e+06 4.635482399899999727e+05
2.716000060000000076e+02 4.831431329986999743e+06 4.635482399899999727e+05
2.716700129999999831e+02 4.831431350006000139e+06 4.635482500000000000e+05
2.711099849999999947e+02 4.831431209990999661e+06 4.635482700199999963e+05
2.714100040000000149e+02 4.831431269988999702e+06 4.635482700199999963e+05
2.714700010000000248e+02 4.831431269988999702e+06 4.635482700199999963e+05
2.715599980000000073e+02 4.831431309998000041e+06 4.635482700199999963e+05
2.716600040000000149e+02 4.831431339995999821e+06 4.635482800290000159e+05
2.717500000000000000e+02 4.831431380005000159e+06 4.635482899779999861e+05
2.716600040000000149e+02 4.831431320007000118e+06 4.635483099979999824e+05
2.717500000000000000e+02 4.831431359985000454e+06 4.635483200070000021e+05
2.717699890000000096e+02 4.831431410004000179e+06 4.635482700199999963e+05
2.712799989999999752e+02 4.831431239989999682e+06 4.635482100220000139e+05
2.714200129999999831e+02 4.831431299987999722e+06 4.635482500000000000e+05
2.714899899999999775e+02 4.831431299987999722e+06 4.635482600100000273e+05
2.716300049999999828e+02 4.831431350006000139e+06 4.635482999880000134e+05
2.717300109999999904e+02 4.831431369994999841e+06 4.635483099979999824e+05
2.710299989999999752e+02 4.831431119994999841e+06 4.635482000119999866e+05
2.711400150000000053e+02 4.831431279999000020e+06 4.635483800049999845e+05
2.712399899999999775e+02 4.831431260010000318e+06 4.635482000119999866e+05
2.713399959999999851e+02 4.831431279999000020e+06 4.635482399899999727e+05
2.714299930000000245e+02 4.831431279999000020e+06 4.635482600100000273e+05
2.711499939999999924e+02 4.831431209990999661e+06 4.635482000119999866e+05
2.712500000000000000e+02 4.831431230011000298e+06 4.635482299800000037e+05
2.713500060000000076e+02 4.831431250000000000e+06 4.635482700199999963e+05
2.714100040000000149e+02 4.831431250000000000e+06 4.635482800290000159e+05
2.710599980000000073e+02 4.831431160004000179e+06 4.635481799929999979e+05
2.711600040000000149e+02 4.831431179992999882e+06 4.635482199709999841e+05
2.712399899999999775e+02 4.831431179992999882e+06 4.635482399899999727e+05
2.709899899999999775e+02 4.831431130005000159e+06 4.635482000119999866e+05
2.717799989999999752e+02 4.831431359985000454e+06 4.635482999880000134e+05
2.710700069999999755e+02 4.831431179992999882e+06 4.635482199709999841e+05
2.716099849999999947e+02 4.831431320007000118e+06 4.635482800290000159e+05
2.717799989999999752e+02 4.831431359985000454e+06 4.635482500000000000e+05
2.713599849999999947e+02 4.831431250000000000e+06 4.635482000119999866e+05
2.714200129999999831e+02 4.831431260010000318e+06 4.635482100220000139e+05
2.714700010000000248e+02 4.831431269988999702e+06 4.635482199709999841e+05
2.715199890000000096e+02 4.831431279999000020e+06 4.635482299800000037e+05
2.717900089999999977e+02 4.831431329986999743e+06 4.635482500000000000e+05
2.711300049999999828e+02 4.831431209990999661e+06 4.635482800290000159e+05
2.711000060000000076e+02 4.831431190001999959e+06 4.635482600100000273e+05
2.710799870000000169e+02 4.831431200012000278e+06 4.635482399899999727e+05
2.710799870000000169e+02 4.831431149993999861e+06 4.635482399899999727e+05
2.716799930000000245e+02 4.831431329986999743e+06 4.635482800290000159e+05
2.712399899999999775e+02 4.831431220000999980e+06 4.635482100220000139e+05
2.713299870000000169e+02 4.831431230011000298e+06 4.635482299800000037e+05
2.712600100000000225e+02 4.831431279999000020e+06 4.635482399899999727e+05
2.715299989999999752e+02 4.831431350006000139e+06 4.635482700199999963e+05
2.711400150000000053e+02 4.831431269988999702e+06 4.635483099979999824e+05
2.716099849999999947e+02 4.831431299987999722e+06 4.635482800290000159e+05
2.716700129999999831e+02 4.831431329986999743e+06 4.635482399899999727e+05
2.712300109999999904e+02 4.831431160004000179e+06 4.635482299800000037e+05
2.712600100000000225e+02 4.831431170013000257e+06 4.635482100220000139e+05
2.712500000000000000e+02 4.831431190001999959e+06 4.635481799929999979e+05
2.717099910000000023e+02 4.831431309998000041e+06 4.635483300169999711e+05
2.715799870000000169e+02 4.831431250000000000e+06 4.635482999880000134e+05
2.715899959999999851e+02 4.831431260010000318e+06 4.635482700199999963e+05
2.711300049999999828e+02 4.831431239989999682e+06 4.635483699950000155e+05
2.710899959999999851e+02 4.831431190001999959e+06 4.635483200070000021e+05
2.712999879999999848e+02 4.831431170013000257e+06 4.635482700199999963e+05
2.713200069999999755e+02 4.831431179992999882e+06 4.635482399899999727e+05
2.710700069999999755e+02 4.831431179992999882e+06 4.635482800290000159e+05
2.712300109999999904e+02 4.831431149993999861e+06 4.635482399899999727e+05
2.712799989999999752e+02 4.831431149993999861e+06 4.635482199709999841e+05
2.712799989999999752e+02 4.831431170013000257e+06 4.635481900020000176e+05
2.710599980000000073e+02 4.831431160004000179e+06 4.635482700199999963e+05
2.712000120000000152e+02 4.831431140014999546e+06 4.635482299800000037e+05
2.712200010000000248e+02 4.831431149993999861e+06 4.635482100220000139e+05
2.712099910000000023e+02 4.831431170013000257e+06 4.635481900020000176e+05
2.710599980000000073e+02 4.831431170013000257e+06 4.635482700199999963e+05
2.712000120000000152e+02 4.831431149993999861e+06 4.635482399899999727e+05
2.712300109999999904e+02 4.831431160004000179e+06 4.635482000119999866e+05
2.710700069999999755e+02 4.831431179992999882e+06 4.635482999880000134e+05
2.712500000000000000e+02 4.831431160004000179e+06 4.635482399899999727e+05
2.712799989999999752e+02 4.831431170013000257e+06 4.635482100220000139e+05
2.710899959999999851e+02 4.831431190001999959e+06 4.635483499760000268e+05
2.711000060000000076e+02 4.831431200012000278e+06 4.635483200070000021e+05
2.713500060000000076e+02 4.831431160004000179e+06 4.635482600100000273e+05
2.713599849999999947e+02 4.831431179992999882e+06 4.635482299800000037e+05
2.711099849999999947e+02 4.831431200012000278e+06 4.635483699950000155e+05
2.711099849999999947e+02 4.831431220000999980e+06 4.635483400269999984e+05
2.713599849999999947e+02 4.831431200012000278e+06 4.635482600100000273e+05
2.711300049999999828e+02 4.831431220000999980e+06 4.635483800049999845e+05
2.711400150000000053e+02 4.831431230011000298e+06 4.635484099730000016e+05
2.711400150000000053e+02 4.831431239989999682e+06 4.635483800049999845e+05
2.711300049999999828e+02 4.831431230011000298e+06 4.635483900150000118e+05
2.711000060000000076e+02 4.831431200012000278e+06 4.635483599849999882e+05
2.711099849999999947e+02 4.831431209990999661e+06 4.635483400269999984e+05
2.713399959999999851e+02 4.831431190001999959e+06 4.635482500000000000e+05
2.710799870000000169e+02 4.831431179992999882e+06 4.635482999880000134e+05
2.711000060000000076e+02 4.831431190001999959e+06 4.635482700199999963e+05
2.712699890000000096e+02 4.831431160004000179e+06 4.635482399899999727e+05
2.712900089999999977e+02 4.831431170013000257e+06 4.635482100220000139e+05
2.712600100000000225e+02 4.831431190001999959e+06 4.635481900020000176e+05
2.710299989999999752e+02 4.831431140014999546e+06 4.635482600100000273e+05
2.710499879999999848e+02 4.831431149993999861e+06 4.635482399899999727e+05
2.711900019999999927e+02 4.831431130005000159e+06 4.635482000119999866e+05
2.710000000000000000e+02 4.831431079986999743e+06 4.635482100220000139e+05
2.710700069999999755e+02 4.831431070007000118e+06 4.635481799929999979e+05
2.711000060000000076e+02 4.831431130005000159e+06 4.635481799929999979e+05
2.710599980000000073e+02 4.831431119994999841e+06 4.635482000119999866e+05
2.710299989999999752e+02 4.831431109985000454e+06 4.635482199709999841e+05
2.711600040000000149e+02 4.831431149993999861e+06 4.635482000119999866e+05
2.710400089999999977e+02 4.831431149993999861e+06 4.635482299800000037e+05
2.712200010000000248e+02 4.831431190001999959e+06 4.635481799929999979e+05
2.712300109999999904e+02 4.831431179992999882e+06 4.635482100220000139e+05
2.711799930000000245e+02 4.831431170013000257e+06 4.635482299800000037e+05
2.711099849999999947e+02 4.831431170013000257e+06 4.635482399899999727e+05
2.710499879999999848e+02 4.831431170013000257e+06 4.635482500000000000e+05
2.712799989999999752e+02 4.831431200012000278e+06 4.635482299800000037e+05
2.712399899999999775e+02 4.831431190001999959e+06 4.635482500000000000e+05
2.712900089999999977e+02 4.831431230011000298e+06 4.635482000119999866e+05
2.712600100000000225e+02 4.831431200012000278e+06 4.635482500000000000e+05
2.712300109999999904e+02 4.831431200012000278e+06 4.635482700199999963e+05
2.713399959999999851e+02 4.831431220000999980e+06 4.635482199709999841e+05
2.713399959999999851e+02 4.831431209990999661e+06 4.635482500000000000e+05
2.712699890000000096e+02 4.831431209990999661e+06 4.635482600100000273e+05
2.713299870000000169e+02 4.831431230011000298e+06 4.635482100220000139e+05
2.713299870000000169e+02 4.831431209990999661e+06 4.635482399899999727e+05
2.712600100000000225e+02 4.831431220000999980e+06 4.635482500000000000e+05
2.712399899999999775e+02 4.831431200012000278e+06 4.635482700199999963e+05
2.713299870000000169e+02 4.831431220000999980e+06 4.635482299800000037e+05
2.713299870000000169e+02 4.831431200012000278e+06 4.635482600100000273e+05
2.712399899999999775e+02 4.831431209990999661e+06 4.635482600100000273e+05
2.710899959999999851e+02 4.831431200012000278e+06 4.635482999880000134e+05
2.713500060000000076e+02 4.831431230011000298e+06 4.635482299800000037e+05
2.713399959999999851e+02 4.831431209990999661e+06 4.635482500000000000e+05
2.712600100000000225e+02 4.831431209990999661e+06 4.635482600100000273e+05
2.713999939999999924e+02 4.831431239989999682e+06 4.635482299800000037e+05
2.713599849999999947e+02 4.831431230011000298e+06 4.635482500000000000e+05
2.713200069999999755e+02 4.831431220000999980e+06 4.635482700199999963e+05
2.713099980000000073e+02 4.831431209990999661e+06 4.635482899779999861e+05
2.714599910000000023e+02 4.831431260010000318e+06 4.635482399899999727e+05
2.714400019999999927e+02 4.831431250000000000e+06 4.635482600100000273e+05
2.714100040000000149e+02 4.831431239989999682e+06 4.635482800290000159e+05
2.715299989999999752e+02 4.831431290009000339e+06 4.635482500000000000e+05
2.715000000000000000e+02 4.831431269988999702e+06 4.635482800290000159e+05
2.714800109999999904e+02 4.831431260010000318e+06 4.635482999880000134e+05
2.716099849999999947e+02 4.831431309998000041e+06 4.635482700199999963e+05
2.716000060000000076e+02 4.831431299987999722e+06 4.635482899779999861e+05
2.715599980000000073e+02 4.831431299987999722e+06 4.635483099979999824e+05
2.715000000000000000e+02 4.831431290009000339e+06 4.635483200070000021e+05
2.717000120000000152e+02 4.831431350006000139e+06 4.635482899779999861e+05
2.716799930000000245e+02 4.831431339995999821e+06 4.635483099979999824e+05
2.716300049999999828e+02 4.831431329986999743e+06 4.635483300169999711e+05
2.715799870000000169e+02 4.831431329986999743e+06 4.635483499760000268e+05
2.717699890000000096e+02 4.831431369994999841e+06 4.635483499760000268e+05
2.716600040000000149e+02 4.831431380005000159e+06 4.635483499760000268e+05
2.710299989999999752e+02 4.831431119994999841e+06 4.635482000119999866e+05
2.709299930000000245e+02 4.831431100006000139e+06 4.635482000119999866e+05
2.712200010000000248e+02 4.831431190001999959e+06 4.635482100220000139e+05
2.712099910000000023e+02 4.831431179992999882e+06 4.635482299800000037e+05
2.710899959999999851e+02 4.831431170013000257e+06 4.635482199709999841e+05
2.710299989999999752e+02 4.831431160004000179e+06 4.635482299800000037e+05
2.713099980000000073e+02 4.831431230011000298e+06 4.635482600100000273e+05
2.712699890000000096e+02 4.831431220000999980e+06 4.635482800290000159e+05
2.710899959999999851e+02 4.831431250000000000e+06 4.635483200070000021e+05
2.710899959999999851e+02 4.831431230011000298e+06 4.635483499760000268e+05
2.711400150000000053e+02 4.831431269988999702e+06 4.635484000239999732e+05
2.711400150000000053e+02 4.831431149993999861e+06 4.635481799929999979e+05
2.715199890000000096e+02 4.831431279999000020e+06 4.635482800290000159e+05
2.714400019999999927e+02 4.831431260010000318e+06 4.635482800290000159e+05
2.713900150000000053e+02 4.831431239989999682e+06 4.635482800290000159e+05
2.712799989999999752e+02 4.831431220000999980e+06 4.635482600100000273e+05
2.711900019999999927e+02 4.831431190001999959e+06 4.635482500000000000e+05
2.711000060000000076e+02 4.831431170013000257e+06 4.635482500000000000e+05
2.710100100000000225e+02 4.831431149993999861e+06 4.635482399899999727e+05
2.717399899999999775e+02 4.831431359985000454e+06 4.635483400269999984e+05
2.716499939999999924e+02 4.831431339995999821e+06 4.635483300169999711e+05
2.715899959999999851e+02 4.831431320007000118e+06 4.635483300169999711e+05
2.715000000000000000e+02 4.831431299987999722e+06 4.635483099979999824e+05
2.714200129999999831e+02 4.831431279999000020e+06 4.635483099979999824e+05
2.713399959999999851e+02 4.831431260010000318e+06 4.635482999880000134e+05
2.712300109999999904e+02 4.831431239989999682e+06 4.635482800290000159e+05
2.717600100000000225e+02 4.831431399993999861e+06 4.635483599849999882e+05
2.716700129999999831e+02 4.831431380005000159e+06 4.635483499760000268e+05
2.716099849999999947e+02 4.831431359985000454e+06 4.635483499760000268e+05
2.714700010000000248e+02 4.831431329986999743e+06 4.635483099979999824e+05
2.714100040000000149e+02 4.831431309998000041e+06 4.635483200070000021e+05
2.710599980000000073e+02 4.831431209990999661e+06 4.635483099979999824e+05
2.717799989999999752e+02 4.831431429992999882e+06 4.635483699950000155e+05
2.716199950000000172e+02 4.831431390014999546e+06 4.635483599849999882e+05
2.710799870000000169e+02 4.831431250000000000e+06 4.635483200070000021e+05
2.711199950000000172e+02 4.831431269988999702e+06 4.635483800049999845e+05
2.711400150000000053e+02 4.831431290009000339e+06 4.635484199830000289e+05
