463551.700012 4831430.149994 277.700012
463551.669983 4831430.089996 277.929993
463551.760010 4831430.459991 277.899994
463551.820007 4831430.399994 278.070007
463552.020020 4831430.149994 278.130005
463551.820007 4831430.040009 277.750000
463552.039978 4831430.029999 277.940002
463551.650024 4831430.079987 277.649994
463551.919983 4831430.459991 277.809998
463551.780029 4831430.160004 277.589996
463551.799988 4831430.140015 277.600006
463551.799988 4831430.269989 277.640015
463551.690002 4831430.170013 277.640015
463551.700012 4831430.190002 277.649994
463551.679993 4831430.220001 277.690002
463551.609985 4831430.160004 277.649994
463551.609985 4831430.149994 277.890015
463551.820007 4831430.190002 278.059998
463551.900024 4831430.260010 278.089996
463551.840027 4831430.390015 278.140015
463551.840027 4831430.059998 278.170013
463551.869995 4831430.049988 278.119995
463551.830017 4831430.390015 278.170013
463551.859985 4831430.369995 278.179993
463552.010010 4831430.059998 278.299988
463551.729980 4831430.029999 277.790009
463551.630005 4831430.059998 277.790009
463551.659973 4831430.059998 277.730011
463551.650024 4831430.040009 277.700012
463551.760010 4831430.170013 277.630005
463551.690002 4831430.059998 277.690002
463551.820007 4831430.220001 277.679993
463551.739990 4831430.029999 277.750000
463551.770020 4831430.029999 277.779999
463551.760010 4831430.450012 277.890015
463551.679993 4831430.059998 277.709991
463551.650024 4831430.059998 277.609985
463551.719971 4831430.070007 277.609985
463551.799988 4831430.290009 278.070007
463551.770020 4831430.269989 278.070007
463551.809998 4831430.339996 278.089996
463551.789978 4831430.320007 278.070007
463551.780029 4831430.299988 278.079987
463551.789978 4831430.309998 278.049988
463551.820007 4831430.399994 278.089996
463551.750000 4831430.309998 278.059998
463551.830017 4831430.369995 278.160004
463551.820007 4831430.350006 278.119995
463551.799988 4831430.329987 278.140015
463551.830017 4831430.369995 278.119995
463551.820007 4831430.359985 278.140015
463551.820007 4831430.440002 278.149994
463551.909973 4831430.429993 277.820007
463551.690002 4831430.200012 277.730011
463551.830017 4831430.320007 278.040009
463551.830017 4831430.359985 277.690002
463551.830017 4831430.260010 277.640015
463551.830017 4831430.230011 277.670013
463551.609985 4831430.089996 277.920013
463551.619995 4831430.109985 277.869995
463551.609985 4831430.119995 277.709991
463551.849976 4831430.290009 277.579987
463551.609985 4831430.109985 277.730011
463551.609985 4831430.109985 277.730011
463551.760010 4831430.200012 278.049988
463551.809998 4831430.329987 278.089996
463551.760010 4831430.390015 278.100006
463551.820007 4831430.420013 278.149994
463551.809998 4831430.450012 278.119995
463551.820007 4831430.450012 278.119995
463551.820007 4831430.440002 278.109985
463551.789978 4831430.359985 278.109985
463551.809998 4831430.329987 278.109985
463551.809998 4831430.450012 277.619995
463551.880005 4831430.329987 277.640015
463551.619995 4831430.109985 278.000000
463551.679993 4831430.130005 277.959991
463551.869995 4831430.269989 277.630005
463551.739990 4831430.059998 277.730011
463551.609985 4831430.109985 277.940002
463551.609985 4831430.089996 277.970001
463551.830017 4831430.459991 277.570007
463551.640015 4831430.100006 277.850006
463551.890015 4831430.339996 277.609985
463551.719971 4831430.070007 277.690002
463551.630005 4831430.119995 278.070007
463551.820007 4831430.380005 278.070007
463551.849976 4831430.149994 278.119995
463551.849976 4831430.350006 278.179993
463551.820007 4831430.420013 278.149994
463551.830017 4831430.440002 278.130005
463551.760010 4831430.040009 277.640015
463551.929993 4831430.440002 277.820007
463551.859985 4831430.380005 277.609985
463551.640015 4831430.149994 277.559998
463551.830017 4831430.420013 277.540009
463551.820007 4831430.420013 277.589996
463551.729980 4831430.369995 277.720001
463551.840027 4831430.109985 278.089996
463551.849976 4831430.160004 278.119995
463551.690002 4831430.190002 277.739990
463551.780029 4831430.029999 277.720001
463551.799988 4831430.420013 277.640015
463551.619995 4831430.119995 277.709991
463551.659973 4831430.079987 277.750000
463551.820007 4831430.429993 277.649994
463551.609985 4831430.089996 278.000000
463551.820007 4831430.399994 277.619995
463551.609985 4831430.119995 277.700012
463551.630005 4831430.109985 277.869995
463551.650024 4831430.109985 277.929993
463551.849976 4831430.320007 277.679993
463551.859985 4831430.339996 278.119995
463551.729980 4831430.269989 277.690002
463551.669983 4831430.230011 277.630005
463551.619995 4831430.109985 277.760010
463551.619995 4831430.140015 277.809998
463551.780029 4831430.040009 277.720001
463551.750000 4831430.049988 277.730011
463551.750000 4831430.279999 277.600006
463551.700012 4831430.239990 277.730011
463551.609985 4831430.100006 277.739990
463551.849976 4831430.029999 278.000000
463551.789978 4831430.040009 277.720001
463551.820007 4831430.040009 277.709991
463551.799988 4831430.320007 278.100006
463551.830017 4831430.160004 278.089996
463551.809998 4831430.230011 278.089996
463551.880005 4831430.100006 278.149994
463551.849976 4831430.359985 278.130005
463551.809998 4831430.399994 278.119995
463551.750000 4831430.320007 277.690002
463551.789978 4831430.230011 278.070007
463551.789978 4831430.119995 278.130005
463551.849976 4831430.029999 278.260010
463551.869995 4831430.269989 278.109985
463551.739990 4831430.230011 278.049988
463551.669983 4831430.059998 277.859985
463551.640015 4831430.070007 277.790009
463551.619995 4831430.079987 277.799988
463551.890015 4831430.440002 277.839996
463551.820007 4831430.200012 277.670013
463551.799988 4831430.190002 277.709991
463551.710022 4831430.230011 277.619995
463551.700012 4831430.170013 277.989990
463551.700012 4831430.170013 277.720001
463551.849976 4831430.440002 278.160004
463551.789978 4831430.450012 278.119995
463551.739990 4831430.190002 277.600006
463551.619995 4831430.070007 278.019989
463551.650024 4831430.059998 278.010010
463551.789978 4831430.209991 277.640015
463551.890015 4831430.209991 277.609985
463551.799988 4831430.399994 277.679993
463551.849976 4831430.359985 277.600006
463551.659973 4831430.119995 277.910004
463551.619995 4831430.130005 277.679993
463551.809998 4831430.049988 277.720001
463551.830017 4831430.029999 277.709991
463551.809998 4831430.200012 277.690002
463551.960022 4831430.480011 277.809998
463551.919983 4831430.510010 277.790009
463551.880005 4831430.549988 277.799988
463551.840027 4831430.559998 277.779999
463551.849976 4831430.579987 277.820007
463551.789978 4831430.559998 277.690002
463551.799988 4831430.579987 277.730011
463551.809998 4831430.609985 277.859985
463551.739990 4831430.570007 277.679993
463551.710022 4831430.540009 277.640015
463551.849976 4831430.519989 277.690002
463551.729980 4831430.519989 277.570007
463551.799988 4831430.519989 277.619995
463551.890015 4831430.489990 277.850006
463551.869995 4831430.470001 277.829987
463551.780029 4831430.470001 278.089996
463551.840027 4831430.549988 277.829987
463551.669983 4831430.559998 277.640015
463551.619995 4831430.570007 277.579987
463551.789978 4831430.510010 277.720001
463551.719971 4831430.619995 277.940002
463551.700012 4831430.589996 277.989990
463551.770020 4831430.589996 277.899994
463551.719971 4831430.529999 277.630005
463551.710022 4831430.500000 277.640015
463551.780029 4831430.519989 277.720001
463551.669983 4831430.630005 278.000000
463551.719971 4831430.630005 277.989990
463551.760010 4831430.600006 277.890015
463551.789978 4831430.589996 277.859985
463551.770020 4831430.559998 277.859985
463551.809998 4831430.559998 277.820007
463551.799988 4831430.540009 277.809998
463551.750000 4831430.529999 277.670013
463551.830017 4831430.529999 277.790009
463551.880005 4831430.510010 277.769989
463551.880005 4831430.510010 277.779999
463551.859985 4831430.529999 277.769989
463551.719971 4831430.589996 277.720001
463551.609985 4831430.579987 277.660004
463551.840027 4831430.529999 277.799988
463551.760010 4831430.559998 277.769989
463551.770020 4831430.589996 277.809998
463551.739990 4831430.579987 277.760010
463551.750000 4831430.609985 277.829987
463551.650024 4831430.579987 277.630005
463551.750000 4831430.600006 277.809998
463551.640015 4831430.649994 277.820007
463551.690002 4831430.619995 277.809998
463551.690002 4831430.619995 277.899994
463551.739990 4831430.609985 277.869995
463551.770020 4831430.589996 277.799988
463551.799988 4831430.579987 277.790009
463551.770020 4831430.480011 277.630005
463551.729980 4831430.630005 277.790009
463551.659973 4831430.579987 277.660004
463551.760010 4831430.600006 277.799988
463551.789978 4831430.570007 277.790009
463551.820007 4831430.559998 277.790009
463551.820007 4831430.549988 277.790009
463551.820007 4831430.549988 277.779999
463551.820007 4831430.570007 277.760010
463551.809998 4831430.540009 277.779999
463551.820007 4831430.570007 277.790009
463551.809998 4831430.570007 277.779999
463551.799988 4831430.540009 277.779999
463551.809998 4831430.559998 277.779999
463551.830017 4831430.559998 277.790009
463551.809998 4831430.519989 277.720001
463551.820007 4831430.500000 277.660004
463551.840027 4831430.480011 278.170013
463551.840027 4831430.480011 278.119995
463551.780029 4831430.600006 277.769989
463551.859985 4831430.480011 278.160004
463551.650024 4831430.559998 277.589996
463551.820007 4831430.589996 277.799988
463551.780029 4831430.500000 277.690002
463551.859985 4831430.529999 277.779999
463551.830017 4831430.529999 277.799988
463551.830017 4831430.559998 277.790009
463551.789978 4831430.559998 277.799988
463551.789978 4831430.589996 277.809998
463551.750000 4831430.570007 277.779999
463551.750000 4831430.589996 277.820007
463551.750000 4831430.609985 277.829987
463551.780029 4831430.579987 277.799988
463551.700012 4831430.579987 277.660004
463551.760010 4831430.600006 277.739990
463551.780029 4831430.600006 277.809998
463551.809998 4831430.579987 277.829987
463551.830017 4831430.570007 277.799988
463551.849976 4831430.549988 277.809998
463551.739990 4831430.600006 277.880005
463551.739990 4831430.570007 277.880005
463551.719971 4831430.579987 277.890015
463551.830017 4831430.470001 278.070007
463551.780029 4831430.589996 277.850006
463551.799988 4831430.579987 277.820007
463551.820007 4831430.570007 277.799988
463551.849976 4831430.549988 277.809998
463551.669983 4831430.559998 277.579987
463551.809998 4831430.559998 277.739990
463551.849976 4831430.540009 277.779999
463551.960022 4831430.480011 277.790009
463551.789978 4831430.630005 277.820007
463551.770020 4831430.630005 277.859985
463551.789978 4831430.619995 277.839996
463551.799988 4831430.600006 277.799988
463551.830017 4831430.579987 277.790009
463551.849976 4831430.570007 277.790009
463551.869995 4831430.559998 277.769989
463551.880005 4831430.540009 277.739990
