2.687300109999999904e+02 4.831430399993999861e+06 4.635477100220000139e+05
2.686600040000000149e+02 4.831430399993999861e+06 4.635477000119999866e+05
2.685499879999999848e+02 4.831430420013000257e+06 4.635477100220000139e+05
2.685100100000000225e+02 4.831430399993999861e+06 4.635477000119999866e+05
2.687900089999999977e+02 4.831430359985000454e+06 4.635477199709999841e+05
2.687399899999999775e+02 4.831430350006000139e+06 4.635477100220000139e+05
2.686199950000000172e+02 4.831430380005000159e+06 4.635477299800000037e+05
2.685599980000000073e+02 4.831430380005000159e+06 4.635477199709999841e+05
2.687900089999999977e+02 4.831430339995999821e+06 4.635477199709999841e+05
2.687500000000000000e+02 4.831430320007000118e+06 4.635477100220000139e+05
2.687999879999999848e+02 4.831430309998000041e+06 4.635477299800000037e+05
2.687999879999999848e+02 4.831430309998000041e+06 4.635477399899999727e+05
2.687500000000000000e+02 4.831430299987999722e+06 4.635477399899999727e+05
2.687699890000000096e+02 4.831430309998000041e+06 4.635477600100000273e+05
2.687399899999999775e+02 4.831430279999000020e+06 4.635477399899999727e+05
2.682099910000000023e+02 4.831430309998000041e+06 4.635477399899999727e+05
2.687000120000000152e+02 4.831430290009000339e+06 4.635477600100000273e+05
2.681799930000000245e+02 4.831430309998000041e+06 4.635477600100000273e+05
2.681000060000000076e+02 4.831430290009000339e+06 4.635477399899999727e+05
2.679100040000000149e+02 4.831430309998000041e+06 4.635477500000000000e+05
2.687200010000000248e+02 4.831430269988999702e+06 4.635477700199999963e+05
2.679100040000000149e+02 4.831430299987999722e+06 4.635477600100000273e+05
2.681199950000000172e+02 4.831430339995999821e+06 4.635477800290000159e+05
2.683299870000000169e+02 4.831430329986999743e+06 4.635478400269999984e+05
2.684400019999999927e+02 4.831430329986999743e+06 4.635478200070000021e+05
2.686700129999999831e+02 4.831430339995999821e+06 4.635477899779999861e+05
2.679700010000000248e+02 4.831430309998000041e+06 4.635478099979999824e+05
2.681099849999999947e+02 4.831430309998000041e+06 4.635477899779999861e+05
2.682000120000000152e+02 4.831430320007000118e+06 4.635477899779999861e+05
2.679100040000000149e+02 4.831430329986999743e+06 4.635477700199999963e+05
2.680599980000000073e+02 4.831430320007000118e+06 4.635477399899999727e+05
2.681600040000000149e+02 4.831430329986999743e+06 4.635477299800000037e+05
2.682699890000000096e+02 4.831430329986999743e+06 4.635477199709999841e+05
2.683599849999999947e+02 4.831430339995999821e+06 4.635477100220000139e+05
2.685799870000000169e+02 4.831430350006000139e+06 4.635476799929999979e+05
2.686499939999999924e+02 4.831430369994999841e+06 4.635476799929999979e+05
2.678699950000000172e+02 4.831430329986999743e+06 4.635477399899999727e+05
2.680199890000000096e+02 4.831430329986999743e+06 4.635477100220000139e+05
2.681300049999999828e+02 4.831430329986999743e+06 4.635477000119999866e+05
2.682300109999999904e+02 4.831430339995999821e+06 4.635476900020000176e+05
2.683099980000000073e+02 4.831430350006000139e+06 4.635476799929999979e+05
2.686000060000000076e+02 4.831430359985000454e+06 4.635476500239999732e+05
2.686700129999999831e+02 4.831430369994999841e+06 4.635476500239999732e+05
2.678099980000000073e+02 4.831430339995999821e+06 4.635477100220000139e+05
2.679299930000000245e+02 4.831430339995999821e+06 4.635476900020000176e+05
2.680299989999999752e+02 4.831430350006000139e+06 4.635476799929999979e+05
2.681000060000000076e+02 4.831430359985000454e+06 4.635476799929999979e+05
2.684200129999999831e+02 4.831430380005000159e+06 4.635476400150000118e+05
2.684800109999999904e+02 4.831430399993999861e+06 4.635476400150000118e+05
2.678200069999999755e+02 4.831430359985000454e+06 4.635476599730000016e+05
2.679200129999999831e+02 4.831430369994999841e+06 4.635476500239999732e+05
2.679899899999999775e+02 4.831430380005000159e+06 4.635476400150000118e+05
2.682699890000000096e+02 4.831430399993999861e+06 4.635476199950000155e+05
2.679899899999999775e+02 4.831430420013000257e+06 4.635475999760000268e+05
2.680700069999999755e+02 4.831430429992999882e+06 4.635475999760000268e+05
2.685599980000000073e+02 4.831430410004000179e+06 4.635476500239999732e+05
2.680000000000000000e+02 4.831430450012000278e+06 4.635476500239999732e+05
2.680599980000000073e+02 4.831430420013000257e+06 4.635476300049999845e+05
2.683200069999999755e+02 4.831430359985000454e+06 4.635476599730000016e+05
2.682200010000000248e+02 4.831430350006000139e+06 4.635476500239999732e+05
2.687999879999999848e+02 4.831430269988999702e+06 4.635477899779999861e+05
2.687500000000000000e+02 4.831430359985000454e+06 4.635479099730000016e+05
2.685199890000000096e+02 4.831430290009000339e+06 4.635478499760000268e+05
2.683299870000000169e+02 4.831430279999000020e+06 4.635478400269999984e+05
2.681499939999999924e+02 4.831430299987999722e+06 4.635477700199999963e+05
2.687099910000000023e+02 4.831430459990999661e+06 4.635478800049999845e+05
2.687799989999999752e+02 4.831430440001999959e+06 4.635478900150000118e+05
2.686000060000000076e+02 4.831430440001999959e+06 4.635479099730000016e+05
2.687500000000000000e+02 4.831430390014999546e+06 4.635479000239999732e+05
2.683200069999999755e+02 4.831430450012000278e+06 4.635479000239999732e+05
2.687300109999999904e+02 4.831430450012000278e+06 4.635478699950000155e+05
2.687699890000000096e+02 4.831430440001999959e+06 4.635478599849999882e+05
2.685100100000000225e+02 4.831430459990999661e+06 4.635478900150000118e+05
2.686799930000000245e+02 4.831430440001999959e+06 4.635479099730000016e+05
2.686099849999999947e+02 4.831430429992999882e+06 4.635475800169999711e+05
2.683599849999999947e+02 4.831430380005000159e+06 4.635475999760000268e+05
2.681900019999999927e+02 4.831430390014999546e+06 4.635476199950000155e+05
2.682000120000000152e+02 4.831430420013000257e+06 4.635476099849999882e+05
2.682300109999999904e+02 4.831430450012000278e+06 4.635475999760000268e+05
2.683299870000000169e+02 4.831430459990999661e+06 4.635475800169999711e+05
2.683599849999999947e+02 4.831430450012000278e+06 4.635475900269999984e+05
2.683399959999999851e+02 4.831430359985000454e+06 4.635475999760000268e+05
2.683500060000000076e+02 4.831430399993999861e+06 4.635475999760000268e+05
2.683900150000000053e+02 4.831430420013000257e+06 4.635475800169999711e+05
2.684100040000000149e+02 4.831430450012000278e+06 4.635475800169999711e+05
2.681400150000000053e+02 4.831430359985000454e+06 4.635475800169999711e+05
2.681700129999999831e+02 4.831430390014999546e+06 4.635475700070000021e+05
2.681600040000000149e+02 4.831430429992999882e+06 4.635475700070000021e+05
2.681199950000000172e+02 4.831430459990999661e+06 4.635475800169999711e+05
2.683099980000000073e+02 4.831430350006000139e+06 4.635478499760000268e+05
2.681700129999999831e+02 4.831430359985000454e+06 4.635478699950000155e+05
2.679400019999999927e+02 4.831430380005000159e+06 4.635478699950000155e+05
2.687099910000000023e+02 4.831430390014999546e+06 4.635478800049999845e+05
2.686300049999999828e+02 4.831430390014999546e+06 4.635478900150000118e+05
2.684100040000000149e+02 4.831430420013000257e+06 4.635478900150000118e+05
2.687300109999999904e+02 4.831430440001999959e+06 4.635479099730000016e+05
2.686499939999999924e+02 4.831430440001999959e+06 4.635479199830000289e+05
2.683500060000000076e+02 4.831430339995999821e+06 4.635478400269999984e+05
2.682900089999999977e+02 4.831430380005000159e+06 4.635478699950000155e+05
2.681900019999999927e+02 4.831430369994999841e+06 4.635478699950000155e+05
2.681400150000000053e+02 4.831430350006000139e+06 4.635478900150000118e+05
2.678699950000000172e+02 4.831430359985000454e+06 4.635478200070000021e+05
2.686000060000000076e+02 4.831430459990999661e+06 4.635479000239999732e+05
2.686199950000000172e+02 4.831430380005000159e+06 4.635478699950000155e+05
2.684800109999999904e+02 4.831430350006000139e+06 4.635478499760000268e+05
2.684500120000000152e+02 4.831430380005000159e+06 4.635478699950000155e+05
2.686000060000000076e+02 4.831430459990999661e+06 4.635479299929999979e+05
2.685100100000000225e+02 4.831430450012000278e+06 4.635479099730000016e+05
2.684599910000000023e+02 4.831430380005000159e+06 4.635478800049999845e+05
2.684500120000000152e+02 4.831430380005000159e+06 4.635478800049999845e+05
2.685299989999999752e+02 4.831430350006000139e+06 4.635478400269999984e+05
2.685899959999999851e+02 4.831430359985000454e+06 4.635478499760000268e+05
2.684899899999999775e+02 4.831430339995999821e+06 4.635478400269999984e+05
2.685400089999999977e+02 4.831430369994999841e+06 4.635478599849999882e+05
2.685499879999999848e+02 4.831430369994999841e+06 4.635478599849999882e+05
2.686199950000000172e+02 4.831430459990999661e+06 4.635479299929999979e+05
2.685199890000000096e+02 4.831430459990999661e+06 4.635479099730000016e+05
2.682500000000000000e+02 4.831430380005000159e+06 4.635479099730000016e+05
2.686000060000000076e+02 4.831430459990999661e+06 4.635479299929999979e+05
2.685400089999999977e+02 4.831430450012000278e+06 4.635479299929999979e+05
2.685400089999999977e+02 4.831430450012000278e+06 4.635479099730000016e+05
2.685700069999999755e+02 4.831430450012000278e+06 4.635479199830000289e+05
2.686300049999999828e+02 4.831430459990999661e+06 4.635479299929999979e+05
2.685799870000000169e+02 4.831430459990999661e+06 4.635479299929999979e+05
2.685299989999999752e+02 4.831430459990999661e+06 4.635479199830000289e+05
2.682799989999999752e+02 4.831430390014999546e+06 4.635479099730000016e+05
2.682799989999999752e+02 4.831430420013000257e+06 4.635479299929999979e+05
2.682099910000000023e+02 4.831430440001999959e+06 4.635479500119999866e+05
2.678999939999999924e+02 4.831430420013000257e+06 4.635479099730000016e+05
2.685700069999999755e+02 4.831430660004000179e+06 4.635476199950000155e+05
2.685799870000000169e+02 4.831430660004000179e+06 4.635476500239999732e+05
2.683299870000000169e+02 4.831430579986999743e+06 4.635476500239999732e+05
2.678099980000000073e+02 4.831430470000999980e+06 4.635475999760000268e+05
2.686400150000000053e+02 4.831430529999000020e+06 4.635475999760000268e+05
2.686799930000000245e+02 4.831430480011000298e+06 4.635476300049999845e+05
2.680599980000000073e+02 4.831430500000000000e+06 4.635476500239999732e+05
2.687799989999999752e+02 4.831430570007000118e+06 4.635478499760000268e+05
2.687300109999999904e+02 4.831430630005000159e+06 4.635476799929999979e+05
2.686799930000000245e+02 4.831430640014999546e+06 4.635477100220000139e+05
2.683599849999999947e+02 4.831430549987999722e+06 4.635475900269999984e+05
2.683699950000000172e+02 4.831430579986999743e+06 4.635475999760000268e+05
2.683599849999999947e+02 4.831430609985000454e+06 4.635476199950000155e+05
2.678399959999999851e+02 4.831430570007000118e+06 4.635478099979999824e+05
2.686900019999999927e+02 4.831430579986999743e+06 4.635477899779999861e+05
2.687699890000000096e+02 4.831430579986999743e+06 4.635477800290000159e+05
2.683200069999999755e+02 4.831430510010000318e+06 4.635479199830000289e+05
2.685100100000000225e+02 4.831430609985000454e+06 4.635475999760000268e+05
2.686900019999999927e+02 4.831430559998000041e+06 4.635476199950000155e+05
2.687000120000000152e+02 4.831430529999000020e+06 4.635476099849999882e+05
2.681700129999999831e+02 4.831430579986999743e+06 4.635476699830000289e+05
2.683099980000000073e+02 4.831430589995999821e+06 4.635476799929999979e+05
2.684200129999999831e+02 4.831430589995999821e+06 4.635476799929999979e+05
2.685299989999999752e+02 4.831430589995999821e+06 4.635476900020000176e+05
2.686600040000000149e+02 4.831430600006000139e+06 4.635477000119999866e+05
2.687600100000000225e+02 4.831430600006000139e+06 4.635477000119999866e+05
2.678099980000000073e+02 4.831430600006000139e+06 4.635477000119999866e+05
2.682799989999999752e+02 4.831430589995999821e+06 4.635477100220000139e+05
2.683699950000000172e+02 4.831430589995999821e+06 4.635477199709999841e+05
2.684899899999999775e+02 4.831430589995999821e+06 4.635477299800000037e+05
2.686099849999999947e+02 4.831430600006000139e+06 4.635477299800000037e+05
2.686900019999999927e+02 4.831430589995999821e+06 4.635477299800000037e+05
2.683299870000000169e+02 4.831430619994999841e+06 4.635477700199999963e+05
2.685700069999999755e+02 4.831430600006000139e+06 4.635477700199999963e+05
2.686600040000000149e+02 4.831430600006000139e+06 4.635477700199999963e+05
2.687600100000000225e+02 4.831430600006000139e+06 4.635477800290000159e+05
2.684200129999999831e+02 4.831430589995999821e+06 4.635477899779999861e+05
2.685400089999999977e+02 4.831430589995999821e+06 4.635477999880000134e+05
2.686700129999999831e+02 4.831430600006000139e+06 4.635478099979999824e+05
2.687999879999999848e+02 4.831430600006000139e+06 4.635478200070000021e+05
2.684899899999999775e+02 4.831430579986999743e+06 4.635478400269999984e+05
2.685799870000000169e+02 4.831430579986999743e+06 4.635478400269999984e+05
2.686700129999999831e+02 4.831430579986999743e+06 4.635478400269999984e+05
2.685299989999999752e+02 4.831430570007000118e+06 4.635478599849999882e+05
2.679400019999999927e+02 4.831430609985000454e+06 4.635478200070000021e+05
2.681300049999999828e+02 4.831430600006000139e+06 4.635478499760000268e+05
2.683599849999999947e+02 4.831430549987999722e+06 4.635478699950000155e+05
2.684100040000000149e+02 4.831430529999000020e+06 4.635478699950000155e+05
2.684599910000000023e+02 4.831430510010000318e+06 4.635478599849999882e+05
2.683299870000000169e+02 4.831430540009000339e+06 4.635479099730000016e+05
2.682999879999999848e+02 4.831430500000000000e+06 4.635478800049999845e+05
2.683800049999999828e+02 4.831430489989999682e+06 4.635478900150000118e+05
2.684500120000000152e+02 4.831430470000999980e+06 4.635478900150000118e+05
2.679100040000000149e+02 4.831430570007000118e+06 4.635478900150000118e+05
2.682300109999999904e+02 4.831430519988999702e+06 4.635479199830000289e+05
2.682200010000000248e+02 4.831430489989999682e+06 4.635479000239999732e+05
2.682600100000000225e+02 4.831430470000999980e+06 4.635479000239999732e+05
2.678800049999999828e+02 4.831430529999000020e+06 4.635478900150000118e+05
2.684500120000000152e+02 4.831430480011000298e+06 4.635479899899999727e+05
2.684599910000000023e+02 4.831430510010000318e+06 4.635478699950000155e+05
2.684200129999999831e+02 4.831430519988999702e+06 4.635478800049999845e+05
2.681199950000000172e+02 4.831430579986999743e+06 4.635479099730000016e+05
2.680299989999999752e+02 4.831430570007000118e+06 4.635479000239999732e+05
2.678699950000000172e+02 4.831430519988999702e+06 4.635478599849999882e+05
2.685000000000000000e+02 4.831430589995999821e+06 4.635478400269999984e+05
2.684400019999999927e+02 4.831430589995999821e+06 4.635478400269999984e+05
2.679800109999999904e+02 4.831430609985000454e+06 4.635478400269999984e+05
2.679200129999999831e+02 4.831430609985000454e+06 4.635478400269999984e+05
2.686099849999999947e+02 4.831430619994999841e+06 4.635477700199999963e+05
2.685400089999999977e+02 4.831430619994999841e+06 4.635477600100000273e+05
2.685000000000000000e+02 4.831430640014999546e+06 4.635477800290000159e+05
2.679299930000000245e+02 4.831430630005000159e+06 4.635477500000000000e+05
2.686300049999999828e+02 4.831430640014999546e+06 4.635477199709999841e+05
2.685499879999999848e+02 4.831430630005000159e+06 4.635477100220000139e+05
2.684899899999999775e+02 4.831430630005000159e+06 4.635477100220000139e+05
2.684200129999999831e+02 4.831430630005000159e+06 4.635477100220000139e+05
2.683900150000000053e+02 4.831430640014999546e+06 4.635477199709999841e+05
2.683399959999999851e+02 4.831430690001999959e+06 4.635477500000000000e+05
2.681199950000000172e+02 4.831430649993999861e+06 4.635477199709999841e+05
2.680100100000000225e+02 4.831430640014999546e+06 4.635477000119999866e+05
2.679299930000000245e+02 4.831430640014999546e+06 4.635477000119999866e+05
2.687999879999999848e+02 4.831430619994999841e+06 4.635476599730000016e+05
2.687500000000000000e+02 4.831430589995999821e+06 4.635476099849999882e+05
2.687399899999999775e+02 4.831430609985000454e+06 4.635476300049999845e+05
2.683399959999999851e+02 4.831430619994999841e+06 4.635476199950000155e+05
2.687099910000000023e+02 4.831430589995999821e+06 4.635478400269999984e+05
2.684599910000000023e+02 4.831430549987999722e+06 4.635478499760000268e+05
2.683900150000000053e+02 4.831430549987999722e+06 4.635478599849999882e+05
2.678399959999999851e+02 4.831430480011000298e+06 4.635478900150000118e+05
2.684299930000000245e+02 4.831430579986999743e+06 4.635478099979999824e+05
2.684200129999999831e+02 4.831430609985000454e+06 4.635478300169999711e+05
2.687999879999999848e+02 4.831430630005000159e+06 4.635477700199999963e+05
2.687300109999999904e+02 4.831430630005000159e+06 4.635477800290000159e+05
2.686799930000000245e+02 4.831430630005000159e+06 4.635477899779999861e+05
2.686400150000000053e+02 4.831430649993999861e+06 4.635477999880000134e+05
2.685100100000000225e+02 4.831430609985000454e+06 4.635477899779999861e+05
2.684400019999999927e+02 4.831430600006000139e+06 4.635477999880000134e+05
2.683800049999999828e+02 4.831430609985000454e+06 4.635478099979999824e+05
2.679700010000000248e+02 4.831430579986999743e+06 4.635478499760000268e+05
2.678599849999999947e+02 4.831430549987999722e+06 4.635478499760000268e+05
2.687999879999999848e+02 4.831430630005000159e+06 4.635477500000000000e+05
2.687399899999999775e+02 4.831430630005000159e+06 4.635477600100000273e+05
2.686799930000000245e+02 4.831430630005000159e+06 4.635477600100000273e+05
2.686300049999999828e+02 4.831430630005000159e+06 4.635477700199999963e+05
2.685299989999999752e+02 4.831430609985000454e+06 4.635477800290000159e+05
2.684599910000000023e+02 4.831430609985000454e+06 4.635477800290000159e+05
2.683999939999999924e+02 4.831430609985000454e+06 4.635477899779999861e+05
2.679899899999999775e+02 4.831430589995999821e+06 4.635478300169999711e+05
2.678900150000000053e+02 4.831430559998000041e+06 4.635478300169999711e+05
2.678299870000000169e+02 4.831430559998000041e+06 4.635478400269999984e+05
2.678099980000000073e+02 4.831430589995999821e+06 4.635478599849999882e+05
2.687500000000000000e+02 4.831430640014999546e+06 4.635477399899999727e+05
2.686799930000000245e+02 4.831430630005000159e+06 4.635477399899999727e+05
2.686099849999999947e+02 4.831430640014999546e+06 4.635477500000000000e+05
2.685400089999999977e+02 4.831430630005000159e+06 4.635477600100000273e+05
2.684800109999999904e+02 4.831430619994999841e+06 4.635477600100000273e+05
2.684200129999999831e+02 4.831430619994999841e+06 4.635477700199999963e+05
2.683999939999999924e+02 4.831430649993999861e+06 4.635477899779999861e+05
2.680499879999999848e+02 4.831430630005000159e+06 4.635478200070000021e+05
2.679200129999999831e+02 4.831430589995999821e+06 4.635478200070000021e+05
2.679700010000000248e+02 4.831430660004000179e+06 4.635478499760000268e+05
2.687600100000000225e+02 4.831430630005000159e+06 4.635477199709999841e+05
2.687099910000000023e+02 4.831430630005000159e+06 4.635477299800000037e+05
2.686499939999999924e+02 4.831430640014999546e+06 4.635477399899999727e+05
2.685700069999999755e+02 4.831430630005000159e+06 4.635477500000000000e+05
2.685100100000000225e+02 4.831430619994999841e+06 4.635477600100000273e+05
2.684299930000000245e+02 4.831430619994999841e+06 4.635477600100000273e+05
2.684200129999999831e+02 4.831430660004000179e+06 4.635477899779999861e+05
2.681199950000000172e+02 4.831430660004000179e+06 4.635478300169999711e+05
2.679599910000000023e+02 4.831430589995999821e+06 4.635478099979999824e+05
2.678999939999999924e+02 4.831430589995999821e+06 4.635478200070000021e+05
2.687500000000000000e+02 4.831430630005000159e+06 4.635477299800000037e+05
2.687000120000000152e+02 4.831430630005000159e+06 4.635477299800000037e+05
2.686499939999999924e+02 4.831430640014999546e+06 4.635477399899999727e+05
2.685799870000000169e+02 4.831430630005000159e+06 4.635477500000000000e+05
2.685199890000000096e+02 4.831430630005000159e+06 4.635477500000000000e+05
2.684500120000000152e+02 4.831430619994999841e+06 4.635477600100000273e+05
2.684100040000000149e+02 4.831430640014999546e+06 4.635477800290000159e+05
2.680400089999999977e+02 4.831430609985000454e+06 4.635478099979999824e+05
2.679500120000000152e+02 4.831430589995999821e+06 4.635478099979999824e+05
2.678999939999999924e+02 4.831430589995999821e+06 4.635478200070000021e+05
2.687999879999999848e+02 4.831430640014999546e+06 4.635477100220000139e+05
2.687399899999999775e+02 4.831430640014999546e+06 4.635477199709999841e+05
2.686700129999999831e+02 4.831430640014999546e+06 4.635477299800000037e+05
2.686199950000000172e+02 4.831430640014999546e+06 4.635477399899999727e+05
2.685400089999999977e+02 4.831430630005000159e+06 4.635477399899999727e+05
2.684599910000000023e+02 4.831430630005000159e+06 4.635477500000000000e+05
2.684100040000000149e+02 4.831430640014999546e+06 4.635477700199999963e+05
2.680100100000000225e+02 4.831430609985000454e+06 4.635477999880000134e+05
2.679200129999999831e+02 4.831430600006000139e+06 4.635478099979999824e+05
2.687600100000000225e+02 4.831430630005000159e+06 4.635476799929999979e+05
2.687099910000000023e+02 4.831430630005000159e+06 4.635476900020000176e+05
2.686600040000000149e+02 4.831430630005000159e+06 4.635477000119999866e+05
2.685899959999999851e+02 4.831430630005000159e+06 4.635477100220000139e+05
2.685400089999999977e+02 4.831430630005000159e+06 4.635477100220000139e+05
2.684700010000000248e+02 4.831430630005000159e+06 4.635477199709999841e+05
2.683999939999999924e+02 4.831430619994999841e+06 4.635477299800000037e+05
2.683599849999999947e+02 4.831430679992999882e+06 4.635477700199999963e+05
2.680899959999999851e+02 4.831430630005000159e+06 4.635477700199999963e+05
2.680100100000000225e+02 4.831430619994999841e+06 4.635477800290000159e+05
2.679400019999999927e+02 4.831430609985000454e+06 4.635477800290000159e+05
2.679299930000000245e+02 4.831430640014999546e+06 4.635477999880000134e+05
2.687900089999999977e+02 4.831430549987999722e+06 4.635475800169999711e+05
2.687600100000000225e+02 4.831430570007000118e+06 4.635475900269999984e+05
2.687500000000000000e+02 4.831430600006000139e+06 4.635476099849999882e+05
2.686700129999999831e+02 4.831430589995999821e+06 4.635476199950000155e+05
2.686400150000000053e+02 4.831430600006000139e+06 4.635476300049999845e+05
2.686000060000000076e+02 4.831430609985000454e+06 4.635476400150000118e+05
2.685400089999999977e+02 4.831430619994999841e+06 4.635476500239999732e+05
2.684899899999999775e+02 4.831430630005000159e+06 4.635476599730000016e+05
2.684200129999999831e+02 4.831430630005000159e+06 4.635476699830000289e+05
2.683599849999999947e+02 4.831430630005000159e+06 4.635476799929999979e+05
2.683299870000000169e+02 4.831430649993999861e+06 4.635477000119999866e+05
2.682900089999999977e+02 4.831430660004000179e+06 4.635477100220000139e+05
2.683200069999999755e+02 4.831430709990999661e+06 4.635477399899999727e+05
2.681300049999999828e+02 4.831430630005000159e+06 4.635477199709999841e+05
2.681000060000000076e+02 4.831430649993999861e+06 4.635477299800000037e+05
2.680100100000000225e+02 4.831430630005000159e+06 4.635477299800000037e+05
2.679500120000000152e+02 4.831430630005000159e+06 4.635477399899999727e+05
2.679200129999999831e+02 4.831430649993999861e+06 4.635477600100000273e+05
2.683999939999999924e+02 4.831430579986999743e+06 4.635475900269999984e+05
2.683200069999999755e+02 4.831430570007000118e+06 4.635475999760000268e+05
2.682900089999999977e+02 4.831430589995999821e+06 4.635476099849999882e+05
2.682600100000000225e+02 4.831430600006000139e+06 4.635476199950000155e+05
2.682099910000000023e+02 4.831430609985000454e+06 4.635476300049999845e+05
2.681900019999999927e+02 4.831430630005000159e+06 4.635476500239999732e+05
2.681499939999999924e+02 4.831430720000999980e+06 4.635477100220000139e+05
2.679299930000000245e+02 4.831430600006000139e+06 4.635475999760000268e+05
2.678200069999999755e+02 4.831430709990999661e+06 4.635476799929999979e+05
2.685899959999999851e+02 4.831430579986999743e+06 4.635476099849999882e+05
2.686000060000000076e+02 4.831430540009000339e+06 4.635475900269999984e+05
2.685700069999999755e+02 4.831430579986999743e+06 4.635476500239999732e+05
2.686199950000000172e+02 4.831430579986999743e+06 4.635476500239999732e+05
2.687099910000000023e+02 4.831430570007000118e+06 4.635476300049999845e+05
2.681600040000000149e+02 4.831430609985000454e+06 4.635477600100000273e+05
2.686099849999999947e+02 4.831430589995999821e+06 4.635477100220000139e+05
2.686700129999999831e+02 4.831430600006000139e+06 4.635477100220000139e+05
2.687300109999999904e+02 4.831430600006000139e+06 4.635477000119999866e+05
2.687999879999999848e+02 4.831430600006000139e+06 4.635476900020000176e+05
2.685299989999999752e+02 4.831430600006000139e+06 4.635477700199999963e+05
2.686499939999999924e+02 4.831430600006000139e+06 4.635477600100000273e+05
2.684500120000000152e+02 4.831430559998000041e+06 4.635478099979999824e+05
2.685299989999999752e+02 4.831430579986999743e+06 4.635478099979999824e+05
2.685899959999999851e+02 4.831430579986999743e+06 4.635477999880000134e+05
2.686400150000000053e+02 4.831430579986999743e+06 4.635477899779999861e+05
2.687000120000000152e+02 4.831430579986999743e+06 4.635477899779999861e+05
2.684500120000000152e+02 4.831430519988999702e+06 4.635478400269999984e+05
2.686099849999999947e+02 4.831430549987999722e+06 4.635478400269999984e+05
2.686700129999999831e+02 4.831430549987999722e+06 4.635478400269999984e+05
2.687300109999999904e+02 4.831430549987999722e+06 4.635478300169999711e+05
2.687900089999999977e+02 4.831430549987999722e+06 4.635478200070000021e+05
2.685599980000000073e+02 4.831430480011000298e+06 4.635478599849999882e+05
2.687300109999999904e+02 4.831430529999000020e+06 4.635478699950000155e+05
2.687699890000000096e+02 4.831430510010000318e+06 4.635478499760000268e+05
2.686900019999999927e+02 4.831430470000999980e+06 4.635478900150000118e+05
2.679899899999999775e+02 4.831430540009000339e+06 4.635478499760000268e+05
2.684299930000000245e+02 4.831430470000999980e+06 4.635478900150000118e+05
2.685299989999999752e+02 4.831430630005000159e+06 4.635478099979999824e+05
2.685499879999999848e+02 4.831430579986999743e+06 4.635478200070000021e+05
2.685700069999999755e+02 4.831430589995999821e+06 4.635478599849999882e+05
2.685199890000000096e+02 4.831430559998000041e+06 4.635478699950000155e+05
2.685499879999999848e+02 4.831430540009000339e+06 4.635478599849999882e+05
2.687399899999999775e+02 4.831430519988999702e+06 4.635478800049999845e+05
2.684800109999999904e+02 4.831430519988999702e+06 4.635478800049999845e+05
2.687000120000000152e+02 4.831430489989999682e+06 4.635479000239999732e+05
2.684200129999999831e+02 4.831430500000000000e+06 4.635479000239999732e+05
2.684599910000000023e+02 4.831430470000999980e+06 4.635478900150000118e+05
2.682699890000000096e+02 4.831430470000999980e+06 4.635475900269999984e+05
2.682600100000000225e+02 4.831430510010000318e+06 4.635475900269999984e+05
2.678900150000000053e+02 4.831430609985000454e+06 4.635477000119999866e+05
2.683200069999999755e+02 4.831430489989999682e+06 4.635475800169999711e+05
2.682900089999999977e+02 4.831430519988999702e+06 4.635475900269999984e+05
2.683500060000000076e+02 4.831430480011000298e+06 4.635475900269999984e+05
2.683299870000000169e+02 4.831430519988999702e+06 4.635475900269999984e+05
2.684500120000000152e+02 4.831430470000999980e+06 4.635475800169999711e+05
2.684200129999999831e+02 4.831430480011000298e+06 4.635475700070000021e+05
2.681000060000000076e+02 4.831430500000000000e+06 4.635475900269999984e+05
2.680799870000000169e+02 4.831430540009000339e+06 4.635475900269999984e+05
2.679500120000000152e+02 4.831430579986999743e+06 4.635476300049999845e+05
2.679400019999999927e+02 4.831430609985000454e+06 4.635476400150000118e+05
2.683099980000000073e+02 4.831430640014999546e+06 4.635477100220000139e+05
2.683599849999999947e+02 4.831430640014999546e+06 4.635477299800000037e+05
2.686499939999999924e+02 4.831430619994999841e+06 4.635476799929999979e+05
2.678200069999999755e+02 4.831430619994999841e+06 4.635476599730000016e+05
2.679200129999999831e+02 4.831430640014999546e+06 4.635477899779999861e+05
2.684800109999999904e+02 4.831430470000999980e+06 4.635479099730000016e+05
2.680700069999999755e+02 4.831430500000000000e+06 4.635479199830000289e+05
2.687900089999999977e+02 4.831430510010000318e+06 4.635479000239999732e+05
2.687300109999999904e+02 4.831430510010000318e+06 4.635479099730000016e+05
2.685100100000000225e+02 4.831430600006000139e+06 4.635478800049999845e+05
2.687799989999999752e+02 4.831430529999000020e+06 4.635479299929999979e+05
2.685700069999999755e+02 4.831430589995999821e+06 4.635478800049999845e+05
2.678500060000000076e+02 4.831430570007000118e+06 4.635479000239999732e+05
2.678299870000000169e+02 4.831430579986999743e+06 4.635479000239999732e+05
2.678500060000000076e+02 4.831430630005000159e+06 4.635478599849999882e+05
2.684599910000000023e+02 4.831430619994999841e+06 4.635479000239999732e+05
2.684500120000000152e+02 4.831430630005000159e+06 4.635479000239999732e+05
2.684800109999999904e+02 4.831430640014999546e+06 4.635479600220000139e+05
2.684599910000000023e+02 4.831430600006000139e+06 4.635479299929999979e+05
2.684400019999999927e+02 4.831430619994999841e+06 4.635478900150000118e+05
2.684100040000000149e+02 4.831430640014999546e+06 4.635479000239999732e+05
2.686700129999999831e+02 4.831430609985000454e+06 4.635478900150000118e+05
