2.820100100000000225e+02 4.831430660004000179e+06 4.635473200070000021e+05
2.819200129999999831e+02 4.831430649993999861e+06 4.635471799929999979e+05
2.819299930000000245e+02 4.831430630005000159e+06 4.635472100220000139e+05
2.819899899999999775e+02 4.831430589995999821e+06 4.635472600100000273e+05
2.823399959999999851e+02 4.831430390014999546e+06 4.635480700070000021e+05
2.823299870000000169e+02 4.831430350006000139e+06 4.635480900269999984e+05
2.822799989999999752e+02 4.831430350006000139e+06 4.635480999760000268e+05
2.822699890000000096e+02 4.831430320007000118e+06 4.635480800169999711e+05
2.823399959999999851e+02 4.831430380005000159e+06 4.635480800169999711e+05
2.823299870000000169e+02 4.831430350006000139e+06 4.635480999760000268e+05
2.820899959999999851e+02 4.831430420013000257e+06 4.635478599849999882e+05
2.825899959999999851e+02 4.831430380005000159e+06 4.635479400020000176e+05
2.823900150000000053e+02 4.831430410004000179e+06 4.635479500119999866e+05
2.824299930000000245e+02 4.831430450012000278e+06 4.635479699709999841e+05
2.820100100000000225e+02 4.831430299987999722e+06 4.635478900150000118e+05
2.820100100000000225e+02 4.831430359985000454e+06 4.635479299929999979e+05
2.819800109999999904e+02 4.831430390014999546e+06 4.635479500119999866e+05
2.820000000000000000e+02 4.831430410004000179e+06 4.635479600220000139e+05
2.820299989999999752e+02 4.831430429992999882e+06 4.635480100100000273e+05
2.821400150000000053e+02 4.831430049987999722e+06 4.635478699950000155e+05
2.820599980000000073e+02 4.831430260010000318e+06 4.635478599849999882e+05
2.820899959999999851e+02 4.831430260010000318e+06 4.635478599849999882e+05
2.821499939999999924e+02 4.831430459990999661e+06 4.635478900150000118e+05
2.819400019999999927e+02 4.831430420013000257e+06 4.635479400020000176e+05
2.818999939999999924e+02 4.831430350006000139e+06 4.635479099730000016e+05
2.819500120000000152e+02 4.831430329986999743e+06 4.635478900150000118e+05
2.818900150000000053e+02 4.831430339995999821e+06 4.635479099730000016e+05
2.818900150000000053e+02 4.831430359985000454e+06 4.635479199830000289e+05
2.820899959999999851e+02 4.831430450012000278e+06 4.635479799800000037e+05
2.822999879999999848e+02 4.831430429992999882e+06 4.635479799800000037e+05
2.823800049999999828e+02 4.831430429992999882e+06 4.635479699709999841e+05
2.823099980000000073e+02 4.831430420013000257e+06 4.635479899899999727e+05
2.823900150000000053e+02 4.831430429992999882e+06 4.635479899899999727e+05
2.818599849999999947e+02 4.831430450012000278e+06 4.635479600220000139e+05
2.819299930000000245e+02 4.831430450012000278e+06 4.635479699709999841e+05
2.820199890000000096e+02 4.831430450012000278e+06 4.635479699709999841e+05
2.819700010000000248e+02 4.831430420013000257e+06 4.635480000000000000e+05
2.820299989999999752e+02 4.831430350006000139e+06 4.635479699709999841e+05
2.819400019999999927e+02 4.831430299987999722e+06 4.635479299929999979e+05
2.822200010000000248e+02 4.831430190001999959e+06 4.635478800049999845e+05
2.823599849999999947e+02 4.831430459990999661e+06 4.635480399779999861e+05
2.822999879999999848e+02 4.831430450012000278e+06 4.635480399779999861e+05
2.821499939999999924e+02 4.831430059998000041e+06 4.635478400269999984e+05
2.821400150000000053e+02 4.831430179992999882e+06 4.635478400269999984e+05
2.821600040000000149e+02 4.831430239989999682e+06 4.635477899779999861e+05
2.818399959999999851e+02 4.831430380005000159e+06 4.635478800049999845e+05
2.820899959999999851e+02 4.831430220000999980e+06 4.635478699950000155e+05
2.821400150000000053e+02 4.831430459990999661e+06 4.635479600220000139e+05
2.822000120000000152e+02 4.831430459990999661e+06 4.635479600220000139e+05
2.823299870000000169e+02 4.831430220000999980e+06 4.635477700199999963e+05
2.818900150000000053e+02 4.831430440001999959e+06 4.635479400020000176e+05
2.819800109999999904e+02 4.831430440001999959e+06 4.635479500119999866e+05
2.820299989999999752e+02 4.831430450012000278e+06 4.635479500119999866e+05
2.820400089999999977e+02 4.831430279999000020e+06 4.635479000239999732e+05
2.818599849999999947e+02 4.831430420013000257e+06 4.635479500119999866e+05
2.819100040000000149e+02 4.831430429992999882e+06 4.635479600220000139e+05
2.819700010000000248e+02 4.831430450012000278e+06 4.635479600220000139e+05
2.819899899999999775e+02 4.831430440001999959e+06 4.635479799800000037e+05
2.825100100000000225e+02 4.831430410004000179e+06 4.635479400020000176e+05
2.818999939999999924e+02 4.831430329986999743e+06 4.635479299929999979e+05
2.818200069999999755e+02 4.831430339995999821e+06 4.635479099730000016e+05
2.821700129999999831e+02 4.831430459990999661e+06 4.635478400269999984e+05
2.819299930000000245e+02 4.831430309998000041e+06 4.635479199830000289e+05
2.822300109999999904e+02 4.831430130005000159e+06 4.635477700199999963e+05
2.823200069999999755e+02 4.831430329986999743e+06 4.635480700070000021e+05
2.818699950000000172e+02 4.831430429992999882e+06 4.635479600220000139e+05
2.819200129999999831e+02 4.831430450012000278e+06 4.635479500119999866e+05
2.818699950000000172e+02 4.831430459990999661e+06 4.635479199830000289e+05
2.826099849999999947e+02 4.831430559998000041e+06 4.635480999760000268e+05
2.820599980000000073e+02 4.831430480011000298e+06 4.635479699709999841e+05
2.825299989999999752e+02 4.831430519988999702e+06 4.635479799800000037e+05
2.825599980000000073e+02 4.831430540009000339e+06 4.635479799800000037e+05
2.826000060000000076e+02 4.831430549987999722e+06 4.635479799800000037e+05
2.826799930000000245e+02 4.831430660004000179e+06 4.635479400020000176e+05
2.823200069999999755e+02 4.831430890014999546e+06 4.635479099730000016e+05
2.825400089999999977e+02 4.831430549987999722e+06 4.635479500119999866e+05
2.826900019999999927e+02 4.831430670013000257e+06 4.635479299929999979e+05
2.826300049999999828e+02 4.831430619994999841e+06 4.635479500119999866e+05
2.825299989999999752e+02 4.831430570007000118e+06 4.635479600220000139e+05
2.823800049999999828e+02 4.831430500000000000e+06 4.635479600220000139e+05
2.824800109999999904e+02 4.831430500000000000e+06 4.635479699709999841e+05
2.826700129999999831e+02 4.831430519988999702e+06 4.635479899899999727e+05
2.826300049999999828e+02 4.831430670013000257e+06 4.635479199830000289e+05
2.825899959999999851e+02 4.831430640014999546e+06 4.635479600220000139e+05
2.825100100000000225e+02 4.831430579986999743e+06 4.635479699709999841e+05
2.821600040000000149e+02 4.831430470000999980e+06 4.635478800049999845e+05
2.824100040000000149e+02 4.831430510010000318e+06 4.635479600220000139e+05
2.825100100000000225e+02 4.831430510010000318e+06 4.635479799800000037e+05
2.825299989999999752e+02 4.831430480011000298e+06 4.635479699709999841e+05
2.822900089999999977e+02 4.831430470000999980e+06 4.635479699709999841e+05
2.823599849999999947e+02 4.831430470000999980e+06 4.635479899899999727e+05
2.821099849999999947e+02 4.831430470000999980e+06 4.635479899899999727e+05
2.819400019999999927e+02 4.831430470000999980e+06 4.635479600220000139e+05
2.820299989999999752e+02 4.831430470000999980e+06 4.635479799800000037e+05
2.820599980000000073e+02 4.831430480011000298e+06 4.635480000000000000e+05
2.820799870000000169e+02 4.831430489989999682e+06 4.635479400020000176e+05
2.823299870000000169e+02 4.831430489989999682e+06 4.635480100100000273e+05
2.822799989999999752e+02 4.831430489989999682e+06 4.635480100100000273e+05
2.821199950000000172e+02 4.831430480011000298e+06 4.635480000000000000e+05
2.826300049999999828e+02 4.831430660004000179e+06 4.635480000000000000e+05
2.826300049999999828e+02 4.831430500000000000e+06 4.635479500119999866e+05
2.825400089999999977e+02 4.831430500000000000e+06 4.635479699709999841e+05
2.822200010000000248e+02 4.831430500000000000e+06 4.635479600220000139e+05
2.820100100000000225e+02 4.831430480011000298e+06 4.635480000000000000e+05
2.820299989999999752e+02 4.831430480011000298e+06 4.635480200199999963e+05
2.822999879999999848e+02 4.831430489989999682e+06 4.635476500239999732e+05
2.825499879999999848e+02 4.831430519988999702e+06 4.635479299929999979e+05
2.826000060000000076e+02 4.831430559998000041e+06 4.635479400020000176e+05
2.822500000000000000e+02 4.831430470000999980e+06 4.635479699709999841e+05
2.824899899999999775e+02 4.831430489989999682e+06 4.635479699709999841e+05
2.825000000000000000e+02 4.831430480011000298e+06 4.635479699709999841e+05
2.819899899999999775e+02 4.831430470000999980e+06 4.635479099730000016e+05
2.821799930000000245e+02 4.831430470000999980e+06 4.635478900150000118e+05
2.825599980000000073e+02 4.831430619994999841e+06 4.635479400020000176e+05
2.826099849999999947e+02 4.831430630005000159e+06 4.635479600220000139e+05
2.825599980000000073e+02 4.831430640014999546e+06 4.635479699709999841e+05
2.825499879999999848e+02 4.831430519988999702e+06 4.635479500119999866e+05
2.826300049999999828e+02 4.831430470000999980e+06 4.635480599979999824e+05
