2.772099910000000023e+02 4.831430089995999821e+06 4.635480499880000134e+05
2.770899959999999851e+02 4.831430100006000139e+06 4.635480300290000159e+05
2.770899959999999851e+02 4.831430100006000139e+06 4.635480100100000273e+05
2.769599910000000023e+02 4.831430190001999959e+06 4.635480499880000134e+05
2.773399959999999851e+02 4.831430269988999702e+06 4.635480300290000159e+05
2.768900150000000053e+02 4.831430260010000318e+06 4.635480900269999984e+05
2.773500060000000076e+02 4.831430269988999702e+06 4.635480200199999963e+05
2.770799870000000169e+02 4.831430130005000159e+06 4.635480300290000159e+05
2.772200010000000248e+02 4.831430089995999821e+06 4.635480300290000159e+05
2.773099980000000073e+02 4.831430010010000318e+06 4.635480100100000273e+05
2.772600100000000225e+02 4.831430049987999722e+06 4.635480200199999963e+05
2.771000060000000076e+02 4.831430079986999743e+06 4.635480200199999963e+05
2.771499939999999924e+02 4.831430100006000139e+06 4.635480300290000159e+05
2.769899899999999775e+02 4.831430170013000257e+06 4.635480499880000134e+05
2.768999939999999924e+02 4.831430230011000298e+06 4.635480399779999861e+05
2.768999939999999924e+02 4.831430279999000020e+06 4.635480700070000021e+05
2.769500120000000152e+02 4.831430279999000020e+06 4.635480700070000021e+05
2.770199890000000096e+02 4.831430269988999702e+06 4.635480499880000134e+05
2.770700069999999755e+02 4.831430279999000020e+06 4.635480499880000134e+05
2.771199950000000172e+02 4.831430279999000020e+06 4.635480399779999861e+05
2.771799930000000245e+02 4.831430279999000020e+06 4.635480300290000159e+05
2.772300109999999904e+02 4.831430290009000339e+06 4.635480200199999963e+05
2.773599849999999947e+02 4.831430290009000339e+06 4.635480000000000000e+05
2.768599849999999947e+02 4.831430250000000000e+06 4.635480200199999963e+05
2.768999939999999924e+02 4.831430260010000318e+06 4.635480200199999963e+05
2.769500120000000152e+02 4.831430269988999702e+06 4.635480100100000273e+05
2.770100100000000225e+02 4.831430279999000020e+06 4.635480100100000273e+05
2.770700069999999755e+02 4.831430290009000339e+06 4.635480000000000000e+05
2.771099849999999947e+02 4.831430290009000339e+06 4.635480000000000000e+05
2.771600040000000149e+02 4.831430299987999722e+06 4.635479899899999727e+05
2.772000120000000152e+02 4.831430309998000041e+06 4.635479899899999727e+05
2.772600100000000225e+02 4.831430309998000041e+06 4.635479799800000037e+05
2.773099980000000073e+02 4.831430320007000118e+06 4.635479799800000037e+05
2.768399959999999851e+02 4.831430269988999702e+06 4.635479799800000037e+05
2.768800049999999828e+02 4.831430290009000339e+06 4.635479799800000037e+05
2.769299930000000245e+02 4.831430290009000339e+06 4.635479799800000037e+05
2.769800109999999904e+02 4.831430299987999722e+06 4.635479699709999841e+05
2.770299989999999752e+02 4.831430309998000041e+06 4.635479699709999841e+05
2.771300049999999828e+02 4.831430329986999743e+06 4.635479600220000139e+05
2.772500000000000000e+02 4.831430350006000139e+06 4.635479500119999866e+05
2.773099980000000073e+02 4.831430019988999702e+06 4.635480200199999963e+05
2.773800049999999828e+02 4.831430019988999702e+06 4.635480000000000000e+05
2.770799870000000169e+02 4.831430079986999743e+06 4.635480200199999963e+05
2.771300049999999828e+02 4.831430089995999821e+06 4.635480100100000273e+05
2.771700129999999831e+02 4.831430100006000139e+06 4.635480100100000273e+05
2.770899959999999851e+02 4.831430260010000318e+06 4.635480499880000134e+05
2.771300049999999828e+02 4.831430269988999702e+06 4.635480399779999861e+05
2.772000120000000152e+02 4.831430269988999702e+06 4.635480200199999963e+05
2.772600100000000225e+02 4.831430269988999702e+06 4.635480000000000000e+05
2.773299870000000169e+02 4.831430279999000020e+06 4.635479899899999727e+05
2.773800049999999828e+02 4.831430299987999722e+06 4.635479899899999727e+05
2.768200069999999755e+02 4.831430230011000298e+06 4.635480100100000273e+05
2.768800049999999828e+02 4.831430239989999682e+06 4.635480000000000000e+05
2.769200129999999831e+02 4.831430250000000000e+06 4.635479899899999727e+05
2.769700010000000248e+02 4.831430260010000318e+06 4.635479899899999727e+05
2.770299989999999752e+02 4.831430269988999702e+06 4.635479799800000037e+05
2.770899959999999851e+02 4.831430290009000339e+06 4.635479699709999841e+05
2.771400150000000053e+02 4.831430299987999722e+06 4.635479600220000139e+05
2.771799930000000245e+02 4.831430309998000041e+06 4.635479600220000139e+05
2.772200010000000248e+02 4.831430320007000118e+06 4.635479600220000139e+05
2.772600100000000225e+02 4.831430339995999821e+06 4.635479600220000139e+05
2.768399959999999851e+02 4.831430290009000339e+06 4.635479600220000139e+05
2.768900150000000053e+02 4.831430309998000041e+06 4.635479600220000139e+05
2.769200129999999831e+02 4.831430329986999743e+06 4.635479600220000139e+05
2.768200069999999755e+02 4.831430309998000041e+06 4.635480100100000273e+05
2.771499939999999924e+02 4.831430320007000118e+06 4.635480200199999963e+05
2.770700069999999755e+02 4.831430320007000118e+06 4.635480300290000159e+05
2.770000000000000000e+02 4.831430309998000041e+06 4.635480399779999861e+05
2.769899899999999775e+02 4.831430290009000339e+06 4.635480200199999963e+05
2.769500120000000152e+02 4.831430279999000020e+06 4.635480200199999963e+05
2.769100040000000149e+02 4.831430269988999702e+06 4.635480200199999963e+05
2.768699950000000172e+02 4.831430260010000318e+06 4.635480200199999963e+05
2.768200069999999755e+02 4.831430250000000000e+06 4.635480200199999963e+05
2.773200069999999755e+02 4.831430279999000020e+06 4.635480200199999963e+05
2.772699890000000096e+02 4.831430269988999702e+06 4.635480200199999963e+05
2.772099910000000023e+02 4.831430269988999702e+06 4.635480200199999963e+05
2.771600040000000149e+02 4.831430260010000318e+06 4.635480200199999963e+05
2.771099849999999947e+02 4.831430250000000000e+06 4.635480200199999963e+05
2.770499879999999848e+02 4.831430239989999682e+06 4.635480300290000159e+05
2.770000000000000000e+02 4.831430230011000298e+06 4.635480300290000159e+05
2.769299930000000245e+02 4.831430230011000298e+06 4.635480399779999861e+05
2.768699950000000172e+02 4.831430220000999980e+06 4.635480399779999861e+05
2.768299870000000169e+02 4.831430209990999661e+06 4.635480300290000159e+05
2.773900150000000053e+02 4.831430250000000000e+06 4.635480399779999861e+05
2.773399959999999851e+02 4.831430239989999682e+06 4.635480399779999861e+05
2.772699890000000096e+02 4.831430239989999682e+06 4.635480399779999861e+05
2.772099910000000023e+02 4.831430239989999682e+06 4.635480499880000134e+05
2.771499939999999924e+02 4.831430230011000298e+06 4.635480599979999824e+05
2.770499879999999848e+02 4.831430220000999980e+06 4.635480599979999824e+05
2.770000000000000000e+02 4.831430209990999661e+06 4.635480599979999824e+05
2.769299930000000245e+02 4.831430209990999661e+06 4.635480800169999711e+05
2.768900150000000053e+02 4.831430200012000278e+06 4.635480700070000021e+05
2.768500060000000076e+02 4.831430179992999882e+06 4.635480599979999824e+05
2.773599849999999947e+02 4.831430230011000298e+06 4.635480700070000021e+05
2.772999879999999848e+02 4.831430230011000298e+06 4.635480700070000021e+05
2.772300109999999904e+02 4.831430230011000298e+06 4.635480800169999711e+05
2.771499939999999924e+02 4.831430230011000298e+06 4.635480999760000268e+05
2.770899959999999851e+02 4.831430230011000298e+06 4.635480999760000268e+05
2.769800109999999904e+02 4.831430209990999661e+06 4.635480999760000268e+05
2.771199950000000172e+02 4.831430059998000041e+06 4.635480599979999824e+05
2.771400150000000053e+02 4.831430040009000339e+06 4.635480800169999711e+05
2.773299870000000169e+02 4.831430010010000318e+06 4.635480700070000021e+05
2.772799989999999752e+02 4.831430000000000000e+06 4.635480700070000021e+05
2.774200129999999831e+02 4.831429980011000298e+06 4.635480800169999711e+05
2.773900150000000053e+02 4.831429959990999661e+06 4.635480599979999824e+05
2.773900150000000053e+02 4.831429940001999959e+06 4.635480999760000268e+05
2.770700069999999755e+02 4.831430309998000041e+06 4.635480200199999963e+05
2.772600100000000225e+02 4.831430279999000020e+06 4.635480399779999861e+05
2.772000120000000152e+02 4.831430279999000020e+06 4.635480300290000159e+05
2.771300049999999828e+02 4.831430290009000339e+06 4.635480300290000159e+05
2.770700069999999755e+02 4.831430279999000020e+06 4.635480300290000159e+05
2.770100100000000225e+02 4.831430290009000339e+06 4.635480300290000159e+05
2.769400019999999927e+02 4.831430290009000339e+06 4.635480300290000159e+05
2.773200069999999755e+02 4.831430260010000318e+06 4.635480499880000134e+05
2.772699890000000096e+02 4.831430269988999702e+06 4.635480499880000134e+05
2.772099910000000023e+02 4.831430269988999702e+06 4.635480499880000134e+05
2.771499939999999924e+02 4.831430269988999702e+06 4.635480499880000134e+05
2.770299989999999752e+02 4.831430279999000020e+06 4.635480399779999861e+05
2.769800109999999904e+02 4.831430269988999702e+06 4.635480399779999861e+05
2.769299930000000245e+02 4.831430269988999702e+06 4.635480300290000159e+05
2.772500000000000000e+02 4.831430260010000318e+06 4.635480599979999824e+05
2.772000120000000152e+02 4.831430260010000318e+06 4.635480599979999824e+05
2.771400150000000053e+02 4.831430260010000318e+06 4.635480599979999824e+05
2.770799870000000169e+02 4.831430260010000318e+06 4.635480599979999824e+05
2.770199890000000096e+02 4.831430260010000318e+06 4.635480499880000134e+05
2.769599910000000023e+02 4.831430250000000000e+06 4.635480499880000134e+05
2.772500000000000000e+02 4.831430250000000000e+06 4.635480800169999711e+05
2.771900019999999927e+02 4.831430250000000000e+06 4.635480800169999711e+05
2.770899959999999851e+02 4.831430230011000298e+06 4.635480700070000021e+05
2.770000000000000000e+02 4.831430250000000000e+06 4.635480700070000021e+05
2.769299930000000245e+02 4.831430250000000000e+06 4.635480700070000021e+05
2.769100040000000149e+02 4.831430230011000298e+06 4.635480599979999824e+05
2.770799870000000169e+02 4.831430260010000318e+06 4.635480999760000268e+05
2.770499879999999848e+02 4.831430239989999682e+06 4.635480900269999984e+05
2.769899899999999775e+02 4.831430239989999682e+06 4.635480900269999984e+05
2.769599910000000023e+02 4.831430230011000298e+06 4.635480800169999711e+05
2.768999939999999924e+02 4.831430230011000298e+06 4.635480800169999711e+05
2.768399959999999851e+02 4.831430220000999980e+06 4.635480900269999984e+05
2.769200129999999831e+02 4.831430170013000257e+06 4.635480999760000268e+05
2.770000000000000000e+02 4.831430100006000139e+06 4.635480900269999984e+05
2.774100040000000149e+02 4.831429989989999682e+06 4.635480900269999984e+05
2.773500060000000076e+02 4.831429989989999682e+06 4.635480800169999711e+05
2.772600100000000225e+02 4.831430010010000318e+06 4.635480999760000268e+05
2.770299989999999752e+02 4.831430279999000020e+06 4.635480499880000134e+05
2.768500060000000076e+02 4.831430299987999722e+06 4.635480300290000159e+05
2.774100040000000149e+02 4.831430019988999702e+06 4.635480499880000134e+05
2.771700129999999831e+02 4.831430109985000454e+06 4.635480000000000000e+05
2.772999879999999848e+02 4.831430089995999821e+06 4.635479899899999727e+05
2.768299870000000169e+02 4.831430279999000020e+06 4.635479799800000037e+05
2.768999939999999924e+02 4.831430290009000339e+06 4.635479899899999727e+05
2.769400019999999927e+02 4.831430299987999722e+06 4.635479899899999727e+05
2.770000000000000000e+02 4.831430299987999722e+06 4.635480000000000000e+05
2.770599980000000073e+02 4.831430299987999722e+06 4.635480000000000000e+05
2.771199950000000172e+02 4.831430309998000041e+06 4.635480000000000000e+05
2.771900019999999927e+02 4.831430309998000041e+06 4.635480100100000273e+05
2.769200129999999831e+02 4.831430339995999821e+06 4.635479400020000176e+05
2.769899899999999775e+02 4.831430339995999821e+06 4.635479400020000176e+05
2.770400089999999977e+02 4.831430350006000139e+06 4.635479500119999866e+05
2.771499939999999924e+02 4.831430339995999821e+06 4.635479500119999866e+05
2.772099910000000023e+02 4.831430339995999821e+06 4.635479500119999866e+05
2.773099980000000073e+02 4.831430329986999743e+06 4.635479500119999866e+05
2.774100040000000149e+02 4.831430000000000000e+06 4.635480399779999861e+05
2.773699950000000172e+02 4.831430040009000339e+06 4.635479799800000037e+05
2.773800049999999828e+02 4.831430070007000118e+06 4.635479899899999727e+05
2.773200069999999755e+02 4.831430049987999722e+06 4.635479699709999841e+05
2.773299870000000169e+02 4.831430070007000118e+06 4.635479799800000037e+05
2.772399899999999775e+02 4.831430079986999743e+06 4.635479699709999841e+05
2.772799989999999752e+02 4.831430100006000139e+06 4.635479799800000037e+05
2.771400150000000053e+02 4.831430100006000139e+06 4.635479600220000139e+05
2.771300049999999828e+02 4.831430130005000159e+06 4.635479799800000037e+05
2.771600040000000149e+02 4.831430149993999861e+06 4.635479899899999727e+05
2.768900150000000053e+02 4.831430250000000000e+06 4.635480300290000159e+05
2.769800109999999904e+02 4.831430290009000339e+06 4.635480300290000159e+05
2.770400089999999977e+02 4.831430290009000339e+06 4.635480300290000159e+05
2.771199950000000172e+02 4.831430299987999722e+06 4.635480200199999963e+05
2.772099910000000023e+02 4.831430299987999722e+06 4.635480000000000000e+05
2.773099980000000073e+02 4.831430299987999722e+06 4.635479899899999727e+05
2.768500060000000076e+02 4.831430260010000318e+06 4.635479799800000037e+05
2.768999939999999924e+02 4.831430279999000020e+06 4.635479799800000037e+05
2.769599910000000023e+02 4.831430290009000339e+06 4.635479799800000037e+05
2.770299989999999752e+02 4.831430299987999722e+06 4.635479699709999841e+05
2.771099849999999947e+02 4.831430299987999722e+06 4.635479600220000139e+05
2.771900019999999927e+02 4.831430309998000041e+06 4.635479600220000139e+05
2.772699890000000096e+02 4.831430320007000118e+06 4.635479500119999866e+05
2.773500060000000076e+02 4.831430320007000118e+06 4.635479400020000176e+05
2.768299870000000169e+02 4.831430309998000041e+06 4.635479299929999979e+05
2.768800049999999828e+02 4.831430320007000118e+06 4.635479299929999979e+05
2.769400019999999927e+02 4.831430329986999743e+06 4.635479299929999979e+05
2.770000000000000000e+02 4.831430339995999821e+06 4.635479299929999979e+05
2.770599980000000073e+02 4.831430350006000139e+06 4.635479299929999979e+05
2.771000060000000076e+02 4.831430369994999841e+06 4.635479299929999979e+05
2.771000060000000076e+02 4.831430399993999861e+06 4.635479500119999866e+05
2.774100040000000149e+02 4.831430000000000000e+06 4.635480200199999963e+05
2.772500000000000000e+02 4.831430059998000041e+06 4.635479699709999841e+05
2.770700069999999755e+02 4.831430119994999841e+06 4.635479699709999841e+05
2.770799870000000169e+02 4.831430149993999861e+06 4.635479899899999727e+05
2.769800109999999904e+02 4.831430140014999546e+06 4.635479799800000037e+05
2.770299989999999752e+02 4.831430160004000179e+06 4.635479799800000037e+05
2.772900089999999977e+02 4.831430329986999743e+06 4.635479000239999732e+05
2.770599980000000073e+02 4.831430299987999722e+06 4.635479199830000289e+05
2.771400150000000053e+02 4.831430369994999841e+06 4.635479400020000176e+05
2.771900019999999927e+02 4.831430390014999546e+06 4.635479299929999979e+05
2.768399959999999851e+02 4.831430359985000454e+06 4.635479000239999732e+05
2.771099849999999947e+02 4.831430320007000118e+06 4.635479500119999866e+05
2.770299989999999752e+02 4.831430369994999841e+06 4.635479699709999841e+05
2.771000060000000076e+02 4.831430339995999821e+06 4.635479400020000176e+05
2.769500120000000152e+02 4.831430299987999722e+06 4.635479299929999979e+05
2.774599910000000023e+02 4.831430309998000041e+06 4.635479400020000176e+05
2.769400019999999927e+02 4.831430250000000000e+06 4.635479799800000037e+05
2.768900150000000053e+02 4.831430230011000298e+06 4.635479699709999841e+05
2.768999939999999924e+02 4.831430250000000000e+06 4.635480499880000134e+05
2.768500060000000076e+02 4.831430230011000298e+06 4.635480499880000134e+05
2.768999939999999924e+02 4.831430209990999661e+06 4.635480300290000159e+05
2.769800109999999904e+02 4.831430160004000179e+06 4.635479799800000037e+05
2.771199950000000172e+02 4.831430100006000139e+06 4.635479799800000037e+05
2.773999939999999924e+02 4.831429970000999980e+06 4.635479899899999727e+05
2.773299870000000169e+02 4.831430269988999702e+06 4.635479799800000037e+05
2.770499879999999848e+02 4.831430279999000020e+06 4.635479799800000037e+05
2.769899899999999775e+02 4.831430260010000318e+06 4.635479699709999841e+05
2.771600040000000149e+02 4.831430290009000339e+06 4.635480499880000134e+05
2.771000060000000076e+02 4.831430269988999702e+06 4.635480300290000159e+05
2.769899899999999775e+02 4.831430260010000318e+06 4.635480200199999963e+05
2.768900150000000053e+02 4.831430250000000000e+06 4.635480100100000273e+05
2.768299870000000169e+02 4.831430250000000000e+06 4.635480700070000021e+05
2.770599980000000073e+02 4.831430119994999841e+06 4.635479899899999727e+05
2.773099980000000073e+02 4.831430040009000339e+06 4.635480100100000273e+05
2.768200069999999755e+02 4.831430260010000318e+06 4.635480499880000134e+05
2.768200069999999755e+02 4.831430239989999682e+06 4.635480399779999861e+05
2.768099980000000073e+02 4.831430220000999980e+06 4.635480200199999963e+05
2.770799870000000169e+02 4.831430130005000159e+06 4.635480399779999861e+05
2.772300109999999904e+02 4.831430070007000118e+06 4.635480399779999861e+05
2.773699950000000172e+02 4.831430019988999702e+06 4.635480399779999861e+05
2.773999939999999924e+02 4.831429989989999682e+06 4.635480300290000159e+05
2.773999939999999924e+02 4.831430029999000020e+06 4.635480200199999963e+05
2.773299870000000169e+02 4.831430089995999821e+06 4.635479600220000139e+05
2.772799989999999752e+02 4.831430100006000139e+06 4.635479699709999841e+05
2.772099910000000023e+02 4.831430119994999841e+06 4.635479799800000037e+05
2.771600040000000149e+02 4.831430140014999546e+06 4.635479799800000037e+05
2.771099849999999947e+02 4.831430160004000179e+06 4.635479899899999727e+05
2.770499879999999848e+02 4.831430170013000257e+06 4.635480000000000000e+05
2.770199890000000096e+02 4.831430269988999702e+06 4.635479899899999727e+05
2.771700129999999831e+02 4.831430410004000179e+06 4.635479099730000016e+05
2.774100040000000149e+02 4.831430029999000020e+06 4.635479699709999841e+05
2.773999939999999924e+02 4.831430040009000339e+06 4.635479899899999727e+05
2.773599849999999947e+02 4.831430070007000118e+06 4.635479400020000176e+05
2.773299870000000169e+02 4.831430089995999821e+06 4.635479600220000139e+05
2.772900089999999977e+02 4.831430109985000454e+06 4.635479799800000037e+05
2.772099910000000023e+02 4.831430119994999841e+06 4.635479400020000176e+05
2.771799930000000245e+02 4.831430140014999546e+06 4.635479600220000139e+05
2.771600040000000149e+02 4.831430160004000179e+06 4.635479699709999841e+05
2.770700069999999755e+02 4.831430170013000257e+06 4.635479500119999866e+05
2.770499879999999848e+02 4.831430299987999722e+06 4.635479400020000176e+05
2.768699950000000172e+02 4.831430299987999722e+06 4.635479099730000016e+05
2.769700010000000248e+02 4.831430350006000139e+06 4.635479000239999732e+05
2.770400089999999977e+02 4.831430399993999861e+06 4.635479000239999732e+05
2.770199890000000096e+02 4.831430429992999882e+06 4.635479199830000289e+05
2.768099980000000073e+02 4.831430369994999841e+06 4.635479000239999732e+05
2.768699950000000172e+02 4.831430410004000179e+06 4.635479000239999732e+05
2.768200069999999755e+02 4.831430359985000454e+06 4.635479199830000289e+05
2.768599849999999947e+02 4.831430350006000139e+06 4.635479099730000016e+05
2.768999939999999924e+02 4.831430320007000118e+06 4.635480599979999824e+05
2.770000000000000000e+02 4.831430329986999743e+06 4.635480499880000134e+05
2.772999879999999848e+02 4.831430070007000118e+06 4.635479899899999727e+05
2.773900150000000053e+02 4.831430049987999722e+06 4.635479699709999841e+05
2.773999939999999924e+02 4.831430019988999702e+06 4.635480000000000000e+05
2.774100040000000149e+02 4.831429989989999682e+06 4.635480200199999963e+05
2.770199890000000096e+02 4.831430179992999882e+06 4.635480000000000000e+05
2.770700069999999755e+02 4.831430160004000179e+06 4.635480000000000000e+05
2.771300049999999828e+02 4.831430149993999861e+06 4.635480000000000000e+05
2.773900150000000053e+02 4.831430049987999722e+06 4.635479899899999727e+05
2.773599849999999947e+02 4.831430079986999743e+06 4.635479899899999727e+05
2.771000060000000076e+02 4.831430200012000278e+06 4.635479699709999841e+05
2.770299989999999752e+02 4.831430200012000278e+06 4.635479699709999841e+05
2.769500120000000152e+02 4.831430250000000000e+06 4.635480000000000000e+05
2.770899959999999851e+02 4.831430220000999980e+06 4.635480000000000000e+05
2.770100100000000225e+02 4.831430200012000278e+06 4.635479899899999727e+05
2.770799870000000169e+02 4.831430410004000179e+06 4.635479299929999979e+05
2.770799870000000169e+02 4.831430420013000257e+06 4.635479299929999979e+05
2.771000060000000076e+02 4.831430429992999882e+06 4.635479099730000016e+05
2.768800049999999828e+02 4.831430429992999882e+06 4.635479299929999979e+05
2.773900150000000053e+02 4.831430049987999722e+06 4.635480200199999963e+05
2.770000000000000000e+02 4.831430399993999861e+06 4.635479099730000016e+05
2.769899899999999775e+02 4.831430420013000257e+06 4.635479199830000289e+05
2.769500120000000152e+02 4.831430420013000257e+06 4.635479299929999979e+05
2.769100040000000149e+02 4.831430429992999882e+06 4.635479500119999866e+05
2.769400019999999927e+02 4.831430420013000257e+06 4.635478900150000118e+05
2.768900150000000053e+02 4.831430410004000179e+06 4.635479099730000016e+05
2.768599849999999947e+02 4.831430429992999882e+06 4.635479199830000289e+05
2.768999939999999924e+02 4.831430410004000179e+06 4.635479600220000139e+05
2.768299870000000169e+02 4.831430369994999841e+06 4.635480200199999963e+05
2.771300049999999828e+02 4.831430140014999546e+06 4.635479799800000037e+05
2.773800049999999828e+02 4.831430049987999722e+06 4.635479699709999841e+05
2.769400019999999927e+02 4.831430420013000257e+06 4.635479699709999841e+05
2.768399959999999851e+02 4.831430309998000041e+06 4.635480399779999861e+05
2.768800049999999828e+02 4.831430290009000339e+06 4.635480300290000159e+05
2.770700069999999755e+02 4.831430170013000257e+06 4.635479600220000139e+05
2.771099849999999947e+02 4.831430160004000179e+06 4.635479600220000139e+05
2.771400150000000053e+02 4.831430140014999546e+06 4.635479400020000176e+05
2.771199950000000172e+02 4.831430140014999546e+06 4.635480000000000000e+05
2.771799930000000245e+02 4.831430109985000454e+06 4.635480000000000000e+05
2.772699890000000096e+02 4.831430079986999743e+06 4.635480000000000000e+05
2.773099980000000073e+02 4.831430070007000118e+06 4.635480000000000000e+05
2.773599849999999947e+02 4.831430059998000041e+06 4.635480000000000000e+05
2.774100040000000149e+02 4.831430040009000339e+06 4.635480000000000000e+05
2.768800049999999828e+02 4.831430329986999743e+06 4.635480399779999861e+05
2.769899899999999775e+02 4.831430350006000139e+06 4.635480399779999861e+05
2.769200129999999831e+02 4.831430339995999821e+06 4.635480399779999861e+05
2.768500060000000076e+02 4.831430339995999821e+06 4.635480399779999861e+05
2.769500120000000152e+02 4.831430339995999821e+06 4.635480300290000159e+05
2.769899899999999775e+02 4.831430320007000118e+06 4.635480100100000273e+05
2.768999939999999924e+02 4.831430279999000020e+06 4.635479500119999866e+05
2.769599910000000023e+02 4.831430299987999722e+06 4.635479500119999866e+05
2.773500060000000076e+02 4.831430339995999821e+06 4.635479000239999732e+05
2.769100040000000149e+02 4.831430290009000339e+06 4.635479400020000176e+05
2.770799870000000169e+02 4.831430299987999722e+06 4.635479199830000289e+05
2.771700129999999831e+02 4.831430320007000118e+06 4.635479099730000016e+05
2.772300109999999904e+02 4.831430350006000139e+06 4.635479000239999732e+05
2.773900150000000053e+02 4.831430309998000041e+06 4.635479600220000139e+05
2.772200010000000248e+02 4.831430290009000339e+06 4.635479699709999841e+05
2.773599849999999947e+02 4.831430309998000041e+06 4.635479299929999979e+05
2.774400019999999927e+02 4.831430329986999743e+06 4.635479000239999732e+05
2.774800109999999904e+02 4.831430359985000454e+06 4.635478900150000118e+05
2.771199950000000172e+02 4.831430119994999841e+06 4.635479299929999979e+05
2.771000060000000076e+02 4.831430149993999861e+06 4.635479400020000176e+05
2.769599910000000023e+02 4.831430290009000339e+06 4.635479799800000037e+05
2.770700069999999755e+02 4.831430299987999722e+06 4.635479400020000176e+05
2.771400150000000053e+02 4.831430320007000118e+06 4.635479199830000289e+05
2.772200010000000248e+02 4.831430339995999821e+06 4.635479000239999732e+05
2.772500000000000000e+02 4.831430359985000454e+06 4.635478800049999845e+05
2.772600100000000225e+02 4.831430390014999546e+06 4.635478800049999845e+05
2.768900150000000053e+02 4.831430279999000020e+06 4.635479199830000289e+05
2.769700010000000248e+02 4.831430299987999722e+06 4.635478900150000118e+05
2.769899899999999775e+02 4.831430329986999743e+06 4.635478900150000118e+05
2.769899899999999775e+02 4.831430359985000454e+06 4.635478900150000118e+05
2.775000000000000000e+02 4.831430350006000139e+06 4.635479000239999732e+05
2.773800049999999828e+02 4.831430329986999743e+06 4.635479099730000016e+05
2.777900089999999977e+02 4.831430299987999722e+06 4.635478599849999882e+05
2.777500000000000000e+02 4.831430299987999722e+06 4.635478499760000268e+05
2.773399959999999851e+02 4.831430269988999702e+06 4.635478499760000268e+05
2.769200129999999831e+02 4.831430230011000298e+06 4.635478699950000155e+05
2.768399959999999851e+02 4.831430220000999980e+06 4.635478800049999845e+05
2.772600100000000225e+02 4.831430019988999702e+06 4.635479199830000289e+05
2.774599910000000023e+02 4.831430279999000020e+06 4.635478400269999984e+05
2.772200010000000248e+02 4.831430000000000000e+06 4.635479299929999979e+05
2.770700069999999755e+02 4.831430019988999702e+06 4.635479099730000016e+05
2.772000120000000152e+02 4.831430000000000000e+06 4.635479199830000289e+05
2.771499939999999924e+02 4.831430000000000000e+06 4.635479199830000289e+05
2.770499879999999848e+02 4.831430010010000318e+06 4.635479099730000016e+05
2.771900019999999927e+02 4.831429989989999682e+06 4.635479299929999979e+05
2.771900019999999927e+02 4.831429980011000298e+06 4.635479400020000176e+05
2.770700069999999755e+02 4.831430010010000318e+06 4.635479000239999732e+05
2.771799930000000245e+02 4.831430000000000000e+06 4.635479199830000289e+05
2.770799870000000169e+02 4.831430010010000318e+06 4.635479099730000016e+05
2.770799870000000169e+02 4.831430010010000318e+06 4.635479199830000289e+05
2.770799870000000169e+02 4.831430019988999702e+06 4.635479199830000289e+05
2.770700069999999755e+02 4.831430010010000318e+06 4.635479199830000289e+05
2.770400089999999977e+02 4.831430019988999702e+06 4.635479000239999732e+05
2.775400089999999977e+02 4.831430260010000318e+06 4.635478900150000118e+05
2.771300049999999828e+02 4.831430320007000118e+06 4.635479299929999979e+05
2.771600040000000149e+02 4.831430230011000298e+06 4.635478900150000118e+05
2.771099849999999947e+02 4.831430230011000298e+06 4.635478900150000118e+05
2.770799870000000169e+02 4.831430250000000000e+06 4.635478699950000155e+05
2.770000000000000000e+02 4.831430250000000000e+06 4.635478900150000118e+05
2.768999939999999924e+02 4.831430269988999702e+06 4.635478900150000118e+05
2.768299870000000169e+02 4.831430279999000020e+06 4.635479099730000016e+05
2.769599910000000023e+02 4.831430140014999546e+06 4.635479199830000289e+05
2.772600100000000225e+02 4.831430059998000041e+06 4.635479799800000037e+05
2.772900089999999977e+02 4.831430100006000139e+06 4.635480000000000000e+05
2.770700069999999755e+02 4.831430290009000339e+06 4.635479699709999841e+05
2.773999939999999924e+02 4.831430040009000339e+06 4.635479699709999841e+05
2.772799989999999752e+02 4.831430100006000139e+06 4.635479699709999841e+05
2.770299989999999752e+02 4.831430140014999546e+06 4.635479500119999866e+05
2.770799870000000169e+02 4.831430140014999546e+06 4.635479600220000139e+05
2.771099849999999947e+02 4.831430130005000159e+06 4.635479799800000037e+05
2.770000000000000000e+02 4.831430170013000257e+06 4.635479600220000139e+05
2.770400089999999977e+02 4.831430170013000257e+06 4.635479699709999841e+05
2.770799870000000169e+02 4.831430170013000257e+06 4.635479899899999727e+05
2.772500000000000000e+02 4.831430350006000139e+06 4.635479099730000016e+05
2.773099980000000073e+02 4.831430369994999841e+06 4.635479099730000016e+05
2.768299870000000169e+02 4.831430279999000020e+06 4.635479199830000289e+05
2.769100040000000149e+02 4.831430299987999722e+06 4.635479299929999979e+05
2.768299870000000169e+02 4.831430359985000454e+06 4.635479199830000289e+05
2.768800049999999828e+02 4.831430359985000454e+06 4.635479299929999979e+05
2.769500120000000152e+02 4.831430380005000159e+06 4.635479299929999979e+05
2.770100100000000225e+02 4.831430399993999861e+06 4.635479400020000176e+05
2.768399959999999851e+02 4.831430390014999546e+06 4.635479400020000176e+05
2.769599910000000023e+02 4.831430380005000159e+06 4.635479500119999866e+05
2.768299870000000169e+02 4.831430369994999841e+06 4.635479299929999979e+05
2.772500000000000000e+02 4.831430359985000454e+06 4.635479299929999979e+05
2.772099910000000023e+02 4.831430369994999841e+06 4.635479099730000016e+05
2.771400150000000053e+02 4.831430359985000454e+06 4.635479099730000016e+05
2.770599980000000073e+02 4.831430359985000454e+06 4.635479000239999732e+05
2.769500120000000152e+02 4.831430329986999743e+06 4.635479099730000016e+05
2.773500060000000076e+02 4.831430350006000139e+06 4.635479099730000016e+05
2.771600040000000149e+02 4.831430320007000118e+06 4.635479099730000016e+05
2.770700069999999755e+02 4.831430309998000041e+06 4.635479099730000016e+05
2.769100040000000149e+02 4.831430290009000339e+06 4.635479000239999732e+05
2.774599910000000023e+02 4.831430350006000139e+06 4.635479000239999732e+05
2.773500060000000076e+02 4.831430329986999743e+06 4.635479099730000016e+05
2.770199890000000096e+02 4.831430269988999702e+06 4.635479299929999979e+05
2.769800109999999904e+02 4.831430269988999702e+06 4.635479199830000289e+05
2.774599910000000023e+02 4.831430350006000139e+06 4.635479000239999732e+05
2.773500060000000076e+02 4.831430339995999821e+06 4.635479000239999732e+05
2.770400089999999977e+02 4.831430269988999702e+06 4.635479299929999979e+05
2.770299989999999752e+02 4.831430279999000020e+06 4.635479099730000016e+05
2.774700010000000248e+02 4.831430350006000139e+06 4.635479000239999732e+05
2.773900150000000053e+02 4.831430339995999821e+06 4.635479000239999732e+05
2.770899959999999851e+02 4.831430299987999722e+06 4.635479000239999732e+05
2.770000000000000000e+02 4.831430290009000339e+06 4.635479000239999732e+05
2.774400019999999927e+02 4.831430350006000139e+06 4.635479000239999732e+05
2.773500060000000076e+02 4.831430339995999821e+06 4.635479000239999732e+05
2.771199950000000172e+02 4.831430299987999722e+06 4.635479099730000016e+05
2.770799870000000169e+02 4.831430299987999722e+06 4.635479000239999732e+05
2.774700010000000248e+02 4.831430350006000139e+06 4.635478900150000118e+05
2.773699950000000172e+02 4.831430339995999821e+06 4.635478900150000118e+05
2.770499879999999848e+02 4.831430269988999702e+06 4.635479299929999979e+05
2.770899959999999851e+02 4.831430299987999722e+06 4.635478900150000118e+05
2.774899899999999775e+02 4.831430320007000118e+06 4.635479000239999732e+05
2.774100040000000149e+02 4.831430309998000041e+06 4.635479000239999732e+05
2.769700010000000248e+02 4.831430230011000298e+06 4.635479299929999979e+05
2.773599849999999947e+02 4.831430029999000020e+06 4.635479799800000037e+05
2.773099980000000073e+02 4.831430029999000020e+06 4.635479799800000037e+05
2.772999879999999848e+02 4.831430040009000339e+06 4.635479500119999866e+05
2.776300049999999828e+02 4.831430279999000020e+06 4.635479400020000176e+05
2.775899959999999851e+02 4.831430290009000339e+06 4.635479299929999979e+05
2.775199890000000096e+02 4.831430290009000339e+06 4.635479299929999979e+05
2.774599910000000023e+02 4.831430299987999722e+06 4.635479299929999979e+05
2.773900150000000053e+02 4.831430309998000041e+06 4.635479299929999979e+05
2.773200069999999755e+02 4.831430309998000041e+06 4.635479199830000289e+05
2.772500000000000000e+02 4.831430320007000118e+06 4.635479199830000289e+05
2.771700129999999831e+02 4.831430320007000118e+06 4.635479299929999979e+05
2.770700069999999755e+02 4.831430329986999743e+06 4.635479299929999979e+05
2.770000000000000000e+02 4.831430329986999743e+06 4.635479299929999979e+05
2.770599980000000073e+02 4.831430239989999682e+06 4.635479500119999866e+05
2.770599980000000073e+02 4.831430260010000318e+06 4.635479199830000289e+05
2.769800109999999904e+02 4.831430260010000318e+06 4.635479199830000289e+05
2.769200129999999831e+02 4.831430269988999702e+06 4.635479199830000289e+05
2.769500120000000152e+02 4.831430160004000179e+06 4.635479799800000037e+05
2.770899959999999851e+02 4.831430079986999743e+06 4.635479799800000037e+05
2.770299989999999752e+02 4.831430089995999821e+06 4.635479699709999841e+05
2.774599910000000023e+02 4.831430290009000339e+06 4.635479299929999979e+05
2.774299930000000245e+02 4.831430309998000041e+06 4.635479199830000289e+05
2.772999879999999848e+02 4.831430320007000118e+06 4.635479500119999866e+05
2.772300109999999904e+02 4.831430339995999821e+06 4.635479600220000139e+05
2.772000120000000152e+02 4.831430350006000139e+06 4.635479500119999866e+05
2.771700129999999831e+02 4.831430260010000318e+06 4.635479299929999979e+05
2.771600040000000149e+02 4.831430279999000020e+06 4.635479099730000016e+05
2.768500060000000076e+02 4.831430230011000298e+06 4.635479600220000139e+05
2.768299870000000169e+02 4.831430239989999682e+06 4.635479400020000176e+05
2.772699890000000096e+02 4.831430010010000318e+06 4.635480000000000000e+05
2.772000120000000152e+02 4.831430029999000020e+06 4.635480000000000000e+05
2.771499939999999924e+02 4.831430049987999722e+06 4.635479899899999727e+05
2.770599980000000073e+02 4.831430070007000118e+06 4.635479899899999727e+05
2.770199890000000096e+02 4.831430089995999821e+06 4.635479799800000037e+05
2.768800049999999828e+02 4.831430100006000139e+06 4.635480200199999963e+05
2.769100040000000149e+02 4.831430260010000318e+06 4.635480000000000000e+05
2.768999939999999924e+02 4.831430299987999722e+06 4.635480300290000159e+05
2.768299870000000169e+02 4.831430279999000020e+06 4.635480599979999824e+05
2.768999939999999924e+02 4.831430399993999861e+06 4.635479400020000176e+05
2.770700069999999755e+02 4.831430390014999546e+06 4.635479299929999979e+05
2.771600040000000149e+02 4.831430380005000159e+06 4.635479400020000176e+05
2.773699950000000172e+02 4.831430089995999821e+06 4.635479899899999727e+05
2.772200010000000248e+02 4.831430140014999546e+06 4.635479799800000037e+05
2.772300109999999904e+02 4.831430130005000159e+06 4.635480100100000273e+05
2.770799870000000169e+02 4.831430170013000257e+06 4.635479799800000037e+05
2.771499939999999924e+02 4.831430170013000257e+06 4.635480000000000000e+05
2.768399959999999851e+02 4.831430339995999821e+06 4.635479299929999979e+05
2.769700010000000248e+02 4.831430390014999546e+06 4.635479299929999979e+05
2.771000060000000076e+02 4.831430399993999861e+06 4.635479500119999866e+05
2.769100040000000149e+02 4.831430239989999682e+06 4.635479899899999727e+05
2.768900150000000053e+02 4.831430260010000318e+06 4.635479600220000139e+05
2.770400089999999977e+02 4.831430170013000257e+06 4.635479799800000037e+05
2.770199890000000096e+02 4.831430179992999882e+06 4.635479500119999866e+05
2.772300109999999904e+02 4.831430100006000139e+06 4.635479799800000037e+05
2.772300109999999904e+02 4.831430109985000454e+06 4.635479600220000139e+05
2.773999939999999924e+02 4.831429989989999682e+06 4.635480200199999963e+05
2.772000120000000152e+02 4.831430339995999821e+06 4.635479199830000289e+05
2.770000000000000000e+02 4.831430250000000000e+06 4.635479600220000139e+05
2.769800109999999904e+02 4.831430269988999702e+06 4.635479400020000176e+05
2.773900150000000053e+02 4.831430029999000020e+06 4.635480200199999963e+05
2.769700010000000248e+02 4.831430220000999980e+06 4.635480200199999963e+05
2.768699950000000172e+02 4.831430230011000298e+06 4.635480200199999963e+05
2.770599980000000073e+02 4.831430299987999722e+06 4.635479799800000037e+05
2.770299989999999752e+02 4.831430290009000339e+06 4.635480000000000000e+05
2.769800109999999904e+02 4.831430290009000339e+06 4.635480100100000273e+05
2.769400019999999927e+02 4.831430279999000020e+06 4.635480300290000159e+05
2.768200069999999755e+02 4.831430279999000020e+06 4.635480499880000134e+05
2.773500060000000076e+02 4.831430079986999743e+06 4.635480499880000134e+05
2.770400089999999977e+02 4.831430200012000278e+06 4.635480499880000134e+05
2.769500120000000152e+02 4.831430230011000298e+06 4.635480200199999963e+05
2.768399959999999851e+02 4.831430299987999722e+06 4.635480700070000021e+05
2.777300109999999904e+02 4.831430299987999722e+06 4.635480700070000021e+05
2.777799989999999752e+02 4.831430320007000118e+06 4.635480700070000021e+05
2.776099849999999947e+02 4.831430299987999722e+06 4.635480700070000021e+05
2.777200010000000248e+02 4.831430309998000041e+06 4.635480499880000134e+05
2.777799989999999752e+02 4.831430309998000041e+06 4.635480399779999861e+05
2.775000000000000000e+02 4.831430290009000339e+06 4.635480499880000134e+05
2.775499879999999848e+02 4.831430290009000339e+06 4.635480499880000134e+05
2.776099849999999947e+02 4.831430299987999722e+06 4.635480499880000134e+05
2.776499939999999924e+02 4.831430309998000041e+06 4.635480399779999861e+05
2.777099910000000023e+02 4.831430309998000041e+06 4.635480399779999861e+05
2.777600100000000225e+02 4.831430320007000118e+06 4.635480300290000159e+05
2.772900089999999977e+02 4.831430299987999722e+06 4.635480800169999711e+05
2.773800049999999828e+02 4.831430279999000020e+06 4.635480499880000134e+05
2.774400019999999927e+02 4.831430279999000020e+06 4.635480399779999861e+05
2.774899899999999775e+02 4.831430290009000339e+06 4.635480399779999861e+05
2.775400089999999977e+02 4.831430299987999722e+06 4.635480399779999861e+05
2.775899959999999851e+02 4.831430299987999722e+06 4.635480300290000159e+05
2.776400150000000053e+02 4.831430309998000041e+06 4.635480300290000159e+05
2.777000120000000152e+02 4.831430309998000041e+06 4.635480200199999963e+05
2.777699890000000096e+02 4.831430320007000118e+06 4.635480100100000273e+05
2.773500060000000076e+02 4.831430269988999702e+06 4.635480399779999861e+05
2.773900150000000053e+02 4.831430279999000020e+06 4.635480399779999861e+05
2.774500120000000152e+02 4.831430279999000020e+06 4.635480300290000159e+05
2.774899899999999775e+02 4.831430290009000339e+06 4.635480300290000159e+05
2.775400089999999977e+02 4.831430299987999722e+06 4.635480300290000159e+05
2.775899959999999851e+02 4.831430299987999722e+06 4.635480200199999963e+05
2.776400150000000053e+02 4.831430309998000041e+06 4.635480100100000273e+05
2.776900019999999927e+02 4.831430320007000118e+06 4.635480100100000273e+05
2.777500000000000000e+02 4.831430320007000118e+06 4.635480100100000273e+05
2.771799930000000245e+02 4.831430309998000041e+06 4.635480800169999711e+05
2.772600100000000225e+02 4.831430290009000339e+06 4.635480599979999824e+05
2.773900150000000053e+02 4.831430290009000339e+06 4.635480300290000159e+05
2.774500120000000152e+02 4.831430290009000339e+06 4.635480200199999963e+05
2.774899899999999775e+02 4.831430299987999722e+06 4.635480200199999963e+05
2.775499879999999848e+02 4.831430299987999722e+06 4.635480100100000273e+05
2.776099849999999947e+02 4.831430309998000041e+06 4.635480100100000273e+05
2.776499939999999924e+02 4.831430320007000118e+06 4.635480100100000273e+05
2.777099910000000023e+02 4.831430329986999743e+06 4.635480000000000000e+05
2.777600100000000225e+02 4.831430329986999743e+06 4.635480000000000000e+05
2.776400150000000053e+02 4.831430339995999821e+06 4.635480599979999824e+05
2.777000120000000152e+02 4.831430320007000118e+06 4.635480599979999824e+05
2.777399899999999775e+02 4.831430339995999821e+06 4.635480599979999824e+05
2.774100040000000149e+02 4.831430320007000118e+06 4.635480000000000000e+05
2.776099849999999947e+02 4.831430339995999821e+06 4.635480100100000273e+05
2.776700129999999831e+02 4.831430339995999821e+06 4.635480100100000273e+05
2.771199950000000172e+02 4.831430299987999722e+06 4.635480800169999711e+05
2.772000120000000152e+02 4.831430290009000339e+06 4.635480599979999824e+05
2.772600100000000225e+02 4.831430290009000339e+06 4.635480499880000134e+05
2.773900150000000053e+02 4.831430290009000339e+06 4.635480300290000159e+05
2.774400019999999927e+02 4.831430290009000339e+06 4.635480200199999963e+05
2.775199890000000096e+02 4.831430290009000339e+06 4.635480100100000273e+05
2.775499879999999848e+02 4.831430309998000041e+06 4.635480100100000273e+05
2.776000060000000076e+02 4.831430309998000041e+06 4.635480000000000000e+05
2.776499939999999924e+02 4.831430309998000041e+06 4.635480000000000000e+05
2.777000120000000152e+02 4.831430320007000118e+06 4.635480000000000000e+05
2.777600100000000225e+02 4.831430320007000118e+06 4.635479899899999727e+05
2.773699950000000172e+02 4.831430279999000020e+06 4.635480399779999861e+05
2.774299930000000245e+02 4.831430279999000020e+06 4.635480300290000159e+05
2.774800109999999904e+02 4.831430290009000339e+06 4.635480300290000159e+05
2.775400089999999977e+02 4.831430290009000339e+06 4.635480200199999963e+05
2.775899959999999851e+02 4.831430299987999722e+06 4.635480200199999963e+05
2.776400150000000053e+02 4.831430309998000041e+06 4.635480200199999963e+05
2.777000120000000152e+02 4.831430309998000041e+06 4.635480100100000273e+05
2.777600100000000225e+02 4.831430320007000118e+06 4.635480000000000000e+05
2.777699890000000096e+02 4.831430350006000139e+06 4.635480200199999963e+05
2.773500060000000076e+02 4.831430299987999722e+06 4.635480900269999984e+05
2.774500120000000152e+02 4.831430269988999702e+06 4.635480499880000134e+05
2.774899899999999775e+02 4.831430279999000020e+06 4.635480499880000134e+05
2.775400089999999977e+02 4.831430279999000020e+06 4.635480499880000134e+05
2.775899959999999851e+02 4.831430290009000339e+06 4.635480399779999861e+05
2.776300049999999828e+02 4.831430299987999722e+06 4.635480399779999861e+05
2.776799930000000245e+02 4.831430309998000041e+06 4.635480399779999861e+05
2.777399899999999775e+02 4.831430309998000041e+06 4.635480300290000159e+05
2.777999879999999848e+02 4.831430320007000118e+06 4.635480200199999963e+05
2.777099910000000023e+02 4.831430320007000118e+06 4.635480800169999711e+05
2.777799989999999752e+02 4.831430299987999722e+06 4.635480599979999824e+05
2.774100040000000149e+02 4.831430299987999722e+06 4.635480999760000268e+05
2.775199890000000096e+02 4.831430279999000020e+06 4.635480700070000021e+05
2.775700069999999755e+02 4.831430290009000339e+06 4.635480700070000021e+05
2.776000060000000076e+02 4.831430320007000118e+06 4.635480800169999711e+05
2.776600040000000149e+02 4.831430309998000041e+06 4.635480599979999824e+05
2.777200010000000248e+02 4.831430309998000041e+06 4.635480499880000134e+05
2.773399959999999851e+02 4.831430279999000020e+06 4.635480499880000134e+05
2.773999939999999924e+02 4.831430279999000020e+06 4.635480399779999861e+05
2.774599910000000023e+02 4.831430290009000339e+06 4.635480300290000159e+05
2.775100100000000225e+02 4.831430290009000339e+06 4.635480300290000159e+05
2.775599980000000073e+02 4.831430299987999722e+06 4.635480300290000159e+05
2.776199950000000172e+02 4.831430299987999722e+06 4.635480200199999963e+05
2.776700129999999831e+02 4.831430309998000041e+06 4.635480100100000273e+05
2.777399899999999775e+02 4.831430320007000118e+06 4.635480000000000000e+05
2.777900089999999977e+02 4.831430329986999743e+06 4.635480000000000000e+05
2.772900089999999977e+02 4.831430299987999722e+06 4.635480200199999963e+05
2.774100040000000149e+02 4.831430299987999722e+06 4.635480000000000000e+05
2.774700010000000248e+02 4.831430309998000041e+06 4.635479899899999727e+05
2.775199890000000096e+02 4.831430320007000118e+06 4.635479899899999727e+05
2.775700069999999755e+02 4.831430329986999743e+06 4.635479899899999727e+05
2.776099849999999947e+02 4.831430329986999743e+06 4.635479799800000037e+05
2.776600040000000149e+02 4.831430339995999821e+06 4.635479799800000037e+05
2.777000120000000152e+02 4.831430350006000139e+06 4.635479799800000037e+05
2.773599849999999947e+02 4.831430320007000118e+06 4.635479699709999841e+05
2.773999939999999924e+02 4.831430339995999821e+06 4.635479699709999841e+05
2.774599910000000023e+02 4.831430339995999821e+06 4.635479699709999841e+05
2.776099849999999947e+02 4.831430380005000159e+06 4.635479600220000139e+05
2.772900089999999977e+02 4.831430359985000454e+06 4.635479500119999866e+05
2.773299870000000169e+02 4.831430369994999841e+06 4.635479500119999866e+05
2.774500120000000152e+02 4.831430269988999702e+06 4.635480499880000134e+05
2.775100100000000225e+02 4.831430269988999702e+06 4.635480300290000159e+05
2.775499879999999848e+02 4.831430290009000339e+06 4.635480300290000159e+05
2.776000060000000076e+02 4.831430299987999722e+06 4.635480300290000159e+05
2.776700129999999831e+02 4.831430299987999722e+06 4.635480100100000273e+05
2.777399899999999775e+02 4.831430299987999722e+06 4.635479799800000037e+05
2.777900089999999977e+02 4.831430309998000041e+06 4.635479799800000037e+05
2.774800109999999904e+02 4.831430320007000118e+06 4.635479699709999841e+05
2.775299989999999752e+02 4.831430329986999743e+06 4.635479600220000139e+05
2.775700069999999755e+02 4.831430339995999821e+06 4.635479600220000139e+05
2.776099849999999947e+02 4.831430350006000139e+06 4.635479600220000139e+05
2.776600040000000149e+02 4.831430369994999841e+06 4.635479500119999866e+05
2.776900019999999927e+02 4.831430380005000159e+06 4.635479500119999866e+05
2.777500000000000000e+02 4.831430390014999546e+06 4.635479400020000176e+05
2.772900089999999977e+02 4.831430359985000454e+06 4.635479600220000139e+05
2.773500060000000076e+02 4.831430369994999841e+06 4.635479500119999866e+05
2.769500120000000152e+02 4.831430429992999882e+06 4.635480800169999711e+05
2.769200129999999831e+02 4.831430420013000257e+06 4.635480800169999711e+05
2.768900150000000053e+02 4.831430369994999841e+06 4.635480499880000134e+05
2.773099980000000073e+02 4.831430350006000139e+06 4.635480200199999963e+05
2.772600100000000225e+02 4.831430329986999743e+06 4.635480100100000273e+05
2.772099910000000023e+02 4.831430320007000118e+06 4.635480100100000273e+05
2.776700129999999831e+02 4.831430339995999821e+06 4.635480100100000273e+05
2.776099849999999947e+02 4.831430339995999821e+06 4.635480200199999963e+05
2.774800109999999904e+02 4.831430329986999743e+06 4.635480300290000159e+05
2.774500120000000152e+02 4.831430299987999722e+06 4.635480100100000273e+05
2.774100040000000149e+02 4.831430299987999722e+06 4.635480200199999963e+05
2.773599849999999947e+02 4.831430290009000339e+06 4.635480200199999963e+05
2.777399899999999775e+02 4.831430309998000041e+06 4.635480300290000159e+05
2.777000120000000152e+02 4.831430299987999722e+06 4.635480300290000159e+05
2.776499939999999924e+02 4.831430290009000339e+06 4.635480300290000159e+05
2.776099849999999947e+02 4.831430279999000020e+06 4.635480300290000159e+05
2.775499879999999848e+02 4.831430279999000020e+06 4.635480300290000159e+05
2.775000000000000000e+02 4.831430269988999702e+06 4.635480300290000159e+05
2.774500120000000152e+02 4.831430260010000318e+06 4.635480300290000159e+05
2.777999879999999848e+02 4.831430279999000020e+06 4.635480399779999861e+05
2.777500000000000000e+02 4.831430269988999702e+06 4.635480399779999861e+05
2.776799930000000245e+02 4.831430269988999702e+06 4.635480499880000134e+05
2.776199950000000172e+02 4.831430260010000318e+06 4.635480499880000134e+05
2.775700069999999755e+02 4.831430260010000318e+06 4.635480499880000134e+05
2.775199890000000096e+02 4.831430250000000000e+06 4.635480599979999824e+05
2.774700010000000248e+02 4.831430250000000000e+06 4.635480599979999824e+05
2.774200129999999831e+02 4.831430239989999682e+06 4.635480599979999824e+05
2.777999879999999848e+02 4.831430260010000318e+06 4.635480599979999824e+05
2.777399899999999775e+02 4.831430260010000318e+06 4.635480599979999824e+05
2.776700129999999831e+02 4.831430260010000318e+06 4.635480700070000021e+05
2.776000060000000076e+02 4.831430260010000318e+06 4.635480800169999711e+05
2.775400089999999977e+02 4.831430250000000000e+06 4.635480800169999711e+05
2.774899899999999775e+02 4.831430239989999682e+06 4.635480800169999711e+05
2.774400019999999927e+02 4.831430230011000298e+06 4.635480800169999711e+05
2.773800049999999828e+02 4.831430230011000298e+06 4.635480900269999984e+05
2.777799989999999752e+02 4.831430329986999743e+06 4.635480399779999861e+05
2.777399899999999775e+02 4.831430320007000118e+06 4.635480300290000159e+05
2.776600040000000149e+02 4.831430339995999821e+06 4.635480399779999861e+05
2.776199950000000172e+02 4.831430320007000118e+06 4.635480300290000159e+05
2.774700010000000248e+02 4.831430339995999821e+06 4.635480399779999861e+05
2.770899959999999851e+02 4.831430450012000278e+06 4.635480900269999984e+05
2.769899899999999775e+02 4.831430450012000278e+06 4.635480900269999984e+05
2.777699890000000096e+02 4.831430309998000041e+06 4.635480499880000134e+05
2.777300109999999904e+02 4.831430299987999722e+06 4.635480399779999861e+05
2.776600040000000149e+02 4.831430309998000041e+06 4.635480399779999861e+05
2.776199950000000172e+02 4.831430299987999722e+06 4.635480399779999861e+05
2.774800109999999904e+02 4.831430320007000118e+06 4.635480399779999861e+05
2.774599910000000023e+02 4.831430299987999722e+06 4.635480300290000159e+05
2.773599849999999947e+02 4.831430320007000118e+06 4.635480399779999861e+05
2.773200069999999755e+02 4.831430309998000041e+06 4.635480300290000159e+05
2.772200010000000248e+02 4.831430329986999743e+06 4.635480399779999861e+05
2.771900019999999927e+02 4.831430320007000118e+06 4.635480300290000159e+05
2.777799989999999752e+02 4.831430290009000339e+06 4.635480599979999824e+05
2.777200010000000248e+02 4.831430279999000020e+06 4.635480499880000134e+05
2.776700129999999831e+02 4.831430279999000020e+06 4.635480499880000134e+05
2.776099849999999947e+02 4.831430279999000020e+06 4.635480499880000134e+05
2.775299989999999752e+02 4.831430290009000339e+06 4.635480499880000134e+05
2.774899899999999775e+02 4.831430279999000020e+06 4.635480399779999861e+05
2.774100040000000149e+02 4.831430299987999722e+06 4.635480499880000134e+05
2.773699950000000172e+02 4.831430290009000339e+06 4.635480399779999861e+05
2.773200069999999755e+02 4.831430290009000339e+06 4.635480399779999861e+05
2.777799989999999752e+02 4.831430290009000339e+06 4.635480800169999711e+05
2.777200010000000248e+02 4.831430279999000020e+06 4.635480800169999711e+05
2.776799930000000245e+02 4.831430279999000020e+06 4.635480700070000021e+05
2.775899959999999851e+02 4.831430290009000339e+06 4.635480800169999711e+05
2.775499879999999848e+02 4.831430279999000020e+06 4.635480700070000021e+05
2.775000000000000000e+02 4.831430269988999702e+06 4.635480599979999824e+05
2.774299930000000245e+02 4.831430279999000020e+06 4.635480599979999824e+05
2.773699950000000172e+02 4.831430269988999702e+06 4.635480599979999824e+05
2.777200010000000248e+02 4.831430290009000339e+06 4.635480999760000268e+05
2.777000120000000152e+02 4.831430279999000020e+06 4.635480900269999984e+05
2.775199890000000096e+02 4.831430269988999702e+06 4.635480800169999711e+05
2.774700010000000248e+02 4.831430260010000318e+06 4.635480700070000021e+05
2.774100040000000149e+02 4.831430260010000318e+06 4.635480700070000021e+05
2.773599849999999947e+02 4.831430260010000318e+06 4.635480700070000021e+05
2.773200069999999755e+02 4.831430260010000318e+06 4.635480599979999824e+05
2.775000000000000000e+02 4.831430260010000318e+06 4.635480999760000268e+05
2.774599910000000023e+02 4.831430260010000318e+06 4.635480900269999984e+05
2.774100040000000149e+02 4.831430250000000000e+06 4.635480900269999984e+05
2.773599849999999947e+02 4.831430250000000000e+06 4.635480900269999984e+05
2.772999879999999848e+02 4.831430250000000000e+06 4.635480800169999711e+05
2.772000120000000152e+02 4.831430250000000000e+06 4.635480999760000268e+05
2.776300049999999828e+02 4.831430329986999743e+06 4.635480399779999861e+05
2.775899959999999851e+02 4.831430320007000118e+06 4.635480300290000159e+05
2.772300109999999904e+02 4.831430299987999722e+06 4.635480300290000159e+05
2.772699890000000096e+02 4.831430309998000041e+06 4.635480100100000273e+05
2.773299870000000169e+02 4.831430309998000041e+06 4.635480100100000273e+05
2.773999939999999924e+02 4.831430320007000118e+06 4.635480200199999963e+05
2.775000000000000000e+02 4.831430309998000041e+06 4.635480200199999963e+05
2.775799870000000169e+02 4.831430339995999821e+06 4.635480399779999861e+05
2.773699950000000172e+02 4.831430339995999821e+06 4.635479500119999866e+05
2.774500120000000152e+02 4.831430339995999821e+06 4.635479600220000139e+05
2.775199890000000096e+02 4.831430339995999821e+06 4.635479600220000139e+05
2.776099849999999947e+02 4.831430339995999821e+06 4.635479600220000139e+05
2.776700129999999831e+02 4.831430350006000139e+06 4.635479699709999841e+05
2.777399899999999775e+02 4.831430350006000139e+06 4.635479699709999841e+05
2.777999879999999848e+02 4.831430350006000139e+06 4.635479799800000037e+05
2.773900150000000053e+02 4.831430410004000179e+06 4.635479299929999979e+05
2.774299930000000245e+02 4.831430420013000257e+06 4.635479400020000176e+05
2.776400150000000053e+02 4.831430410004000179e+06 4.635479400020000176e+05
2.777300109999999904e+02 4.831430399993999861e+06 4.635479400020000176e+05
2.777900089999999977e+02 4.831430399993999861e+06 4.635479400020000176e+05
2.777900089999999977e+02 4.831430410004000179e+06 4.635479199830000289e+05
2.774500120000000152e+02 4.831430410004000179e+06 4.635479299929999979e+05
2.777000120000000152e+02 4.831430399993999861e+06 4.635479299929999979e+05
2.777900089999999977e+02 4.831430390014999546e+06 4.635479299929999979e+05
2.777999879999999848e+02 4.831430390014999546e+06 4.635479299929999979e+05
2.774599910000000023e+02 4.831430410004000179e+06 4.635479099730000016e+05
2.776000060000000076e+02 4.831430309998000041e+06 4.635480999760000268e+05
2.776099849999999947e+02 4.831430329986999743e+06 4.635480900269999984e+05
2.775199890000000096e+02 4.831430299987999722e+06 4.635480300290000159e+05
2.773900150000000053e+02 4.831430309998000041e+06 4.635479799800000037e+05
2.774599910000000023e+02 4.831430309998000041e+06 4.635479799800000037e+05
2.775299989999999752e+02 4.831430320007000118e+06 4.635479699709999841e+05
2.776099849999999947e+02 4.831430329986999743e+06 4.635479600220000139e+05
2.776499939999999924e+02 4.831430350006000139e+06 4.635479699709999841e+05
2.773999939999999924e+02 4.831430339995999821e+06 4.635479400020000176e+05
2.774700010000000248e+02 4.831430350006000139e+06 4.635479400020000176e+05
2.775199890000000096e+02 4.831430359985000454e+06 4.635479299929999979e+05
2.775799870000000169e+02 4.831430359985000454e+06 4.635479299929999979e+05
2.776099849999999947e+02 4.831430380005000159e+06 4.635479400020000176e+05
2.776799930000000245e+02 4.831430390014999546e+06 4.635479299929999979e+05
2.777799989999999752e+02 4.831430390014999546e+06 4.635479199830000289e+05
2.771499939999999924e+02 4.831430410004000179e+06 4.635479500119999866e+05
2.772600100000000225e+02 4.831430410004000179e+06 4.635479299929999979e+05
2.777200010000000248e+02 4.831430309998000041e+06 4.635479799800000037e+05
2.777699890000000096e+02 4.831430359985000454e+06 4.635479299929999979e+05
2.777999879999999848e+02 4.831430380005000159e+06 4.635479299929999979e+05
2.777600100000000225e+02 4.831430420013000257e+06 4.635479199830000289e+05
2.772900089999999977e+02 4.831430380005000159e+06 4.635479400020000176e+05
2.777500000000000000e+02 4.831430309998000041e+06 4.635479799800000037e+05
2.776400150000000053e+02 4.831430299987999722e+06 4.635479699709999841e+05
2.777000120000000152e+02 4.831430390014999546e+06 4.635479600220000139e+05
2.776700129999999831e+02 4.831430369994999841e+06 4.635479500119999866e+05
2.776099849999999947e+02 4.831430350006000139e+06 4.635479400020000176e+05
2.777999879999999848e+02 4.831430320007000118e+06 4.635479600220000139e+05
2.776700129999999831e+02 4.831430299987999722e+06 4.635479699709999841e+05
2.774899899999999775e+02 4.831430279999000020e+06 4.635479799800000037e+05
2.776000060000000076e+02 4.831430299987999722e+06 4.635480399779999861e+05
2.776799930000000245e+02 4.831430320007000118e+06 4.635480300290000159e+05
2.776300049999999828e+02 4.831430299987999722e+06 4.635480200199999963e+05
2.775400089999999977e+02 4.831430290009000339e+06 4.635480100100000273e+05
2.774899899999999775e+02 4.831430269988999702e+06 4.635479899899999727e+05
2.775499879999999848e+02 4.831430290009000339e+06 4.635480700070000021e+05
2.774899899999999775e+02 4.831430279999000020e+06 4.635480499880000134e+05
2.776499939999999924e+02 4.831430329986999743e+06 4.635480499880000134e+05
2.776099849999999947e+02 4.831430350006000139e+06 4.635480800169999711e+05
2.771300049999999828e+02 4.831430359985000454e+06 4.635480499880000134e+05
2.769599910000000023e+02 4.831430359985000454e+06 4.635480399779999861e+05
2.775299989999999752e+02 4.831430320007000118e+06 4.635480000000000000e+05
2.772500000000000000e+02 4.831430410004000179e+06 4.635480399779999861e+05
2.770499879999999848e+02 4.831430420013000257e+06 4.635480300290000159e+05
2.771099849999999947e+02 4.831430440001999959e+06 4.635479799800000037e+05
2.773900150000000053e+02 4.831430429992999882e+06 4.635479600220000139e+05
2.773599849999999947e+02 4.831430459990999661e+06 4.635479699709999841e+05
2.777300109999999904e+02 4.831430450012000278e+06 4.635479899899999727e+05
2.773800049999999828e+02 4.831430440001999959e+06 4.635479600220000139e+05
2.774599910000000023e+02 4.831430440001999959e+06 4.635479600220000139e+05
2.773399959999999851e+02 4.831430459990999661e+06 4.635479600220000139e+05
2.774800109999999904e+02 4.831430450012000278e+06 4.635479199830000289e+05
2.777200010000000248e+02 4.831430450012000278e+06 4.635479299929999979e+05
2.775000000000000000e+02 4.831430440001999959e+06 4.635480000000000000e+05
2.773999939999999924e+02 4.831430440001999959e+06 4.635479799800000037e+05
2.773399959999999851e+02 4.831430450012000278e+06 4.635480100100000273e+05
2.772900089999999977e+02 4.831430399993999861e+06 4.635479000239999732e+05
2.772799989999999752e+02 4.831430440001999959e+06 4.635479299929999979e+05
2.772300109999999904e+02 4.831430450012000278e+06 4.635479500119999866e+05
2.769800109999999904e+02 4.831430440001999959e+06 4.635479500119999866e+05
2.770100100000000225e+02 4.831430390014999546e+06 4.635480000000000000e+05
2.771900019999999927e+02 4.831430420013000257e+06 4.635479899899999727e+05
2.773599849999999947e+02 4.831430429992999882e+06 4.635479699709999841e+05
2.773800049999999828e+02 4.831430420013000257e+06 4.635479600220000139e+05
2.774500120000000152e+02 4.831430410004000179e+06 4.635479500119999866e+05
2.774899899999999775e+02 4.831430390014999546e+06 4.635479299929999979e+05
2.775100100000000225e+02 4.831430369994999841e+06 4.635479199830000289e+05
2.775899959999999851e+02 4.831430390014999546e+06 4.635479099730000016e+05
2.772000120000000152e+02 4.831430369994999841e+06 4.635480399779999861e+05
2.772399899999999775e+02 4.831430359985000454e+06 4.635480300290000159e+05
2.773999939999999924e+02 4.831430399993999861e+06 4.635480300290000159e+05
2.774800109999999904e+02 4.831430399993999861e+06 4.635480200199999963e+05
2.776300049999999828e+02 4.831430410004000179e+06 4.635480000000000000e+05
2.777200010000000248e+02 4.831430420013000257e+06 4.635479899899999727e+05
2.777999879999999848e+02 4.831430420013000257e+06 4.635479799800000037e+05
2.776000060000000076e+02 4.831430309998000041e+06 4.635480700070000021e+05
2.774899899999999775e+02 4.831430429992999882e+06 4.635479799800000037e+05
2.777699890000000096e+02 4.831430440001999959e+06 4.635479899899999727e+05
2.776300049999999828e+02 4.831430429992999882e+06 4.635480100100000273e+05
2.777099910000000023e+02 4.831430429992999882e+06 4.635480200199999963e+05
2.777799989999999752e+02 4.831430420013000257e+06 4.635480200199999963e+05
2.774899899999999775e+02 4.831430429992999882e+06 4.635480399779999861e+05
2.776400150000000053e+02 4.831430420013000257e+06 4.635480399779999861e+05
2.776700129999999831e+02 4.831430399993999861e+06 4.635480300290000159e+05
2.777500000000000000e+02 4.831430399993999861e+06 4.635480399779999861e+05
2.774400019999999927e+02 4.831430440001999959e+06 4.635479400020000176e+05
2.775700069999999755e+02 4.831430440001999959e+06 4.635479699709999841e+05
2.777000120000000152e+02 4.831430450012000278e+06 4.635480000000000000e+05
2.777699890000000096e+02 4.831430440001999959e+06 4.635480100100000273e+05
2.774400019999999927e+02 4.831430440001999959e+06 4.635480200199999963e+05
2.775000000000000000e+02 4.831430429992999882e+06 4.635480200199999963e+05
2.776400150000000053e+02 4.831430410004000179e+06 4.635480399779999861e+05
2.776900019999999927e+02 4.831430390014999546e+06 4.635480399779999861e+05
2.777500000000000000e+02 4.831430380005000159e+06 4.635480399779999861e+05
2.771400150000000053e+02 4.831430440001999959e+06 4.635480200199999963e+05
2.771900019999999927e+02 4.831430420013000257e+06 4.635480200199999963e+05
2.774200129999999831e+02 4.831430420013000257e+06 4.635480700070000021e+05
2.774200129999999831e+02 4.831430399993999861e+06 4.635480599979999824e+05
2.776099849999999947e+02 4.831430359985000454e+06 4.635480900269999984e+05
2.777999879999999848e+02 4.831430410004000179e+06 4.635480399779999861e+05
2.777300109999999904e+02 4.831430410004000179e+06 4.635480399779999861e+05
2.776900019999999927e+02 4.831430420013000257e+06 4.635480399779999861e+05
2.776400150000000053e+02 4.831430420013000257e+06 4.635480399779999861e+05
2.775499879999999848e+02 4.831430429992999882e+06 4.635480499880000134e+05
2.775199890000000096e+02 4.831430450012000278e+06 4.635480599979999824e+05
2.774400019999999927e+02 4.831430429992999882e+06 4.635480499880000134e+05
2.773699950000000172e+02 4.831430429992999882e+06 4.635480399779999861e+05
2.772999879999999848e+02 4.831430420013000257e+06 4.635480399779999861e+05
2.772399899999999775e+02 4.831430420013000257e+06 4.635480300290000159e+05
2.771799930000000245e+02 4.831430429992999882e+06 4.635480399779999861e+05
2.771000060000000076e+02 4.831430420013000257e+06 4.635480300290000159e+05
2.770700069999999755e+02 4.831430429992999882e+06 4.635480399779999861e+05
2.770000000000000000e+02 4.831430420013000257e+06 4.635480300290000159e+05
2.769299930000000245e+02 4.831430410004000179e+06 4.635480200199999963e+05
2.768299870000000169e+02 4.831430429992999882e+06 4.635480300290000159e+05
2.777300109999999904e+02 4.831430459990999661e+06 4.635479899899999727e+05
2.776600040000000149e+02 4.831430459990999661e+06 4.635479899899999727e+05
2.775700069999999755e+02 4.831430450012000278e+06 4.635479699709999841e+05
2.775199890000000096e+02 4.831430440001999959e+06 4.635479699709999841e+05
2.774800109999999904e+02 4.831430450012000278e+06 4.635479799800000037e+05
2.773800049999999828e+02 4.831430459990999661e+06 4.635479799800000037e+05
2.772500000000000000e+02 4.831430450012000278e+06 4.635479699709999841e+05
2.771700129999999831e+02 4.831430440001999959e+06 4.635479600220000139e+05
2.771099849999999947e+02 4.831430450012000278e+06 4.635479600220000139e+05
2.776099849999999947e+02 4.831430380005000159e+06 4.635480999760000268e+05
2.777799989999999752e+02 4.831430410004000179e+06 4.635480200199999963e+05
2.777399899999999775e+02 4.831430420013000257e+06 4.635480300290000159e+05
2.775100100000000225e+02 4.831430420013000257e+06 4.635480599979999824e+05
2.773399959999999851e+02 4.831430350006000139e+06 4.635480399779999861e+05
2.776700129999999831e+02 4.831430459990999661e+06 4.635480000000000000e+05
2.774500120000000152e+02 4.831430450012000278e+06 4.635480200199999963e+05
2.773800049999999828e+02 4.831430440001999959e+06 4.635480200199999963e+05
2.773099980000000073e+02 4.831430429992999882e+06 4.635480300290000159e+05
2.772600100000000225e+02 4.831430429992999882e+06 4.635480399779999861e+05
2.771000060000000076e+02 4.831430410004000179e+06 4.635480399779999861e+05
2.770499879999999848e+02 4.831430410004000179e+06 4.635480499880000134e+05
2.769599910000000023e+02 4.831430380005000159e+06 4.635480499880000134e+05
2.776400150000000053e+02 4.831430440001999959e+06 4.635479400020000176e+05
2.776099849999999947e+02 4.831430450012000278e+06 4.635479500119999866e+05
2.775199890000000096e+02 4.831430440001999959e+06 4.635479500119999866e+05
2.774800109999999904e+02 4.831430450012000278e+06 4.635479699709999841e+05
2.774400019999999927e+02 4.831430450012000278e+06 4.635479699709999841e+05
2.773800049999999828e+02 4.831430450012000278e+06 4.635479799800000037e+05
2.773500060000000076e+02 4.831430459990999661e+06 4.635479899899999727e+05
2.772699890000000096e+02 4.831430440001999959e+06 4.635479899899999727e+05
2.772099910000000023e+02 4.831430440001999959e+06 4.635479899899999727e+05
2.771600040000000149e+02 4.831430440001999959e+06 4.635480000000000000e+05
2.771099849999999947e+02 4.831430440001999959e+06 4.635480100100000273e+05
2.768500060000000076e+02 4.831430420013000257e+06 4.635480300290000159e+05
2.776000060000000076e+02 4.831430440001999959e+06 4.635479199830000289e+05
2.775299989999999752e+02 4.831430429992999882e+06 4.635479299929999979e+05
2.775100100000000225e+02 4.831430450012000278e+06 4.635479400020000176e+05
2.774599910000000023e+02 4.831430450012000278e+06 4.635479500119999866e+05
2.774100040000000149e+02 4.831430450012000278e+06 4.635479600220000139e+05
2.773599849999999947e+02 4.831430459990999661e+06 4.635479699709999841e+05
2.772699890000000096e+02 4.831430450012000278e+06 4.635479699709999841e+05
2.772200010000000248e+02 4.831430450012000278e+06 4.635479799800000037e+05
2.771799930000000245e+02 4.831430450012000278e+06 4.635479799800000037e+05
2.771099849999999947e+02 4.831430440001999959e+06 4.635479899899999727e+05
2.770899959999999851e+02 4.831430459990999661e+06 4.635480000000000000e+05
2.771799930000000245e+02 4.831430429992999882e+06 4.635479500119999866e+05
2.771900019999999927e+02 4.831430440001999959e+06 4.635479400020000176e+05
2.770599980000000073e+02 4.831430420013000257e+06 4.635479500119999866e+05
2.770499879999999848e+02 4.831430420013000257e+06 4.635479400020000176e+05
2.769899899999999775e+02 4.831430459990999661e+06 4.635479699709999841e+05
2.774299930000000245e+02 4.831430459990999661e+06 4.635479299929999979e+05
2.772699890000000096e+02 4.831430450012000278e+06 4.635479500119999866e+05
2.772099910000000023e+02 4.831430440001999959e+06 4.635479600220000139e+05
2.771600040000000149e+02 4.831430450012000278e+06 4.635479600220000139e+05
2.770700069999999755e+02 4.831430440001999959e+06 4.635479500119999866e+05
2.769500120000000152e+02 4.831430429992999882e+06 4.635479600220000139e+05
2.770700069999999755e+02 4.831430450012000278e+06 4.635479199830000289e+05
2.777600100000000225e+02 4.831430450012000278e+06 4.635480200199999963e+05
2.775100100000000225e+02 4.831430410004000179e+06 4.635480800169999711e+05
2.776600040000000149e+02 4.831430459990999661e+06 4.635479899899999727e+05
2.776000060000000076e+02 4.831430450012000278e+06 4.635480100100000273e+05
2.775299989999999752e+02 4.831430440001999959e+06 4.635480200199999963e+05
2.775000000000000000e+02 4.831430450012000278e+06 4.635480399779999861e+05
2.774400019999999927e+02 4.831430440001999959e+06 4.635480499880000134e+05
2.775899959999999851e+02 4.831430440001999959e+06 4.635479000239999732e+05
2.775599980000000073e+02 4.831430450012000278e+06 4.635479099730000016e+05
2.774700010000000248e+02 4.831430450012000278e+06 4.635479400020000176e+05
2.774200129999999831e+02 4.831430450012000278e+06 4.635479500119999866e+05
2.773699950000000172e+02 4.831430459990999661e+06 4.635479699709999841e+05
2.773299870000000169e+02 4.831430459990999661e+06 4.635479799800000037e+05
2.772600100000000225e+02 4.831430450012000278e+06 4.635480000000000000e+05
2.771700129999999831e+02 4.831430420013000257e+06 4.635480100100000273e+05
2.771199950000000172e+02 4.831430429992999882e+06 4.635480300290000159e+05
2.772799989999999752e+02 4.831430429992999882e+06 4.635479000239999732e+05
2.772399899999999775e+02 4.831430440001999959e+06 4.635479199830000289e+05
2.771700129999999831e+02 4.831430459990999661e+06 4.635479500119999866e+05
2.771300049999999828e+02 4.831430459990999661e+06 4.635479600220000139e+05
2.770700069999999755e+02 4.831430459990999661e+06 4.635479699709999841e+05
2.770100100000000225e+02 4.831430450012000278e+06 4.635479899899999727e+05
2.769500120000000152e+02 4.831430440001999959e+06 4.635480000000000000e+05
2.772399899999999775e+02 4.831430420013000257e+06 4.635479299929999979e+05
2.773999939999999924e+02 4.831430429992999882e+06 4.635479199830000289e+05
2.774500120000000152e+02 4.831430420013000257e+06 4.635479099730000016e+05
2.774700010000000248e+02 4.831430399993999861e+06 4.635479000239999732e+05
2.771799930000000245e+02 4.831430420013000257e+06 4.635479799800000037e+05
2.773299870000000169e+02 4.831430450012000278e+06 4.635479699709999841e+05
2.773599849999999947e+02 4.831430429992999882e+06 4.635479600220000139e+05
2.775000000000000000e+02 4.831430420013000257e+06 4.635479400020000176e+05
2.777900089999999977e+02 4.831430450012000278e+06 4.635479299929999979e+05
2.774700010000000248e+02 4.831430429992999882e+06 4.635479899899999727e+05
2.777399899999999775e+02 4.831430440001999959e+06 4.635479699709999841e+05
2.777900089999999977e+02 4.831430440001999959e+06 4.635479600220000139e+05
2.772000120000000152e+02 4.831430339995999821e+06 4.635480200199999963e+05
2.776799930000000245e+02 4.831430410004000179e+06 4.635480100100000273e+05
2.777399899999999775e+02 4.831430420013000257e+06 4.635480100100000273e+05
2.777999879999999848e+02 4.831430420013000257e+06 4.635480000000000000e+05
2.775499879999999848e+02 4.831430290009000339e+06 4.635480100100000273e+05
2.771799930000000245e+02 4.831430440001999959e+06 4.635479299929999979e+05
2.772300109999999904e+02 4.831430440001999959e+06 4.635479299929999979e+05
2.772799989999999752e+02 4.831430429992999882e+06 4.635479199830000289e+05
2.773599849999999947e+02 4.831430450012000278e+06 4.635479400020000176e+05
2.774100040000000149e+02 4.831430440001999959e+06 4.635479400020000176e+05
2.774500120000000152e+02 4.831430429992999882e+06 4.635479299929999979e+05
2.775799870000000169e+02 4.831430440001999959e+06 4.635479400020000176e+05
2.769899899999999775e+02 4.831430410004000179e+06 4.635479699709999841e+05
2.771900019999999927e+02 4.831430429992999882e+06 4.635479899899999727e+05
2.772600100000000225e+02 4.831430429992999882e+06 4.635479899899999727e+05
2.773599849999999947e+02 4.831430429992999882e+06 4.635480000000000000e+05
2.774200129999999831e+02 4.831430440001999959e+06 4.635480000000000000e+05
2.775199890000000096e+02 4.831430429992999882e+06 4.635480000000000000e+05
2.777699890000000096e+02 4.831430429992999882e+06 4.635480200199999963e+05
2.768399959999999851e+02 4.831430399993999861e+06 4.635480300290000159e+05
2.768999939999999924e+02 4.831430399993999861e+06 4.635480300290000159e+05
2.770899959999999851e+02 4.831430380005000159e+06 4.635480300290000159e+05
2.772099910000000023e+02 4.831430390014999546e+06 4.635480399779999861e+05
2.772600100000000225e+02 4.831430380005000159e+06 4.635480300290000159e+05
2.773099980000000073e+02 4.831430369994999841e+06 4.635480300290000159e+05
2.773900150000000053e+02 4.831430390014999546e+06 4.635480499880000134e+05
2.774599910000000023e+02 4.831430390014999546e+06 4.635480499880000134e+05
2.777300109999999904e+02 4.831430459990999661e+06 4.635479500119999866e+05
2.774500120000000152e+02 4.831430450012000278e+06 4.635479299929999979e+05
2.775100100000000225e+02 4.831430450012000278e+06 4.635479400020000176e+05
2.776000060000000076e+02 4.831430459990999661e+06 4.635479699709999841e+05
2.776600040000000149e+02 4.831430450012000278e+06 4.635479699709999841e+05
2.777200010000000248e+02 4.831430450012000278e+06 4.635479899899999727e+05
2.777699890000000096e+02 4.831430459990999661e+06 4.635480000000000000e+05
2.774800109999999904e+02 4.831430440001999959e+06 4.635479899899999727e+05
2.775400089999999977e+02 4.831430440001999959e+06 4.635480000000000000e+05
2.775899959999999851e+02 4.831430440001999959e+06 4.635480100100000273e+05
2.776600040000000149e+02 4.831430440001999959e+06 4.635480200199999963e+05
2.777099910000000023e+02 4.831430429992999882e+06 4.635480200199999963e+05
2.777600100000000225e+02 4.831430420013000257e+06 4.635480200199999963e+05
2.772999879999999848e+02 4.831430440001999959e+06 4.635480100100000273e+05
2.774100040000000149e+02 4.831430429992999882e+06 4.635480200199999963e+05
2.774800109999999904e+02 4.831430429992999882e+06 4.635480399779999861e+05
2.775299989999999752e+02 4.831430420013000257e+06 4.635480399779999861e+05
2.776700129999999831e+02 4.831430380005000159e+06 4.635480399779999861e+05
2.777099910000000023e+02 4.831430369994999841e+06 4.635480300290000159e+05
2.777600100000000225e+02 4.831430359985000454e+06 4.635480399779999861e+05
2.768200069999999755e+02 4.831430450012000278e+06 4.635479899899999727e+05
2.769800109999999904e+02 4.831430429992999882e+06 4.635480100100000273e+05
2.770299989999999752e+02 4.831430420013000257e+06 4.635480100100000273e+05
2.770899959999999851e+02 4.831430420013000257e+06 4.635480200199999963e+05
2.772000120000000152e+02 4.831430399993999861e+06 4.635480200199999963e+05
2.773099980000000073e+02 4.831430390014999546e+06 4.635480399779999861e+05
2.774299930000000245e+02 4.831430399993999861e+06 4.635480700070000021e+05
2.775199890000000096e+02 4.831430410004000179e+06 4.635480999760000268e+05
2.768500060000000076e+02 4.831430420013000257e+06 4.635480499880000134e+05
2.768900150000000053e+02 4.831430399993999861e+06 4.635480399779999861e+05
2.776700129999999831e+02 4.831430320007000118e+06 4.635480999760000268e+05
2.776700129999999831e+02 4.831430350006000139e+06 4.635480999760000268e+05
2.776400150000000053e+02 4.831430339995999821e+06 4.635480900269999984e+05
2.776600040000000149e+02 4.831430359985000454e+06 4.635480900269999984e+05
2.770000000000000000e+02 4.831430359985000454e+06 4.635480399779999861e+05
2.776199950000000172e+02 4.831430320007000118e+06 4.635480900269999984e+05
2.776499939999999924e+02 4.831430339995999821e+06 4.635480900269999984e+05
2.776799930000000245e+02 4.831430309998000041e+06 4.635480999760000268e+05
2.776600040000000149e+02 4.831430350006000139e+06 4.635480999760000268e+05
2.768999939999999924e+02 4.831430350006000139e+06 4.635480499880000134e+05
2.776600040000000149e+02 4.831430359985000454e+06 4.635480999760000268e+05
2.770700069999999755e+02 4.831430350006000139e+06 4.635480399779999861e+05
2.775899959999999851e+02 4.831430320007000118e+06 4.635480700070000021e+05
2.776199950000000172e+02 4.831430339995999821e+06 4.635480700070000021e+05
2.774400019999999927e+02 4.831430329986999743e+06 4.635480300290000159e+05
2.776199950000000172e+02 4.831430339995999821e+06 4.635480399779999861e+05
2.774299930000000245e+02 4.831430299987999722e+06 4.635479799800000037e+05
2.775199890000000096e+02 4.831430320007000118e+06 4.635479799800000037e+05
2.776000060000000076e+02 4.831430339995999821e+06 4.635479799800000037e+05
2.777500000000000000e+02 4.831430359985000454e+06 4.635479899899999727e+05
2.776000060000000076e+02 4.831430339995999821e+06 4.635479199830000289e+05
2.776499939999999924e+02 4.831430359985000454e+06 4.635479199830000289e+05
2.776099849999999947e+02 4.831430329986999743e+06 4.635480700070000021e+05
2.776099849999999947e+02 4.831430350006000139e+06 4.635480300290000159e+05
2.775700069999999755e+02 4.831430320007000118e+06 4.635479299929999979e+05
2.775899959999999851e+02 4.831430350006000139e+06 4.635479299929999979e+05
2.777699890000000096e+02 4.831430350006000139e+06 4.635479099730000016e+05
2.776499939999999924e+02 4.831430339995999821e+06 4.635479299929999979e+05
2.775000000000000000e+02 4.831430329986999743e+06 4.635479199830000289e+05
2.775400089999999977e+02 4.831430350006000139e+06 4.635479099730000016e+05
2.775799870000000169e+02 4.831430369994999841e+06 4.635479000239999732e+05
2.775700069999999755e+02 4.831430399993999861e+06 4.635479000239999732e+05
2.775700069999999755e+02 4.831430420013000257e+06 4.635479000239999732e+05
2.774599910000000023e+02 4.831430390014999546e+06 4.635479000239999732e+05
2.774700010000000248e+02 4.831430420013000257e+06 4.635478900150000118e+05
2.777900089999999977e+02 4.831430230011000298e+06 4.635480800169999711e+05
2.777000120000000152e+02 4.831430369994999841e+06 4.635478800049999845e+05
2.777699890000000096e+02 4.831430339995999821e+06 4.635479299929999979e+05
2.774599910000000023e+02 4.831430359985000454e+06 4.635479500119999866e+05
2.775199890000000096e+02 4.831430359985000454e+06 4.635479400020000176e+05
2.775299989999999752e+02 4.831430339995999821e+06 4.635479199830000289e+05
2.777300109999999904e+02 4.831430369994999841e+06 4.635479199830000289e+05
2.777900089999999977e+02 4.831430369994999841e+06 4.635479199830000289e+05
2.776600040000000149e+02 4.831430440001999959e+06 4.635479699709999841e+05
2.777399899999999775e+02 4.831430459990999661e+06 4.635479699709999841e+05
2.777799989999999752e+02 4.831430450012000278e+06 4.635479799800000037e+05
2.776900019999999927e+02 4.831430380005000159e+06 4.635480999760000268e+05
2.776400150000000053e+02 4.831430339995999821e+06 4.635479099730000016e+05
2.777000120000000152e+02 4.831430350006000139e+06 4.635479199830000289e+05
2.777900089999999977e+02 4.831430380005000159e+06 4.635479099730000016e+05
2.775000000000000000e+02 4.831430350006000139e+06 4.635479099730000016e+05
2.776799930000000245e+02 4.831430390014999546e+06 4.635479299929999979e+05
2.777600100000000225e+02 4.831430410004000179e+06 4.635479199830000289e+05
2.773699950000000172e+02 4.831430380005000159e+06 4.635479199830000289e+05
2.774299930000000245e+02 4.831430399993999861e+06 4.635479199830000289e+05
2.774800109999999904e+02 4.831430410004000179e+06 4.635479299929999979e+05
2.775299989999999752e+02 4.831430410004000179e+06 4.635479400020000176e+05
2.775799870000000169e+02 4.831430420013000257e+06 4.635479500119999866e+05
2.776400150000000053e+02 4.831430429992999882e+06 4.635479600220000139e+05
2.776900019999999927e+02 4.831430429992999882e+06 4.635479699709999841e+05
2.777099910000000023e+02 4.831430420013000257e+06 4.635480000000000000e+05
2.777500000000000000e+02 4.831430420013000257e+06 4.635480100100000273e+05
2.776499939999999924e+02 4.831430329986999743e+06 4.635480999760000268e+05
2.772699890000000096e+02 4.831430399993999861e+06 4.635479299929999979e+05
2.773200069999999755e+02 4.831430410004000179e+06 4.635479400020000176e+05
2.773699950000000172e+02 4.831430420013000257e+06 4.635479500119999866e+05
2.774299930000000245e+02 4.831430429992999882e+06 4.635479600220000139e+05
2.774700010000000248e+02 4.831430429992999882e+06 4.635479799800000037e+05
2.775100100000000225e+02 4.831430429992999882e+06 4.635479899899999727e+05
2.775400089999999977e+02 4.831430420013000257e+06 4.635480100100000273e+05
2.771900019999999927e+02 4.831430429992999882e+06 4.635479600220000139e+05
2.772500000000000000e+02 4.831430440001999959e+06 4.635479699709999841e+05
2.772799989999999752e+02 4.831430429992999882e+06 4.635479899899999727e+05
2.773200069999999755e+02 4.831430429992999882e+06 4.635480100100000273e+05
2.773500060000000076e+02 4.831430429992999882e+06 4.635480200199999963e+05
2.774200129999999831e+02 4.831430450012000278e+06 4.635480200199999963e+05
2.774500120000000152e+02 4.831430440001999959e+06 4.635480499880000134e+05
2.774800109999999904e+02 4.831430429992999882e+06 4.635480700070000021e+05
2.770100100000000225e+02 4.831430420013000257e+06 4.635479699709999841e+05
2.773500060000000076e+02 4.831430410004000179e+06 4.635479899899999727e+05
2.771300049999999828e+02 4.831430380005000159e+06 4.635479699709999841e+05
2.776300049999999828e+02 4.831430309998000041e+06 4.635480800169999711e+05
2.777399899999999775e+02 4.831430369994999841e+06 4.635480200199999963e+05
2.777999879999999848e+02 4.831430410004000179e+06 4.635479799800000037e+05
2.776900019999999927e+02 4.831430390014999546e+06 4.635479899899999727e+05
2.777000120000000152e+02 4.831430410004000179e+06 4.635479600220000139e+05
2.776099849999999947e+02 4.831430390014999546e+06 4.635479600220000139e+05
2.775700069999999755e+02 4.831430399993999861e+06 4.635479500119999866e+05
2.774299930000000245e+02 4.831430390014999546e+06 4.635479299929999979e+05
2.773900150000000053e+02 4.831430390014999546e+06 4.635479199830000289e+05
2.777999879999999848e+02 4.831430399993999861e+06 4.635479299929999979e+05
2.777200010000000248e+02 4.831430390014999546e+06 4.635479299929999979e+05
2.776300049999999828e+02 4.831430380005000159e+06 4.635479299929999979e+05
2.775700069999999755e+02 4.831430369994999841e+06 4.635479199830000289e+05
2.775000000000000000e+02 4.831430359985000454e+06 4.635479199830000289e+05
2.774800109999999904e+02 4.831430380005000159e+06 4.635479000239999732e+05
2.777699890000000096e+02 4.831430380005000159e+06 4.635479199830000289e+05
2.777000120000000152e+02 4.831430369994999841e+06 4.635479199830000289e+05
2.776099849999999947e+02 4.831430359985000454e+06 4.635479099730000016e+05
2.775199890000000096e+02 4.831430350006000139e+06 4.635479099730000016e+05
2.777999879999999848e+02 4.831430380005000159e+06 4.635479299929999979e+05
2.777500000000000000e+02 4.831430380005000159e+06 4.635479199830000289e+05
2.776700129999999831e+02 4.831430369994999841e+06 4.635479099730000016e+05
2.776000060000000076e+02 4.831430369994999841e+06 4.635479099730000016e+05
2.775000000000000000e+02 4.831430350006000139e+06 4.635479099730000016e+05
2.777600100000000225e+02 4.831430380005000159e+06 4.635479199830000289e+05
2.777000120000000152e+02 4.831430380005000159e+06 4.635479099730000016e+05
2.776300049999999828e+02 4.831430369994999841e+06 4.635479099730000016e+05
2.775400089999999977e+02 4.831430359985000454e+06 4.635479099730000016e+05
2.777799989999999752e+02 4.831430380005000159e+06 4.635479299929999979e+05
2.777200010000000248e+02 4.831430380005000159e+06 4.635479199830000289e+05
2.776400150000000053e+02 4.831430369994999841e+06 4.635479099730000016e+05
2.775499879999999848e+02 4.831430359985000454e+06 4.635479099730000016e+05
2.774899899999999775e+02 4.831430350006000139e+06 4.635479099730000016e+05
2.777399899999999775e+02 4.831430380005000159e+06 4.635479099730000016e+05
2.776799930000000245e+02 4.831430369994999841e+06 4.635479099730000016e+05
2.776000060000000076e+02 4.831430359985000454e+06 4.635479099730000016e+05
2.775100100000000225e+02 4.831430350006000139e+06 4.635479099730000016e+05
2.777500000000000000e+02 4.831430359985000454e+06 4.635479099730000016e+05
2.776499939999999924e+02 4.831430339995999821e+06 4.635479099730000016e+05
2.775599980000000073e+02 4.831430329986999743e+06 4.635479099730000016e+05
2.777900089999999977e+02 4.831430350006000139e+06 4.635479400020000176e+05
2.776900019999999927e+02 4.831430350006000139e+06 4.635479500119999866e+05
2.775899959999999851e+02 4.831430350006000139e+06 4.635479600220000139e+05
2.772699890000000096e+02 4.831430359985000454e+06 4.635479799800000037e+05
2.777900089999999977e+02 4.831430260010000318e+06 4.635479500119999866e+05
2.776700129999999831e+02 4.831430260010000318e+06 4.635479699709999841e+05
2.776700129999999831e+02 4.831430269988999702e+06 4.635479500119999866e+05
2.777399899999999775e+02 4.831430359985000454e+06 4.635479899899999727e+05
2.772799989999999752e+02 4.831430369994999841e+06 4.635479400020000176e+05
2.773500060000000076e+02 4.831430359985000454e+06 4.635479500119999866e+05
2.774200129999999831e+02 4.831430339995999821e+06 4.635479600220000139e+05
2.773599849999999947e+02 4.831430420013000257e+06 4.635479299929999979e+05
2.775899959999999851e+02 4.831430399993999861e+06 4.635479299929999979e+05
2.777799989999999752e+02 4.831430369994999841e+06 4.635479400020000176e+05
2.776000060000000076e+02 4.831430350006000139e+06 4.635480300290000159e+05
2.776199950000000172e+02 4.831430329986999743e+06 4.635480499880000134e+05
2.776600040000000149e+02 4.831430369994999841e+06 4.635480800169999711e+05
2.774500120000000152e+02 4.831430410004000179e+06 4.635479299929999979e+05
2.771000060000000076e+02 4.831430440001999959e+06 4.635479500119999866e+05
2.772799989999999752e+02 4.831430450012000278e+06 4.635479600220000139e+05
2.775000000000000000e+02 4.831430309998000041e+06 4.635480000000000000e+05
2.775400089999999977e+02 4.831430320007000118e+06 4.635479799800000037e+05
2.776000060000000076e+02 4.831430329986999743e+06 4.635480100100000273e+05
2.774800109999999904e+02 4.831430290009000339e+06 4.635480399779999861e+05
2.773699950000000172e+02 4.831430299987999722e+06 4.635480399779999861e+05
2.773099980000000073e+02 4.831430309998000041e+06 4.635480499880000134e+05
2.772900089999999977e+02 4.831430359985000454e+06 4.635480700070000021e+05
2.769200129999999831e+02 4.831430399993999861e+06 4.635480700070000021e+05
2.768599849999999947e+02 4.831430399993999861e+06 4.635480800169999711e+05
2.775299989999999752e+02 4.831430420013000257e+06 4.635480700070000021e+05
2.775199890000000096e+02 4.831430410004000179e+06 4.635480999760000268e+05
2.775299989999999752e+02 4.831430420013000257e+06 4.635480900269999984e+05
2.777799989999999752e+02 4.831430339995999821e+06 4.635480200199999963e+05
2.777399899999999775e+02 4.831430329986999743e+06 4.635480300290000159e+05
2.774800109999999904e+02 4.831430299987999722e+06 4.635480399779999861e+05
2.776799930000000245e+02 4.831430359985000454e+06 4.635480599979999824e+05
2.777000120000000152e+02 4.831430420013000257e+06 4.635480599979999824e+05
2.768599849999999947e+02 4.831430329986999743e+06 4.635480800169999711e+05
2.774800109999999904e+02 4.831430429992999882e+06 4.635480700070000021e+05
2.774200129999999831e+02 4.831430410004000179e+06 4.635480999760000268e+05
2.773299870000000169e+02 4.831430410004000179e+06 4.635480900269999984e+05
2.776900019999999927e+02 4.831430440001999959e+06 4.635480300290000159e+05
2.776499939999999924e+02 4.831430420013000257e+06 4.635480399779999861e+05
2.776400150000000053e+02 4.831430410004000179e+06 4.635480599979999824e+05
2.774899899999999775e+02 4.831430420013000257e+06 4.635480399779999861e+05
2.770899959999999851e+02 4.831430540009000339e+06 4.635480800169999711e+05
2.770599980000000073e+02 4.831430519988999702e+06 4.635480800169999711e+05
2.770100100000000225e+02 4.831430470000999980e+06 4.635480999760000268e+05
2.770899959999999851e+02 4.831430570007000118e+06 4.635480900269999984e+05
2.770199890000000096e+02 4.831430519988999702e+06 4.635480900269999984e+05
2.770199890000000096e+02 4.831430470000999980e+06 4.635480999760000268e+05
2.772099910000000023e+02 4.831430489989999682e+06 4.635479500119999866e+05
2.771099849999999947e+02 4.831430510010000318e+06 4.635479699709999841e+05
2.771499939999999924e+02 4.831430500000000000e+06 4.635479600220000139e+05
2.773200069999999755e+02 4.831430470000999980e+06 4.635479500119999866e+05
2.770000000000000000e+02 4.831430549987999722e+06 4.635479699709999841e+05
2.769899899999999775e+02 4.831430500000000000e+06 4.635479799800000037e+05
2.769299930000000245e+02 4.831430480011000298e+06 4.635480000000000000e+05
2.769500120000000152e+02 4.831430519988999702e+06 4.635479799800000037e+05
2.769800109999999904e+02 4.831430510010000318e+06 4.635479699709999841e+05
2.777200010000000248e+02 4.831430470000999980e+06 4.635479500119999866e+05
2.769400019999999927e+02 4.831430500000000000e+06 4.635479799800000037e+05
2.777999879999999848e+02 4.831430459990999661e+06 4.635479899899999727e+05
2.774599910000000023e+02 4.831430470000999980e+06 4.635479899899999727e+05
2.773299870000000169e+02 4.831430470000999980e+06 4.635479799800000037e+05
2.769200129999999831e+02 4.831430500000000000e+06 4.635480000000000000e+05
2.776300049999999828e+02 4.831430459990999661e+06 4.635480100100000273e+05
2.777399899999999775e+02 4.831430470000999980e+06 4.635479400020000176e+05
2.771900019999999927e+02 4.831430470000999980e+06 4.635479699709999841e+05
2.771700129999999831e+02 4.831430459990999661e+06 4.635479600220000139e+05
2.769100040000000149e+02 4.831430470000999980e+06 4.635479799800000037e+05
2.769400019999999927e+02 4.831430500000000000e+06 4.635480000000000000e+05
2.777799989999999752e+02 4.831430480011000298e+06 4.635479699709999841e+05
2.777300109999999904e+02 4.831430470000999980e+06 4.635479799800000037e+05
2.768099980000000073e+02 4.831430480011000298e+06 4.635479600220000139e+05
2.774800109999999904e+02 4.831430880005000159e+06 4.635478800049999845e+05
2.770100100000000225e+02 4.831430510010000318e+06 4.635479799800000037e+05
