463547.919983 4831430.429993 277.019989
463547.960022 4831430.429993 276.730011
463547.969971 4831430.429993 276.470001
463547.950012 4831430.429993 276.470001
463547.979980 4831430.429993 276.399994
463547.979980 4831430.429993 276.470001
463547.960022 4831430.429993 276.579987
463547.969971 4831430.429993 276.450012
463547.909973 4831430.429993 277.100006
463547.929993 4831430.429993 276.880005
463547.950012 4831430.429993 276.910004
463547.919983 4831430.429993 276.859985
463547.969971 4831430.429993 276.700012
463547.929993 4831430.429993 276.559998
463547.940002 4831430.429993 276.500000
463547.929993 4831430.429993 276.470001
463547.950012 4831430.450012 276.399994
463547.969971 4831430.429993 276.500000
463548.000000 4831430.429993 276.329987
463548.080017 4831430.429993 276.950012
463548.090027 4831430.450012 277.089996
463548.090027 4831430.450012 276.989990
463547.979980 4831430.440002 277.109985
463547.929993 4831430.440002 277.279999
463547.950012 4831430.450012 277.230011
463547.950012 4831430.440002 276.980011
463547.989990 4831430.429993 276.450012
463548.020020 4831430.440002 277.140015
463548.039978 4831430.429993 277.179993
463548.039978 4831430.429993 277.070007
463548.030029 4831430.429993 276.829987
463548.030029 4831430.429993 276.779999
463547.969971 4831430.450012 277.250000
463547.960022 4831430.440002 277.170013
463547.960022 4831430.450012 277.109985
463548.039978 4831430.429993 277.260010
463547.989990 4831430.440002 277.269989
463547.989990 4831430.440002 277.209991
463548.000000 4831430.440002 277.160004
463548.010010 4831430.440002 277.109985
463547.969971 4831430.450012 277.269989
463547.979980 4831430.450012 277.220001
463547.979980 4831430.450012 277.179993
463547.989990 4831430.440002 277.109985
463548.000000 4831430.459991 277.089996
463547.950012 4831430.429993 277.179993
463547.940002 4831430.440002 277.190002
463547.969971 4831430.459991 276.989990
463547.950012 4831430.450012 277.269989
463547.960022 4831430.440002 277.209991
463547.960022 4831430.450012 277.160004
463547.950012 4831430.440002 277.070007
463547.960022 4831430.429993 276.950012
463548.010010 4831430.429993 276.489990
463547.919983 4831430.450012 277.070007
463547.979980 4831430.440002 276.570007
463548.000000 4831430.450012 276.459991
463548.000000 4831430.450012 277.260010
463548.030029 4831430.429993 277.119995
463547.900024 4831430.429993 277.279999
463547.919983 4831430.440002 277.239990
463547.950012 4831430.459991 277.170013
463547.960022 4831430.459991 277.130005
463547.969971 4831430.459991 277.070007
463547.989990 4831430.450012 277.010010
463548.000000 4831430.440002 276.950012
463547.989990 4831430.440002 276.769989
463547.929993 4831430.440002 277.179993
463547.929993 4831430.440002 277.230011
463547.919983 4831430.429993 277.279999
463547.979980 4831430.429993 276.739990
463547.989990 4831430.429993 277.190002
463547.989990 4831430.429993 277.260010
463548.010010 4831430.440002 277.299988
463547.989990 4831430.450012 276.820007
463548.010010 4831430.429993 276.980011
463547.989990 4831430.440002 276.480011
463548.049988 4831430.459991 276.380005
463547.960022 4831430.429993 277.190002
463547.969971 4831430.440002 277.250000
463547.989990 4831430.429993 277.279999
463547.950012 4831430.440002 277.100006
463547.960022 4831430.450012 277.279999
463548.080017 4831430.540009 277.089996
463548.080017 4831430.519989 277.059998
463548.099976 4831430.470001 277.010010
463548.090027 4831430.570007 277.089996
463548.090027 4831430.519989 277.019989
463548.099976 4831430.470001 277.019989
463547.950012 4831430.489990 277.209991
463547.969971 4831430.510010 277.109985
463547.960022 4831430.500000 277.149994
463547.969971 4831430.549988 277.000000
463547.979980 4831430.500000 276.989990
463548.000000 4831430.480011 276.929993
463547.979980 4831430.519989 276.950012
463547.969971 4831430.510010 276.980011
463547.979980 4831430.500000 276.940002
463548.000000 4831430.500000 276.920013
463547.969971 4831430.470001 277.190002
463547.960022 4831430.459991 277.170013
463547.979980 4831430.470001 276.910004
463548.000000 4831430.500000 276.940002
463547.960022 4831430.480011 276.809998
463547.979980 4831430.510010 277.010010
463548.179993 4831430.529999 276.670013
463548.380005 4831430.459991 276.690002
463548.280029 4831430.440002 276.420013
463548.390015 4831430.450012 276.309998
463548.210022 4831430.450012 276.429993
463548.429993 4831430.619995 277.290009
463548.429993 4831430.600006 277.000000
463548.419983 4831430.640015 277.260010
463548.440002 4831430.679993 277.269989
463548.400024 4831430.579987 276.920013
463548.409973 4831430.619995 276.989990
463548.400024 4831430.679993 277.260010
463548.390015 4831430.589996 276.839996
463548.380005 4831430.579987 276.910004
463548.380005 4831430.600006 276.940002
463548.380005 4831430.619995 276.989990
463548.369995 4831430.549988 276.679993
463548.359985 4831430.559998 276.769989
463548.369995 4831430.579987 276.799988
463548.369995 4831430.609985 276.929993
463548.369995 4831430.619995 276.980011
463548.340027 4831430.510010 276.579987
463548.359985 4831430.549988 276.649994
463548.359985 4831430.570007 276.690002
463548.359985 4831430.579987 276.739990
463548.349976 4831430.579987 276.790009
463548.349976 4831430.609985 276.950012
463548.299988 4831430.480011 276.609985
463548.349976 4831430.549988 276.589996
463548.349976 4831430.570007 276.679993
463548.340027 4831430.570007 276.750000
463548.320007 4831430.570007 276.820007
463548.330017 4831430.529999 276.549988
463548.340027 4831430.549988 276.589996
463548.330017 4831430.559998 276.640015
463548.330017 4831430.570007 276.679993
463548.330017 4831430.570007 276.739990
463548.320007 4831430.579987 276.790009
463548.340027 4831430.500000 276.350006
463548.309998 4831430.519989 276.579987
463548.320007 4831430.549988 276.600006
463548.289978 4831430.519989 276.709991
463548.239990 4831430.470001 276.839996
463548.289978 4831430.549988 276.309998
463548.340027 4831430.510010 276.339996
463548.299988 4831430.519989 276.589996
463548.309998 4831430.540009 276.609985
463548.340027 4831430.529999 276.529999
463548.340027 4831430.549988 276.579987
463548.340027 4831430.549988 276.640015
463548.330017 4831430.559998 276.690002
463548.320007 4831430.559998 276.750000
463548.309998 4831430.559998 276.809998
463548.369995 4831430.540009 276.570007
463548.359985 4831430.549988 276.630005
463548.359985 4831430.559998 276.679993
463548.359985 4831430.570007 276.720001
463548.359985 4831430.579987 276.760010
463548.349976 4831430.589996 276.820007
463548.380005 4831430.559998 276.820007
463548.390015 4831430.600006 276.940002
463548.390015 4831430.609985 276.989990
463548.429993 4831430.660004 277.250000
463548.440002 4831430.679993 277.279999
463548.429993 4831430.579987 276.940002
463548.429993 4831430.589996 276.989990
463548.429993 4831430.660004 277.220001
463548.440002 4831430.679993 277.260010
463548.409973 4831430.589996 276.910004
463548.409973 4831430.619995 277.000000
463548.390015 4831430.630005 277.200012
463548.409973 4831430.679993 277.200012
463548.400024 4831430.679993 277.260010
463548.390015 4831430.549988 276.660004
463548.380005 4831430.549988 276.700012
463548.380005 4831430.559998 276.750000
463548.380005 4831430.570007 276.799988
463548.380005 4831430.589996 276.839996
463548.359985 4831430.589996 276.959991
463548.349976 4831430.540009 276.549988
463548.340027 4831430.549988 276.660004
463548.340027 4831430.570007 276.709991
463548.330017 4831430.570007 276.769989
463548.330017 4831430.579987 276.820007
463548.260010 4831430.470001 276.500000
463548.400024 4831430.470001 276.589996
463548.440002 4831430.500000 276.709991
463548.469971 4831430.600006 277.200012
463548.469971 4831430.570007 277.109985
463548.460022 4831430.559998 277.070007
463548.409973 4831430.510010 277.109985
463548.500000 4831430.600006 277.279999
463548.489990 4831430.589996 277.250000
463548.489990 4831430.579987 277.209991
463548.489990 4831430.559998 277.109985
463548.489990 4831430.549988 277.079987
463548.520020 4831430.579987 277.269989
463548.530029 4831430.570007 277.209991
463548.549988 4831430.559998 277.279999
463548.390015 4831430.600006 276.790009
463548.369995 4831430.570007 276.549988
463548.349976 4831430.559998 276.519989
463548.349976 4831430.549988 276.410004
463548.330017 4831430.529999 276.390015
463548.479980 4831430.630005 277.269989
463548.440002 4831430.579987 276.920013
463548.429993 4831430.570007 276.899994
463548.419983 4831430.570007 276.779999
463548.409973 4831430.549988 276.739990
463548.400024 4831430.540009 276.709991
463548.400024 4831430.529999 276.649994
463548.390015 4831430.529999 276.600006
463548.390015 4831430.519989 276.540009
463548.369995 4831430.500000 276.519989
463548.359985 4831430.489990 276.429993
463548.349976 4831430.480011 276.390015
463548.349976 4831430.489990 276.320007
463548.530029 4831430.609985 277.290009
463548.479980 4831430.559998 277.029999
463548.479980 4831430.559998 276.980011
463548.489990 4831430.570007 276.890015
463548.469971 4831430.549988 276.739990
463548.450012 4831430.529999 276.660004
463548.440002 4831430.519989 276.630005
463548.429993 4831430.510010 276.589996
463548.440002 4831430.519989 276.519989
463548.419983 4831430.500000 276.489990
463548.419983 4831430.500000 276.420013
463548.409973 4831430.489990 276.380005
463548.409973 4831430.480011 276.329987
463548.520020 4831430.609985 277.290009
463548.510010 4831430.619995 277.220001
463548.460022 4831430.600006 277.040009
463548.400024 4831430.589996 276.750000
463548.390015 4831430.579987 276.690002
463548.380005 4831430.579987 276.640015
463548.570007 4831430.600006 277.269989
463548.570007 4831430.630005 277.190002
463548.520020 4831430.589996 277.029999
463548.510010 4831430.589996 276.980011
463548.500000 4831430.579987 276.920013
463548.479980 4831430.570007 276.890015
463548.460022 4831430.559998 276.799988
463548.450012 4831430.549988 276.769989
463548.440002 4831430.549988 276.720001
463548.429993 4831430.540009 276.679993
463548.419983 4831430.529999 276.630005
463548.409973 4831430.519989 276.600006
463548.400024 4831430.529999 276.529999
463548.380005 4831430.519989 276.489990
463548.369995 4831430.510010 276.440002
463548.359985 4831430.519989 276.369995
463548.349976 4831430.500000 276.359985
463548.479980 4831430.540009 276.609985
463548.469971 4831430.540009 276.549988
463548.460022 4831430.519989 276.519989
463548.440002 4831430.519989 276.480011
463548.429993 4831430.519989 276.420013
463548.419983 4831430.510010 276.369995
463548.400024 4831430.489990 276.339996
463548.280029 4831430.549988 276.359985
463548.289978 4831430.559998 276.420013
463548.299988 4831430.579987 276.519989
463548.320007 4831430.609985 276.679993
463548.320007 4831430.609985 276.760010
463548.330017 4831430.619995 276.799988
463548.369995 4831430.679993 277.089996
463548.380005 4831430.690002 277.130005
463548.390015 4831430.700012 277.170013
463548.400024 4831430.720001 277.279999
463548.239990 4831430.630005 276.470001
463548.510010 4831430.649994 277.170013
463548.440002 4831430.640015 277.290009
463548.429993 4831430.640015 277.190002
463548.419983 4831430.649994 277.269989
463548.409973 4831430.640015 277.170013
463548.400024 4831430.649994 277.250000
463548.400024 4831430.619995 276.989990
463548.390015 4831430.670013 277.250000
463548.400024 4831430.690002 277.290009
463548.380005 4831430.619995 276.980011
463548.380005 4831430.630005 277.019989
463548.380005 4831430.640015 277.079987
463548.380005 4831430.670013 277.190002
463548.380005 4831430.700012 277.290009
463548.369995 4831430.619995 276.959991
463548.359985 4831430.630005 277.029999
463548.369995 4831430.649994 277.059998
463548.359985 4831430.670013 277.170013
463548.369995 4831430.690002 277.190002
463548.419983 4831430.640015 277.269989
463548.390015 4831430.619995 277.149994
463548.380005 4831430.640015 277.209991
463548.390015 4831430.660004 277.230011
463548.390015 4831430.679993 277.269989
463548.400024 4831430.709991 277.279999
463548.359985 4831430.579987 276.970001
463548.359985 4831430.619995 277.049988
463548.359985 4831430.640015 277.079987
463548.359985 4831430.670013 277.130005
463548.369995 4831430.690002 277.149994
463548.390015 4831430.720001 277.149994
463548.349976 4831430.589996 276.890015
463548.349976 4831430.609985 276.940002
463548.330017 4831430.630005 277.000000
463548.340027 4831430.640015 277.029999
463548.340027 4831430.670013 277.059998
463548.349976 4831430.690002 277.079987
463548.340027 4831430.709991 277.140015
463548.330017 4831430.589996 276.869995
463548.330017 4831430.609985 276.910004
463548.330017 4831430.630005 276.950012
463548.330017 4831430.660004 276.980011
463548.340027 4831430.679993 277.010010
463548.320007 4831430.600006 276.859985
463548.320007 4831430.619995 276.890015
463548.320007 4831430.640015 276.940002
463548.320007 4831430.660004 276.970001
463548.330017 4831430.690002 276.980011
463548.309998 4831430.619995 276.869995
463548.309998 4831430.640015 276.899994
463548.309998 4831430.649994 276.940002
463548.320007 4831430.679993 276.950012
463548.330017 4831430.700012 276.970001
463548.309998 4831430.640015 276.880005
463548.309998 4831430.660004 276.929993
463548.320007 4831430.679993 276.950012
463548.299988 4831430.589996 276.769989
463548.299988 4831430.609985 276.820007
463548.309998 4831430.649994 276.859985
463548.289978 4831430.660004 276.950012
463548.309998 4831430.690002 276.950012
463548.289978 4831430.600006 276.750000
463548.289978 4831430.630005 276.790009
463548.309998 4831430.679993 276.829987
463548.280029 4831430.619995 276.649994
463548.219971 4831430.510010 276.450012
463548.239990 4831430.540009 276.450012
463548.250000 4831430.559998 276.470001
463548.250000 4831430.589996 276.489990
463548.250000 4831430.609985 276.540009
463548.260010 4831430.630005 276.559998
463548.260010 4831430.649994 276.609985
463548.210022 4831430.559998 276.329987
463548.219971 4831430.579987 276.359985
463548.260010 4831430.549988 276.450012
463548.250000 4831430.529999 276.399994
463548.250000 4831430.510010 276.320007
463548.299988 4831430.489990 276.350006
463548.359985 4831430.670013 277.140015
463548.340027 4831430.579987 276.890015
463548.340027 4831430.529999 276.619995
463548.409973 4831430.690002 277.290009
463548.400024 4831430.640015 277.209991
463548.400024 4831430.579987 276.929993
463548.349976 4831430.679993 277.049988
463548.340027 4831430.660004 276.950012
463548.330017 4831430.640015 276.929993
463548.299988 4831430.619995 276.760010
463548.419983 4831430.679993 277.299988
463548.409973 4831430.660004 277.250000
463548.400024 4831430.649994 277.190002
463548.390015 4831430.630005 277.119995
463548.369995 4831430.619995 277.049988
463548.359985 4831430.609985 276.959991
463548.450012 4831430.619995 277.260010
463548.419983 4831430.600006 277.029999
463548.409973 4831430.589996 276.929993
463548.469971 4831430.630005 277.239990
463548.340027 4831430.679993 277.140015
463548.349976 4831430.709991 277.170013
463548.359985 4831430.750000 277.190002
463548.369995 4831430.769989 277.190002
463548.309998 4831430.679993 277.010010
463548.320007 4831430.720001 277.049988
463548.340027 4831430.739990 277.019989
463548.349976 4831430.760010 277.010010
463548.289978 4831430.690002 276.910004
463548.299988 4831430.720001 276.920013
463548.320007 4831430.739990 276.890015
463548.239990 4831430.670013 276.750000
463548.260010 4831430.690002 276.720001
463548.219971 4831430.579987 276.399994
463548.219971 4831430.640015 276.510010
463548.250000 4831430.660004 276.440002
463548.219971 4831430.660004 276.350006
463548.190002 4831430.640015 276.309998
463548.409973 4831430.709991 277.209991
463548.400024 4831430.720001 277.299988
463548.440002 4831430.709991 277.239990
463548.309998 4831430.679993 276.820007
463548.349976 4831430.679993 276.739990
463548.359985 4831430.690002 276.859985
463548.400024 4831430.730011 277.239990
463548.369995 4831430.609985 276.670013
463548.349976 4831430.709991 276.899994
463548.239990 4831430.640015 276.329987
463548.349976 4831430.679993 276.709991
463548.309998 4831430.630005 276.420013
463548.330017 4831430.619995 276.510010
463548.369995 4831430.619995 276.709991
463548.400024 4831430.619995 276.829987
463548.450012 4831430.730011 277.179993
463548.419983 4831430.690002 276.970001
463548.409973 4831430.679993 276.899994
463548.349976 4831430.739990 276.989990
463548.340027 4831430.730011 276.910004
463548.289978 4831430.660004 276.440002
463548.280029 4831430.660004 276.380005
463548.450012 4831430.760010 277.290009
463548.359985 4831430.720001 277.179993
463548.369995 4831430.750000 277.160004
463548.380005 4831430.739990 277.100006
463548.390015 4831430.739990 277.029999
463548.390015 4831430.730011 276.959991
463548.380005 4831430.750000 277.260010
463548.400024 4831430.760010 277.220001
463548.419983 4831430.779999 277.190002
463548.429993 4831430.760010 277.119995
463548.330017 4831430.730011 277.140015
463548.349976 4831430.760010 277.119995
463548.359985 4831430.779999 277.089996
463548.299988 4831430.720001 277.000000
463548.320007 4831430.750000 276.989990
463548.260010 4831430.679993 276.720001
463548.280029 4831430.700012 276.700012
463548.260010 4831430.690002 276.470001
463548.270020 4831430.709991 276.440002
463548.229980 4831430.700012 276.350006
463548.289978 4831430.630005 276.380005
463548.289978 4831430.670013 276.600006
463548.400024 4831430.750000 277.079987
463548.390015 4831430.739990 277.119995
463548.229980 4831430.630005 276.339996
463548.239990 4831430.640015 276.399994
463548.270020 4831430.690002 276.519989
463548.280029 4831430.619995 276.350006
463548.299988 4831430.640015 276.429993
463548.309998 4831430.649994 276.510010
463548.330017 4831430.670013 276.660004
463548.330017 4831430.670013 276.709991
463548.340027 4831430.679993 276.769989
463548.359985 4831430.709991 276.859985
463548.359985 4831430.709991 276.920013
463548.380005 4831430.720001 277.000000
463548.380005 4831430.730011 277.059998
463548.380005 4831430.730011 277.119995
463548.400024 4831430.739990 277.200012
463548.400024 4831430.750000 277.269989
463548.400024 4831430.670013 276.920013
463548.400024 4831430.670013 276.970001
463548.419983 4831430.679993 277.040009
463548.440002 4831430.709991 277.190002
463548.419983 4831430.760010 277.299988
463548.340027 4831430.700012 276.820007
463548.409973 4831430.739990 277.010010
463548.409973 4831430.730011 277.059998
463548.429993 4831430.739990 277.119995
463548.460022 4831430.750000 277.209991
463548.380005 4831430.679993 276.709991
463548.369995 4831430.660004 276.739990
463548.400024 4831430.660004 276.880005
463548.349976 4831430.679993 277.149994
463548.250000 4831430.549988 276.380005
463548.250000 4831430.570007 276.450012
463548.229980 4831430.589996 276.549988
463548.200012 4831430.579987 276.399994
463548.390015 4831430.730011 277.299988
463548.340027 4831430.670013 277.170013
463548.340027 4831430.700012 277.179993
463548.340027 4831430.720001 277.160004
463548.299988 4831430.660004 277.010010
463548.299988 4831430.690002 277.019989
463548.289978 4831430.630005 276.890015
463548.239990 4831430.640015 276.600006
463548.239990 4831430.670013 276.589996
463548.229980 4831430.549988 276.450012
463548.219971 4831430.529999 276.769989
463548.210022 4831430.540009 276.670013
463548.219971 4831430.540009 276.540009
463548.309998 4831430.549988 277.010010
463548.369995 4831430.690002 277.109985
463548.210022 4831430.549988 276.369995
463548.219971 4831430.570007 276.440002
463548.239990 4831430.559998 276.470001
463548.239990 4831430.579987 276.549988
463548.369995 4831430.670013 277.190002
463548.380005 4831430.679993 277.250000
463548.390015 4831430.670013 277.269989
463548.229980 4831430.630005 276.350006
463548.239990 4831430.640015 276.399994
463548.250000 4831430.649994 276.459991
463548.270020 4831430.649994 276.519989
463548.270020 4831430.660004 276.570007
463548.280029 4831430.679993 276.630005
463548.330017 4831430.690002 276.799988
463548.349976 4831430.720001 276.929993
463548.359985 4831430.720001 276.980011
463548.369995 4831430.730011 277.049988
463548.380005 4831430.730011 277.089996
463548.400024 4831430.730011 277.130005
463548.409973 4831430.739990 277.179993
463548.419983 4831430.739990 277.220001
463548.429993 4831430.750000 277.279999
463548.450012 4831430.750000 277.299988
463548.270020 4831430.660004 276.320007
463548.320007 4831430.690002 276.589996
463548.390015 4831430.700012 277.269989
463548.390015 4831430.700012 277.209991
463548.380005 4831430.700012 277.149994
463548.369995 4831430.690002 277.079987
463548.359985 4831430.690002 277.040009
463548.349976 4831430.690002 276.970001
463548.320007 4831430.700012 276.950012
463548.369995 4831430.660004 277.260010
463548.349976 4831430.670013 277.220001
463548.340027 4831430.660004 277.149994
463548.330017 4831430.660004 277.079987
463548.320007 4831430.660004 277.029999
463548.320007 4831430.660004 276.980011
463548.309998 4831430.660004 276.920013
463548.299988 4831430.649994 276.859985
463548.289978 4831430.640015 276.779999
463548.289978 4831430.630005 276.700012
463548.270020 4831430.630005 276.579987
463548.270020 4831430.619995 276.489990
463548.299988 4831430.579987 276.929993
463548.289978 4831430.579987 276.859985
463548.280029 4831430.579987 276.799988
463548.270020 4831430.579987 276.739990
463548.260010 4831430.579987 276.690002
463548.250000 4831430.579987 276.649994
463548.239990 4831430.579987 276.589996
463548.229980 4831430.579987 276.540009
463548.200012 4831430.600006 276.549988
463548.200012 4831430.589996 276.459991
463548.200012 4831430.570007 276.359985
463548.299988 4831430.589996 276.720001
463548.280029 4831430.559998 276.700012
463548.219971 4831430.549988 276.489990
463548.229980 4831430.559998 276.339996
463548.219971 4831430.489990 276.380005
463548.409973 4831430.640015 277.269989
463548.400024 4831430.649994 277.220001
463548.429993 4831430.570007 277.279999
463548.400024 4831430.600006 277.209991
463548.369995 4831430.609985 277.100006
463548.359985 4831430.630005 277.040009
463548.359985 4831430.640015 276.989990
463548.390015 4831430.570007 277.079987
463548.359985 4831430.589996 277.070007
463548.349976 4831430.600006 277.029999
463548.340027 4831430.619995 276.980011
463548.330017 4831430.630005 276.929993
463548.359985 4831430.559998 277.040009
463548.349976 4831430.579987 277.000000
463548.330017 4831430.589996 276.970001
463548.309998 4831430.609985 276.950012
463548.349976 4831430.540009 276.970001
463548.320007 4831430.570007 276.920013
463548.309998 4831430.589996 276.880005
463548.309998 4831430.600006 276.820007
463548.320007 4831430.619995 276.739990
463548.340027 4831430.529999 276.859985
463548.330017 4831430.540009 276.850006
463548.309998 4831430.559998 276.829987
463548.299988 4831430.570007 276.790009
463548.299988 4831430.589996 276.730011
463548.309998 4831430.519989 276.709991
463548.289978 4831430.540009 276.679993
463548.250000 4831430.570007 276.660004
463548.289978 4831430.489990 276.570007
463548.239990 4831430.510010 276.600006
463548.250000 4831430.540009 276.459991
463548.229980 4831430.559998 276.440002
463548.239990 4831430.489990 276.420013
463548.219971 4831430.519989 276.329987
463548.260010 4831430.559998 276.339996
463548.229980 4831430.630005 276.350006
463548.299988 4831430.619995 276.690002
463548.239990 4831430.660004 276.410004
463548.349976 4831430.679993 277.059998
463548.369995 4831430.679993 277.130005
463548.400024 4831430.700012 277.230011
463548.299988 4831430.640015 276.730011
463548.320007 4831430.690002 276.959991
463548.349976 4831430.709991 277.059998
463548.380005 4831430.720001 277.160004
463548.409973 4831430.739990 277.279999
463548.280029 4831430.649994 276.670013
463548.330017 4831430.709991 276.959991
463548.349976 4831430.720001 277.049988
463548.380005 4831430.739990 277.149994
463548.400024 4831430.750000 277.239990
463548.270020 4831430.670013 276.600006
463548.289978 4831430.690002 276.720001
463548.320007 4831430.700012 276.799988
463548.340027 4831430.730011 276.920013
463548.359985 4831430.739990 277.019989
463548.390015 4831430.750000 277.109985
463548.409973 4831430.760010 277.160004
463548.440002 4831430.760010 277.220001
463548.289978 4831430.679993 276.519989
463548.309998 4831430.709991 276.690002
463548.340027 4831430.720001 276.769989
463548.359985 4831430.730011 276.839996
463548.390015 4831430.739990 276.950012
463548.419983 4831430.760010 277.059998
463548.330017 4831430.600006 276.829987
463548.309998 4831430.609985 276.920013
463548.299988 4831430.630005 276.989990
463548.289978 4831430.549988 276.559998
463548.270020 4831430.559998 276.570007
463548.400024 4831430.609985 277.019989
463548.330017 4831430.660004 276.970001
463548.330017 4831430.589996 276.950012
463548.340027 4831430.559998 276.859985
463548.289978 4831430.609985 276.769989
463548.309998 4831430.529999 276.559998
463548.270020 4831430.540009 276.320007
463548.299988 4831430.559998 276.470001
463548.320007 4831430.559998 276.350006
463548.320007 4831430.579987 276.640015
463548.349976 4831430.600006 276.660004
463548.359985 4831430.619995 276.920013
463548.380005 4831430.609985 276.880005
463548.369995 4831430.630005 276.910004
463548.469971 4831430.660004 277.250000
463548.479980 4831430.730011 277.119995
463548.479980 4831430.649994 277.230011
463548.450012 4831430.739990 277.100006
463548.419983 4831430.700012 276.920013
463548.409973 4831430.679993 276.809998
463548.400024 4831430.660004 276.720001
463548.390015 4831430.640015 276.660004
463548.390015 4831430.619995 276.589996
463548.349976 4831430.600006 276.459991
463548.330017 4831430.579987 276.350006
