2.752399899999999775e+02 4.831429989989999682e+06 4.635470499880000134e+05
2.752999879999999848e+02 4.831430079986999743e+06 4.635470599979999824e+05
2.743500060000000076e+02 4.831430140014999546e+06 4.635471099849999882e+05
2.745499879999999848e+02 4.831430089995999821e+06 4.635470900269999984e+05
2.751099849999999947e+02 4.831430089995999821e+06 4.635471099849999882e+05
2.751799930000000245e+02 4.831430049987999722e+06 4.635470300290000159e+05
2.752000120000000152e+02 4.831430070007000118e+06 4.635470399779999861e+05
2.752900089999999977e+02 4.831430070007000118e+06 4.635470399779999861e+05
2.752200010000000248e+02 4.831430070007000118e+06 4.635470100100000273e+05
2.751900019999999927e+02 4.831430040009000339e+06 4.635470200199999963e+05
2.752799989999999752e+02 4.831430059998000041e+06 4.635470399779999861e+05
2.751400150000000053e+02 4.831430070007000118e+06 4.635470599979999824e+05
2.752300109999999904e+02 4.831430070007000118e+06 4.635470599979999824e+05
2.752900089999999977e+02 4.831430070007000118e+06 4.635470599979999824e+05
2.751700129999999831e+02 4.831430079986999743e+06 4.635470900269999984e+05
2.748599849999999947e+02 4.831430070007000118e+06 4.635470800169999711e+05
2.750899959999999851e+02 4.831430070007000118e+06 4.635470900269999984e+05
2.751499939999999924e+02 4.831430079986999743e+06 4.635470999760000268e+05
2.752300109999999904e+02 4.831430079986999743e+06 4.635470999760000268e+05
2.750100100000000225e+02 4.831430100006000139e+06 4.635471199950000155e+05
2.748399959999999851e+02 4.831430079986999743e+06 4.635471099849999882e+05
2.749899899999999775e+02 4.831430079986999743e+06 4.635471099849999882e+05
2.751099849999999947e+02 4.831430070007000118e+06 4.635470900269999984e+05
2.751799930000000245e+02 4.831430070007000118e+06 4.635470900269999984e+05
2.752600100000000225e+02 4.831430070007000118e+06 4.635470900269999984e+05
2.752399899999999775e+02 4.831430070007000118e+06 4.635470499880000134e+05
2.752900089999999977e+02 4.831430079986999743e+06 4.635470499880000134e+05
2.752000120000000152e+02 4.831430059998000041e+06 4.635470200199999963e+05
2.752799989999999752e+02 4.831430070007000118e+06 4.635470200199999963e+05
2.751300049999999828e+02 4.831430130005000159e+06 4.635470000000000000e+05
2.749899899999999775e+02 4.831430160004000179e+06 4.635470900269999984e+05
2.747999879999999848e+02 4.831430190001999959e+06 4.635471599730000016e+05
2.751400150000000053e+02 4.831430130005000159e+06 4.635471300049999845e+05
2.750100100000000225e+02 4.831430049987999722e+06 4.635471500239999732e+05
2.748699950000000172e+02 4.831430049987999722e+06 4.635471400150000118e+05
2.747900089999999977e+02 4.831430029999000020e+06 4.635471199950000155e+05
2.745799870000000169e+02 4.831430029999000020e+06 4.635471099849999882e+05
2.752300109999999904e+02 4.831430160004000179e+06 4.635471099849999882e+05
2.749500120000000152e+02 4.831430070007000118e+06 4.635471300049999845e+05
2.747600100000000225e+02 4.831430079986999743e+06 4.635470900269999984e+05
2.749299930000000245e+02 4.831430010010000318e+06 4.635470599979999824e+05
2.752799989999999752e+02 4.831430119994999841e+06 4.635470999760000268e+05
2.749599910000000023e+02 4.831430130005000159e+06 4.635471599730000016e+05
2.752500000000000000e+02 4.831430170013000257e+06 4.635470599979999824e+05
2.751300049999999828e+02 4.831430179992999882e+06 4.635470800169999711e+05
2.750400089999999977e+02 4.831430179992999882e+06 4.635470999760000268e+05
2.749500120000000152e+02 4.831430190001999959e+06 4.635471199950000155e+05
2.748299870000000169e+02 4.831430190001999959e+06 4.635471400150000118e+05
2.752000120000000152e+02 4.831430190001999959e+06 4.635469600220000139e+05
2.750499879999999848e+02 4.831430179992999882e+06 4.635469799800000037e+05
2.750100100000000225e+02 4.831430200012000278e+06 4.635470000000000000e+05
2.749700010000000248e+02 4.831430209990999661e+06 4.635470200199999963e+05
2.747900089999999977e+02 4.831430200012000278e+06 4.635470399779999861e+05
2.746900019999999927e+02 4.831430200012000278e+06 4.635470599979999824e+05
2.745499879999999848e+02 4.831430200012000278e+06 4.635470800169999711e+05
2.743900150000000053e+02 4.831430190001999959e+06 4.635470999760000268e+05
2.750199890000000096e+02 4.831430140014999546e+06 4.635471400150000118e+05
2.743500060000000076e+02 4.831430160004000179e+06 4.635471500239999732e+05
2.744400019999999927e+02 4.831430170013000257e+06 4.635471400150000118e+05
2.745100100000000225e+02 4.831430170013000257e+06 4.635471300049999845e+05
2.745899959999999851e+02 4.831430170013000257e+06 4.635471300049999845e+05
2.746700129999999831e+02 4.831430179992999882e+06 4.635471199950000155e+05
2.747799989999999752e+02 4.831430200012000278e+06 4.635471099849999882e+05
2.748299870000000169e+02 4.831430179992999882e+06 4.635470999760000268e+05
2.748900150000000053e+02 4.831430179992999882e+06 4.635470800169999711e+05
2.749700010000000248e+02 4.831430179992999882e+06 4.635470700070000021e+05
2.750199890000000096e+02 4.831430170013000257e+06 4.635470599979999824e+05
2.750700069999999755e+02 4.831430170013000257e+06 4.635470499880000134e+05
2.751300049999999828e+02 4.831430170013000257e+06 4.635470399779999861e+05
2.751799930000000245e+02 4.831430160004000179e+06 4.635470300290000159e+05
2.752399899999999775e+02 4.831430160004000179e+06 4.635470200199999963e+05
2.752999879999999848e+02 4.831430160004000179e+06 4.635470100100000273e+05
2.749299930000000245e+02 4.831430130005000159e+06 4.635471500239999732e+05
2.750100100000000225e+02 4.831430130005000159e+06 4.635471400150000118e+05
2.751199950000000172e+02 4.831430109985000454e+06 4.635471099849999882e+05
2.751900019999999927e+02 4.831430109985000454e+06 4.635470999760000268e+05
2.752500000000000000e+02 4.831430109985000454e+06 4.635470900269999984e+05
2.752999879999999848e+02 4.831430109985000454e+06 4.635470800169999711e+05
2.752600100000000225e+02 4.831430109985000454e+06 4.635469400020000176e+05
2.752999879999999848e+02 4.831430089995999821e+06 4.635469299929999979e+05
2.749800109999999904e+02 4.831430200012000278e+06 4.635470200199999963e+05
2.750599980000000073e+02 4.831430190001999959e+06 4.635470200199999963e+05
2.751300049999999828e+02 4.831430179992999882e+06 4.635470200199999963e+05
2.751700129999999831e+02 4.831430170013000257e+06 4.635470100100000273e+05
2.749500120000000152e+02 4.831430200012000278e+06 4.635470599979999824e+05
2.749800109999999904e+02 4.831430190001999959e+06 4.635470499880000134e+05
2.750199890000000096e+02 4.831430170013000257e+06 4.635470399779999861e+05
2.751199950000000172e+02 4.831430179992999882e+06 4.635470499880000134e+05
2.751900019999999927e+02 4.831430170013000257e+06 4.635470499880000134e+05
2.752500000000000000e+02 4.831430170013000257e+06 4.635470499880000134e+05
2.747699890000000096e+02 4.831430209990999661e+06 4.635470900269999984e+05
2.748099980000000073e+02 4.831430200012000278e+06 4.635470900269999984e+05
2.748800049999999828e+02 4.831430190001999959e+06 4.635470900269999984e+05
2.749599910000000023e+02 4.831430190001999959e+06 4.635470900269999984e+05
2.750299989999999752e+02 4.831430190001999959e+06 4.635470900269999984e+05
2.751099849999999947e+02 4.831430179992999882e+06 4.635470900269999984e+05
2.751700129999999831e+02 4.831430170013000257e+06 4.635470800169999711e+05
2.752300109999999904e+02 4.831430160004000179e+06 4.635470800169999711e+05
2.752799989999999752e+02 4.831430149993999861e+06 4.635470700070000021e+05
2.746300049999999828e+02 4.831430200012000278e+06 4.635471199950000155e+05
2.747399899999999775e+02 4.831430209990999661e+06 4.635471300049999845e+05
2.748200069999999755e+02 4.831430200012000278e+06 4.635471300049999845e+05
2.748800049999999828e+02 4.831430190001999959e+06 4.635471199950000155e+05
2.749400019999999927e+02 4.831430170013000257e+06 4.635471199950000155e+05
2.750599980000000073e+02 4.831430160004000179e+06 4.635471099849999882e+05
2.751099849999999947e+02 4.831430160004000179e+06 4.635471099849999882e+05
2.751700129999999831e+02 4.831430149993999861e+06 4.635471099849999882e+05
2.752099910000000023e+02 4.831430130005000159e+06 4.635470999760000268e+05
2.752500000000000000e+02 4.831430119994999841e+06 4.635470900269999984e+05
2.752600100000000225e+02 4.831430089995999821e+06 4.635470800169999711e+05
2.743800049999999828e+02 4.831430160004000179e+06 4.635471099849999882e+05
2.745100100000000225e+02 4.831430179992999882e+06 4.635471300049999845e+05
2.746499939999999924e+02 4.831430200012000278e+06 4.635471400150000118e+05
2.748099980000000073e+02 4.831430190001999959e+06 4.635471500239999732e+05
2.748599849999999947e+02 4.831430179992999882e+06 4.635471400150000118e+05
2.749299930000000245e+02 4.831430170013000257e+06 4.635471400150000118e+05
2.750499879999999848e+02 4.831430149993999861e+06 4.635471300049999845e+05
2.751499939999999924e+02 4.831430130005000159e+06 4.635471199950000155e+05
2.751799930000000245e+02 4.831430109985000454e+06 4.635471099849999882e+05
2.752099910000000023e+02 4.831430100006000139e+06 4.635471099849999882e+05
2.752600100000000225e+02 4.831430089995999821e+06 4.635470999760000268e+05
2.743599849999999947e+02 4.831430170013000257e+06 4.635471500239999732e+05
2.744800109999999904e+02 4.831430179992999882e+06 4.635471599730000016e+05
2.749700010000000248e+02 4.831430140014999546e+06 4.635471599730000016e+05
2.750100100000000225e+02 4.831430130005000159e+06 4.635471500239999732e+05
2.749299930000000245e+02 4.831430040009000339e+06 4.635470900269999984e+05
2.750100100000000225e+02 4.831430040009000339e+06 4.635470900269999984e+05
2.747900089999999977e+02 4.831430250000000000e+06 4.635471300049999845e+05
2.748099980000000073e+02 4.831430220000999980e+06 4.635471099849999882e+05
2.748599849999999947e+02 4.831430209990999661e+06 4.635471199950000155e+05
2.748900150000000053e+02 4.831430190001999959e+06 4.635471099849999882e+05
2.745700069999999755e+02 4.831430220000999980e+06 4.635471400150000118e+05
2.746199950000000172e+02 4.831430200012000278e+06 4.635471400150000118e+05
2.750499879999999848e+02 4.831430149993999861e+06 4.635471500239999732e+05
2.751600040000000149e+02 4.831430190001999959e+06 4.635470999760000268e+05
2.751099849999999947e+02 4.831430190001999959e+06 4.635470999760000268e+05
2.750799870000000169e+02 4.831430209990999661e+06 4.635471199950000155e+05
2.750100100000000225e+02 4.831430200012000278e+06 4.635471099849999882e+05
2.749500120000000152e+02 4.831430200012000278e+06 4.635471099849999882e+05
2.749200129999999831e+02 4.831430220000999980e+06 4.635471199950000155e+05
2.748699950000000172e+02 4.831430220000999980e+06 4.635471199950000155e+05
2.748299870000000169e+02 4.831430230011000298e+06 4.635471199950000155e+05
2.747600100000000225e+02 4.831430230011000298e+06 4.635471199950000155e+05
2.746799930000000245e+02 4.831430220000999980e+06 4.635471099849999882e+05
2.746000060000000076e+02 4.831430209990999661e+06 4.635470999760000268e+05
2.752699890000000096e+02 4.831430190001999959e+06 4.635470399779999861e+05
2.752000120000000152e+02 4.831430190001999959e+06 4.635470300290000159e+05
2.751600040000000149e+02 4.831430200012000278e+06 4.635470399779999861e+05
2.751000060000000076e+02 4.831430200012000278e+06 4.635470399779999861e+05
2.750400089999999977e+02 4.831430200012000278e+06 4.635470399779999861e+05
2.749899899999999775e+02 4.831430209990999661e+06 4.635470399779999861e+05
2.749500120000000152e+02 4.831430230011000298e+06 4.635470499880000134e+05
2.750299989999999752e+02 4.831430160004000179e+06 4.635471199950000155e+05
2.748800049999999828e+02 4.831430170013000257e+06 4.635471500239999732e+05
2.752999879999999848e+02 4.831430200012000278e+06 4.635470100100000273e+05
2.751900019999999927e+02 4.831430200012000278e+06 4.635470200199999963e+05
2.749700010000000248e+02 4.831430200012000278e+06 4.635470499880000134e+05
2.749400019999999927e+02 4.831430220000999980e+06 4.635470700070000021e+05
2.744500120000000152e+02 4.831430200012000278e+06 4.635471199950000155e+05
2.744200129999999831e+02 4.831430209990999661e+06 4.635471300049999845e+05
2.743599849999999947e+02 4.831430209990999661e+06 4.635471400150000118e+05
2.743500060000000076e+02 4.831430230011000298e+06 4.635471500239999732e+05
2.752500000000000000e+02 4.831430190001999959e+06 4.635470499880000134e+05
2.751900019999999927e+02 4.831430190001999959e+06 4.635470700070000021e+05
2.751300049999999828e+02 4.831430179992999882e+06 4.635470900269999984e+05
2.750799870000000169e+02 4.831430179992999882e+06 4.635470999760000268e+05
2.750299989999999752e+02 4.831430179992999882e+06 4.635471099849999882e+05
2.749899899999999775e+02 4.831430179992999882e+06 4.635471300049999845e+05
2.749299930000000245e+02 4.831430179992999882e+06 4.635471400150000118e+05
2.748699950000000172e+02 4.831430170013000257e+06 4.635471599730000016e+05
2.751600040000000149e+02 4.831430179992999882e+06 4.635469600220000139e+05
2.751199950000000172e+02 4.831430190001999959e+06 4.635469799800000037e+05
2.750700069999999755e+02 4.831430190001999959e+06 4.635469899899999727e+05
2.750100100000000225e+02 4.831430190001999959e+06 4.635470100100000273e+05
2.750000000000000000e+02 4.831430220000999980e+06 4.635470300290000159e+05
2.749400019999999927e+02 4.831430220000999980e+06 4.635470399779999861e+05
2.748999939999999924e+02 4.831430230011000298e+06 4.635470599979999824e+05
2.748599849999999947e+02 4.831430239989999682e+06 4.635470800169999711e+05
2.748099980000000073e+02 4.831430239989999682e+06 4.635470900269999984e+05
2.747200010000000248e+02 4.831430239989999682e+06 4.635471199950000155e+05
2.745799870000000169e+02 4.831430209990999661e+06 4.635471500239999732e+05
2.748200069999999755e+02 4.831430190001999959e+06 4.635470200199999963e+05
2.748500060000000076e+02 4.831430170013000257e+06 4.635470100100000273e+05
2.749800109999999904e+02 4.831430190001999959e+06 4.635470100100000273e+05
2.750599980000000073e+02 4.831430160004000179e+06 4.635469799800000037e+05
2.751700129999999831e+02 4.831430149993999861e+06 4.635469699709999841e+05
2.752200010000000248e+02 4.831430149993999861e+06 4.635469600220000139e+05
2.752699890000000096e+02 4.831430149993999861e+06 4.635469600220000139e+05
2.752600100000000225e+02 4.831430000000000000e+06 4.635468900150000118e+05
2.744400019999999927e+02 4.831430170013000257e+06 4.635470999760000268e+05
2.745000000000000000e+02 4.831430170013000257e+06 4.635470999760000268e+05
2.745799870000000169e+02 4.831430200012000278e+06 4.635470999760000268e+05
2.746300049999999828e+02 4.831430190001999959e+06 4.635470900269999984e+05
2.747600100000000225e+02 4.831430200012000278e+06 4.635470800169999711e+05
2.748200069999999755e+02 4.831430200012000278e+06 4.635470800169999711e+05
2.748599849999999947e+02 4.831430190001999959e+06 4.635470700070000021e+05
2.749800109999999904e+02 4.831430209990999661e+06 4.635470599979999824e+05
2.749899899999999775e+02 4.831430170013000257e+06 4.635470499880000134e+05
2.750899959999999851e+02 4.831430220000999980e+06 4.635470599979999824e+05
2.751000060000000076e+02 4.831430179992999882e+06 4.635470399779999861e+05
2.751600040000000149e+02 4.831430179992999882e+06 4.635470300290000159e+05
2.752099910000000023e+02 4.831430179992999882e+06 4.635470300290000159e+05
2.752699890000000096e+02 4.831430170013000257e+06 4.635470200199999963e+05
2.743699950000000172e+02 4.831430170013000257e+06 4.635471500239999732e+05
2.744200129999999831e+02 4.831430160004000179e+06 4.635471400150000118e+05
2.744899899999999775e+02 4.831430179992999882e+06 4.635471400150000118e+05
2.745799870000000169e+02 4.831430170013000257e+06 4.635471300049999845e+05
2.747099910000000023e+02 4.831430190001999959e+06 4.635471300049999845e+05
2.748299870000000169e+02 4.831430200012000278e+06 4.635471199950000155e+05
2.748699950000000172e+02 4.831430179992999882e+06 4.635471099849999882e+05
2.749200129999999831e+02 4.831430179992999882e+06 4.635470999760000268e+05
2.749800109999999904e+02 4.831430179992999882e+06 4.635470999760000268e+05
2.750299989999999752e+02 4.831430170013000257e+06 4.635470900269999984e+05
2.750799870000000169e+02 4.831430170013000257e+06 4.635470800169999711e+05
2.751300049999999828e+02 4.831430170013000257e+06 4.635470800169999711e+05
2.751700129999999831e+02 4.831430160004000179e+06 4.635470700070000021e+05
2.752200010000000248e+02 4.831430160004000179e+06 4.635470599979999824e+05
2.752699890000000096e+02 4.831430149993999861e+06 4.635470599979999824e+05
2.748599849999999947e+02 4.831430149993999861e+06 4.635471500239999732e+05
2.748999939999999924e+02 4.831430140014999546e+06 4.635471400150000118e+05
2.749500120000000152e+02 4.831430140014999546e+06 4.635471300049999845e+05
2.750000000000000000e+02 4.831430130005000159e+06 4.635471199950000155e+05
2.751099849999999947e+02 4.831430119994999841e+06 4.635471099849999882e+05
2.751600040000000149e+02 4.831430109985000454e+06 4.635470999760000268e+05
2.751900019999999927e+02 4.831430100006000139e+06 4.635470900269999984e+05
2.752000120000000152e+02 4.831430019988999702e+06 4.635470499880000134e+05
2.752500000000000000e+02 4.831429970000999980e+06 4.635470200199999963e+05
2.752799989999999752e+02 4.831430100006000139e+06 4.635469000239999732e+05
2.750400089999999977e+02 4.831430200012000278e+06 4.635470100100000273e+05
2.751000060000000076e+02 4.831430200012000278e+06 4.635470100100000273e+05
2.751300049999999828e+02 4.831430170013000257e+06 4.635470000000000000e+05
2.751700129999999831e+02 4.831430160004000179e+06 4.635469899899999727e+05
2.752500000000000000e+02 4.831430170013000257e+06 4.635470000000000000e+05
2.748399959999999851e+02 4.831430209990999661e+06 4.635470499880000134e+05
2.748999939999999924e+02 4.831430209990999661e+06 4.635470499880000134e+05
2.749500120000000152e+02 4.831430200012000278e+06 4.635470499880000134e+05
2.750100100000000225e+02 4.831430200012000278e+06 4.635470499880000134e+05
2.750700069999999755e+02 4.831430200012000278e+06 4.635470499880000134e+05
2.751199950000000172e+02 4.831430190001999959e+06 4.635470499880000134e+05
2.751600040000000149e+02 4.831430190001999959e+06 4.635470499880000134e+05
2.752000120000000152e+02 4.831430179992999882e+06 4.635470399779999861e+05
2.752699890000000096e+02 4.831430179992999882e+06 4.635470499880000134e+05
2.747200010000000248e+02 4.831430220000999980e+06 4.635470900269999984e+05
2.747999879999999848e+02 4.831430230011000298e+06 4.635471099849999882e+05
2.748399959999999851e+02 4.831430209990999661e+06 4.635470999760000268e+05
2.748900150000000053e+02 4.831430209990999661e+06 4.635470999760000268e+05
2.749400019999999927e+02 4.831430200012000278e+06 4.635470900269999984e+05
2.749899899999999775e+02 4.831430200012000278e+06 4.635470900269999984e+05
2.750499879999999848e+02 4.831430190001999959e+06 4.635470900269999984e+05
2.751000060000000076e+02 4.831430179992999882e+06 4.635470900269999984e+05
2.751600040000000149e+02 4.831430170013000257e+06 4.635470900269999984e+05
2.751900019999999927e+02 4.831430160004000179e+06 4.635470800169999711e+05
2.752399899999999775e+02 4.831430160004000179e+06 4.635470800169999711e+05
2.752799989999999752e+02 4.831430149993999861e+06 4.635470700070000021e+05
2.746300049999999828e+02 4.831430200012000278e+06 4.635471300049999845e+05
2.747799989999999752e+02 4.831430220000999980e+06 4.635471500239999732e+05
2.748200069999999755e+02 4.831430200012000278e+06 4.635471300049999845e+05
2.748599849999999947e+02 4.831430190001999959e+06 4.635471300049999845e+05
2.748999939999999924e+02 4.831430179992999882e+06 4.635471300049999845e+05
2.749599910000000023e+02 4.831430179992999882e+06 4.635471300049999845e+05
2.750000000000000000e+02 4.831430170013000257e+06 4.635471199950000155e+05
2.750400089999999977e+02 4.831430160004000179e+06 4.635471099849999882e+05
2.750799870000000169e+02 4.831430140014999546e+06 4.635471099849999882e+05
2.751300049999999828e+02 4.831430130005000159e+06 4.635470999760000268e+05
2.751700129999999831e+02 4.831430119994999841e+06 4.635470999760000268e+05
2.752200010000000248e+02 4.831430109985000454e+06 4.635470900269999984e+05
2.752900089999999977e+02 4.831430109985000454e+06 4.635470900269999984e+05
2.746600040000000149e+02 4.831430170013000257e+06 4.635471500239999732e+05
2.748800049999999828e+02 4.831430160004000179e+06 4.635471500239999732e+05
2.749200129999999831e+02 4.831430149993999861e+06 4.635471400150000118e+05
2.749800109999999904e+02 4.831430149993999861e+06 4.635471500239999732e+05
2.750299989999999752e+02 4.831430130005000159e+06 4.635471400150000118e+05
2.750899959999999851e+02 4.831430200012000278e+06 4.635470200199999963e+05
2.749500120000000152e+02 4.831430209990999661e+06 4.635470700070000021e+05
2.750000000000000000e+02 4.831430200012000278e+06 4.635470700070000021e+05
2.750599980000000073e+02 4.831430200012000278e+06 4.635470800169999711e+05
2.747500000000000000e+02 4.831430250000000000e+06 4.635471300049999845e+05
2.747900089999999977e+02 4.831430230011000298e+06 4.635471199950000155e+05
2.748399959999999851e+02 4.831430230011000298e+06 4.635471300049999845e+05
2.749200129999999831e+02 4.831430200012000278e+06 4.635471199950000155e+05
2.749700010000000248e+02 4.831430190001999959e+06 4.635471199950000155e+05
2.750199890000000096e+02 4.831430179992999882e+06 4.635471300049999845e+05
2.750599980000000073e+02 4.831430160004000179e+06 4.635471199950000155e+05
2.746099849999999947e+02 4.831430230011000298e+06 4.635471300049999845e+05
2.746600040000000149e+02 4.831430209990999661e+06 4.635471199950000155e+05
2.747399899999999775e+02 4.831430220000999980e+06 4.635471500239999732e+05
2.747999879999999848e+02 4.831430209990999661e+06 4.635471500239999732e+05
2.748399959999999851e+02 4.831430190001999959e+06 4.635471400150000118e+05
2.748900150000000053e+02 4.831430179992999882e+06 4.635471400150000118e+05
2.749500120000000152e+02 4.831430179992999882e+06 4.635471599730000016e+05
2.750100100000000225e+02 4.831430149993999861e+06 4.635471400150000118e+05
2.750799870000000169e+02 4.831430100006000139e+06 4.635471199950000155e+05
2.744500120000000152e+02 4.831430200012000278e+06 4.635471199950000155e+05
2.745100100000000225e+02 4.831430209990999661e+06 4.635471400150000118e+05
2.745599980000000073e+02 4.831430200012000278e+06 4.635471400150000118e+05
2.748999939999999924e+02 4.831430119994999841e+06 4.635471500239999732e+05
2.748900150000000053e+02 4.831430070007000118e+06 4.635471099849999882e+05
2.748999939999999924e+02 4.831430029999000020e+06 4.635470700070000021e+05
2.749200129999999831e+02 4.831430010010000318e+06 4.635470599979999824e+05
2.743099980000000073e+02 4.831430190001999959e+06 4.635471400150000118e+05
2.749200129999999831e+02 4.831430109985000454e+06 4.635471300049999845e+05
2.748999939999999924e+02 4.831430190001999959e+06 4.635471199950000155e+05
2.747300109999999904e+02 4.831430070007000118e+06 4.635470300290000159e+05
2.747600100000000225e+02 4.831430100006000139e+06 4.635470300290000159e+05
2.748599849999999947e+02 4.831429929992999882e+06 4.635469899899999727e+05
2.748900150000000053e+02 4.831430070007000118e+06 4.635469699709999841e+05
2.748500060000000076e+02 4.831430079986999743e+06 4.635469600220000139e+05
2.752999879999999848e+02 4.831430059998000041e+06 4.635469099730000016e+05
2.752099910000000023e+02 4.831430049987999722e+06 4.635469400020000176e+05
2.743599849999999947e+02 4.831430140014999546e+06 4.635470800169999711e+05
2.744400019999999927e+02 4.831430160004000179e+06 4.635470800169999711e+05
2.745000000000000000e+02 4.831430170013000257e+06 4.635470900269999984e+05
2.745400089999999977e+02 4.831430170013000257e+06 4.635471099849999882e+05
2.746300049999999828e+02 4.831430200012000278e+06 4.635471099849999882e+05
2.743200069999999755e+02 4.831430170013000257e+06 4.635471099849999882e+05
2.743800049999999828e+02 4.831430179992999882e+06 4.635471199950000155e+05
2.744299930000000245e+02 4.831430179992999882e+06 4.635471400150000118e+05
2.744899899999999775e+02 4.831430190001999959e+06 4.635471500239999732e+05
2.747200010000000248e+02 4.831430190001999959e+06 4.635470599979999824e+05
2.747999879999999848e+02 4.831430049987999722e+06 4.635470200199999963e+05
2.750599980000000073e+02 4.831430190001999959e+06 4.635470200199999963e+05
2.752399899999999775e+02 4.831430209990999661e+06 4.635470300290000159e+05
2.751700129999999831e+02 4.831430140014999546e+06 4.635471300049999845e+05
2.747000120000000152e+02 4.831430190001999959e+06 4.635470599979999824e+05
2.749700010000000248e+02 4.831430220000999980e+06 4.635470599979999824e+05
2.750700069999999755e+02 4.831430220000999980e+06 4.635470900269999984e+05
2.750899959999999851e+02 4.831430200012000278e+06 4.635471099849999882e+05
2.750400089999999977e+02 4.831430179992999882e+06 4.635471400150000118e+05
2.745000000000000000e+02 4.831430209990999661e+06 4.635471199950000155e+05
2.747999879999999848e+02 4.831430239989999682e+06 4.635471199950000155e+05
2.748299870000000169e+02 4.831430230011000298e+06 4.635471500239999732e+05
2.752099910000000023e+02 4.831430029999000020e+06 4.635469199830000289e+05
2.748599849999999947e+02 4.831430130005000159e+06 4.635468699950000155e+05
2.751600040000000149e+02 4.831430200012000278e+06 4.635470200199999963e+05
2.752000120000000152e+02 4.831430200012000278e+06 4.635470499880000134e+05
2.752399899999999775e+02 4.831430200012000278e+06 4.635470700070000021e+05
2.752200010000000248e+02 4.831430170013000257e+06 4.635470999760000268e+05
2.751900019999999927e+02 4.831430149993999861e+06 4.635471199950000155e+05
2.749700010000000248e+02 4.831430209990999661e+06 4.635470300290000159e+05
2.750299989999999752e+02 4.831430209990999661e+06 4.635470599979999824e+05
2.750799870000000169e+02 4.831430209990999661e+06 4.635470900269999984e+05
2.750899959999999851e+02 4.831430200012000278e+06 4.635471099849999882e+05
2.750599980000000073e+02 4.831430179992999882e+06 4.635471300049999845e+05
2.750199890000000096e+02 4.831430149993999861e+06 4.635471599730000016e+05
2.747000120000000152e+02 4.831430200012000278e+06 4.635470599979999824e+05
2.748399959999999851e+02 4.831430220000999980e+06 4.635470800169999711e+05
2.749200129999999831e+02 4.831430230011000298e+06 4.635471099849999882e+05
2.749400019999999927e+02 4.831430220000999980e+06 4.635471400150000118e+05
2.745599980000000073e+02 4.831430200012000278e+06 4.635471099849999882e+05
2.747200010000000248e+02 4.831430239989999682e+06 4.635471300049999845e+05
2.748099980000000073e+02 4.831430059998000041e+06 4.635470900269999984e+05
2.752999879999999848e+02 4.831430089995999821e+06 4.635470999760000268e+05
2.749400019999999927e+02 4.831429880005000159e+06 4.635469400020000176e+05
2.752000120000000152e+02 4.831430100006000139e+06 4.635469299929999979e+05
2.749500120000000152e+02 4.831430010010000318e+06 4.635471099849999882e+05
2.752999879999999848e+02 4.831430079986999743e+06 4.635470999760000268e+05
2.752399899999999775e+02 4.831430079986999743e+06 4.635471099849999882e+05
2.751700129999999831e+02 4.831430079986999743e+06 4.635471099849999882e+05
2.751099849999999947e+02 4.831430089995999821e+06 4.635471199950000155e+05
2.750299989999999752e+02 4.831430089995999821e+06 4.635471300049999845e+05
2.749700010000000248e+02 4.831430089995999821e+06 4.635471400150000118e+05
2.748999939999999924e+02 4.831430089995999821e+06 4.635471400150000118e+05
2.752799989999999752e+02 4.831430170013000257e+06 4.635470999760000268e+05
2.752200010000000248e+02 4.831430160004000179e+06 4.635471199950000155e+05
2.751499939999999924e+02 4.831430160004000179e+06 4.635471300049999845e+05
2.751000060000000076e+02 4.831430160004000179e+06 4.635471400150000118e+05
2.749299930000000245e+02 4.831429980011000298e+06 4.635470700070000021e+05
2.751499939999999924e+02 4.831430049987999722e+06 4.635470100100000273e+05
2.752300109999999904e+02 4.831430109985000454e+06 4.635471400150000118e+05
2.744800109999999904e+02 4.831430040009000339e+06 4.635472500000000000e+05
2.747099910000000023e+02 4.831430059998000041e+06 4.635472100220000139e+05
2.744299930000000245e+02 4.831430149993999861e+06 4.635471599730000016e+05
2.745599980000000073e+02 4.831430019988999702e+06 4.635471799929999979e+05
2.748200069999999755e+02 4.831430140014999546e+06 4.635472000119999866e+05
2.749700010000000248e+02 4.831430100006000139e+06 4.635471799929999979e+05
2.746300049999999828e+02 4.831430119994999841e+06 4.635472299800000037e+05
2.747600100000000225e+02 4.831430079986999743e+06 4.635472100220000139e+05
2.747399899999999775e+02 4.831430049987999722e+06 4.635472000119999866e+05
2.746300049999999828e+02 4.831430040009000339e+06 4.635471799929999979e+05
2.743599849999999947e+02 4.831430059998000041e+06 4.635472500000000000e+05
2.743999939999999924e+02 4.831430029999000020e+06 4.635472299800000037e+05
2.749899899999999775e+02 4.831430140014999546e+06 4.635471799929999979e+05
2.750199890000000096e+02 4.831430109985000454e+06 4.635471699830000289e+05
2.750299989999999752e+02 4.831430079986999743e+06 4.635471599730000016e+05
2.745700069999999755e+02 4.831430200012000278e+06 4.635472000119999866e+05
2.747999879999999848e+02 4.831430130005000159e+06 4.635472100220000139e+05
2.748299870000000169e+02 4.831430100006000139e+06 4.635472000119999866e+05
2.745700069999999755e+02 4.831430109985000454e+06 4.635472299800000037e+05
2.747099910000000023e+02 4.831430059998000041e+06 4.635472299800000037e+05
2.743900150000000053e+02 4.831430100006000139e+06 4.635472600100000273e+05
2.744700010000000248e+02 4.831430049987999722e+06 4.635472500000000000e+05
2.744400019999999927e+02 4.831430059998000041e+06 4.635472000119999866e+05
2.747900089999999977e+02 4.831430130005000159e+06 4.635471799929999979e+05
2.747500000000000000e+02 4.831430149993999861e+06 4.635472000119999866e+05
2.747000120000000152e+02 4.831430190001999959e+06 4.635471599730000016e+05
2.743599849999999947e+02 4.831430149993999861e+06 4.635472000119999866e+05
2.743500060000000076e+02 4.831430109985000454e+06 4.635472199709999841e+05
2.744200129999999831e+02 4.831430100006000139e+06 4.635472100220000139e+05
2.744700010000000248e+02 4.831430100006000139e+06 4.635472000119999866e+05
2.745700069999999755e+02 4.831430109985000454e+06 4.635471900020000176e+05
2.746700129999999831e+02 4.831430130005000159e+06 4.635471900020000176e+05
2.747699890000000096e+02 4.831430149993999861e+06 4.635471799929999979e+05
2.748299870000000169e+02 4.831430140014999546e+06 4.635471699830000289e+05
2.748699950000000172e+02 4.831430130005000159e+06 4.635471599730000016e+05
2.747799989999999752e+02 4.831430209990999661e+06 4.635471599730000016e+05
2.747799989999999752e+02 4.831430190001999959e+06 4.635471799929999979e+05
2.749100040000000149e+02 4.831430149993999861e+06 4.635471599730000016e+05
2.743399959999999851e+02 4.831430179992999882e+06 4.635471900020000176e+05
2.743999939999999924e+02 4.831430170013000257e+06 4.635471799929999979e+05
2.744599910000000023e+02 4.831430160004000179e+06 4.635471799929999979e+05
2.746600040000000149e+02 4.831430160004000179e+06 4.635471900020000176e+05
2.747900089999999977e+02 4.831430140014999546e+06 4.635471799929999979e+05
2.749100040000000149e+02 4.831430109985000454e+06 4.635471699830000289e+05
2.749700010000000248e+02 4.831430100006000139e+06 4.635471599730000016e+05
2.743800049999999828e+02 4.831430130005000159e+06 4.635472100220000139e+05
2.745599980000000073e+02 4.831430140014999546e+06 4.635472199709999841e+05
2.745799870000000169e+02 4.831430119994999841e+06 4.635472100220000139e+05
2.747000120000000152e+02 4.831430100006000139e+06 4.635472000119999866e+05
2.747799989999999752e+02 4.831430100006000139e+06 4.635472000119999866e+05
2.743599849999999947e+02 4.831430109985000454e+06 4.635472299800000037e+05
2.744100040000000149e+02 4.831430070007000118e+06 4.635472000119999866e+05
2.747300109999999904e+02 4.831430200012000278e+06 4.635471699830000289e+05
2.747999879999999848e+02 4.831430190001999959e+06 4.635471699830000289e+05
2.748299870000000169e+02 4.831430170013000257e+06 4.635471599730000016e+05
2.744599910000000023e+02 4.831430179992999882e+06 4.635471699830000289e+05
2.745599980000000073e+02 4.831430179992999882e+06 4.635471799929999979e+05
2.746099849999999947e+02 4.831430160004000179e+06 4.635471900020000176e+05
2.746600040000000149e+02 4.831430149993999861e+06 4.635471900020000176e+05
2.747000120000000152e+02 4.831430130005000159e+06 4.635471799929999979e+05
2.747200010000000248e+02 4.831430109985000454e+06 4.635471799929999979e+05
2.747300109999999904e+02 4.831430089995999821e+06 4.635471599730000016e+05
2.743299870000000169e+02 4.831430170013000257e+06 4.635472100220000139e+05
2.743699950000000172e+02 4.831430160004000179e+06 4.635472100220000139e+05
2.744500120000000152e+02 4.831430149993999861e+06 4.635472199709999841e+05
2.744800109999999904e+02 4.831430130005000159e+06 4.635472100220000139e+05
2.745100100000000225e+02 4.831430109985000454e+06 4.635472000119999866e+05
2.745100100000000225e+02 4.831430079986999743e+06 4.635471799929999979e+05
2.743299870000000169e+02 4.831430109985000454e+06 4.635472399899999727e+05
2.743599849999999947e+02 4.831430100006000139e+06 4.635472299800000037e+05
2.743699950000000172e+02 4.831430019988999702e+06 4.635471699830000289e+05
2.745299989999999752e+02 4.831430160004000179e+06 4.635472299800000037e+05
2.743900150000000053e+02 4.831430149993999861e+06 4.635472199709999841e+05
2.743200069999999755e+02 4.831430149993999861e+06 4.635472199709999841e+05
2.750299989999999752e+02 4.831430170013000257e+06 4.635471599730000016e+05
2.748599849999999947e+02 4.831430220000999980e+06 4.635471900020000176e+05
2.746799930000000245e+02 4.831430190001999959e+06 4.635471699830000289e+05
2.746400150000000053e+02 4.831430200012000278e+06 4.635471799929999979e+05
2.746000060000000076e+02 4.831430200012000278e+06 4.635471799929999979e+05
2.745199890000000096e+02 4.831430200012000278e+06 4.635471699830000289e+05
2.744800109999999904e+02 4.831430209990999661e+06 4.635471799929999979e+05
2.747799989999999752e+02 4.831430179992999882e+06 4.635471699830000289e+05
2.746900019999999927e+02 4.831430170013000257e+06 4.635471699830000289e+05
2.746400150000000053e+02 4.831430170013000257e+06 4.635471799929999979e+05
2.745599980000000073e+02 4.831430140014999546e+06 4.635471799929999979e+05
2.744899899999999775e+02 4.831430130005000159e+06 4.635471799929999979e+05
2.744400019999999927e+02 4.831430140014999546e+06 4.635471900020000176e+05
2.743999939999999924e+02 4.831430149993999861e+06 4.635472000119999866e+05
2.743599849999999947e+02 4.831430160004000179e+06 4.635472100220000139e+05
2.744599910000000023e+02 4.831430190001999959e+06 4.635471699830000289e+05
2.743099980000000073e+02 4.831430160004000179e+06 4.635472000119999866e+05
2.743299870000000169e+02 4.831430179992999882e+06 4.635471599730000016e+05
2.743099980000000073e+02 4.831430149993999861e+06 4.635472000119999866e+05
2.743599849999999947e+02 4.831430140014999546e+06 4.635471900020000176e+05
2.743999939999999924e+02 4.831430130005000159e+06 4.635471799929999979e+05
2.744800109999999904e+02 4.831430140014999546e+06 4.635471799929999979e+05
2.745100100000000225e+02 4.831430119994999841e+06 4.635471699830000289e+05
2.747699890000000096e+02 4.831430170013000257e+06 4.635471599730000016e+05
2.748299870000000169e+02 4.831430170013000257e+06 4.635471599730000016e+05
2.747900089999999977e+02 4.831430190001999959e+06 4.635471699830000289e+05
2.748099980000000073e+02 4.831430149993999861e+06 4.635471900020000176e+05
2.746300049999999828e+02 4.831430200012000278e+06 4.635471599730000016e+05
2.746700129999999831e+02 4.831430190001999959e+06 4.635471599730000016e+05
2.747500000000000000e+02 4.831430200012000278e+06 4.635471799929999979e+05
2.747900089999999977e+02 4.831430179992999882e+06 4.635471799929999979e+05
2.748299870000000169e+02 4.831430170013000257e+06 4.635471699830000289e+05
2.748699950000000172e+02 4.831430149993999861e+06 4.635471599730000016e+05
2.743900150000000053e+02 4.831430190001999959e+06 4.635471599730000016e+05
2.744599910000000023e+02 4.831430190001999959e+06 4.635471699830000289e+05
2.745100100000000225e+02 4.831430190001999959e+06 4.635471799929999979e+05
2.745700069999999755e+02 4.831430179992999882e+06 4.635471799929999979e+05
2.746300049999999828e+02 4.831430170013000257e+06 4.635471900020000176e+05
2.746700129999999831e+02 4.831430149993999861e+06 4.635471900020000176e+05
2.747200010000000248e+02 4.831430140014999546e+06 4.635471900020000176e+05
2.747500000000000000e+02 4.831430130005000159e+06 4.635471799929999979e+05
2.743299870000000169e+02 4.831430179992999882e+06 4.635471900020000176e+05
2.743900150000000053e+02 4.831430170013000257e+06 4.635472000119999866e+05
2.744500120000000152e+02 4.831430160004000179e+06 4.635472000119999866e+05
2.745000000000000000e+02 4.831430160004000179e+06 4.635472100220000139e+05
2.745299989999999752e+02 4.831430140014999546e+06 4.635472100220000139e+05
2.745599980000000073e+02 4.831430119994999841e+06 4.635471900020000176e+05
2.746199950000000172e+02 4.831430109985000454e+06 4.635472000119999866e+05
2.746400150000000053e+02 4.831430089995999821e+06 4.635471900020000176e+05
2.747099910000000023e+02 4.831430089995999821e+06 4.635472000119999866e+05
2.743500060000000076e+02 4.831430109985000454e+06 4.635472100220000139e+05
2.744100040000000149e+02 4.831430089995999821e+06 4.635472100220000139e+05
2.747600100000000225e+02 4.831430179992999882e+06 4.635471799929999979e+05
2.747799989999999752e+02 4.831430190001999959e+06 4.635471799929999979e+05
2.745400089999999977e+02 4.831430190001999959e+06 4.635471599730000016e+05
2.746099849999999947e+02 4.831430209990999661e+06 4.635471599730000016e+05
2.743399959999999851e+02 4.831430179992999882e+06 4.635471900020000176e+05
2.749800109999999904e+02 4.831430160004000179e+06 4.635471699830000289e+05
2.748200069999999755e+02 4.831430209990999661e+06 4.635471699830000289e+05
2.747900089999999977e+02 4.831430190001999959e+06 4.635472000119999866e+05
2.743099980000000073e+02 4.831430200012000278e+06 4.635472100220000139e+05
2.750199890000000096e+02 4.831430140014999546e+06 4.635471799929999979e+05
2.749299930000000245e+02 4.831430200012000278e+06 4.635471599730000016e+05
2.748399959999999851e+02 4.831430160004000179e+06 4.635471900020000176e+05
2.747900089999999977e+02 4.831430239989999682e+06 4.635471599730000016e+05
2.747799989999999752e+02 4.831430230011000298e+06 4.635471799929999979e+05
2.747000120000000152e+02 4.831430190001999959e+06 4.635472100220000139e+05
2.746099849999999947e+02 4.831430140014999546e+06 4.635472299800000037e+05
2.743699950000000172e+02 4.831430200012000278e+06 4.635471699830000289e+05
2.743900150000000053e+02 4.831430190001999959e+06 4.635471900020000176e+05
2.743699950000000172e+02 4.831430170013000257e+06 4.635472199709999841e+05
2.748399959999999851e+02 4.831430089995999821e+06 4.635471599730000016e+05
2.745899959999999851e+02 4.831430089995999821e+06 4.635472000119999866e+05
2.745299989999999752e+02 4.831430079986999743e+06 4.635472100220000139e+05
2.744700010000000248e+02 4.831430079986999743e+06 4.635472199709999841e+05
2.744100040000000149e+02 4.831430079986999743e+06 4.635472299800000037e+05
2.743500060000000076e+02 4.831430079986999743e+06 4.635472399899999727e+05
2.750499879999999848e+02 4.831430149993999861e+06 4.635471599730000016e+05
2.750100100000000225e+02 4.831430149993999861e+06 4.635471699830000289e+05
2.749200129999999831e+02 4.831430160004000179e+06 4.635471699830000289e+05
2.748900150000000053e+02 4.831430149993999861e+06 4.635471900020000176e+05
2.748399959999999851e+02 4.831430149993999861e+06 4.635472000119999866e+05
2.747900089999999977e+02 4.831430140014999546e+06 4.635472100220000139e+05
2.747000120000000152e+02 4.831430149993999861e+06 4.635472100220000139e+05
2.746300049999999828e+02 4.831430149993999861e+06 4.635472199709999841e+05
2.745000000000000000e+02 4.831430170013000257e+06 4.635472100220000139e+05
2.743800049999999828e+02 4.831430179992999882e+06 4.635472100220000139e+05
2.743299870000000169e+02 4.831430179992999882e+06 4.635472199709999841e+05
2.748900150000000053e+02 4.831430160004000179e+06 4.635471900020000176e+05
2.748299870000000169e+02 4.831430140014999546e+06 4.635471900020000176e+05
2.747900089999999977e+02 4.831430130005000159e+06 4.635472100220000139e+05
2.747300109999999904e+02 4.831430109985000454e+06 4.635472100220000139e+05
2.746400150000000053e+02 4.831430089995999821e+06 4.635471900020000176e+05
2.745599980000000073e+02 4.831430070007000118e+06 4.635471799929999979e+05
2.745199890000000096e+02 4.831430059998000041e+06 4.635471900020000176e+05
2.747799989999999752e+02 4.831430190001999959e+06 4.635472299800000037e+05
2.746900019999999927e+02 4.831430170013000257e+06 4.635472199709999841e+05
2.746499939999999924e+02 4.831430149993999861e+06 4.635472299800000037e+05
2.745700069999999755e+02 4.831430130005000159e+06 4.635472299800000037e+05
2.745100100000000225e+02 4.831430200012000278e+06 4.635472100220000139e+05
2.744800109999999904e+02 4.831430179992999882e+06 4.635472299800000037e+05
2.743299870000000169e+02 4.831430140014999546e+06 4.635472299800000037e+05
