463548.000000 4831433.190002 278.190002
463548.000000 4831433.149994 278.200012
463548.150024 4831433.369995 277.920013
463548.039978 4831433.450012 277.549988
463548.010010 4831433.529999 277.660004
463548.150024 4831433.320007 277.859985
463548.090027 4831433.290009 277.970001
463548.049988 4831433.140015 278.230011
463548.059998 4831433.160004 278.140015
463547.979980 4831433.519989 277.690002
463548.119995 4831433.019989 277.429993
463548.159973 4831432.970001 277.480011
463548.169983 4831432.970001 277.399994
463548.049988 4831433.440002 277.559998
463548.099976 4831432.829987 277.540009
463548.140015 4831432.790009 277.630005
463547.969971 4831433.540009 277.959991
463548.000000 4831433.529999 277.679993
463548.030029 4831433.519989 277.649994
463548.020020 4831433.510010 277.609985
463548.049988 4831433.470001 277.649994
463548.049988 4831433.480011 277.589996
463548.179993 4831433.019989 277.420013
463548.159973 4831432.980011 277.420013
463548.070007 4831433.500000 278.089996
463547.929993 4831433.170013 278.279999
463548.109985 4831432.829987 277.619995
463548.140015 4831433.309998 277.859985
463548.000000 4831433.329987 277.799988
463548.000000 4831433.480011 277.570007
463548.080017 4831433.029999 277.450012
463548.099976 4831433.339996 277.839996
463548.090027 4831433.410004 277.899994
463548.030029 4831433.250000 278.059998
463547.989990 4831433.140015 278.290009
463548.080017 4831433.529999 278.160004
463547.979980 4831433.200012 278.170013
463548.020020 4831433.309998 277.739990
463548.030029 4831433.239990 277.940002
463548.020020 4831433.220001 277.869995
463548.109985 4831432.989990 277.420013
463548.150024 4831432.790009 277.470001
463547.950012 4831433.489990 277.920013
463547.979980 4831433.470001 277.589996
463547.960022 4831433.519989 277.890015
463548.150024 4831433.299988 277.820007
463548.150024 4831433.279999 277.640015
463547.950012 4831433.190002 278.369995
463547.969971 4831433.200012 278.329987
463548.080017 4831433.410004 277.869995
463547.929993 4831433.510010 277.609985
463547.950012 4831433.529999 277.600006
463548.090027 4831433.299988 277.649994
463548.090027 4831433.359985 277.850006
463548.109985 4831433.369995 277.760010
463548.169983 4831432.940002 277.369995
463548.169983 4831432.970001 277.399994
463548.109985 4831433.209991 277.670013
463548.119995 4831433.239990 277.670013
463548.049988 4831433.299988 277.649994
463547.960022 4831433.269989 278.079987
463547.969971 4831433.269989 278.059998
463547.979980 4831433.260010 278.070007
463547.989990 4831433.260010 278.049988
463547.919983 4831433.239990 278.089996
463547.950012 4831433.190002 278.209991
463547.929993 4831433.170013 278.250000
463547.940002 4831433.190002 278.250000
463547.950012 4831433.190002 278.200012
463547.950012 4831433.190002 278.260010
463547.950012 4831433.190002 278.239990
463547.960022 4831433.190002 278.230011
463547.960022 4831433.179993 278.290009
463547.960022 4831433.179993 278.369995
463547.969971 4831433.179993 278.269989
463547.969971 4831433.179993 278.339996
463547.969971 4831433.170013 278.420013
463547.989990 4831433.160004 278.390015
463547.979980 4831433.140015 278.410004
463547.979980 4831433.440002 277.549988
463548.099976 4831433.359985 277.820007
463548.090027 4831433.359985 277.880005
463548.179993 4831432.850006 277.420013
463548.169983 4831432.839996 277.470001
463548.130005 4831432.790009 277.540009
463547.929993 4831433.529999 277.630005
463547.960022 4831433.500000 277.579987
463548.000000 4831433.529999 278.029999
463547.989990 4831433.329987 277.730011
463547.969971 4831433.290009 278.049988
463548.039978 4831433.399994 277.859985
463547.989990 4831433.320007 277.700012
463547.979980 4831433.279999 278.000000
463548.020020 4831433.359985 277.660004
463548.000000 4831433.309998 277.690002
463548.000000 4831433.299988 278.010010
463547.989990 4831433.279999 278.040009
463548.059998 4831433.390015 277.799988
463547.979980 4831433.279999 277.619995
463548.010010 4831433.299988 277.850006
463548.010010 4831433.299988 278.000000
463548.000000 4831433.279999 278.029999
463548.010010 4831433.309998 277.679993
463548.010010 4831433.309998 277.869995
463548.010010 4831433.290009 277.970001
463548.000000 4831433.279999 278.019989
463547.989990 4831433.260010 278.049988
463548.010010 4831433.299988 277.640015
463547.950012 4831433.209991 277.679993
463548.010010 4831433.279999 278.010010
463548.000000 4831433.250000 278.010010
463548.070007 4831433.369995 277.739990
463548.090027 4831433.390015 277.899994
463548.010010 4831433.279999 277.619995
463548.109985 4831433.390015 277.839996
463548.109985 4831433.390015 277.899994
463548.119995 4831433.350006 277.850006
463548.130005 4831433.019989 277.440002
463548.109985 4831432.829987 277.619995
463548.150024 4831432.839996 277.609985
463547.960022 4831433.519989 277.959991
463547.960022 4831433.500000 277.579987
463548.080017 4831433.529999 278.029999
463547.979980 4831433.470001 277.549988
463548.090027 4831433.380005 277.890015
463547.969971 4831433.309998 278.070007
463547.960022 4831433.309998 278.100006
463547.960022 4831433.299988 278.100006
463547.969971 4831433.179993 278.399994
463547.979980 4831433.200012 278.380005
463547.989990 4831433.209991 278.339996
463547.950012 4831433.209991 278.239990
463547.950012 4831433.220001 278.190002
463547.969971 4831433.130005 278.399994
463547.969971 4831433.190002 278.410004
463547.950012 4831433.179993 278.290009
463547.950012 4831433.130005 278.230011
463548.159973 4831432.829987 277.549988
463548.150024 4831432.809998 277.459991
463548.179993 4831432.850006 277.470001
463548.080017 4831432.839996 277.589996
463548.140015 4831433.329987 277.769989
463548.010010 4831433.299988 278.040009
463548.020020 4831433.320007 278.010010
463547.989990 4831433.279999 277.660004
463547.950012 4831433.480011 277.540009
463548.119995 4831432.799988 277.480011
463548.119995 4831432.779999 277.399994
463548.150024 4831432.829987 277.420013
463548.150024 4831433.309998 277.760010
463548.140015 4831433.350006 277.790009
463548.119995 4831433.359985 277.809998
463548.099976 4831433.390015 277.869995
463548.030029 4831433.290009 277.829987
463548.109985 4831433.420013 277.859985
463548.010010 4831433.309998 278.040009
463548.030029 4831433.279999 277.700012
463548.099976 4831433.440002 277.899994
463547.979980 4831433.320007 278.040009
463547.989990 4831433.339996 278.019989
463548.090027 4831433.420013 277.859985
463547.969971 4831433.279999 278.059998
463547.979980 4831433.269989 278.049988
463548.000000 4831433.279999 278.059998
463548.039978 4831433.529999 278.109985
463547.950012 4831433.170013 278.290009
463547.940002 4831433.170013 278.339996
463547.969971 4831433.140015 278.440002
463547.940002 4831433.190002 278.269989
463547.979980 4831433.149994 278.369995
463547.979980 4831433.149994 278.429993
463547.969971 4831433.209991 278.239990
463547.969971 4831433.190002 278.279999
463547.950012 4831433.500000 277.970001
463548.010010 4831433.299988 277.779999
463547.989990 4831433.299988 277.989990
463547.979980 4831433.290009 278.029999
463548.090027 4831433.390015 277.910004
463548.169983 4831432.940002 277.410004
463548.169983 4831432.809998 277.410004
463548.159973 4831432.820007 277.470001
463548.159973 4831432.839996 277.600006
463548.150024 4831432.809998 277.619995
463548.130005 4831433.489990 278.040009
463548.010010 4831433.320007 277.989990
463548.030029 4831433.260010 277.690002
463548.070007 4831433.320007 277.820007
463548.130005 4831433.320007 277.799988
463548.130005 4831433.230011 277.690002
463548.039978 4831432.920013 277.369995
463548.000000 4831433.529999 277.959991
463547.979980 4831433.480011 277.540009
463548.000000 4831433.299988 278.019989
463548.119995 4831433.390015 277.839996
463548.119995 4831433.380005 277.880005
463548.119995 4831433.320007 277.790009
463548.109985 4831432.839996 277.570007
463548.179993 4831432.869995 277.559998
463548.099976 4831432.790009 277.500000
463547.890015 4831433.230011 278.059998
463548.119995 4831432.769989 277.399994
463548.099976 4831433.049988 277.429993
463548.099976 4831433.399994 277.880005
463548.030029 4831433.350006 277.640015
463547.969971 4831432.869995 277.350006
463548.030029 4831433.329987 277.769989
463548.000000 4831433.320007 278.010010
463548.000000 4831433.350006 277.649994
463548.000000 4831433.390015 277.630005
463547.919983 4831433.260010 278.000000
463547.960022 4831433.459991 277.570007
463548.090027 4831433.239990 277.700012
463548.090027 4831433.010010 277.410004
463548.090027 4831433.029999 277.429993
463547.919983 4831433.510010 277.940002
463547.909973 4831433.529999 277.970001
463548.010010 4831433.410004 278.059998
463548.030029 4831433.299988 277.929993
463548.010010 4831433.309998 277.850006
463547.960022 4831433.250000 277.989990
463548.000000 4831433.390015 278.049988
463547.929993 4831433.329987 277.989990
463548.020020 4831432.929993 277.459991
463548.150024 4831432.750000 277.399994
463548.059998 4831433.489990 278.049988
463547.969971 4831433.269989 278.089996
463547.969971 4831433.299988 278.070007
463548.030029 4831433.540009 278.100006
463548.059998 4831433.519989 278.119995
463547.950012 4831433.209991 278.230011
463547.969971 4831433.200012 278.260010
463547.979980 4831433.200012 278.309998
463547.969971 4831433.209991 278.390015
463547.989990 4831433.100006 278.359985
463548.000000 4831433.109985 278.410004
463547.989990 4831433.130005 278.380005
463548.039978 4831433.079987 278.350006
463547.969971 4831433.179993 278.369995
463548.000000 4831433.160004 278.369995
463548.099976 4831433.350006 277.869995
463548.130005 4831433.230011 277.660004
463548.059998 4831433.299988 277.920013
463548.090027 4831432.820007 277.640015
463548.130005 4831432.769989 277.380005
463548.130005 4831432.839996 277.630005
463548.169983 4831432.890015 277.540009
463548.179993 4831432.929993 277.350006
463547.969971 4831433.109985 278.399994
463548.000000 4831433.119995 278.339996
463547.969971 4831433.140015 278.329987
463547.989990 4831433.089996 278.399994
463547.979980 4831433.100006 278.350006
463547.979980 4831433.109985 278.290009
463547.969971 4831433.119995 278.239990
463547.950012 4831433.130005 278.209991
463547.979980 4831433.079987 278.410004
463547.960022 4831433.089996 278.380005
463547.960022 4831433.100006 278.309998
463547.979980 4831433.079987 278.420013
463547.969971 4831433.089996 278.350006
463547.969971 4831433.100006 278.290009
463547.950012 4831433.109985 278.200012
463548.039978 4831433.529999 278.190002
463547.960022 4831433.149994 278.250000
463547.929993 4831433.489990 277.630005
463547.969971 4831433.410004 277.570007
463547.940002 4831433.440002 277.600006
463548.179993 4831432.929993 277.459991
463548.179993 4831432.880005 277.380005
463547.890015 4831433.519989 277.730011
463548.080017 4831433.279999 277.890015
463548.090027 4831433.170013 277.820007
463548.150024 4831433.029999 277.459991
463548.179993 4831432.929993 277.480011
463548.159973 4831432.940002 277.470001
463548.080017 4831432.929993 277.480011
463547.909973 4831433.529999 277.700012
463548.090027 4831433.339996 277.859985
463547.950012 4831433.220001 278.309998
463547.969971 4831433.200012 278.290009
463548.000000 4831433.200012 278.339996
463547.960022 4831433.230011 278.209991
463548.109985 4831432.839996 277.600006
463548.080017 4831433.339996 277.839996
463548.130005 4831433.320007 277.820007
463548.159973 4831433.299988 277.779999
463547.950012 4831433.519989 277.600006
463547.979980 4831433.510010 277.579987
463548.070007 4831433.510010 278.049988
463548.020020 4831433.320007 278.000000
463548.080017 4831433.329987 277.739990
463548.109985 4831433.369995 277.890015
463548.140015 4831433.350006 277.850006
463547.989990 4831433.489990 277.769989
463547.989990 4831433.230011 277.829987
463548.080017 4831433.320007 277.660004
463548.109985 4831433.329987 277.750000
463548.140015 4831433.329987 277.799988
463548.080017 4831433.510010 278.029999
463548.090027 4831433.420013 277.760010
463548.109985 4831433.359985 277.630005
463548.150024 4831432.839996 277.619995
463547.909973 4831433.519989 277.709991
463548.169983 4831432.989990 277.470001
463548.140015 4831433.019989 277.420013
463548.010010 4831433.179993 278.369995
463548.000000 4831433.179993 278.380005
463548.010010 4831433.170013 278.390015
463548.010010 4831433.170013 278.399994
463548.030029 4831433.170013 278.390015
463548.090027 4831433.529999 278.109985
463548.179993 4831433.359985 277.859985
463548.030029 4831433.480011 277.649994
463548.039978 4831433.320007 277.670013
463548.159973 4831433.290009 277.769989
463548.169983 4831433.279999 277.739990
463548.140015 4831433.359985 277.859985
463548.109985 4831433.309998 277.640015
463548.119995 4831433.500000 278.029999
463548.049988 4831433.540009 278.130005
463548.059998 4831433.540009 278.089996
463547.919983 4831433.540009 277.660004
463547.940002 4831433.540009 277.600006
463548.070007 4831433.549988 278.070007
463548.059998 4831433.540009 278.000000
463547.950012 4831433.559998 277.609985
463547.940002 4831433.540009 277.600006
463547.940002 4831433.549988 277.609985
463547.960022 4831433.559998 277.630005
463547.989990 4831433.549988 277.649994
463548.530029 4831433.269989 278.239990
463548.530029 4831433.290009 278.279999
463548.539978 4831433.309998 278.320007
463548.549988 4831433.309998 278.369995
463548.520020 4831433.329987 278.399994
463548.520020 4831433.320007 278.459991
463548.489990 4831433.260010 278.359985
463548.510010 4831433.309998 278.429993
463548.520020 4831433.350006 278.500000
463548.539978 4831433.359985 278.450012
463548.500000 4831433.269989 278.350006
463548.500000 4831433.309998 278.429993
463548.510010 4831433.329987 278.450012
463548.510010 4831433.339996 278.500000
463548.520020 4831433.290009 278.329987
463548.520020 4831433.320007 278.410004
463548.539978 4831433.350006 278.440002
463548.510010 4831433.290009 278.329987
463548.520020 4831433.329987 278.399994
463548.520020 4831433.350006 278.440002
463548.510010 4831433.350006 278.500000
463548.559998 4831433.369995 278.399994
463548.510010 4831433.350006 278.500000
463548.489990 4831433.290009 278.329987
463548.489990 4831433.339996 278.450012
463548.489990 4831433.359985 278.489990
463548.489990 4831433.369995 278.459991
463548.460022 4831432.790009 277.279999
463548.469971 4831432.809998 277.309998
463548.489990 4831432.839996 277.380005
463548.489990 4831432.859985 277.420013
463548.500000 4831432.869995 277.459991
463548.450012 4831432.940002 277.329987
463548.380005 4831432.779999 277.660004
463548.510010 4831433.059998 277.720001
463548.510010 4831433.070007 277.779999
463548.520020 4831433.089996 277.809998
463548.530029 4831433.109985 277.940002
463548.190002 4831433.279999 277.799988
463548.200012 4831433.299988 277.839996
463548.450012 4831432.760010 277.260010
463548.530029 4831433.049988 277.799988
463548.479980 4831432.970001 277.630005
463548.500000 4831433.040009 277.790009
463548.510010 4831433.070007 277.820007
463548.429993 4831432.850006 277.339996
463548.489990 4831433.049988 277.739990
463548.479980 4831433.070007 277.839996
463548.200012 4831432.790009 277.630005
463548.440002 4831432.779999 277.350006
463548.450012 4831432.809998 277.380005
463548.460022 4831432.839996 277.410004
463548.409973 4831432.829987 277.559998
463548.500000 4831433.029999 277.779999
463548.510010 4831433.059998 277.809998
463548.510010 4831433.079987 277.839996
463548.510010 4831433.109985 277.929993
463548.440002 4831432.760010 277.290009
463548.450012 4831432.799988 277.350006
463548.460022 4831432.820007 277.390015
463548.429993 4831432.820007 277.470001
463548.500000 4831433.040009 277.799988
463548.520020 4831433.079987 277.799988
463548.440002 4831432.760010 277.269989
463548.450012 4831432.779999 277.290009
463548.440002 4831432.790009 277.350006
463548.450012 4831432.820007 277.380005
463548.450012 4831432.839996 277.420013
463548.479980 4831432.920013 277.549988
463548.479980 4831432.940002 277.589996
463548.500000 4831433.040009 277.779999
463548.500000 4831433.059998 277.820007
463548.489990 4831433.070007 277.869995
463548.479980 4831433.079987 277.929993
463548.500000 4831433.109985 277.940002
463548.500000 4831433.130005 277.970001
463548.469971 4831433.119995 278.049988
463548.440002 4831432.769989 277.279999
463548.460022 4831432.820007 277.380005
463548.460022 4831432.839996 277.420013
463548.469971 4831432.920013 277.570007
463548.489990 4831432.950012 277.589996
463548.489990 4831433.040009 277.790009
463548.520020 4831433.070007 277.799988
463548.500000 4831433.070007 277.859985
463548.500000 4831433.109985 277.940002
463548.510010 4831433.130005 277.980011
463548.440002 4831432.760010 277.269989
463548.460022 4831432.799988 277.290009
463548.440002 4831432.799988 277.350006
463548.450012 4831432.839996 277.429993
463548.469971 4831432.920013 277.559998
463548.469971 4831432.940002 277.600006
463548.489990 4831433.040009 277.790009
463548.510010 4831433.070007 277.799988
463548.500000 4831433.079987 277.850006
463548.510010 4831433.100006 277.880005
463548.489990 4831433.109985 277.950012
463548.500000 4831433.130005 277.980011
463548.450012 4831432.779999 277.290009
463548.450012 4831432.799988 277.339996
463548.440002 4831432.809998 277.390015
463548.440002 4831432.829987 277.429993
463548.409973 4831432.850006 277.559998
463548.479980 4831432.910004 277.510010
463548.469971 4831432.940002 277.600006
463548.500000 4831433.049988 277.769989
463548.510010 4831433.070007 277.809998
463548.500000 4831433.079987 277.850006
463548.500000 4831433.119995 277.940002
463548.440002 4831432.829987 277.359985
463548.400024 4831432.820007 277.450012
463548.450012 4831432.920013 277.559998
463548.479980 4831433.040009 277.760010
463548.479980 4831433.070007 277.799988
463548.489990 4831433.089996 277.839996
463548.469971 4831433.100006 277.899994
463548.479980 4831433.130005 277.970001
463548.419983 4831432.829987 277.350006
463548.450012 4831432.950012 277.559998
463548.469971 4831433.049988 277.739990
463548.469971 4831433.070007 277.769989
463548.460022 4831433.079987 277.820007
463548.469971 4831433.100006 277.859985
463548.469971 4831433.109985 277.899994
463548.460022 4831433.130005 277.940002
463548.460022 4831433.149994 277.989990
463548.580017 4831433.260010 278.290009
463548.570007 4831433.239990 278.250000
463548.570007 4831433.230011 278.220001
463548.549988 4831433.200012 278.160004
463548.549988 4831433.179993 278.119995
463548.559998 4831433.279999 278.339996
463548.570007 4831433.309998 278.390015
463548.210022 4831433.279999 277.839996
463548.200012 4831432.809998 277.540009
463548.229980 4831432.739990 277.429993
463548.549988 4831433.049988 277.859985
463548.520020 4831432.850006 277.429993
463548.530029 4831432.760010 277.320007
463548.500000 4831432.730011 277.309998
463548.190002 4831432.869995 277.549988
463548.400024 4831433.070007 277.480011
463548.299988 4831432.769989 277.589996
463548.320007 4831432.799988 277.420013
463548.570007 4831433.119995 278.029999
463548.390015 4831432.850006 277.489990
463548.549988 4831433.029999 277.679993
463548.590027 4831433.019989 277.760010
463548.299988 4831432.829987 277.480011
463548.450012 4831433.209991 278.049988
463548.489990 4831433.279999 278.230011
463548.469971 4831433.279999 278.220001
463548.479980 4831433.279999 278.220001
463548.479980 4831433.279999 278.230011
463548.479980 4831433.290009 278.209991
463548.489990 4831433.359985 278.489990
463548.479980 4831433.269989 278.250000
463548.460022 4831433.279999 278.320007
463548.469971 4831433.299988 278.350006
463548.450012 4831432.769989 277.290009
463548.419983 4831432.799988 277.320007
463548.419983 4831432.799988 277.399994
463548.460022 4831432.989990 277.609985
463548.460022 4831433.140015 277.959991
463548.479980 4831433.190002 278.019989
463548.450012 4831433.130005 277.890015
463548.440002 4831433.170013 277.980011
463548.469971 4831433.190002 278.070007
463548.479980 4831433.329987 278.450012
463548.190002 4831432.920013 277.420013
463548.210022 4831432.820007 277.540009
463548.229980 4831432.790009 277.619995
463548.450012 4831433.149994 278.010010
463548.479980 4831433.160004 278.040009
463548.469971 4831433.130005 277.989990
463548.440002 4831432.869995 277.559998
463548.400024 4831432.820007 277.600006
463548.419983 4831432.809998 277.410004
463548.419983 4831432.790009 277.329987
463548.210022 4831432.959991 277.380005
463548.510010 4831433.109985 277.880005
463548.320007 4831432.760010 277.670013
463548.429993 4831432.850006 277.369995
463548.400024 4831432.850006 277.369995
463548.419983 4831432.880005 277.420013
463548.380005 4831432.890015 277.380005
463548.390015 4831432.910004 277.350006
463548.429993 4831432.950012 277.559998
463548.440002 4831432.980011 277.559998
463548.429993 4831432.980011 277.559998
463548.179993 4831432.950012 277.390015
463548.559998 4831433.320007 278.059998
463548.479980 4831433.309998 278.329987
463548.270020 4831433.329987 277.260010
463548.460022 4831433.109985 277.899994
463548.409973 4831432.929993 277.540009
463548.179993 4831433.010010 277.480011
463548.530029 4831433.279999 278.040009
463548.400024 4831433.100006 277.559998
463548.450012 4831433.170013 277.850006
463548.450012 4831432.820007 277.359985
463548.460022 4831433.230011 277.950012
463548.460022 4831433.220001 277.980011
463548.460022 4831433.200012 278.029999
463548.469971 4831433.170013 277.940002
463548.489990 4831433.130005 277.779999
463548.460022 4831432.959991 277.600006
463548.460022 4831432.779999 277.269989
463548.489990 4831433.380005 278.380005
463548.479980 4831433.380005 278.309998
463548.460022 4831433.410004 278.390015
463548.469971 4831433.380005 278.309998
463548.409973 4831433.350006 278.260010
463548.609985 4831432.859985 277.600006
463548.469971 4831432.809998 277.420013
463548.429993 4831432.839996 277.309998
463548.489990 4831433.170013 277.880005
463548.200012 4831432.880005 277.450012
463548.479980 4831433.260010 278.029999
463548.460022 4831433.230011 277.920013
463548.200012 4831433.019989 277.440002
463548.530029 4831432.899994 277.600006
463548.489990 4831432.970001 277.640015
463548.479980 4831433.190002 277.970001
463548.469971 4831433.140015 277.839996
463548.469971 4831433.119995 277.760010
463548.179993 4831432.899994 277.429993
463548.200012 4831432.929993 277.420013
463548.190002 4831433.049988 277.459991
463548.619995 4831432.820007 277.609985
463548.539978 4831432.890015 277.589996
463548.479980 4831432.959991 277.619995
463548.450012 4831433.109985 277.779999
463548.460022 4831433.109985 277.720001
463548.479980 4831433.179993 277.779999
463548.400024 4831432.989990 277.529999
463548.419983 4831432.989990 277.480011
463548.479980 4831433.230011 278.049988
463548.419983 4831433.329987 278.309998
463548.429993 4831433.380005 278.410004
463548.429993 4831433.390015 278.480011
463548.450012 4831433.279999 278.269989
463548.469971 4831433.329987 278.369995
463548.479980 4831433.369995 278.459991
463548.450012 4831433.350006 278.299988
463548.469971 4831433.369995 278.390015
463548.460022 4831433.290009 278.190002
463548.479980 4831433.309998 278.290009
463548.469971 4831433.429993 278.450012
463548.489990 4831433.390015 278.470001
463548.460022 4831433.350006 278.250000
463548.479980 4831433.350006 278.329987
463548.469971 4831433.299988 278.200012
463548.479980 4831433.299988 278.250000
463548.190002 4831432.950012 277.380005
463548.419983 4831433.109985 277.790009
463548.429993 4831433.160004 277.899994
463548.440002 4831433.200012 278.000000
463548.390015 4831432.869995 277.369995
463548.409973 4831432.940002 277.510010
463548.469971 4831433.109985 277.760010
463548.460022 4831433.089996 277.799988
463548.510010 4831433.250000 278.019989
463548.419983 4831432.839996 277.359985
463548.179993 4831433.049988 277.450012
463548.190002 4831432.920013 277.369995
463548.479980 4831433.260010 277.989990
463548.190002 4831432.839996 277.450012
463548.440002 4831433.130005 277.779999
463548.450012 4831433.140015 277.850006
463548.380005 4831432.890015 277.290009
463548.309998 4831432.760010 277.690002
463548.429993 4831432.859985 277.369995
463548.489990 4831433.260010 278.029999
463548.479980 4831433.200012 277.950012
463548.260010 4831432.799988 277.640015
463548.429993 4831432.880005 277.399994
463548.409973 4831433.299988 278.299988
463548.429993 4831433.269989 278.200012
463548.409973 4831432.829987 277.470001
463548.409973 4831432.890015 277.470001
463548.409973 4831432.920013 277.480011
463548.409973 4831432.989990 277.600006
463548.429993 4831433.140015 277.890015
463548.469971 4831433.109985 277.779999
463548.469971 4831433.140015 277.790009
463548.419983 4831433.140015 277.929993
463548.419983 4831433.170013 277.950012
463548.400024 4831433.190002 277.989990
463548.390015 4831432.940002 277.540009
463548.380005 4831432.959991 277.579987
463548.369995 4831432.869995 277.399994
463548.469971 4831433.200012 278.070007
463548.460022 4831433.200012 278.049988
463548.390015 4831433.109985 278.079987
463548.380005 4831433.299988 278.480011
463548.400024 4831433.209991 278.329987
463548.400024 4831433.279999 278.500000
463548.419983 4831433.290009 278.440002
463548.409973 4831433.220001 278.299988
463548.419983 4831433.200012 278.260010
463548.400024 4831433.170013 278.260010
463548.380005 4831433.149994 278.029999
463548.469971 4831433.070007 277.809998
463548.380005 4831433.029999 277.869995
463548.380005 4831433.029999 277.820007
463548.369995 4831433.029999 277.769989
463548.349976 4831432.920013 277.619995
463548.369995 4831432.799988 277.480011
463548.340027 4831432.820007 277.459991
463548.340027 4831432.809998 277.399994
463548.390015 4831432.989990 277.809998
463548.510010 4831433.230011 278.040009
463548.469971 4831433.179993 278.059998
463548.530029 4831433.279999 278.070007
463548.549988 4831433.309998 278.070007
463548.460022 4831433.299988 278.220001
463548.469971 4831433.299988 278.269989
463548.469971 4831433.290009 278.320007
463548.469971 4831433.329987 278.299988
463548.469971 4831433.329987 278.350006
463548.469971 4831433.329987 278.390015
463548.479980 4831433.380005 278.489990
463548.479980 4831433.420013 278.480011
463548.190002 4831432.920013 277.429993
463548.440002 4831432.929993 277.570007
463548.479980 4831433.109985 277.820007
463548.469971 4831433.109985 277.899994
463548.460022 4831433.190002 278.000000
463548.289978 4831432.790009 277.679993
463548.320007 4831432.769989 277.690002
463548.419983 4831432.940002 277.459991
463548.419983 4831432.940002 277.510010
463548.429993 4831432.940002 277.549988
463548.429993 4831433.049988 277.630005
463548.400024 4831432.899994 277.320007
463548.409973 4831432.910004 277.369995
463548.409973 4831432.920013 277.440002
463548.419983 4831432.940002 277.500000
463548.440002 4831432.929993 277.540009
463548.469971 4831433.130005 277.769989
463548.450012 4831433.200012 277.970001
463548.559998 4831433.309998 278.089996
463548.440002 4831433.170013 278.079987
463548.559998 4831433.279999 278.059998
463548.539978 4831433.250000 278.070007
463548.530029 4831433.230011 278.089996
463548.520020 4831433.220001 278.079987
463548.510010 4831433.209991 278.059998
463548.510010 4831433.200012 278.089996
463548.460022 4831433.160004 278.079987
463548.469971 4831433.149994 278.059998
463548.440002 4831433.309998 278.380005
463548.469971 4831433.309998 278.440002
463548.440002 4831433.290009 278.450012
463548.460022 4831433.309998 278.459991
463548.419983 4831433.269989 278.470001
463548.479980 4831433.279999 278.299988
463548.469971 4831433.230011 278.260010
463548.469971 4831433.109985 277.869995
463548.450012 4831433.089996 277.910004
463548.440002 4831433.079987 277.850006
463548.429993 4831433.029999 277.769989
463548.520020 4831432.940002 277.890015
463548.419983 4831432.970001 277.640015
463548.429993 4831432.929993 277.640015
463548.409973 4831432.940002 277.609985
463548.400024 4831432.940002 277.549988
463548.409973 4831432.899994 277.549988
463548.400024 4831432.899994 277.489990
463548.400024 4831432.859985 277.480011
463548.390015 4831432.859985 277.420013
463548.390015 4831432.809998 277.399994
463548.380005 4831432.760010 277.269989
463548.190002 4831432.769989 277.549988
463548.520020 4831433.239990 278.049988
463548.460022 4831433.100006 277.970001
463548.479980 4831433.100006 277.839996
463548.450012 4831433.059998 277.880005
463548.429993 4831432.970001 277.660004
463548.419983 4831432.920013 277.630005
463548.409973 4831432.929993 277.570007
463548.419983 4831432.899994 277.619995
463548.369995 4831432.899994 277.679993
463548.400024 4831432.880005 277.540009
463548.380005 4831432.910004 277.350006
463548.400024 4831432.890015 277.649994
463548.400024 4831432.799988 277.429993
463548.460022 4831433.170013 278.019989
463548.479980 4831433.109985 277.989990
463548.460022 4831433.130005 277.950012
463548.460022 4831433.089996 277.920013
463548.460022 4831433.059998 277.880005
463548.460022 4831432.820007 277.459991
463548.210022 4831432.779999 277.519989
463548.299988 4831432.769989 277.679993
463548.289978 4831432.820007 277.679993
463548.349976 4831432.799988 277.440002
463548.190002 4831432.929993 277.410004
463548.409973 4831432.829987 277.290009
463548.419983 4831432.839996 277.329987
463548.409973 4831432.869995 277.359985
463548.419983 4831432.850006 277.410004
463548.400024 4831432.880005 277.339996
463548.419983 4831432.869995 277.380005
463548.400024 4831432.910004 277.329987
463548.409973 4831432.899994 277.410004
463548.429993 4831432.890015 277.429993
463548.429993 4831432.920013 277.470001
463548.419983 4831432.959991 277.500000
463548.440002 4831432.950012 277.519989
463548.460022 4831432.929993 277.519989
463548.429993 4831433.000000 277.600006
463548.460022 4831432.989990 277.589996
463548.280029 4831433.290009 277.260010
463548.469971 4831433.130005 277.850006
463548.200012 4831432.859985 277.470001
463548.210022 4831432.940002 277.399994
463548.419983 4831432.809998 277.269989
463548.419983 4831432.940002 277.480011
463548.440002 4831432.929993 277.500000
463548.549988 4831432.869995 277.549988
463548.450012 4831432.970001 277.559998
463548.200012 4831432.959991 277.390015
463548.409973 4831432.910004 277.420013
463548.440002 4831432.890015 277.420013
463548.390015 4831432.920013 277.320007
463548.419983 4831432.959991 277.489990
463548.440002 4831432.940002 277.500000
463548.469971 4831432.920013 277.489990
463548.460022 4831433.160004 277.880005
463548.479980 4831433.119995 277.790009
463548.510010 4831433.250000 278.029999
463548.530029 4831433.170013 277.809998
463548.299988 4831433.390015 277.269989
463548.479980 4831433.220001 278.049988
463548.450012 4831433.339996 278.399994
463548.429993 4831433.350006 278.420013
463548.469971 4831433.329987 278.410004
463548.450012 4831433.269989 278.309998
463548.429993 4831433.130005 277.910004
463548.450012 4831433.000000 277.660004
463548.440002 4831432.989990 277.660004
463548.429993 4831432.940002 277.579987
463548.419983 4831432.920013 277.559998
463548.419983 4831432.890015 277.500000
463548.390015 4831432.910004 277.489990
463548.409973 4831432.859985 277.450012
463548.390015 4831432.859985 277.500000
463548.409973 4831432.779999 277.600006
463548.520020 4831433.250000 278.079987
463548.549988 4831433.320007 278.059998
463548.489990 4831433.279999 278.250000
463548.500000 4831433.269989 278.209991
463548.510010 4831433.260010 278.160004
463548.510010 4831433.329987 278.329987
463548.520020 4831433.320007 278.279999
463548.450012 4831433.329987 278.239990
463548.489990 4831433.309998 278.250000
463548.500000 4831433.290009 278.209991
463548.299988 4831432.839996 277.609985
463548.340027 4831432.799988 277.529999
463548.469971 4831432.839996 277.369995
463548.460022 4831433.119995 277.779999
463548.510010 4831433.100006 277.829987
463548.500000 4831433.200012 278.049988
463548.520020 4831433.179993 278.010010
463548.539978 4831433.149994 277.790009
463548.229980 4831432.839996 277.600006
463548.229980 4831432.859985 277.510010
463548.229980 4831432.859985 277.579987
463548.219971 4831432.839996 277.600006
463548.260010 4831432.829987 277.640015
463548.250000 4831432.839996 277.609985
463548.229980 4831432.839996 277.609985
463548.229980 4831432.839996 277.609985
463548.229980 4831432.869995 277.589996
463548.250000 4831432.880005 277.579987
463548.429993 4831432.869995 277.279999
463548.489990 4831433.000000 277.619995
463548.479980 4831432.980011 277.540009
463548.440002 4831433.140015 277.850006
463548.380005 4831433.119995 277.670013
463548.479980 4831433.089996 277.750000
463548.500000 4831433.079987 277.720001
463548.440002 4831433.220001 277.980011
463548.489990 4831433.190002 277.970001
463548.440002 4831433.170013 277.799988
463548.510010 4831433.119995 277.769989
463548.500000 4831433.230011 277.980011
463548.049988 4831433.549988 278.179993
463548.059998 4831433.579987 278.209991
463547.989990 4831433.559998 277.679993
463547.950012 4831433.630005 277.790009
463547.950012 4831433.630005 277.790009
463547.900024 4831433.549988 277.850006
463547.950012 4831433.670013 277.809998
463547.880005 4831433.690002 278.000000
463547.890015 4831433.640015 277.820007
463547.960022 4831433.640015 277.809998
463548.070007 4831433.570007 278.190002
463547.619995 4831433.809998 278.380005
463548.039978 4831433.589996 278.200012
463548.000000 4831433.619995 278.239990
463547.890015 4831433.649994 277.779999
463547.880005 4831433.739990 277.920013
463547.789978 4831433.700012 277.950012
463547.570007 4831433.750000 278.339996
463547.630005 4831433.769989 278.350006
463547.650024 4831433.739990 278.269989
463547.630005 4831433.630005 278.440002
463547.849976 4831433.730011 277.959991
463547.880005 4831433.630005 277.829987
463547.590027 4831433.779999 278.239990
463547.559998 4831433.799988 278.260010
463548.030029 4831433.559998 278.119995
463547.609985 4831433.839996 278.369995
463547.570007 4831433.790009 278.230011
463547.580017 4831433.839996 278.410004
463547.590027 4831433.859985 278.390015
463547.619995 4831433.790009 278.230011
463547.609985 4831433.809998 278.299988
463547.559998 4831433.779999 278.320007
463547.570007 4831433.809998 278.350006
463547.840027 4831433.720001 277.970001
463547.830017 4831433.709991 278.029999
463547.739990 4831433.739990 277.959991
463547.900024 4831433.570007 277.649994
463547.820007 4831433.670013 277.769989
463547.609985 4831433.790009 278.299988
463547.599976 4831433.799988 278.390015
463547.969971 4831433.579987 278.160004
463547.559998 4831433.790009 278.250000
463547.580017 4831433.790009 278.269989
463548.049988 4831433.600006 278.160004
463547.570007 4831433.619995 278.250000
463547.559998 4831433.609985 278.269989
463547.599976 4831433.619995 278.420013
463548.039978 4831433.589996 278.140015
463547.849976 4831433.720001 278.019989
463547.869995 4831433.640015 277.799988
463547.909973 4831433.589996 277.690002
463547.830017 4831433.720001 277.970001
463547.940002 4831433.570007 277.700012
463548.049988 4831433.589996 278.119995
463547.619995 4831433.820007 278.230011
463547.630005 4831433.850006 278.320007
463547.960022 4831433.559998 277.959991
463547.919983 4831433.649994 277.730011
463547.849976 4831433.760010 277.959991
463547.919983 4831433.570007 277.649994
463547.929993 4831433.589996 277.630005
463547.880005 4831433.660004 277.739990
463547.609985 4831433.839996 278.429993
463547.640015 4831433.739990 278.279999
463548.020020 4831433.559998 278.130005
463547.739990 4831433.839996 278.420013
463548.039978 4831433.570007 278.109985
463548.039978 4831433.559998 278.160004
463547.669983 4831433.839996 278.339996
463548.049988 4831433.630005 278.100006
463548.049988 4831433.619995 278.160004
463548.049988 4831433.600006 278.200012
463548.059998 4831433.559998 278.130005
463547.820007 4831433.769989 277.959991
463547.849976 4831433.720001 278.040009
463547.900024 4831433.709991 277.809998
463547.989990 4831433.790009 277.980011
463547.890015 4831433.640015 277.750000
463547.900024 4831433.619995 277.679993
463547.919983 4831433.579987 277.670013
463548.099976 4831433.559998 278.040009
463547.599976 4831433.700012 278.339996
463547.590027 4831433.820007 278.339996
463547.580017 4831433.839996 278.410004
463548.030029 4831433.549988 278.149994
463548.030029 4831433.570007 278.149994
463547.599976 4831433.809998 278.320007
463547.590027 4831433.820007 278.369995
463547.580017 4831433.850006 278.399994
463547.900024 4831433.600006 277.760010
463547.880005 4831433.630005 277.760010
463547.900024 4831433.559998 277.910004
463547.830017 4831433.600006 277.929993
463547.849976 4831433.570007 277.730011
463547.859985 4831433.600006 277.690002
463547.849976 4831433.630005 277.720001
463547.820007 4831433.640015 277.799988
463547.659973 4831433.869995 278.500000
463547.789978 4831433.609985 277.859985
463548.030029 4831433.589996 278.200012
463547.570007 4831433.839996 278.410004
463547.590027 4831433.829987 278.420013
463547.890015 4831433.619995 277.760010
463547.849976 4831433.720001 278.019989
463548.150024 4831433.790009 278.350006
463547.609985 4831433.779999 278.399994
463547.609985 4831433.720001 278.269989
463547.820007 4831433.720001 277.959991
463547.869995 4831433.559998 277.760010
463547.849976 4831433.709991 277.959991
463547.859985 4831433.670013 277.950012
463547.820007 4831433.690002 277.950012
463547.849976 4831433.630005 277.869995
463547.859985 4831433.619995 277.839996
463547.890015 4831433.600006 277.809998
463547.849976 4831433.619995 277.839996
463547.859985 4831433.600006 277.820007
463547.840027 4831433.579987 277.910004
463547.859985 4831433.579987 277.790009
463547.590027 4831433.649994 278.290009
463547.570007 4831433.609985 278.269989
463547.580017 4831433.769989 278.230011
463547.619995 4831433.839996 278.420013
463547.640015 4831433.820007 278.329987
463548.070007 4831433.549988 278.109985
463547.570007 4831433.640015 278.339996
463547.570007 4831433.630005 278.260010
463547.599976 4831433.649994 278.380005
463547.570007 4831433.700012 278.440002
463547.590027 4831433.630005 278.260010
463547.580017 4831433.630005 278.239990
463547.559998 4831433.850006 278.339996
463547.590027 4831433.809998 278.250000
463547.609985 4831433.790009 278.250000
463547.890015 4831433.630005 277.829987
463547.940002 4831433.579987 277.679993
463548.010010 4831433.570007 278.190002
463547.880005 4831433.589996 277.720001
463547.859985 4831433.600006 277.730011
463547.869995 4831433.619995 277.779999
463547.630005 4831433.799988 278.239990
463548.080017 4831433.570007 278.119995
463548.099976 4831433.559998 278.109985
463547.960022 4831433.570007 277.709991
463547.969971 4831433.559998 277.679993
463547.900024 4831433.670013 277.829987
463547.900024 4831433.649994 277.779999
463547.919983 4831433.640015 277.760010
463547.960022 4831433.589996 277.679993
463547.989990 4831433.579987 277.670013
463547.869995 4831433.769989 277.940002
463548.250000 4831433.779999 278.239990
463548.210022 4831433.779999 278.239990
463548.239990 4831433.869995 278.429993
463548.250000 4831433.799988 278.410004
463548.239990 4831433.750000 278.239990
463548.260010 4831433.750000 278.369995
463548.239990 4831433.769989 278.390015
463548.260010 4831433.790009 278.390015
463548.239990 4831433.739990 278.390015
463548.250000 4831433.790009 278.410004
463548.229980 4831433.730011 278.299988
463548.250000 4831433.829987 278.410004
463548.260010 4831433.760010 278.380005
463548.239990 4831433.739990 278.380005
463548.270020 4831433.739990 278.369995
463548.270020 4831433.720001 278.369995
463548.219971 4831433.869995 278.380005
463548.229980 4831433.829987 278.390015
463548.229980 4831433.790009 278.329987
463548.250000 4831433.739990 278.329987
463548.270020 4831433.739990 278.359985
463548.250000 4831433.799988 278.359985
463548.229980 4831433.769989 278.239990
463548.229980 4831433.839996 278.420013
463548.239990 4831433.859985 278.390015
463548.250000 4831433.739990 278.299988
463548.250000 4831433.760010 278.339996
463548.239990 4831433.750000 278.339996
463548.239990 4831433.779999 278.339996
463548.229980 4831433.850006 278.420013
463548.250000 4831433.869995 278.390015
463548.250000 4831433.820007 278.429993
463548.200012 4831433.769989 278.250000
463548.250000 4831433.779999 278.420013
463548.239990 4831433.820007 278.420013
463548.270020 4831433.799988 278.420013
463548.270020 4831433.739990 278.380005
463548.289978 4831433.720001 278.369995
463548.229980 4831433.769989 278.250000
463548.270020 4831433.769989 278.390015
463548.239990 4831433.799988 278.399994
463548.270020 4831433.790009 278.399994
463548.229980 4831433.839996 278.420013
463548.260010 4831433.820007 278.410004
463548.250000 4831433.750000 278.339996
463548.270020 4831433.750000 278.380005
463548.219971 4831433.779999 278.250000
463548.250000 4831433.799988 278.399994
463548.239990 4831433.829987 278.410004
463548.260010 4831433.820007 278.399994
463548.219971 4831433.869995 278.390015
463548.229980 4831433.820007 278.420013
463548.280029 4831433.760010 278.380005
463548.260010 4831433.739990 278.279999
463548.270020 4831433.850006 278.410004
463548.260010 4831433.839996 278.339996
463548.669983 4831433.279999 278.059998
463548.590027 4831433.320007 278.440002
463548.570007 4831433.299988 278.429993
