463548.159973 4831429.350006 270.839996
463548.169983 4831429.369995 270.760010
463548.039978 4831429.429993 270.850006
463548.080017 4831429.410004 270.739990
463548.059998 4831429.390015 270.750000
463548.159973 4831429.339996 270.579987
463548.130005 4831429.410004 270.690002
463548.039978 4831429.440002 270.859985
463548.150024 4831429.429993 270.670013
463548.030029 4831429.440002 270.829987
463548.059998 4831429.429993 270.799988
463548.049988 4831429.429993 270.850006
463548.030029 4831429.399994 270.869995
463548.099976 4831429.429993 270.809998
463548.070007 4831429.380005 270.869995
463548.020020 4831429.429993 270.869995
463548.070007 4831429.390015 270.859985
463548.039978 4831429.440002 270.760010
463548.049988 4831429.420013 270.859985
463548.150024 4831429.420013 270.670013
463548.030029 4831429.429993 270.859985
463548.059998 4831429.410004 270.809998
463548.159973 4831429.380005 270.670013
463548.130005 4831429.390015 270.660004
463548.169983 4831429.420013 270.670013
463548.130005 4831429.470001 270.709991
463548.179993 4831429.500000 270.720001
463548.090027 4831429.440002 270.730011
463548.150024 4831429.450012 270.700012
463548.150024 4831429.450012 270.649994
463548.059998 4831429.459991 270.839996
463548.039978 4831429.450012 270.760010
463548.169983 4831429.459991 270.660004
463548.119995 4831429.450012 270.730011
463548.140015 4831429.480011 270.709991
463548.150024 4831429.489990 270.660004
463548.049988 4831429.459991 270.820007
463548.010010 4831429.500000 270.760010
463548.030029 4831429.480011 270.850006
463548.010010 4831429.440002 270.809998
463548.109985 4831429.450012 270.779999
463548.030029 4831429.450012 270.760010
463548.039978 4831429.459991 270.839996
463548.059998 4831429.459991 270.859985
463548.090027 4831429.440002 270.820007
463548.130005 4831429.470001 270.739990
463548.150024 4831429.450012 270.730011
463548.169983 4831429.500000 270.730011
463548.179993 4831429.540009 270.720001
463548.070007 4831429.459991 270.859985
463548.159973 4831429.480011 270.720001
463548.179993 4831429.510010 270.720001
463548.239990 4831429.359985 270.609985
463548.229980 4831429.359985 270.589996
463548.210022 4831429.420013 270.589996
463548.179993 4831429.390015 270.579987
463548.200012 4831429.410004 270.660004
463548.179993 4831429.429993 270.679993
463548.190002 4831429.399994 270.649994
463548.229980 4831429.429993 270.579987
463548.460022 4831429.559998 270.489990
463548.469971 4831429.579987 270.510010
463548.570007 4831429.890015 270.660004
463548.469971 4831429.540009 270.429993
463548.460022 4831429.500000 270.500000
463548.520020 4831429.549988 270.309998
463548.500000 4831429.519989 270.309998
463548.640015 4831429.489990 270.239990
463548.849976 4831430.019989 270.250000
463548.820007 4831429.980011 270.309998
463548.520020 4831429.929993 270.670013
463548.780029 4831429.950012 270.350006
463548.830017 4831429.950012 270.320007
463548.900024 4831430.019989 270.190002
463548.469971 4831429.549988 270.250000
463548.450012 4831429.579987 270.429993
463548.479980 4831429.609985 270.489990
463548.460022 4831429.600006 270.489990
463548.440002 4831429.570007 270.470001
463548.469971 4831429.619995 270.510010
463548.429993 4831429.589996 270.519989
463548.400024 4831429.600006 270.489990
463548.419983 4831430.010010 270.739990
463548.549988 4831429.920013 270.500000
463548.570007 4831429.880005 270.529999
463548.419983 4831429.549988 270.549988
463548.729980 4831429.839996 270.230011
463548.229980 4831429.549988 270.700012
463548.219971 4831429.519989 270.700012
463548.539978 4831429.869995 270.630005
463548.400024 4831429.570007 270.570007
463548.469971 4831429.559998 270.459991
463548.429993 4831429.480011 270.519989
463548.770020 4831429.899994 270.290009
463548.760010 4831429.880005 270.309998
463548.849976 4831430.019989 270.239990
463548.830017 4831430.010010 270.290009
463548.809998 4831429.980011 270.299988
463548.799988 4831429.959991 270.320007
463548.780029 4831429.929993 270.350006
463548.510010 4831430.019989 270.529999
463548.820007 4831429.980011 270.299988
463548.799988 4831429.950012 270.299988
463548.789978 4831429.940002 270.350006
463548.869995 4831429.959991 270.260010
463548.380005 4831430.000000 270.660004
463548.840027 4831430.010010 270.250000
463548.840027 4831429.989990 270.290009
463548.809998 4831429.959991 270.290009
463548.789978 4831429.929993 270.260010
463548.849976 4831429.929993 270.160004
463548.289978 4831429.470001 270.470001
463548.520020 4831429.790009 270.640015
463548.539978 4831429.820007 270.640015
463548.539978 4831429.820007 270.559998
463548.549988 4831429.839996 270.540009
463548.559998 4831429.850006 270.480011
463548.190002 4831429.500000 270.690002
463548.219971 4831429.549988 270.709991
463548.229980 4831429.559998 270.679993
463548.250000 4831429.589996 270.660004
463548.780029 4831429.920013 270.320007
463548.479980 4831429.600006 270.540009
463548.369995 4831429.519989 270.540009
463548.400024 4831429.570007 270.570007
463548.520020 4831429.799988 270.619995
463548.549988 4831429.850006 270.649994
463548.530029 4831429.769989 270.459991
463548.520020 4831429.730011 270.339996
463548.260010 4831429.510010 270.570007
463548.270020 4831429.529999 270.600006
463548.250000 4831429.480011 270.559998
463548.280029 4831429.549988 270.609985
463548.200012 4831429.450012 270.640015
463548.210022 4831429.480011 270.619995
463548.260010 4831429.559998 270.609985
463548.190002 4831429.489990 270.660004
463548.219971 4831429.549988 270.709991
463548.239990 4831429.589996 270.649994
463548.859985 4831429.929993 270.190002
463548.770020 4831429.980011 270.359985
463548.770020 4831429.980011 270.299988
463548.440002 4831430.010010 270.700012
463548.809998 4831429.959991 270.260010
463548.840027 4831430.010010 270.279999
463548.250000 4831429.549988 270.679993
463548.299988 4831429.549988 270.649994
463548.280029 4831429.510010 270.649994
463548.780029 4831429.890015 270.380005
463548.270020 4831429.529999 270.640015
463548.219971 4831429.450012 270.660004
463548.510010 4831429.820007 270.589996
463548.539978 4831429.799988 270.549988
463548.780029 4831429.920013 270.369995
463548.799988 4831429.880005 270.230011
463548.520020 4831429.880005 270.589996
463548.260010 4831429.549988 270.660004
463548.539978 4831429.850006 270.529999
463548.530029 4831429.820007 270.559998
463548.289978 4831429.510010 270.609985
463548.599976 4831429.839996 270.489990
463548.330017 4831429.489990 270.540009
463548.489990 4831429.609985 270.559998
463548.419983 4831429.529999 270.500000
463548.400024 4831430.010010 270.649994
463548.760010 4831429.950012 270.290009
463548.760010 4831429.970001 270.359985
463548.859985 4831430.019989 270.230011
463548.830017 4831429.950012 270.209991
463548.830017 4831429.970001 270.290009
463548.820007 4831429.950012 270.329987
463548.799988 4831429.959991 270.299988
463548.530029 4831429.890015 270.579987
463548.559998 4831429.820007 270.600006
463548.590027 4831429.799988 270.589996
463548.200012 4831429.470001 270.670013
463548.210022 4831429.519989 270.679993
463548.239990 4831429.489990 270.630005
463548.219971 4831429.559998 270.730011
463548.250000 4831429.540009 270.700012
463548.250000 4831429.579987 270.730011
463548.289978 4831429.549988 270.600006
463548.320007 4831429.529999 270.549988
463548.349976 4831429.510010 270.519989
463548.390015 4831429.559998 270.570007
463548.419983 4831429.540009 270.559998
463548.320007 4831429.470001 270.480011
463548.359985 4831429.489990 270.500000
463548.359985 4831429.570007 270.579987
463548.390015 4831429.559998 270.579987
463548.450012 4831429.540009 270.440002
463548.549988 4831429.920013 270.589996
463548.750000 4831429.880005 270.309998
463548.799988 4831429.950012 270.279999
463548.250000 4831429.559998 270.730011
463548.270020 4831429.549988 270.709991
463548.299988 4831429.549988 270.579987
463548.320007 4831429.540009 270.570007
463548.340027 4831429.529999 270.540009
463548.369995 4831429.510010 270.519989
463548.390015 4831429.500000 270.500000
463548.419983 4831429.480011 270.480011
463548.429993 4831429.489990 270.410004
463548.450012 4831429.480011 270.390015
463548.440002 4831429.579987 270.540009
463548.450012 4831429.579987 270.470001
463548.479980 4831429.570007 270.380005
463548.489990 4831429.570007 270.309998
463548.590027 4831429.510010 270.339996
463548.530029 4831429.799988 270.619995
463548.559998 4831429.779999 270.619995
463548.549988 4831429.859985 270.619995
463548.559998 4831429.859985 270.549988
463548.580017 4831429.839996 270.540009
463548.580017 4831429.920013 270.519989
463548.760010 4831429.880005 270.380005
463548.780029 4831429.869995 270.359985
463548.770020 4831429.929993 270.369995
463548.780029 4831429.920013 270.309998
463548.799988 4831429.910004 270.269989
463548.190002 4831429.470001 270.720001
463548.210022 4831429.489990 270.709991
463548.229980 4831429.540009 270.700012
463548.289978 4831429.500000 270.609985
463548.270020 4831429.579987 270.739990
463548.280029 4831429.570007 270.679993
463548.309998 4831429.549988 270.600006
463548.330017 4831429.529999 270.570007
463548.340027 4831429.519989 270.529999
463548.369995 4831429.500000 270.510010
463548.390015 4831429.489990 270.470001
463548.409973 4831429.470001 270.459991
463548.299988 4831429.589996 270.649994
463548.320007 4831429.579987 270.630005
463548.340027 4831429.559998 270.589996
463548.349976 4831429.549988 270.559998
463548.380005 4831429.540009 270.559998
463548.390015 4831429.529999 270.500000
463548.409973 4831429.510010 270.480011
463548.440002 4831429.500000 270.480011
463548.429993 4831429.559998 270.500000
463548.450012 4831429.540009 270.470001
463548.450012 4831429.529999 270.399994
463548.469971 4831429.519989 270.369995
463548.460022 4831429.600006 270.579987
463548.450012 4831429.589996 270.480011
463548.469971 4831429.579987 270.450012
463548.479980 4831429.570007 270.369995
463548.469971 4831429.630005 270.489990
463548.500000 4831429.619995 270.480011
463548.530029 4831429.600006 270.510010
463548.559998 4831429.829987 270.570007
463548.549988 4831429.890015 270.660004
463548.549988 4831429.920013 270.589996
463548.760010 4831429.890015 270.369995
463548.780029 4831429.880005 270.329987
463548.820007 4831429.920013 270.309998
463548.179993 4831429.459991 270.649994
463548.229980 4831429.480011 270.649994
463548.229980 4831429.549988 270.720001
463548.270020 4831429.589996 270.720001
463548.280029 4831429.579987 270.670013
463548.299988 4831429.540009 270.579987
463548.330017 4831429.519989 270.559998
463548.340027 4831429.500000 270.510010
463548.359985 4831429.489990 270.489990
463548.400024 4831429.519989 270.489990
463548.419983 4831429.510010 270.470001
463548.450012 4831429.579987 270.570007
463548.440002 4831429.559998 270.470001
463548.450012 4831429.540009 270.440002
463548.450012 4831429.519989 270.380005
463548.460022 4831429.609985 270.489990
463548.479980 4831429.589996 270.459991
463548.479980 4831429.570007 270.410004
463548.500000 4831429.559998 270.390015
463548.640015 4831429.529999 270.239990
463548.479980 4831429.790009 270.570007
463548.539978 4831429.869995 270.619995
463548.520020 4831429.950012 270.609985
463548.530029 4831429.940002 270.579987
463548.520020 4831430.019989 270.540009
463548.539978 4831430.000000 270.540009
463548.559998 4831429.989990 270.500000
463548.809998 4831429.950012 270.329987
463548.809998 4831429.950012 270.239990
463548.849976 4831429.980011 270.200012
463548.929993 4831429.929993 270.200012
463548.880005 4831430.000000 270.299988
463548.890015 4831430.010010 270.220001
463548.520020 4831429.950012 270.649994
463548.549988 4831429.929993 270.670013
463548.570007 4831429.950012 270.529999
463548.599976 4831429.940002 270.519989
463548.780029 4831429.950012 270.369995
463548.780029 4831429.940002 270.290009
463548.859985 4831429.970001 270.239990
463548.890015 4831429.950012 270.190002
463548.919983 4831429.929993 270.190002
463548.460022 4831430.019989 270.720001
463548.539978 4831429.950012 270.609985
463548.530029 4831430.019989 270.510010
463548.559998 4831430.010010 270.519989
463548.789978 4831429.950012 270.359985
463548.809998 4831429.929993 270.309998
463548.820007 4831430.010010 270.299988
463548.849976 4831429.989990 270.290009
463548.849976 4831429.970001 270.220001
463548.900024 4831429.940002 270.190002
463548.890015 4831430.010010 270.250000
463548.900024 4831429.910004 270.089996
463548.880005 4831429.989990 270.059998
463548.880005 4831429.980011 270.109985
463548.869995 4831429.959991 270.149994
463548.880005 4831429.989990 270.119995
463548.869995 4831429.959991 270.140015
463548.859985 4831429.989990 270.059998
463548.820007 4831429.950012 270.109985
463548.849976 4831430.000000 270.119995
463548.700012 4831429.950012 269.920013
463548.799988 4831429.910004 270.109985
463548.859985 4831430.010010 270.160004
463548.909973 4831429.920013 270.089996
463548.890015 4831430.000000 270.070007
463548.859985 4831429.980011 270.149994
463548.890015 4831429.959991 270.160004
463548.890015 4831430.010010 270.130005
463548.909973 4831430.000000 270.109985
463548.849976 4831429.970001 270.160004
463548.880005 4831430.010010 270.149994
463548.840027 4831429.950012 270.119995
463548.869995 4831429.989990 270.140015
463548.890015 4831429.970001 270.109985
463548.880005 4831430.019989 270.130005
463548.900024 4831430.010010 270.119995
