2.797799989999999752e+02 4.831429869994999841e+06 4.635460599979999824e+05
2.796499939999999924e+02 4.831429880005000159e+06 4.635461199950000155e+05
2.790899959999999851e+02 4.831429119994999841e+06 4.635457800290000159e+05
2.789800109999999904e+02 4.831429059998000041e+06 4.635457100220000139e+05
2.791799930000000245e+02 4.831429079986999743e+06 4.635457800290000159e+05
2.788800049999999828e+02 4.831429320007000118e+06 4.635461300049999845e+05
2.789500120000000152e+02 4.831429040009000339e+06 4.635456099849999882e+05
2.789400019999999927e+02 4.831429040009000339e+06 4.635455999760000268e+05
2.791600040000000149e+02 4.831429089995999821e+06 4.635458099979999824e+05
2.789400019999999927e+02 4.831429369994999841e+06 4.635461900020000176e+05
2.789500120000000152e+02 4.831429420013000257e+06 4.635461799929999979e+05
2.788500060000000076e+02 4.831429410004000179e+06 4.635461799929999979e+05
2.789299930000000245e+02 4.831429399993999861e+06 4.635461799929999979e+05
2.788900150000000053e+02 4.831429390014999546e+06 4.635462000119999866e+05
2.788200069999999755e+02 4.831429339995999821e+06 4.635461799929999979e+05
2.796600040000000149e+02 4.831429630005000159e+06 4.635451599730000016e+05
2.795000000000000000e+02 4.831429660004000179e+06 4.635453699950000155e+05
2.789200129999999831e+02 4.831429440001999959e+06 4.635461900020000176e+05
2.789100040000000149e+02 4.831429450012000278e+06 4.635461699830000289e+05
2.789200129999999831e+02 4.831429450012000278e+06 4.635461900020000176e+05
2.784299930000000245e+02 4.831430010010000318e+06 4.635457500000000000e+05
2.784500120000000152e+02 4.831429959990999661e+06 4.635457299800000037e+05
2.801400150000000053e+02 4.831429859985000454e+06 4.635460100100000273e+05
2.785799870000000169e+02 4.831429980011000298e+06 4.635457600100000273e+05
2.801499939999999924e+02 4.831429540009000339e+06 4.635461699830000289e+05
2.797799989999999752e+02 4.831430010010000318e+06 4.635451099849999882e+05
2.785400089999999977e+02 4.831430019988999702e+06 4.635455999760000268e+05
2.786099849999999947e+02 4.831430019988999702e+06 4.635455900269999984e+05
2.791000060000000076e+02 4.831429980011000298e+06 4.635454000239999732e+05
2.789500120000000152e+02 4.831429989989999682e+06 4.635454600220000139e+05
2.798099980000000073e+02 4.831430019988999702e+06 4.635451199950000155e+05
2.785199890000000096e+02 4.831430000000000000e+06 4.635457100220000139e+05
2.785799870000000169e+02 4.831430019988999702e+06 4.635455499880000134e+05
2.784100040000000149e+02 4.831430000000000000e+06 4.635456599730000016e+05
2.786400150000000053e+02 4.831430010010000318e+06 4.635455499880000134e+05
2.786099849999999947e+02 4.831430000000000000e+06 4.635455800169999711e+05
2.786600040000000149e+02 4.831429980011000298e+06 4.635455800169999711e+05
2.787000120000000152e+02 4.831429970000999980e+06 4.635455800169999711e+05
2.785700069999999755e+02 4.831430010010000318e+06 4.635455599979999824e+05
2.785899959999999851e+02 4.831430010010000318e+06 4.635456099849999882e+05
2.786499939999999924e+02 4.831430019988999702e+06 4.635455999760000268e+05
2.786799930000000245e+02 4.831430000000000000e+06 4.635455999760000268e+05
2.790400089999999977e+02 4.831429329986999743e+06 4.635452000119999866e+05
2.789700010000000248e+02 4.831429480011000298e+06 4.635451799929999979e+05
2.786300049999999828e+02 4.831429679992999882e+06 4.635454299929999979e+05
2.788099980000000073e+02 4.831429510010000318e+06 4.635453499760000268e+05
2.785599980000000073e+02 4.831429750000000000e+06 4.635454899899999727e+05
2.787600100000000225e+02 4.831429640014999546e+06 4.635452100220000139e+05
2.784100040000000149e+02 4.831429859985000454e+06 4.635455200199999963e+05
2.787000120000000152e+02 4.831429940001999959e+06 4.635456099849999882e+05
2.784899899999999775e+02 4.831429950012000278e+06 4.635456199950000155e+05
2.787399899999999775e+02 4.831429679992999882e+06 4.635453900150000118e+05
2.801000060000000076e+02 4.831429880005000159e+06 4.635449500119999866e+05
2.801900019999999927e+02 4.831429869994999841e+06 4.635450300290000159e+05
2.801900019999999927e+02 4.831429880005000159e+06 4.635450200199999963e+05
2.802000120000000152e+02 4.831429850006000139e+06 4.635449799800000037e+05
2.801300049999999828e+02 4.831429899993999861e+06 4.635448300169999711e+05
2.796600040000000149e+02 4.831429940001999959e+06 4.635450599979999824e+05
2.795100100000000225e+02 4.831429920013000257e+06 4.635450499880000134e+05
2.795199890000000096e+02 4.831429959990999661e+06 4.635450900269999984e+05
2.798299870000000169e+02 4.831429970000999980e+06 4.635449400020000176e+05
2.795499879999999848e+02 4.831429970000999980e+06 4.635449799800000037e+05
2.800799870000000169e+02 4.831429880005000159e+06 4.635449199830000289e+05
2.801600040000000149e+02 4.831429829986999743e+06 4.635450300290000159e+05
2.801499939999999924e+02 4.831429820007000118e+06 4.635450800169999711e+05
2.801700129999999831e+02 4.831429880005000159e+06 4.635449000239999732e+05
2.801199950000000172e+02 4.831429869994999841e+06 4.635448800049999845e+05
2.801099849999999947e+02 4.831429890014999546e+06 4.635449299929999979e+05
2.802099910000000023e+02 4.831429820007000118e+06 4.635450900269999984e+05
2.796199950000000172e+02 4.831429859985000454e+06 4.635450700070000021e+05
2.799500120000000152e+02 4.831429890014999546e+06 4.635449899899999727e+05
2.795000000000000000e+02 4.831430000000000000e+06 4.635450999760000268e+05
2.797600100000000225e+02 4.831429989989999682e+06 4.635450900269999984e+05
2.800599980000000073e+02 4.831429760010000318e+06 4.635448599849999882e+05
2.801700129999999831e+02 4.831429940001999959e+06 4.635448099979999824e+05
2.798399959999999851e+02 4.831429950012000278e+06 4.635449500119999866e+05
2.797500000000000000e+02 4.831429890014999546e+06 4.635449199830000289e+05
2.798699950000000172e+02 4.831429880005000159e+06 4.635449000239999732e+05
2.798299870000000169e+02 4.831429950012000278e+06 4.635449400020000176e+05
2.794299930000000245e+02 4.831429989989999682e+06 4.635450900269999984e+05
2.794599910000000023e+02 4.831430010010000318e+06 4.635450999760000268e+05
2.796099849999999947e+02 4.831429950012000278e+06 4.635450000000000000e+05
2.796099849999999947e+02 4.831429970000999980e+06 4.635450200199999963e+05
2.796499939999999924e+02 4.831429980011000298e+06 4.635450300290000159e+05
2.798399959999999851e+02 4.831429970000999980e+06 4.635449600220000139e+05
2.798900150000000053e+02 4.831429980011000298e+06 4.635449699709999841e+05
2.798200069999999755e+02 4.831429970000999980e+06 4.635449600220000139e+05
2.793699950000000172e+02 4.831430000000000000e+06 4.635450800169999711e+05
2.800899959999999851e+02 4.831429880005000159e+06 4.635449500119999866e+05
2.798299870000000169e+02 4.831429940001999959e+06 4.635449500119999866e+05
2.797999879999999848e+02 4.831429899993999861e+06 4.635449299929999979e+05
2.798299870000000169e+02 4.831429880005000159e+06 4.635449099730000016e+05
2.798699950000000172e+02 4.831429850006000139e+06 4.635448900150000118e+05
2.799100040000000149e+02 4.831429829986999743e+06 4.635448599849999882e+05
2.799700010000000248e+02 4.831429799987999722e+06 4.635448599849999882e+05
2.797399899999999775e+02 4.831429940001999959e+06 4.635450000000000000e+05
2.796300049999999828e+02 4.831429859985000454e+06 4.635449400020000176e+05
2.796799930000000245e+02 4.831429809998000041e+06 4.635449099730000016e+05
2.798500060000000076e+02 4.831429940001999959e+06 4.635449699709999841e+05
2.795899959999999851e+02 4.831429929992999882e+06 4.635449799800000037e+05
2.797699890000000096e+02 4.831430010010000318e+06 4.635450100100000273e+05
2.796600040000000149e+02 4.831429989989999682e+06 4.635450100100000273e+05
2.797200010000000248e+02 4.831429959990999661e+06 4.635449799800000037e+05
2.794400019999999927e+02 4.831429970000999980e+06 4.635450999760000268e+05
2.796199950000000172e+02 4.831430000000000000e+06 4.635450300290000159e+05
2.796600040000000149e+02 4.831429970000999980e+06 4.635450100100000273e+05
2.794400019999999927e+02 4.831429989989999682e+06 4.635450999760000268e+05
2.798200069999999755e+02 4.831429970000999980e+06 4.635449799800000037e+05
2.796099849999999947e+02 4.831429959990999661e+06 4.635450000000000000e+05
2.795100100000000225e+02 4.831429980011000298e+06 4.635450800169999711e+05
2.800499879999999848e+02 4.831429709990999661e+06 4.635447700199999963e+05
2.802099910000000023e+02 4.831429899993999861e+06 4.635449400020000176e+05
2.797799989999999752e+02 4.831430000000000000e+06 4.635449199830000289e+05
2.800799870000000169e+02 4.831429880005000159e+06 4.635449400020000176e+05
2.801600040000000149e+02 4.831429890014999546e+06 4.635449299929999979e+05
2.797900089999999977e+02 4.831429929992999882e+06 4.635449299929999979e+05
2.797200010000000248e+02 4.831429869994999841e+06 4.635449099730000016e+05
2.796900019999999927e+02 4.831429829986999743e+06 4.635448900150000118e+05
2.799100040000000149e+02 4.831429700012000278e+06 4.635447899779999861e+05
2.799800109999999904e+02 4.831429779999000020e+06 4.635448300169999711e+05
2.799700010000000248e+02 4.831429750000000000e+06 4.635448099979999824e+05
2.795899959999999851e+02 4.831429929992999882e+06 4.635449799800000037e+05
2.796000060000000076e+02 4.831429910004000179e+06 4.635449600220000139e+05
2.796199950000000172e+02 4.831429880005000159e+06 4.635449500119999866e+05
2.792099910000000023e+02 4.831429739989999682e+06 4.635449500119999866e+05
2.791099849999999947e+02 4.831429839995999821e+06 4.635450599979999824e+05
2.791300049999999828e+02 4.831429829986999743e+06 4.635450499880000134e+05
2.791099849999999947e+02 4.831429820007000118e+06 4.635450800169999711e+05
2.791300049999999828e+02 4.831429829986999743e+06 4.635450399779999861e+05
2.791600040000000149e+02 4.831429809998000041e+06 4.635450399779999861e+05
2.798299870000000169e+02 4.831429970000999980e+06 4.635448900150000118e+05
2.796300049999999828e+02 4.831430000000000000e+06 4.635449799800000037e+05
2.796799930000000245e+02 4.831429989989999682e+06 4.635449699709999841e+05
2.797000120000000152e+02 4.831429970000999980e+06 4.635449600220000139e+05
2.797699890000000096e+02 4.831429970000999980e+06 4.635449500119999866e+05
2.797799989999999752e+02 4.831429950012000278e+06 4.635449400020000176e+05
2.794299930000000245e+02 4.831430019988999702e+06 4.635450599979999824e+05
2.795100100000000225e+02 4.831430000000000000e+06 4.635450399779999861e+05
2.795700069999999755e+02 4.831429970000999980e+06 4.635450200199999963e+05
2.796000060000000076e+02 4.831429959990999661e+06 4.635450100100000273e+05
2.796900019999999927e+02 4.831429970000999980e+06 4.635450000000000000e+05
2.794200129999999831e+02 4.831430010010000318e+06 4.635450999760000268e+05
2.794500120000000152e+02 4.831430000000000000e+06 4.635450800169999711e+05
2.794200129999999831e+02 4.831429950012000278e+06 4.635450599979999824e+05
2.797200010000000248e+02 4.831429989989999682e+06 4.635449500119999866e+05
2.797600100000000225e+02 4.831429980011000298e+06 4.635449500119999866e+05
2.797999879999999848e+02 4.831429959990999661e+06 4.635449400020000176e+05
2.798399959999999851e+02 4.831429950012000278e+06 4.635449299929999979e+05
2.795799870000000169e+02 4.831430010010000318e+06 4.635450300290000159e+05
2.795899959999999851e+02 4.831429989989999682e+06 4.635450200199999963e+05
2.796199950000000172e+02 4.831429970000999980e+06 4.635450100100000273e+05
2.794500120000000152e+02 4.831430010010000318e+06 4.635450900269999984e+05
2.794700010000000248e+02 4.831430010010000318e+06 4.635450800169999711e+05
2.801499939999999924e+02 4.831429940001999959e+06 4.635449500119999866e+05
2.799299930000000245e+02 4.831429679992999882e+06 4.635447899779999861e+05
2.799700010000000248e+02 4.831429750000000000e+06 4.635448400269999984e+05
2.799800109999999904e+02 4.831429769988999702e+06 4.635448599849999882e+05
2.797600100000000225e+02 4.831429940001999959e+06 4.635449799800000037e+05
2.796799930000000245e+02 4.831429929992999882e+06 4.635449699709999841e+05
2.797099910000000023e+02 4.831429980011000298e+06 4.635450000000000000e+05
2.796900019999999927e+02 4.831430000000000000e+06 4.635450200199999963e+05
2.798999939999999924e+02 4.831429970000999980e+06 4.635449400020000176e+05
2.798800049999999828e+02 4.831429989989999682e+06 4.635449600220000139e+05
2.798200069999999755e+02 4.831429980011000298e+06 4.635449500119999866e+05
2.797699890000000096e+02 4.831430019988999702e+06 4.635449799800000037e+05
2.796400150000000053e+02 4.831430010010000318e+06 4.635450200199999963e+05
2.797000120000000152e+02 4.831429970000999980e+06 4.635449099730000016e+05
2.795599980000000073e+02 4.831430000000000000e+06 4.635449600220000139e+05
2.801900019999999927e+02 4.831429910004000179e+06 4.635449299929999979e+05
2.801700129999999831e+02 4.831429899993999861e+06 4.635449099730000016e+05
2.801700129999999831e+02 4.831429910004000179e+06 4.635449199830000289e+05
2.801700129999999831e+02 4.831429910004000179e+06 4.635449199830000289e+05
2.796199950000000172e+02 4.831429899993999861e+06 4.635449299929999979e+05
2.796300049999999828e+02 4.831429920013000257e+06 4.635449299929999979e+05
2.797000120000000152e+02 4.831429940001999959e+06 4.635449299929999979e+05
2.791799930000000245e+02 4.831429799987999722e+06 4.635449899899999727e+05
2.796000060000000076e+02 4.831429940001999959e+06 4.635449400020000176e+05
2.795899959999999851e+02 4.831429959990999661e+06 4.635449799800000037e+05
2.796000060000000076e+02 4.831429980011000298e+06 4.635449799800000037e+05
2.797900089999999977e+02 4.831429989989999682e+06 4.635449299929999979e+05
2.796300049999999828e+02 4.831429989989999682e+06 4.635449899899999727e+05
2.797699890000000096e+02 4.831430010010000318e+06 4.635449199830000289e+05
2.797000120000000152e+02 4.831429989989999682e+06 4.635449699709999841e+05
2.796300049999999828e+02 4.831429989989999682e+06 4.635449899899999727e+05
2.795100100000000225e+02 4.831429899993999861e+06 4.635450100100000273e+05
2.795000000000000000e+02 4.831429929992999882e+06 4.635449600220000139e+05
2.797500000000000000e+02 4.831429880005000159e+06 4.635448800049999845e+05
2.794899899999999775e+02 4.831429920013000257e+06 4.635449799800000037e+05
2.792999879999999848e+02 4.831429920013000257e+06 4.635450700070000021e+05
2.799100040000000149e+02 4.831429820007000118e+06 4.635448300169999711e+05
2.799200129999999831e+02 4.831429779999000020e+06 4.635448300169999711e+05
2.799299930000000245e+02 4.831429760010000318e+06 4.635448200070000021e+05
2.799400019999999927e+02 4.831429730011000298e+06 4.635448200070000021e+05
2.799100040000000149e+02 4.831429720000999980e+06 4.635448099979999824e+05
2.792900089999999977e+02 4.831429950012000278e+06 4.635450700070000021e+05
2.792699890000000096e+02 4.831429970000999980e+06 4.635450499880000134e+05
2.793599849999999947e+02 4.831429950012000278e+06 4.635450200199999963e+05
2.792999879999999848e+02 4.831429950012000278e+06 4.635450200199999963e+05
2.798399959999999851e+02 4.831429940001999959e+06 4.635449099730000016e+05
2.798599849999999947e+02 4.831429970000999980e+06 4.635449400020000176e+05
2.798200069999999755e+02 4.831429950012000278e+06 4.635449199830000289e+05
2.797300109999999904e+02 4.831429929992999882e+06 4.635449199830000289e+05
2.797600100000000225e+02 4.831429829986999743e+06 4.635448800049999845e+05
2.797099910000000023e+02 4.831429880005000159e+06 4.635449400020000176e+05
2.796900019999999927e+02 4.831429899993999861e+06 4.635449299929999979e+05
2.801900019999999927e+02 4.831429929992999882e+06 4.635449799800000037e+05
2.799700010000000248e+02 4.831429760010000318e+06 4.635448200070000021e+05
2.792500000000000000e+02 4.831429790009000339e+06 4.635450100100000273e+05
2.798900150000000053e+02 4.831429869994999841e+06 4.635448699950000155e+05
2.798099980000000073e+02 4.831429929992999882e+06 4.635449099730000016e+05
2.795799870000000169e+02 4.831429920013000257e+06 4.635449699709999841e+05
2.791000060000000076e+02 4.831429899993999861e+06 4.635450999760000268e+05
2.798900150000000053e+02 4.831429690001999959e+06 4.635447999880000134e+05
2.798999939999999924e+02 4.831429730011000298e+06 4.635448099979999824e+05
2.798200069999999755e+02 4.831429750000000000e+06 4.635448300169999711e+05
2.791700129999999831e+02 4.831429820007000118e+06 4.635450399779999861e+05
2.800100100000000225e+02 4.831429709990999661e+06 4.635447999880000134e+05
2.796900019999999927e+02 4.831429950012000278e+06 4.635449600220000139e+05
2.799100040000000149e+02 4.831429980011000298e+06 4.635449299929999979e+05
2.798500060000000076e+02 4.831429970000999980e+06 4.635449600220000139e+05
2.796799930000000245e+02 4.831430019988999702e+06 4.635450000000000000e+05
2.795899959999999851e+02 4.831430010010000318e+06 4.635450399779999861e+05
2.798900150000000053e+02 4.831430010010000318e+06 4.635449199830000289e+05
2.797099910000000023e+02 4.831429970000999980e+06 4.635449600220000139e+05
2.797300109999999904e+02 4.831430019988999702e+06 4.635449799800000037e+05
2.796700129999999831e+02 4.831430000000000000e+06 4.635450000000000000e+05
2.790000000000000000e+02 4.831429950012000278e+06 4.635450700070000021e+05
2.795899959999999851e+02 4.831429920013000257e+06 4.635449699709999841e+05
2.797000120000000152e+02 4.831429920013000257e+06 4.635449500119999866e+05
2.797999879999999848e+02 4.831429920013000257e+06 4.635449299929999979e+05
2.798599849999999947e+02 4.831429929992999882e+06 4.635449099730000016e+05
2.796300049999999828e+02 4.831429880005000159e+06 4.635449400020000176e+05
2.797999879999999848e+02 4.831429899993999861e+06 4.635449500119999866e+05
2.798099980000000073e+02 4.831429950012000278e+06 4.635449199830000289e+05
2.798500060000000076e+02 4.831429970000999980e+06 4.635449099730000016e+05
2.795100100000000225e+02 4.831429970000999980e+06 4.635450300290000159e+05
2.795899959999999851e+02 4.831429970000999980e+06 4.635450100100000273e+05
2.796199950000000172e+02 4.831429980011000298e+06 4.635449799800000037e+05
2.796400150000000053e+02 4.831429989989999682e+06 4.635449600220000139e+05
2.801600040000000149e+02 4.831429869994999841e+06 4.635449899899999727e+05
2.796199950000000172e+02 4.831429890014999546e+06 4.635449699709999841e+05
2.799100040000000149e+02 4.831429829986999743e+06 4.635448599849999882e+05
2.798900150000000053e+02 4.831429940001999959e+06 4.635449500119999866e+05
2.791099849999999947e+02 4.831429820007000118e+06 4.635450599979999824e+05
2.798999939999999924e+02 4.831429959990999661e+06 4.635449299929999979e+05
2.798599849999999947e+02 4.831429950012000278e+06 4.635449500119999866e+05
2.798200069999999755e+02 4.831429950012000278e+06 4.635449600220000139e+05
2.797500000000000000e+02 4.831430010010000318e+06 4.635449899899999727e+05
2.795799870000000169e+02 4.831429989989999682e+06 4.635450399779999861e+05
2.795400089999999977e+02 4.831429980011000298e+06 4.635450599979999824e+05
2.798599849999999947e+02 4.831429959990999661e+06 4.635449600220000139e+05
2.788399959999999851e+02 4.831429910004000179e+06 4.635451799929999979e+05
2.788699950000000172e+02 4.831429980011000298e+06 4.635454699709999841e+05
2.787500000000000000e+02 4.831429950012000278e+06 4.635453900150000118e+05
2.787999879999999848e+02 4.831429959990999661e+06 4.635452800290000159e+05
2.792999879999999848e+02 4.831430019988999702e+06 4.635452299800000037e+05
2.794500120000000152e+02 4.831430010010000318e+06 4.635451500239999732e+05
2.788099980000000073e+02 4.831430019988999702e+06 4.635454099730000016e+05
2.788800049999999828e+02 4.831430010010000318e+06 4.635454000239999732e+05
2.786199950000000172e+02 4.831430019988999702e+06 4.635451799929999979e+05
2.792500000000000000e+02 4.831429989989999682e+06 4.635451900020000176e+05
2.793699950000000172e+02 4.831429959990999661e+06 4.635451300049999845e+05
2.795700069999999755e+02 4.831429899993999861e+06 4.635451400150000118e+05
2.794899899999999775e+02 4.831429910004000179e+06 4.635451500239999732e+05
2.793699950000000172e+02 4.831429929992999882e+06 4.635451799929999979e+05
2.793099980000000073e+02 4.831429920013000257e+06 4.635451900020000176e+05
2.793999939999999924e+02 4.831429929992999882e+06 4.635452199709999841e+05
2.793299870000000169e+02 4.831429869994999841e+06 4.635451900020000176e+05
2.788399959999999851e+02 4.831429809998000041e+06 4.635452199709999841e+05
2.787300109999999904e+02 4.831429880005000159e+06 4.635451400150000118e+05
2.788800049999999828e+02 4.831429940001999959e+06 4.635454799800000037e+05
2.791199950000000172e+02 4.831429959990999661e+06 4.635453200070000021e+05
2.790499879999999848e+02 4.831429980011000298e+06 4.635454000239999732e+05
2.789200129999999831e+02 4.831429970000999980e+06 4.635454500119999866e+05
2.792200010000000248e+02 4.831429970000999980e+06 4.635452800290000159e+05
2.791000060000000076e+02 4.831429970000999980e+06 4.635453599849999882e+05
2.788999939999999924e+02 4.831429980011000298e+06 4.635454400020000176e+05
2.786700129999999831e+02 4.831430000000000000e+06 4.635455300290000159e+05
2.786799930000000245e+02 4.831429940001999959e+06 4.635451799929999979e+05
2.787600100000000225e+02 4.831429940001999959e+06 4.635451799929999979e+05
2.791799930000000245e+02 4.831429940001999959e+06 4.635453499760000268e+05
2.788099980000000073e+02 4.831429899993999861e+06 4.635451799929999979e+05
2.789899899999999775e+02 4.831429970000999980e+06 4.635452100220000139e+05
2.790400089999999977e+02 4.831429980011000298e+06 4.635452100220000139e+05
2.793099980000000073e+02 4.831430019988999702e+06 4.635451699830000289e+05
2.787200010000000248e+02 4.831430010010000318e+06 4.635453900150000118e+05
2.788800049999999828e+02 4.831430019988999702e+06 4.635453800049999845e+05
2.787699890000000096e+02 4.831429959990999661e+06 4.635452999880000134e+05
2.789500120000000152e+02 4.831430010010000318e+06 4.635453099979999824e+05
2.792099910000000023e+02 4.831430010010000318e+06 4.635451900020000176e+05
2.789100040000000149e+02 4.831430000000000000e+06 4.635453200070000021e+05
2.789899899999999775e+02 4.831429940001999959e+06 4.635452299800000037e+05
2.792000120000000152e+02 4.831429920013000257e+06 4.635453200070000021e+05
2.790299989999999752e+02 4.831429929992999882e+06 4.635451900020000176e+05
2.790299989999999752e+02 4.831429899993999861e+06 4.635451799929999979e+05
2.790100100000000225e+02 4.831429880005000159e+06 4.635451599730000016e+05
2.793099980000000073e+02 4.831430019988999702e+06 4.635451500239999732e+05
2.793999939999999924e+02 4.831429989989999682e+06 4.635451199950000155e+05
2.790499879999999848e+02 4.831429980011000298e+06 4.635452500000000000e+05
2.790100100000000225e+02 4.831429959990999661e+06 4.635452399899999727e+05
2.788399959999999851e+02 4.831429989989999682e+06 4.635453699950000155e+05
2.787600100000000225e+02 4.831429959990999661e+06 4.635453699950000155e+05
2.794100040000000149e+02 4.831430019988999702e+06 4.635451199950000155e+05
2.793200069999999755e+02 4.831430010010000318e+06 4.635451599730000016e+05
2.793599849999999947e+02 4.831429989989999682e+06 4.635451400150000118e+05
2.792500000000000000e+02 4.831430019988999702e+06 4.635452100220000139e+05
2.789299930000000245e+02 4.831429970000999980e+06 4.635452500000000000e+05
2.789200129999999831e+02 4.831430019988999702e+06 4.635453699950000155e+05
2.787999879999999848e+02 4.831430000000000000e+06 4.635454099730000016e+05
2.792099910000000023e+02 4.831429980011000298e+06 4.635452500000000000e+05
2.792200010000000248e+02 4.831429980011000298e+06 4.635452700199999963e+05
2.792099910000000023e+02 4.831429940001999959e+06 4.635452800290000159e+05
2.789800109999999904e+02 4.831429920013000257e+06 4.635451300049999845e+05
2.790100100000000225e+02 4.831429950012000278e+06 4.635451799929999979e+05
2.790299989999999752e+02 4.831429929992999882e+06 4.635451699830000289e+05
2.788399959999999851e+02 4.831429940001999959e+06 4.635452299800000037e+05
2.787900089999999977e+02 4.831429940001999959e+06 4.635451799929999979e+05
2.792900089999999977e+02 4.831430019988999702e+06 4.635451300049999845e+05
2.790299989999999752e+02 4.831430010010000318e+06 4.635452500000000000e+05
2.789800109999999904e+02 4.831430019988999702e+06 4.635452800290000159e+05
2.788399959999999851e+02 4.831429970000999980e+06 4.635452800290000159e+05
2.792000120000000152e+02 4.831429959990999661e+06 4.635452800290000159e+05
2.787999879999999848e+02 4.831429980011000298e+06 4.635453300169999711e+05
2.792999879999999848e+02 4.831429899993999861e+06 4.635453499760000268e+05
2.793900150000000053e+02 4.831430019988999702e+06 4.635451099849999882e+05
2.786400150000000053e+02 4.831429980011000298e+06 4.635455599979999824e+05
2.787399899999999775e+02 4.831429989989999682e+06 4.635452800290000159e+05
2.786099849999999947e+02 4.831430010010000318e+06 4.635455300290000159e+05
2.789500120000000152e+02 4.831430010010000318e+06 4.635451900020000176e+05
2.784500120000000152e+02 4.831429970000999980e+06 4.635455200199999963e+05
2.788299870000000169e+02 4.831430010010000318e+06 4.635453400269999984e+05
2.788200069999999755e+02 4.831429920013000257e+06 4.635451599730000016e+05
2.792999879999999848e+02 4.831429920013000257e+06 4.635452899779999861e+05
2.787799989999999752e+02 4.831429920013000257e+06 4.635452000119999866e+05
2.787900089999999977e+02 4.831429940001999959e+06 4.635451900020000176e+05
2.787900089999999977e+02 4.831429929992999882e+06 4.635452000119999866e+05
2.788200069999999755e+02 4.831429950012000278e+06 4.635451599730000016e+05
2.787999879999999848e+02 4.831430000000000000e+06 4.635453400269999984e+05
2.787600100000000225e+02 4.831429989989999682e+06 4.635453099979999824e+05
2.793200069999999755e+02 4.831430019988999702e+06 4.635451099849999882e+05
2.787099910000000023e+02 4.831430010010000318e+06 4.635453400269999984e+05
2.787500000000000000e+02 4.831429950012000278e+06 4.635452600100000273e+05
2.787399899999999775e+02 4.831429980011000298e+06 4.635452600100000273e+05
2.787399899999999775e+02 4.831429959990999661e+06 4.635452600100000273e+05
2.787200010000000248e+02 4.831429989989999682e+06 4.635452700199999963e+05
2.787200010000000248e+02 4.831430000000000000e+06 4.635453099979999824e+05
2.789800109999999904e+02 4.831430000000000000e+06 4.635452299800000037e+05
2.792500000000000000e+02 4.831430019988999702e+06 4.635451500239999732e+05
2.790499879999999848e+02 4.831430000000000000e+06 4.635452600100000273e+05
2.787099910000000023e+02 4.831430000000000000e+06 4.635453099979999824e+05
2.790299989999999752e+02 4.831430019988999702e+06 4.635452199709999841e+05
2.793800049999999828e+02 4.831429820007000118e+06 4.635451699830000289e+05
2.789400019999999927e+02 4.831429910004000179e+06 4.635452700199999963e+05
2.786199950000000172e+02 4.831429970000999980e+06 4.635455399779999861e+05
2.787900089999999977e+02 4.831429980011000298e+06 4.635454299929999979e+05
2.789500120000000152e+02 4.831429940001999959e+06 4.635451599730000016e+05
2.790799870000000169e+02 4.831429910004000179e+06 4.635451300049999845e+05
2.788699950000000172e+02 4.831429980011000298e+06 4.635452299800000037e+05
2.787799989999999752e+02 4.831429970000999980e+06 4.635452700199999963e+05
2.787500000000000000e+02 4.831430010010000318e+06 4.635453300169999711e+05
2.787999879999999848e+02 4.831430000000000000e+06 4.635453400269999984e+05
2.788399959999999851e+02 4.831429950012000278e+06 4.635451799929999979e+05
2.790299989999999752e+02 4.831429959990999661e+06 4.635451900020000176e+05
2.789800109999999904e+02 4.831430000000000000e+06 4.635452000119999866e+05
2.789100040000000149e+02 4.831429980011000298e+06 4.635452199709999841e+05
2.792099910000000023e+02 4.831429970000999980e+06 4.635452999880000134e+05
2.792600100000000225e+02 4.831429959990999661e+06 4.635453200070000021e+05
2.788800049999999828e+02 4.831430010010000318e+06 4.635452600100000273e+05
2.787799989999999752e+02 4.831430010010000318e+06 4.635453200070000021e+05
2.787399899999999775e+02 4.831430019988999702e+06 4.635453599849999882e+05
2.785299989999999752e+02 4.831429989989999682e+06 4.635455700070000021e+05
2.792600100000000225e+02 4.831429899993999861e+06 4.635452999880000134e+05
2.788299870000000169e+02 4.831429910004000179e+06 4.635451900020000176e+05
2.787999879999999848e+02 4.831429920013000257e+06 4.635451699830000289e+05
2.787600100000000225e+02 4.831429970000999980e+06 4.635452999880000134e+05
2.787600100000000225e+02 4.831429950012000278e+06 4.635452600100000273e+05
2.787900089999999977e+02 4.831429959990999661e+06 4.635452399899999727e+05
2.789200129999999831e+02 4.831429899993999861e+06 4.635451599730000016e+05
2.787300109999999904e+02 4.831430000000000000e+06 4.635453800049999845e+05
2.793500060000000076e+02 4.831430010010000318e+06 4.635451699830000289e+05
2.792799989999999752e+02 4.831430010010000318e+06 4.635451699830000289e+05
2.792099910000000023e+02 4.831430019988999702e+06 4.635452000119999866e+05
2.787500000000000000e+02 4.831429970000999980e+06 4.635453200070000021e+05
2.799800109999999904e+02 4.831429679992999882e+06 4.635447600100000273e+05
2.800299989999999752e+02 4.831429700012000278e+06 4.635448099979999824e+05
2.800000000000000000e+02 4.831429649993999861e+06 4.635447700199999963e+05
2.790499879999999848e+02 4.831429640014999546e+06 4.635447600100000273e+05
2.797099910000000023e+02 4.831429410004000179e+06 4.635447000119999866e+05
2.797000120000000152e+02 4.831429450012000278e+06 4.635447199709999841e+05
2.797999879999999848e+02 4.831429500000000000e+06 4.635446500239999732e+05
2.798200069999999755e+02 4.831429820007000118e+06 4.635446699830000289e+05
2.802099910000000023e+02 4.831429959990999661e+06 4.635447299800000037e+05
2.801499939999999924e+02 4.831429829986999743e+06 4.635446900020000176e+05
2.797000120000000152e+02 4.831429480011000298e+06 4.635445300290000159e+05
