463547.960022 4831429.640015 279.750000
463547.940002 4831429.630005 279.709991
463547.950012 4831429.649994 279.739990
463547.960022 4831429.640015 279.730011
463547.969971 4831429.649994 279.750000
463547.969971 4831429.649994 279.750000
463547.950012 4831429.649994 279.750000
463547.940002 4831429.660004 279.700012
463547.940002 4831429.709991 279.589996
463547.929993 4831429.690002 279.649994
463547.919983 4831429.779999 279.489990
463547.950012 4831429.640015 279.690002
463547.960022 4831429.670013 279.579987
463547.919983 4831429.720001 279.489990
463547.979980 4831429.670013 279.529999
463547.950012 4831429.640015 279.540009
463547.979980 4831429.619995 279.640015
463547.969971 4831429.589996 279.619995
463547.989990 4831429.570007 279.709991
463548.020020 4831429.559998 279.739990
463547.979980 4831429.679993 279.500000
463548.010010 4831429.619995 279.649994
463547.989990 4831429.589996 279.649994
463547.880005 4831429.690002 279.609985
463547.880005 4831429.709991 279.690002
463547.890015 4831429.709991 279.640015
463547.849976 4831429.829987 279.450012
463547.840027 4831429.809998 279.480011
463547.840027 4831429.820007 279.540009
463547.869995 4831429.790009 279.480011
463547.840027 4831429.739990 279.540009
463547.820007 4831429.690002 279.609985
463547.859985 4831429.670013 279.690002
463547.869995 4831429.820007 279.420013
463547.869995 4831429.609985 279.679993
463547.849976 4831429.739990 279.630005
463547.909973 4831429.660004 279.700012
463547.919983 4831429.660004 279.640015
463548.090027 4831430.010010 279.519989
463547.940002 4831430.019989 279.600006
463547.979980 4831430.029999 279.440002
463547.960022 4831430.019989 279.510010
463547.960022 4831430.079987 279.369995
463547.950012 4831430.029999 279.450012
463547.940002 4831430.029999 279.510010
463547.929993 4831430.019989 279.359985
463547.960022 4831430.059998 279.350006
463547.940002 4831430.049988 279.420013
463547.960022 4831430.119995 279.279999
463548.020020 4831430.049988 279.420013
463548.000000 4831429.970001 279.529999
463548.020020 4831429.970001 279.459991
463548.049988 4831430.119995 279.179993
463548.020020 4831430.010010 279.450012
463548.090027 4831430.010010 279.440002
463548.010010 4831430.019989 279.480011
463547.909973 4831430.049988 279.410004
463547.900024 4831429.910004 279.549988
463547.940002 4831430.070007 279.369995
463547.919983 4831430.040009 279.410004
463547.919983 4831429.950012 279.380005
463548.179993 4831430.070007 279.019989
463547.909973 4831430.049988 279.549988
463547.950012 4831430.109985 279.369995
463548.169983 4831430.109985 279.000000
463547.900024 4831430.059998 279.399994
463547.900024 4831430.049988 279.440002
463547.880005 4831430.000000 279.440002
463547.880005 4831430.019989 279.510010
463547.880005 4831430.040009 279.579987
463547.909973 4831430.049988 279.440002
463547.909973 4831430.049988 279.500000
463548.159973 4831430.070007 279.160004
463547.919983 4831430.089996 279.380005
463547.919983 4831430.079987 279.429993
463547.909973 4831430.049988 279.500000
463547.909973 4831430.029999 279.540009
463548.179993 4831430.079987 279.160004
463548.169983 4831430.119995 279.029999
463548.150024 4831430.089996 279.190002
463548.000000 4831430.040009 279.450012
463547.869995 4831430.079987 279.410004
463547.900024 4831430.119995 279.309998
463547.900024 4831429.959991 279.390015
463547.909973 4831430.000000 279.600006
463547.900024 4831430.040009 279.500000
463547.929993 4831430.019989 279.510010
463547.919983 4831430.000000 279.470001
463547.890015 4831430.019989 279.459991
463548.159973 4831430.089996 279.190002
463547.869995 4831429.899994 279.619995
463547.909973 4831430.070007 279.369995
463547.929993 4831430.059998 279.359985
463547.909973 4831430.049988 279.589996
463547.890015 4831430.010010 279.510010
463547.909973 4831430.029999 279.380005
463547.909973 4831430.049988 279.600006
463548.179993 4831430.059998 279.140015
463548.159973 4831430.119995 278.950012
463547.890015 4831430.079987 279.369995
463547.929993 4831430.010010 279.529999
463548.119995 4831430.089996 279.059998
463548.210022 4831430.079987 278.989990
463548.200012 4831430.089996 279.049988
463548.200012 4831430.109985 279.089996
463548.190002 4831430.119995 278.989990
463548.190002 4831430.089996 279.019989
463548.210022 4831430.049988 279.040009
463548.190002 4831430.029999 279.059998
463548.210022 4831430.100006 279.000000
463548.200012 4831430.109985 279.029999
463548.190002 4831430.079987 279.130005
463548.200012 4831430.059998 279.070007
463548.179993 4831430.109985 278.989990
463548.190002 4831430.119995 279.059998
463548.210022 4831430.070007 279.019989
463548.200012 4831430.049988 279.070007
463548.210022 4831430.100006 279.000000
463548.210022 4831430.079987 279.029999
463548.210022 4831430.100006 279.059998
463548.200012 4831430.019989 279.049988
463548.229980 4831430.109985 278.970001
463548.159973 4831429.959991 279.600006
463548.119995 4831430.000000 279.559998
463548.090027 4831430.010010 279.660004
463548.130005 4831429.959991 279.630005
463548.179993 4831429.950012 279.720001
463548.179993 4831429.940002 279.660004
463548.130005 4831429.980011 279.619995
463548.130005 4831429.980011 279.570007
463548.150024 4831429.940002 279.670013
463548.159973 4831429.950012 279.630005
463548.109985 4831430.010010 279.570007
463548.130005 4831429.940002 279.670013
463548.130005 4831429.980011 279.600006
463548.150024 4831429.970001 279.609985
463548.419983 4831429.440002 279.750000
463548.530029 4831429.429993 279.700012
463548.380005 4831429.420013 279.709991
463548.429993 4831429.489990 279.690002
463548.409973 4831429.489990 279.670013
463548.419983 4831429.500000 279.700012
463548.429993 4831429.529999 279.679993
463548.409973 4831429.529999 279.660004
463548.380005 4831429.619995 279.559998
463548.309998 4831429.920013 279.230011
463548.219971 4831429.899994 279.690002
463548.770020 4831429.890015 279.730011
463548.369995 4831429.600006 279.559998
463548.219971 4831429.899994 279.660004
463548.760010 4831429.980011 279.519989
463548.770020 4831429.989990 279.559998
463548.770020 4831430.000000 279.660004
463548.299988 4831430.019989 279.140015
463548.270020 4831430.070007 279.029999
463548.219971 4831429.940002 279.649994
463548.799988 4831429.940002 279.619995
463548.780029 4831429.929993 279.700012
463548.780029 4831429.940002 279.739990
463548.780029 4831429.940002 279.609985
463548.760010 4831429.929993 279.670013
463548.760010 4831429.940002 279.709991
463548.760010 4831429.950012 279.750000
463548.799988 4831429.970001 279.459991
463548.780029 4831429.959991 279.529999
463548.760010 4831429.950012 279.600006
463548.760010 4831429.970001 279.700012
463548.770020 4831429.980011 279.459991
463548.750000 4831429.970001 279.529999
463548.739990 4831429.970001 279.579987
463548.739990 4831429.980011 279.630005
463548.750000 4831430.010010 279.660004
463548.739990 4831429.970001 279.440002
463548.739990 4831429.970001 279.500000
463548.729980 4831429.980011 279.559998
463548.729980 4831429.989990 279.609985
463548.739990 4831429.970001 279.440002
463548.729980 4831429.980011 279.489990
463548.729980 4831429.980011 279.549988
463548.729980 4831430.000000 279.600006
463548.719971 4831429.970001 279.390015
463548.719971 4831429.980011 279.429993
463548.719971 4831429.980011 279.480011
463548.719971 4831429.989990 279.519989
463548.719971 4831430.000000 279.559998
463548.729980 4831430.000000 279.269989
463548.719971 4831430.000000 279.329987
463548.710022 4831430.000000 279.399994
463548.700012 4831430.010010 279.450012
463548.710022 4831430.029999 279.480011
463548.710022 4831430.010010 279.260010
463548.700012 4831430.010010 279.320007
463548.690002 4831430.010010 279.380005
463548.700012 4831430.029999 279.420013
463548.669983 4831430.010010 279.220001
463548.669983 4831430.029999 279.269989
463548.669983 4831430.029999 279.320007
463548.669983 4831430.049988 279.339996
463548.580017 4831429.959991 279.239990
463548.599976 4831430.059998 278.970001
463548.570007 4831430.079987 278.769989
463548.549988 4831430.079987 278.829987
463548.520020 4831430.049988 278.929993
463548.549988 4831430.100006 278.929993
463548.510010 4831430.119995 278.739990
463548.289978 4831430.000000 279.100006
463548.239990 4831430.070007 279.010010
463548.760010 4831429.929993 279.630005
463548.750000 4831429.940002 279.690002
463548.750000 4831429.959991 279.730011
463548.750000 4831429.959991 279.480011
463548.719971 4831429.970001 279.589996
463548.690002 4831429.959991 279.670013
463548.700012 4831429.959991 279.390015
463548.700012 4831429.970001 279.429993
463548.700012 4831429.989990 279.470001
463548.710022 4831430.010010 279.500000
463548.690002 4831429.989990 279.290009
463548.679993 4831430.000000 279.339996
463548.690002 4831430.029999 279.369995
463548.640015 4831430.000000 279.250000
463548.650024 4831430.019989 279.279999
463548.650024 4831430.040009 279.320007
463548.510010 4831429.929993 279.209991
463548.469971 4831429.959991 279.209991
463548.539978 4831430.040009 278.980011
463548.549988 4831430.059998 279.010010
463548.539978 4831430.059998 278.899994
463548.460022 4831430.010010 279.029999
463548.559998 4831430.089996 278.709991
463548.530029 4831430.079987 278.799988
463548.489990 4831430.070007 278.890015
463548.549988 4831430.100006 278.630005
463548.510010 4831430.100006 278.760010
463548.510010 4831430.119995 278.799988
463548.260010 4831429.940002 279.149994
463548.500000 4831430.100006 278.630005
463548.260010 4831430.000000 279.109985
463548.489990 4831430.109985 278.519989
463548.229980 4831429.989990 279.049988
463548.200012 4831429.989990 279.130005
463548.219971 4831430.019989 279.149994
463548.270020 4831429.910004 279.230011
463548.510010 4831429.920013 279.290009
463548.429993 4831429.609985 279.500000
463548.460022 4831429.559998 279.559998
463548.479980 4831429.470001 279.640015
463548.479980 4831429.470001 279.589996
463548.280029 4831429.869995 279.649994
463548.270020 4831429.859985 279.679993
463548.229980 4831430.109985 279.269989
463548.260010 4831430.089996 278.929993
463548.320007 4831430.010010 279.019989
463548.330017 4831429.950012 279.079987
463548.559998 4831430.109985 278.660004
463548.539978 4831430.079987 278.649994
463548.559998 4831430.079987 278.579987
463548.559998 4831430.079987 278.510010
463548.570007 4831430.059998 278.690002
463548.580017 4831430.059998 278.630005
463548.580017 4831430.049988 278.589996
463548.559998 4831430.010010 278.829987
463548.729980 4831430.019989 279.250000
463548.710022 4831429.989990 279.230011
463548.770020 4831430.019989 279.359985
463548.750000 4831429.989990 279.350006
463548.739990 4831429.980011 279.329987
463548.739990 4831429.970001 279.290009
463548.739990 4831429.959991 279.250000
463548.739990 4831429.940002 279.200012
463548.799988 4831429.989990 279.519989
463548.789978 4831429.959991 279.500000
463548.780029 4831429.950012 279.459991
463548.780029 4831429.940002 279.410004
463548.789978 4831429.940002 279.350006
463548.270020 4831430.070007 279.200012
463548.299988 4831430.029999 279.190002
463548.299988 4831430.029999 279.149994
463548.570007 4831430.100006 278.640015
463548.570007 4831430.100006 278.549988
463548.669983 4831429.989990 279.279999
463548.669983 4831430.019989 278.869995
463548.770020 4831430.019989 279.329987
463548.750000 4831430.000000 279.299988
463548.750000 4831430.000000 279.260010
463548.739990 4831429.989990 279.220001
463548.739990 4831429.989990 279.170013
463548.799988 4831429.950012 279.500000
463548.799988 4831429.950012 279.380005
463548.799988 4831429.950012 279.320007
463548.570007 4831430.089996 278.630005
463548.559998 4831430.100006 278.519989
463548.710022 4831430.029999 279.170013
463548.700012 4831430.029999 279.130005
463548.799988 4831429.950012 279.529999
463548.789978 4831429.950012 279.459991
463548.780029 4831429.959991 279.410004
463548.780029 4831429.970001 279.350006
463548.770020 4831429.970001 279.299988
463548.750000 4831429.980011 279.179993
463548.750000 4831430.000000 279.109985
463548.409973 4831429.480011 279.730011
463548.400024 4831429.540009 279.679993
463548.380005 4831429.549988 279.630005
463548.760010 4831429.910004 279.750000
463548.349976 4831429.619995 279.549988
463548.400024 4831429.470001 279.750000
463548.729980 4831429.899994 279.670013
463548.719971 4831429.920013 279.720001
463548.380005 4831429.510010 279.649994
463548.349976 4831429.559998 279.600006
463548.299988 4831429.869995 279.649994
463548.630005 4831430.070007 279.299988
463548.590027 4831430.079987 279.040009
463548.510010 4831430.109985 278.970001
463548.719971 4831429.929993 279.679993
463548.700012 4831430.000000 279.570007
463548.700012 4831430.010010 279.600006
463548.659973 4831430.010010 279.480011
463548.679993 4831430.040009 279.480011
463548.580017 4831430.100006 279.089996
463548.460022 4831430.000000 279.299988
463548.479980 4831430.119995 278.859985
463548.260010 4831430.049988 279.049988
463548.729980 4831429.940002 279.739990
463548.700012 4831429.959991 279.619995
463548.710022 4831429.989990 279.630005
463548.679993 4831429.970001 279.440002
463548.690002 4831429.989990 279.459991
463548.690002 4831430.010010 279.480011
463548.650024 4831430.000000 279.350006
463548.659973 4831430.019989 279.369995
463548.679993 4831430.049988 279.369995
463548.630005 4831430.049988 279.329987
463548.590027 4831430.029999 279.230011
463548.619995 4831430.059998 279.209991
463548.590027 4831430.040009 279.149994
463548.599976 4831430.059998 279.160004
463548.570007 4831430.059998 279.130005
463548.599976 4831430.100006 279.109985
463548.570007 4831430.089996 279.089996
463548.530029 4831430.049988 279.070007
463548.539978 4831430.089996 279.130005
463548.539978 4831430.079987 278.989990
463548.549988 4831430.109985 279.000000
463548.520020 4831430.070007 278.929993
463548.520020 4831430.089996 278.970001
463548.549988 4831430.119995 278.950012
463548.489990 4831430.059998 278.880005
463548.510010 4831430.089996 278.880005
463548.450012 4831430.089996 278.859985
463548.489990 4831430.119995 278.799988
463548.390015 4831429.529999 279.630005
463548.510010 4831430.119995 278.809998
463548.500000 4831430.089996 278.790009
463548.729980 4831430.019989 279.519989
463548.710022 4831429.980011 279.579987
463548.700012 4831429.959991 279.579987
463548.770020 4831429.959991 279.739990
463548.190002 4831430.059998 279.190002
463548.239990 4831430.079987 279.000000
463548.349976 4831429.600006 279.630005
463548.380005 4831429.510010 279.750000
463548.340027 4831429.609985 279.589996
463548.590027 4831430.089996 279.149994
463548.580017 4831430.089996 279.200012
463548.539978 4831430.049988 279.329987
463548.530029 4831430.029999 279.309998
463548.539978 4831430.059998 279.320007
463548.539978 4831430.049988 279.299988
463548.239990 4831430.049988 279.059998
463548.190002 4831430.089996 279.190002
463548.719971 4831429.980011 279.750000
463548.739990 4831430.000000 279.730011
463548.679993 4831430.040009 279.570007
463548.650024 4831430.049988 279.470001
463548.619995 4831430.089996 279.299988
463548.659973 4831430.010010 279.649994
463548.679993 4831430.019989 279.589996
463548.690002 4831430.049988 279.609985
463548.679993 4831430.000000 279.640015
463548.700012 4831430.019989 279.609985
463548.710022 4831430.040009 279.609985
463548.710022 4831430.019989 279.630005
463548.659973 4831430.010010 279.609985
463548.669983 4831430.040009 279.609985
463548.690002 4831430.049988 279.559998
463548.719971 4831430.040009 279.450012
463548.299988 4831429.959991 279.010010
463548.270020 4831430.000000 279.100006
463548.679993 4831430.000000 279.660004
463548.700012 4831430.029999 279.660004
463548.719971 4831430.040009 279.609985
463548.690002 4831430.010010 279.660004
463548.700012 4831430.029999 279.649994
463548.260010 4831430.029999 279.359985
463548.320007 4831429.609985 279.549988
463548.349976 4831429.559998 279.609985
463548.380005 4831429.540009 279.690002
463548.190002 4831430.049988 279.170013
463548.229980 4831430.040009 279.049988
463548.219971 4831430.019989 279.059998
463548.210022 4831430.029999 279.160004
463548.219971 4831430.000000 279.140015
463548.239990 4831430.000000 279.119995
463548.250000 4831429.940002 279.200012
463548.510010 4831430.119995 278.899994
463548.599976 4831430.089996 279.019989
463548.590027 4831430.089996 279.079987
463548.500000 4831430.000000 279.329987
463548.599976 4831430.049988 279.239990
463548.650024 4831430.040009 279.380005
463548.640015 4831430.040009 279.450012
463548.700012 4831430.029999 279.410004
463548.690002 4831430.029999 279.480011
463548.669983 4831430.010010 279.489990
463548.659973 4831429.989990 279.519989
463548.739990 4831430.000000 279.450012
463548.729980 4831430.010010 279.510010
463548.719971 4831430.010010 279.570007
463548.690002 4831429.980011 279.640015
463548.679993 4831429.959991 279.660004
463548.770020 4831429.989990 279.470001
463548.739990 4831429.980011 279.670013
463548.729980 4831429.970001 279.700012
463548.719971 4831429.959991 279.730011
463548.700012 4831429.940002 279.739990
463548.760010 4831429.950012 279.679993
463548.760010 4831429.959991 279.750000
463548.770020 4831429.929993 279.739990
463548.489990 4831430.000000 279.350006
463548.679993 4831430.070007 279.220001
463548.690002 4831430.059998 279.420013
463548.739990 4831430.019989 279.559998
463548.739990 4831430.010010 279.630005
463548.590027 4831430.119995 278.950012
463548.609985 4831430.119995 279.059998
463548.619995 4831430.109985 279.109985
463548.630005 4831430.100006 279.190002
463548.679993 4831430.070007 279.179993
463548.359985 4831429.619995 279.609985
463548.380005 4831429.630005 279.570007
463548.390015 4831429.510010 279.730011
463548.359985 4831429.519989 279.700012
463548.380005 4831429.540009 279.690002
463548.359985 4831429.540009 279.709991
463548.369995 4831429.549988 279.670013
463548.349976 4831429.579987 279.630005
463548.369995 4831429.600006 279.609985
463548.750000 4831430.010010 279.739990
463548.690002 4831430.070007 279.269989
463548.700012 4831430.089996 279.250000
463548.630005 4831430.119995 279.190002
463548.630005 4831430.119995 279.140015
463548.500000 4831430.029999 279.350006
463548.520020 4831430.049988 279.339996
463548.309998 4831429.970001 279.320007
463548.309998 4831429.959991 279.260010
463548.299988 4831429.980011 279.299988
463548.280029 4831430.029999 279.119995
463548.190002 4831429.970001 279.649994
463548.239990 4831430.049988 279.119995
463548.250000 4831430.059998 279.089996
463548.599976 4831430.119995 279.059998
463548.609985 4831430.119995 279.010010
463548.570007 4831430.119995 278.790009
463548.429993 4831430.089996 278.600006
463548.219971 4831430.049988 279.149994
463548.760010 4831430.019989 279.709991
463548.729980 4831430.029999 279.660004
463548.710022 4831430.049988 279.600006
463548.690002 4831430.049988 279.549988
463548.669983 4831430.079987 279.540009
463548.630005 4831430.070007 279.440002
463548.659973 4831430.100006 279.380005
463548.619995 4831430.089996 279.309998
463548.640015 4831430.100006 279.269989
463548.650024 4831430.119995 279.239990
463548.590027 4831430.100006 279.230011
463548.609985 4831430.119995 279.200012
463548.619995 4831430.119995 279.149994
463548.549988 4831430.109985 279.119995
463548.270020 4831430.010010 279.369995
463548.280029 4831430.029999 279.350006
463548.299988 4831430.059998 279.339996
463548.219971 4831430.019989 279.190002
463548.239990 4831430.019989 279.149994
463548.250000 4831430.029999 279.119995
463548.219971 4831430.089996 279.049988
463548.309998 4831429.619995 279.570007
463548.330017 4831429.559998 279.609985
463548.359985 4831429.549988 279.670013
463548.349976 4831429.519989 279.700012
463548.260010 4831429.929993 279.230011
463548.260010 4831429.920013 279.269989
463548.380005 4831429.559998 279.640015
463548.380005 4831429.549988 279.679993
463548.219971 4831430.019989 279.130005
463548.250000 4831429.959991 279.179993
463548.229980 4831429.950012 279.209991
463548.229980 4831429.959991 279.279999
463548.520020 4831430.079987 278.559998
463548.520020 4831430.109985 278.769989
463548.539978 4831430.109985 279.049988
463548.539978 4831430.109985 279.089996
463548.489990 4831430.040009 279.279999
463548.479980 4831430.040009 279.329987
463548.590027 4831430.109985 279.070007
463548.590027 4831430.100006 279.119995
463548.580017 4831430.100006 279.170013
463548.570007 4831430.079987 279.209991
463548.539978 4831430.040009 279.260010
463548.539978 4831430.040009 279.309998
463548.710022 4831430.059998 279.470001
463548.700012 4831430.049988 279.519989
463548.750000 4831430.010010 279.470001
463548.799988 4831429.980011 279.500000
463548.200012 4831430.040009 279.109985
463548.250000 4831430.040009 279.109985
463548.229980 4831430.000000 279.119995
463548.270020 4831429.980011 279.290009
463548.280029 4831430.010010 279.369995
463548.510010 4831430.119995 278.720001
463548.580017 4831430.119995 279.010010
463548.580017 4831430.119995 279.059998
463548.580017 4831430.119995 279.109985
463548.570007 4831430.109985 279.160004
463548.549988 4831430.059998 279.269989
463548.619995 4831430.079987 279.070007
463548.609985 4831430.059998 279.109985
463548.630005 4831430.089996 279.200012
463548.640015 4831430.089996 279.309998
463548.640015 4831430.079987 279.399994
463548.679993 4831430.059998 279.380005
463548.679993 4831430.059998 279.429993
463548.690002 4831430.070007 279.489990
463548.679993 4831430.059998 279.519989
463548.659973 4831430.019989 279.540009
463548.659973 4831430.010010 279.579987
463548.719971 4831430.019989 279.540009
463548.719971 4831430.019989 279.589996
463548.729980 4831430.019989 279.640015
463548.719971 4831430.010010 279.690002
463548.719971 4831430.000000 279.730011
463548.770020 4831429.980011 279.700012
463548.770020 4831429.970001 279.750000
463548.250000 4831430.040009 279.070007
463548.299988 4831430.049988 279.350006
463548.280029 4831429.980011 279.100006
463548.539978 4831430.089996 279.279999
463548.510010 4831430.040009 279.290009
463548.479980 4831430.010010 279.309998
463548.599976 4831430.119995 279.089996
463548.599976 4831430.109985 279.130005
463548.570007 4831430.049988 279.239990
463548.619995 4831430.059998 279.070007
463548.650024 4831430.079987 279.160004
463548.669983 4831430.089996 279.230011
463548.679993 4831430.079987 279.279999
463548.690002 4831430.079987 279.350006
463548.700012 4831430.070007 279.399994
463548.700012 4831430.059998 279.459991
463548.700012 4831430.049988 279.510010
463548.710022 4831430.040009 279.600006
463548.700012 4831430.019989 279.630005
463548.710022 4831430.029999 279.350006
463548.729980 4831430.029999 279.410004
463548.729980 4831430.029999 279.470001
463548.729980 4831430.019989 279.510010
463548.739990 4831430.010010 279.559998
463548.750000 4831430.010010 279.630005
463548.760010 4831430.010010 279.679993
463548.750000 4831429.989990 279.730011
463548.780029 4831429.959991 279.670013
463548.780029 4831429.950012 279.720001
463548.330017 4831429.559998 279.739990
463548.349976 4831429.579987 279.649994
463548.349976 4831429.579987 279.660004
463548.340027 4831429.579987 279.649994
463548.340027 4831429.570007 279.649994
463548.330017 4831429.570007 279.649994
463548.340027 4831429.589996 279.660004
463548.299988 4831429.579987 279.609985
463548.309998 4831429.609985 279.570007
463548.309998 4831429.640015 279.559998
463548.640015 4831430.010010 279.489990
463548.650024 4831430.029999 279.559998
463548.520020 4831430.079987 279.000000
463548.530029 4831430.089996 279.119995
463548.520020 4831430.119995 279.040009
463548.229980 4831430.010010 279.220001
463548.219971 4831430.040009 279.160004
463548.210022 4831430.070007 279.089996
463548.219971 4831430.019989 279.179993
463548.219971 4831430.049988 279.200012
463548.210022 4831430.079987 279.109985
463548.239990 4831430.029999 279.260010
463548.219971 4831430.049988 279.130005
463548.580017 4831430.079987 279.260010
463548.580017 4831430.019989 279.049988
463548.570007 4831430.119995 279.089996
463548.520020 4831430.070007 279.130005
463548.659973 4831429.989990 279.630005
463548.669983 4831430.010010 279.619995
463548.640015 4831430.010010 279.410004
463548.630005 4831430.029999 279.459991
463548.630005 4831430.059998 279.429993
463548.650024 4831430.089996 279.369995
463548.479980 4831430.100006 278.799988
463548.460022 4831430.119995 278.859985
463548.219971 4831429.970001 279.190002
463548.380005 4831430.059998 278.630005
463548.359985 4831430.079987 278.609985
463548.229980 4831429.880005 279.730011
463548.340027 4831429.839996 279.739990
463548.349976 4831429.549988 279.640015
463548.580017 4831430.100006 279.010010
463548.599976 4831430.079987 279.190002
463548.669983 4831430.040009 279.470001
463548.719971 4831429.940002 279.720001
463548.590027 4831430.049988 279.239990
463548.619995 4831430.040009 279.299988
463548.650024 4831430.029999 279.369995
463548.650024 4831430.040009 279.429993
463548.669983 4831430.040009 279.470001
463548.679993 4831430.040009 279.519989
463548.679993 4831430.040009 279.570007
463548.690002 4831430.040009 279.619995
463548.679993 4831430.059998 279.709991
463548.719971 4831430.029999 279.700012
463548.750000 4831430.010010 279.690002
463548.760010 4831430.010010 279.730011
463548.669983 4831429.970001 279.619995
463548.690002 4831429.970001 279.649994
463548.710022 4831429.959991 279.679993
463548.729980 4831429.959991 279.730011
463548.590027 4831430.070007 279.140015
463548.659973 4831430.070007 279.309998
463548.380005 4831429.500000 279.660004
463548.359985 4831429.510010 279.660004
463548.340027 4831429.519989 279.630005
463548.330017 4831429.600006 279.470001
463548.309998 4831429.609985 279.459991
463548.380005 4831429.480011 279.619995
463548.729980 4831429.910004 279.570007
463548.530029 4831430.119995 278.750000
463548.530029 4831430.109985 278.859985
463548.500000 4831430.119995 278.779999
463548.570007 4831430.100006 279.010010
463548.510010 4831430.119995 278.859985
463548.510010 4831430.119995 278.790009
463548.520020 4831430.109985 278.850006
463548.500000 4831430.119995 278.829987
463548.489990 4831430.119995 278.779999
463548.539978 4831430.100006 278.859985
463548.520020 4831430.119995 278.839996
463548.500000 4831430.119995 278.779999
463548.580017 4831430.089996 279.059998
463548.570007 4831430.100006 279.019989
463548.539978 4831430.100006 278.920013
463548.510010 4831430.119995 278.850006
463548.500000 4831430.119995 278.809998
463548.479980 4831430.119995 278.769989
463548.619995 4831430.059998 279.170013
463548.599976 4831430.059998 279.070007
463548.580017 4831430.070007 279.049988
463548.559998 4831430.079987 279.029999
463548.500000 4831430.100006 278.869995
463548.489990 4831430.100006 278.829987
463548.469971 4831430.100006 278.779999
463548.460022 4831430.109985 278.730011
463548.710022 4831429.989990 279.559998
463548.690002 4831430.000000 279.529999
463548.650024 4831430.010010 279.450012
463548.640015 4831430.010010 279.399994
463548.630005 4831430.010010 279.359985
463548.630005 4831430.010010 279.299988
463548.570007 4831430.029999 279.149994
463548.559998 4831430.019989 279.079987
463548.719971 4831429.929993 279.720001
463548.700012 4831429.929993 279.679993
463548.690002 4831429.929993 279.630005
463548.679993 4831429.940002 279.609985
463548.669983 4831429.940002 279.549988
463548.650024 4831429.950012 279.519989
463548.690002 4831429.959991 279.429993
463548.679993 4831429.970001 279.410004
463548.679993 4831429.980011 279.350006
463548.679993 4831429.980011 279.279999
463548.650024 4831430.000000 279.279999
463548.510010 4831430.079987 278.709991
463548.500000 4831430.089996 278.670013
463548.489990 4831430.040009 278.720001
463548.479980 4831430.070007 278.649994
463548.450012 4831430.109985 278.529999
463548.239990 4831429.989990 279.019989
463548.400024 4831429.510010 279.750000
463548.789978 4831430.019989 279.540009
463548.770020 4831430.019989 279.709991
463548.549988 4831430.119995 279.010010
463548.570007 4831430.100006 279.019989
463548.500000 4831430.029999 279.350006
463548.559998 4831430.070007 279.279999
463548.659973 4831430.040009 279.369995
463548.719971 4831430.059998 279.559998
463548.750000 4831430.040009 279.540009
463548.710022 4831430.089996 279.399994
463548.770020 4831430.070007 279.470001
463548.799988 4831430.049988 279.459991
463548.650024 4831430.119995 279.200012
463548.700012 4831430.100006 279.220001
463548.309998 4831429.890015 279.190002
463548.200012 4831429.899994 279.649994
463548.760010 4831430.010010 279.500000
463548.719971 4831429.980011 279.750000
463548.690002 4831429.989990 279.700012
463548.229980 4831430.010010 279.130005
463548.210022 4831430.019989 279.140015
463548.700012 4831429.970001 279.700012
463548.669983 4831430.000000 279.540009
463548.640015 4831430.029999 279.429993
463548.619995 4831430.049988 279.329987
463548.590027 4831430.089996 279.119995
463548.690002 4831430.070007 279.130005
463548.200012 4831430.079987 279.170013
463548.229980 4831430.070007 279.160004
463548.280029 4831430.029999 279.089996
463548.650024 4831430.089996 279.220001
463548.710022 4831430.079987 279.269989
