463547.710022 4831430.459991 269.309998
463547.719971 4831430.410004 268.929993
463547.710022 4831430.399994 268.809998
463547.710022 4831430.399994 268.730011
463547.700012 4831430.399994 268.660004
463547.710022 4831430.420013 268.549988
463547.700012 4831430.399994 268.510010
463547.729980 4831430.369995 268.890015
463547.719971 4831430.369995 268.850006
463547.719971 4831430.359985 268.790009
463547.710022 4831430.350006 268.739990
463547.729980 4831430.380005 268.619995
463547.719971 4831430.380005 268.559998
463547.729980 4831430.339996 268.859985
463547.719971 4831430.339996 268.790009
463547.710022 4831430.320007 268.750000
463547.739990 4831430.329987 268.899994
463547.739990 4831430.329987 268.829987
463547.729980 4831430.309998 268.799988
463547.750000 4831430.320007 268.850006
463547.739990 4831430.309998 268.799988
463547.739990 4831430.299988 268.750000
463547.760010 4831430.299988 268.839996
463547.760010 4831430.309998 268.769989
463547.739990 4831430.279999 268.739990
463547.739990 4831430.309998 268.209991
463547.760010 4831430.279999 268.869995
463547.760010 4831430.290009 268.700012
463547.760010 4831430.309998 268.179993
463547.739990 4831430.290009 268.100006
463547.750000 4831430.309998 267.910004
463547.770020 4831430.250000 268.859985
463547.770020 4831430.269989 268.720001
463547.760010 4831430.299988 267.910004
463547.760010 4831430.279999 267.660004
463547.789978 4831430.290009 267.649994
463547.770020 4831430.269989 267.630005
463547.780029 4831430.339996 268.119995
463547.840027 4831430.329987 268.329987
463547.820007 4831430.329987 268.440002
463547.789978 4831430.339996 268.670013
463547.809998 4831430.309998 267.970001
463547.789978 4831430.309998 268.109985
463547.789978 4831430.320007 268.200012
463547.809998 4831430.339996 267.619995
463547.789978 4831430.329987 267.790009
463547.770020 4831430.329987 267.910004
463547.739990 4831430.320007 268.059998
463547.729980 4831430.329987 268.160004
463547.719971 4831430.329987 268.269989
463547.710022 4831430.339996 268.359985
463547.679993 4831430.350006 268.579987
463547.679993 4831430.369995 268.649994
463547.770020 4831430.339996 267.700012
463547.739990 4831430.329987 267.869995
463547.710022 4831430.329987 268.019989
463547.700012 4831430.329987 268.130005
463547.690002 4831430.339996 268.230011
463547.679993 4831430.350006 268.309998
463547.650024 4831430.359985 268.600006
463547.650024 4831430.369995 268.670013
463547.719971 4831430.339996 267.709991
463547.710022 4831430.339996 267.809998
463547.690002 4831430.339996 267.929993
463547.679993 4831430.350006 268.029999
463547.679993 4831430.359985 268.100006
463547.640015 4831430.380005 268.420013
463547.640015 4831430.399994 268.480011
463547.679993 4831430.350006 267.619995
463547.669983 4831430.359985 267.730011
463547.659973 4831430.359985 267.820007
463547.650024 4831430.369995 267.920013
463547.640015 4831430.380005 267.989990
463547.619995 4831430.399994 268.269989
463547.630005 4831430.399994 267.709991
463547.619995 4831430.410004 267.799988
463547.599976 4831430.420013 267.989990
463547.599976 4831430.429993 268.070007
463547.599976 4831430.440002 267.670013
463547.599976 4831430.459991 267.730011
463547.650024 4831430.410004 268.559998
463547.650024 4831430.450012 268.000000
463547.630005 4831430.420013 268.059998
463547.659973 4831430.329987 268.809998
463547.659973 4831430.359985 268.320007
463547.650024 4831430.350006 268.220001
463547.700012 4831430.309998 268.859985
463547.760010 4831430.299988 268.910004
463547.789978 4831430.269989 268.799988
463547.909973 4831430.359985 268.750000
463547.849976 4831430.290009 268.519989
463547.840027 4831430.279999 268.329987
463547.909973 4831430.369995 269.339996
463547.890015 4831430.339996 269.350006
463547.770020 4831430.299988 268.149994
463547.890015 4831430.399994 268.890015
463547.900024 4831430.380005 269.350006
463547.890015 4831430.420013 269.089996
463547.880005 4831430.459991 268.709991
463547.890015 4831430.440002 268.779999
463547.909973 4831430.440002 268.600006
463547.900024 4831430.390015 268.750000
463547.900024 4831430.450012 268.320007
463547.869995 4831430.450012 268.730011
463547.859985 4831430.440002 268.769989
463547.869995 4831430.459991 269.299988
463547.880005 4831430.429993 268.950012
463547.849976 4831430.380005 268.950012
463547.869995 4831430.440002 269.019989
463547.909973 4831430.459991 268.869995
463547.880005 4831430.410004 268.880005
463547.859985 4831430.390015 268.899994
463547.890015 4831430.399994 268.989990
463547.890015 4831430.459991 268.510010
463547.909973 4831430.440002 268.679993
463547.739990 4831430.299988 268.899994
463547.729980 4831430.320007 268.950012
463547.739990 4831430.309998 267.799988
463547.580017 4831430.429993 268.609985
463547.599976 4831430.380005 268.359985
463547.619995 4831430.390015 268.190002
463547.609985 4831430.420013 268.200012
463547.599976 4831430.450012 268.230011
463547.580017 4831430.459991 268.329987
463547.590027 4831430.450012 268.359985
463547.599976 4831430.359985 268.339996
463547.599976 4831430.399994 268.350006
463547.580017 4831430.420013 268.390015
463547.580017 4831430.450012 268.410004
463547.580017 4831430.359985 268.140015
463547.570007 4831430.390015 268.170013
463547.570007 4831430.429993 268.160004
463547.580017 4831430.459991 268.119995
463547.549988 4831430.450012 268.869995
463547.559998 4831430.429993 268.850006
463547.799988 4831430.359985 267.679993
463547.849976 4831430.350006 268.309998
463547.869995 4831430.359985 268.170013
463547.869995 4831430.380005 267.940002
463547.880005 4831430.380005 268.890015
463547.880005 4831430.390015 268.709991
463547.890015 4831430.390015 268.630005
463547.890015 4831430.420013 268.410004
463547.909973 4831430.420013 268.940002
463547.909973 4831430.440002 268.730011
463547.919983 4831430.440002 268.649994
463547.859985 4831430.380005 268.869995
463547.840027 4831430.339996 268.350006
463547.909973 4831430.429993 268.989990
463547.909973 4831430.420013 268.910004
463547.919983 4831430.410004 268.859985
463547.869995 4831430.380005 268.290009
463547.869995 4831430.369995 268.190002
463547.890015 4831430.350006 268.140015
463547.820007 4831430.359985 267.869995
463547.900024 4831430.459991 268.600006
463547.890015 4831430.399994 269.369995
463547.890015 4831430.399994 269.369995
463547.900024 4831430.420013 269.369995
463547.820007 4831430.350006 268.989990
463547.869995 4831430.380005 268.619995
463547.849976 4831430.350006 268.480011
463547.869995 4831430.380005 268.450012
463547.929993 4831430.459991 268.600006
463547.909973 4831430.450012 268.510010
463547.880005 4831430.380005 268.459991
463547.880005 4831430.380005 268.450012
463547.840027 4831430.350006 268.529999
463547.849976 4831430.359985 268.589996
463547.840027 4831430.339996 268.489990
463547.859985 4831430.369995 268.540009
463547.859985 4831430.369995 268.549988
463547.929993 4831430.459991 268.619995
463547.909973 4831430.459991 268.519989
463547.909973 4831430.380005 268.250000
463547.929993 4831430.459991 268.600006
463547.929993 4831430.450012 268.540009
463547.909973 4831430.450012 268.540009
463547.919983 4831430.450012 268.570007
463547.929993 4831430.459991 268.630005
463547.929993 4831430.459991 268.579987
463547.919983 4831430.459991 268.529999
463547.909973 4831430.390015 268.279999
463547.929993 4831430.420013 268.279999
463547.950012 4831430.440002 268.209991
463547.909973 4831430.420013 267.899994
463547.859985 4831430.399994 267.619995
463547.710022 4831430.470001 269.359985
463547.619995 4831430.660004 268.570007
463547.650024 4831430.660004 268.579987
463547.650024 4831430.579987 268.329987
463547.599976 4831430.470001 267.809998
463547.609985 4831430.559998 267.619995
463547.630005 4831430.589996 267.619995
463547.599976 4831430.529999 268.640015
463547.659973 4831430.660004 269.380005
463547.630005 4831430.480011 268.679993
463547.650024 4831430.500000 268.059998
463547.799988 4831430.589996 268.970001
463547.849976 4831430.570007 268.779999
463547.580017 4831430.510010 269.260010
463547.590027 4831430.540009 269.279999
463547.669983 4831430.640015 269.190002
463547.580017 4831430.549988 269.100006
463547.619995 4831430.619995 269.049988
463547.580017 4831430.480011 269.190002
463547.570007 4831430.540009 269.299988
463547.630005 4831430.609985 269.260010
463547.640015 4831430.640015 269.250000
463547.619995 4831430.579987 269.200012
463547.739990 4831430.609985 268.890015
463547.760010 4831430.630005 268.869995
463547.590027 4831430.570007 269.239990
463547.609985 4831430.589996 269.220001
463547.739990 4831430.619995 268.890015
463547.760010 4831430.649994 268.890015
463547.630005 4831430.640015 269.049988
463547.570007 4831430.549988 269.100006
463547.679993 4831430.630005 268.730011
463547.710022 4831430.640015 268.679993
463547.590027 4831430.549988 268.359985
463547.599976 4831430.579987 268.369995
463547.619995 4831430.609985 268.359985
463547.830017 4831430.559998 267.630005
463547.820007 4831430.559998 267.730011
463547.809998 4831430.570007 267.839996
463547.650024 4831430.559998 268.869995
463547.789978 4831430.579987 268.690002
463547.780029 4831430.579987 268.769989
463547.919983 4831430.510010 268.320007
463547.599976 4831430.609985 268.510010
463547.619995 4831430.559998 268.690002
463547.609985 4831430.529999 268.700012
463547.619995 4831430.549988 268.859985
463547.659973 4831430.579987 269.179993
463547.659973 4831430.579987 269.279999
463547.669983 4831430.579987 269.369995
463547.659973 4831430.600006 267.660004
463547.659973 4831430.600006 267.739990
463547.640015 4831430.570007 267.739990
463547.669983 4831430.579987 268.170013
463547.679993 4831430.589996 268.309998
463547.679993 4831430.589996 268.420013
463547.690002 4831430.589996 268.529999
463547.700012 4831430.600006 268.660004
463547.700012 4831430.600006 268.760010
463547.710022 4831430.600006 268.859985
463547.710022 4831430.600006 268.950012
463547.719971 4831430.600006 269.029999
463547.710022 4831430.579987 269.089996
463547.700012 4831430.600006 267.709991
463547.700012 4831430.600006 267.809998
463547.710022 4831430.589996 268.279999
463547.719971 4831430.589996 268.369995
463547.729980 4831430.589996 268.489990
463547.729980 4831430.600006 268.609985
463547.729980 4831430.589996 268.690002
463547.739990 4831430.600006 268.809998
463547.750000 4831430.600006 268.920013
463547.750000 4831430.600006 269.019989
463547.760010 4831430.600006 269.130005
463547.739990 4831430.619995 267.690002
463547.739990 4831430.609985 267.779999
463547.770020 4831430.619995 268.329987
463547.770020 4831430.600006 268.570007
463547.770020 4831430.600006 268.660004
463547.780029 4831430.600006 268.760010
463547.780029 4831430.600006 268.850006
463547.780029 4831430.600006 268.940002
463547.780029 4831430.600006 269.040009
463547.789978 4831430.600006 269.140015
463547.799988 4831430.609985 269.269989
463547.770020 4831430.600006 267.700012
463547.789978 4831430.589996 268.420013
463547.799988 4831430.589996 268.540009
463547.809998 4831430.600006 268.670013
463547.820007 4831430.600006 268.799988
463547.809998 4831430.589996 268.850006
463547.809998 4831430.579987 268.910004
463547.820007 4831430.589996 269.040009
463547.820007 4831430.589996 269.130005
463547.820007 4831430.579987 269.200012
463547.830017 4831430.579987 269.299988
463547.809998 4831430.600006 267.640015
463547.809998 4831430.600006 267.730011
463547.840027 4831430.579987 268.489990
463547.840027 4831430.579987 268.579987
463547.840027 4831430.579987 268.670013
463547.859985 4831430.579987 269.089996
463547.780029 4831430.630005 269.399994
463547.750000 4831430.619995 269.320007
463547.760010 4831430.609985 269.390015
463547.859985 4831430.570007 268.529999
463547.900024 4831430.459991 269.010010
463547.760010 4831430.630005 267.640015
463547.820007 4831430.609985 267.940002
463547.849976 4831430.600006 268.130005
463547.869995 4831430.549988 268.359985
463547.869995 4831430.529999 268.410004
463547.859985 4831430.510010 268.459991
463547.909973 4831430.540009 268.329987
463547.880005 4831430.500000 268.299988
463547.890015 4831430.489990 268.380005
463547.890015 4831430.470001 268.450012
463547.840027 4831430.579987 267.660004
463547.849976 4831430.570007 267.739990
463547.890015 4831430.570007 267.910004
463547.919983 4831430.519989 268.230011
463547.900024 4831430.489990 268.220001
463547.900024 4831430.470001 268.260010
463547.859985 4831430.559998 267.619995
463547.869995 4831430.549988 267.709991
463547.869995 4831430.529999 267.769989
463547.890015 4831430.529999 267.880005
463547.989990 4831430.480011 268.450012
463547.880005 4831430.510010 267.670013
463547.909973 4831430.529999 269.320007
463547.880005 4831430.510010 268.850006
463547.909973 4831430.559998 268.829987
463547.869995 4831430.510010 268.459991
463547.880005 4831430.519989 268.420013
463547.909973 4831430.579987 268.119995
463547.900024 4831430.570007 268.029999
463547.859985 4831430.519989 267.869995
463547.840027 4831430.589996 268.500000
463547.840027 4831430.589996 268.440002
463547.840027 4831430.609985 267.980011
463547.840027 4831430.609985 267.920013
463547.780029 4831430.619995 269.209991
463547.780029 4831430.619995 269.140015
463547.780029 4831430.619995 269.089996
463547.780029 4831430.630005 269.029999
463547.780029 4831430.630005 268.980011
463547.799988 4831430.660004 268.970001
463547.770020 4831430.619995 268.609985
463547.760010 4831430.619995 268.540009
463547.780029 4831430.640015 268.500000
463547.750000 4831430.630005 267.929993
463547.750000 4831430.640015 267.649994
463547.760010 4831430.660004 267.630005
463547.739990 4831430.630005 269.380005
463547.739990 4831430.630005 269.320007
463547.739990 4831430.640015 269.269989
463547.739990 4831430.640015 269.190002
463547.739990 4831430.640015 269.140015
463547.729980 4831430.630005 269.049988
463547.729980 4831430.630005 268.910004
463547.719971 4831430.640015 268.630005
463547.710022 4831430.630005 268.549988
463547.710022 4831430.630005 268.489990
463547.710022 4831430.630005 268.420013
463547.719971 4831430.640015 268.390015
463547.750000 4831430.690002 268.339996
463547.719971 4831430.649994 268.119995
463547.700012 4831430.640015 268.010010
463547.700012 4831430.640015 267.929993
463547.669983 4831430.609985 269.399994
463547.669983 4831430.619995 269.140015
463547.669983 4831430.619995 269.059998
463547.650024 4831430.609985 268.920013
463547.640015 4831430.600006 268.839996
463547.659973 4831430.619995 268.799988
463547.650024 4831430.619995 269.250000
463547.659973 4831430.640015 269.209991
463547.630005 4831430.600006 269.070007
463547.669983 4831430.649994 269.100006
463547.630005 4831430.619995 268.880005
463547.609985 4831430.589996 268.750000
463547.630005 4831430.609985 268.739990
463547.619995 4831430.619995 268.339996
463547.880005 4831430.519989 269.390015
463547.880005 4831430.489990 269.279999
463547.830017 4831430.579987 269.380005
463547.840027 4831430.579987 269.320007
463547.840027 4831430.549988 269.209991
463547.849976 4831430.549988 269.149994
463547.849976 4831430.540009 269.079987
463547.869995 4831430.570007 269.070007
463547.859985 4831430.510010 268.850006
463547.770020 4831430.630005 269.390015
463547.780029 4831430.630005 269.329987
463547.789978 4831430.630005 269.260010
463547.799988 4831430.649994 269.250000
463547.809998 4831430.609985 268.970001
463547.820007 4831430.600006 268.910004
463547.830017 4831430.609985 268.859985
463547.840027 4831430.619995 268.809998
463547.840027 4831430.589996 268.709991
463547.849976 4831430.549988 268.459991
463547.859985 4831430.549988 268.390015
463547.890015 4831430.480011 267.839996
463547.719971 4831430.630005 269.380005
463547.729980 4831430.640015 269.309998
463547.739990 4831430.640015 269.260010
463547.739990 4831430.640015 269.200012
463547.770020 4831430.640015 269.029999
463547.789978 4831430.649994 268.929993
463547.809998 4831430.579987 268.429993
463547.830017 4831430.609985 268.420013
463547.849976 4831430.500000 267.799988
463547.700012 4831430.630005 269.350006
463547.710022 4831430.630005 269.290009
463547.719971 4831430.640015 269.230011
463547.729980 4831430.640015 269.170013
463547.739990 4831430.649994 269.130005
463547.750000 4831430.630005 268.970001
463547.770020 4831430.640015 268.880005
463547.770020 4831430.630005 268.799988
463547.780029 4831430.630005 268.730011
463547.789978 4831430.630005 268.679993
463547.799988 4831430.649994 268.640015
463547.789978 4831430.609985 268.510010
463547.799988 4831430.600006 268.440002
463547.809998 4831430.609985 268.380005
463547.849976 4831430.579987 267.970001
463547.849976 4831430.549988 267.859985
463547.849976 4831430.540009 267.790009
463547.669983 4831430.619995 269.399994
463547.679993 4831430.630005 269.359985
463547.679993 4831430.630005 269.290009
463547.690002 4831430.630005 269.239990
463547.700012 4831430.630005 269.190002
463547.710022 4831430.640015 269.119995
463547.729980 4831430.670013 269.109985
463547.729980 4831430.649994 269.010010
463547.750000 4831430.660004 268.970001
463547.739990 4831430.630005 268.859985
463547.750000 4831430.630005 268.799988
463547.760010 4831430.630005 268.739990
463547.760010 4831430.630005 268.679993
463547.770020 4831430.630005 268.630005
463547.780029 4831430.609985 268.529999
463547.780029 4831430.609985 268.459991
463547.789978 4831430.609985 268.399994
463547.830017 4831430.589996 267.989990
463547.830017 4831430.559998 267.890015
463547.840027 4831430.559998 267.829987
463547.859985 4831430.589996 267.809998
463547.849976 4831430.540009 267.679993
463547.640015 4831430.619995 269.390015
463547.650024 4831430.619995 269.329987
463547.659973 4831430.630005 269.269989
463547.669983 4831430.640015 269.230011
463547.679993 4831430.640015 269.179993
463547.679993 4831430.630005 269.109985
463547.690002 4831430.630005 269.049988
463547.700012 4831430.640015 269.000000
463547.719971 4831430.679993 269.000000
463547.729980 4831430.640015 268.809998
463547.739990 4831430.640015 268.750000
463547.739990 4831430.630005 268.679993
463547.750000 4831430.640015 268.609985
463547.760010 4831430.630005 268.540009
463547.760010 4831430.619995 268.480011
463547.770020 4831430.619995 268.420013
463547.789978 4831430.649994 268.399994
463547.820007 4831430.630005 268.049988
463547.820007 4831430.589996 267.920013
463547.849976 4831430.660004 267.970001
463547.840027 4831430.579987 267.720001
463547.609985 4831430.579987 269.399994
463547.619995 4831430.589996 269.369995
463547.640015 4831430.609985 269.339996
463547.640015 4831430.609985 269.290009
463547.659973 4831430.619995 269.239990
463547.669983 4831430.630005 269.179993
463547.669983 4831430.619995 269.100006
463547.679993 4831430.619995 269.040009
463547.700012 4831430.649994 269.029999
463547.719971 4831430.630005 268.760010
463547.729980 4831430.630005 268.709991
463547.739990 4831430.640015 268.649994
463547.750000 4831430.630005 268.570007
463547.760010 4831430.619995 268.510010
463547.760010 4831430.619995 268.429993
463547.789978 4831430.660004 268.420013
463547.830017 4831430.660004 268.119995
463547.809998 4831430.589996 267.959991
463547.820007 4831430.589996 267.899994
463547.830017 4831430.579987 267.739990
463547.849976 4831430.609985 267.730011
463547.609985 4831430.579987 269.399994
463547.619995 4831430.600006 269.369995
463547.630005 4831430.609985 269.339996
463547.650024 4831430.619995 269.290009
463547.659973 4831430.630005 269.250000
463547.659973 4831430.630005 269.190002
463547.669983 4831430.619995 269.119995
463547.679993 4831430.619995 269.059998
463547.690002 4831430.630005 269.010010
463547.729980 4831430.630005 268.750000
463547.729980 4831430.630005 268.700012
463547.739990 4831430.640015 268.649994
463547.750000 4831430.630005 268.579987
463547.750000 4831430.630005 268.519989
463547.760010 4831430.619995 268.450012
463547.780029 4831430.640015 268.410004
463547.809998 4831430.609985 268.040009
463547.809998 4831430.589996 267.950012
463547.820007 4831430.589996 267.899994
463547.840027 4831430.589996 267.720001
463547.599976 4831430.589996 269.380005
463547.619995 4831430.609985 269.359985
463547.630005 4831430.619995 269.309998
463547.640015 4831430.619995 269.260010
463547.650024 4831430.630005 269.209991
463547.659973 4831430.630005 269.140015
463547.669983 4831430.619995 269.059998
463547.679993 4831430.630005 269.019989
463547.700012 4831430.679993 269.029999
463547.710022 4831430.640015 268.799988
463547.719971 4831430.640015 268.739990
463547.729980 4831430.640015 268.670013
463547.739990 4831430.640015 268.619995
463547.739990 4831430.630005 268.540009
463547.750000 4831430.630005 268.459991
463547.770020 4831430.640015 268.410004
463547.799988 4831430.609985 268.010010
463547.809998 4831430.600006 267.920013
463547.830017 4831430.589996 267.709991
463547.590027 4831430.589996 269.260010
463547.599976 4831430.589996 269.200012
463547.609985 4831430.600006 269.160004
463547.619995 4831430.600006 269.089996
463547.630005 4831430.600006 269.040009
463547.640015 4831430.609985 268.989990
463547.679993 4831430.630005 268.760010
463547.690002 4831430.630005 268.709991
463547.700012 4831430.630005 268.660004
463547.710022 4831430.630005 268.589996
463547.710022 4831430.630005 268.540009
463547.719971 4831430.630005 268.470001
463547.729980 4831430.619995 268.399994
463547.770020 4831430.679993 268.359985
463547.770020 4831430.630005 268.089996
463547.780029 4831430.619995 268.010010
463547.780029 4831430.609985 267.940002
463547.799988 4831430.640015 267.929993
463547.809998 4831430.609985 267.750000
463547.820007 4831430.609985 267.700012
463547.580017 4831430.549988 268.790009
463547.590027 4831430.570007 268.760010
463547.609985 4831430.600006 268.750000
463547.619995 4831430.589996 268.670013
463547.630005 4831430.600006 268.640015
463547.640015 4831430.609985 268.600006
463547.650024 4831430.619995 268.540009
463547.659973 4831430.630005 268.489990
463547.669983 4831430.630005 268.420013
463547.679993 4831430.630005 268.359985
463547.700012 4831430.649994 268.329987
463547.710022 4831430.660004 268.290009
463547.739990 4831430.709991 268.320007
463547.719971 4831430.630005 268.130005
463547.729980 4831430.649994 268.100006
463547.729980 4831430.630005 268.010010
463547.739990 4831430.630005 267.950012
463547.760010 4831430.649994 267.920013
463547.780029 4831430.660004 267.799988
463547.809998 4831430.679993 267.649994
463547.590027 4831430.579987 268.399994
463547.599976 4831430.570007 268.320007
463547.609985 4831430.589996 268.290009
463547.619995 4831430.600006 268.260010
463547.630005 4831430.609985 268.209991
463547.650024 4831430.630005 268.190002
463547.710022 4831430.720001 268.149994
463547.599976 4831430.600006 267.929993
463547.650024 4831430.649994 267.779999
463547.679993 4831430.709991 267.820007
463547.679993 4831430.679993 267.709991
463547.710022 4831430.609985 267.760010
463547.700012 4831430.600006 267.799988
463547.609985 4831430.579987 268.589996
463547.590027 4831430.540009 268.600006
463547.650024 4831430.579987 268.570007
463547.650024 4831430.579987 268.619995
463547.630005 4831430.570007 268.709991
463547.760010 4831430.609985 268.160004
463547.710022 4831430.589996 268.609985
463547.710022 4831430.600006 268.670013
463547.700012 4831430.600006 268.730011
463547.690002 4831430.600006 268.799988
463547.679993 4831430.589996 268.859985
463547.669983 4831430.579987 268.890015
463547.770020 4831430.600006 268.529999
463547.760010 4831430.600006 268.649994
463547.739990 4831430.589996 268.809998
463547.739990 4831430.619995 268.899994
463547.809998 4831430.559998 268.450012
463547.809998 4831430.579987 268.529999
463547.799988 4831430.579987 268.589996
463547.789978 4831430.579987 268.640015
463547.789978 4831430.579987 268.700012
463547.770020 4831430.589996 268.929993
463547.750000 4831430.559998 268.959991
463547.840027 4831430.519989 268.450012
463547.840027 4831430.549988 268.609985
463547.840027 4831430.549988 268.670013
463547.830017 4831430.549988 268.730011
463547.820007 4831430.549988 268.790009
463547.820007 4831430.570007 268.940002
463547.809998 4831430.570007 268.989990
463547.809998 4831430.570007 269.049988
463547.859985 4831430.480011 268.559998
463547.869995 4831430.529999 268.730011
463547.849976 4831430.510010 268.769989
463547.890015 4831430.470001 268.690002
463547.869995 4831430.480011 268.940002
463547.859985 4831430.519989 269.160004
463547.859985 4831430.549988 269.329987
463547.849976 4831430.529999 269.359985
463547.840027 4831430.519989 269.399994
463547.880005 4831430.470001 269.250000
463547.869995 4831430.480011 269.380005
463547.799988 4831430.609985 269.309998
463547.789978 4831430.589996 269.339996
463547.849976 4831430.570007 269.170013
463547.849976 4831430.559998 269.220001
463547.859985 4831430.579987 269.299988
463547.869995 4831430.589996 269.380005
463547.849976 4831430.540009 267.989990
463547.890015 4831430.470001 268.429993
463547.859985 4831430.630005 269.089996
463547.830017 4831430.589996 269.089996
463547.849976 4831430.589996 269.220001
463547.869995 4831430.589996 269.299988
463547.849976 4831430.579987 269.049988
463547.859985 4831430.579987 269.119995
463547.809998 4831430.630005 268.529999
463547.909973 4831430.619995 269.000000
463547.869995 4831430.570007 269.000000
463547.859985 4831430.549988 269.040009
463547.960022 4831430.619995 269.230011
463547.820007 4831430.579987 268.549988
463547.869995 4831430.549988 268.950012
463547.880005 4831430.540009 269.000000
463547.880005 4831430.529999 269.049988
463547.890015 4831430.519989 269.109985
463547.859985 4831430.589996 268.570007
463547.880005 4831430.519989 268.929993
463547.880005 4831430.510010 268.989990
463547.880005 4831430.489990 269.040009
463547.869995 4831430.559998 268.519989
463547.859985 4831430.540009 268.549988
463547.880005 4831430.519989 268.739990
463547.890015 4831430.480011 268.940002
463547.900024 4831430.470001 269.000000
463547.880005 4831430.519989 268.480011
463547.900024 4831430.489990 268.700012
463547.900024 4831430.500000 268.420013
463547.890015 4831430.470001 268.459991
463547.590027 4831430.470001 268.269989
463547.590027 4831430.510010 268.260010
463547.700012 4831430.609985 267.890015
463547.580017 4831430.489990 268.320007
463547.590027 4831430.519989 268.290009
463547.590027 4831430.480011 268.350006
463547.590027 4831430.519989 268.329987
463547.580017 4831430.470001 268.450012
463547.570007 4831430.480011 268.420013
463547.590027 4831430.500000 268.100006
463547.590027 4831430.540009 268.079987
463547.630005 4831430.579987 267.950012
463547.640015 4831430.609985 267.940002
463547.630005 4831430.519989 269.130005
463547.640015 4831430.570007 269.239990
463547.710022 4831430.640015 268.309998
463547.729980 4831430.640015 268.359985
463547.679993 4831430.619995 268.649994
463547.659973 4831430.619995 267.820007
463547.789978 4831430.640015 267.920013
463547.900024 4831430.480011 267.700012
463547.909973 4831430.470001 268.480011
463547.919983 4831430.500000 268.070007
463547.900024 4831430.510010 268.790009
463547.909973 4831430.510010 268.730011
463547.919983 4831430.489990 269.010010
463547.919983 4831430.480011 268.929993
463547.900024 4831430.570007 268.950012
463547.880005 4831430.600006 268.510010
463547.890015 4831430.579987 269.179993
463547.940002 4831430.510010 269.000000
463547.919983 4831430.489990 268.899994
463547.890015 4831430.600006 269.109985
463547.890015 4831430.579987 269.029999
463547.890015 4831430.600006 269.089996
463547.909973 4831430.579987 269.070007
463547.869995 4831430.600006 269.040009
463547.890015 4831430.589996 269.010010
463547.859985 4831430.619995 269.000000
463547.880005 4831430.600006 268.980011
463547.940002 4831430.570007 268.980011
463547.840027 4831430.619995 268.959991
463547.859985 4831430.600006 268.950012
463547.940002 4831430.600006 269.059998
463547.900024 4831430.609985 269.130005
463547.890015 4831430.579987 269.040009
463547.900024 4831430.579987 269.149994
463547.909973 4831430.570007 269.109985
463547.940002 4831430.510010 268.980011
463547.929993 4831430.489990 268.880005
463547.900024 4831430.579987 269.200012
463547.919983 4831430.500000 268.959991
463547.919983 4831430.480011 268.890015
463547.900024 4831430.589996 269.220001
463547.929993 4831430.549988 269.149994
463547.919983 4831430.489990 268.920013
463547.929993 4831430.489990 269.000000
463547.929993 4831430.470001 268.929993
463547.919983 4831430.480011 268.989990
463547.940002 4831430.470001 268.959991
463547.919983 4831430.489990 268.950012
463547.960022 4831430.480011 268.959991
463547.900024 4831430.579987 269.130005
463547.909973 4831430.559998 269.089996
463547.929993 4831430.500000 268.929993
463547.950012 4831430.480011 268.890015
463547.890015 4831430.589996 269.059998
463547.909973 4831430.570007 269.049988
463547.880005 4831430.609985 269.059998
463547.890015 4831430.589996 269.000000
463547.840027 4831430.619995 268.929993
463547.859985 4831430.600006 268.920013
463547.880005 4831430.579987 268.899994
463547.929993 4831430.529999 268.779999
463547.859985 4831430.609985 269.000000
463547.880005 4831430.600006 268.980011
463547.840027 4831430.619995 268.989990
463547.859985 4831430.609985 268.970001
463547.890015 4831430.589996 268.970001
463547.840027 4831430.630005 269.010010
463547.849976 4831430.609985 268.980011
463547.890015 4831430.600006 268.989990
463547.859985 4831430.609985 269.010010
463547.869995 4831430.589996 268.980011
463547.909973 4831430.600006 269.140015
463547.900024 4831430.579987 269.040009
463547.890015 4831430.589996 269.089996
463547.929993 4831430.570007 269.089996
463547.880005 4831430.619995 269.070007
463547.880005 4831430.589996 269.010010
463547.859985 4831430.630005 269.049988
463547.859985 4831430.609985 268.980011
463547.890015 4831430.600006 268.970001
463547.849976 4831430.630005 269.000000
463547.859985 4831430.609985 268.940002
463547.880005 4831430.589996 268.920013
463547.880005 4831430.589996 268.570007
463547.900024 4831430.570007 267.850006
463547.900024 4831430.579987 267.829987
463547.900024 4831430.519989 267.630005
463547.859985 4831430.630005 267.850006
463547.859985 4831430.609985 267.760010
463547.890015 4831430.589996 267.760010
463547.900024 4831430.570007 267.700012
463547.900024 4831430.540009 267.619995
463547.799988 4831430.649994 267.640015
463547.830017 4831430.640015 267.640015
463547.890015 4831430.410004 267.630005
463547.909973 4831430.510010 267.649994
463547.900024 4831430.619995 268.459991
463547.900024 4831430.630005 268.450012
463547.960022 4831430.640015 268.480011
463547.929993 4831430.600006 268.459991
463547.890015 4831430.619995 268.440002
463547.900024 4831430.640015 268.410004
463547.979980 4831430.690002 269.279999
463547.890015 4831430.609985 268.670013
