463550.179993 4831432.339996 279.760010
463550.200012 4831432.070007 279.809998
463550.150024 4831432.130005 280.019989
463550.150024 4831432.140015 279.880005
463550.140015 4831432.149994 279.869995
463550.140015 4831432.140015 279.859985
463550.140015 4831432.149994 279.829987
463550.090027 4831432.239990 279.760010
463550.190002 4831432.179993 279.970001
463550.219971 4831432.059998 279.809998
463550.159973 4831432.160004 279.869995
463550.190002 4831432.089996 279.769989
463550.190002 4831432.029999 279.899994
463550.159973 4831432.049988 279.850006
463550.150024 4831432.170013 279.829987
463550.119995 4831432.230011 279.779999
463550.140015 4831432.209991 279.779999
463550.159973 4831432.100006 279.920013
463550.119995 4831432.130005 279.940002
463550.210022 4831432.209991 279.769989
463550.409973 4831431.989990 279.839996
463550.400024 4831431.970001 279.809998
463550.280029 4831432.049988 279.859985
463550.479980 4831432.029999 280.399994
463550.409973 4831432.140015 279.850006
463550.330017 4831432.059998 279.779999
463550.270020 4831432.059998 279.890015
463550.280029 4831432.100006 279.929993
463550.270020 4831432.089996 279.799988
463550.299988 4831432.089996 279.880005
463550.309998 4831432.000000 279.890015
463550.280029 4831431.980011 279.910004
463550.299988 4831431.980011 279.809998
463550.260010 4831431.950012 279.929993
463550.260010 4831431.950012 279.869995
463550.260010 4831431.959991 279.820007
463550.260010 4831432.070007 279.820007
463550.440002 4831432.000000 280.450012
463550.239990 4831432.049988 279.839996
463550.359985 4831432.470001 279.959991
463550.090027 4831431.690002 279.959991
463550.070007 4831431.670013 279.950012
463550.770020 4831432.299988 280.109985
463550.469971 4831432.540009 280.500000
463551.179993 4831432.190002 280.679993
463551.109985 4831432.179993 280.690002
463551.099976 4831432.179993 280.679993
463551.150024 4831432.140015 280.730011
463551.070007 4831432.290009 280.570007
463551.179993 4831432.209991 280.839996
463551.210022 4831432.190002 280.859985
463551.250000 4831432.209991 280.690002
463551.150024 4831432.190002 280.829987
463551.119995 4831432.190002 280.779999
463551.190002 4831432.209991 280.779999
463551.130005 4831432.190002 280.899994
463551.169983 4831432.190002 280.739990
463551.200012 4831432.220001 280.890015
463551.179993 4831432.190002 280.880005
463551.190002 4831432.140015 280.690002
463551.010010 4831432.220001 280.730011
463551.039978 4831432.200012 280.649994
463551.090027 4831432.209991 280.809998
463551.070007 4831432.200012 280.660004
463551.119995 4831432.220001 280.829987
463551.130005 4831432.209991 280.899994
463551.099976 4831432.200012 280.670013
463551.150024 4831432.220001 280.850006
463551.150024 4831432.209991 280.890015
463551.239990 4831432.290009 280.910004
463551.140015 4831432.220001 280.709991
463551.159973 4831432.220001 280.809998
463551.169983 4831432.200012 280.880005
463551.200012 4831432.239990 280.829987
463551.210022 4831432.230011 280.880005
463551.190002 4831432.200012 280.890015
463551.239990 4831432.220001 280.790009
463551.020020 4831432.220001 280.679993
463551.229980 4831432.290009 280.809998
463551.200012 4831432.220001 280.640015
463551.150024 4831432.230011 280.799988
463551.020020 4831432.200012 280.670013
463551.239990 4831432.190002 280.880005
463551.159973 4831432.209991 280.739990
463551.159973 4831432.239990 280.750000
463550.969971 4831432.200012 280.760010
463550.969971 4831432.220001 280.779999
463551.159973 4831432.209991 280.799988
463551.010010 4831432.230011 280.769989
463550.960022 4831432.200012 280.760010
463551.250000 4831431.980011 280.750000
463551.109985 4831432.200012 280.630005
463551.119995 4831432.190002 280.660004
463551.229980 4831432.329987 280.899994
463551.200012 4831432.100006 280.790009
463551.219971 4831431.980011 280.959991
463551.219971 4831432.000000 280.890015
463551.119995 4831432.200012 280.829987
463551.210022 4831432.220001 280.880005
463551.039978 4831432.190002 280.690002
463551.210022 4831432.200012 280.859985
463551.210022 4831432.209991 280.820007
463551.229980 4831432.209991 280.880005
463551.239990 4831432.220001 280.859985
463551.250000 4831432.290009 280.899994
463551.159973 4831432.179993 280.760010
463551.150024 4831432.190002 280.820007
463551.140015 4831432.209991 280.920013
463551.049988 4831432.179993 280.739990
463551.049988 4831432.309998 280.589996
463551.190002 4831432.200012 280.839996
463551.229980 4831432.170013 280.890015
463551.229980 4831432.309998 280.670013
463551.150024 4831432.209991 280.880005
463551.190002 4831432.190002 280.880005
463551.210022 4831432.170013 280.880005
463551.169983 4831432.170013 280.630005
463551.159973 4831432.239990 280.820007
463550.979980 4831432.359985 280.589996
463551.119995 4831432.190002 280.880005
463551.010010 4831432.220001 280.720001
463551.119995 4831432.200012 280.820007
463551.080017 4831432.179993 280.700012
463551.030029 4831432.250000 280.769989
463551.169983 4831432.209991 280.880005
463551.179993 4831432.200012 280.839996
463551.289978 4831432.269989 280.970001
463551.280029 4831432.130005 280.769989
463551.299988 4831432.130005 280.730011
463551.299988 4831432.239990 280.959991
463551.299988 4831432.220001 280.890015
463551.270020 4831432.279999 280.820007
463551.289978 4831432.220001 280.820007
463551.289978 4831432.200012 280.850006
463551.280029 4831432.279999 280.929993
463551.270020 4831432.209991 280.809998
463551.270020 4831432.440002 280.589996
463551.260010 4831432.440002 280.640015
463551.289978 4831432.220001 280.809998
463551.280029 4831432.260010 280.899994
463551.270020 4831432.290009 280.929993
463551.289978 4831432.239990 280.910004
463551.289978 4831432.260010 280.929993
463551.299988 4831432.100006 280.839996
463551.280029 4831432.070007 280.829987
463551.299988 4831432.170013 280.850006
463551.289978 4831432.190002 280.779999
463551.270020 4831432.269989 280.859985
463551.260010 4831432.279999 280.880005
463551.299988 4831432.250000 280.779999
463551.289978 4831432.279999 280.709991
463551.289978 4831432.239990 280.920013
463551.289978 4831432.220001 280.959991
463551.280029 4831432.160004 280.779999
463551.289978 4831432.160004 280.790009
463551.270020 4831432.260010 280.899994
463551.260010 4831432.309998 280.950012
463550.659973 4831432.609985 280.549988
463550.989990 4831432.619995 280.750000
463550.969971 4831432.589996 280.760010
463550.570007 4831432.609985 280.570007
463550.640015 4831432.609985 280.529999
463550.969971 4831432.609985 280.829987
463550.559998 4831432.579987 280.609985
463550.489990 4831432.540009 280.540009
463550.669983 4831432.549988 280.559998
463550.590027 4831432.540009 280.589996
463550.630005 4831432.609985 280.579987
463550.640015 4831432.600006 280.570007
463550.890015 4831432.619995 280.649994
463550.950012 4831432.609985 280.579987
463550.539978 4831432.549988 280.619995
463551.080017 4831432.529999 279.929993
463550.900024 4831432.579987 280.670013
463550.640015 4831432.549988 280.640015
463550.489990 4831432.609985 280.500000
463550.630005 4831432.609985 280.640015
463550.669983 4831432.529999 280.570007
463550.969971 4831432.609985 280.890015
463550.960022 4831432.600006 280.750000
463550.489990 4831432.600006 280.510010
463550.520020 4831432.559998 280.619995
463550.510010 4831432.559998 280.559998
463550.979980 4831432.619995 280.859985
463550.549988 4831432.589996 280.609985
463550.510010 4831432.619995 280.559998
463550.530029 4831432.579987 280.609985
463550.500000 4831432.589996 280.609985
463550.479980 4831432.609985 280.609985
463550.539978 4831432.559998 280.589996
463550.530029 4831432.570007 280.549988
463550.559998 4831432.559998 280.549988
463550.539978 4831432.559998 280.540009
463550.950012 4831432.619995 280.720001
463550.710022 4831432.519989 280.619995
463550.489990 4831432.559998 280.609985
463550.650024 4831432.619995 280.619995
463550.630005 4831432.609985 280.570007
463550.640015 4831432.609985 280.670013
463550.929993 4831432.519989 280.589996
463550.479980 4831432.549988 280.589996
463550.640015 4831432.619995 280.589996
463550.880005 4831432.579987 280.619995
463550.599976 4831432.579987 280.579987
463550.510010 4831432.609985 280.500000
463550.580017 4831432.549988 280.600006
463550.659973 4831432.609985 280.679993
463550.690002 4831432.600006 280.549988
463550.599976 4831432.549988 280.600006
463550.609985 4831432.559998 280.609985
463550.710022 4831432.519989 280.640015
463550.570007 4831432.589996 280.600006
463550.570007 4831432.600006 280.600006
463550.599976 4831432.579987 280.619995
