463547.760010 4831432.339996 276.320007
463547.780029 4831432.309998 276.329987
463548.400024 4831432.239990 276.399994
463548.419983 4831432.279999 276.410004
463548.359985 4831432.279999 276.660004
463548.380005 4831432.250000 276.359985
463548.380005 4831432.269989 276.399994
463548.380005 4831432.369995 276.660004
463548.359985 4831432.380005 276.720001
463548.349976 4831432.239990 276.309998
463548.359985 4831432.269989 276.339996
463548.359985 4831432.290009 276.380005
463548.359985 4831432.420013 276.709991
463548.349976 4831432.250000 276.320007
463548.340027 4831432.279999 276.429993
463548.369995 4831432.399994 276.630005
463548.369995 4831432.420013 276.670013
463548.340027 4831432.239990 276.309998
463548.349976 4831432.239990 276.309998
463548.359985 4831432.269989 276.339996
463548.359985 4831432.420013 276.709991
463548.340027 4831432.239990 276.309998
463548.349976 4831432.269989 276.339996
463548.349976 4831432.279999 276.380005
463548.369995 4831432.320007 276.410004
463548.359985 4831432.410004 276.670013
463548.349976 4831432.250000 276.309998
463548.359985 4831432.269989 276.339996
463548.359985 4831432.290009 276.369995
463548.359985 4831432.299988 276.420013
463548.359985 4831432.410004 276.670013
463548.349976 4831432.420013 276.720001
463548.489990 4831432.420013 276.720001
463548.340027 4831432.359985 276.720001
463548.330017 4831432.339996 276.700012
463548.340027 4831432.279999 276.329987
463548.340027 4831432.320007 276.420013
463548.330017 4831432.339996 276.480011
463548.349976 4831432.369995 276.500000
463548.340027 4831432.290009 276.649994
463548.369995 4831432.329987 276.450012
463548.330017 4831432.339996 276.679993
463548.349976 4831432.369995 276.700012
463548.349976 4831432.380005 276.529999
463548.330017 4831432.399994 276.760010
463548.299988 4831432.399994 276.769989
463548.299988 4831432.420013 276.799988
463548.330017 4831432.260010 276.320007
463548.320007 4831432.350006 276.670013
463548.330017 4831432.380005 276.709991
463548.309998 4831432.329987 276.380005
463548.309998 4831432.369995 276.429993
463548.349976 4831432.320007 276.640015
463548.380005 4831432.380005 276.440002
463548.349976 4831432.380005 276.679993
463548.349976 4831432.359985 276.649994
463548.330017 4831432.290009 276.480011
463548.309998 4831432.420013 276.720001
463548.330017 4831432.390015 276.489990
463548.309998 4831432.410004 276.779999
463548.340027 4831432.320007 276.380005
463548.359985 4831432.380005 276.510010
463548.369995 4831432.420013 276.609985
463548.299988 4831432.260010 276.489990
463548.330017 4831432.350006 276.690002
463548.280029 4831432.350006 276.700012
463548.340027 4831432.359985 276.420013
463548.330017 4831432.339996 276.670013
463548.359985 4831432.299988 276.350006
463548.359985 4831432.359985 276.690002
463548.359985 4831432.369995 276.390015
463548.369995 4831432.369995 276.459991
463548.359985 4831432.329987 276.350006
463548.390015 4831432.339996 276.429993
463548.330017 4831432.350006 276.510010
463548.340027 4831432.250000 276.309998
463548.340027 4831432.329987 276.690002
463548.330017 4831432.359985 276.700012
463548.320007 4831432.410004 276.739990
463548.330017 4831432.350006 276.519989
463548.289978 4831432.359985 276.679993
463548.299988 4831432.390015 276.630005
463548.320007 4831432.269989 276.309998
463548.309998 4831432.290009 276.329987
463548.369995 4831432.350006 276.700012
463548.219971 4831432.410004 276.910004
463548.219971 4831432.399994 276.850006
463548.280029 4831432.329987 276.540009
463548.239990 4831432.309998 276.769989
463548.280029 4831432.260010 276.480011
463548.270020 4831432.260010 276.440002
463548.280029 4831432.250000 276.380005
463548.340027 4831432.309998 276.329987
463548.340027 4831432.320007 276.390015
463548.330017 4831432.339996 276.489990
463548.349976 4831432.420013 276.579987
463548.349976 4831432.420013 276.619995
463548.320007 4831432.309998 276.320007
463548.320007 4831432.399994 276.630005
463548.320007 4831432.299988 276.410004
463548.349976 4831432.269989 276.359985
463548.330017 4831432.309998 276.700012
463548.359985 4831432.269989 276.429993
463548.349976 4831432.279999 276.399994
463548.320007 4831432.250000 276.309998
463548.340027 4831432.290009 276.329987
463548.349976 4831432.320007 276.369995
463548.369995 4831432.309998 276.399994
463548.340027 4831432.359985 276.429993
463548.359985 4831432.350006 276.459991
463548.349976 4831432.339996 276.649994
463548.330017 4831432.390015 276.720001
463548.320007 4831432.410004 276.760010
463548.340027 4831432.399994 276.750000
463548.330017 4831432.420013 276.790009
463548.380005 4831432.320007 276.440002
463548.369995 4831432.399994 276.630005
463548.349976 4831432.410004 276.670013
463548.330017 4831432.380005 276.630005
463548.340027 4831432.350006 276.660004
463548.359985 4831432.339996 276.500000
463548.340027 4831432.329987 276.640015
463548.320007 4831432.329987 276.709991
463548.369995 4831432.309998 276.500000
463548.340027 4831432.290009 276.649994
463548.330017 4831432.279999 276.649994
463548.369995 4831432.250000 276.420013
463548.380005 4831432.309998 276.390015
463548.409973 4831432.320007 276.450012
463548.380005 4831432.329987 276.380005
463548.590027 4831431.440002 276.589996
463548.530029 4831431.459991 276.809998
463548.119995 4831431.760010 276.790009
463548.130005 4831431.769989 276.779999
463548.119995 4831431.980011 276.799988
463548.390015 4831432.209991 276.380005
463548.590027 4831431.540009 276.559998
463548.599976 4831431.549988 276.609985
463548.580017 4831431.529999 276.790009
463548.599976 4831431.570007 276.799988
463548.599976 4831431.600006 276.890015
463548.599976 4831431.619995 276.929993
463548.599976 4831431.640015 276.980011
463548.590027 4831431.510010 276.549988
463548.570007 4831431.540009 276.690002
463548.539978 4831431.559998 276.589996
463548.299988 4831432.190002 276.339996
463548.200012 4831432.079987 276.829987
463548.539978 4831431.549988 276.510010
463548.590027 4831431.660004 277.070007
463548.580017 4831431.720001 277.200012
463548.590027 4831431.549988 276.549988
463548.549988 4831431.559998 276.690002
463548.539978 4831431.579987 276.739990
463548.549988 4831431.619995 276.799988
463548.549988 4831431.619995 276.480011
463548.570007 4831431.670013 277.079987
463548.559998 4831431.730011 277.209991
463548.580017 4831431.760010 277.220001
463548.549988 4831431.640015 276.910004
463548.549988 4831431.690002 276.989990
463548.530029 4831431.619995 276.799988
463548.530029 4831431.670013 276.869995
463548.549988 4831431.690002 276.850006
463548.530029 4831431.570007 276.649994
463548.510010 4831431.619995 276.769989
463548.520020 4831431.660004 276.809998
463548.539978 4831431.679993 276.790009
463548.510010 4831431.559998 276.570007
463548.510010 4831431.600006 276.640015
463548.520020 4831431.630005 276.649994
463548.530029 4831431.649994 276.630005
463548.510010 4831431.600006 276.670013
463548.510010 4831431.640015 276.750000
463548.530029 4831431.660004 276.720001
463548.580017 4831431.640015 276.519989
463548.510010 4831431.570007 276.640015
463548.510010 4831431.609985 276.690002
463548.520020 4831431.649994 276.739990
463548.539978 4831431.660004 276.720001
463548.520020 4831431.600006 276.739990
463548.520020 4831431.640015 276.820007
463548.520020 4831431.679993 276.859985
463548.539978 4831431.700012 276.839996
463548.520020 4831431.589996 276.720001
463548.520020 4831431.649994 276.799988
463548.520020 4831431.600006 276.839996
463548.530029 4831431.630005 276.839996
463548.530029 4831431.670013 276.910004
463548.549988 4831431.690002 276.890015
463548.530029 4831431.630005 276.820007
463548.530029 4831431.670013 276.869995
463548.539978 4831431.700012 276.880005
463548.559998 4831431.700012 276.820007
463548.520020 4831431.570007 276.649994
463548.510010 4831431.630005 276.750000
463548.520020 4831431.660004 276.769989
463548.539978 4831431.679993 276.750000
463548.530029 4831431.589996 276.579987
463548.520020 4831431.609985 276.750000
463548.599976 4831431.709991 277.230011
463548.570007 4831431.600006 276.600006
463548.599976 4831431.570007 276.630005
463548.599976 4831431.640015 276.690002
463548.590027 4831431.619995 276.600006
463548.580017 4831431.600006 276.519989
463548.590027 4831431.649994 276.940002
463548.599976 4831431.670013 276.850006
463548.599976 4831431.670013 276.779999
463548.580017 4831431.640015 276.660004
463548.559998 4831431.619995 276.559998
463548.539978 4831431.600006 276.459991
463548.570007 4831431.700012 276.899994
463548.549988 4831431.670013 276.790009
463548.510010 4831431.619995 276.640015
463548.549988 4831431.760010 277.190002
463548.599976 4831431.769989 277.170013
463548.590027 4831431.739990 277.070007
463548.590027 4831431.720001 276.980011
463548.599976 4831431.720001 276.920013
463548.590027 4831431.679993 276.809998
463548.590027 4831431.660004 276.720001
463548.539978 4831431.790009 277.209991
463548.520020 4831431.660004 276.799988
463548.549988 4831431.709991 276.820007
463548.530029 4831431.660004 276.690002
463548.539978 4831431.640015 276.609985
463548.539978 4831431.619995 276.519989
463548.539978 4831431.660004 276.820007
463548.549988 4831431.679993 276.799988
463548.570007 4831431.679993 276.739990
463548.520020 4831431.670013 276.769989
463548.530029 4831431.700012 276.760010
463548.539978 4831431.660004 276.660004
463548.559998 4831431.640015 276.579987
463548.520020 4831431.630005 276.529999
463548.530029 4831431.619995 276.459991
463548.380005 4831432.179993 276.350006
463548.520020 4831431.640015 276.700012
463548.520020 4831431.649994 276.760010
463548.510010 4831431.630005 276.799988
463548.559998 4831431.630005 276.679993
463548.559998 4831431.630005 276.720001
463548.559998 4831431.649994 276.799988
463548.559998 4831431.660004 276.859985
463548.559998 4831431.670013 276.920013
463548.559998 4831431.690002 276.989990
463548.580017 4831431.750000 277.109985
463548.570007 4831431.739990 277.160004
463548.559998 4831431.730011 277.200012
463548.590027 4831431.630005 276.839996
463548.590027 4831431.660004 276.920013
463548.599976 4831431.690002 277.010010
463548.599976 4831431.709991 277.079987
463548.530029 4831431.630005 276.660004
463548.549988 4831431.649994 276.750000
463548.590027 4831431.709991 276.989990
463548.590027 4831431.700012 277.029999
463548.549988 4831431.559998 276.510010
463548.570007 4831431.579987 276.589996
463548.599976 4831431.630005 276.769989
463548.599976 4831431.630005 276.829987
463548.590027 4831431.679993 276.799988
463548.599976 4831431.690002 276.859985
463548.599976 4831431.670013 276.910004
463548.590027 4831431.640015 276.980011
463548.549988 4831431.589996 277.040009
463548.559998 4831431.619995 276.609985
463548.580017 4831431.630005 276.679993
463548.599976 4831431.630005 276.750000
463548.530029 4831431.559998 276.700012
463548.549988 4831431.549988 276.500000
463548.510010 4831431.549988 276.579987
463548.510010 4831431.579987 276.570007
463548.359985 4831431.839996 276.339996
463548.599976 4831431.730011 277.279999
463548.590027 4831431.679993 277.049988
463548.570007 4831431.700012 277.119995
463548.539978 4831431.679993 276.980011
463548.590027 4831431.730011 277.290009
463548.559998 4831431.679993 277.209991
463548.539978 4831431.690002 277.170013
463548.559998 4831431.679993 277.239990
463548.549988 4831431.679993 277.179993
463548.559998 4831431.679993 277.239990
463548.549988 4831431.679993 277.190002
463548.559998 4831431.660004 277.269989
463548.539978 4831431.670013 277.230011
463548.530029 4831431.670013 277.190002
463548.539978 4831431.660004 277.130005
463548.549988 4831431.649994 277.070007
463548.530029 4831431.660004 277.279999
463548.530029 4831431.660004 277.220001
463548.530029 4831431.649994 277.170013
463548.530029 4831431.649994 277.100006
463548.539978 4831431.640015 277.029999
463548.520020 4831431.649994 277.179993
463548.530029 4831431.630005 277.109985
463548.520020 4831431.630005 277.049988
463548.530029 4831431.630005 276.989990
463548.530029 4831431.619995 276.920013
463548.520020 4831431.640015 277.209991
463548.520020 4831431.630005 277.160004
463548.520020 4831431.619995 277.089996
463548.520020 4831431.619995 277.029999
463548.520020 4831431.619995 276.980011
463548.510010 4831431.600006 277.059998
463548.510010 4831431.600006 277.010010
463548.510010 4831431.600006 276.959991
463548.510010 4831431.589996 276.890015
463548.520020 4831431.579987 276.820007
463548.510010 4831431.579987 276.760010
463548.489990 4831431.559998 276.910004
463548.479980 4831431.559998 276.799988
463548.469971 4831431.559998 276.760010
463548.479980 4831431.540009 276.630005
463548.469971 4831431.510010 276.829987
463548.460022 4831431.519989 276.779999
463548.450012 4831431.529999 276.730011
463548.440002 4831431.529999 276.640015
463548.400024 4831431.559998 276.649994
463548.409973 4831431.510010 276.700012
463548.500000 4831431.549988 276.529999
463548.479980 4831431.619995 276.619995
463548.520020 4831431.600006 276.619995
463548.520020 4831431.600006 276.670013
463548.530029 4831431.600006 276.720001
463548.549988 4831431.609985 276.829987
463548.599976 4831431.609985 277.119995
463548.549988 4831431.640015 276.630005
463548.549988 4831431.649994 276.709991
463548.549988 4831431.660004 276.779999
463548.549988 4831431.660004 276.839996
463548.559998 4831431.670013 276.890015
463548.559998 4831431.670013 276.940002
463548.570007 4831431.670013 276.989990
463548.580017 4831431.670013 277.029999
463548.590027 4831431.670013 277.079987
463548.599976 4831431.720001 277.019989
463548.599976 4831431.730011 277.100006
463548.590027 4831431.750000 277.179993
463548.599976 4831431.750000 277.230011
463548.599976 4831431.750000 277.279999
463548.549988 4831431.589996 276.500000
463548.549988 4831431.609985 276.570007
463548.549988 4831431.630005 276.630005
463548.559998 4831431.630005 276.679993
463548.570007 4831431.649994 276.750000
463548.580017 4831431.660004 276.799988
463548.580017 4831431.670013 276.850006
463548.590027 4831431.679993 276.910004
463548.590027 4831431.700012 276.989990
463548.599976 4831431.709991 277.049988
463548.599976 4831431.730011 277.130005
463548.599976 4831431.670013 276.799988
463548.570007 4831431.619995 276.559998
463548.559998 4831431.660004 276.649994
463548.599976 4831431.670013 276.790009
463548.599976 4831431.730011 277.010010
463548.549988 4831431.600006 276.489990
463548.549988 4831431.619995 276.559998
463548.559998 4831431.640015 276.630005
463548.559998 4831431.660004 276.700012
463548.580017 4831431.660004 276.760010
463548.590027 4831431.670013 276.820007
463548.599976 4831431.679993 276.869995
463548.599976 4831431.700012 276.940002
463548.599976 4831431.720001 277.000000
463548.580017 4831431.670013 276.750000
463548.599976 4831431.670013 276.799988
463548.599976 4831431.670013 277.260010
463548.590027 4831431.679993 277.220001
463548.570007 4831431.679993 277.170013
463548.570007 4831431.670013 277.089996
463548.570007 4831431.649994 276.980011
463548.530029 4831431.589996 276.829987
463548.520020 4831431.589996 276.779999
463548.510010 4831431.579987 276.690002
463548.510010 4831431.570007 276.600006
463548.520020 4831431.540009 276.750000
463548.510010 4831431.529999 276.679993
463548.500000 4831431.529999 276.630005
463548.500000 4831431.529999 276.559998
463548.289978 4831432.179993 276.329987
463548.599976 4831431.649994 277.190002
463548.599976 4831431.640015 277.140015
463548.599976 4831431.640015 277.079987
463548.580017 4831431.640015 277.119995
463548.599976 4831431.640015 277.149994
463548.590027 4831431.640015 277.119995
463548.599976 4831431.640015 277.179993
463548.590027 4831431.649994 277.119995
463548.539978 4831431.549988 276.769989
463548.539978 4831431.519989 276.750000
463548.520020 4831431.529999 276.730011
463548.599976 4831431.649994 277.109985
463548.590027 4831431.609985 277.049988
463548.590027 4831431.630005 277.000000
463548.580017 4831431.589996 276.920013
463548.530029 4831431.519989 276.649994
463548.539978 4831431.630005 276.720001
463548.570007 4831431.670013 276.799988
463548.590027 4831431.709991 277.040009
463548.570007 4831431.750000 277.220001
463548.559998 4831431.769989 277.209991
463548.580017 4831431.760010 277.220001
463548.539978 4831431.579987 276.679993
463548.580017 4831431.609985 276.970001
463548.539978 4831431.660004 276.730011
463548.559998 4831431.549988 276.679993
463548.539978 4831431.549988 276.730011
463548.510010 4831431.579987 276.649994
463548.599976 4831431.640015 277.119995
463548.580017 4831431.660004 277.100006
463548.599976 4831431.529999 276.329987
463548.570007 4831431.619995 276.760010
463548.599976 4831431.600006 276.799988
463548.599976 4831431.609985 276.600006
463548.510010 4831431.540009 276.630005
463548.469971 4831431.619995 276.529999
463548.539978 4831431.579987 276.570007
463548.590027 4831431.549988 276.559998
463548.599976 4831431.640015 276.859985
463548.580017 4831431.609985 276.529999
