2.798800049999999828e+02 4.831429929992999882e+06 4.635492000119999866e+05
2.799100040000000149e+02 4.831429940001999959e+06 4.635491400150000118e+05
2.798399959999999851e+02 4.831429929992999882e+06 4.635491199950000155e+05
2.798299870000000169e+02 4.831429959990999661e+06 4.635491300049999845e+05
2.802999879999999848e+02 4.831430459990999661e+06 4.635495399779999861e+05
2.804899899999999775e+02 4.831429929992999882e+06 4.635493300169999711e+05
2.799299930000000245e+02 4.831430049987999722e+06 4.635492199709999841e+05
2.802699890000000096e+02 4.831430269988999702e+06 4.635497500000000000e+05
2.802099910000000023e+02 4.831430040009000339e+06 4.635497399899999727e+05
2.800899959999999851e+02 4.831430459990999661e+06 4.635495300290000159e+05
2.806400150000000053e+02 4.831430890014999546e+06 4.635491300049999845e+05
2.807000120000000152e+02 4.831430890014999546e+06 4.635491199950000155e+05
2.798500060000000076e+02 4.831430750000000000e+06 4.635491500239999732e+05
2.803999939999999924e+02 4.831430910004000179e+06 4.635491699830000289e+05
2.804400019999999927e+02 4.831430920013000257e+06 4.635491599730000016e+05
2.806000060000000076e+02 4.831430880005000159e+06 4.635491099849999882e+05
2.806000060000000076e+02 4.831430890014999546e+06 4.635491099849999882e+05
2.804599910000000023e+02 4.831430890014999546e+06 4.635491099849999882e+05
2.804899899999999775e+02 4.831430839995999821e+06 4.635491199950000155e+05
2.804500120000000152e+02 4.831430829986999743e+06 4.635491199950000155e+05
2.804100040000000149e+02 4.831430820007000118e+06 4.635491199950000155e+05
2.803800049999999828e+02 4.831430809998000041e+06 4.635491099849999882e+05
2.802200010000000248e+02 4.831430799987999722e+06 4.635491300049999845e+05
2.802000120000000152e+02 4.831430769988999702e+06 4.635491099849999882e+05
2.806900019999999927e+02 4.831430859985000454e+06 4.635491699830000289e+05
2.806600040000000149e+02 4.831430850006000139e+06 4.635491599730000016e+05
2.805799870000000169e+02 4.831430880005000159e+06 4.635491400150000118e+05
2.805499879999999848e+02 4.831430869994999841e+06 4.635491300049999845e+05
2.805899959999999851e+02 4.831430829986999743e+06 4.635491699830000289e+05
2.806099849999999947e+02 4.831430850006000139e+06 4.635491400150000118e+05
2.805499879999999848e+02 4.831430859985000454e+06 4.635491300049999845e+05
2.805199890000000096e+02 4.831430839995999821e+06 4.635491199950000155e+05
2.805499879999999848e+02 4.831430829986999743e+06 4.635491799929999979e+05
2.803599849999999947e+02 4.831430829986999743e+06 4.635491400150000118e+05
2.802900089999999977e+02 4.831430850006000139e+06 4.635491400150000118e+05
2.801300049999999828e+02 4.831430859985000454e+06 4.635491099849999882e+05
2.807200010000000248e+02 4.831430890014999546e+06 4.635491900020000176e+05
2.807500000000000000e+02 4.831430910004000179e+06 4.635492000119999866e+05
2.806799930000000245e+02 4.831430910004000179e+06 4.635491300049999845e+05
2.807799989999999752e+02 4.831430850006000139e+06 4.635491300049999845e+05
2.798699950000000172e+02 4.831430690001999959e+06 4.635492000119999866e+05
2.798599849999999947e+02 4.831430709990999661e+06 4.635491199950000155e+05
2.807900089999999977e+02 4.831430850006000139e+06 4.635491400150000118e+05
2.798399959999999851e+02 4.831430739989999682e+06 4.635491300049999845e+05
2.798900150000000053e+02 4.831430720000999980e+06 4.635492000119999866e+05
2.798599849999999947e+02 4.831430739989999682e+06 4.635491599730000016e+05
2.798099980000000073e+02 4.831430779999000020e+06 4.635491099849999882e+05
2.798599849999999947e+02 4.831430750000000000e+06 4.635491799929999979e+05
2.798900150000000053e+02 4.831430739989999682e+06 4.635492000119999866e+05
2.798500060000000076e+02 4.831430769988999702e+06 4.635491099849999882e+05
2.803599849999999947e+02 4.831430890014999546e+06 4.635491599730000016e+05
2.803500060000000076e+02 4.831430869994999841e+06 4.635491400150000118e+05
2.807900089999999977e+02 4.831430790009000339e+06 4.635491300049999845e+05
2.807699890000000096e+02 4.831430799987999722e+06 4.635491099849999882e+05
2.807999879999999848e+02 4.831430739989999682e+06 4.635491599730000016e+05
2.807900089999999977e+02 4.831430769988999702e+06 4.635491099849999882e+05
2.798500060000000076e+02 4.831430649993999861e+06 4.635492000119999866e+05
2.807399899999999775e+02 4.831430809998000041e+06 4.635491400150000118e+05
2.798399959999999851e+02 4.831430679992999882e+06 4.635491699830000289e+05
2.798599849999999947e+02 4.831430709990999661e+06 4.635491199950000155e+05
2.806499939999999924e+02 4.831430880005000159e+06 4.635491500239999732e+05
2.801000060000000076e+02 4.831430549987999722e+06 4.635494799800000037e+05
2.800400089999999977e+02 4.831430579986999743e+06 4.635494600220000139e+05
2.800000000000000000e+02 4.831430589995999821e+06 4.635494000239999732e+05
2.799599910000000023e+02 4.831430630005000159e+06 4.635493599849999882e+05
2.799299930000000245e+02 4.831430649993999861e+06 4.635492999880000134e+05
2.798800049999999828e+02 4.831430660004000179e+06 4.635492500000000000e+05
2.798999939999999924e+02 4.831430690001999959e+06 4.635492700199999963e+05
2.798200069999999755e+02 4.831430700012000278e+06 4.635492299800000037e+05
2.800100100000000225e+02 4.831430559998000041e+06 4.635494500119999866e+05
2.799800109999999904e+02 4.831430540009000339e+06 4.635494400020000176e+05
2.800499879999999848e+02 4.831430519988999702e+06 4.635495000000000000e+05
2.800700069999999755e+02 4.831430489989999682e+06 4.635495499880000134e+05
2.798800049999999828e+02 4.831430670013000257e+06 4.635492999880000134e+05
2.798900150000000053e+02 4.831430660004000179e+06 4.635493699950000155e+05
2.800199890000000096e+02 4.831430540009000339e+06 4.635494899899999727e+05
2.801099849999999947e+02 4.831430510010000318e+06 4.635494600220000139e+05
2.799899899999999775e+02 4.831430589995999821e+06 4.635493800049999845e+05
2.799700010000000248e+02 4.831430600006000139e+06 4.635493599849999882e+05
2.799200129999999831e+02 4.831430630005000159e+06 4.635493499760000268e+05
2.798699950000000172e+02 4.831430670013000257e+06 4.635492600100000273e+05
2.799299930000000245e+02 4.831430679992999882e+06 4.635492500000000000e+05
2.800599980000000073e+02 4.831430549987999722e+06 4.635494400020000176e+05
2.801099849999999947e+02 4.831430529999000020e+06 4.635494899899999727e+05
2.801400150000000053e+02 4.831430500000000000e+06 4.635494699709999841e+05
2.799100040000000149e+02 4.831430649993999861e+06 4.635493099979999824e+05
2.798900150000000053e+02 4.831430640014999546e+06 4.635493800049999845e+05
2.800799870000000169e+02 4.831430559998000041e+06 4.635494600220000139e+05
2.799899899999999775e+02 4.831430649993999861e+06 4.635493400269999984e+05
2.799599910000000023e+02 4.831430679992999882e+06 4.635492899779999861e+05
2.799500120000000152e+02 4.831430690001999959e+06 4.635492899779999861e+05
2.799599910000000023e+02 4.831430679992999882e+06 4.635492899779999861e+05
2.799500120000000152e+02 4.831430690001999959e+06 4.635492800290000159e+05
2.799400019999999927e+02 4.831430670013000257e+06 4.635492800290000159e+05
2.800400089999999977e+02 4.831430609985000454e+06 4.635493900150000118e+05
2.800499879999999848e+02 4.831430589995999821e+06 4.635493800049999845e+05
2.800499879999999848e+02 4.831430579986999743e+06 4.635494000239999732e+05
2.801199950000000172e+02 4.831430529999000020e+06 4.635494600220000139e+05
2.799200129999999831e+02 4.831430690001999959e+06 4.635492600100000273e+05
2.800400089999999977e+02 4.831430600006000139e+06 4.635494099730000016e+05
2.800799870000000169e+02 4.831430579986999743e+06 4.635494600220000139e+05
2.798900150000000053e+02 4.831430709990999661e+06 4.635492199709999841e+05
2.801300049999999828e+02 4.831430570007000118e+06 4.635494799800000037e+05
2.800499879999999848e+02 4.831430619994999841e+06 4.635494400020000176e+05
2.799700010000000248e+02 4.831430670013000257e+06 4.635493599849999882e+05
2.802200010000000248e+02 4.831430480011000298e+06 4.635495599979999824e+05
2.801300049999999828e+02 4.831430549987999722e+06 4.635495000000000000e+05
2.801099849999999947e+02 4.831430589995999821e+06 4.635494500119999866e+05
2.800700069999999755e+02 4.831430589995999821e+06 4.635494600220000139e+05
2.799400019999999927e+02 4.831430809998000041e+06 4.635492100220000139e+05
2.799899899999999775e+02 4.831430630005000159e+06 4.635493200070000021e+05
2.800499879999999848e+02 4.831430640014999546e+06 4.635493699950000155e+05
2.801400150000000053e+02 4.831430570007000118e+06 4.635494400020000176e+05
2.799299930000000245e+02 4.831430709990999661e+06 4.635492500000000000e+05
2.799400019999999927e+02 4.831430670013000257e+06 4.635492899779999861e+05
2.799800109999999904e+02 4.831430640014999546e+06 4.635493400269999984e+05
2.800000000000000000e+02 4.831430619994999841e+06 4.635493800049999845e+05
2.800299989999999752e+02 4.831430609985000454e+06 4.635494199830000289e+05
2.800700069999999755e+02 4.831430589995999821e+06 4.635494000239999732e+05
2.800700069999999755e+02 4.831430579986999743e+06 4.635494400020000176e+05
2.801199950000000172e+02 4.831430579986999743e+06 4.635494400020000176e+05
2.801600040000000149e+02 4.831430529999000020e+06 4.635494600220000139e+05
2.799700010000000248e+02 4.831430660004000179e+06 4.635493499760000268e+05
2.801099849999999947e+02 4.831430589995999821e+06 4.635494400020000176e+05
2.799299930000000245e+02 4.831430720000999980e+06 4.635492500000000000e+05
2.799800109999999904e+02 4.831430709990999661e+06 4.635492500000000000e+05
2.799599910000000023e+02 4.831430660004000179e+06 4.635492899779999861e+05
2.799100040000000149e+02 4.831430690001999959e+06 4.635492399899999727e+05
2.799700010000000248e+02 4.831430690001999959e+06 4.635492700199999963e+05
2.799400019999999927e+02 4.831430720000999980e+06 4.635492299800000037e+05
2.799899899999999775e+02 4.831430519988999702e+06 4.635494500119999866e+05
2.798900150000000053e+02 4.831430619994999841e+06 4.635492999880000134e+05
2.801000060000000076e+02 4.831430600006000139e+06 4.635494299929999979e+05
2.798999939999999924e+02 4.831430750000000000e+06 4.635492199709999841e+05
2.799500120000000152e+02 4.831430640014999546e+06 4.635493200070000021e+05
2.799100040000000149e+02 4.831430690001999959e+06 4.635492500000000000e+05
2.799899899999999775e+02 4.831430559998000041e+06 4.635493699950000155e+05
2.799299930000000245e+02 4.831430670013000257e+06 4.635492999880000134e+05
2.799500120000000152e+02 4.831430649993999861e+06 4.635493300169999711e+05
2.800799870000000169e+02 4.831430600006000139e+06 4.635494000239999732e+05
2.800100100000000225e+02 4.831430600006000139e+06 4.635494000239999732e+05
2.798800049999999828e+02 4.831430670013000257e+06 4.635493499760000268e+05
2.799500120000000152e+02 4.831430660004000179e+06 4.635493499760000268e+05
