463546.059998 4831429.869995 279.779999
463546.119995 4831429.880005 279.649994
463545.780029 4831429.119995 279.089996
463545.710022 4831429.059998 278.980011
463545.780029 4831429.079987 279.179993
463546.130005 4831429.320007 278.880005
463545.609985 4831429.040009 278.950012
463545.599976 4831429.040009 278.940002
463545.809998 4831429.089996 279.160004
463546.190002 4831429.369995 278.940002
463546.179993 4831429.420013 278.950012
463546.179993 4831429.410004 278.850006
463546.179993 4831429.399994 278.929993
463546.200012 4831429.390015 278.890015
463546.179993 4831429.339996 278.820007
463545.159973 4831429.630005 279.660004
463545.369995 4831429.660004 279.500000
463546.190002 4831429.440002 278.920013
463546.169983 4831429.450012 278.910004
463546.190002 4831429.450012 278.920013
463545.750000 4831430.010010 278.429993
463545.729980 4831429.959991 278.450012
463546.010010 4831429.859985 280.140015
463545.760010 4831429.980011 278.579987
463546.169983 4831429.540009 280.149994
463545.109985 4831430.010010 279.779999
463545.599976 4831430.019989 278.540009
463545.590027 4831430.019989 278.609985
463545.400024 4831429.980011 279.100006
463545.460022 4831429.989990 278.950012
463545.119995 4831430.019989 279.809998
463545.710022 4831430.000000 278.519989
463545.549988 4831430.019989 278.579987
463545.659973 4831430.000000 278.410004
463545.549988 4831430.010010 278.640015
463545.580017 4831430.000000 278.609985
463545.580017 4831429.980011 278.660004
463545.580017 4831429.970001 278.700012
463545.559998 4831430.010010 278.570007
463545.609985 4831430.010010 278.589996
463545.599976 4831430.019989 278.649994
463545.599976 4831430.000000 278.679993
463545.200012 4831429.329987 279.040009
463545.179993 4831429.480011 278.970001
463545.429993 4831429.679993 278.630005
463545.349976 4831429.510010 278.809998
463545.489990 4831429.750000 278.559998
463545.210022 4831429.640015 278.760010
463545.520020 4831429.859985 278.410004
463545.609985 4831429.940002 278.700012
463545.619995 4831429.950012 278.489990
463545.390015 4831429.679993 278.739990
463544.950012 4831429.880005 280.100006
463545.030029 4831429.869995 280.190002
463545.020020 4831429.880005 280.190002
463544.979980 4831429.850006 280.200012
463544.830017 4831429.899994 280.130005
463545.059998 4831429.940002 279.660004
463545.049988 4831429.920013 279.510010
463545.090027 4831429.959991 279.519989
463544.940002 4831429.970001 279.829987
463544.979980 4831429.970001 279.549988
463544.919983 4831429.880005 280.079987
463545.030029 4831429.829987 280.160004
463545.080017 4831429.820007 280.149994
463544.900024 4831429.880005 280.170013
463544.880005 4831429.869995 280.119995
463544.929993 4831429.890015 280.109985
463545.090027 4831429.820007 280.209991
463545.070007 4831429.859985 279.619995
463544.989990 4831429.890015 279.950012
463545.099976 4831430.000000 279.500000
463545.090027 4831429.989990 279.760010
463544.859985 4831429.760010 280.059998
463544.809998 4831429.940002 280.170013
463544.950012 4831429.950012 279.839996
463544.919983 4831429.890015 279.750000
463544.900024 4831429.880005 279.869995
463544.940002 4831429.950012 279.829987
463545.090027 4831429.989990 279.429993
463545.099976 4831430.010010 279.459991
463545.000000 4831429.950012 279.609985
463545.020020 4831429.970001 279.609985
463545.030029 4831429.980011 279.649994
463544.960022 4831429.970001 279.839996
463544.969971 4831429.980011 279.890015
463544.960022 4831429.970001 279.820007
463545.080017 4831430.000000 279.369995
463544.950012 4831429.880005 280.089996
463544.950012 4831429.940002 279.829987
463544.929993 4831429.899994 279.799988
463544.909973 4831429.880005 279.829987
463544.890015 4831429.850006 279.869995
463544.859985 4831429.829987 279.910004
463544.859985 4831429.799988 279.970001
463545.000000 4831429.940002 279.739990
463544.940002 4831429.859985 279.630005
463544.909973 4831429.809998 279.679993
463544.969971 4831429.940002 279.850006
463544.979980 4831429.929993 279.589996
463545.010010 4831430.010010 279.769989
463545.010010 4831429.989990 279.660004
463544.979980 4831429.959991 279.720001
463545.099976 4831429.970001 279.440002
463545.030029 4831430.000000 279.619995
463545.010010 4831429.970001 279.660004
463545.099976 4831429.989990 279.440002
463544.979980 4831429.970001 279.820007
463545.000000 4831429.959991 279.609985
463545.080017 4831429.980011 279.510010
463544.770020 4831429.709991 280.049988
463544.940002 4831429.899994 280.209991
463544.919983 4831430.000000 279.779999
463544.940002 4831429.880005 280.079987
463544.929993 4831429.890015 280.160004
463544.929993 4831429.929993 279.790009
463544.909973 4831429.869995 279.720001
463544.890015 4831429.829987 279.690002
463544.789978 4831429.700012 279.910004
463544.830017 4831429.779999 279.980011
463544.809998 4831429.750000 279.970001
463544.979980 4831429.929993 279.589996
463544.960022 4831429.910004 279.600006
463544.950012 4831429.880005 279.619995
463544.950012 4831429.739990 279.209991
463545.059998 4831429.839996 279.109985
463545.049988 4831429.829987 279.130005
463545.080017 4831429.820007 279.109985
463545.039978 4831429.829987 279.130005
463545.039978 4831429.809998 279.160004
463544.890015 4831429.970001 279.829987
463544.979980 4831430.000000 279.630005
463544.969971 4831429.989990 279.679993
463544.960022 4831429.970001 279.700012
463544.950012 4831429.970001 279.769989
463544.940002 4831429.950012 279.779999
463545.059998 4831430.019989 279.429993
463545.039978 4831430.000000 279.510010
463545.020020 4831429.970001 279.570007
463545.010010 4831429.959991 279.600006
463545.000000 4831429.970001 279.690002
463545.099976 4831430.010010 279.420013
463545.080017 4831430.000000 279.450012
463545.059998 4831429.950012 279.420013
463544.950012 4831429.989990 279.720001
463544.950012 4831429.980011 279.760010
463544.940002 4831429.959991 279.799988
463544.929993 4831429.950012 279.839996
463545.030029 4831430.010010 279.579987
463545.020020 4831429.989990 279.589996
463545.010010 4831429.970001 279.619995
463545.090027 4831430.010010 279.450012
463545.080017 4831430.010010 279.470001
463544.950012 4831429.940002 280.149994
463544.789978 4831429.679993 279.929993
463544.840027 4831429.750000 279.970001
463544.859985 4831429.769989 279.980011
463544.979980 4831429.940002 279.760010
463544.969971 4831429.929993 279.679993
463545.000000 4831429.980011 279.709991
463545.020020 4831430.000000 279.690002
463544.940002 4831429.970001 279.899994
463544.960022 4831429.989990 279.880005
463544.950012 4831429.980011 279.820007
463544.979980 4831430.019989 279.769989
463545.020020 4831430.010010 279.640015
463544.909973 4831429.970001 279.700012
463544.960022 4831430.000000 279.559998
463544.929993 4831429.910004 280.190002
463544.909973 4831429.899994 280.170013
463544.919983 4831429.910004 280.170013
463544.919983 4831429.910004 280.170013
463544.929993 4831429.899994 279.619995
463544.929993 4831429.920013 279.630005
463544.929993 4831429.940002 279.700012
463544.989990 4831429.799988 279.179993
463544.940002 4831429.940002 279.600006
463544.979980 4831429.959991 279.589996
463544.979980 4831429.980011 279.600006
463544.929993 4831429.989990 279.790009
463544.989990 4831429.989990 279.630005
463544.919983 4831430.010010 279.769989
463544.969971 4831429.989990 279.700012
463544.989990 4831429.989990 279.630005
463545.010010 4831429.899994 279.510010
463544.960022 4831429.929993 279.500000
463544.880005 4831429.880005 279.750000
463544.979980 4831429.920013 279.489990
463545.070007 4831429.920013 279.299988
463544.830017 4831429.820007 279.910004
463544.830017 4831429.779999 279.920013
463544.820007 4831429.760010 279.929993
463544.820007 4831429.730011 279.940002
463544.809998 4831429.720001 279.910004
463545.070007 4831429.950012 279.290009
463545.049988 4831429.970001 279.269989
463545.020020 4831429.950012 279.359985
463545.020020 4831429.950012 279.299988
463544.909973 4831429.940002 279.839996
463544.940002 4831429.970001 279.859985
463544.919983 4831429.950012 279.820007
463544.919983 4831429.929993 279.730011
463544.880005 4831429.829987 279.760010
463544.940002 4831429.880005 279.709991
463544.929993 4831429.899994 279.690002
463544.979980 4831429.929993 280.190002
463544.820007 4831429.760010 279.970001
463545.010010 4831429.790009 279.250000
463544.869995 4831429.869995 279.890015
463544.909973 4831429.929993 279.809998
463544.969971 4831429.920013 279.579987
463545.099976 4831429.899994 279.100006
463544.799988 4831429.690002 279.890015
463544.809998 4831429.730011 279.899994
463544.830017 4831429.750000 279.820007
463545.039978 4831429.820007 279.170013
463544.799988 4831429.709991 280.010010
463544.960022 4831429.950012 279.690002
463544.929993 4831429.980011 279.910004
463544.960022 4831429.970001 279.850006
463545.000000 4831430.019989 279.679993
463545.039978 4831430.010010 279.589996
463544.919983 4831430.010010 279.890015
463544.960022 4831429.970001 279.709991
463544.979980 4831430.019989 279.730011
463545.000000 4831430.000000 279.670013
463545.070007 4831429.950012 279.000000
463544.969971 4831429.920013 279.589996
463544.950012 4831429.920013 279.700012
463544.929993 4831429.920013 279.799988
463544.909973 4831429.929993 279.859985
463544.940002 4831429.880005 279.630005
463544.950012 4831429.899994 279.799988
463544.919983 4831429.950012 279.809998
463544.909973 4831429.970001 279.850006
463545.030029 4831429.970001 279.510010
463545.010010 4831429.970001 279.589996
463544.979980 4831429.980011 279.619995
463544.960022 4831429.989990 279.640015
463544.989990 4831429.869995 280.160004
463544.969971 4831429.890015 279.619995
463544.859985 4831429.829987 279.910004
463544.950012 4831429.940002 279.890015
463545.059998 4831429.820007 279.109985
463544.929993 4831429.959991 279.899994
463544.950012 4831429.950012 279.859985
463544.960022 4831429.950012 279.820007
463544.989990 4831430.010010 279.750000
463545.039978 4831429.989990 279.579987
463545.059998 4831429.980011 279.540009
463544.960022 4831429.959991 279.859985
463545.179993 4831429.910004 278.839996
463545.469971 4831429.980011 278.869995
463545.390015 4831429.950012 278.750000
463545.280029 4831429.959991 278.799988
463545.229980 4831430.019989 279.299988
463545.150024 4831430.010010 279.450012
463545.409973 4831430.019989 278.809998
463545.400024 4831430.010010 278.880005
463545.179993 4831430.019989 278.619995
463545.190002 4831429.989990 279.250000
463545.130005 4831429.959991 279.369995
463545.140015 4831429.899994 279.570007
463545.150024 4831429.910004 279.489990
463545.179993 4831429.929993 279.369995
463545.190002 4831429.920013 279.309998
463545.219971 4831429.929993 279.399994
463545.190002 4831429.869995 279.329987
463545.219971 4831429.809998 278.839996
463545.140015 4831429.880005 278.730011
463545.479980 4831429.940002 278.880005
463545.320007 4831429.959991 279.119995
463545.400024 4831429.980011 279.049988
463545.450012 4831429.970001 278.920013
463545.280029 4831429.970001 279.220001
463545.359985 4831429.970001 279.100006
463545.440002 4831429.980011 278.899994
463545.530029 4831430.000000 278.670013
463545.179993 4831429.940002 278.679993
463545.179993 4831429.940002 278.760010
463545.349976 4831429.940002 279.179993
463545.179993 4831429.899994 278.809998
463545.210022 4831429.970001 278.989990
463545.210022 4831429.980011 279.040009
463545.169983 4831430.019989 279.309998
463545.390015 4831430.010010 278.720001
463545.380005 4831430.019989 278.880005
463545.299988 4831429.959991 278.769989
463545.309998 4831430.010010 278.950012
463545.190002 4831430.010010 279.209991
463545.320007 4831430.000000 278.910004
463545.229980 4831429.940002 278.989990
463545.320007 4831429.920013 279.200012
463545.190002 4831429.929993 279.029999
463545.179993 4831429.899994 279.029999
463545.159973 4831429.880005 279.010010
463545.150024 4831430.019989 279.309998
463545.119995 4831429.989990 279.399994
463545.250000 4831429.980011 279.049988
463545.239990 4831429.959991 279.010010
463545.369995 4831429.989990 278.839996
463545.369995 4831429.959991 278.760010
463545.119995 4831430.019989 279.410004
463545.159973 4831430.010010 279.320007
463545.140015 4831429.989990 279.359985
463545.210022 4831430.019989 279.250000
463545.250000 4831429.970001 278.929993
463545.369995 4831430.019989 278.920013
463545.409973 4831430.000000 278.799988
463545.250000 4831429.980011 279.209991
463545.270020 4831429.980011 279.220001
463545.280029 4831429.940002 279.209991
463545.130005 4831429.920013 278.980011
463545.179993 4831429.950012 279.010010
463545.169983 4831429.929993 279.029999
463545.229980 4831429.940002 278.839996
463545.179993 4831429.940002 278.790009
463545.130005 4831430.019989 279.290009
463545.250000 4831430.010010 279.029999
463545.280029 4831430.019989 278.980011
463545.280029 4831429.970001 278.839996
463545.280029 4831429.959991 279.200012
463545.330017 4831429.980011 278.799988
463545.349976 4831429.899994 279.299988
463545.109985 4831430.019989 279.390015
463545.559998 4831429.980011 278.640015
463545.280029 4831429.989990 278.739990
463545.530029 4831430.010010 278.609985
463545.190002 4831430.010010 278.950012
463545.520020 4831429.970001 278.450012
463545.340027 4831430.010010 278.829987
463545.159973 4831429.920013 278.820007
463545.289978 4831429.920013 279.299988
463545.200012 4831429.920013 278.779999
463545.190002 4831429.940002 278.790009
463545.200012 4831429.929993 278.790009
463545.159973 4831429.950012 278.820007
463545.340027 4831430.000000 278.799988
463545.309998 4831429.989990 278.760010
463545.109985 4831430.019989 279.320007
463545.340027 4831430.010010 278.709991
463545.260010 4831429.950012 278.750000
463545.260010 4831429.980011 278.739990
463545.260010 4831429.959991 278.739990
463545.270020 4831429.989990 278.720001
463545.309998 4831430.000000 278.720001
463545.229980 4831430.000000 278.980011
463545.150024 4831430.019989 279.250000
463545.260010 4831430.000000 279.049988
463545.309998 4831430.000000 278.709991
463545.219971 4831430.019989 279.029999
463545.169983 4831429.820007 279.380005
463545.270020 4831429.910004 278.940002
463545.539978 4831429.970001 278.619995
463545.429993 4831429.980011 278.790009
463545.159973 4831429.940002 278.950012
463545.130005 4831429.910004 279.079987
463545.229980 4831429.980011 278.869995
463545.270020 4831429.970001 278.779999
463545.330017 4831430.010010 278.750000
463545.340027 4831430.000000 278.799988
463545.179993 4831429.950012 278.839996
463545.190002 4831429.959991 279.029999
463545.200012 4831430.000000 278.980011
463545.219971 4831429.980011 278.910004
463545.299988 4831429.970001 279.209991
463545.320007 4831429.959991 279.260010
463545.260010 4831430.010010 278.880005
463545.320007 4831430.010010 278.779999
463545.359985 4831430.019989 278.739990
463545.570007 4831429.989990 278.529999
463545.299988 4831429.899994 279.260010
463545.190002 4831429.910004 278.829987
463545.169983 4831429.920013 278.799988
463545.299988 4831429.970001 278.760010
463545.260010 4831429.950012 278.760010
463545.239990 4831429.959991 278.790009
463545.159973 4831429.899994 278.920013
463545.380005 4831430.000000 278.730011
463545.169983 4831430.010010 279.350006
463545.169983 4831430.010010 279.279999
463545.200012 4831430.019989 279.209991
463545.320007 4831429.970001 278.750000
463544.760010 4831429.679993 279.980011
463544.809998 4831429.700012 280.029999
463544.770020 4831429.649994 280.000000
463544.760010 4831429.640015 279.049988
463544.700012 4831429.410004 279.709991
463544.719971 4831429.450012 279.700012
463544.650024 4831429.500000 279.799988
463544.669983 4831429.820007 279.820007
463544.729980 4831429.959991 280.209991
463544.690002 4831429.829987 280.149994
463544.530029 4831429.480011 279.700012
