2.790899959999999851e+02 4.831432510010000318e+06 4.635481199950000155e+05
2.791300049999999828e+02 4.831432500000000000e+06 4.635481500239999732e+05
2.791300049999999828e+02 4.831432459990999661e+06 4.635481099849999882e+05
2.791499939999999924e+02 4.831432500000000000e+06 4.635480499880000134e+05
2.789299930000000245e+02 4.831432429992999882e+06 4.635481699830000289e+05
2.791300049999999828e+02 4.831432480011000298e+06 4.635480700070000021e+05
2.790799870000000169e+02 4.831432559998000041e+06 4.635481799929999979e+05
2.790799870000000169e+02 4.831432549987999722e+06 4.635481500239999732e+05
2.790700069999999755e+02 4.831432630005000159e+06 4.635481300049999845e+05
2.790700069999999755e+02 4.831432630005000159e+06 4.635481300049999845e+05
2.790499879999999848e+02 4.831432660004000179e+06 4.635481400150000118e+05
2.790799870000000169e+02 4.831432549987999722e+06 4.635481500239999732e+05
2.791000060000000076e+02 4.831432579986999743e+06 4.635480700070000021e+05
2.790599980000000073e+02 4.831432660004000179e+06 4.635481099849999882e+05
2.791199950000000172e+02 4.831432519988999702e+06 4.635481300049999845e+05
2.791000060000000076e+02 4.831432589995999821e+06 4.635480900269999984e+05
2.791099849999999947e+02 4.831432529999000020e+06 4.635480900269999984e+05
2.790599980000000073e+02 4.831432529999000020e+06 4.635481400150000118e+05
2.790799870000000169e+02 4.831432750000000000e+06 4.635481400150000118e+05
2.790700069999999755e+02 4.831432660004000179e+06 4.635480800169999711e+05
2.791000060000000076e+02 4.831432630005000159e+06 4.635480700070000021e+05
2.790700069999999755e+02 4.831432609985000454e+06 4.635480499880000134e+05
2.790400089999999977e+02 4.831432640014999546e+06 4.635481199950000155e+05
2.791099849999999947e+02 4.831432630005000159e+06 4.635480800169999711e+05
2.791000060000000076e+02 4.831432700012000278e+06 4.635480900269999984e+05
2.791000060000000076e+02 4.831432720000999980e+06 4.635480999760000268e+05
2.791099849999999947e+02 4.831432649993999861e+06 4.635480300290000159e+05
2.791400150000000053e+02 4.831432679992999882e+06 4.635480399779999861e+05
2.791000060000000076e+02 4.831432690001999959e+06 4.635480200199999963e+05
2.791300049999999828e+02 4.831432640014999546e+06 4.635480100100000273e+05
2.791300049999999828e+02 4.831432679992999882e+06 4.635480399779999861e+05
2.791000060000000076e+02 4.831432769988999702e+06 4.635480900269999984e+05
2.791000060000000076e+02 4.831432630005000159e+06 4.635481099849999882e+05
2.791300049999999828e+02 4.831432640014999546e+06 4.635480000000000000e+05
2.790700069999999755e+02 4.831432649993999861e+06 4.635480300290000159e+05
2.791000060000000076e+02 4.831432679992999882e+06 4.635480399779999861e+05
2.790799870000000169e+02 4.831432700012000278e+06 4.635480499880000134e+05
2.790899959999999851e+02 4.831432750000000000e+06 4.635480800169999711e+05
2.783699950000000172e+02 4.831433190001999959e+06 4.635479500119999866e+05
2.783299870000000169e+02 4.831433200012000278e+06 4.635479699709999841e+05
2.791199950000000172e+02 4.831432670013000257e+06 4.635480300290000159e+05
2.783699950000000172e+02 4.831433179992999882e+06 4.635479600220000139e+05
2.783399959999999851e+02 4.831433179992999882e+06 4.635479699709999841e+05
2.784200129999999831e+02 4.831433170013000257e+06 4.635479699709999841e+05
2.783900150000000053e+02 4.831433160004000179e+06 4.635479899899999727e+05
2.784100040000000149e+02 4.831433140014999546e+06 4.635479799800000037e+05
2.790899959999999851e+02 4.831432700012000278e+06 4.635480700070000021e+05
2.790799870000000169e+02 4.831432670013000257e+06 4.635480499880000134e+05
2.790599980000000073e+02 4.831432750000000000e+06 4.635481500239999732e+05
2.783999939999999924e+02 4.831433179992999882e+06 4.635479699709999841e+05
2.783800049999999828e+02 4.831433200012000278e+06 4.635479799800000037e+05
2.783399959999999851e+02 4.831433209990999661e+06 4.635479899899999727e+05
2.783999939999999924e+02 4.831433130005000159e+06 4.635479699709999841e+05
2.784100040000000149e+02 4.831433190001999959e+06 4.635479699709999841e+05
2.791199950000000172e+02 4.831432679992999882e+06 4.635480800169999711e+05
2.791099849999999947e+02 4.831432750000000000e+06 4.635481099849999882e+05
2.790899959999999851e+02 4.831432600006000139e+06 4.635480200199999963e+05
2.791000060000000076e+02 4.831432690001999959e+06 4.635480599979999824e+05
2.791099849999999947e+02 4.831432730011000298e+06 4.635480700070000021e+05
2.791199950000000172e+02 4.831432690001999959e+06 4.635480499880000134e+05
2.791199950000000172e+02 4.831432720000999980e+06 4.635480599979999824e+05
2.791199950000000172e+02 4.831432700012000278e+06 4.635480300290000159e+05
2.790799870000000169e+02 4.831432709990999661e+06 4.635480399779999861e+05
2.790700069999999755e+02 4.831432709990999661e+06 4.635480100100000273e+05
2.783399959999999851e+02 4.831433170013000257e+06 4.635479400020000176e+05
2.784400019999999927e+02 4.831433140014999546e+06 4.635479699709999841e+05
2.790899959999999851e+02 4.831432769988999702e+06 4.635480700070000021e+05
2.791199950000000172e+02 4.831432660004000179e+06 4.635480100100000273e+05
2.791099849999999947e+02 4.831432600006000139e+06 4.635479899899999727e+05
2.790899959999999851e+02 4.831432690001999959e+06 4.635480800169999711e+05
2.791099849999999947e+02 4.831432649993999861e+06 4.635480700070000021e+05
2.783699950000000172e+02 4.831433149993999861e+06 4.635479799800000037e+05
2.784299930000000245e+02 4.831433149993999861e+06 4.635479799800000037e+05
2.790899959999999851e+02 4.831432660004000179e+06 4.635480000000000000e+05
2.791199950000000172e+02 4.831432660004000179e+06 4.635480399779999861e+05
2.791400150000000053e+02 4.831432640014999546e+06 4.635480300290000159e+05
2.791000060000000076e+02 4.831432570007000118e+06 4.635480700070000021e+05
2.791400150000000053e+02 4.831432720000999980e+06 4.635480999760000268e+05
2.790899959999999851e+02 4.831432690001999959e+06 4.635480700070000021e+05
2.790700069999999755e+02 4.831432679992999882e+06 4.635480599979999824e+05
2.791000060000000076e+02 4.831432670013000257e+06 4.635480599979999824e+05
2.791199950000000172e+02 4.831432750000000000e+06 4.635480900269999984e+05
2.791400150000000053e+02 4.831432529999000020e+06 4.635480200199999963e+05
2.791099849999999947e+02 4.831432549987999722e+06 4.635480000000000000e+05
2.791199950000000172e+02 4.831432679992999882e+06 4.635481099849999882e+05
2.791000060000000076e+02 4.831432700012000278e+06 4.635480900269999984e+05
2.791199950000000172e+02 4.831432529999000020e+06 4.635481400150000118e+05
2.790700069999999755e+02 4.831432700012000278e+06 4.635481099849999882e+05
2.783099980000000073e+02 4.831433200012000278e+06 4.635479799800000037e+05
2.783900150000000053e+02 4.831433209990999661e+06 4.635479699709999841e+05
2.791099849999999947e+02 4.831432700012000278e+06 4.635480900269999984e+05
2.791000060000000076e+02 4.831432730011000298e+06 4.635481199950000155e+05
2.791099849999999947e+02 4.831432720000999980e+06 4.635480999760000268e+05
2.790400089999999977e+02 4.831432700012000278e+06 4.635481300049999845e+05
2.790700069999999755e+02 4.831432720000999980e+06 4.635481300049999845e+05
2.783599849999999947e+02 4.831433100006000139e+06 4.635479899899999727e+05
2.784100040000000149e+02 4.831433109985000454e+06 4.635480000000000000e+05
2.783800049999999828e+02 4.831433130005000159e+06 4.635479899899999727e+05
2.783500060000000076e+02 4.831433079986999743e+06 4.635480399779999861e+05
2.783699950000000172e+02 4.831433179992999882e+06 4.635479699709999841e+05
2.783699950000000172e+02 4.831433160004000179e+06 4.635480000000000000e+05
2.783999939999999924e+02 4.831433109985000454e+06 4.635479699709999841e+05
2.790899959999999851e+02 4.831432640014999546e+06 4.635481099849999882e+05
2.790899959999999851e+02 4.831432609985000454e+06 4.635480900269999984e+05
2.791099849999999947e+02 4.831432570007000118e+06 4.635481099849999882e+05
2.790700069999999755e+02 4.831432609985000454e+06 4.635480499880000134e+05
2.791099849999999947e+02 4.831432519988999702e+06 4.635480599979999824e+05
2.783399959999999851e+02 4.831433119994999841e+06 4.635480000000000000e+05
2.783299870000000169e+02 4.831433140014999546e+06 4.635479699709999841e+05
2.783999939999999924e+02 4.831433089995999821e+06 4.635479899899999727e+05
2.783500060000000076e+02 4.831433100006000139e+06 4.635479799800000037e+05
2.784100040000000149e+02 4.831433079986999743e+06 4.635479799800000037e+05
2.783800049999999828e+02 4.831433089995999821e+06 4.635479600220000139e+05
2.783099980000000073e+02 4.831433100006000139e+06 4.635479600220000139e+05
2.784200129999999831e+02 4.831433079986999743e+06 4.635479799800000037e+05
2.783500060000000076e+02 4.831433089995999821e+06 4.635479699709999841e+05
2.790400089999999977e+02 4.831432660004000179e+06 4.635481400150000118e+05
2.790599980000000073e+02 4.831432690001999959e+06 4.635480999760000268e+05
2.790700069999999755e+02 4.831432720000999980e+06 4.635481400150000118e+05
2.790599980000000073e+02 4.831432690001999959e+06 4.635480700070000021e+05
2.791400150000000053e+02 4.831432700012000278e+06 4.635480999760000268e+05
2.790700069999999755e+02 4.831432630005000159e+06 4.635481599730000016e+05
2.790599980000000073e+02 4.831432739989999682e+06 4.635481199950000155e+05
2.783099980000000073e+02 4.831433220000999980e+06 4.635479500119999866e+05
2.783399959999999851e+02 4.831433200012000278e+06 4.635480000000000000e+05
2.783699950000000172e+02 4.831433179992999882e+06 4.635480100100000273e+05
2.783800049999999828e+02 4.831433179992999882e+06 4.635480000000000000e+05
2.783900150000000053e+02 4.831433170013000257e+06 4.635480100100000273e+05
2.783999939999999924e+02 4.831433170013000257e+06 4.635480100100000273e+05
2.783900150000000053e+02 4.831433170013000257e+06 4.635480300290000159e+05
2.790799870000000169e+02 4.831432510010000318e+06 4.635482199709999841e+05
2.790299989999999752e+02 4.831432470000999980e+06 4.635481799929999979e+05
2.790799870000000169e+02 4.831432429992999882e+06 4.635482000119999866e+05
2.790299989999999752e+02 4.831432470000999980e+06 4.635482199709999841e+05
2.783200069999999755e+02 4.831433309998000041e+06 4.635485399779999861e+05
2.783699950000000172e+02 4.831433309998000041e+06 4.635485499880000134e+05
2.783999939999999924e+02 4.831433329986999743e+06 4.635485200199999963e+05
2.784599910000000023e+02 4.831433320007000118e+06 4.635485200199999963e+05
2.790599980000000073e+02 4.831432630005000159e+06 4.635481900020000176e+05
2.785899959999999851e+02 4.831433399993999861e+06 4.635485100100000273e+05
2.786400150000000053e+02 4.831433410004000179e+06 4.635485100100000273e+05
2.783599849999999947e+02 4.831433260010000318e+06 4.635484899899999727e+05
2.784299930000000245e+02 4.831433309998000041e+06 4.635485100100000273e+05
2.785000000000000000e+02 4.831433350006000139e+06 4.635485200199999963e+05
2.785499879999999848e+02 4.831433359985000454e+06 4.635485100100000273e+05
2.785899959999999851e+02 4.831433369994999841e+06 4.635485000000000000e+05
2.786099849999999947e+02 4.831433399993999861e+06 4.635485300290000159e+05
2.784500120000000152e+02 4.831433359985000454e+06 4.635485399779999861e+05
2.785299989999999752e+02 4.831433350006000139e+06 4.635485100100000273e+05
2.785700069999999755e+02 4.831433369994999841e+06 4.635485100100000273e+05
2.786000060000000076e+02 4.831433380005000159e+06 4.635485100100000273e+05
2.786400150000000053e+02 4.831433410004000179e+06 4.635485200199999963e+05
2.787099910000000023e+02 4.831433399993999861e+06 4.635484899899999727e+05
2.790199890000000096e+02 4.831433369994999841e+06 4.635483699950000155e+05
2.783500060000000076e+02 4.831433269988999702e+06 4.635485000000000000e+05
2.784299930000000245e+02 4.831433309998000041e+06 4.635485000000000000e+05
2.784500120000000152e+02 4.831433329986999743e+06 4.635485100100000273e+05
2.785000000000000000e+02 4.831433339995999821e+06 4.635485100100000273e+05
2.785400089999999977e+02 4.831433359985000454e+06 4.635485000000000000e+05
2.785899959999999851e+02 4.831433369994999841e+06 4.635485000000000000e+05
2.786199950000000172e+02 4.831433399993999861e+06 4.635485100100000273e+05
2.783299870000000169e+02 4.831433290009000339e+06 4.635485200199999963e+05
2.784100040000000149e+02 4.831433320007000118e+06 4.635485200199999963e+05
2.784400019999999927e+02 4.831433350006000139e+06 4.635485399779999861e+05
2.785100100000000225e+02 4.831433350006000139e+06 4.635485100100000273e+05
2.785799870000000169e+02 4.831433359985000454e+06 4.635484899899999727e+05
2.786000060000000076e+02 4.831433380005000159e+06 4.635485100100000273e+05
2.786199950000000172e+02 4.831433410004000179e+06 4.635485200199999963e+05
2.783299870000000169e+02 4.831433290009000339e+06 4.635485100100000273e+05
2.783999939999999924e+02 4.831433329986999743e+06 4.635485200199999963e+05
2.784400019999999927e+02 4.831433350006000139e+06 4.635485200199999963e+05
2.785000000000000000e+02 4.831433350006000139e+06 4.635485100100000273e+05
2.785599980000000073e+02 4.831433359985000454e+06 4.635484899899999727e+05
2.785899959999999851e+02 4.831433390014999546e+06 4.635485100100000273e+05
2.786300049999999828e+02 4.831433410004000179e+06 4.635485100100000273e+05
2.786799930000000245e+02 4.831433420013000257e+06 4.635485000000000000e+05
2.783999939999999924e+02 4.831433369994999841e+06 4.635485599979999824e+05
2.785000000000000000e+02 4.831433350006000139e+06 4.635485100100000273e+05
2.785499879999999848e+02 4.831433359985000454e+06 4.635485000000000000e+05
2.785899959999999851e+02 4.831433380005000159e+06 4.635485000000000000e+05
2.786199950000000172e+02 4.831433399993999861e+06 4.635485100100000273e+05
2.786600040000000149e+02 4.831433420013000257e+06 4.635485100100000273e+05
2.783299870000000169e+02 4.831433290009000339e+06 4.635484899899999727e+05
2.784500120000000152e+02 4.831433339995999821e+06 4.635484899899999727e+05
2.784899899999999775e+02 4.831433359985000454e+06 4.635484899899999727e+05
2.785499879999999848e+02 4.831433359985000454e+06 4.635484699709999841e+05
2.786000060000000076e+02 4.831433410004000179e+06 4.635484899899999727e+05
2.784599910000000023e+02 4.831433369994999841e+06 4.635484899899999727e+05
2.785100100000000225e+02 4.831433380005000159e+06 4.635484799800000037e+05
2.783399959999999851e+02 4.831433279999000020e+06 4.635485599979999824e+05
2.790199890000000096e+02 4.831432519988999702e+06 4.635482199709999841e+05
2.783900150000000053e+02 4.831433309998000041e+06 4.635485700070000021e+05
2.784899899999999775e+02 4.831433359985000454e+06 4.635484899899999727e+05
2.785400089999999977e+02 4.831433410004000179e+06 4.635484699709999841e+05
2.783200069999999755e+02 4.831433279999000020e+06 4.635484600220000139e+05
2.783500060000000076e+02 4.831433299987999722e+06 4.635484699709999841e+05
2.787500000000000000e+02 4.831433350006000139e+06 4.635484299929999979e+05
2.785499879999999848e+02 4.831433350006000139e+06 4.635484799800000037e+05
2.784500120000000152e+02 4.831433329986999743e+06 4.635484799800000037e+05
2.787399899999999775e+02 4.831433269988999702e+06 4.635483699950000155e+05
2.790599980000000073e+02 4.831432649993999861e+06 4.635481799929999979e+05
2.791000060000000076e+02 4.831432519988999702e+06 4.635481799929999979e+05
2.790799870000000169e+02 4.831432549987999722e+06 4.635481900020000176e+05
2.785100100000000225e+02 4.831433420013000257e+06 4.635484299929999979e+05
2.788699950000000172e+02 4.831433320007000118e+06 4.635483200070000021e+05
2.789899899999999775e+02 4.831433399993999861e+06 4.635483499760000268e+05
2.789700010000000248e+02 4.831433369994999841e+06 4.635483300169999711e+05
2.788900150000000053e+02 4.831433320007000118e+06 4.635482899779999861e+05
2.790700069999999755e+02 4.831433350006000139e+06 4.635483200070000021e+05
2.787799989999999752e+02 4.831433350006000139e+06 4.635483599849999882e+05
2.783299870000000169e+02 4.831433309998000041e+06 4.635484799800000037e+05
2.789100040000000149e+02 4.831433339995999821e+06 4.635482999880000134e+05
2.789500120000000152e+02 4.831433320007000118e+06 4.635482899779999861e+05
2.785400089999999977e+02 4.831433410004000179e+06 4.635484899899999727e+05
2.783800049999999828e+02 4.831433380005000159e+06 4.635484899899999727e+05
2.783099980000000073e+02 4.831433380005000159e+06 4.635484799800000037e+05
2.789599910000000023e+02 4.831433350006000139e+06 4.635483200070000021e+05
2.788299870000000169e+02 4.831433329986999743e+06 4.635482500000000000e+05
2.791400150000000053e+02 4.831433320007000118e+06 4.635482500000000000e+05
2.790700069999999755e+02 4.831433380005000159e+06 4.635483099979999824e+05
2.790499879999999848e+02 4.831433399993999861e+06 4.635483200070000021e+05
2.790199890000000096e+02 4.831433410004000179e+06 4.635483300169999711e+05
2.785400089999999977e+02 4.831433420013000257e+06 4.635484799800000037e+05
2.790599980000000073e+02 4.831433369994999841e+06 4.635482999880000134e+05
2.790400089999999977e+02 4.831433399993999861e+06 4.635483200070000021e+05
2.790199890000000096e+02 4.831433420013000257e+06 4.635483400269999984e+05
2.790700069999999755e+02 4.831433380005000159e+06 4.635482999880000134e+05
2.790499879999999848e+02 4.831433399993999861e+06 4.635483200070000021e+05
2.790299989999999752e+02 4.831433410004000179e+06 4.635483300169999711e+05
2.790700069999999755e+02 4.831433380005000159e+06 4.635482899779999861e+05
2.790400089999999977e+02 4.831433399993999861e+06 4.635483099979999824e+05
2.790199890000000096e+02 4.831433420013000257e+06 4.635483300169999711e+05
2.790700069999999755e+02 4.831433399993999861e+06 4.635483099979999824e+05
2.790299989999999752e+02 4.831433399993999861e+06 4.635483300169999711e+05
2.790000000000000000e+02 4.831433420013000257e+06 4.635483400269999984e+05
2.790799870000000169e+02 4.831433359985000454e+06 4.635482800290000159e+05
2.790499879999999848e+02 4.831433380005000159e+06 4.635482999880000134e+05
2.790400089999999977e+02 4.831433410004000179e+06 4.635483200070000021e+05
2.790499879999999848e+02 4.831433390014999546e+06 4.635483099979999824e+05
2.790299989999999752e+02 4.831433410004000179e+06 4.635483300169999711e+05
2.790799870000000169e+02 4.831433380005000159e+06 4.635482999880000134e+05
2.790599980000000073e+02 4.831433399993999861e+06 4.635483099979999824e+05
2.790299989999999752e+02 4.831433410004000179e+06 4.635483200070000021e+05
2.786099849999999947e+02 4.831433380005000159e+06 4.635483800049999845e+05
2.786000060000000076e+02 4.831433410004000179e+06 4.635483900150000118e+05
2.783900150000000053e+02 4.831433410004000179e+06 4.635484600220000139e+05
2.783099980000000073e+02 4.831433380005000159e+06 4.635484699709999841e+05
2.787399899999999775e+02 4.831433350006000139e+06 4.635482700199999963e+05
2.786199950000000172e+02 4.831433390014999546e+06 4.635483800049999845e+05
2.786499939999999924e+02 4.831433369994999841e+06 4.635483599849999882e+05
2.783099980000000073e+02 4.831433329986999743e+06 4.635484199830000289e+05
2.784100040000000149e+02 4.831433380005000159e+06 4.635484299929999979e+05
2.784800109999999904e+02 4.831433390014999546e+06 4.635484299929999979e+05
2.783699950000000172e+02 4.831433329986999743e+06 4.635484699709999841e+05
2.784599910000000023e+02 4.831433369994999841e+06 4.635484799800000037e+05
2.789599910000000023e+02 4.831433420013000257e+06 4.635483599849999882e+05
2.787600100000000225e+02 4.831433420013000257e+06 4.635484199830000289e+05
2.787399899999999775e+02 4.831433359985000454e+06 4.635483800049999845e+05
2.783900150000000053e+02 4.831433369994999841e+06 4.635484699709999841e+05
2.787999879999999848e+02 4.831433339995999821e+06 4.635482700199999963e+05
2.786199950000000172e+02 4.831433410004000179e+06 4.635484299929999979e+05
2.784700010000000248e+02 4.831433390014999546e+06 4.635484899899999727e+05
2.783299870000000169e+02 4.831433350006000139e+06 4.635484799800000037e+05
2.789700010000000248e+02 4.831433420013000257e+06 4.635483400269999984e+05
2.786600040000000149e+02 4.831433420013000257e+06 4.635484400020000176e+05
2.785899959999999851e+02 4.831433309998000041e+06 4.635483800049999845e+05
2.785299989999999752e+02 4.831433299987999722e+06 4.635483800049999845e+05
2.784800109999999904e+02 4.831433299987999722e+06 4.635483800049999845e+05
2.790000000000000000e+02 4.831433299987999722e+06 4.635482700199999963e+05
2.788399959999999851e+02 4.831433390014999546e+06 4.635484199830000289e+05
2.787900089999999977e+02 4.831433390014999546e+06 4.635484199830000289e+05
2.789400019999999927e+02 4.831433339995999821e+06 4.635483300169999711e+05
2.790700069999999755e+02 4.831433250000000000e+06 4.635482600100000273e+05
2.783299870000000169e+02 4.831433209990999661e+06 4.635484000239999732e+05
2.787799989999999752e+02 4.831433390014999546e+06 4.635484199830000289e+05
2.785000000000000000e+02 4.831433279999000020e+06 4.635484000239999732e+05
2.784400019999999927e+02 4.831433290009000339e+06 4.635484199830000289e+05
2.783200069999999755e+02 4.831433290009000339e+06 4.635484699709999841e+05
2.787200010000000248e+02 4.831433320007000118e+06 4.635483499760000268e+05
2.783500060000000076e+02 4.831433329986999743e+06 4.635484699709999841e+05
2.783900150000000053e+02 4.831433329986999743e+06 4.635484699709999841e+05
2.786700129999999831e+02 4.831433339995999821e+06 4.635483900150000118e+05
2.784899899999999775e+02 4.831433380005000159e+06 4.635484799800000037e+05
2.785499879999999848e+02 4.831433380005000159e+06 4.635484699709999841e+05
2.784800109999999904e+02 4.831433420013000257e+06 4.635484799800000037e+05
2.790000000000000000e+02 4.831433420013000257e+06 4.635483699950000155e+05
2.783800049999999828e+02 4.831433309998000041e+06 4.635484400020000176e+05
2.790100100000000225e+02 4.831433380005000159e+06 4.635483800049999845e+05
2.790100100000000225e+02 4.831433359985000454e+06 4.635483499760000268e+05
2.788299870000000169e+02 4.831433420013000257e+06 4.635484799800000037e+05
2.786000060000000076e+02 4.831433410004000179e+06 4.635485200199999963e+05
2.786000060000000076e+02 4.831433350006000139e+06 4.635484799800000037e+05
2.785799870000000169e+02 4.831433309998000041e+06 4.635484400020000176e+05
2.784400019999999927e+02 4.831433309998000041e+06 4.635484699709999841e+05
2.785599980000000073e+02 4.831433290009000339e+06 4.635484199830000289e+05
2.784500120000000152e+02 4.831433290009000339e+06 4.635484400020000176e+05
2.784599910000000023e+02 4.831433309998000041e+06 4.635484600220000139e+05
2.784700010000000248e+02 4.831433269988999702e+06 4.635484199830000289e+05
2.790400089999999977e+02 4.831433399993999861e+06 4.635483499760000268e+05
2.790400089999999977e+02 4.831433410004000179e+06 4.635483499760000268e+05
2.787699890000000096e+02 4.831433339995999821e+06 4.635483300169999711e+05
2.787000120000000152e+02 4.831433350006000139e+06 4.635483499760000268e+05
2.787300109999999904e+02 4.831433380005000159e+06 4.635483699950000155e+05
2.783999939999999924e+02 4.831433339995999821e+06 4.635484500119999866e+05
2.784200129999999831e+02 4.831433350006000139e+06 4.635484299929999979e+05
2.786099849999999947e+02 4.831433410004000179e+06 4.635484699709999841e+05
2.789800109999999904e+02 4.831433420013000257e+06 4.635483800049999845e+05
2.789500120000000152e+02 4.831433399993999861e+06 4.635483499760000268e+05
2.789100040000000149e+02 4.831433390014999546e+06 4.635483400269999984e+05
2.790299989999999752e+02 4.831433369994999841e+06 4.635483300169999711e+05
2.790599980000000073e+02 4.831433359985000454e+06 4.635483300169999711e+05
2.784100040000000149e+02 4.831433329986999743e+06 4.635484699709999841e+05
2.790499879999999848e+02 4.831433339995999821e+06 4.635483200070000021e+05
2.785400089999999977e+02 4.831433339995999821e+06 4.635483499760000268e+05
2.783099980000000073e+02 4.831433269988999702e+06 4.635484500119999866e+05
2.788699950000000172e+02 4.831433239989999682e+06 4.635482899779999861e+05
2.791000060000000076e+02 4.831432529999000020e+06 4.635481799929999979e+05
2.785799870000000169e+02 4.831433410004000179e+06 4.635485100100000273e+05
2.787999879999999848e+02 4.831433309998000041e+06 4.635483200070000021e+05
2.783299870000000169e+02 4.831433329986999743e+06 4.635485100100000273e+05
2.785499879999999848e+02 4.831433410004000179e+06 4.635484600220000139e+05
2.785100100000000225e+02 4.831433309998000041e+06 4.635485800169999711e+05
2.784400019999999927e+02 4.831433320007000118e+06 4.635485900269999984e+05
2.784299930000000245e+02 4.831433299987999722e+06 4.635485700070000021e+05
2.786400150000000053e+02 4.831433369994999841e+06 4.635485900269999984e+05
