2.821400150000000053e+02 4.831429299987999722e+06 4.635463900150000118e+05
2.820700069999999755e+02 4.831429260010000318e+06 4.635466099849999882e+05
2.820299989999999752e+02 4.831429290009000339e+06 4.635466300049999845e+05
2.820799870000000169e+02 4.831429589995999821e+06 4.635464199830000289e+05
2.821600040000000149e+02 4.831429739989999682e+06 4.635463300169999711e+05
2.812999879999999848e+02 4.831429630005000159e+06 4.635465599979999824e+05
2.811700129999999831e+02 4.831429940001999959e+06 4.635464199830000289e+05
2.812399899999999775e+02 4.831429920013000257e+06 4.635464099730000016e+05
2.811400150000000053e+02 4.831429850006000139e+06 4.635464699709999841e+05
2.811499939999999924e+02 4.831429910004000179e+06 4.635464000239999732e+05
2.811099849999999947e+02 4.831429950012000278e+06 4.635464199830000289e+05
2.810899959999999851e+02 4.831429980011000298e+06 4.635464000239999732e+05
2.811700129999999831e+02 4.831429980011000298e+06 4.635463499760000268e+05
2.811400150000000053e+02 4.831430010010000318e+06 4.635463400269999984e+05
2.811700129999999831e+02 4.831429690001999959e+06 4.635466400150000118e+05
2.815100100000000225e+02 4.831429839995999821e+06 4.635464199830000289e+05
2.815299989999999752e+02 4.831429760010000318e+06 4.635464299929999979e+05
2.812300109999999904e+02 4.831429859985000454e+06 4.635464699709999841e+05
2.812000120000000152e+02 4.831429859985000454e+06 4.635464600220000139e+05
2.811799930000000245e+02 4.831429989989999682e+06 4.635463800049999845e+05
2.820499879999999848e+02 4.831429559998000041e+06 4.635464299929999979e+05
2.822099910000000023e+02 4.831429880005000159e+06 4.635465499880000134e+05
2.811499939999999924e+02 4.831429829986999743e+06 4.635464699709999841e+05
2.812699890000000096e+02 4.831429899993999861e+06 4.635463599849999882e+05
2.815100100000000225e+02 4.831429869994999841e+06 4.635463499760000268e+05
2.812900089999999977e+02 4.831429750000000000e+06 4.635464699709999841e+05
2.811499939999999924e+02 4.831429760010000318e+06 4.635464500119999866e+05
2.812600100000000225e+02 4.831429820007000118e+06 4.635463900150000118e+05
2.812600100000000225e+02 4.831429850006000139e+06 4.635463400269999984e+05
2.812000120000000152e+02 4.831429880005000159e+06 4.635463400269999984e+05
2.811300049999999828e+02 4.831429890014999546e+06 4.635463400269999984e+05
2.810899959999999851e+02 4.831429920013000257e+06 4.635463400269999984e+05
2.811000060000000076e+02 4.831429989989999682e+06 4.635463300169999711e+05
2.811799930000000245e+02 4.831429980011000298e+06 4.635463300169999711e+05
2.821000060000000076e+02 4.831429579986999743e+06 4.635464400020000176e+05
2.821300049999999828e+02 4.831429549987999722e+06 4.635464600220000139e+05
2.813500060000000076e+02 4.831429720000999980e+06 4.635464799800000037e+05
2.813800049999999828e+02 4.831429920013000257e+06 4.635463699950000155e+05
2.814500120000000152e+02 4.831429880005000159e+06 4.635463599849999882e+05
2.812500000000000000e+02 4.831429920013000257e+06 4.635463800049999845e+05
2.812999879999999848e+02 4.831429890014999546e+06 4.635463800049999845e+05
2.811099849999999947e+02 4.831429929992999882e+06 4.635464000239999732e+05
2.811900019999999927e+02 4.831429890014999546e+06 4.635464000239999732e+05
2.811900019999999927e+02 4.831429850006000139e+06 4.635464500119999866e+05
2.811400150000000053e+02 4.831429829986999743e+06 4.635464699709999841e+05
2.812000120000000152e+02 4.831429950012000278e+06 4.635463900150000118e+05
2.821900019999999927e+02 4.831429570007000118e+06 4.635464299929999979e+05
2.822000120000000152e+02 4.831429589995999821e+06 4.635464199830000289e+05
2.822399899999999775e+02 4.831429600006000139e+06 4.635464000239999732e+05
2.812600100000000225e+02 4.831429700012000278e+06 4.635465499880000134e+05
2.813599849999999947e+02 4.831429720000999980e+06 4.635464899899999727e+05
2.813299870000000169e+02 4.831429739989999682e+06 4.635465100100000273e+05
2.812099910000000023e+02 4.831429779999000020e+06 4.635464799800000037e+05
2.812799989999999752e+02 4.831429839995999821e+06 4.635464199830000289e+05
2.813299870000000169e+02 4.831429929992999882e+06 4.635463400269999984e+05
2.815100100000000225e+02 4.831429850006000139e+06 4.635463800049999845e+05
2.811900019999999927e+02 4.831429750000000000e+06 4.635464799800000037e+05
2.811000060000000076e+02 4.831429989989999682e+06 4.635463300169999711e+05
2.815700069999999755e+02 4.831429869994999841e+06 4.635463400269999984e+05
2.813299870000000169e+02 4.831429709990999661e+06 4.635464899899999727e+05
2.811199950000000172e+02 4.831429950012000278e+06 4.635463499760000268e+05
2.810700069999999755e+02 4.831429980011000298e+06 4.635463200070000021e+05
2.810799870000000169e+02 4.831429959990999661e+06 4.635463699950000155e+05
2.822399899999999775e+02 4.831429640014999546e+06 4.635463099979999824e+05
2.822399899999999775e+02 4.831429760010000318e+06 4.635463499760000268e+05
2.821799930000000245e+02 4.831429750000000000e+06 4.635463499760000268e+05
2.813200069999999755e+02 4.831429769988999702e+06 4.635465200199999963e+05
2.815100100000000225e+02 4.831429890014999546e+06 4.635463400269999984e+05
2.812799989999999752e+02 4.831429869994999841e+06 4.635464400020000176e+05
2.811499939999999924e+02 4.831429850006000139e+06 4.635464699709999841e+05
2.815899959999999851e+02 4.831429890014999546e+06 4.635463300169999711e+05
2.814899899999999775e+02 4.831429890014999546e+06 4.635463499760000268e+05
2.814899899999999775e+02 4.831429920013000257e+06 4.635463200070000021e+05
2.814500120000000152e+02 4.831429929992999882e+06 4.635463300169999711e+05
2.810899959999999851e+02 4.831429910004000179e+06 4.635464199830000289e+05
2.813599849999999947e+02 4.831429929992999882e+06 4.635463300169999711e+05
2.813200069999999755e+02 4.831429940001999959e+06 4.635463400269999984e+05
2.811799930000000245e+02 4.831429959990999661e+06 4.635463599849999882e+05
2.811300049999999828e+02 4.831429970000999980e+06 4.635463599849999882e+05
2.811000060000000076e+02 4.831429980011000298e+06 4.635463800049999845e+05
2.811099849999999947e+02 4.831430029999000020e+06 4.635463300169999711e+05
2.812900089999999977e+02 4.831429959990999661e+06 4.635463599849999882e+05
2.813299870000000169e+02 4.831429950012000278e+06 4.635463300169999711e+05
2.812900089999999977e+02 4.831429959990999661e+06 4.635463499760000268e+05
2.812000120000000152e+02 4.831429959990999661e+06 4.635463699950000155e+05
2.813399959999999851e+02 4.831429940001999959e+06 4.635463200070000021e+05
2.813099980000000073e+02 4.831429950012000278e+06 4.635463400269999984e+05
2.812600100000000225e+02 4.831429959990999661e+06 4.635463300169999711e+05
2.812200010000000248e+02 4.831429970000999980e+06 4.635463499760000268e+05
2.811799930000000245e+02 4.831429970000999980e+06 4.635463599849999882e+05
2.811499939999999924e+02 4.831429980011000298e+06 4.635463699950000155e+05
2.811400150000000053e+02 4.831429980011000298e+06 4.635463300169999711e+05
2.811400150000000053e+02 4.831430019988999702e+06 4.635463499760000268e+05
2.810799870000000169e+02 4.831430010010000318e+06 4.635463599849999882e+05
2.810400089999999977e+02 4.831430010010000318e+06 4.635463499760000268e+05
2.812000120000000152e+02 4.831430079986999743e+06 4.635463400269999984e+05
2.810700069999999755e+02 4.831430019988999702e+06 4.635463499760000268e+05
2.810100100000000225e+02 4.831430000000000000e+06 4.635463599849999882e+05
2.820899959999999851e+02 4.831429489989999682e+06 4.635464600220000139e+05
2.821400150000000053e+02 4.831429529999000020e+06 4.635465200199999963e+05
2.821300049999999828e+02 4.831429529999000020e+06 4.635464600220000139e+05
2.821799930000000245e+02 4.831429609985000454e+06 4.635463800049999845e+05
2.821300049999999828e+02 4.831429559998000041e+06 4.635464400020000176e+05
2.812900089999999977e+02 4.831429809998000041e+06 4.635464400020000176e+05
2.811799930000000245e+02 4.831429839995999821e+06 4.635464299929999979e+05
2.811000060000000076e+02 4.831429929992999882e+06 4.635463699950000155e+05
2.811799930000000245e+02 4.831429829986999743e+06 4.635464299929999979e+05
2.813200069999999755e+02 4.831429779999000020e+06 4.635464299929999979e+05
2.811499939999999924e+02 4.831429890014999546e+06 4.635463599849999882e+05
2.810899959999999851e+02 4.831429950012000278e+06 4.635463599849999882e+05
2.821099849999999947e+02 4.831429609985000454e+06 4.635464000239999732e+05
2.821499939999999924e+02 4.831429600006000139e+06 4.635464199830000289e+05
2.812300109999999904e+02 4.831429720000999980e+06 4.635465200199999963e+05
2.812200010000000248e+02 4.831429760010000318e+06 4.635465200199999963e+05
2.813099980000000073e+02 4.831429760010000318e+06 4.635465000000000000e+05
2.813699950000000172e+02 4.831429760010000318e+06 4.635464899899999727e+05
2.815400089999999977e+02 4.831429790009000339e+06 4.635464000239999732e+05
2.815100100000000225e+02 4.831429820007000118e+06 4.635464000239999732e+05
2.815499879999999848e+02 4.831429809998000041e+06 4.635464099730000016e+05
2.815400089999999977e+02 4.831429850006000139e+06 4.635463699950000155e+05
2.815199890000000096e+02 4.831429880005000159e+06 4.635463400269999984e+05
2.815400089999999977e+02 4.831429869994999841e+06 4.635463599849999882e+05
2.815799870000000169e+02 4.831429859985000454e+06 4.635463800049999845e+05
2.811099849999999947e+02 4.831429920013000257e+06 4.635463800049999845e+05
2.811600040000000149e+02 4.831429910004000179e+06 4.635463900150000118e+05
2.812300109999999904e+02 4.831429619994999841e+06 4.635465700070000021e+05
2.815100100000000225e+02 4.831429880005000159e+06 4.635463400269999984e+05
2.812500000000000000e+02 4.831429660004000179e+06 4.635465300290000159e+05
2.812600100000000225e+02 4.831429640014999546e+06 4.635465499880000134e+05
2.811900019999999927e+02 4.831429950012000278e+06 4.635463499760000268e+05
2.811600040000000149e+02 4.831429779999000020e+06 4.635464699709999841e+05
2.811199950000000172e+02 4.831429790009000339e+06 4.635464500119999866e+05
2.811300049999999828e+02 4.831429799987999722e+06 4.635464199830000289e+05
2.814200129999999831e+02 4.831429950012000278e+06 4.635464000239999732e+05
2.822200010000000248e+02 4.831429589995999821e+06 4.635464299929999979e+05
2.822099910000000023e+02 4.831429570007000118e+06 4.635464500119999866e+05
2.822300109999999904e+02 4.831429559998000041e+06 4.635464699709999841e+05
2.812600100000000225e+02 4.831429670013000257e+06 4.635465599979999824e+05
2.812600100000000225e+02 4.831429760010000318e+06 4.635465100100000273e+05
2.814599910000000023e+02 4.831429760010000318e+06 4.635465000000000000e+05
2.812799989999999752e+02 4.831429779999000020e+06 4.635465000000000000e+05
2.812399899999999775e+02 4.831429760010000318e+06 4.635465300290000159e+05
2.812000120000000152e+02 4.831429850006000139e+06 4.635464400020000176e+05
2.812799989999999752e+02 4.831429850006000139e+06 4.635464500119999866e+05
2.812000120000000152e+02 4.831429820007000118e+06 4.635464799800000037e+05
2.811700129999999831e+02 4.831429799987999722e+06 4.635465100100000273e+05
2.815299989999999752e+02 4.831429839995999821e+06 4.635463900150000118e+05
2.815799870000000169e+02 4.831429910004000179e+06 4.635463300169999711e+05
2.814899899999999775e+02 4.831429839995999821e+06 4.635464000239999732e+05
2.813399959999999851e+02 4.831429700012000278e+06 4.635465399779999861e+05
2.812399899999999775e+02 4.831429660004000179e+06 4.635465599979999824e+05
2.813500060000000076e+02 4.831429739989999682e+06 4.635465200199999963e+05
2.812200010000000248e+02 4.831429679992999882e+06 4.635465499880000134e+05
2.812399899999999775e+02 4.831429670013000257e+06 4.635465700070000021e+05
2.812200010000000248e+02 4.831429730011000298e+06 4.635465300290000159e+05
2.812399899999999775e+02 4.831429720000999980e+06 4.635465599979999824e+05
2.813999939999999924e+02 4.831429940001999959e+06 4.635463400269999984e+05
2.813599849999999947e+02 4.831429989989999682e+06 4.635464099730000016e+05
2.810899959999999851e+02 4.831430049987999722e+06 4.635463300169999711e+05
2.812900089999999977e+02 4.831429950012000278e+06 4.635463499760000268e+05
2.811700129999999831e+02 4.831429970000999980e+06 4.635463699950000155e+05
2.810899959999999851e+02 4.831430049987999722e+06 4.635463099979999824e+05
2.810499879999999848e+02 4.831430019988999702e+06 4.635463300169999711e+05
2.821499939999999924e+02 4.831429559998000041e+06 4.635463900150000118e+05
2.811300049999999828e+02 4.831429809998000041e+06 4.635464400020000176e+05
2.812200010000000248e+02 4.831429760010000318e+06 4.635464500119999866e+05
2.812500000000000000e+02 4.831429769988999702e+06 4.635464299929999979e+05
2.813800049999999828e+02 4.831429940001999959e+06 4.635463900150000118e+05
2.821300049999999828e+02 4.831429559998000041e+06 4.635464400020000176e+05
2.813200069999999755e+02 4.831429829986999743e+06 4.635463099979999824e+05
2.814800109999999904e+02 4.831429890014999546e+06 4.635463400269999984e+05
2.812399899999999775e+02 4.831429890014999546e+06 4.635463800049999845e+05
2.811199950000000172e+02 4.831429890014999546e+06 4.635464099730000016e+05
2.811000060000000076e+02 4.831429869994999841e+06 4.635464299929999979e+05
2.812200010000000248e+02 4.831429820007000118e+06 4.635464400020000176e+05
2.811099849999999947e+02 4.831429799987999722e+06 4.635464500119999866e+05
2.811300049999999828e+02 4.831429790009000339e+06 4.635464799800000037e+05
2.811099849999999947e+02 4.831429820007000118e+06 4.635464600220000139e+05
2.811199950000000172e+02 4.831429799987999722e+06 4.635464899899999727e+05
2.811000060000000076e+02 4.831429820007000118e+06 4.635464500119999866e+05
2.811000060000000076e+02 4.831429829986999743e+06 4.635464600220000139e+05
2.811000060000000076e+02 4.831429929992999882e+06 4.635463800049999845e+05
2.810799870000000169e+02 4.831429920013000257e+06 4.635463900150000118e+05
2.812900089999999977e+02 4.831429890014999546e+06 4.635463900150000118e+05
2.812600100000000225e+02 4.831429920013000257e+06 4.635463900150000118e+05
2.812300109999999904e+02 4.831429910004000179e+06 4.635464000239999732e+05
2.812000120000000152e+02 4.831429890014999546e+06 4.635464099730000016e+05
2.812099910000000023e+02 4.831429940001999959e+06 4.635463800049999845e+05
2.811900019999999927e+02 4.831429920013000257e+06 4.635464000239999732e+05
2.811499939999999924e+02 4.831429929992999882e+06 4.635464099730000016e+05
2.815000000000000000e+02 4.831429950012000278e+06 4.635463599849999882e+05
2.811300049999999828e+02 4.831430019988999702e+06 4.635463200070000021e+05
2.812300109999999904e+02 4.831429989989999682e+06 4.635463900150000118e+05
2.811700129999999831e+02 4.831430070007000118e+06 4.635463099979999824e+05
2.819100040000000149e+02 4.831429619994999841e+06 4.635475000000000000e+05
