463549.179993 4831431.040009 274.320007
463549.159973 4831431.059998 274.299988
463549.119995 4831431.019989 274.190002
463549.119995 4831431.029999 274.239990
463549.119995 4831431.049988 274.260010
463549.109985 4831431.070007 274.239990
463549.109985 4831431.010010 274.179993
463549.130005 4831431.049988 274.190002
463549.130005 4831431.059998 274.239990
463549.169983 4831431.029999 274.299988
463549.190002 4831431.059998 274.329987
463549.159973 4831431.040009 274.260010
463549.159973 4831431.049988 274.320007
463549.190002 4831431.100006 274.309998
463549.119995 4831431.029999 274.200012
463549.130005 4831431.059998 274.230011
463549.130005 4831431.049988 274.190002
463549.119995 4831431.019989 274.170013
463549.150024 4831431.029999 274.220001
463549.140015 4831431.000000 274.200012
463549.130005 4831430.989990 274.170013
463549.119995 4831430.970001 274.130005
463549.179993 4831431.029999 274.290009
463549.169983 4831431.010010 274.260010
463549.159973 4831430.989990 274.230011
463549.150024 4831430.970001 274.200012
463549.140015 4831430.959991 274.170013
463549.200012 4831431.019989 274.299988
463549.190002 4831431.000000 274.279999
463549.190002 4831430.989990 274.250000
463549.190002 4831430.959991 274.239990
463549.179993 4831431.010010 274.220001
463549.169983 4831431.010010 274.170013
463549.109985 4831431.049988 274.100006
463549.200012 4831431.040009 274.260010
463549.190002 4831431.049988 274.190002
463549.159973 4831431.049988 274.339996
463549.169983 4831431.070007 274.369995
463549.169983 4831431.079987 274.410004
463549.179993 4831431.109985 274.429993
463549.190002 4831431.130005 274.440002
463549.130005 4831431.070007 274.309998
463549.150024 4831431.119995 274.380005
463549.119995 4831431.089996 274.279999
463549.169983 4831431.040009 274.350006
463549.119995 4831431.119995 274.359985
463549.140015 4831431.140015 274.350006
463549.109985 4831431.140015 274.339996
463549.119995 4831431.160004 274.359985
463549.109985 4831431.149994 274.309998
463549.119995 4831431.130005 274.369995
463549.130005 4831431.160004 274.380005
463549.109985 4831431.109985 274.350006
463549.130005 4831431.140015 274.359985
463549.140015 4831431.119995 274.399994
463549.130005 4831431.119995 274.380005
463549.140015 4831431.140015 274.369995
463549.109985 4831431.130005 274.350006
463549.130005 4831431.149994 274.309998
463549.190002 4831431.140015 274.440002
463549.179993 4831431.140015 274.359985
463549.119995 4831431.109985 274.369995
463549.140015 4831431.140015 274.369995
463549.150024 4831431.140015 274.329987
463549.200012 4831431.109985 274.519989
463549.140015 4831431.119995 274.390015
463549.159973 4831431.140015 274.380005
463549.109985 4831431.149994 274.279999
463549.109985 4831431.109985 274.269989
463549.169983 4831431.130005 274.329987
463549.159973 4831431.119995 274.369995
463549.150024 4831431.109985 274.420013
463549.200012 4831431.109985 274.459991
463549.190002 4831431.100006 274.500000
463549.169983 4831431.119995 274.309998
463549.179993 4831431.130005 274.380005
463549.130005 4831431.109985 274.239990
463549.169983 4831431.130005 274.350006
463549.200012 4831431.059998 274.459991
463549.190002 4831431.119995 274.519989
463549.179993 4831431.109985 274.459991
463549.179993 4831431.140015 274.470001
463549.150024 4831431.070007 274.390015
463549.150024 4831431.100006 274.420013
463549.150024 4831431.130005 274.429993
463549.130005 4831431.059998 274.339996
463549.130005 4831431.089996 274.369995
463549.130005 4831431.119995 274.369995
463549.119995 4831431.049988 274.339996
463549.119995 4831431.079987 274.359985
463549.119995 4831431.109985 274.350006
463549.109985 4831431.079987 274.339996
463549.109985 4831431.109985 274.350006
463549.109985 4831431.140015 274.329987
463549.159973 4831431.070007 274.429993
463549.150024 4831431.100006 274.440002
463549.159973 4831431.130005 274.429993
463549.109985 4831431.040009 274.309998
463549.109985 4831431.079987 274.309998
463549.130005 4831431.070007 274.329987
463549.140015 4831431.070007 274.380005
463549.140015 4831431.130005 274.359985
463549.179993 4831431.119995 274.420013
463549.190002 4831431.109985 274.459991
463549.119995 4831431.089996 274.279999
463549.190002 4831431.089996 274.459991
463549.200012 4831431.109985 274.440002
463549.200012 4831431.070007 274.489990
463549.179993 4831431.079987 274.470001
463549.159973 4831431.089996 274.429993
463549.150024 4831431.089996 274.380005
463549.130005 4831431.100006 274.350006
463549.190002 4831431.040009 274.500000
463549.169983 4831431.049988 274.470001
463549.150024 4831431.059998 274.440002
463549.130005 4831431.059998 274.390015
463549.119995 4831431.070007 274.350006
463549.109985 4831431.029999 274.380005
463549.130005 4831431.119995 274.309998
463549.150024 4831431.119995 274.359985
463549.179993 4831431.119995 274.399994
463549.200012 4831431.119995 274.440002
463549.200012 4831431.029999 274.420013
463549.179993 4831431.040009 274.410004
463549.150024 4831431.070007 274.380005
463549.349976 4831431.040009 274.500000
463549.340027 4831431.049988 274.559998
463549.340027 4831431.059998 274.609985
463549.280029 4831431.049988 274.489990
463549.280029 4831431.059998 274.519989
463549.289978 4831431.089996 274.549988
463549.219971 4831431.049988 274.369995
463549.229980 4831431.070007 274.410004
463549.219971 4831431.070007 274.459991
463549.270020 4831431.010010 274.459991
463549.280029 4831431.040009 274.489990
463549.280029 4831431.049988 274.540009
463549.330017 4831431.019989 274.570007
463549.340027 4831431.049988 274.589996
463549.359985 4831430.989990 274.579987
463549.369995 4831431.019989 274.609985
463549.380005 4831431.000000 274.609985
463549.359985 4831431.010010 274.579987
463549.369995 4831431.049988 274.600006
463549.330017 4831431.010010 274.549988
463549.330017 4831431.029999 274.579987
463549.340027 4831431.059998 274.609985
463549.260010 4831431.010010 274.500000
463549.280029 4831431.059998 274.500000
463549.390015 4831430.970001 274.600006
463549.289978 4831431.070007 274.549988
463549.219971 4831431.049988 274.320007
463549.219971 4831431.019989 274.369995
463549.219971 4831431.010010 274.320007
463549.210022 4831431.000000 274.290009
463549.210022 4831430.980011 274.260010
463549.260010 4831431.040009 274.410004
463549.250000 4831431.019989 274.380005
463549.239990 4831431.000000 274.339996
463549.229980 4831430.980011 274.309998
463549.309998 4831431.049988 274.480011
463549.289978 4831431.029999 274.470001
463549.280029 4831431.010010 274.440002
463549.260010 4831430.980011 274.429993
463549.330017 4831431.029999 274.510010
463549.309998 4831431.000000 274.489990
463549.309998 4831431.000000 274.440002
463549.349976 4831431.010010 274.570007
463549.349976 4831431.000000 274.529999
463549.330017 4831430.970001 274.510010
463549.390015 4831430.980011 274.589996
463549.250000 4831431.000000 274.279999
463549.390015 4831431.079987 274.589996
463549.380005 4831431.059998 274.559998
463549.359985 4831431.040009 274.529999
463549.349976 4831431.019989 274.519989
463549.340027 4831431.010010 274.470001
463549.260010 4831431.040009 274.290009
463549.250000 4831431.010010 274.279999
463549.229980 4831431.000000 274.250000
463549.419983 4831430.980011 274.640015
463549.419983 4831430.959991 274.769989
463549.280029 4831431.079987 274.459991
463549.280029 4831431.070007 274.549988
463549.289978 4831431.079987 274.790009
463549.210022 4831431.100006 274.459991
463549.219971 4831431.109985 274.489990
463549.429993 4831430.929993 274.690002
463549.440002 4831430.959991 274.700012
463549.390015 4831431.000000 274.630005
463549.400024 4831431.019989 274.640015
463549.320007 4831431.029999 274.589996
463549.330017 4831431.049988 274.619995
463549.270020 4831431.049988 274.529999
463549.250000 4831431.040009 274.649994
463549.250000 4831431.049988 274.700012
463549.260010 4831431.089996 274.769989
463549.219971 4831431.049988 274.429993
463549.219971 4831431.070007 274.470001
463549.229980 4831431.089996 274.510010
463549.239990 4831431.119995 274.529999
463549.429993 4831430.959991 274.660004
463549.409973 4831430.989990 274.649994
463549.320007 4831431.059998 274.589996
463549.289978 4831431.070007 274.679993
463549.260010 4831431.040009 274.549988
463549.260010 4831431.059998 274.579987
463549.219971 4831431.089996 274.519989
463549.239990 4831431.119995 274.529999
463549.250000 4831431.170013 274.579987
463549.239990 4831431.079987 274.480011
463549.349976 4831431.040009 274.640015
463549.299988 4831431.209991 274.600006
463549.210022 4831431.130005 274.450012
463549.210022 4831431.149994 274.589996
463549.229980 4831431.109985 274.500000
463549.210022 4831431.070007 274.480011
463549.390015 4831431.209991 274.619995
463549.330017 4831431.130005 274.769989
463549.359985 4831431.079987 274.700012
463549.340027 4831431.040009 274.690002
463549.289978 4831431.179993 274.559998
463549.289978 4831431.190002 274.519989
463549.479980 4831430.989990 274.760010
463549.460022 4831431.019989 274.769989
463549.330017 4831431.070007 274.609985
463549.320007 4831431.170013 274.589996
463549.349976 4831431.230011 274.630005
463549.210022 4831431.119995 274.549988
463549.229980 4831431.149994 274.549988
463549.239990 4831431.170013 274.529999
463549.429993 4831431.049988 274.799988
463549.390015 4831431.059998 274.630005
463549.330017 4831431.140015 274.649994
463549.359985 4831431.239990 274.679993
463549.380005 4831431.269989 274.660004
463549.400024 4831431.290009 274.640015
463549.270020 4831431.140015 274.579987
463549.280029 4831431.160004 274.549988
463549.299988 4831431.170013 274.519989
463549.219971 4831431.149994 274.529999
463549.239990 4831431.160004 274.489990
463549.210022 4831431.109985 274.399994
463549.260010 4831431.140015 274.559998
463549.239990 4831431.089996 274.600006
463549.340027 4831431.179993 274.640015
463549.289978 4831431.070007 274.619995
463549.330017 4831431.040009 274.609985
463549.369995 4831431.029999 274.630005
463549.359985 4831431.029999 274.670013
463549.409973 4831431.019989 274.720001
463549.440002 4831430.970001 274.679993
463549.239990 4831431.200012 274.649994
463549.239990 4831431.119995 274.410004
463549.250000 4831431.130005 274.500000
463549.260010 4831431.149994 274.579987
463549.359985 4831431.190002 274.609985
463549.359985 4831431.100006 274.609985
463549.419983 4831431.170013 274.760010
463549.390015 4831431.040009 274.609985
463549.380005 4831431.019989 274.649994
463549.440002 4831431.019989 274.690002
463549.380005 4831431.000000 274.670013
463549.409973 4831430.950012 274.720001
463549.409973 4831430.980011 274.720001
463549.210022 4831431.119995 274.489990
463549.219971 4831431.089996 274.540009
463549.219971 4831431.130005 274.529999
463549.229980 4831431.089996 274.470001
463549.219971 4831431.109985 274.559998
463549.250000 4831431.149994 274.529999
463549.340027 4831431.200012 274.609985
463549.349976 4831431.190002 274.640015
463549.369995 4831431.200012 274.630005
463549.380005 4831431.200012 274.679993
463549.369995 4831431.209991 274.640015
463549.349976 4831431.220001 274.730011
463549.380005 4831431.209991 274.730011
463549.359985 4831431.200012 274.619995
463549.359985 4831431.209991 274.600006
463549.380005 4831431.200012 274.630005
463549.359985 4831431.209991 274.609985
463549.380005 4831431.200012 274.649994
463549.359985 4831431.200012 274.619995
463549.349976 4831431.209991 274.609985
463549.369995 4831431.200012 274.649994
463549.359985 4831431.220001 274.619995
463549.369995 4831431.220001 274.679993
463549.359985 4831431.209991 274.609985
463549.359985 4831431.220001 274.679993
463549.359985 4831431.209991 274.619995
463549.359985 4831431.220001 274.700012
463549.369995 4831431.200012 274.609985
463549.369995 4831431.209991 274.670013
463549.359985 4831431.220001 274.619995
463549.369995 4831431.220001 274.679993
463549.359985 4831431.230011 274.649994
463549.369995 4831431.230011 274.709991
463549.369995 4831431.230011 274.640015
463549.369995 4831431.230011 274.700012
463549.369995 4831431.220001 274.600006
463549.369995 4831431.220001 274.670013
463549.369995 4831431.230011 274.739990
463549.369995 4831431.230011 274.660004
463549.369995 4831431.239990 274.649994
463549.390015 4831431.230011 274.679993
463549.380005 4831431.209991 274.609985
463549.369995 4831431.239990 274.709991
463549.359985 4831431.200012 274.600006
463549.369995 4831431.209991 274.649994
463549.380005 4831431.200012 274.679993
463549.359985 4831431.209991 274.600006
463549.369995 4831431.209991 274.649994
463549.369995 4831431.179993 274.609985
463549.280029 4831431.160004 274.500000
463549.260010 4831431.179993 274.519989
463549.280029 4831431.179993 274.600006
463549.280029 4831431.170013 274.510010
463549.380005 4831431.230011 274.640015
463549.369995 4831431.260010 274.790009
463549.409973 4831430.970001 274.739990
463549.419983 4831430.980011 274.790009
463549.250000 4831431.070007 274.540009
463549.299988 4831431.040009 274.579987
463549.330017 4831431.029999 274.589996
463549.349976 4831431.029999 274.640015
463549.450012 4831430.989990 274.750000
463549.400024 4831431.239990 274.760010
463549.239990 4831431.130005 274.529999
463549.320007 4831431.059998 274.700012
463549.330017 4831431.000000 274.619995
463549.309998 4831431.010010 274.600006
463549.219971 4831431.059998 274.559998
463549.210022 4831431.070007 274.529999
463549.380005 4831430.940002 274.700012
463549.299988 4831430.980011 274.609985
463549.260010 4831431.000000 274.559998
463549.210022 4831431.029999 274.540009
463549.369995 4831431.010010 274.670013
463549.229980 4831431.160004 274.450012
463549.260010 4831431.200012 274.640015
463549.309998 4831431.190002 274.700012
463549.359985 4831431.029999 274.660004
463549.340027 4831431.040009 274.640015
463549.299988 4831431.109985 274.750000
463549.260010 4831431.019989 274.790009
463549.330017 4831431.000000 274.619995
463549.299988 4831431.019989 274.579987
463549.250000 4831431.029999 274.690002
463549.359985 4831430.970001 274.709991
463549.299988 4831430.980011 274.790009
463549.260010 4831431.040009 274.649994
463549.369995 4831430.970001 274.619995
463549.349976 4831430.970001 274.670013
463549.330017 4831431.000000 274.609985
463549.299988 4831431.019989 274.600006
463549.270020 4831431.010010 274.709991
463549.239990 4831431.010010 274.760010
463549.369995 4831430.980011 274.619995
463549.340027 4831430.989990 274.660004
463549.309998 4831431.010010 274.619995
463549.280029 4831431.010010 274.700012
463549.260010 4831431.019989 274.730011
463549.289978 4831431.049988 274.709991
463549.309998 4831431.000000 274.589996
463549.289978 4831431.010010 274.589996
463549.260010 4831431.029999 274.589996
463549.229980 4831431.019989 274.369995
463549.479980 4831430.980011 274.679993
463549.549988 4831430.970001 274.790009
