463546.559998 4831429.420013 279.160004
463547.080017 4831429.029999 279.179993
463547.150024 4831428.970001 279.299988
463547.140015 4831429.119995 279.399994
463547.159973 4831429.089996 279.299988
463547.159973 4831429.029999 279.369995
463546.780029 4831429.920013 279.720001
463546.380005 4831429.670013 278.790009
463546.750000 4831429.890015 279.700012
463546.609985 4831429.929993 279.519989
463546.700012 4831429.940002 279.579987
463546.640015 4831429.970001 279.510010
463546.400024 4831430.070007 279.320007
463546.440002 4831429.980011 279.339996
463546.469971 4831430.049988 279.250000
463546.400024 4831430.119995 279.660004
463546.359985 4831430.109985 279.739990
463546.460022 4831429.690002 278.679993
463546.549988 4831429.820007 279.609985
463546.380005 4831429.579987 278.910004
463546.650024 4831429.920013 279.470001
463546.590027 4831429.859985 278.510010
463546.700012 4831429.920013 279.500000
463546.679993 4831429.899994 279.480011
463546.469971 4831429.579987 278.850006
463546.739990 4831429.910004 279.529999
463546.770020 4831429.890015 279.600006
463546.770020 4831429.890015 279.540009
463546.820007 4831429.880005 279.619995
463546.630005 4831429.940002 279.429993
463546.679993 4831429.899994 279.519989
463546.669983 4831429.910004 279.450012
463546.729980 4831429.910004 279.500000
463546.440002 4831429.600006 278.869995
463546.809998 4831429.910004 279.609985
463546.789978 4831429.890015 279.579987
463546.849976 4831429.869995 279.649994
463546.520020 4831430.119995 279.420013
463546.599976 4831430.109985 279.109985
463546.739990 4831429.920013 279.739990
463546.700012 4831429.929993 279.649994
463546.309998 4831429.640015 278.850006
463546.340027 4831429.690002 278.869995
463546.359985 4831429.750000 278.779999
463546.429993 4831429.890015 278.649994
463546.650024 4831429.959991 279.570007
463546.530029 4831429.940002 278.640015
463546.450012 4831429.859985 278.670013
463546.450012 4831429.839996 278.589996
463546.429993 4831429.809998 278.579987
463546.409973 4831429.790009 278.600006
463546.409973 4831429.739990 278.679993
463546.380005 4831429.720001 278.720001
463546.739990 4831429.899994 279.700012
463546.729980 4831429.880005 279.679993
463546.320007 4831429.670013 278.890015
463546.729980 4831429.920013 279.640015
463546.719971 4831429.899994 279.609985
463546.390015 4831429.739990 278.730011
463546.469971 4831429.980011 279.339996
463546.650024 4831429.940002 279.519989
463546.690002 4831429.929993 279.619995
463546.450012 4831429.850006 278.630005
463546.380005 4831429.769989 278.700012
463546.390015 4831429.790009 278.679993
463546.400024 4831429.809998 278.649994
463546.419983 4831429.850006 278.589996
463546.429993 4831429.869995 278.589996
463546.450012 4831429.890015 278.589996
463546.330017 4831429.709991 278.850006
463546.340027 4831429.739990 278.769989
463546.359985 4831429.760010 278.739990
463546.369995 4831429.779999 278.709991
463546.380005 4831429.799988 278.679993
463546.390015 4831429.829987 278.660004
463546.429993 4831429.890015 278.589996
463546.450012 4831429.929993 278.540009
463546.309998 4831429.700012 278.859985
463546.320007 4831429.730011 278.829987
463546.330017 4831429.739990 278.799988
463546.340027 4831429.760010 278.760010
463546.349976 4831429.779999 278.739990
463546.359985 4831429.799988 278.690002
463546.419983 4831429.910004 278.630005
463546.719971 4831429.929993 279.730011
463546.659973 4831429.929993 279.450012
463546.659973 4831429.950012 279.589996
463546.640015 4831429.970001 279.570007
463546.619995 4831429.970001 279.540009
463546.599976 4831429.980011 279.519989
463546.440002 4831430.040009 279.339996
463546.419983 4831430.040009 279.339996
463546.429993 4831430.059998 279.320007
463546.580017 4831429.959991 279.489990
463546.520020 4831429.970001 279.480011
463546.539978 4831430.000000 279.470001
463546.530029 4831429.980011 279.500000
463546.650024 4831429.910004 279.609985
463546.320007 4831429.760010 278.750000
463546.309998 4831429.700012 278.839996
463546.400024 4831429.809998 278.630005
463546.390015 4831429.790009 278.660004
463546.719971 4831429.920013 279.690002
463546.440002 4831430.010010 279.320007
463546.429993 4831430.000000 279.339996
463546.570007 4831429.970001 279.480011
463546.460022 4831430.019989 279.369995
463546.320007 4831429.649994 278.869995
463546.349976 4831429.700012 278.890015
463546.359985 4831429.709991 278.790009
463546.320007 4831429.649994 278.869995
463546.309998 4831429.679993 278.890015
463546.330017 4831429.709991 278.880005
463546.349976 4831429.730011 278.850006
463546.349976 4831429.730011 278.799988
463546.359985 4831429.739990 278.769989
463546.700012 4831429.940002 279.660004
463546.380005 4831429.640015 279.609985
463546.559998 4831429.970001 279.470001
463546.460022 4831429.970001 279.350006
463546.460022 4831430.059998 279.339996
463546.469971 4831430.070007 279.299988
463546.489990 4831430.100006 279.299988
463546.719971 4831429.970001 279.670013
463546.679993 4831429.950012 279.600006
463546.640015 4831429.970001 279.540009
463546.590027 4831429.980011 279.510010
463546.469971 4831430.029999 279.339996
463546.440002 4831430.040009 279.359985
463546.369995 4831429.839996 278.660004
463546.340027 4831429.790009 278.700012
463546.330017 4831429.769989 278.730011
463546.320007 4831429.750000 278.769989
463546.309998 4831429.739990 278.809998
463546.440002 4831429.869995 278.549988
463546.429993 4831429.850006 278.579987
463546.429993 4831429.869995 278.670013
463546.380005 4831429.750000 278.679993
463546.650024 4831429.899994 279.609985
463546.309998 4831429.750000 278.750000
463546.309998 4831429.750000 278.809998
463546.440002 4831429.890015 278.510010
463546.719971 4831429.820007 279.739990
463546.380005 4831429.790009 278.670013
463546.359985 4831429.750000 278.730011
463546.400024 4831429.989990 279.140015
463546.400024 4831430.029999 279.239990
463546.440002 4831430.010010 279.320007
463546.419983 4831429.989990 279.359985
463546.599976 4831429.980011 279.529999
463546.640015 4831429.950012 279.589996
463546.440002 4831430.079987 279.250000
463546.429993 4831430.070007 279.290009
463546.419983 4831430.049988 279.320007
463546.400024 4831430.010010 279.329987
463546.460022 4831430.040009 279.339996
463546.419983 4831429.980011 279.309998
463546.440002 4831429.989990 279.350006
463546.679993 4831429.929993 279.670013
463546.390015 4831429.859985 278.640015
463546.440002 4831430.040009 279.369995
463546.429993 4831430.079987 279.279999
463546.440002 4831430.049988 279.350006
463546.400024 4831430.059998 279.279999
463546.359985 4831429.769989 278.519989
463546.349976 4831429.720001 278.630005
463546.330017 4831429.730011 278.589996
463546.320007 4831430.100006 279.459991
463546.340027 4831429.690002 278.820007
463546.340027 4831429.690002 278.869995
463546.390015 4831429.750000 278.750000
463546.710022 4831429.920013 279.619995
463546.729980 4831429.920013 279.649994
463546.729980 4831429.910004 279.700012
463546.669983 4831429.910004 279.549988
463546.710022 4831429.869995 279.660004
463546.659973 4831429.899994 279.570007
463546.609985 4831429.920013 279.529999
463546.419983 4831429.799988 278.600006
463546.400024 4831429.790009 278.600006
463546.359985 4831429.739990 278.700012
463546.340027 4831429.739990 278.670013
463546.340027 4831429.700012 278.799988
463546.320007 4831429.709991 278.760010
463546.460022 4831429.920013 279.369995
463546.429993 4831429.799988 278.510010
463546.719971 4831429.809998 279.660004
463546.700012 4831429.829987 279.600006
463546.679993 4831429.839996 279.579987
463546.669983 4831429.859985 279.559998
463546.630005 4831429.869995 279.510010
463546.469971 4831429.940002 279.320007
463546.450012 4831429.859985 279.309998
463546.400024 4831429.730011 278.600006
463546.359985 4831429.670013 278.750000
463546.369995 4831429.679993 278.660004
463546.330017 4831429.630005 278.799988
463546.309998 4831429.589996 278.880005
463546.409973 4831430.040009 279.329987
463546.359985 4831430.000000 279.619995
463546.340027 4831430.079987 279.709991
463546.450012 4831430.059998 279.170013
463546.489990 4831429.980011 279.190002
463546.450012 4831430.000000 279.200012
463546.359985 4831430.070007 279.739990
463546.349976 4831430.079987 279.700012
463546.390015 4831430.100006 279.559998
463546.400024 4831430.109985 279.480011
463546.400024 4831430.119995 279.440002
463546.489990 4831430.119995 278.850006
463546.469971 4831430.010010 279.250000
463546.460022 4831430.019989 279.209991
463546.469971 4831429.959991 279.309998
463546.460022 4831429.970001 279.279999
463546.460022 4831429.989990 279.230011
463546.450012 4831429.950012 279.290009
463546.429993 4831429.959991 279.290009
463546.359985 4831429.779999 278.779999
463546.359985 4831429.790009 278.750000
463546.409973 4831429.820007 278.660004
463546.429993 4831429.869995 278.649994
463546.469971 4831430.070007 279.329987
463546.440002 4831429.829987 278.540009
463546.380005 4831429.730011 278.690002
463546.349976 4831429.739990 278.709991
463546.330017 4831429.660004 278.829987
463546.330017 4831429.660004 278.809998
463546.369995 4831429.709991 278.700012
463546.340027 4831429.709991 278.750000
463546.359985 4831429.730011 278.700012
463546.400024 4831429.779999 278.600006
463546.390015 4831429.730011 278.660004
463546.369995 4831429.739990 278.670013
463546.429993 4831430.049988 279.269989
463546.409973 4831429.790009 278.690002
463546.429993 4831429.779999 278.649994
463546.450012 4831429.869995 278.619995
463546.460022 4831429.869995 278.559998
463546.469971 4831429.869995 278.519989
463546.460022 4831429.869995 278.609985
463546.469971 4831429.859985 278.549988
463546.650024 4831429.940002 279.559998
463546.559998 4831429.890015 278.589996
463546.330017 4831429.720001 278.839996
463546.349976 4831429.700012 278.829987
463546.780029 4831429.890015 279.730011
