2.714400019999999927e+02 4.831430160004000179e+06 4.635476400150000118e+05
2.715000000000000000e+02 4.831430160004000179e+06 4.635476500239999732e+05
2.715599980000000073e+02 4.831430160004000179e+06 4.635476500239999732e+05
2.714500120000000152e+02 4.831430179992999882e+06 4.635476400150000118e+05
2.715199890000000096e+02 4.831430160004000179e+06 4.635476300049999845e+05
2.714400019999999927e+02 4.831430160004000179e+06 4.635476300049999845e+05
2.714899899999999775e+02 4.831430170013000257e+06 4.635476300049999845e+05
2.715499879999999848e+02 4.831430170013000257e+06 4.635476300049999845e+05
2.717000120000000152e+02 4.831430170013000257e+06 4.635476099849999882e+05
2.717500000000000000e+02 4.831430190001999959e+06 4.635476199950000155e+05
2.712999879999999848e+02 4.831430170013000257e+06 4.635476699830000289e+05
2.714599910000000023e+02 4.831430130005000159e+06 4.635476500239999732e+05
2.715700069999999755e+02 4.831430130005000159e+06 4.635476599730000016e+05
2.718900150000000053e+02 4.831430130005000159e+06 4.635476400150000118e+05
2.720199890000000096e+02 4.831430130005000159e+06 4.635476099849999882e+05
2.720499879999999848e+02 4.831430149993999861e+06 4.635476199950000155e+05
2.717699890000000096e+02 4.831430130005000159e+06 4.635476199950000155e+05
2.718200069999999755e+02 4.831430140014999546e+06 4.635476099849999882e+05
2.718800049999999828e+02 4.831430140014999546e+06 4.635476099849999882e+05
2.719599910000000023e+02 4.831430140014999546e+06 4.635475900269999984e+05
2.720199890000000096e+02 4.831430149993999861e+06 4.635475900269999984e+05
2.720499879999999848e+02 4.831430170013000257e+06 4.635475999760000268e+05
2.716700129999999831e+02 4.831430149993999861e+06 4.635476099849999882e+05
2.717200010000000248e+02 4.831430160004000179e+06 4.635476099849999882e+05
2.717699890000000096e+02 4.831430170013000257e+06 4.635475999760000268e+05
2.718399959999999851e+02 4.831430160004000179e+06 4.635475900269999984e+05
2.715199890000000096e+02 4.831430209990999661e+06 4.635476099849999882e+05
2.710599980000000073e+02 4.831430209990999661e+06 4.635476300049999845e+05
2.720000000000000000e+02 4.831430140014999546e+06 4.635475800169999711e+05
2.720899959999999851e+02 4.831430170013000257e+06 4.635475800169999711e+05
2.717099910000000023e+02 4.831430130005000159e+06 4.635475800169999711e+05
2.710299989999999752e+02 4.831430309998000041e+06 4.635475900269999984e+05
2.711799930000000245e+02 4.831430320007000118e+06 4.635475700070000021e+05
2.715499879999999848e+02 4.831430320007000118e+06 4.635476500239999732e+05
2.722099910000000023e+02 4.831430190001999959e+06 4.635477700199999963e+05
2.713200069999999755e+02 4.831430380005000159e+06 4.635476199950000155e+05
2.714500120000000152e+02 4.831430320007000118e+06 4.635475700070000021e+05
2.715599980000000073e+02 4.831430309998000041e+06 4.635477500000000000e+05
2.715899959999999851e+02 4.831430290009000339e+06 4.635477299800000037e+05
2.717099910000000023e+02 4.831430299987999722e+06 4.635477199709999841e+05
2.718900150000000053e+02 4.831430320007000118e+06 4.635477000119999866e+05
2.711499939999999924e+02 4.831430410004000179e+06 4.635476900020000176e+05
2.716499939999999924e+02 4.831430339995999821e+06 4.635476699830000289e+05
2.719599910000000023e+02 4.831430339995999821e+06 4.635476799929999979e+05
2.718999939999999924e+02 4.831430339995999821e+06 4.635477100220000139e+05
2.719700010000000248e+02 4.831430329986999743e+06 4.635477100220000139e+05
2.720499879999999848e+02 4.831430329986999743e+06 4.635477100220000139e+05
2.721600040000000149e+02 4.831430329986999743e+06 4.635477199709999841e+05
2.717999879999999848e+02 4.831430320007000118e+06 4.635477299800000037e+05
2.718699950000000172e+02 4.831430309998000041e+06 4.635477299800000037e+05
2.719400019999999927e+02 4.831430309998000041e+06 4.635477299800000037e+05
2.715499879999999848e+02 4.831430329986999743e+06 4.635477700199999963e+05
2.715599980000000073e+02 4.831430299987999722e+06 4.635477500000000000e+05
2.716400150000000053e+02 4.831430299987999722e+06 4.635477500000000000e+05
2.717000120000000152e+02 4.831430279999000020e+06 4.635477399899999727e+05
2.718099980000000073e+02 4.831430290009000339e+06 4.635477500000000000e+05
2.718999939999999924e+02 4.831430290009000339e+06 4.635477500000000000e+05
2.719800109999999904e+02 4.831430279999000020e+06 4.635477500000000000e+05
2.722200010000000248e+02 4.831430269988999702e+06 4.635477600100000273e+05
2.722500000000000000e+02 4.831430260010000318e+06 4.635477500000000000e+05
2.715000000000000000e+02 4.831430309998000041e+06 4.635477999880000134e+05
2.715199890000000096e+02 4.831430290009000339e+06 4.635477899779999861e+05
2.715700069999999755e+02 4.831430279999000020e+06 4.635477800290000159e+05
2.716400150000000053e+02 4.831430269988999702e+06 4.635477800290000159e+05
2.716900019999999927e+02 4.831430260010000318e+06 4.635477700199999963e+05
2.717600100000000225e+02 4.831430250000000000e+06 4.635477700199999963e+05
2.711300049999999828e+02 4.831430200012000278e+06 4.635477999880000134e+05
2.711400150000000053e+02 4.831430179992999882e+06 4.635477899779999861e+05
2.711199950000000172e+02 4.831430149993999861e+06 4.635477700199999963e+05
2.711900019999999927e+02 4.831430140014999546e+06 4.635477700199999963e+05
2.713200069999999755e+02 4.831430149993999861e+06 4.635477800290000159e+05
2.722099910000000023e+02 4.831430350006000139e+06 4.635475700070000021e+05
2.720599980000000073e+02 4.831430380005000159e+06 4.635476199950000155e+05
2.721000060000000076e+02 4.831430359985000454e+06 4.635476199950000155e+05
2.717900089999999977e+02 4.831430359985000454e+06 4.635476199950000155e+05
2.719100040000000149e+02 4.831430359985000454e+06 4.635476500239999732e+05
2.720400089999999977e+02 4.831430359985000454e+06 4.635476799929999979e+05
2.721199950000000172e+02 4.831430359985000454e+06 4.635476900020000176e+05
2.722000120000000152e+02 4.831430339995999821e+06 4.635477000119999866e+05
2.716600040000000149e+02 4.831430350006000139e+06 4.635476400150000118e+05
2.717600100000000225e+02 4.831430350006000139e+06 4.635476599730000016e+05
2.720299989999999752e+02 4.831430350006000139e+06 4.635477199709999841e+05
2.720799870000000169e+02 4.831430329986999743e+06 4.635477100220000139e+05
2.721900019999999927e+02 4.831430329986999743e+06 4.635477399899999727e+05
2.719500120000000152e+02 4.831430350006000139e+06 4.635477399899999727e+05
2.719599910000000023e+02 4.831430329986999743e+06 4.635477299800000037e+05
2.720499879999999848e+02 4.831430320007000118e+06 4.635477399899999727e+05
2.722099910000000023e+02 4.831430299987999722e+06 4.635477600100000273e+05
2.716000060000000076e+02 4.831430359985000454e+06 4.635477000119999866e+05
2.719299930000000245e+02 4.831430320007000118e+06 4.635477500000000000e+05
2.720000000000000000e+02 4.831430309998000041e+06 4.635477600100000273e+05
2.720400089999999977e+02 4.831430290009000339e+06 4.635477500000000000e+05
2.715400089999999977e+02 4.831430359985000454e+06 4.635477199709999841e+05
2.715899959999999851e+02 4.831430339995999821e+06 4.635477199709999841e+05
2.718399959999999851e+02 4.831430309998000041e+06 4.635477500000000000e+05
2.719800109999999904e+02 4.831430279999000020e+06 4.635477600100000273e+05
2.720700069999999755e+02 4.831430269988999702e+06 4.635477700199999963e+05
2.718299870000000169e+02 4.831430299987999722e+06 4.635477600100000273e+05
2.719599910000000023e+02 4.831430279999000020e+06 4.635477700199999963e+05
2.720000000000000000e+02 4.831430260010000318e+06 4.635477700199999963e+05
2.717900089999999977e+02 4.831430290009000339e+06 4.635477700199999963e+05
2.718099980000000073e+02 4.831430269988999702e+06 4.635477500000000000e+05
2.717900089999999977e+02 4.831430279999000020e+06 4.635477700199999963e+05
2.715599980000000073e+02 4.831430329986999743e+06 4.635477800290000159e+05
2.717500000000000000e+02 4.831430260010000318e+06 4.635477700199999963e+05
2.716900019999999927e+02 4.831430239989999682e+06 4.635477700199999963e+05
2.721499939999999924e+02 4.831430149993999861e+06 4.635477100220000139e+05
2.721300049999999828e+02 4.831430170013000257e+06 4.635477299800000037e+05
2.721000060000000076e+02 4.831430190001999959e+06 4.635477399899999727e+05
2.720400089999999977e+02 4.831430190001999959e+06 4.635477399899999727e+05
2.719899899999999775e+02 4.831430209990999661e+06 4.635477500000000000e+05
2.718999939999999924e+02 4.831430200012000278e+06 4.635477399899999727e+05
2.717600100000000225e+02 4.831430220000999980e+06 4.635477500000000000e+05
2.717000120000000152e+02 4.831430220000999980e+06 4.635477500000000000e+05
2.716499939999999924e+02 4.831430230011000298e+06 4.635477500000000000e+05
2.716099849999999947e+02 4.831430239989999682e+06 4.635477600100000273e+05
2.715700069999999755e+02 4.831430250000000000e+06 4.635477700199999963e+05
2.715199890000000096e+02 4.831430260010000318e+06 4.635477700199999963e+05
2.714700010000000248e+02 4.831430269988999702e+06 4.635477800290000159e+05
2.714400019999999927e+02 4.831430290009000339e+06 4.635477899779999861e+05
2.710499879999999848e+02 4.831430359985000454e+06 4.635478300169999711e+05
2.722200010000000248e+02 4.831430309998000041e+06 4.635477500000000000e+05
2.721600040000000149e+02 4.831430309998000041e+06 4.635477399899999727e+05
2.721400150000000053e+02 4.831430339995999821e+06 4.635477600100000273e+05
2.720199890000000096e+02 4.831430390014999546e+06 4.635477899779999861e+05
2.712900089999999977e+02 4.831430440001999959e+06 4.635478099979999824e+05
2.712000120000000152e+02 4.831430420013000257e+06 4.635477999880000134e+05
2.710899959999999851e+02 4.831430410004000179e+06 4.635477800290000159e+05
2.710199890000000096e+02 4.831430399993999861e+06 4.635477800290000159e+05
2.722399899999999775e+02 4.831430369994999841e+06 4.635476900020000176e+05
2.711600040000000149e+02 4.831430450012000278e+06 4.635477199709999841e+05
2.710499879999999848e+02 4.831430429992999882e+06 4.635477000119999866e+05
2.715599980000000073e+02 4.831430380005000159e+06 4.635476199950000155e+05
2.715100100000000225e+02 4.831430380005000159e+06 4.635476199950000155e+05
2.714599910000000023e+02 4.831430399993999861e+06 4.635476300049999845e+05
2.714700010000000248e+02 4.831430440001999959e+06 4.635476599730000016e+05
2.714200129999999831e+02 4.831430450012000278e+06 4.635476699830000289e+05
2.712999879999999848e+02 4.831430459990999661e+06 4.635476699830000289e+05
2.712099910000000023e+02 4.831430450012000278e+06 4.635476599730000016e+05
2.711600040000000149e+02 4.831430450012000278e+06 4.635476599730000016e+05
2.710700069999999755e+02 4.831430429992999882e+06 4.635476500239999732e+05
2.722200010000000248e+02 4.831430359985000454e+06 4.635477100220000139e+05
2.720299989999999752e+02 4.831430339995999821e+06 4.635477299800000037e+05
2.720000000000000000e+02 4.831430359985000454e+06 4.635477399899999727e+05
2.722399899999999775e+02 4.831430410004000179e+06 4.635476400150000118e+05
2.720700069999999755e+02 4.831430380005000159e+06 4.635476500239999732e+05
2.720000000000000000e+02 4.831430369994999841e+06 4.635476500239999732e+05
2.719299930000000245e+02 4.831430369994999841e+06 4.635476599730000016e+05
2.718500060000000076e+02 4.831430359985000454e+06 4.635476699830000289e+05
2.717999879999999848e+02 4.831430359985000454e+06 4.635476699830000289e+05
2.717500000000000000e+02 4.831430359985000454e+06 4.635476799929999979e+05
2.716900019999999927e+02 4.831430359985000454e+06 4.635476900020000176e+05
2.716300049999999828e+02 4.831430359985000454e+06 4.635476900020000176e+05
2.715899959999999851e+02 4.831430369994999841e+06 4.635477100220000139e+05
2.716000060000000076e+02 4.831430410004000179e+06 4.635477299800000037e+05
2.712000120000000152e+02 4.831430429992999882e+06 4.635477899779999861e+05
2.711099849999999947e+02 4.831430399993999861e+06 4.635477899779999861e+05
2.710199890000000096e+02 4.831430390014999546e+06 4.635477899779999861e+05
2.718200069999999755e+02 4.831430369994999841e+06 4.635475700070000021e+05
2.716499939999999924e+02 4.831430350006000139e+06 4.635475800169999711e+05
2.716199950000000172e+02 4.831430369994999841e+06 4.635475999760000268e+05
2.715700069999999755e+02 4.831430380005000159e+06 4.635476099849999882e+05
2.715199890000000096e+02 4.831430380005000159e+06 4.635476199950000155e+05
2.714700010000000248e+02 4.831430380005000159e+06 4.635476199950000155e+05
2.714599910000000023e+02 4.831430410004000179e+06 4.635476400150000118e+05
2.714299930000000245e+02 4.831430429992999882e+06 4.635476500239999732e+05
2.714100040000000149e+02 4.831430450012000278e+06 4.635476699830000289e+05
2.711799930000000245e+02 4.831430459990999661e+06 4.635477100220000139e+05
2.711000060000000076e+02 4.831430440001999959e+06 4.635477100220000139e+05
2.712900089999999977e+02 4.831430390014999546e+06 4.635475599979999824e+05
2.712200010000000248e+02 4.831430390014999546e+06 4.635475599979999824e+05
2.711700129999999831e+02 4.831430399993999861e+06 4.635475800169999711e+05
2.711300049999999828e+02 4.831430399993999861e+06 4.635475800169999711e+05
2.710799870000000169e+02 4.831430410004000179e+06 4.635475900269999984e+05
2.710400089999999977e+02 4.831430420013000257e+06 4.635476099849999882e+05
2.722000120000000152e+02 4.831430320007000118e+06 4.635477299800000037e+05
2.720199890000000096e+02 4.831430350006000139e+06 4.635477199709999841e+05
2.716900019999999927e+02 4.831430350006000139e+06 4.635477100220000139e+05
2.716499939999999924e+02 4.831430350006000139e+06 4.635477299800000037e+05
2.718800049999999828e+02 4.831430390014999546e+06 4.635476300049999845e+05
2.716799930000000245e+02 4.831430369994999841e+06 4.635476799929999979e+05
2.715899959999999851e+02 4.831430380005000159e+06 4.635476300049999845e+05
2.715499879999999848e+02 4.831430390014999546e+06 4.635476400150000118e+05
2.714899899999999775e+02 4.831430390014999546e+06 4.635476599730000016e+05
2.711700129999999831e+02 4.831430429992999882e+06 4.635477700199999963e+05
2.710899959999999851e+02 4.831430410004000179e+06 4.635477899779999861e+05
2.710100100000000225e+02 4.831430390014999546e+06 4.635477999880000134e+05
2.713999939999999924e+02 4.831430390014999546e+06 4.635475999760000268e+05
2.713800049999999828e+02 4.831430410004000179e+06 4.635476099849999882e+05
2.713599849999999947e+02 4.831430440001999959e+06 4.635476300049999845e+05
2.710899959999999851e+02 4.831430440001999959e+06 4.635477100220000139e+05
2.710299989999999752e+02 4.831430440001999959e+06 4.635477299800000037e+05
2.710899959999999851e+02 4.831430440001999959e+06 4.635476199950000155e+05
2.711400150000000053e+02 4.831430429992999882e+06 4.635476599730000016e+05
2.712200010000000248e+02 4.831430440001999959e+06 4.635476599730000016e+05
2.714800109999999904e+02 4.831430329986999743e+06 4.635475800169999711e+05
2.715100100000000225e+02 4.831430320007000118e+06 4.635475700070000021e+05
2.715700069999999755e+02 4.831430309998000041e+06 4.635475599979999824e+05
2.711000060000000076e+02 4.831430399993999861e+06 4.635477100220000139e+05
2.711900019999999927e+02 4.831430429992999882e+06 4.635477100220000139e+05
2.712500000000000000e+02 4.831430429992999882e+06 4.635477100220000139e+05
2.714800109999999904e+02 4.831430369994999841e+06 4.635476500239999732e+05
2.715299989999999752e+02 4.831430369994999841e+06 4.635476500239999732e+05
2.715499879999999848e+02 4.831430339995999821e+06 4.635476300049999845e+05
2.716000060000000076e+02 4.831430350006000139e+06 4.635476300049999845e+05
2.717200010000000248e+02 4.831430350006000139e+06 4.635476199950000155e+05
2.717699890000000096e+02 4.831430350006000139e+06 4.635476099849999882e+05
2.718200069999999755e+02 4.831430339995999821e+06 4.635475999760000268e+05
2.718699950000000172e+02 4.831430329986999743e+06 4.635475900269999984e+05
2.719299930000000245e+02 4.831430329986999743e+06 4.635475900269999984e+05
2.720000000000000000e+02 4.831430339995999821e+06 4.635475900269999984e+05
2.720700069999999755e+02 4.831430339995999821e+06 4.635475800169999711e+05
2.721099849999999947e+02 4.831430339995999821e+06 4.635475700070000021e+05
2.721499939999999924e+02 4.831430329986999743e+06 4.635475599979999824e+05
2.722300109999999904e+02 4.831430350006000139e+06 4.635475700070000021e+05
2.711199950000000172e+02 4.831430399993999861e+06 4.635477399899999727e+05
2.712099910000000023e+02 4.831430420013000257e+06 4.635477399899999727e+05
2.712999879999999848e+02 4.831430450012000278e+06 4.635477500000000000e+05
2.715199890000000096e+02 4.831430359985000454e+06 4.635476799929999979e+05
2.715400089999999977e+02 4.831430329986999743e+06 4.635476599730000016e+05
2.716199950000000172e+02 4.831430350006000139e+06 4.635476699830000289e+05
2.716799930000000245e+02 4.831430350006000139e+06 4.635476599730000016e+05
2.717300109999999904e+02 4.831430339995999821e+06 4.635476500239999732e+05
2.717900089999999977e+02 4.831430339995999821e+06 4.635476400150000118e+05
2.718399959999999851e+02 4.831430339995999821e+06 4.635476400150000118e+05
2.718900150000000053e+02 4.831430339995999821e+06 4.635476300049999845e+05
2.719599910000000023e+02 4.831430350006000139e+06 4.635476300049999845e+05
2.720199890000000096e+02 4.831430350006000139e+06 4.635476300049999845e+05
2.720700069999999755e+02 4.831430350006000139e+06 4.635476199950000155e+05
2.721300049999999828e+02 4.831430350006000139e+06 4.635476199950000155e+05
2.721799930000000245e+02 4.831430350006000139e+06 4.635476099849999882e+05
2.722300109999999904e+02 4.831430339995999821e+06 4.635475999760000268e+05
2.710700069999999755e+02 4.831430369994999841e+06 4.635477800290000159e+05
2.711099849999999947e+02 4.831430359985000454e+06 4.635477700199999963e+05
2.712399899999999775e+02 4.831430410004000179e+06 4.635477899779999861e+05
2.713099980000000073e+02 4.831430429992999882e+06 4.635477899779999861e+05
2.716600040000000149e+02 4.831430440001999959e+06 4.635477600100000273e+05
2.716400150000000053e+02 4.831430329986999743e+06 4.635477100220000139e+05
2.716900019999999927e+02 4.831430320007000118e+06 4.635477000119999866e+05
2.717600100000000225e+02 4.831430329986999743e+06 4.635476900020000176e+05
2.718099980000000073e+02 4.831430320007000118e+06 4.635476900020000176e+05
2.718699950000000172e+02 4.831430329986999743e+06 4.635476799929999979e+05
2.719400019999999927e+02 4.831430329986999743e+06 4.635476799929999979e+05
2.719899899999999775e+02 4.831430329986999743e+06 4.635476699830000289e+05
2.720599980000000073e+02 4.831430339995999821e+06 4.635476699830000289e+05
2.721099849999999947e+02 4.831430339995999821e+06 4.635476599730000016e+05
2.721600040000000149e+02 4.831430339995999821e+06 4.635476599730000016e+05
2.722200010000000248e+02 4.831430339995999821e+06 4.635476500239999732e+05
2.710299989999999752e+02 4.831430320007000118e+06 4.635478099979999824e+05
2.710599980000000073e+02 4.831430299987999722e+06 4.635477999880000134e+05
2.712099910000000023e+02 4.831430380005000159e+06 4.635478200070000021e+05
2.719700010000000248e+02 4.831430410004000179e+06 4.635477600100000273e+05
2.719200129999999831e+02 4.831430320007000118e+06 4.635477199709999841e+05
2.719599910000000023e+02 4.831430309998000041e+06 4.635477100220000139e+05
2.720199890000000096e+02 4.831430309998000041e+06 4.635477100220000139e+05
2.720899959999999851e+02 4.831430320007000118e+06 4.635477100220000139e+05
2.721499939999999924e+02 4.831430320007000118e+06 4.635477000119999866e+05
2.722099910000000023e+02 4.831430320007000118e+06 4.635476900020000176e+05
2.721000060000000076e+02 4.831430309998000041e+06 4.635477399899999727e+05
2.721400150000000053e+02 4.831430299987999722e+06 4.635477299800000037e+05
2.722000120000000152e+02 4.831430309998000041e+06 4.635477299800000037e+05
2.722300109999999904e+02 4.831430299987999722e+06 4.635477199709999841e+05
2.710199890000000096e+02 4.831430410004000179e+06 4.635475999760000268e+05
2.711099849999999947e+02 4.831430429992999882e+06 4.635476099849999882e+05
2.711499939999999924e+02 4.831430410004000179e+06 4.635476099849999882e+05
2.712099910000000023e+02 4.831430410004000179e+06 4.635476099849999882e+05
2.712500000000000000e+02 4.831430390014999546e+06 4.635475999760000268e+05
2.713099980000000073e+02 4.831430390014999546e+06 4.635475999760000268e+05
2.713699950000000172e+02 4.831430380005000159e+06 4.635475900269999984e+05
2.714599910000000023e+02 4.831430359985000454e+06 4.635475800169999711e+05
2.715599980000000073e+02 4.831430350006000139e+06 4.635475800169999711e+05
2.716000060000000076e+02 4.831430339995999821e+06 4.635475700070000021e+05
2.716700129999999831e+02 4.831430339995999821e+06 4.635475800169999711e+05
2.717300109999999904e+02 4.831430339995999821e+06 4.635475800169999711e+05
2.717900089999999977e+02 4.831430339995999821e+06 4.635475800169999711e+05
2.718599849999999947e+02 4.831430339995999821e+06 4.635475900269999984e+05
2.719400019999999927e+02 4.831430350006000139e+06 4.635475999760000268e+05
2.720299989999999752e+02 4.831430369994999841e+06 4.635476099849999882e+05
2.721000060000000076e+02 4.831430369994999841e+06 4.635476199950000155e+05
2.721499939999999924e+02 4.831430369994999841e+06 4.635476199950000155e+05
2.710199890000000096e+02 4.831430410004000179e+06 4.635476699830000289e+05
2.711199950000000172e+02 4.831430440001999959e+06 4.635476900020000176e+05
2.712000120000000152e+02 4.831430440001999959e+06 4.635477000119999866e+05
2.712699890000000096e+02 4.831430450012000278e+06 4.635477100220000139e+05
2.715599980000000073e+02 4.831430410004000179e+06 4.635476900020000176e+05
2.715700069999999755e+02 4.831430369994999841e+06 4.635476599730000016e+05
2.710199890000000096e+02 4.831430399993999861e+06 4.635477299800000037e+05
2.710899959999999851e+02 4.831430410004000179e+06 4.635477399899999727e+05
2.711700129999999831e+02 4.831430420013000257e+06 4.635477500000000000e+05
2.710199890000000096e+02 4.831430369994999841e+06 4.635477899779999861e+05
2.710700069999999755e+02 4.831430369994999841e+06 4.635477899779999861e+05
2.711600040000000149e+02 4.831430390014999546e+06 4.635478099979999824e+05
2.712200010000000248e+02 4.831430390014999546e+06 4.635478099979999824e+05
2.720100100000000225e+02 4.831430290009000339e+06 4.635477800290000159e+05
2.710199890000000096e+02 4.831430320007000118e+06 4.635478200070000021e+05
2.713999939999999924e+02 4.831430239989999682e+06 4.635477899779999861e+05
2.714299930000000245e+02 4.831430220000999980e+06 4.635477800290000159e+05
2.714800109999999904e+02 4.831430209990999661e+06 4.635477700199999963e+05
2.715299989999999752e+02 4.831430200012000278e+06 4.635477700199999963e+05
2.715799870000000169e+02 4.831430190001999959e+06 4.635477600100000273e+05
2.716400150000000053e+02 4.831430179992999882e+06 4.635477600100000273e+05
2.716900019999999927e+02 4.831430170013000257e+06 4.635477600100000273e+05
2.717900089999999977e+02 4.831430160004000179e+06 4.635477500000000000e+05
2.718699950000000172e+02 4.831430130005000159e+06 4.635477399899999727e+05
2.722300109999999904e+02 4.831430239989999682e+06 4.635477299800000037e+05
2.711199950000000172e+02 4.831430429992999882e+06 4.635477199709999841e+05
2.712000120000000152e+02 4.831430450012000278e+06 4.635477500000000000e+05
2.710299989999999752e+02 4.831430410004000179e+06 4.635477399899999727e+05
2.712000120000000152e+02 4.831430429992999882e+06 4.635477899779999861e+05
2.715199890000000096e+02 4.831430320007000118e+06 4.635477700199999963e+05
2.718699950000000172e+02 4.831430209990999661e+06 4.635477399899999727e+05
2.719400019999999927e+02 4.831430200012000278e+06 4.635477600100000273e+05
2.719899899999999775e+02 4.831430190001999959e+06 4.635477500000000000e+05
2.720299989999999752e+02 4.831430170013000257e+06 4.635477399899999727e+05
2.720899959999999851e+02 4.831430170013000257e+06 4.635477600100000273e+05
2.711300049999999828e+02 4.831430390014999546e+06 4.635478099979999824e+05
2.717200010000000248e+02 4.831430200012000278e+06 4.635477700199999963e+05
2.717500000000000000e+02 4.831430179992999882e+06 4.635477600100000273e+05
2.717799989999999752e+02 4.831430160004000179e+06 4.635477500000000000e+05
2.722300109999999904e+02 4.831430320007000118e+06 4.635477399899999727e+05
2.716799930000000245e+02 4.831430459990999661e+06 4.635477999880000134e+05
2.716400150000000053e+02 4.831430450012000278e+06 4.635477899779999861e+05
2.716400150000000053e+02 4.831430450012000278e+06 4.635477899779999861e+05
2.722399899999999775e+02 4.831430160004000179e+06 4.635476900020000176e+05
2.722000120000000152e+02 4.831430339995999821e+06 4.635475599979999824e+05
2.717500000000000000e+02 4.831430309998000041e+06 4.635475700070000021e+05
2.718200069999999755e+02 4.831430329986999743e+06 4.635475700070000021e+05
2.718999939999999924e+02 4.831430350006000139e+06 4.635475700070000021e+05
2.719500120000000152e+02 4.831430350006000139e+06 4.635475900269999984e+05
2.720000000000000000e+02 4.831430350006000139e+06 4.635475999760000268e+05
2.720700069999999755e+02 4.831430369994999841e+06 4.635476099849999882e+05
2.721199950000000172e+02 4.831430369994999841e+06 4.635476300049999845e+05
2.721600040000000149e+02 4.831430359985000454e+06 4.635476500239999732e+05
2.716199950000000172e+02 4.831430329986999743e+06 4.635475700070000021e+05
2.716700129999999831e+02 4.831430329986999743e+06 4.635475900269999984e+05
2.718699950000000172e+02 4.831430359985000454e+06 4.635476300049999845e+05
2.719100040000000149e+02 4.831430359985000454e+06 4.635476500239999732e+05
2.719700010000000248e+02 4.831430369994999841e+06 4.635476599730000016e+05
2.719800109999999904e+02 4.831430339995999821e+06 4.635476900020000176e+05
2.720199890000000096e+02 4.831430339995999821e+06 4.635477100220000139e+05
2.715499879999999848e+02 4.831430329986999743e+06 4.635475800169999711e+05
2.716000060000000076e+02 4.831430339995999821e+06 4.635475900269999984e+05
2.716600040000000149e+02 4.831430350006000139e+06 4.635476099849999882e+05
2.717099910000000023e+02 4.831430359985000454e+06 4.635476199950000155e+05
2.718599849999999947e+02 4.831430359985000454e+06 4.635476699830000289e+05
2.718699950000000172e+02 4.831430339995999821e+06 4.635477000119999866e+05
2.719200129999999831e+02 4.831430339995999821e+06 4.635477199709999841e+05
2.719200129999999831e+02 4.831430320007000118e+06 4.635477500000000000e+05
2.710700069999999755e+02 4.831430260010000318e+06 4.635475599979999824e+05
2.714299930000000245e+02 4.831430350006000139e+06 4.635475800169999711e+05
2.715599980000000073e+02 4.831430350006000139e+06 4.635476400150000118e+05
2.717000120000000152e+02 4.831430329986999743e+06 4.635477100220000139e+05
2.711000060000000076e+02 4.831430290009000339e+06 4.635475800169999711e+05
2.714400019999999927e+02 4.831430359985000454e+06 4.635476099849999882e+05
2.715299989999999752e+02 4.831430369994999841e+06 4.635476400150000118e+05
2.710199890000000096e+02 4.831430339995999821e+06 4.635475599979999824e+05
2.710899959999999851e+02 4.831430359985000454e+06 4.635475700070000021e+05
2.711300049999999828e+02 4.831430359985000454e+06 4.635475900269999984e+05
2.713200069999999755e+02 4.831430390014999546e+06 4.635476199950000155e+05
2.711000060000000076e+02 4.831430380005000159e+06 4.635475900269999984e+05
2.711499939999999924e+02 4.831430380005000159e+06 4.635476099849999882e+05
2.710700069999999755e+02 4.831430399993999861e+06 4.635476099849999882e+05
2.712300109999999904e+02 4.831430429992999882e+06 4.635476400150000118e+05
2.713800049999999828e+02 4.831430440001999959e+06 4.635476799929999979e+05
2.712300109999999904e+02 4.831430459990999661e+06 4.635476900020000176e+05
2.712500000000000000e+02 4.831430450012000278e+06 4.635477199709999841e+05
2.713900150000000053e+02 4.831430369994999841e+06 4.635475800169999711e+05
2.719200129999999831e+02 4.831430269988999702e+06 4.635477199709999841e+05
2.719100040000000149e+02 4.831430290009000339e+06 4.635476900020000176e+05
2.711799930000000245e+02 4.831430339995999821e+06 4.635475800169999711e+05
2.712099910000000023e+02 4.831430329986999743e+06 4.635475999760000268e+05
2.715100100000000225e+02 4.831430320007000118e+06 4.635475700070000021e+05
2.717000120000000152e+02 4.831430299987999722e+06 4.635475700070000021e+05
2.719899899999999775e+02 4.831430380005000159e+06 4.635476300049999845e+05
2.718299870000000169e+02 4.831430309998000041e+06 4.635475599979999824e+05
2.721400150000000053e+02 4.831430339995999821e+06 4.635475599979999824e+05
2.715199890000000096e+02 4.831430339995999821e+06 4.635475900269999984e+05
2.720499879999999848e+02 4.831430390014999546e+06 4.635475999760000268e+05
2.721300049999999828e+02 4.831430390014999546e+06 4.635476199950000155e+05
2.722300109999999904e+02 4.831430390014999546e+06 4.635476300049999845e+05
2.714299930000000245e+02 4.831430390014999546e+06 4.635476300049999845e+05
2.714800109999999904e+02 4.831430390014999546e+06 4.635476500239999732e+05
2.715799870000000169e+02 4.831430380005000159e+06 4.635476699830000289e+05
2.717500000000000000e+02 4.831430380005000159e+06 4.635477100220000139e+05
2.717799989999999752e+02 4.831430369994999841e+06 4.635477399899999727e+05
2.720799870000000169e+02 4.831430359985000454e+06 4.635477299800000037e+05
2.716600040000000149e+02 4.831430380005000159e+06 4.635476900020000176e+05
2.713299870000000169e+02 4.831430239989999682e+06 4.635477899779999861e+05
2.716400150000000053e+02 4.831430230011000298e+06 4.635477700199999963e+05
2.717099910000000023e+02 4.831430160004000179e+06 4.635477500000000000e+05
2.718399959999999851e+02 4.831430179992999882e+06 4.635477399899999727e+05
2.720799870000000169e+02 4.831430200012000278e+06 4.635477500000000000e+05
2.721700129999999831e+02 4.831430220000999980e+06 4.635477399899999727e+05
2.722500000000000000e+02 4.831430160004000179e+06 4.635477000119999866e+05
2.711300049999999828e+02 4.831430149993999861e+06 4.635477399899999727e+05
2.721000060000000076e+02 4.831430149993999861e+06 4.635477399899999727e+05
2.714299930000000245e+02 4.831430190001999959e+06 4.635477800290000159e+05
2.712399899999999775e+02 4.831430200012000278e+06 4.635477999880000134e+05
2.717200010000000248e+02 4.831430329986999743e+06 4.635477399899999727e+05
2.716099849999999947e+02 4.831430339995999821e+06 4.635477399899999727e+05
2.717000120000000152e+02 4.831430130005000159e+06 4.635477299800000037e+05
2.715400089999999977e+02 4.831430140014999546e+06 4.635477600100000273e+05
2.714400019999999927e+02 4.831430130005000159e+06 4.635477600100000273e+05
2.715899959999999851e+02 4.831430170013000257e+06 4.635477600100000273e+05
2.722399899999999775e+02 4.831430269988999702e+06 4.635477700199999963e+05
2.711400150000000053e+02 4.831430170013000257e+06 4.635477500000000000e+05
2.722300109999999904e+02 4.831430290009000339e+06 4.635477899779999861e+05
2.711600040000000149e+02 4.831430179992999882e+06 4.635477899779999861e+05
2.722000120000000152e+02 4.831430339995999821e+06 4.635477399899999727e+05
2.721900019999999927e+02 4.831430320007000118e+06 4.635477700199999963e+05
2.721099849999999947e+02 4.831430320007000118e+06 4.635477600100000273e+05
2.720599980000000073e+02 4.831430299987999722e+06 4.635477800290000159e+05
2.712300109999999904e+02 4.831430209990999661e+06 4.635477999880000134e+05
2.721700129999999831e+02 4.831430339995999821e+06 4.635477500000000000e+05
2.721300049999999828e+02 4.831430329986999743e+06 4.635477700199999963e+05
2.720799870000000169e+02 4.831430309998000041e+06 4.635477800290000159e+05
2.720299989999999752e+02 4.831430299987999722e+06 4.635477899779999861e+05
2.721799930000000245e+02 4.831430350006000139e+06 4.635477500000000000e+05
2.721400150000000053e+02 4.831430329986999743e+06 4.635477600100000273e+05
2.721000060000000076e+02 4.831430320007000118e+06 4.635477800290000159e+05
2.720499879999999848e+02 4.831430309998000041e+06 4.635477899779999861e+05
2.722099910000000023e+02 4.831430359985000454e+06 4.635477299800000037e+05
2.721600040000000149e+02 4.831430350006000139e+06 4.635477399899999727e+05
2.721499939999999924e+02 4.831430339995999821e+06 4.635477600100000273e+05
2.721000060000000076e+02 4.831430329986999743e+06 4.635477800290000159e+05
2.720400089999999977e+02 4.831430309998000041e+06 4.635477899779999861e+05
2.722200010000000248e+02 4.831430359985000454e+06 4.635477399899999727e+05
2.721799930000000245e+02 4.831430339995999821e+06 4.635477600100000273e+05
2.721400150000000053e+02 4.831430329986999743e+06 4.635477700199999963e+05
2.720899959999999851e+02 4.831430320007000118e+06 4.635477800290000159e+05
2.720199890000000096e+02 4.831430309998000041e+06 4.635477899779999861e+05
2.710599980000000073e+02 4.831430200012000278e+06 4.635477899779999861e+05
2.721900019999999927e+02 4.831430359985000454e+06 4.635477399899999727e+05
2.721700129999999831e+02 4.831430350006000139e+06 4.635477600100000273e+05
2.721400150000000053e+02 4.831430339995999821e+06 4.635477700199999963e+05
2.720799870000000169e+02 4.831430329986999743e+06 4.635477800290000159e+05
2.720299989999999752e+02 4.831430320007000118e+06 4.635477899779999861e+05
2.719599910000000023e+02 4.831430380005000159e+06 4.635477299800000037e+05
2.718200069999999755e+02 4.831430369994999841e+06 4.635477199709999841e+05
2.717900089999999977e+02 4.831430359985000454e+06 4.635477399899999727e+05
2.717399899999999775e+02 4.831430350006000139e+06 4.635477500000000000e+05
2.717600100000000225e+02 4.831430329986999743e+06 4.635477800290000159e+05
2.716799930000000245e+02 4.831430329986999743e+06 4.635477800290000159e+05
2.718099980000000073e+02 4.831430390014999546e+06 4.635477299800000037e+05
2.717399899999999775e+02 4.831430380005000159e+06 4.635477299800000037e+05
2.716700129999999831e+02 4.831430369994999841e+06 4.635477299800000037e+05
2.716099849999999947e+02 4.831430359985000454e+06 4.635477399899999727e+05
2.716300049999999828e+02 4.831430339995999821e+06 4.635477800290000159e+05
2.715899959999999851e+02 4.831430329986999743e+06 4.635477899779999861e+05
2.717799989999999752e+02 4.831430390014999546e+06 4.635477399899999727e+05
2.716300049999999828e+02 4.831430380005000159e+06 4.635477199709999841e+05
2.715899959999999851e+02 4.831430369994999841e+06 4.635477299800000037e+05
2.715799870000000169e+02 4.831430359985000454e+06 4.635477600100000273e+05
2.715899959999999851e+02 4.831430339995999821e+06 4.635477899779999861e+05
2.721700129999999831e+02 4.831430149993999861e+06 4.635477299800000037e+05
2.721300049999999828e+02 4.831430179992999882e+06 4.635477700199999963e+05
2.721900019999999927e+02 4.831430250000000000e+06 4.635477800290000159e+05
2.721400150000000053e+02 4.831430230011000298e+06 4.635477800290000159e+05
2.716300049999999828e+02 4.831430130005000159e+06 4.635476900020000176e+05
2.721499939999999924e+02 4.831430279999000020e+06 4.635477999880000134e+05
2.720400089999999977e+02 4.831430260010000318e+06 4.635477800290000159e+05
2.720700069999999755e+02 4.831430329986999743e+06 4.635477800290000159e+05
2.720199890000000096e+02 4.831430309998000041e+06 4.635477800290000159e+05
2.717900089999999977e+02 4.831430260010000318e+06 4.635477700199999963e+05
2.713900150000000053e+02 4.831430140014999546e+06 4.635477700199999963e+05
2.718999939999999924e+02 4.831430350006000139e+06 4.635477399899999727e+05
2.717900089999999977e+02 4.831430299987999722e+06 4.635477800290000159e+05
2.716900019999999927e+02 4.831430399993999861e+06 4.635476900020000176e+05
2.716600040000000149e+02 4.831430380005000159e+06 4.635477100220000139e+05
2.716400150000000053e+02 4.831430359985000454e+06 4.635477299800000037e+05
2.715899959999999851e+02 4.831430329986999743e+06 4.635477700199999963e+05
2.712300109999999904e+02 4.831430220000999980e+06 4.635477899779999861e+05
2.711000060000000076e+02 4.831430179992999882e+06 4.635477899779999861e+05
2.710100100000000225e+02 4.831430410004000179e+06 4.635478200070000021e+05
2.722099910000000023e+02 4.831430640014999546e+06 4.635478400269999984e+05
2.716600040000000149e+02 4.831430559998000041e+06 4.635477600100000273e+05
2.719100040000000149e+02 4.831430600006000139e+06 4.635478599849999882e+05
2.721499939999999924e+02 4.831430690001999959e+06 4.635479099730000016e+05
2.721900019999999927e+02 4.831430709990999661e+06 4.635479299929999979e+05
2.720799870000000169e+02 4.831430690001999959e+06 4.635479099730000016e+05
2.716199950000000172e+02 4.831430579986999743e+06 4.635478200070000021e+05
2.714800109999999904e+02 4.831430540009000339e+06 4.635477899779999861e+05
2.712999879999999848e+02 4.831430489989999682e+06 4.635477500000000000e+05
2.722200010000000248e+02 4.831430720000999980e+06 4.635478800049999845e+05
2.713999939999999924e+02 4.831430470000999980e+06 4.635476799929999979e+05
2.722399899999999775e+02 4.831430730011000298e+06 4.635479299929999979e+05
2.721400150000000053e+02 4.831430709990999661e+06 4.635479299929999979e+05
2.718200069999999755e+02 4.831430619994999841e+06 4.635478200070000021e+05
2.717500000000000000e+02 4.831430619994999841e+06 4.635478300169999711e+05
2.716499939999999924e+02 4.831430600006000139e+06 4.635478300169999711e+05
2.715499879999999848e+02 4.831430570007000118e+06 4.635478300169999711e+05
2.714200129999999831e+02 4.831430529999000020e+06 4.635478200070000021e+05
2.713800049999999828e+02 4.831430470000999980e+06 4.635476799929999979e+05
2.713299870000000169e+02 4.831430470000999980e+06 4.635477000119999866e+05
2.712699890000000096e+02 4.831430470000999980e+06 4.635477000119999866e+05
2.721600040000000149e+02 4.831430720000999980e+06 4.635479299929999979e+05
2.721499939999999924e+02 4.831430720000999980e+06 4.635478499760000268e+05
2.720899959999999851e+02 4.831430709990999661e+06 4.635478599849999882e+05
2.719899899999999775e+02 4.831430679992999882e+06 4.635478800049999845e+05
2.714599910000000023e+02 4.831430519988999702e+06 4.635477299800000037e+05
2.713399959999999851e+02 4.831430519988999702e+06 4.635477600100000273e+05
2.713500060000000076e+02 4.831430470000999980e+06 4.635476500239999732e+05
2.715400089999999977e+02 4.831430519988999702e+06 4.635477600100000273e+05
2.720400089999999977e+02 4.831430660004000179e+06 4.635478699950000155e+05
2.720799870000000169e+02 4.831430649993999861e+06 4.635478599849999882e+05
2.721600040000000149e+02 4.831430670013000257e+06 4.635478699950000155e+05
2.722000120000000152e+02 4.831430660004000179e+06 4.635478599849999882e+05
2.721000060000000076e+02 4.831430660004000179e+06 4.635479099730000016e+05
2.721799930000000245e+02 4.831430690001999959e+06 4.635479099730000016e+05
2.722399899999999775e+02 4.831430700012000278e+06 4.635479099730000016e+05
2.715199890000000096e+02 4.831430470000999980e+06 4.635477199709999841e+05
2.719800109999999904e+02 4.831430619994999841e+06 4.635478400269999984e+05
2.721099849999999947e+02 4.831430670013000257e+06 4.635478800049999845e+05
2.722200010000000248e+02 4.831430700012000278e+06 4.635479000239999732e+05
2.712999879999999848e+02 4.831430470000999980e+06 4.635477899779999861e+05
2.714200129999999831e+02 4.831430500000000000e+06 4.635478200070000021e+05
2.713200069999999755e+02 4.831430470000999980e+06 4.635477899779999861e+05
2.715899959999999851e+02 4.831430510010000318e+06 4.635477500000000000e+05
2.722200010000000248e+02 4.831430630005000159e+06 4.635478400269999984e+05
2.722399899999999775e+02 4.831430660004000179e+06 4.635478300169999711e+05
2.719299930000000245e+02 4.831430609985000454e+06 4.635477899779999861e+05
2.720100100000000225e+02 4.831430670013000257e+06 4.635478800049999845e+05
2.720599980000000073e+02 4.831430670013000257e+06 4.635478900150000118e+05
2.719100040000000149e+02 4.831430609985000454e+06 4.635478400269999984e+05
2.722500000000000000e+02 4.831430570007000118e+06 4.635479000239999732e+05
2.721400150000000053e+02 4.831430579986999743e+06 4.635478599849999882e+05
2.717300109999999904e+02 4.831430450012000278e+06 4.635478400269999984e+05
2.716799930000000245e+02 4.831430450012000278e+06 4.635478200070000021e+05
2.717300109999999904e+02 4.831430420013000257e+06 4.635479000239999732e+05
2.714400019999999927e+02 4.831430320007000118e+06 4.635478200070000021e+05
2.720700069999999755e+02 4.831430230011000298e+06 4.635477899779999861e+05
2.714599910000000023e+02 4.831430239989999682e+06 4.635478300169999711e+05
2.716499939999999924e+02 4.831430190001999959e+06 4.635477999880000134e+05
2.720299989999999752e+02 4.831430130005000159e+06 4.635477800290000159e+05
2.712099910000000023e+02 4.831430230011000298e+06 4.635478699950000155e+05
2.712600100000000225e+02 4.831430200012000278e+06 4.635478599849999882e+05
2.711199950000000172e+02 4.831430190001999959e+06 4.635478400269999984e+05
2.711099849999999947e+02 4.831430170013000257e+06 4.635478200070000021e+05
2.715499879999999848e+02 4.831430429992999882e+06 4.635478200070000021e+05
2.720799870000000169e+02 4.831430130005000159e+06 4.635477700199999963e+05
2.718399959999999851e+02 4.831430250000000000e+06 4.635477700199999963e+05
2.718999939999999924e+02 4.831430239989999682e+06 4.635477700199999963e+05
2.712999879999999848e+02 4.831430359985000454e+06 4.635478599849999882e+05
2.713399959999999851e+02 4.831430339995999821e+06 4.635478499760000268e+05
2.714299930000000245e+02 4.831430279999000020e+06 4.635478200070000021e+05
2.714500120000000152e+02 4.831430260010000318e+06 4.635477999880000134e+05
2.714800109999999904e+02 4.831430239989999682e+06 4.635477899779999861e+05
2.715400089999999977e+02 4.831430220000999980e+06 4.635477899779999861e+05
2.715799870000000169e+02 4.831430209990999661e+06 4.635477800290000159e+05
2.716300049999999828e+02 4.831430200012000278e+06 4.635477800290000159e+05
2.716799930000000245e+02 4.831430190001999959e+06 4.635477700199999963e+05
2.717399899999999775e+02 4.831430179992999882e+06 4.635477700199999963e+05
2.714400019999999927e+02 4.831430160004000179e+06 4.635477899779999861e+05
2.715199890000000096e+02 4.831430160004000179e+06 4.635477899779999861e+05
2.715299989999999752e+02 4.831430130005000159e+06 4.635477800290000159e+05
2.718999939999999924e+02 4.831430269988999702e+06 4.635477700199999963e+05
2.720000000000000000e+02 4.831430260010000318e+06 4.635477899779999861e+05
2.718399959999999851e+02 4.831430260010000318e+06 4.635477800290000159e+05
2.718900150000000053e+02 4.831430250000000000e+06 4.635477700199999963e+05
2.718099980000000073e+02 4.831430250000000000e+06 4.635477800290000159e+05
2.716000060000000076e+02 4.831430450012000278e+06 4.635479000239999732e+05
2.716000060000000076e+02 4.831430450012000278e+06 4.635479199830000289e+05
2.717000120000000152e+02 4.831430220000999980e+06 4.635477800290000159e+05
2.713699950000000172e+02 4.831430410004000179e+06 4.635478699950000155e+05
2.713999939999999924e+02 4.831430390014999546e+06 4.635478699950000155e+05
2.714100040000000149e+02 4.831430329986999743e+06 4.635478599849999882e+05
2.713900150000000053e+02 4.831430299987999722e+06 4.635478300169999711e+05
2.714599910000000023e+02 4.831430339995999821e+06 4.635478300169999711e+05
2.713699950000000172e+02 4.831430320007000118e+06 4.635478200070000021e+05
2.713599849999999947e+02 4.831430350006000139e+06 4.635478400269999984e+05
2.713299870000000169e+02 4.831430369994999841e+06 4.635478499760000268e+05
2.712399899999999775e+02 4.831430350006000139e+06 4.635478300169999711e+05
2.711900019999999927e+02 4.831430359985000454e+06 4.635478400269999984e+05
2.711400150000000053e+02 4.831430359985000454e+06 4.635478400269999984e+05
2.712699890000000096e+02 4.831430350006000139e+06 4.635478300169999711e+05
2.711900019999999927e+02 4.831430329986999743e+06 4.635478300169999711e+05
2.710899959999999851e+02 4.831430299987999722e+06 4.635478300169999711e+05
2.711099849999999947e+02 4.831430350006000139e+06 4.635478300169999711e+05
2.713900150000000053e+02 4.831430440001999959e+06 4.635478400269999984e+05
2.710199890000000096e+02 4.831430269988999702e+06 4.635478300169999711e+05
2.711499939999999924e+02 4.831430329986999743e+06 4.635478400269999984e+05
2.712000120000000152e+02 4.831430329986999743e+06 4.635478400269999984e+05
2.712500000000000000e+02 4.831430320007000118e+06 4.635478300169999711e+05
2.713299870000000169e+02 4.831430339995999821e+06 4.635478300169999711e+05
2.711499939999999924e+02 4.831430220000999980e+06 4.635478300169999711e+05
2.713099980000000073e+02 4.831430410004000179e+06 4.635478300169999711e+05
2.718900150000000053e+02 4.831430339995999821e+06 4.635478099979999824e+05
2.711000060000000076e+02 4.831430329986999743e+06 4.635478300169999711e+05
2.711600040000000149e+02 4.831430329986999743e+06 4.635478300169999711e+05
2.712300109999999904e+02 4.831430339995999821e+06 4.635478400269999984e+05
2.712799989999999752e+02 4.831430329986999743e+06 4.635478400269999984e+05
2.713200069999999755e+02 4.831430309998000041e+06 4.635478300169999711e+05
2.713800049999999828e+02 4.831430320007000118e+06 4.635478400269999984e+05
2.713999939999999924e+02 4.831430290009000339e+06 4.635478200070000021e+05
2.718500060000000076e+02 4.831430170013000257e+06 4.635477600100000273e+05
2.710400089999999977e+02 4.831430230011000298e+06 4.635478300169999711e+05
2.712200010000000248e+02 4.831430399993999861e+06 4.635478300169999711e+05
2.712799989999999752e+02 4.831430390014999546e+06 4.635478400269999984e+05
2.715499879999999848e+02 4.831430200012000278e+06 4.635477899779999861e+05
2.711300049999999828e+02 4.831430309998000041e+06 4.635478499760000268e+05
2.713699950000000172e+02 4.831430290009000339e+06 4.635478200070000021e+05
2.712500000000000000e+02 4.831430230011000298e+06 4.635478099979999824e+05
2.717399899999999775e+02 4.831430450012000278e+06 4.635478699950000155e+05
2.715599980000000073e+02 4.831430380005000159e+06 4.635478400269999984e+05
2.715499879999999848e+02 4.831430399993999861e+06 4.635478099979999824e+05
2.720400089999999977e+02 4.831430149993999861e+06 4.635477600100000273e+05
2.717699890000000096e+02 4.831430170013000257e+06 4.635477600100000273e+05
2.717200010000000248e+02 4.831430170013000257e+06 4.635477800290000159e+05
2.716400150000000053e+02 4.831430170013000257e+06 4.635477800290000159e+05
2.715899959999999851e+02 4.831430170013000257e+06 4.635477999880000134e+05
2.713999939999999924e+02 4.831430179992999882e+06 4.635478099979999824e+05
2.711799930000000245e+02 4.831430200012000278e+06 4.635478099979999824e+05
2.718399959999999851e+02 4.831430230011000298e+06 4.635477800290000159e+05
2.717500000000000000e+02 4.831430230011000298e+06 4.635477800290000159e+05
2.716799930000000245e+02 4.831430230011000298e+06 4.635477999880000134e+05
2.716600040000000149e+02 4.831430209990999661e+06 4.635478200070000021e+05
2.714200129999999831e+02 4.831430230011000298e+06 4.635478400269999984e+05
2.712399899999999775e+02 4.831430239989999682e+06 4.635478400269999984e+05
2.710400089999999977e+02 4.831430329986999743e+06 4.635478499760000268e+05
2.714200129999999831e+02 4.831430359985000454e+06 4.635478499760000268e+05
2.713999939999999924e+02 4.831430339995999821e+06 4.635478699950000155e+05
2.711300049999999828e+02 4.831430380005000159e+06 4.635478499760000268e+05
2.716000060000000076e+02 4.831430440001999959e+06 4.635478200070000021e+05
2.715899959999999851e+02 4.831430429992999882e+06 4.635478499760000268e+05
2.715599980000000073e+02 4.831430420013000257e+06 4.635478699950000155e+05
2.715799870000000169e+02 4.831430450012000278e+06 4.635478900150000118e+05
2.715400089999999977e+02 4.831430440001999959e+06 4.635479099730000016e+05
2.718900150000000053e+02 4.831430170013000257e+06 4.635477700199999963e+05
2.715499879999999848e+02 4.831430160004000179e+06 4.635477800290000159e+05
2.715000000000000000e+02 4.831430149993999861e+06 4.635477899779999861e+05
2.716499939999999924e+02 4.831430200012000278e+06 4.635477899779999861e+05
2.715799870000000169e+02 4.831430190001999959e+06 4.635477899779999861e+05
2.715199890000000096e+02 4.831430179992999882e+06 4.635477999880000134e+05
2.714299930000000245e+02 4.831430170013000257e+06 4.635477999880000134e+05
2.713699950000000172e+02 4.831430160004000179e+06 4.635477999880000134e+05
2.721000060000000076e+02 4.831430269988999702e+06 4.635477999880000134e+05
2.718500060000000076e+02 4.831430250000000000e+06 4.635477999880000134e+05
2.717699890000000096e+02 4.831430239989999682e+06 4.635477999880000134e+05
2.716799930000000245e+02 4.831430230011000298e+06 4.635477899779999861e+05
2.716300049999999828e+02 4.831430220000999980e+06 4.635477999880000134e+05
2.715700069999999755e+02 4.831430209990999661e+06 4.635478099979999824e+05
2.714899899999999775e+02 4.831430200012000278e+06 4.635478099979999824e+05
2.713999939999999924e+02 4.831430200012000278e+06 4.635478099979999824e+05
2.712999879999999848e+02 4.831430190001999959e+06 4.635478099979999824e+05
2.720000000000000000e+02 4.831430290009000339e+06 4.635477899779999861e+05
2.718200069999999755e+02 4.831430279999000020e+06 4.635477800290000159e+05
2.717600100000000225e+02 4.831430260010000318e+06 4.635477899779999861e+05
2.716900019999999927e+02 4.831430250000000000e+06 4.635477999880000134e+05
2.716300049999999828e+02 4.831430239989999682e+06 4.635477999880000134e+05
2.715599980000000073e+02 4.831430239989999682e+06 4.635477999880000134e+05
2.715000000000000000e+02 4.831430230011000298e+06 4.635478099979999824e+05
2.714599910000000023e+02 4.831430209990999661e+06 4.635478200070000021e+05
2.712099910000000023e+02 4.831430190001999959e+06 4.635478200070000021e+05
2.719500120000000152e+02 4.831430299987999722e+06 4.635477899779999861e+05
2.718599849999999947e+02 4.831430290009000339e+06 4.635477800290000159e+05
2.718099980000000073e+02 4.831430279999000020e+06 4.635477899779999861e+05
2.717500000000000000e+02 4.831430269988999702e+06 4.635477999880000134e+05
2.716700129999999831e+02 4.831430260010000318e+06 4.635477999880000134e+05
2.716099849999999947e+02 4.831430250000000000e+06 4.635478099979999824e+05
2.715400089999999977e+02 4.831430239989999682e+06 4.635478099979999824e+05
2.714700010000000248e+02 4.831430230011000298e+06 4.635478200070000021e+05
2.712699890000000096e+02 4.831430209990999661e+06 4.635478099979999824e+05
2.712099910000000023e+02 4.831430200012000278e+06 4.635478099979999824e+05
2.719700010000000248e+02 4.831430299987999722e+06 4.635477899779999861e+05
2.718800049999999828e+02 4.831430290009000339e+06 4.635477800290000159e+05
2.717999879999999848e+02 4.831430279999000020e+06 4.635477899779999861e+05
2.717399899999999775e+02 4.831430269988999702e+06 4.635477999880000134e+05
2.716700129999999831e+02 4.831430260010000318e+06 4.635477999880000134e+05
2.716099849999999947e+02 4.831430250000000000e+06 4.635477999880000134e+05
2.715499879999999848e+02 4.831430239989999682e+06 4.635478099979999824e+05
2.714700010000000248e+02 4.831430239989999682e+06 4.635478099979999824e+05
2.714400019999999927e+02 4.831430220000999980e+06 4.635478300169999711e+05
2.712300109999999904e+02 4.831430209990999661e+06 4.635478099979999824e+05
2.719599910000000023e+02 4.831430309998000041e+06 4.635477899779999861e+05
2.718800049999999828e+02 4.831430299987999722e+06 4.635477899779999861e+05
2.718099980000000073e+02 4.831430290009000339e+06 4.635477899779999861e+05
2.717300109999999904e+02 4.831430279999000020e+06 4.635477999880000134e+05
2.716700129999999831e+02 4.831430260010000318e+06 4.635477999880000134e+05
2.716000060000000076e+02 4.831430260010000318e+06 4.635477999880000134e+05
2.715400089999999977e+02 4.831430250000000000e+06 4.635478099979999824e+05
2.714800109999999904e+02 4.831430239989999682e+06 4.635478200070000021e+05
2.714400019999999927e+02 4.831430220000999980e+06 4.635478300169999711e+05
2.712999879999999848e+02 4.831430220000999980e+06 4.635478099979999824e+05
2.712600100000000225e+02 4.831430209990999661e+06 4.635478200070000021e+05
2.719299930000000245e+02 4.831430299987999722e+06 4.635477899779999861e+05
2.718599849999999947e+02 4.831430290009000339e+06 4.635477899779999861e+05
2.717900089999999977e+02 4.831430279999000020e+06 4.635477899779999861e+05
2.717300109999999904e+02 4.831430269988999702e+06 4.635477999880000134e+05
2.716700129999999831e+02 4.831430260010000318e+06 4.635477999880000134e+05
2.716000060000000076e+02 4.831430250000000000e+06 4.635477999880000134e+05
2.715400089999999977e+02 4.831430239989999682e+06 4.635478099979999824e+05
2.714700010000000248e+02 4.831430230011000298e+06 4.635478200070000021e+05
2.712900089999999977e+02 4.831430220000999980e+06 4.635478099979999824e+05
2.719500120000000152e+02 4.831430309998000041e+06 4.635477899779999861e+05
2.718900150000000053e+02 4.831430299987999722e+06 4.635477899779999861e+05
2.718099980000000073e+02 4.831430290009000339e+06 4.635477899779999861e+05
2.717300109999999904e+02 4.831430279999000020e+06 4.635477999880000134e+05
2.716700129999999831e+02 4.831430269988999702e+06 4.635477999880000134e+05
2.715899959999999851e+02 4.831430260010000318e+06 4.635478099979999824e+05
2.715199890000000096e+02 4.831430250000000000e+06 4.635478099979999824e+05
2.714800109999999904e+02 4.831430239989999682e+06 4.635478200070000021e+05
2.713800049999999828e+02 4.831430230011000298e+06 4.635478200070000021e+05
2.712999879999999848e+02 4.831430230011000298e+06 4.635478200070000021e+05
2.716400150000000053e+02 4.831430309998000041e+06 4.635477899779999861e+05
2.715899959999999851e+02 4.831430299987999722e+06 4.635477999880000134e+05
2.715499879999999848e+02 4.831430290009000339e+06 4.635478099979999824e+05
2.714700010000000248e+02 4.831430279999000020e+06 4.635478200070000021e+05
2.714200129999999831e+02 4.831430269988999702e+06 4.635478300169999711e+05
2.713900150000000053e+02 4.831430250000000000e+06 4.635478499760000268e+05
2.712200010000000248e+02 4.831430250000000000e+06 4.635478200070000021e+05
2.711799930000000245e+02 4.831430239989999682e+06 4.635478400269999984e+05
2.710899959999999851e+02 4.831430230011000298e+06 4.635478300169999711e+05
2.715400089999999977e+02 4.831430309998000041e+06 4.635478099979999824e+05
2.715100100000000225e+02 4.831430299987999722e+06 4.635478300169999711e+05
2.714400019999999927e+02 4.831430290009000339e+06 4.635478300169999711e+05
2.714200129999999831e+02 4.831430279999000020e+06 4.635478499760000268e+05
2.713299870000000169e+02 4.831430269988999702e+06 4.635478400269999984e+05
2.712300109999999904e+02 4.831430260010000318e+06 4.635478400269999984e+05
2.712000120000000152e+02 4.831430250000000000e+06 4.635478499760000268e+05
2.710899959999999851e+02 4.831430239989999682e+06 4.635478400269999984e+05
2.715499879999999848e+02 4.831430329986999743e+06 4.635477999880000134e+05
2.715100100000000225e+02 4.831430320007000118e+06 4.635478099979999824e+05
2.714700010000000248e+02 4.831430309998000041e+06 4.635478300169999711e+05
2.714299930000000245e+02 4.831430290009000339e+06 4.635478400269999984e+05
2.713399959999999851e+02 4.831430279999000020e+06 4.635478400269999984e+05
2.711799930000000245e+02 4.831430260010000318e+06 4.635478400269999984e+05
2.711000060000000076e+02 4.831430250000000000e+06 4.635478499760000268e+05
2.715000000000000000e+02 4.831430350006000139e+06 4.635478200070000021e+05
2.710700069999999755e+02 4.831430299987999722e+06 4.635478300169999711e+05
2.710700069999999755e+02 4.831430279999000020e+06 4.635478599849999882e+05
2.720700069999999755e+02 4.831430160004000179e+06 4.635477700199999963e+05
2.720700069999999755e+02 4.831430220000999980e+06 4.635477800290000159e+05
2.719800109999999904e+02 4.831430200012000278e+06 4.635477700199999963e+05
2.719100040000000149e+02 4.831430179992999882e+06 4.635477700199999963e+05
2.719700010000000248e+02 4.831430239989999682e+06 4.635477800290000159e+05
2.719100040000000149e+02 4.831430220000999980e+06 4.635477899779999861e+05
2.718299870000000169e+02 4.831430200012000278e+06 4.635477899779999861e+05
2.717500000000000000e+02 4.831430179992999882e+06 4.635477800290000159e+05
2.716900019999999927e+02 4.831430160004000179e+06 4.635477800290000159e+05
2.716499939999999924e+02 4.831430149993999861e+06 4.635477899779999861e+05
2.717600100000000225e+02 4.831430239989999682e+06 4.635477899779999861e+05
2.717000120000000152e+02 4.831430220000999980e+06 4.635477999880000134e+05
2.716199950000000172e+02 4.831430200012000278e+06 4.635477899779999861e+05
2.715799870000000169e+02 4.831430179992999882e+06 4.635477999880000134e+05
2.715199890000000096e+02 4.831430160004000179e+06 4.635477999880000134e+05
2.717600100000000225e+02 4.831430290009000339e+06 4.635477899779999861e+05
2.717099910000000023e+02 4.831430269988999702e+06 4.635477999880000134e+05
2.716600040000000149e+02 4.831430250000000000e+06 4.635478099979999824e+05
2.715199890000000096e+02 4.831430209990999661e+06 4.635478099979999824e+05
2.714500120000000152e+02 4.831430190001999959e+06 4.635478099979999824e+05
2.713699950000000172e+02 4.831430170013000257e+06 4.635477999880000134e+05
2.715899959999999851e+02 4.831430309998000041e+06 4.635477999880000134e+05
2.715499879999999848e+02 4.831430299987999722e+06 4.635478099979999824e+05
2.714700010000000248e+02 4.831430279999000020e+06 4.635477999880000134e+05
2.714500120000000152e+02 4.831430269988999702e+06 4.635478200070000021e+05
2.713800049999999828e+02 4.831430250000000000e+06 4.635478200070000021e+05
2.712000120000000152e+02 4.831430200012000278e+06 4.635477999880000134e+05
2.714599910000000023e+02 4.831430359985000454e+06 4.635478200070000021e+05
2.714400019999999927e+02 4.831430339995999821e+06 4.635478499760000268e+05
2.713900150000000053e+02 4.831430320007000118e+06 4.635478599849999882e+05
2.713500060000000076e+02 4.831430309998000041e+06 4.635478699950000155e+05
2.712999879999999848e+02 4.831430290009000339e+06 4.635478699950000155e+05
2.712000120000000152e+02 4.831430269988999702e+06 4.635478499760000268e+05
2.711099849999999947e+02 4.831430250000000000e+06 4.635478400269999984e+05
2.715499879999999848e+02 4.831430450012000278e+06 4.635478800049999845e+05
2.714899899999999775e+02 4.831430440001999959e+06 4.635478900150000118e+05
2.713900150000000053e+02 4.831430410004000179e+06 4.635478699950000155e+05
2.713299870000000169e+02 4.831430390014999546e+06 4.635478800049999845e+05
2.712600100000000225e+02 4.831430369994999841e+06 4.635478800049999845e+05
2.711900019999999927e+02 4.831430350006000139e+06 4.635478800049999845e+05
2.711000060000000076e+02 4.831430329986999743e+06 4.635478699950000155e+05
2.710299989999999752e+02 4.831430320007000118e+06 4.635478699950000155e+05
2.719800109999999904e+02 4.831430510010000318e+06 4.635479600220000139e+05
2.721000060000000076e+02 4.831430519988999702e+06 4.635479600220000139e+05
2.721499939999999924e+02 4.831430529999000020e+06 4.635479699709999841e+05
2.721900019999999927e+02 4.831430540009000339e+06 4.635479699709999841e+05
2.720899959999999851e+02 4.831430559998000041e+06 4.635479400020000176e+05
2.719400019999999927e+02 4.831430489989999682e+06 4.635479400020000176e+05
2.720100100000000225e+02 4.831430510010000318e+06 4.635479199830000289e+05
2.718399959999999851e+02 4.831430470000999980e+06 4.635478499760000268e+05
2.720000000000000000e+02 4.831430540009000339e+06 4.635480000000000000e+05
2.720299989999999752e+02 4.831430510010000318e+06 4.635479899899999727e+05
2.711300049999999828e+02 4.831431190001999959e+06 4.635481400150000118e+05
2.710400089999999977e+02 4.831431190001999959e+06 4.635481699830000289e+05
2.711499939999999924e+02 4.831431119994999841e+06 4.635481599730000016e+05
2.710499879999999848e+02 4.831431109985000454e+06 4.635481300049999845e+05
2.710400089999999977e+02 4.831431089995999821e+06 4.635481500239999732e+05
2.721099849999999947e+02 4.831430559998000041e+06 4.635479600220000139e+05
2.721600040000000149e+02 4.831430649993999861e+06 4.635479899899999727e+05
2.720599980000000073e+02 4.831430640014999546e+06 4.635479699709999841e+05
2.719700010000000248e+02 4.831430619994999841e+06 4.635479600220000139e+05
2.718699950000000172e+02 4.831430600006000139e+06 4.635479400020000176e+05
2.717600100000000225e+02 4.831430579986999743e+06 4.635479299929999979e+05
2.716400150000000053e+02 4.831430559998000041e+06 4.635479099730000016e+05
2.715599980000000073e+02 4.831430549987999722e+06 4.635479000239999732e+05
2.719700010000000248e+02 4.831430660004000179e+06 4.635478900150000118e+05
2.718599849999999947e+02 4.831430640014999546e+06 4.635478699950000155e+05
2.717399899999999775e+02 4.831430609985000454e+06 4.635478400269999984e+05
2.710100100000000225e+02 4.831431079986999743e+06 4.635481599730000016e+05
2.710700069999999755e+02 4.831431170013000257e+06 4.635481699830000289e+05
2.721300049999999828e+02 4.831430649993999861e+06 4.635479799800000037e+05
2.719800109999999904e+02 4.831430589995999821e+06 4.635479600220000139e+05
2.720100100000000225e+02 4.831430670013000257e+06 4.635479199830000289e+05
2.719100040000000149e+02 4.831430640014999546e+06 4.635479199830000289e+05
2.718099980000000073e+02 4.831430609985000454e+06 4.635479099730000016e+05
2.716400150000000053e+02 4.831430540009000339e+06 4.635478900150000118e+05
2.711199950000000172e+02 4.831431190001999959e+06 4.635481400150000118e+05
2.710400089999999977e+02 4.831431179992999882e+06 4.635481400150000118e+05
2.722300109999999904e+02 4.831430709990999661e+06 4.635479899899999727e+05
2.720599980000000073e+02 4.831430690001999959e+06 4.635479400020000176e+05
2.719899899999999775e+02 4.831430670013000257e+06 4.635479600220000139e+05
2.719100040000000149e+02 4.831430660004000179e+06 4.635478900150000118e+05
2.710400089999999977e+02 4.831431149993999861e+06 4.635481599730000016e+05
2.711000060000000076e+02 4.831431149993999861e+06 4.635481599730000016e+05
2.718299870000000169e+02 4.831430630005000159e+06 4.635478800049999845e+05
2.718699950000000172e+02 4.831430619994999841e+06 4.635478699950000155e+05
2.715700069999999755e+02 4.831430500000000000e+06 4.635478800049999845e+05
2.717000120000000152e+02 4.831430559998000041e+06 4.635478900150000118e+05
2.717799989999999752e+02 4.831430570007000118e+06 4.635478900150000118e+05
2.719599910000000023e+02 4.831430640014999546e+06 4.635479099730000016e+05
2.716300049999999828e+02 4.831430480011000298e+06 4.635479000239999732e+05
2.717699890000000096e+02 4.831430549987999722e+06 4.635479199830000289e+05
2.718800049999999828e+02 4.831430589995999821e+06 4.635479299929999979e+05
2.719200129999999831e+02 4.831430579986999743e+06 4.635479199830000289e+05
2.721199950000000172e+02 4.831430670013000257e+06 4.635479400020000176e+05
2.721900019999999927e+02 4.831430679992999882e+06 4.635479400020000176e+05
2.718999939999999924e+02 4.831430549987999722e+06 4.635479500119999866e+05
2.719899899999999775e+02 4.831430589995999821e+06 4.635479500119999866e+05
2.720899959999999851e+02 4.831430619994999841e+06 4.635479600220000139e+05
2.721900019999999927e+02 4.831430649993999861e+06 4.635479600220000139e+05
2.722200010000000248e+02 4.831430630005000159e+06 4.635480000000000000e+05
2.710499879999999848e+02 4.831431160004000179e+06 4.635481500239999732e+05
2.711600040000000149e+02 4.831431190001999959e+06 4.635481799929999979e+05
2.715400089999999977e+02 4.831430549987999722e+06 4.635478499760000268e+05
2.716099849999999947e+02 4.831430559998000041e+06 4.635478599849999882e+05
2.717000120000000152e+02 4.831430579986999743e+06 4.635478800049999845e+05
2.717900089999999977e+02 4.831430600006000139e+06 4.635478900150000118e+05
2.718699950000000172e+02 4.831430619994999841e+06 4.635479099730000016e+05
2.719500120000000152e+02 4.831430640014999546e+06 4.635479199830000289e+05
2.720299989999999752e+02 4.831430649993999861e+06 4.635479299929999979e+05
2.721199950000000172e+02 4.831430670013000257e+06 4.635479500119999866e+05
2.722099910000000023e+02 4.831430679992999882e+06 4.635479600220000139e+05
2.714500120000000152e+02 4.831430470000999980e+06 4.635478699950000155e+05
2.715299989999999752e+02 4.831430489989999682e+06 4.635478900150000118e+05
2.716300049999999828e+02 4.831430510010000318e+06 4.635479000239999732e+05
2.717300109999999904e+02 4.831430540009000339e+06 4.635479199830000289e+05
2.718200069999999755e+02 4.831430549987999722e+06 4.635479400020000176e+05
2.718900150000000053e+02 4.831430549987999722e+06 4.635479400020000176e+05
2.719400019999999927e+02 4.831430549987999722e+06 4.635479400020000176e+05
2.720000000000000000e+02 4.831430559998000041e+06 4.635479500119999866e+05
2.720100100000000225e+02 4.831430519988999702e+06 4.635479199830000289e+05
2.710299989999999752e+02 4.831431170013000257e+06 4.635481400150000118e+05
2.710100100000000225e+02 4.831431100006000139e+06 4.635481799929999979e+05
2.713200069999999755e+02 4.831431230011000298e+06 4.635481699830000289e+05
2.712699890000000096e+02 4.831431250000000000e+06 4.635481599730000016e+05
2.717799989999999752e+02 4.831430480011000298e+06 4.635478699950000155e+05
2.710899959999999851e+02 4.831431149993999861e+06 4.635481500239999732e+05
2.711199950000000172e+02 4.831431140014999546e+06 4.635481699830000289e+05
2.710400089999999977e+02 4.831431190001999959e+06 4.635481500239999732e+05
2.711499939999999924e+02 4.831431209990999661e+06 4.635481799929999979e+05
2.719700010000000248e+02 4.831430559998000041e+06 4.635479600220000139e+05
2.717399899999999775e+02 4.831430489989999682e+06 4.635479199830000289e+05
2.719400019999999927e+02 4.831430519988999702e+06 4.635479500119999866e+05
2.712000120000000152e+02 4.831431179992999882e+06 4.635481799929999979e+05
2.711900019999999927e+02 4.831431140014999546e+06 4.635481799929999979e+05
2.710700069999999755e+02 4.831431089995999821e+06 4.635481500239999732e+05
2.716499939999999924e+02 4.831430470000999980e+06 4.635478499760000268e+05
2.717200010000000248e+02 4.831430470000999980e+06 4.635479199830000289e+05
2.720000000000000000e+02 4.831430549987999722e+06 4.635479099730000016e+05
2.720700069999999755e+02 4.831430579986999743e+06 4.635479600220000139e+05
2.720799870000000169e+02 4.831430559998000041e+06 4.635479899899999727e+05
2.722099910000000023e+02 4.831430600006000139e+06 4.635480200199999963e+05
2.722300109999999904e+02 4.831430660004000179e+06 4.635480399779999861e+05
2.711300049999999828e+02 4.831431130005000159e+06 4.635481699830000289e+05
2.720000000000000000e+02 4.831430549987999722e+06 4.635479199830000289e+05
2.720000000000000000e+02 4.831430529999000020e+06 4.635479400020000176e+05
2.718800049999999828e+02 4.831430529999000020e+06 4.635479299929999979e+05
2.718599849999999947e+02 4.831430510010000318e+06 4.635479500119999866e+05
2.720799870000000169e+02 4.831430579986999743e+06 4.635479899899999727e+05
2.719700010000000248e+02 4.831430570007000118e+06 4.635479799800000037e+05
2.718900150000000053e+02 4.831430559998000041e+06 4.635479899899999727e+05
2.718200069999999755e+02 4.831430549987999722e+06 4.635479899899999727e+05
2.717399899999999775e+02 4.831430549987999722e+06 4.635479799800000037e+05
2.721600040000000149e+02 4.831430649993999861e+06 4.635480100100000273e+05
2.721000060000000076e+02 4.831430640014999546e+06 4.635480200199999963e+05
2.710599980000000073e+02 4.831431130005000159e+06 4.635481799929999979e+05
2.722200010000000248e+02 4.831430600006000139e+06 4.635479799800000037e+05
2.721300049999999828e+02 4.831430570007000118e+06 4.635479699709999841e+05
2.720400089999999977e+02 4.831430549987999722e+06 4.635479699709999841e+05
2.719500120000000152e+02 4.831430529999000020e+06 4.635479500119999866e+05
2.718399959999999851e+02 4.831430510010000318e+06 4.635479299929999979e+05
2.717900089999999977e+02 4.831430500000000000e+06 4.635479299929999979e+05
2.717099910000000023e+02 4.831430480011000298e+06 4.635479299929999979e+05
2.722000120000000152e+02 4.831430649993999861e+06 4.635480300290000159e+05
2.721099849999999947e+02 4.831430630005000159e+06 4.635480200199999963e+05
2.720199890000000096e+02 4.831430609985000454e+06 4.635480000000000000e+05
2.719200129999999831e+02 4.831430589995999821e+06 4.635479899899999727e+05
2.718299870000000169e+02 4.831430570007000118e+06 4.635479799800000037e+05
2.717099910000000023e+02 4.831430540009000339e+06 4.635479600220000139e+05
2.716400150000000053e+02 4.831430519988999702e+06 4.635479600220000139e+05
2.710400089999999977e+02 4.831431130005000159e+06 4.635481599730000016e+05
2.711199950000000172e+02 4.831431209990999661e+06 4.635484000239999732e+05
2.714200129999999831e+02 4.831431170013000257e+06 4.635482800290000159e+05
2.712999879999999848e+02 4.831431130005000159e+06 4.635482999880000134e+05
2.714400019999999927e+02 4.831431149993999861e+06 4.635483499760000268e+05
2.714200129999999831e+02 4.831431130005000159e+06 4.635483300169999711e+05
2.711199950000000172e+02 4.831431179992999882e+06 4.635484699709999841e+05
2.711099849999999947e+02 4.831431149993999861e+06 4.635484500119999866e+05
2.711099849999999947e+02 4.831431230011000298e+06 4.635483499760000268e+05
2.711300049999999828e+02 4.831431250000000000e+06 4.635483599849999882e+05
2.711400150000000053e+02 4.831431279999000020e+06 4.635483699950000155e+05
2.717900089999999977e+02 4.831431339995999821e+06 4.635482800290000159e+05
2.717000120000000152e+02 4.831431320007000118e+06 4.635482500000000000e+05
2.718299870000000169e+02 4.831431339995999821e+06 4.635483599849999882e+05
2.711700129999999831e+02 4.831431309998000041e+06 4.635484000239999732e+05
2.716600040000000149e+02 4.831431359985000454e+06 4.635483099979999824e+05
2.718999939999999924e+02 4.831431369994999841e+06 4.635483200070000021e+05
2.715899959999999851e+02 4.831431329986999743e+06 4.635483200070000021e+05
2.717099910000000023e+02 4.831431339995999821e+06 4.635483400269999984e+05
2.717500000000000000e+02 4.831431329986999743e+06 4.635483300169999711e+05
2.710400089999999977e+02 4.831431170013000257e+06 4.635482299800000037e+05
2.710899959999999851e+02 4.831431149993999861e+06 4.635482199709999841e+05
2.713599849999999947e+02 4.831431200012000278e+06 4.635482700199999963e+05
2.710899959999999851e+02 4.831431230011000298e+06 4.635483099979999824e+05
2.710799870000000169e+02 4.831431200012000278e+06 4.635482899779999861e+05
2.711300049999999828e+02 4.831431250000000000e+06 4.635483699950000155e+05
2.711099849999999947e+02 4.831431209990999661e+06 4.635483499760000268e+05
2.717900089999999977e+02 4.831431369994999841e+06 4.635483300169999711e+05
2.717699890000000096e+02 4.831431339995999821e+06 4.635482999880000134e+05
2.716799930000000245e+02 4.831431309998000041e+06 4.635483200070000021e+05
2.714899899999999775e+02 4.831431290009000339e+06 4.635482999880000134e+05
2.710499879999999848e+02 4.831431190001999959e+06 4.635482700199999963e+05
2.710299989999999752e+02 4.831431130005000159e+06 4.635482000119999866e+05
2.710499879999999848e+02 4.831431170013000257e+06 4.635482299800000037e+05
2.710799870000000169e+02 4.831431220000999980e+06 4.635482600100000273e+05
2.714700010000000248e+02 4.831431279999000020e+06 4.635482700199999963e+05
2.713999939999999924e+02 4.831431279999000020e+06 4.635482600100000273e+05
2.712399899999999775e+02 4.831431230011000298e+06 4.635482199709999841e+05
2.715899959999999851e+02 4.831431359985000454e+06 4.635482800290000159e+05
2.714200129999999831e+02 4.831431290009000339e+06 4.635482600100000273e+05
2.710899959999999851e+02 4.831431269988999702e+06 4.635482899779999861e+05
2.712500000000000000e+02 4.831431239989999682e+06 4.635481900020000176e+05
2.713800049999999828e+02 4.831431309998000041e+06 4.635482100220000139e+05
2.714700010000000248e+02 4.831431339995999821e+06 4.635482100220000139e+05
2.710799870000000169e+02 4.831431239989999682e+06 4.635482600100000273e+05
2.710700069999999755e+02 4.831431179992999882e+06 4.635482299800000037e+05
2.710499879999999848e+02 4.831431119994999841e+06 4.635482000119999866e+05
2.711900019999999927e+02 4.831431190001999959e+06 4.635482199709999841e+05
2.712699890000000096e+02 4.831431209990999661e+06 4.635482199709999841e+05
2.713999939999999924e+02 4.831431269988999702e+06 4.635482399899999727e+05
2.715000000000000000e+02 4.831431299987999722e+06 4.635482399899999727e+05
2.716000060000000076e+02 4.831431329986999743e+06 4.635482399899999727e+05
2.716700129999999831e+02 4.831431350006000139e+06 4.635482500000000000e+05
2.711099849999999947e+02 4.831431209990999661e+06 4.635482700199999963e+05
2.714100040000000149e+02 4.831431269988999702e+06 4.635482700199999963e+05
2.714700010000000248e+02 4.831431269988999702e+06 4.635482700199999963e+05
2.715599980000000073e+02 4.831431309998000041e+06 4.635482700199999963e+05
2.716600040000000149e+02 4.831431339995999821e+06 4.635482800290000159e+05
2.716600040000000149e+02 4.831431320007000118e+06 4.635483099979999824e+05
2.717500000000000000e+02 4.831431359985000454e+06 4.635483200070000021e+05
2.712799989999999752e+02 4.831431239989999682e+06 4.635482100220000139e+05
2.714200129999999831e+02 4.831431299987999722e+06 4.635482500000000000e+05
2.714899899999999775e+02 4.831431299987999722e+06 4.635482600100000273e+05
2.716300049999999828e+02 4.831431350006000139e+06 4.635482999880000134e+05
2.717300109999999904e+02 4.831431369994999841e+06 4.635483099979999824e+05
2.710299989999999752e+02 4.831431119994999841e+06 4.635482000119999866e+05
2.711400150000000053e+02 4.831431279999000020e+06 4.635483800049999845e+05
2.712399899999999775e+02 4.831431260010000318e+06 4.635482000119999866e+05
2.713399959999999851e+02 4.831431279999000020e+06 4.635482399899999727e+05
2.714299930000000245e+02 4.831431279999000020e+06 4.635482600100000273e+05
2.711499939999999924e+02 4.831431209990999661e+06 4.635482000119999866e+05
2.712500000000000000e+02 4.831431230011000298e+06 4.635482299800000037e+05
2.713500060000000076e+02 4.831431250000000000e+06 4.635482700199999963e+05
2.714100040000000149e+02 4.831431250000000000e+06 4.635482800290000159e+05
2.710599980000000073e+02 4.831431160004000179e+06 4.635481799929999979e+05
2.711600040000000149e+02 4.831431179992999882e+06 4.635482199709999841e+05
2.712399899999999775e+02 4.831431179992999882e+06 4.635482399899999727e+05
2.717799989999999752e+02 4.831431359985000454e+06 4.635482999880000134e+05
2.710700069999999755e+02 4.831431179992999882e+06 4.635482199709999841e+05
2.716099849999999947e+02 4.831431320007000118e+06 4.635482800290000159e+05
2.717799989999999752e+02 4.831431359985000454e+06 4.635482500000000000e+05
2.713599849999999947e+02 4.831431250000000000e+06 4.635482000119999866e+05
2.714200129999999831e+02 4.831431260010000318e+06 4.635482100220000139e+05
2.714700010000000248e+02 4.831431269988999702e+06 4.635482199709999841e+05
2.715199890000000096e+02 4.831431279999000020e+06 4.635482299800000037e+05
2.717900089999999977e+02 4.831431329986999743e+06 4.635482500000000000e+05
2.711300049999999828e+02 4.831431209990999661e+06 4.635482800290000159e+05
2.711000060000000076e+02 4.831431190001999959e+06 4.635482600100000273e+05
2.710799870000000169e+02 4.831431200012000278e+06 4.635482399899999727e+05
2.710799870000000169e+02 4.831431149993999861e+06 4.635482399899999727e+05
2.716799930000000245e+02 4.831431329986999743e+06 4.635482800290000159e+05
2.712399899999999775e+02 4.831431220000999980e+06 4.635482100220000139e+05
2.713299870000000169e+02 4.831431230011000298e+06 4.635482299800000037e+05
2.712600100000000225e+02 4.831431279999000020e+06 4.635482399899999727e+05
2.715299989999999752e+02 4.831431350006000139e+06 4.635482700199999963e+05
2.711400150000000053e+02 4.831431269988999702e+06 4.635483099979999824e+05
2.716099849999999947e+02 4.831431299987999722e+06 4.635482800290000159e+05
2.716700129999999831e+02 4.831431329986999743e+06 4.635482399899999727e+05
2.712300109999999904e+02 4.831431160004000179e+06 4.635482299800000037e+05
2.712600100000000225e+02 4.831431170013000257e+06 4.635482100220000139e+05
2.712500000000000000e+02 4.831431190001999959e+06 4.635481799929999979e+05
2.718900150000000053e+02 4.831431369994999841e+06 4.635483499760000268e+05
2.717099910000000023e+02 4.831431309998000041e+06 4.635483300169999711e+05
2.715799870000000169e+02 4.831431250000000000e+06 4.635482999880000134e+05
2.715899959999999851e+02 4.831431260010000318e+06 4.635482700199999963e+05
2.711300049999999828e+02 4.831431239989999682e+06 4.635483699950000155e+05
2.710899959999999851e+02 4.831431190001999959e+06 4.635483200070000021e+05
2.712999879999999848e+02 4.831431170013000257e+06 4.635482700199999963e+05
2.713200069999999755e+02 4.831431179992999882e+06 4.635482399899999727e+05
2.710700069999999755e+02 4.831431179992999882e+06 4.635482800290000159e+05
2.712300109999999904e+02 4.831431149993999861e+06 4.635482399899999727e+05
2.712799989999999752e+02 4.831431149993999861e+06 4.635482199709999841e+05
2.712799989999999752e+02 4.831431170013000257e+06 4.635481900020000176e+05
2.710599980000000073e+02 4.831431160004000179e+06 4.635482700199999963e+05
2.712000120000000152e+02 4.831431140014999546e+06 4.635482299800000037e+05
2.712200010000000248e+02 4.831431149993999861e+06 4.635482100220000139e+05
2.712099910000000023e+02 4.831431170013000257e+06 4.635481900020000176e+05
2.710599980000000073e+02 4.831431170013000257e+06 4.635482700199999963e+05
2.712000120000000152e+02 4.831431149993999861e+06 4.635482399899999727e+05
2.712300109999999904e+02 4.831431160004000179e+06 4.635482000119999866e+05
2.710700069999999755e+02 4.831431179992999882e+06 4.635482999880000134e+05
2.712500000000000000e+02 4.831431160004000179e+06 4.635482399899999727e+05
2.712799989999999752e+02 4.831431170013000257e+06 4.635482100220000139e+05
2.710899959999999851e+02 4.831431190001999959e+06 4.635483499760000268e+05
2.711000060000000076e+02 4.831431200012000278e+06 4.635483200070000021e+05
2.713500060000000076e+02 4.831431160004000179e+06 4.635482600100000273e+05
2.713599849999999947e+02 4.831431179992999882e+06 4.635482299800000037e+05
2.711099849999999947e+02 4.831431200012000278e+06 4.635483699950000155e+05
2.711099849999999947e+02 4.831431220000999980e+06 4.635483400269999984e+05
2.713599849999999947e+02 4.831431200012000278e+06 4.635482600100000273e+05
2.711300049999999828e+02 4.831431220000999980e+06 4.635483800049999845e+05
2.711400150000000053e+02 4.831431230011000298e+06 4.635484099730000016e+05
2.711400150000000053e+02 4.831431239989999682e+06 4.635483800049999845e+05
2.711300049999999828e+02 4.831431230011000298e+06 4.635483900150000118e+05
2.711000060000000076e+02 4.831431200012000278e+06 4.635483599849999882e+05
2.711099849999999947e+02 4.831431209990999661e+06 4.635483400269999984e+05
2.713399959999999851e+02 4.831431190001999959e+06 4.635482500000000000e+05
2.710799870000000169e+02 4.831431179992999882e+06 4.635482999880000134e+05
2.711000060000000076e+02 4.831431190001999959e+06 4.635482700199999963e+05
2.712699890000000096e+02 4.831431160004000179e+06 4.635482399899999727e+05
2.712900089999999977e+02 4.831431170013000257e+06 4.635482100220000139e+05
2.712600100000000225e+02 4.831431190001999959e+06 4.635481900020000176e+05
2.710299989999999752e+02 4.831431140014999546e+06 4.635482600100000273e+05
2.710499879999999848e+02 4.831431149993999861e+06 4.635482399899999727e+05
2.711900019999999927e+02 4.831431130005000159e+06 4.635482000119999866e+05
2.710700069999999755e+02 4.831431070007000118e+06 4.635481799929999979e+05
2.711000060000000076e+02 4.831431130005000159e+06 4.635481799929999979e+05
2.710599980000000073e+02 4.831431119994999841e+06 4.635482000119999866e+05
2.710299989999999752e+02 4.831431109985000454e+06 4.635482199709999841e+05
2.711600040000000149e+02 4.831431149993999861e+06 4.635482000119999866e+05
2.710400089999999977e+02 4.831431149993999861e+06 4.635482299800000037e+05
2.712200010000000248e+02 4.831431190001999959e+06 4.635481799929999979e+05
2.712300109999999904e+02 4.831431179992999882e+06 4.635482100220000139e+05
2.711799930000000245e+02 4.831431170013000257e+06 4.635482299800000037e+05
2.711099849999999947e+02 4.831431170013000257e+06 4.635482399899999727e+05
2.710499879999999848e+02 4.831431170013000257e+06 4.635482500000000000e+05
2.712799989999999752e+02 4.831431200012000278e+06 4.635482299800000037e+05
2.712399899999999775e+02 4.831431190001999959e+06 4.635482500000000000e+05
2.712900089999999977e+02 4.831431230011000298e+06 4.635482000119999866e+05
2.712600100000000225e+02 4.831431200012000278e+06 4.635482500000000000e+05
2.712300109999999904e+02 4.831431200012000278e+06 4.635482700199999963e+05
2.713399959999999851e+02 4.831431220000999980e+06 4.635482199709999841e+05
2.713399959999999851e+02 4.831431209990999661e+06 4.635482500000000000e+05
2.712699890000000096e+02 4.831431209990999661e+06 4.635482600100000273e+05
2.713299870000000169e+02 4.831431230011000298e+06 4.635482100220000139e+05
2.713299870000000169e+02 4.831431209990999661e+06 4.635482399899999727e+05
2.712600100000000225e+02 4.831431220000999980e+06 4.635482500000000000e+05
2.712399899999999775e+02 4.831431200012000278e+06 4.635482700199999963e+05
2.713299870000000169e+02 4.831431220000999980e+06 4.635482299800000037e+05
2.713299870000000169e+02 4.831431200012000278e+06 4.635482600100000273e+05
2.712399899999999775e+02 4.831431209990999661e+06 4.635482600100000273e+05
2.710899959999999851e+02 4.831431200012000278e+06 4.635482999880000134e+05
2.713500060000000076e+02 4.831431230011000298e+06 4.635482299800000037e+05
2.713399959999999851e+02 4.831431209990999661e+06 4.635482500000000000e+05
2.712600100000000225e+02 4.831431209990999661e+06 4.635482600100000273e+05
2.713999939999999924e+02 4.831431239989999682e+06 4.635482299800000037e+05
2.713599849999999947e+02 4.831431230011000298e+06 4.635482500000000000e+05
2.713200069999999755e+02 4.831431220000999980e+06 4.635482700199999963e+05
2.713099980000000073e+02 4.831431209990999661e+06 4.635482899779999861e+05
2.714599910000000023e+02 4.831431260010000318e+06 4.635482399899999727e+05
2.714400019999999927e+02 4.831431250000000000e+06 4.635482600100000273e+05
2.714100040000000149e+02 4.831431239989999682e+06 4.635482800290000159e+05
2.715299989999999752e+02 4.831431290009000339e+06 4.635482500000000000e+05
2.715000000000000000e+02 4.831431269988999702e+06 4.635482800290000159e+05
2.714800109999999904e+02 4.831431260010000318e+06 4.635482999880000134e+05
2.716099849999999947e+02 4.831431309998000041e+06 4.635482700199999963e+05
2.716000060000000076e+02 4.831431299987999722e+06 4.635482899779999861e+05
2.715599980000000073e+02 4.831431299987999722e+06 4.635483099979999824e+05
2.715000000000000000e+02 4.831431290009000339e+06 4.635483200070000021e+05
2.717000120000000152e+02 4.831431350006000139e+06 4.635482899779999861e+05
2.716799930000000245e+02 4.831431339995999821e+06 4.635483099979999824e+05
2.716300049999999828e+02 4.831431329986999743e+06 4.635483300169999711e+05
2.715799870000000169e+02 4.831431329986999743e+06 4.635483499760000268e+05
2.718200069999999755e+02 4.831431369994999841e+06 4.635483300169999711e+05
2.717699890000000096e+02 4.831431369994999841e+06 4.635483499760000268e+05
2.710299989999999752e+02 4.831431119994999841e+06 4.635482000119999866e+05
2.712200010000000248e+02 4.831431190001999959e+06 4.635482100220000139e+05
2.712099910000000023e+02 4.831431179992999882e+06 4.635482299800000037e+05
2.710899959999999851e+02 4.831431170013000257e+06 4.635482199709999841e+05
2.710299989999999752e+02 4.831431160004000179e+06 4.635482299800000037e+05
2.713099980000000073e+02 4.831431230011000298e+06 4.635482600100000273e+05
2.712699890000000096e+02 4.831431220000999980e+06 4.635482800290000159e+05
2.710899959999999851e+02 4.831431250000000000e+06 4.635483200070000021e+05
2.710899959999999851e+02 4.831431230011000298e+06 4.635483499760000268e+05
2.711400150000000053e+02 4.831431269988999702e+06 4.635484000239999732e+05
2.711400150000000053e+02 4.831431149993999861e+06 4.635481799929999979e+05
2.715199890000000096e+02 4.831431279999000020e+06 4.635482800290000159e+05
2.714400019999999927e+02 4.831431260010000318e+06 4.635482800290000159e+05
2.713900150000000053e+02 4.831431239989999682e+06 4.635482800290000159e+05
2.712799989999999752e+02 4.831431220000999980e+06 4.635482600100000273e+05
2.711900019999999927e+02 4.831431190001999959e+06 4.635482500000000000e+05
2.711000060000000076e+02 4.831431170013000257e+06 4.635482500000000000e+05
2.710100100000000225e+02 4.831431149993999861e+06 4.635482399899999727e+05
2.717399899999999775e+02 4.831431359985000454e+06 4.635483400269999984e+05
2.716499939999999924e+02 4.831431339995999821e+06 4.635483300169999711e+05
2.715899959999999851e+02 4.831431320007000118e+06 4.635483300169999711e+05
2.715000000000000000e+02 4.831431299987999722e+06 4.635483099979999824e+05
2.714200129999999831e+02 4.831431279999000020e+06 4.635483099979999824e+05
2.713399959999999851e+02 4.831431260010000318e+06 4.635482999880000134e+05
2.712300109999999904e+02 4.831431239989999682e+06 4.635482800290000159e+05
2.716099849999999947e+02 4.831431359985000454e+06 4.635483499760000268e+05
2.714700010000000248e+02 4.831431329986999743e+06 4.635483099979999824e+05
2.714100040000000149e+02 4.831431309998000041e+06 4.635483200070000021e+05
2.710599980000000073e+02 4.831431209990999661e+06 4.635483099979999824e+05
2.710799870000000169e+02 4.831431250000000000e+06 4.635483200070000021e+05
2.711199950000000172e+02 4.831431269988999702e+06 4.635483800049999845e+05
2.711400150000000053e+02 4.831431290009000339e+06 4.635484199830000289e+05
