2.789299930000000245e+02 4.831434420013000257e+06 4.635480900269999984e+05
2.791400150000000053e+02 4.831434380005000159e+06 4.635480700070000021e+05
2.791600040000000149e+02 4.831434399993999861e+06 4.635480800169999711e+05
2.789800109999999904e+02 4.831434369994999841e+06 4.635480499880000134e+05
2.790400089999999977e+02 4.831434420013000257e+06 4.635480800169999711e+05
2.791099849999999947e+02 4.831434369994999841e+06 4.635480999760000268e+05
2.792300109999999904e+02 4.831434380005000159e+06 4.635480100100000273e+05
2.786499939999999924e+02 4.831434420013000257e+06 4.635477299800000037e+05
2.790199890000000096e+02 4.831434359985000454e+06 4.635480700070000021e+05
2.792000120000000152e+02 4.831434399993999861e+06 4.635480200199999963e+05
2.792099910000000023e+02 4.831434380005000159e+06 4.635480100100000273e+05
2.791700129999999831e+02 4.831434369994999841e+06 4.635480999760000268e+05
2.792500000000000000e+02 4.831434390014999546e+06 4.635480100100000273e+05
2.791300049999999828e+02 4.831434359985000454e+06 4.635480399779999861e+05
2.787600100000000225e+02 4.831434399993999861e+06 4.635477700199999963e+05
2.790199890000000096e+02 4.831434410004000179e+06 4.635480499880000134e+05
2.787099910000000023e+02 4.831434369994999841e+06 4.635477399899999727e+05
2.787699890000000096e+02 4.831434410004000179e+06 4.635477299800000037e+05
2.792099910000000023e+02 4.831434369994999841e+06 4.635480499880000134e+05
2.790499879999999848e+02 4.831434359985000454e+06 4.635480800169999711e+05
2.791900019999999927e+02 4.831434410004000179e+06 4.635480599979999824e+05
2.790899959999999851e+02 4.831434369994999841e+06 4.635480700070000021e+05
2.789500120000000152e+02 4.831433450012000278e+06 4.635484500119999866e+05
2.790199890000000096e+02 4.831433450012000278e+06 4.635484199830000289e+05
2.790199890000000096e+02 4.831433510010000318e+06 4.635484400020000176e+05
2.790100100000000225e+02 4.831433450012000278e+06 4.635484000239999732e+05
2.785400089999999977e+02 4.831433459990999661e+06 4.635484400020000176e+05
2.789800109999999904e+02 4.831433429992999882e+06 4.635483699950000155e+05
2.789299930000000245e+02 4.831433429992999882e+06 4.635484099730000016e+05
2.788299870000000169e+02 4.831433510010000318e+06 4.635484899899999727e+05
2.788599849999999947e+02 4.831433489989999682e+06 4.635484799800000037e+05
2.787300109999999904e+02 4.831433480011000298e+06 4.635484899899999727e+05
2.785799870000000169e+02 4.831433429992999882e+06 4.635484899899999727e+05
2.785599980000000073e+02 4.831433440001999959e+06 4.635485200199999963e+05
2.786400150000000053e+02 4.831433470000999980e+06 4.635484799800000037e+05
2.785899959999999851e+02 4.831433470000999980e+06 4.635484799800000037e+05
2.785599980000000073e+02 4.831433500000000000e+06 4.635485000000000000e+05
2.786700129999999831e+02 4.831433440001999959e+06 4.635484199830000289e+05
2.787399899999999775e+02 4.831433510010000318e+06 4.635484600220000139e+05
2.786700129999999831e+02 4.831433500000000000e+06 4.635484600220000139e+05
2.785700069999999755e+02 4.831433470000999980e+06 4.635484600220000139e+05
2.790000000000000000e+02 4.831433429992999882e+06 4.635483499760000268e+05
2.789899899999999775e+02 4.831433450012000278e+06 4.635483599849999882e+05
2.789500120000000152e+02 4.831433470000999980e+06 4.635483800049999845e+05
2.789200129999999831e+02 4.831433480011000298e+06 4.635483900150000118e+05
2.789200129999999831e+02 4.831433510010000318e+06 4.635484099730000016e+05
2.787099910000000023e+02 4.831433510010000318e+06 4.635484699709999841e+05
2.785700069999999755e+02 4.831433510010000318e+06 4.635485100100000273e+05
2.789800109999999904e+02 4.831433429992999882e+06 4.635483499760000268e+05
2.789800109999999904e+02 4.831433470000999980e+06 4.635483699950000155e+05
2.789400019999999927e+02 4.831433480011000298e+06 4.635483800049999845e+05
2.789200129999999831e+02 4.831433500000000000e+06 4.635484000239999732e+05
2.788999939999999924e+02 4.831433519988999702e+06 4.635484099730000016e+05
2.787099910000000023e+02 4.831433519988999702e+06 4.635484699709999841e+05
2.790000000000000000e+02 4.831433429992999882e+06 4.635483499760000268e+05
2.789700010000000248e+02 4.831433440001999959e+06 4.635483599849999882e+05
2.789400019999999927e+02 4.831433459990999661e+06 4.635483800049999845e+05
2.789400019999999927e+02 4.831433500000000000e+06 4.635483900150000118e+05
2.788999939999999924e+02 4.831433510010000318e+06 4.635484099730000016e+05
2.787200010000000248e+02 4.831433519988999702e+06 4.635484699709999841e+05
2.785499879999999848e+02 4.831433459990999661e+06 4.635484899899999727e+05
2.785700069999999755e+02 4.831433510010000318e+06 4.635485100100000273e+05
2.790000000000000000e+02 4.831433440001999959e+06 4.635483400269999984e+05
2.789599910000000023e+02 4.831433440001999959e+06 4.635483599849999882e+05
2.789500120000000152e+02 4.831433470000999980e+06 4.635483699950000155e+05
2.789299930000000245e+02 4.831433489989999682e+06 4.635483900150000118e+05
2.788999939999999924e+02 4.831433500000000000e+06 4.635484000239999732e+05
2.787200010000000248e+02 4.831433519988999702e+06 4.635484600220000139e+05
2.785700069999999755e+02 4.831433450012000278e+06 4.635484699709999841e+05
2.785700069999999755e+02 4.831433489989999682e+06 4.635484899899999727e+05
2.789500120000000152e+02 4.831433459990999661e+06 4.635483800049999845e+05
2.789500120000000152e+02 4.831433500000000000e+06 4.635484000239999732e+05
2.790100100000000225e+02 4.831433459990999661e+06 4.635483599849999882e+05
2.789599910000000023e+02 4.831433459990999661e+06 4.635483699950000155e+05
2.789400019999999927e+02 4.831433489989999682e+06 4.635483900150000118e+05
2.789299930000000245e+02 4.831433510010000318e+06 4.635484099730000016e+05
2.790100100000000225e+02 4.831433429992999882e+06 4.635483300169999711e+05
2.789800109999999904e+02 4.831433440001999959e+06 4.635483499760000268e+05
2.789599910000000023e+02 4.831433459990999661e+06 4.635483599849999882e+05
2.789400019999999927e+02 4.831433480011000298e+06 4.635483800049999845e+05
2.789200129999999831e+02 4.831433500000000000e+06 4.635483900150000118e+05
2.788999939999999924e+02 4.831433519988999702e+06 4.635484099730000016e+05
2.786900019999999927e+02 4.831433510010000318e+06 4.635484699709999841e+05
2.785599980000000073e+02 4.831433450012000278e+06 4.635484799800000037e+05
2.785700069999999755e+02 4.831433500000000000e+06 4.635485000000000000e+05
2.790000000000000000e+02 4.831433429992999882e+06 4.635483400269999984e+05
2.789800109999999904e+02 4.831433450012000278e+06 4.635483599849999882e+05
2.789500120000000152e+02 4.831433470000999980e+06 4.635483699950000155e+05
2.789200129999999831e+02 4.831433489989999682e+06 4.635483900150000118e+05
2.789100040000000149e+02 4.831433510010000318e+06 4.635484099730000016e+05
2.787500000000000000e+02 4.831433540009000339e+06 4.635484600220000139e+05
2.785700069999999755e+02 4.831433510010000318e+06 4.635485100100000273e+05
2.790000000000000000e+02 4.831433429992999882e+06 4.635483400269999984e+05
2.789800109999999904e+02 4.831433450012000278e+06 4.635483499760000268e+05
2.789700010000000248e+02 4.831433470000999980e+06 4.635483699950000155e+05
2.789400019999999927e+02 4.831433489989999682e+06 4.635483800049999845e+05
2.789100040000000149e+02 4.831433510010000318e+06 4.635484000239999732e+05
2.788900150000000053e+02 4.831433529999000020e+06 4.635484199830000289e+05
2.787300109999999904e+02 4.831433529999000020e+06 4.635484699709999841e+05
2.786099849999999947e+02 4.831433470000999980e+06 4.635484799800000037e+05
2.785599980000000073e+02 4.831433500000000000e+06 4.635485000000000000e+05
2.785700069999999755e+02 4.831433429992999882e+06 4.635484099730000016e+05
2.785700069999999755e+02 4.831433459990999661e+06 4.635484299929999979e+05
2.785100100000000225e+02 4.831433450012000278e+06 4.635484400020000176e+05
2.788599849999999947e+02 4.831433459990999661e+06 4.635483900150000118e+05
2.789299930000000245e+02 4.831433480011000298e+06 4.635483900150000118e+05
2.789700010000000248e+02 4.831433470000999980e+06 4.635483800049999845e+05
2.790000000000000000e+02 4.831433450012000278e+06 4.635483699950000155e+05
2.790299989999999752e+02 4.831433429992999882e+06 4.635483499760000268e+05
2.791099849999999947e+02 4.831433450012000278e+06 4.635483499760000268e+05
2.786400150000000053e+02 4.831433440001999959e+06 4.635484400020000176e+05
2.787000120000000152e+02 4.831433450012000278e+06 4.635484299929999979e+05
2.788200069999999755e+02 4.831433500000000000e+06 4.635484500119999866e+05
2.785700069999999755e+02 4.831433429992999882e+06 4.635484899899999727e+05
2.786199950000000172e+02 4.831433429992999882e+06 4.635484899899999727e+05
2.789100040000000149e+02 4.831433429992999882e+06 4.635483699950000155e+05
2.786700129999999831e+02 4.831433489989999682e+06 4.635484600220000139e+05
2.787399899999999775e+02 4.831433500000000000e+06 4.635484699709999841e+05
2.787799989999999752e+02 4.831433480011000298e+06 4.635484600220000139e+05
2.785299989999999752e+02 4.831433440001999959e+06 4.635484799800000037e+05
2.785899959999999851e+02 4.831433440001999959e+06 4.635484799800000037e+05
2.786600040000000149e+02 4.831433440001999959e+06 4.635484799800000037e+05
2.789100040000000149e+02 4.831433489989999682e+06 4.635484199830000289e+05
2.788999939999999924e+02 4.831433440001999959e+06 4.635483699950000155e+05
2.787399899999999775e+02 4.831433529999000020e+06 4.635484799800000037e+05
2.787799989999999752e+02 4.831433510010000318e+06 4.635484799800000037e+05
2.785799870000000169e+02 4.831433459990999661e+06 4.635484600220000139e+05
2.786300049999999828e+02 4.831433450012000278e+06 4.635484699709999841e+05
2.784500120000000152e+02 4.831433429992999882e+06 4.635484699709999841e+05
2.785100100000000225e+02 4.831433429992999882e+06 4.635484899899999727e+05
2.785799870000000169e+02 4.831433429992999882e+06 4.635485000000000000e+05
2.787600100000000225e+02 4.831433459990999661e+06 4.635484500119999866e+05
2.788299870000000169e+02 4.831433500000000000e+06 4.635484500119999866e+05
2.789899899999999775e+02 4.831433440001999959e+06 4.635483400269999984e+05
2.787099910000000023e+02 4.831433440001999959e+06 4.635484299929999979e+05
2.789599910000000023e+02 4.831433450012000278e+06 4.635484000239999732e+05
2.788399959999999851e+02 4.831433440001999959e+06 4.635484000239999732e+05
2.791799930000000245e+02 4.831433500000000000e+06 4.635484099730000016e+05
2.791199950000000172e+02 4.831433500000000000e+06 4.635484199830000289e+05
2.790700069999999755e+02 4.831433450012000278e+06 4.635483900150000118e+05
2.790000000000000000e+02 4.831433450012000278e+06 4.635484099730000016e+05
2.789599910000000023e+02 4.831433459990999661e+06 4.635484000239999732e+05
2.789800109999999904e+02 4.831433440001999959e+06 4.635484299929999979e+05
2.789500120000000152e+02 4.831433459990999661e+06 4.635484099730000016e+05
2.785899959999999851e+02 4.831433440001999959e+06 4.635485100100000273e+05
2.786900019999999927e+02 4.831433450012000278e+06 4.635484799800000037e+05
2.787399899999999775e+02 4.831433450012000278e+06 4.635484799800000037e+05
2.785700069999999755e+02 4.831433440001999959e+06 4.635484600220000139e+05
2.786400150000000053e+02 4.831433450012000278e+06 4.635484699709999841e+05
2.787200010000000248e+02 4.831433459990999661e+06 4.635484600220000139e+05
2.787799989999999752e+02 4.831433429992999882e+06 4.635484799800000037e+05
2.788599849999999947e+02 4.831433459990999661e+06 4.635484699709999841e+05
2.786499939999999924e+02 4.831433459990999661e+06 4.635485100100000273e+05
2.788500060000000076e+02 4.831433529999000020e+06 4.635484600220000139e+05
2.786099849999999947e+02 4.831433470000999980e+06 4.635485100100000273e+05
2.786700129999999831e+02 4.831433440001999959e+06 4.635484199830000289e+05
2.788299870000000169e+02 4.831433459990999661e+06 4.635484600220000139e+05
2.789200129999999831e+02 4.831433470000999980e+06 4.635484099730000016e+05
2.789700010000000248e+02 4.831433470000999980e+06 4.635484500119999866e+05
2.787300109999999904e+02 4.831433489989999682e+06 4.635485100100000273e+05
2.786499939999999924e+02 4.831433470000999980e+06 4.635485000000000000e+05
2.786300049999999828e+02 4.831433450012000278e+06 4.635485200199999963e+05
2.787699890000000096e+02 4.831433540009000339e+06 4.635484699709999841e+05
2.787500000000000000e+02 4.831433500000000000e+06 4.635476199950000155e+05
2.788800049999999828e+02 4.831433880005000159e+06 4.635479699709999841e+05
2.785000000000000000e+02 4.831434019988999702e+06 4.635476300049999845e+05
2.784599910000000023e+02 4.831434029999000020e+06 4.635477199709999841e+05
2.788900150000000053e+02 4.831433619994999841e+06 4.635477000119999866e+05
2.790000000000000000e+02 4.831433869994999841e+06 4.635478200070000021e+05
2.783800049999999828e+02 4.831433809998000041e+06 4.635476199950000155e+05
2.791199950000000172e+02 4.831433869994999841e+06 4.635477100220000139e+05
2.788299870000000169e+02 4.831433950012000278e+06 4.635479299929999979e+05
2.785400089999999977e+02 4.831433950012000278e+06 4.635477800290000159e+05
2.785400089999999977e+02 4.831434000000000000e+06 4.635477199709999841e+05
2.785199890000000096e+02 4.831434049987999722e+06 4.635476500239999732e+05
2.785299989999999752e+02 4.831434010010000318e+06 4.635477100220000139e+05
2.785000000000000000e+02 4.831434010010000318e+06 4.635476799929999979e+05
2.785100100000000225e+02 4.831434029999000020e+06 4.635476599730000016e+05
2.785400089999999977e+02 4.831434040009000339e+06 4.635476300049999845e+05
2.789400019999999927e+02 4.831434040009000339e+06 4.635478800049999845e+05
2.783500060000000076e+02 4.831433769988999702e+06 4.635476300049999845e+05
2.784400019999999927e+02 4.831433630005000159e+06 4.635476300049999845e+05
2.788200069999999755e+02 4.831433540009000339e+06 4.635476300049999845e+05
2.785000000000000000e+02 4.831434029999000020e+06 4.635476500239999732e+05
2.788599849999999947e+02 4.831434100006000139e+06 4.635478900150000118e+05
2.788999939999999924e+02 4.831434070007000118e+06 4.635479299929999979e+05
2.789400019999999927e+02 4.831434049987999722e+06 4.635479099730000016e+05
2.784899899999999775e+02 4.831434029999000020e+06 4.635476199950000155e+05
2.785899959999999851e+02 4.831434000000000000e+06 4.635476599730000016e+05
2.789400019999999927e+02 4.831434109985000454e+06 4.635478300169999711e+05
2.785299989999999752e+02 4.831433959990999661e+06 4.635477100220000139e+05
2.789700010000000248e+02 4.831434059998000041e+06 4.635478900150000118e+05
2.789100040000000149e+02 4.831434049987999722e+06 4.635478800049999845e+05
2.789299930000000245e+02 4.831434070007000118e+06 4.635479400020000176e+05
2.789100040000000149e+02 4.831434010010000318e+06 4.635478900150000118e+05
2.789400019999999927e+02 4.831434049987999722e+06 4.635479199830000289e+05
2.789299930000000245e+02 4.831433679992999882e+06 4.635477299800000037e+05
2.788200069999999755e+02 4.831433579986999743e+06 4.635476300049999845e+05
2.787600100000000225e+02 4.831433600006000139e+06 4.635476500239999732e+05
2.788699950000000172e+02 4.831433640014999546e+06 4.635476599730000016e+05
2.788999939999999924e+02 4.831433920013000257e+06 4.635478099979999824e+05
2.783699950000000172e+02 4.831433839995999821e+06 4.635476099849999882e+05
2.790100100000000225e+02 4.831433709990999661e+06 4.635476699830000289e+05
2.789899899999999775e+02 4.831433910004000179e+06 4.635477899779999861e+05
2.785499879999999848e+02 4.831433989989999682e+06 4.635477399899999727e+05
2.785400089999999977e+02 4.831434010010000318e+06 4.635477000119999866e+05
2.786400150000000053e+02 4.831434040009000339e+06 4.635476699830000289e+05
2.792500000000000000e+02 4.831434220000999980e+06 4.635478099979999824e+05
2.785299989999999752e+02 4.831434059998000041e+06 4.635476199950000155e+05
2.785499879999999848e+02 4.831433959990999661e+06 4.635477800290000159e+05
2.786300049999999828e+02 4.831434029999000020e+06 4.635476500239999732e+05
2.785599980000000073e+02 4.831434040009000339e+06 4.635476599730000016e+05
2.785799870000000169e+02 4.831434029999000020e+06 4.635476599730000016e+05
2.785400089999999977e+02 4.831434019988999702e+06 4.635477000119999866e+05
2.785299989999999752e+02 4.831433989989999682e+06 4.635477000119999866e+05
2.785299989999999752e+02 4.831433989989999682e+06 4.635477199709999841e+05
2.785299989999999752e+02 4.831433980011000298e+06 4.635477199709999841e+05
2.785400089999999977e+02 4.831433989989999682e+06 4.635477299800000037e+05
2.785199890000000096e+02 4.831434040009000339e+06 4.635476300049999845e+05
2.785400089999999977e+02 4.831433950012000278e+06 4.635477999880000134e+05
2.788800049999999828e+02 4.831433880005000159e+06 4.635478300169999711e+05
2.789299930000000245e+02 4.831433869994999841e+06 4.635478099979999824e+05
2.789700010000000248e+02 4.831433850006000139e+06 4.635477999880000134e+05
2.788200069999999755e+02 4.831433720000999980e+06 4.635478099979999824e+05
2.788900150000000053e+02 4.831433619994999841e+06 4.635476500239999732e+05
2.788599849999999947e+02 4.831433589995999821e+06 4.635476199950000155e+05
2.787999879999999848e+02 4.831433679992999882e+06 4.635477299800000037e+05
2.789700010000000248e+02 4.831434040009000339e+06 4.635479099730000016e+05
2.785400089999999977e+02 4.831434049987999722e+06 4.635476599730000016e+05
2.789500120000000152e+02 4.831434109985000454e+06 4.635477899779999861e+05
2.789800109999999904e+02 4.831434029999000020e+06 4.635478499760000268e+05
2.789200129999999831e+02 4.831434040009000339e+06 4.635479000239999732e+05
2.788099980000000073e+02 4.831433989989999682e+06 4.635479199830000289e+05
2.789700010000000248e+02 4.831434079986999743e+06 4.635479099730000016e+05
2.788999939999999924e+02 4.831434019988999702e+06 4.635479299929999979e+05
2.783900150000000053e+02 4.831434010010000318e+06 4.635481799929999979e+05
2.787300109999999904e+02 4.831433670013000257e+06 4.635477399899999727e+05
2.791000060000000076e+02 4.831433890014999546e+06 4.635478099979999824e+05
2.790400089999999977e+02 4.831433890014999546e+06 4.635478099979999824e+05
2.790100100000000225e+02 4.831433899993999861e+06 4.635478200070000021e+05
2.789800109999999904e+02 4.831433910004000179e+06 4.635478300169999711e+05
2.789299930000000245e+02 4.831433920013000257e+06 4.635478300169999711e+05
2.787399899999999775e+02 4.831433690001999959e+06 4.635477600100000273e+05
2.783200069999999755e+02 4.831433850006000139e+06 4.635476300049999845e+05
2.788099980000000073e+02 4.831433700012000278e+06 4.635477299800000037e+05
2.788299870000000169e+02 4.831433739989999682e+06 4.635477500000000000e+05
2.788599849999999947e+02 4.831434079986999743e+06 4.635479500119999866e+05
2.789299930000000245e+02 4.831434160004000179e+06 4.635478900150000118e+05
2.784500120000000152e+02 4.831434049987999722e+06 4.635481699830000289e+05
2.789400019999999927e+02 4.831434040009000339e+06 4.635478599849999882e+05
2.789599910000000023e+02 4.831434059998000041e+06 4.635478599849999882e+05
2.784299930000000245e+02 4.831433839995999821e+06 4.635476099849999882e+05
2.788699950000000172e+02 4.831433709990999661e+06 4.635477600100000273e+05
2.789800109999999904e+02 4.831433760010000318e+06 4.635477700199999963e+05
2.784200129999999831e+02 4.831433839995999821e+06 4.635477399899999727e+05
2.789200129999999831e+02 4.831433929992999882e+06 4.635478099979999824e+05
2.789299930000000245e+02 4.831433869994999841e+06 4.635478400269999984e+05
2.789500120000000152e+02 4.831433850006000139e+06 4.635478200070000021e+05
2.788299870000000169e+02 4.831433709990999661e+06 4.635477299800000037e+05
2.788599849999999947e+02 4.831433649993999861e+06 4.635476900020000176e+05
2.788900150000000053e+02 4.831433619994999841e+06 4.635476799929999979e+05
2.788099980000000073e+02 4.831433750000000000e+06 4.635478099979999824e+05
2.787799989999999752e+02 4.831433679992999882e+06 4.635477600100000273e+05
2.783399959999999851e+02 4.831433839995999821e+06 4.635476699830000289e+05
2.789599910000000023e+02 4.831433880005000159e+06 4.635478300169999711e+05
2.789800109999999904e+02 4.831433859985000454e+06 4.635478200070000021e+05
2.790299989999999752e+02 4.831433839995999821e+06 4.635478099979999824e+05
2.787999879999999848e+02 4.831433640014999546e+06 4.635476799929999979e+05
2.787900089999999977e+02 4.831433600006000139e+06 4.635476500239999732e+05
2.788599849999999947e+02 4.831433609985000454e+06 4.635476699830000289e+05
2.788500060000000076e+02 4.831434019988999702e+06 4.635479099730000016e+05
2.789800109999999904e+02 4.831434019988999702e+06 4.635478699950000155e+05
2.783900150000000053e+02 4.831434019988999702e+06 4.635481699830000289e+05
2.788399959999999851e+02 4.831433690001999959e+06 4.635477500000000000e+05
2.788500060000000076e+02 4.831433709990999661e+06 4.635477500000000000e+05
2.788599849999999947e+02 4.831433670013000257e+06 4.635477100220000139e+05
2.788800049999999828e+02 4.831433609985000454e+06 4.635476599730000016e+05
2.788900150000000053e+02 4.831433630005000159e+06 4.635476599730000016e+05
2.788699950000000172e+02 4.831433609985000454e+06 4.635476099849999882e+05
2.789100040000000149e+02 4.831434049987999722e+06 4.635478900150000118e+05
2.789299930000000245e+02 4.831434070007000118e+06 4.635478900150000118e+05
2.789299930000000245e+02 4.831434049987999722e+06 4.635478900150000118e+05
2.789599910000000023e+02 4.831434079986999743e+06 4.635478900150000118e+05
2.789299930000000245e+02 4.831434059998000041e+06 4.635478800049999845e+05
2.789700010000000248e+02 4.831434079986999743e+06 4.635478800049999845e+05
2.788999939999999924e+02 4.831434040009000339e+06 4.635478900150000118e+05
2.789100040000000149e+02 4.831434070007000118e+06 4.635478900150000118e+05
2.788999939999999924e+02 4.831434049987999722e+06 4.635478900150000118e+05
2.789299930000000245e+02 4.831434070007000118e+06 4.635479000239999732e+05
2.788800049999999828e+02 4.831434130005000159e+06 4.635480000000000000e+05
2.788099980000000073e+02 4.831433989989999682e+06 4.635479199830000289e+05
2.788200069999999755e+02 4.831433989989999682e+06 4.635479199830000289e+05
2.789299930000000245e+02 4.831434070007000118e+06 4.635479199830000289e+05
2.789500120000000152e+02 4.831434049987999722e+06 4.635478900150000118e+05
2.789500120000000152e+02 4.831434109985000454e+06 4.635478900150000118e+05
2.788699950000000172e+02 4.831434089995999821e+06 4.635478599849999882e+05
2.789700010000000248e+02 4.831434019988999702e+06 4.635476799929999979e+05
2.786700129999999831e+02 4.831434040009000339e+06 4.635476099849999882e+05
2.784100040000000149e+02 4.831434029999000020e+06 4.635481699830000289e+05
2.788999939999999924e+02 4.831434109985000454e+06 4.635479400020000176e+05
2.789200129999999831e+02 4.831434089995999821e+06 4.635478699950000155e+05
2.789500120000000152e+02 4.831434109985000454e+06 4.635478599849999882e+05
2.785299989999999752e+02 4.831433989989999682e+06 4.635477199709999841e+05
2.785100100000000225e+02 4.831433980011000298e+06 4.635476699830000289e+05
2.785799870000000169e+02 4.831434000000000000e+06 4.635476500239999732e+05
2.788999939999999924e+02 4.831433799987999722e+06 4.635477600100000273e+05
2.788800049999999828e+02 4.831433829986999743e+06 4.635477800290000159e+05
2.788999939999999924e+02 4.831433769988999702e+06 4.635477700199999963e+05
2.787999879999999848e+02 4.831433559998000041e+06 4.635477600100000273e+05
2.788999939999999924e+02 4.831433809998000041e+06 4.635477899779999861e+05
2.785000000000000000e+02 4.831433869994999841e+06 4.635476599730000016e+05
2.788999939999999924e+02 4.831434160004000179e+06 4.635478699950000155e+05
2.790199890000000096e+02 4.831434019988999702e+06 4.635478099979999824e+05
2.789700010000000248e+02 4.831434000000000000e+06 4.635478200070000021e+05
2.789599910000000023e+02 4.831433980011000298e+06 4.635478300169999711e+05
2.789800109999999904e+02 4.831433989989999682e+06 4.635478300169999711e+05
2.789899899999999775e+02 4.831434000000000000e+06 4.635477999880000134e+05
2.789700010000000248e+02 4.831433959990999661e+06 4.635478400269999984e+05
2.789299930000000245e+02 4.831433970000999980e+06 4.635478300169999711e+05
2.787500000000000000e+02 4.831433570007000118e+06 4.635476099849999882e+05
2.788699950000000172e+02 4.831433630005000159e+06 4.635477000119999866e+05
2.789299930000000245e+02 4.831433890014999546e+06 4.635478499760000268e+05
2.788900150000000053e+02 4.831433640014999546e+06 4.635476599730000016e+05
2.788299870000000169e+02 4.831433709990999661e+06 4.635477700199999963e+05
2.788800049999999828e+02 4.831433600006000139e+06 4.635476199950000155e+05
2.788699950000000172e+02 4.831433640014999546e+06 4.635477000119999866e+05
2.788500060000000076e+02 4.831433690001999959e+06 4.635477600100000273e+05
2.785499879999999848e+02 4.831433950012000278e+06 4.635477700199999963e+05
2.788200069999999755e+02 4.831433970000999980e+06 4.635479199830000289e+05
2.788399959999999851e+02 4.831433959990999661e+06 4.635479400020000176e+05
2.789500120000000152e+02 4.831434059998000041e+06 4.635479099730000016e+05
2.785400089999999977e+02 4.831434089995999821e+06 4.635476099849999882e+05
2.783500060000000076e+02 4.831433790009000339e+06 4.635481500239999732e+05
2.789400019999999927e+02 4.831433809998000041e+06 4.635478300169999711e+05
2.783999939999999924e+02 4.831433779999000020e+06 4.635476099849999882e+05
2.789599910000000023e+02 4.831433619994999841e+06 4.635477100220000139e+05
2.789899899999999775e+02 4.831433630005000159e+06 4.635477100220000139e+05
2.789299930000000245e+02 4.831433619994999841e+06 4.635477199709999841e+05
2.790100100000000225e+02 4.831433899993999861e+06 4.635478300169999711e+05
2.784500120000000152e+02 4.831433899993999861e+06 4.635477999880000134e+05
2.789700010000000248e+02 4.831434029999000020e+06 4.635478900150000118e+05
2.792799989999999752e+02 4.831434230011000298e+06 4.635478200070000021e+05
2.792600100000000225e+02 4.831434239989999682e+06 4.635477999880000134e+05
2.788800049999999828e+02 4.831434019988999702e+06 4.635479299929999979e+05
2.788399959999999851e+02 4.831433970000999980e+06 4.635479199830000289e+05
2.786199950000000172e+02 4.831434140014999546e+06 4.635476799929999979e+05
2.788699950000000172e+02 4.831433679992999882e+06 4.635477700199999963e+05
2.787099910000000023e+02 4.831433559998000041e+06 4.635476300049999845e+05
2.788999939999999924e+02 4.831433619994999841e+06 4.635476599730000016e+05
2.787600100000000225e+02 4.831433589995999821e+06 4.635477000119999866e+05
2.789400019999999927e+02 4.831433660004000179e+06 4.635477100220000139e+05
2.784200129999999831e+02 4.831433839995999821e+06 4.635476199950000155e+05
2.783299870000000169e+02 4.831433820007000118e+06 4.635476400150000118e+05
2.789500120000000152e+02 4.831433700012000278e+06 4.635477500000000000e+05
2.785400089999999977e+02 4.831434040009000339e+06 4.635476400150000118e+05
2.785400089999999977e+02 4.831434029999000020e+06 4.635476699830000289e+05
2.786199950000000172e+02 4.831434019988999702e+06 4.635476799929999979e+05
2.786199950000000172e+02 4.831434000000000000e+06 4.635477000119999866e+05
2.785499879999999848e+02 4.831433980011000298e+06 4.635477600100000273e+05
2.789400019999999927e+02 4.831434010010000318e+06 4.635478599849999882e+05
2.788200069999999755e+02 4.831433989989999682e+06 4.635479299929999979e+05
2.789200129999999831e+02 4.831434040009000339e+06 4.635478900150000118e+05
2.789299930000000245e+02 4.831434100006000139e+06 4.635479099730000016e+05
2.789100040000000149e+02 4.831434079986999743e+06 4.635479500119999866e+05
2.789400019999999927e+02 4.831433929992999882e+06 4.635478400269999984e+05
2.787999879999999848e+02 4.831433970000999980e+06 4.635479400020000176e+05
2.789500120000000152e+02 4.831434059998000041e+06 4.635478900150000118e+05
2.792699890000000096e+02 4.831434239989999682e+06 4.635478300169999711e+05
2.784200129999999831e+02 4.831434029999000020e+06 4.635481799929999979e+05
2.785299989999999752e+02 4.831434059998000041e+06 4.635476599730000016e+05
2.785400089999999977e+02 4.831434049987999722e+06 4.635476799929999979e+05
2.789299930000000245e+02 4.831434040009000339e+06 4.635479099730000016e+05
2.787699890000000096e+02 4.831433700012000278e+06 4.635477500000000000e+05
2.789500120000000152e+02 4.831434100006000139e+06 4.635478400269999984e+05
2.789800109999999904e+02 4.831433989989999682e+06 4.635478400269999984e+05
2.790100100000000225e+02 4.831433920013000257e+06 4.635477000119999866e+05
2.790100100000000225e+02 4.831433839995999821e+06 4.635478400269999984e+05
2.789599910000000023e+02 4.831433859985000454e+06 4.635478599849999882e+05
2.792900089999999977e+02 4.831434239989999682e+06 4.635478400269999984e+05
2.792900089999999977e+02 4.831434230011000298e+06 4.635478699950000155e+05
2.786499939999999924e+02 4.831434000000000000e+06 4.635476099849999882e+05
2.791700129999999831e+02 4.831433540009000339e+06 4.635484199830000289e+05
2.790199890000000096e+02 4.831433540009000339e+06 4.635484500119999866e+05
2.784299930000000245e+02 4.831433869994999841e+06 4.635482399899999727e+05
2.784400019999999927e+02 4.831433950012000278e+06 4.635482100220000139e+05
2.783999939999999924e+02 4.831433989989999682e+06 4.635482500000000000e+05
2.784299930000000245e+02 4.831434010010000318e+06 4.635482000119999866e+05
2.784400019999999927e+02 4.831434040009000339e+06 4.635482100220000139e+05
2.784400019999999927e+02 4.831433920013000257e+06 4.635482399899999727e+05
2.784400019999999927e+02 4.831433899993999861e+06 4.635482199709999841e+05
2.784100040000000149e+02 4.831433799987999722e+06 4.635482500000000000e+05
2.783699950000000172e+02 4.831434010010000318e+06 4.635482100220000139e+05
2.784400019999999927e+02 4.831433950012000278e+06 4.635482299800000037e+05
2.783999939999999924e+02 4.831434029999000020e+06 4.635482000119999866e+05
2.783699950000000172e+02 4.831433959990999661e+06 4.635482199709999841e+05
2.783699950000000172e+02 4.831433750000000000e+06 4.635482600100000273e+05
2.784400019999999927e+02 4.831433899993999861e+06 4.635482199709999841e+05
2.790400089999999977e+02 4.831433619994999841e+06 4.635484099730000016e+05
2.791000060000000076e+02 4.831433649993999861e+06 4.635484199830000289e+05
2.783900150000000053e+02 4.831433769988999702e+06 4.635482399899999727e+05
2.783900150000000053e+02 4.831433790009000339e+06 4.635482600100000273e+05
2.789700010000000248e+02 4.831433589995999821e+06 4.635484600220000139e+05
2.783900150000000053e+02 4.831433739989999682e+06 4.635482399899999727e+05
2.784200129999999831e+02 4.831433890014999546e+06 4.635482100220000139e+05
2.784400019999999927e+02 4.831433929992999882e+06 4.635482299800000037e+05
2.784599910000000023e+02 4.831433980011000298e+06 4.635481900020000176e+05
2.784400019999999927e+02 4.831433950012000278e+06 4.635482100220000139e+05
2.784100040000000149e+02 4.831433790009000339e+06 4.635482500000000000e+05
2.783999939999999924e+02 4.831433880005000159e+06 4.635482299800000037e+05
2.784100040000000149e+02 4.831433829986999743e+06 4.635482500000000000e+05
2.783800049999999828e+02 4.831433760010000318e+06 4.635482600100000273e+05
2.783800049999999828e+02 4.831433739989999682e+06 4.635482399899999727e+05
2.783699950000000172e+02 4.831433739989999682e+06 4.635482700199999963e+05
2.783699950000000172e+02 4.831433720000999980e+06 4.635482700199999963e+05
2.783800049999999828e+02 4.831433920013000257e+06 4.635482000119999866e+05
2.783800049999999828e+02 4.831433869994999841e+06 4.635482199709999841e+05
2.783900150000000053e+02 4.831433829986999743e+06 4.635482299800000037e+05
2.783299870000000169e+02 4.831433790009000339e+06 4.635482299800000037e+05
2.783299870000000169e+02 4.831433739989999682e+06 4.635482500000000000e+05
2.784599910000000023e+02 4.831433989989999682e+06 4.635481900020000176e+05
2.784299930000000245e+02 4.831433940001999959e+06 4.635482199709999841e+05
2.784299930000000245e+02 4.831433970000999980e+06 4.635482000119999866e+05
2.788500060000000076e+02 4.831433570007000118e+06 4.635484799800000037e+05
2.790100100000000225e+02 4.831433609985000454e+06 4.635484500119999866e+05
2.783599849999999947e+02 4.831433739989999682e+06 4.635482700199999963e+05
2.783599849999999947e+02 4.831433799987999722e+06 4.635482500000000000e+05
2.784200129999999831e+02 4.831433839995999821e+06 4.635482299800000037e+05
2.783900150000000053e+02 4.831433859985000454e+06 4.635482399899999727e+05
2.784299930000000245e+02 4.831433920013000257e+06 4.635482299800000037e+05
2.790799870000000169e+02 4.831433540009000339e+06 4.635484299929999979e+05
2.788999939999999924e+02 4.831433549987999722e+06 4.635484600220000139e+05
2.783399959999999851e+02 4.831433760010000318e+06 4.635482500000000000e+05
2.783399959999999851e+02 4.831433750000000000e+06 4.635482399899999727e+05
2.783399959999999851e+02 4.831433779999000020e+06 4.635482399899999727e+05
2.784200129999999831e+02 4.831433850006000139e+06 4.635482299800000037e+05
2.783599849999999947e+02 4.831433890014999546e+06 4.635482100220000139e+05
2.789899899999999775e+02 4.831433600006000139e+06 4.635484600220000139e+05
2.788699950000000172e+02 4.831433579986999743e+06 4.635484899899999727e+05
2.788999939999999924e+02 4.831433540009000339e+06 4.635484299929999979e+05
2.789400019999999927e+02 4.831433600006000139e+06 4.635484500119999866e+05
2.788200069999999755e+02 4.831433559998000041e+06 4.635484600220000139e+05
2.789299930000000245e+02 4.831433579986999743e+06 4.635484299929999979e+05
2.788800049999999828e+02 4.831433570007000118e+06 4.635484500119999866e+05
2.787900089999999977e+02 4.831433540009000339e+06 4.635484600220000139e+05
2.789200129999999831e+02 4.831433559998000041e+06 4.635484299929999979e+05
2.788900150000000053e+02 4.831433579986999743e+06 4.635484500119999866e+05
2.788099980000000073e+02 4.831433549987999722e+06 4.635484600220000139e+05
2.788999939999999924e+02 4.831433540009000339e+06 4.635484199830000289e+05
2.789500120000000152e+02 4.831433609985000454e+06 4.635484400020000176e+05
2.788099980000000073e+02 4.831433549987999722e+06 4.635484500119999866e+05
2.789299930000000245e+02 4.831433559998000041e+06 4.635484299929999979e+05
2.789400019999999927e+02 4.831433600006000139e+06 4.635484500119999866e+05
2.788500060000000076e+02 4.831433570007000118e+06 4.635484699709999841e+05
2.789599910000000023e+02 4.831433589995999821e+06 4.635484500119999866e+05
2.788999939999999924e+02 4.831433579986999743e+06 4.635484600220000139e+05
2.788399959999999851e+02 4.831433570007000118e+06 4.635484799800000037e+05
2.789100040000000149e+02 4.831433540009000339e+06 4.635484299929999979e+05
2.789400019999999927e+02 4.831433600006000139e+06 4.635484500119999866e+05
2.788500060000000076e+02 4.831433570007000118e+06 4.635484600220000139e+05
2.789299930000000245e+02 4.831433570007000118e+06 4.635484299929999979e+05
2.788999939999999924e+02 4.831433589995999821e+06 4.635484400020000176e+05
2.787799989999999752e+02 4.831433540009000339e+06 4.635484600220000139e+05
2.788999939999999924e+02 4.831433540009000339e+06 4.635484199830000289e+05
2.789299930000000245e+02 4.831433600006000139e+06 4.635484400020000176e+05
2.788399959999999851e+02 4.831433559998000041e+06 4.635484500119999866e+05
2.789500120000000152e+02 4.831433609985000454e+06 4.635484400020000176e+05
2.788200069999999755e+02 4.831433559998000041e+06 4.635484500119999866e+05
2.784599910000000023e+02 4.831434000000000000e+06 4.635482000119999866e+05
2.785100100000000225e+02 4.831434019988999702e+06 4.635482100220000139e+05
2.783999939999999924e+02 4.831433970000999980e+06 4.635481799929999979e+05
2.789800109999999904e+02 4.831433559998000041e+06 4.635484600220000139e+05
2.789800109999999904e+02 4.831433559998000041e+06 4.635484600220000139e+05
2.784100040000000149e+02 4.831433899993999861e+06 4.635482299800000037e+05
2.783900150000000053e+02 4.831433869994999841e+06 4.635482500000000000e+05
2.784599910000000023e+02 4.831434040009000339e+06 4.635481799929999979e+05
2.784299930000000245e+02 4.831433970000999980e+06 4.635482000119999866e+05
2.784400019999999927e+02 4.831433989989999682e+06 4.635482000119999866e+05
2.784299930000000245e+02 4.831433950012000278e+06 4.635482199709999841e+05
2.784299930000000245e+02 4.831433820007000118e+06 4.635482500000000000e+05
2.783599849999999947e+02 4.831433950012000278e+06 4.635481900020000176e+05
2.784200129999999831e+02 4.831433779999000020e+06 4.635482500000000000e+05
2.790199890000000096e+02 4.831433609985000454e+06 4.635484600220000139e+05
2.784200129999999831e+02 4.831433820007000118e+06 4.635482399899999727e+05
2.784200129999999831e+02 4.831433799987999722e+06 4.635482700199999963e+05
2.784500120000000152e+02 4.831433899993999861e+06 4.635482399899999727e+05
2.783800049999999828e+02 4.831433739989999682e+06 4.635482700199999963e+05
2.783699950000000172e+02 4.831433720000999980e+06 4.635482899779999861e+05
2.783900150000000053e+02 4.831433769988999702e+06 4.635482700199999963e+05
2.783999939999999924e+02 4.831433799987999722e+06 4.635482399899999727e+05
2.783999939999999924e+02 4.831433790009000339e+06 4.635482700199999963e+05
2.784200129999999831e+02 4.831433839995999821e+06 4.635482299800000037e+05
2.784100040000000149e+02 4.831433820007000118e+06 4.635482600100000273e+05
2.784299930000000245e+02 4.831433880005000159e+06 4.635482500000000000e+05
2.784500120000000152e+02 4.831433920013000257e+06 4.635482500000000000e+05
2.783399959999999851e+02 4.831433750000000000e+06 4.635482500000000000e+05
2.783800049999999828e+02 4.831433750000000000e+06 4.635482700199999963e+05
2.783999939999999924e+02 4.831433799987999722e+06 4.635482500000000000e+05
2.784100040000000149e+02 4.831433829986999743e+06 4.635482399899999727e+05
2.783999939999999924e+02 4.831433820007000118e+06 4.635482600100000273e+05
2.783900150000000053e+02 4.831433869994999841e+06 4.635482199709999841e+05
2.784299930000000245e+02 4.831433890014999546e+06 4.635482399899999727e+05
2.784400019999999927e+02 4.831433920013000257e+06 4.635482199709999841e+05
2.784299930000000245e+02 4.831433899993999861e+06 4.635482500000000000e+05
2.784800109999999904e+02 4.831433980011000298e+06 4.635482000119999866e+05
2.784599910000000023e+02 4.831433980011000298e+06 4.635482100220000139e+05
2.784500120000000152e+02 4.831433970000999980e+06 4.635482299800000037e+05
2.784700010000000248e+02 4.831434029999000020e+06 4.635482000119999866e+05
2.784700010000000248e+02 4.831434010010000318e+06 4.635482199709999841e+05
2.784299930000000245e+02 4.831434070007000118e+06 4.635481900020000176e+05
2.784500120000000152e+02 4.831433959990999661e+06 4.635482199709999841e+05
2.784400019999999927e+02 4.831433940001999959e+06 4.635482500000000000e+05
2.785000000000000000e+02 4.831434029999000020e+06 4.635482100220000139e+05
2.784200129999999831e+02 4.831433820007000118e+06 4.635482299800000037e+05
2.789899899999999775e+02 4.831433559998000041e+06 4.635484400020000176e+05
2.783800049999999828e+02 4.831433760010000318e+06 4.635482800290000159e+05
2.784100040000000149e+02 4.831433850006000139e+06 4.635482700199999963e+05
2.783399959999999851e+02 4.831433839995999821e+06 4.635482600100000273e+05
2.784500120000000152e+02 4.831433970000999980e+06 4.635482299800000037e+05
2.784400019999999927e+02 4.831433959990999661e+06 4.635482500000000000e+05
2.788599849999999947e+02 4.831433459990999661e+06 4.635485000000000000e+05
2.788999939999999924e+02 4.831433470000999980e+06 4.635485300290000159e+05
2.789500120000000152e+02 4.831433470000999980e+06 4.635484699709999841e+05
2.790299989999999752e+02 4.831433529999000020e+06 4.635485800169999711e+05
2.789700010000000248e+02 4.831433510010000318e+06 4.635485900269999984e+05
2.788599849999999947e+02 4.831433519988999702e+06 4.635485000000000000e+05
2.792399899999999775e+02 4.831433500000000000e+06 4.635484000239999732e+05
2.790299989999999752e+02 4.831433510010000318e+06 4.635484699709999841e+05
2.789800109999999904e+02 4.831433510010000318e+06 4.635484600220000139e+05
2.789800109999999904e+02 4.831433480011000298e+06 4.635484600220000139e+05
2.790000000000000000e+02 4.831433500000000000e+06 4.635484899899999727e+05
2.788900150000000053e+02 4.831433500000000000e+06 4.635485200199999963e+05
2.788599849999999947e+02 4.831433519988999702e+06 4.635485200199999963e+05
2.787900089999999977e+02 4.831433510010000318e+06 4.635485100100000273e+05
2.789299930000000245e+02 4.831433540009000339e+06 4.635484899899999727e+05
2.788299870000000169e+02 4.831433540009000339e+06 4.635485300290000159e+05
2.791600040000000149e+02 4.831433529999000020e+06 4.635484199830000289e+05
2.792300109999999904e+02 4.831433570007000118e+06 4.635485000000000000e+05
2.790799870000000169e+02 4.831433549987999722e+06 4.635484899899999727e+05
2.791300049999999828e+02 4.831433540009000339e+06 4.635485900269999984e+05
2.789700010000000248e+02 4.831433549987999722e+06 4.635485000000000000e+05
2.790199890000000096e+02 4.831433559998000041e+06 4.635485100100000273e+05
2.790100100000000225e+02 4.831433589995999821e+06 4.635484699709999841e+05
2.790700069999999755e+02 4.831433589995999821e+06 4.635484699709999841e+05
2.791799930000000245e+02 4.831433709990999661e+06 4.635485599979999824e+05
2.789800109999999904e+02 4.831433549987999722e+06 4.635484899899999727e+05
2.790100100000000225e+02 4.831433549987999722e+06 4.635484899899999727e+05
2.788900150000000053e+02 4.831433549987999722e+06 4.635485200199999963e+05
2.790000000000000000e+02 4.831433579986999743e+06 4.635484899899999727e+05
2.789500120000000152e+02 4.831433589995999821e+06 4.635485000000000000e+05
2.790000000000000000e+02 4.831433640014999546e+06 4.635484699709999841e+05
2.791199950000000172e+02 4.831433600006000139e+06 4.635484600220000139e+05
2.791300049999999828e+02 4.831433640014999546e+06 4.635484799800000037e+05
2.792300109999999904e+02 4.831433670013000257e+06 4.635484699709999841e+05
2.791900019999999927e+02 4.831433670013000257e+06 4.635484799800000037e+05
2.792399899999999775e+02 4.831433670013000257e+06 4.635484600220000139e+05
2.792099910000000023e+02 4.831433690001999959e+06 4.635484799800000037e+05
2.792200010000000248e+02 4.831433670013000257e+06 4.635484400020000176e+05
2.791700129999999831e+02 4.831433670013000257e+06 4.635484500119999866e+05
2.790899959999999851e+02 4.831433640014999546e+06 4.635484699709999841e+05
2.789800109999999904e+02 4.831433589995999821e+06 4.635484799800000037e+05
2.791499939999999924e+02 4.831433660004000179e+06 4.635484400020000176e+05
2.790700069999999755e+02 4.831433630005000159e+06 4.635484500119999866e+05
2.790299989999999752e+02 4.831433559998000041e+06 4.635484500119999866e+05
2.791000060000000076e+02 4.831433570007000118e+06 4.635484600220000139e+05
2.791700129999999831e+02 4.831433600006000139e+06 4.635484600220000139e+05
2.791300049999999828e+02 4.831433619994999841e+06 4.635484899899999727e+05
2.789599910000000023e+02 4.831433559998000041e+06 4.635484799800000037e+05
2.790199890000000096e+02 4.831433579986999743e+06 4.635484600220000139e+05
2.790700069999999755e+02 4.831433589995999821e+06 4.635485100100000273e+05
2.791900019999999927e+02 4.831433570007000118e+06 4.635484699709999841e+05
2.791099849999999947e+02 4.831433559998000041e+06 4.635484699709999841e+05
2.791900019999999927e+02 4.831433549987999722e+06 4.635484500119999866e+05
2.789500120000000152e+02 4.831433540009000339e+06 4.635484899899999727e+05
2.791000060000000076e+02 4.831433579986999743e+06 4.635484899899999727e+05
2.789100040000000149e+02 4.831433540009000339e+06 4.635485100100000273e+05
2.788800049999999828e+02 4.831433559998000041e+06 4.635485200199999963e+05
2.791600040000000149e+02 4.831433869994999841e+06 4.635479799800000037e+05
2.785100100000000225e+02 4.831434089995999821e+06 4.635476099849999882e+05
2.792699890000000096e+02 4.831434290009000339e+06 4.635477399899999727e+05
2.789400019999999927e+02 4.831434350006000139e+06 4.635480499880000134e+05
2.792500000000000000e+02 4.831434329986999743e+06 4.635476799929999979e+05
2.792799989999999752e+02 4.831434279999000020e+06 4.635479899899999727e+05
2.792399899999999775e+02 4.831434329986999743e+06 4.635480100100000273e+05
2.792900089999999977e+02 4.831434279999000020e+06 4.635477600100000273e+05
2.791499939999999924e+02 4.831433880005000159e+06 4.635478099979999824e+05
2.790499879999999848e+02 4.831433779999000020e+06 4.635477800290000159e+05
2.791300049999999828e+02 4.831433769988999702e+06 4.635477800290000159e+05
2.791099849999999947e+02 4.831433690001999959e+06 4.635477000119999866e+05
2.791099849999999947e+02 4.831433730011000298e+06 4.635478200070000021e+05
2.792500000000000000e+02 4.831434220000999980e+06 4.635476500239999732e+05
2.792900089999999977e+02 4.831434260010000318e+06 4.635477999880000134e+05
2.792099910000000023e+02 4.831434329986999743e+06 4.635480300290000159e+05
2.792999879999999848e+02 4.831434269988999702e+06 4.635477800290000159e+05
2.790100100000000225e+02 4.831433730011000298e+06 4.635477500000000000e+05
2.786099849999999947e+02 4.831434149993999861e+06 4.635476699830000289e+05
2.792699890000000096e+02 4.831434290009000339e+06 4.635477700199999963e+05
2.792500000000000000e+02 4.831434250000000000e+06 4.635477800290000159e+05
2.790599980000000073e+02 4.831433670013000257e+06 4.635477199709999841e+05
2.789200129999999831e+02 4.831434339995999821e+06 4.635480800169999711e+05
2.792900089999999977e+02 4.831434320007000118e+06 4.635479799800000037e+05
2.792600100000000225e+02 4.831434320007000118e+06 4.635480599979999824e+05
2.792999879999999848e+02 4.831434250000000000e+06 4.635477500000000000e+05
2.791099849999999947e+02 4.831433839995999821e+06 4.635478400269999984e+05
2.790599980000000073e+02 4.831433859985000454e+06 4.635478400269999984e+05
2.792999879999999848e+02 4.831434309998000041e+06 4.635477199709999841e+05
2.791199950000000172e+02 4.831434299987999722e+06 4.635483599849999882e+05
