463547.109985 4831430.059998 276.220001
463547.130005 4831430.049988 276.190002
463547.150024 4831429.940002 276.059998
463547.140015 4831429.929993 275.940002
463547.150024 4831429.980011 275.980011
463547.119995 4831430.029999 275.809998
463547.140015 4831429.950012 275.959991
463547.130005 4831429.950012 275.910004
463547.119995 4831429.959991 275.950012
463547.130005 4831429.980011 275.869995
463547.109985 4831429.959991 275.809998
463547.119995 4831429.980011 276.000000
463547.119995 4831430.000000 275.890015
463547.130005 4831430.019989 275.839996
463547.109985 4831429.989990 275.910004
463547.119995 4831430.010010 275.869995
463547.130005 4831429.980011 275.929993
463547.140015 4831430.000000 275.910004
463547.140015 4831429.970001 275.950012
463547.140015 4831429.959991 275.980011
463547.150024 4831429.980011 275.910004
463547.130005 4831429.980011 275.980011
463547.140015 4831430.000000 275.920013
463547.159973 4831429.959991 276.010010
463547.130005 4831429.989990 275.910004
463547.109985 4831430.010010 275.880005
463547.150024 4831429.989990 276.000000
463547.119995 4831429.959991 275.880005
463547.140015 4831429.940002 276.070007
463547.130005 4831429.940002 276.089996
463547.150024 4831429.959991 276.059998
463547.109985 4831430.000000 275.899994
463547.130005 4831430.010010 275.859985
463547.119995 4831429.929993 275.970001
463547.150024 4831429.929993 275.980011
463547.130005 4831429.940002 276.070007
463547.109985 4831429.929993 275.820007
463547.150024 4831430.029999 275.829987
463547.150024 4831429.989990 275.890015
463548.059998 4831430.269989 276.329987
463548.059998 4831430.279999 276.380005
463548.059998 4831430.269989 276.440002
463548.059998 4831430.269989 276.500000
463548.070007 4831430.279999 276.549988
463548.059998 4831430.269989 276.619995
463548.059998 4831430.269989 276.720001
463548.020020 4831430.269989 276.410004
463548.010010 4831430.260010 276.480011
463548.030029 4831430.290009 276.500000
463548.030029 4831430.279999 276.559998
463548.030029 4831430.279999 276.619995
463548.020020 4831430.269989 276.679993
463548.030029 4831430.269989 276.730011
463547.989990 4831430.309998 276.570007
463547.989990 4831430.320007 276.709991
463548.070007 4831430.250000 276.600006
463548.030029 4831430.239990 276.739990
463548.030029 4831430.260010 276.779999
463548.059998 4831430.250000 276.309998
463548.030029 4831430.220001 276.410004
463548.030029 4831430.239990 276.440002
463548.010010 4831430.250000 276.630005
463547.989990 4831430.250000 276.690002
463548.070007 4831430.250000 275.850006
463548.030029 4831430.239990 276.040009
463548.000000 4831430.250000 276.220001
463547.979980 4831430.290009 276.480011
463547.940002 4831430.299988 276.760010
463547.950012 4831430.299988 276.190002
463548.039978 4831430.220001 276.700012
463548.030029 4831430.230011 276.750000
463548.049988 4831430.250000 276.440002
463547.960022 4831430.260010 276.760010
463547.960022 4831430.279999 276.799988
463548.000000 4831430.190002 276.190002
463548.020020 4831430.220001 276.220001
463547.969971 4831430.239990 276.440002
463547.960022 4831430.260010 276.540009
463547.950012 4831430.320007 276.670013
463548.020020 4831430.220001 276.029999
463548.020020 4831430.239990 276.089996
463547.989990 4831430.239990 276.160004
463547.989990 4831430.260010 276.209991
463547.969971 4831430.250000 276.269989
463547.979980 4831430.290009 276.339996
463547.989990 4831430.220001 275.959991
463547.989990 4831430.239990 276.000000
463547.979980 4831430.239990 276.049988
463547.969971 4831430.250000 276.109985
463547.960022 4831430.269989 276.160004
463547.950012 4831430.279999 276.209991
463547.960022 4831430.299988 276.239990
463547.919983 4831430.279999 276.339996
463547.979980 4831430.239990 275.950012
463547.969971 4831430.260010 276.000000
463547.960022 4831430.269989 276.070007
463547.940002 4831430.269989 276.130005
463547.940002 4831430.290009 276.160004
463547.950012 4831430.269989 275.950012
463547.950012 4831430.290009 275.989990
463548.010010 4831430.380005 276.049988
463547.950012 4831430.320007 275.940002
463547.960022 4831430.380005 276.040009
463547.239990 4831429.929993 275.880005
463548.010010 4831430.290009 276.309998
463548.010010 4831430.269989 276.209991
463548.000000 4831430.260010 276.170013
463548.010010 4831430.250000 276.119995
463548.010010 4831430.239990 276.070007
463548.010010 4831430.239990 276.019989
463548.020020 4831430.230011 275.959991
463548.020020 4831430.230011 275.890015
463548.039978 4831430.239990 275.809998
463548.000000 4831430.290009 276.790009
463548.010010 4831430.290009 276.720001
463548.010010 4831430.290009 276.649994
463548.010010 4831430.269989 276.619995
463548.020020 4831430.269989 276.549988
463548.020020 4831430.260010 276.489990
463548.010010 4831430.239990 276.459991
463548.010010 4831430.239990 276.420013
463548.010010 4831430.230011 276.369995
463548.020020 4831430.220001 276.309998
463548.020020 4831430.209991 276.260010
463548.030029 4831430.209991 276.190002
463548.030029 4831430.209991 276.130005
463548.039978 4831430.200012 276.079987
463548.049988 4831430.200012 276.000000
463548.059998 4831430.200012 275.920013
463548.070007 4831430.200012 275.850006
463548.020020 4831430.250000 276.750000
463548.020020 4831430.230011 276.709991
463548.030029 4831430.230011 276.649994
463548.020020 4831430.220001 276.600006
463548.030029 4831430.220001 276.519989
463548.039978 4831430.209991 276.459991
463548.039978 4831430.200012 276.420013
463548.039978 4831430.200012 276.359985
463548.049988 4831430.200012 276.309998
463548.049988 4831430.190002 276.250000
463548.070007 4831430.190002 276.179993
463548.080017 4831430.190002 276.100006
463548.080017 4831430.179993 276.049988
463548.080017 4831430.170013 276.000000
463548.039978 4831430.200012 276.779999
463548.049988 4831430.200012 276.720001
463548.049988 4831430.200012 276.660004
463548.059998 4831430.190002 276.600006
463548.070007 4831430.200012 276.529999
463548.070007 4831430.190002 276.480011
463548.080017 4831430.190002 276.399994
463548.099976 4831430.190002 276.329987
463548.099976 4831430.179993 276.260010
463548.080017 4831430.179993 276.779999
463548.099976 4831430.200012 276.670013
463548.099976 4831430.190002 276.619995
463548.020020 4831430.250000 276.760010
463548.030029 4831430.279999 276.420013
463548.030029 4831430.250000 276.609985
463548.020020 4831430.230011 276.589996
463548.039978 4831430.269989 276.399994
463548.049988 4831430.239990 276.609985
463548.039978 4831430.230011 276.559998
463548.070007 4831430.230011 276.579987
463548.090027 4831430.209991 276.790009
463548.090027 4831430.220001 276.600006
463548.080017 4831430.200012 276.570007
463548.070007 4831430.209991 276.250000
463548.070007 4831430.239990 275.850006
463548.090027 4831430.209991 276.260010
463548.090027 4831430.209991 276.209991
463548.090027 4831430.220001 276.070007
463548.080017 4831430.220001 275.880005
463548.099976 4831430.200012 275.820007
463548.020020 4831430.320007 276.769989
463548.049988 4831430.279999 276.709991
463548.039978 4831430.260010 276.700012
463548.039978 4831430.290009 276.600006
463548.020020 4831430.239990 276.619995
463548.049988 4831430.290009 276.160004
463547.950012 4831430.279999 276.079987
463547.960022 4831430.290009 276.119995
463547.960022 4831430.290009 276.190002
463547.969971 4831430.279999 276.519989
463547.979980 4831430.290009 276.640015
463547.979980 4831430.290009 276.739990
463547.929993 4831430.359985 276.339996
463547.929993 4831430.359985 276.410004
463547.929993 4831430.339996 276.609985
463547.940002 4831430.350006 276.670013
463547.940002 4831430.339996 276.769989
463548.030029 4831430.260010 276.489990
463548.020020 4831430.260010 276.559998
463548.010010 4831430.269989 276.640015
463548.000000 4831430.269989 276.720001
463548.039978 4831430.290009 276.059998
463547.979980 4831430.269989 276.339996
463547.960022 4831430.269989 276.459991
463547.960022 4831430.269989 276.529999
463547.950012 4831430.279999 276.619995
463547.940002 4831430.290009 276.700012
463547.940002 4831430.299988 276.750000
463547.969971 4831430.279999 275.929993
463547.950012 4831430.279999 276.029999
463547.940002 4831430.290009 276.119995
463547.940002 4831430.299988 276.200012
463547.929993 4831430.309998 276.260010
463547.929993 4831430.320007 276.320007
463547.929993 4831430.329987 276.380005
463547.929993 4831430.339996 276.420013
463547.929993 4831430.359985 276.459991
463547.940002 4831430.369995 276.500000
463547.950012 4831430.399994 276.500000
463547.950012 4831430.359985 275.809998
463547.940002 4831430.369995 275.910004
463547.950012 4831430.390015 275.920013
463547.979980 4831430.429993 275.859985
463547.960022 4831430.420013 276.010010
463547.940002 4831430.309998 276.040009
463547.929993 4831430.339996 276.089996
463547.919983 4831430.320007 276.089996
463547.929993 4831430.290009 276.390015
463547.960022 4831430.250000 276.559998
463547.179993 4831429.940002 275.940002
463547.960022 4831430.269989 276.790009
463547.940002 4831430.269989 276.279999
463548.000000 4831430.239990 276.799988
463547.989990 4831430.239990 276.609985
463548.080017 4831430.279999 276.799988
463548.059998 4831430.260010 276.619995
463548.039978 4831430.239990 276.570007
463548.020020 4831430.239990 276.119995
463547.159973 4831429.989990 275.829987
463548.099976 4831430.290009 276.570007
463548.070007 4831430.279999 276.519989
463548.030029 4831430.260010 276.369995
463547.969971 4831430.260010 276.130005
463548.080017 4831430.339996 276.079987
463548.080017 4831430.290009 276.190002
463548.059998 4831430.260010 276.190002
463548.010010 4831430.250000 276.000000
463548.080017 4831430.260010 275.920013
463548.039978 4831430.299988 276.589996
463548.049988 4831430.320007 276.510010
463548.039978 4831430.329987 276.390015
463548.049988 4831430.339996 276.290009
463548.039978 4831430.350006 276.170013
463548.039978 4831430.369995 276.029999
463548.049988 4831430.380005 275.959991
463548.030029 4831430.390015 276.440002
463548.020020 4831430.399994 276.269989
463548.020020 4831430.410004 276.140015
463548.010010 4831430.420013 275.970001
463548.010010 4831430.429993 275.899994
463547.989990 4831430.410004 276.510010
463547.979980 4831430.420013 276.339996
463547.960022 4831430.420013 276.070007
463547.960022 4831430.440002 275.940002
463547.919983 4831430.420013 276.089996
463547.900024 4831430.329987 276.769989
463547.940002 4831430.399994 276.750000
463547.960022 4831430.429993 276.730011
463547.900024 4831430.309998 276.579987
463547.900024 4831430.350006 276.630005
463547.909973 4831430.390015 276.660004
463547.929993 4831430.410004 276.640015
463547.960022 4831430.420013 276.579987
463547.989990 4831430.420013 276.480011
463547.900024 4831430.320007 276.519989
463547.900024 4831430.359985 276.579987
463547.909973 4831430.390015 276.589996
463547.919983 4831430.410004 276.570007
463547.950012 4831430.420013 276.529999
463547.969971 4831430.429993 276.470001
463547.890015 4831430.320007 276.420013
463547.900024 4831430.350006 276.429993
463547.909973 4831430.390015 276.459991
463547.929993 4831430.410004 276.450012
463547.950012 4831430.420013 276.420013
463547.979980 4831430.420013 276.329987
463547.890015 4831430.329987 276.489990
463547.890015 4831430.369995 276.529999
463547.909973 4831430.390015 276.540009
463547.919983 4831430.410004 276.519989
463547.950012 4831430.429993 276.470001
463547.979980 4831430.429993 276.399994
463547.900024 4831430.339996 276.500000
463547.909973 4831430.369995 276.529999
463547.919983 4831430.399994 276.529999
463547.940002 4831430.410004 276.500000
463547.960022 4831430.420013 276.459991
463547.989990 4831430.420013 276.339996
463547.900024 4831430.320007 276.549988
463547.900024 4831430.369995 276.619995
463547.909973 4831430.399994 276.619995
463547.929993 4831430.410004 276.589996
463547.960022 4831430.420013 276.519989
463547.979980 4831430.429993 276.470001
463547.900024 4831430.339996 276.579987
463547.900024 4831430.369995 276.600006
463547.919983 4831430.399994 276.600006
463547.940002 4831430.410004 276.559998
463547.969971 4831430.420013 276.500000
463547.869995 4831430.329987 276.730011
463547.890015 4831430.350006 276.709991
463547.900024 4831430.380005 276.720001
463547.919983 4831430.410004 276.720001
463547.940002 4831430.410004 276.670013
463547.960022 4831430.420013 276.619995
463548.000000 4831430.410004 276.489990
463547.890015 4831430.320007 276.609985
463547.900024 4831430.359985 276.649994
463547.909973 4831430.390015 276.679993
463547.929993 4831430.410004 276.640015
463547.960022 4831430.429993 276.579987
463547.989990 4831430.420013 276.480011
463547.890015 4831430.359985 276.570007
463547.900024 4831430.390015 276.589996
463547.919983 4831430.410004 276.570007
463547.940002 4831430.420013 276.519989
463547.969971 4831430.429993 276.450012
463547.950012 4831430.420013 276.209991
463547.979980 4831430.420013 276.130005
463547.890015 4831430.359985 276.019989
463547.890015 4831430.410004 276.100006
463547.919983 4831430.410004 276.010010
463547.940002 4831430.420013 275.980011
463547.969971 4831430.429993 275.899994
463547.989990 4831430.440002 275.859985
463547.969971 4831430.390015 275.920013
463547.950012 4831430.380005 276.029999
463547.940002 4831430.369995 276.079987
463547.929993 4831430.359985 276.119995
463547.919983 4831430.350006 276.179993
463547.900024 4831430.350006 276.239990
463547.890015 4831430.350006 276.309998
463548.039978 4831430.350006 276.000000
463548.030029 4831430.359985 276.070007
463548.020020 4831430.350006 276.130005
463548.000000 4831430.369995 276.299988
463547.989990 4831430.359985 276.339996
463547.979980 4831430.380005 276.519989
463547.950012 4831430.390015 276.739990
463547.929993 4831430.369995 276.779999
463548.039978 4831430.329987 276.540009
463548.030029 4831430.350006 276.649994
463548.030029 4831430.369995 276.779999
463548.070007 4831430.299988 276.799988
463547.940002 4831430.399994 276.279999
463547.919983 4831430.369995 276.279999
463547.950012 4831430.390015 276.540009
463547.969971 4831430.420013 275.859985
463547.960022 4831430.410004 275.940002
463547.960022 4831430.399994 276.000000
463547.960022 4831430.399994 276.059998
463547.960022 4831430.390015 276.109985
463547.979980 4831430.410004 276.239990
463547.969971 4831430.399994 276.299988
463547.969971 4831430.390015 276.359985
463547.979980 4831430.399994 276.480011
463547.979980 4831430.390015 276.529999
463548.000000 4831430.410004 275.920013
463548.000000 4831430.399994 275.989990
463548.000000 4831430.390015 276.059998
463548.010010 4831430.399994 276.260010
463548.010010 4831430.390015 276.309998
463548.010010 4831430.380005 276.380005
463548.010010 4831430.380005 276.459991
463548.010010 4831430.380005 276.519989
463548.039978 4831430.390015 275.940002
463548.049988 4831430.380005 276.250000
463548.039978 4831430.369995 276.299988
463548.039978 4831430.359985 276.380005
463548.049988 4831430.359985 276.570007
463548.049988 4831430.329987 276.000000
463548.039978 4831430.299988 276.140015
463548.059998 4831430.320007 276.290009
463548.049988 4831430.309998 276.339996
463547.969971 4831430.390015 276.510010
463548.030029 4831430.390015 276.190002
463548.049988 4831430.359985 276.390015
463548.049988 4831430.350006 276.450012
463548.059998 4831430.329987 276.510010
463548.049988 4831430.320007 276.549988
463548.039978 4831430.290009 276.559998
463548.049988 4831430.390015 275.970001
463548.059998 4831430.369995 276.109985
463548.059998 4831430.350006 276.160004
463548.059998 4831430.320007 276.279999
463548.049988 4831430.299988 276.290009
463548.039978 4831430.279999 276.309998
463548.059998 4831430.320007 275.929993
463548.059998 4831430.299988 275.980011
463548.059998 4831430.290009 276.029999
463548.049988 4831430.339996 276.450012
463548.000000 4831430.410004 276.369995
463548.010010 4831430.420013 276.329987
463548.000000 4831430.410004 276.250000
463548.010010 4831430.429993 275.920013
463548.039978 4831430.359985 276.500000
463548.049988 4831430.329987 276.279999
463548.070007 4831430.350006 276.260010
463548.030029 4831430.329987 276.290009
463548.039978 4831430.350006 276.269989
463548.049988 4831430.339996 276.190002
463548.020020 4831430.390015 276.470001
463548.030029 4831430.380005 276.329987
463548.030029 4831430.380005 276.269989
463548.039978 4831430.380005 276.220001
463548.000000 4831430.410004 276.589996
463548.020020 4831430.380005 276.350006
463548.030029 4831430.390015 276.299988
463548.030029 4831430.380005 276.220001
463547.989990 4831430.410004 276.600006
463548.000000 4831430.399994 276.519989
463548.010010 4831430.410004 276.470001
463548.010010 4831430.380005 276.339996
463548.020020 4831430.390015 276.299988
463548.030029 4831430.390015 276.239990
463548.010010 4831430.399994 276.600006
463548.020020 4831430.380005 276.459991
463548.020020 4831430.359985 276.320007
463548.030029 4831430.359985 276.269989
463548.039978 4831430.350006 276.190002
463548.020020 4831430.399994 276.350006
463548.020020 4831430.390015 276.279999
463548.020020 4831430.380005 276.209991
463547.979980 4831430.410004 276.480011
463548.000000 4831430.410004 276.350006
463548.000000 4831430.410004 276.299988
463548.010010 4831430.410004 276.260010
463547.929993 4831430.399994 276.519989
463547.950012 4831430.390015 276.359985
463547.969971 4831430.410004 276.279999
463547.989990 4831430.420013 276.239990
463547.909973 4831430.390015 276.339996
463547.919983 4831430.390015 276.299988
463547.940002 4831430.420013 276.279999
463547.940002 4831430.420013 276.230011
463548.030029 4831430.369995 276.750000
463548.049988 4831430.359985 276.459991
463547.969971 4831430.429993 276.700012
463547.979980 4831430.420013 276.649994
463547.909973 4831430.420013 276.709991
463547.929993 4831430.399994 276.630005
463547.940002 4831430.410004 276.589996
463547.909973 4831430.390015 276.549988
463547.929993 4831430.429993 276.559998
463547.940002 4831430.420013 276.500000
463547.900024 4831430.399994 276.559998
463547.919983 4831430.380005 276.489990
463547.940002 4831430.429993 276.500000
463547.900024 4831430.390015 276.579987
463547.909973 4831430.399994 276.540009
463547.929993 4831430.399994 276.489990
463547.890015 4831430.390015 276.529999
463547.909973 4831430.390015 276.480011
463547.929993 4831430.429993 276.470001
463547.950012 4831430.450012 276.399994
463547.989990 4831430.429993 276.230011
463547.960022 4831430.420013 276.160004
463547.979980 4831430.429993 276.130005
463548.010010 4831430.429993 276.019989
463548.020020 4831430.410004 275.950012
463547.960022 4831430.429993 276.109985
463547.979980 4831430.420013 276.049988
463547.989990 4831430.440002 276.029999
463548.010010 4831430.420013 275.959991
463548.020020 4831430.429993 275.920013
463547.900024 4831430.369995 276.290009
463547.960022 4831430.450012 276.179993
463547.969971 4831430.429993 276.109985
463547.989990 4831430.429993 276.059998
463548.020020 4831430.420013 275.950012
463547.890015 4831430.380005 276.250000
463547.950012 4831430.420013 276.109985
463547.960022 4831430.429993 276.079987
463547.979980 4831430.440002 276.040009
463547.989990 4831430.420013 275.970001
463548.010010 4831430.429993 275.929993
463547.940002 4831430.440002 276.109985
463547.950012 4831430.440002 276.040009
463547.969971 4831430.450012 276.010010
463547.979980 4831430.440002 275.940002
463548.000000 4831430.440002 275.890015
463547.909973 4831430.399994 276.029999
463547.929993 4831430.429993 276.029999
463547.950012 4831430.440002 275.940002
463547.900024 4831430.410004 276.049988
463547.919983 4831430.429993 276.029999
463547.950012 4831430.440002 275.940002
463547.929993 4831430.420013 275.899994
463547.950012 4831430.450012 275.890015
463547.909973 4831430.399994 275.890015
463547.929993 4831430.440002 275.890015
463547.890015 4831430.410004 275.899994
463547.909973 4831430.440002 275.880005
463547.900024 4831430.390015 275.910004
463547.909973 4831430.420013 275.899994
463547.929993 4831430.459991 275.910004
463547.169983 4831429.959991 276.010010
463547.929993 4831430.420013 275.899994
463547.900024 4831430.390015 276.029999
463547.900024 4831430.399994 276.100006
463547.969971 4831430.410004 275.839996
463547.969971 4831430.420013 275.899994
463547.960022 4831430.420013 275.959991
463547.940002 4831430.390015 276.029999
463547.940002 4831430.399994 276.089996
463547.940002 4831430.420013 276.209991
463547.909973 4831430.380005 276.269989
463547.900024 4831430.369995 276.309998
463547.900024 4831430.369995 276.380005
463547.890015 4831430.369995 276.429993
463548.010010 4831430.410004 275.920013
463548.010010 4831430.420013 275.989990
463547.989990 4831430.420013 276.209991
463547.969971 4831430.399994 276.250000
463547.969971 4831430.410004 276.350006
463547.960022 4831430.399994 276.390015
463547.960022 4831430.410004 276.450012
463547.950012 4831430.390015 276.489990
463547.940002 4831430.390015 276.540009
463547.940002 4831430.399994 276.609985
463547.929993 4831430.380005 276.640015
463548.039978 4831430.380005 275.980011
463548.000000 4831430.380005 276.279999
463548.000000 4831430.390015 276.350006
463547.989990 4831430.380005 276.410004
463547.989990 4831430.390015 276.470001
463547.989990 4831430.390015 276.519989
463547.979980 4831430.390015 276.559998
463547.979980 4831430.399994 276.630005
463547.969971 4831430.380005 276.660004
463548.030029 4831430.350006 276.309998
463548.020020 4831430.350006 276.359985
463548.020020 4831430.350006 276.420013
463548.010010 4831430.359985 276.470001
463548.010010 4831430.359985 276.529999
463548.010010 4831430.369995 276.600006
463548.000000 4831430.380005 276.660004
463548.000000 4831430.380005 276.730011
463548.030029 4831430.329987 276.510010
463548.030029 4831430.320007 276.549988
463548.030029 4831430.350006 276.630005
463548.030029 4831430.350006 276.690002
463548.030029 4831430.369995 276.769989
463547.940002 4831430.429993 275.929993
463547.929993 4831430.410004 276.119995
463547.929993 4831430.399994 276.170013
463547.940002 4831430.410004 276.230011
463547.940002 4831430.410004 276.290009
463547.950012 4831430.410004 276.350006
463547.950012 4831430.410004 276.420013
463547.969971 4831430.429993 276.500000
463547.969971 4831430.420013 276.769989
463548.020020 4831430.440002 275.839996
463548.010010 4831430.410004 275.920013
463548.010010 4831430.410004 275.980011
463548.020020 4831430.420013 276.049988
463548.010010 4831430.410004 276.149994
463548.000000 4831430.390015 276.200012
463548.010010 4831430.399994 276.269989
463548.020020 4831430.399994 276.320007
463548.010010 4831430.399994 276.369995
463548.010010 4831430.390015 276.470001
463548.010010 4831430.380005 276.519989
463548.039978 4831430.350006 276.200012
463548.049988 4831430.359985 276.279999
463548.039978 4831430.350006 276.320007
463548.059998 4831430.359985 276.399994
463548.049988 4831430.350006 276.450012
463548.039978 4831430.329987 276.529999
463548.039978 4831430.329987 276.579987
463548.039978 4831430.320007 276.619995
463547.940002 4831430.420013 276.329987
463547.950012 4831430.420013 276.380005
463547.989990 4831430.420013 276.579987
463548.030029 4831430.309998 276.480011
463548.020020 4831430.399994 276.019989
463548.010010 4831430.440002 275.850006
463548.030029 4831430.320007 276.609985
463548.039978 4831430.339996 276.730011
463548.020020 4831430.290009 276.529999
463548.030029 4831430.309998 276.799988
463548.010010 4831430.299988 276.500000
463548.030029 4831430.299988 276.730011
463548.030029 4831430.329987 276.790009
463548.020020 4831430.299988 276.540009
463548.030029 4831430.320007 276.600006
463548.030029 4831430.329987 276.700012
463548.030029 4831430.299988 276.459991
463548.039978 4831430.320007 276.670013
463548.039978 4831430.339996 276.769989
463548.010010 4831430.420013 275.910004
463548.049988 4831430.329987 275.959991
463548.049988 4831430.359985 275.950012
463548.010010 4831430.399994 275.989990
463548.000000 4831430.440002 275.839996
463548.010010 4831430.279999 276.470001
463548.010010 4831430.299988 276.529999
463547.919983 4831430.290009 276.600006
463547.909973 4831430.309998 276.670013
463547.909973 4831430.329987 276.690002
463547.900024 4831430.350006 276.739990
463547.909973 4831430.299988 276.040009
463547.900024 4831430.320007 276.140015
463547.890015 4831430.350006 276.149994
463547.890015 4831430.380005 276.179993
463547.909973 4831430.359985 276.649994
463547.929993 4831430.399994 276.570007
463547.890015 4831430.299988 276.399994
463547.890015 4831430.329987 276.399994
463547.900024 4831430.369995 276.350006
463547.919983 4831430.290009 275.880005
463547.880005 4831430.309998 276.029999
463547.880005 4831430.339996 276.019989
463547.900024 4831430.369995 275.940002
463547.880005 4831430.309998 276.790009
463547.880005 4831430.309998 276.739990
463547.869995 4831430.290009 276.390015
463547.859985 4831430.290009 276.339996
463547.880005 4831430.260010 276.100006
463547.849976 4831430.279999 276.070007
463547.849976 4831430.239990 276.769989
463547.859985 4831430.230011 276.420013
463547.869995 4831430.230011 276.359985
463547.869995 4831430.239990 276.309998
463547.859985 4831430.239990 276.260010
463547.869995 4831430.239990 276.190002
463547.880005 4831430.220001 276.649994
463547.950012 4831430.359985 275.970001
463547.929993 4831430.350006 276.279999
463547.940002 4831430.339996 276.329987
463547.919983 4831430.350006 276.589996
463547.989990 4831430.399994 276.070007
463548.000000 4831430.390015 276.109985
463547.909973 4831430.350006 276.769989
463547.929993 4831430.320007 276.559998
463547.919983 4831430.350006 276.649994
463547.919983 4831430.369995 276.720001
463547.919983 4831430.390015 276.790009
463547.890015 4831430.299988 276.149994
463547.940002 4831430.380005 276.549988
463547.960022 4831430.380005 276.600006
463547.989990 4831430.390015 276.709991
463547.909973 4831430.339996 276.059998
463547.919983 4831430.350006 276.130005
463547.929993 4831430.359985 276.190002
463547.929993 4831430.369995 276.239990
463547.960022 4831430.399994 276.410004
463547.969971 4831430.399994 276.459991
463547.979980 4831430.410004 276.510010
463548.010010 4831430.390015 276.510010
463547.919983 4831430.369995 275.950012
463547.940002 4831430.399994 276.070007
463547.950012 4831430.399994 276.109985
463547.969971 4831430.399994 276.160004
463547.989990 4831430.390015 276.190002
463547.940002 4831430.410004 275.959991
463547.960022 4831430.410004 276.010010
463547.979980 4831430.399994 276.040009
463547.989990 4831430.399994 276.070007
463548.020020 4831430.390015 276.089996
463547.969971 4831430.410004 275.980011
463547.989990 4831430.410004 276.019989
463548.030029 4831430.399994 276.079987
463548.000000 4831430.429993 275.820007
463548.000000 4831430.369995 276.480011
463547.909973 4831430.359985 275.959991
463547.929993 4831430.279999 276.739990
463547.919983 4831430.290009 276.690002
463547.919983 4831430.309998 276.429993
463547.960022 4831430.209991 276.470001
463547.929993 4831430.230011 276.450012
463547.940002 4831430.260010 276.779999
463547.940002 4831430.269989 276.730011
463547.960022 4831430.299988 276.570007
463547.940002 4831430.220001 276.540009
463547.929993 4831430.230011 276.500000
463547.929993 4831430.250000 276.459991
463547.919983 4831430.260010 276.410004
463547.929993 4831430.269989 276.350006
463547.929993 4831430.290009 276.279999
463547.950012 4831430.299988 276.179993
463547.929993 4831430.239990 276.089996
463547.940002 4831430.250000 276.019989
463547.929993 4831430.269989 275.989990
463547.960022 4831430.209991 275.880005
463547.979980 4831430.279999 276.250000
463547.929993 4831430.380005 276.100006
463547.929993 4831430.359985 276.269989
463547.929993 4831430.350006 276.380005
463547.940002 4831430.339996 276.459991
463547.940002 4831430.329987 276.540009
463547.960022 4831430.320007 276.600006
463547.989990 4831430.299988 276.540009
463547.969971 4831430.429993 275.899994
463547.950012 4831430.410004 276.130005
463547.950012 4831430.399994 276.269989
463547.940002 4831430.390015 276.440002
463547.929993 4831430.369995 276.619995
463547.940002 4831430.359985 276.739990
463548.000000 4831430.429993 276.329987
463547.950012 4831430.410004 276.730011
463547.909973 4831430.339996 276.779999
463547.929993 4831430.350006 276.570007
463547.929993 4831430.369995 276.279999
463547.940002 4831430.380005 276.429993
463547.950012 4831430.390015 276.579987
463547.159973 4831429.980011 276.010010
463547.929993 4831430.399994 275.950012
463547.960022 4831430.420013 276.049988
463547.979980 4831430.440002 275.959991
463547.979980 4831430.410004 276.480011
463548.039978 4831430.299988 276.700012
463548.010010 4831430.239990 276.100006
463547.979980 4831430.239990 276.160004
463547.960022 4831430.239990 276.209991
463547.929993 4831430.250000 276.220001
463547.909973 4831430.290009 276.130005
463547.190002 4831429.959991 275.989990
463548.070007 4831430.309998 276.609985
463548.059998 4831430.369995 276.279999
463548.070007 4831430.359985 276.230011
463548.080017 4831430.339996 276.109985
463548.090027 4831430.320007 275.980011
463548.039978 4831430.279999 276.720001
463548.080017 4831430.320007 276.660004
463548.080017 4831430.329987 276.440002
463548.070007 4831430.320007 276.359985
463548.030029 4831430.269989 276.140015
463548.070007 4831430.339996 276.130005
463548.090027 4831430.320007 276.089996
463547.960022 4831430.470001 275.829987
463548.039978 4831430.380005 276.799988
463548.030029 4831430.390015 276.640015
463548.020020 4831430.450012 275.829987
463547.989990 4831430.429993 276.450012
463548.059998 4831430.350006 276.739990
463548.030029 4831430.429993 276.779999
463548.010010 4831430.410004 276.500000
463548.049988 4831430.350006 276.760010
463548.059998 4831430.350006 276.709991
463548.030029 4831430.390015 276.529999
463548.010010 4831430.410004 276.609985
463548.020020 4831430.410004 276.559998
463548.010010 4831430.410004 276.540009
463548.010010 4831430.410004 276.500000
463548.039978 4831430.410004 276.220001
463548.020020 4831430.410004 276.559998
463548.000000 4831430.420013 276.579987
463548.000000 4831430.420013 276.529999
463548.010010 4831430.429993 276.489990
463547.979980 4831430.440002 276.570007
463548.000000 4831430.450012 276.459991
463548.049988 4831430.399994 276.730011
463547.989990 4831430.440002 276.769989
463548.000000 4831430.420013 276.690002
463548.020020 4831430.420013 276.500000
463548.000000 4831430.440002 276.029999
463547.979980 4831430.429993 276.739990
463548.020020 4831430.410004 276.440002
463548.030029 4831430.399994 276.600006
463548.020020 4831430.390015 276.709991
463548.090027 4831430.420013 276.239990
463547.989990 4831430.440002 276.480011
463548.010010 4831430.420013 276.649994
463548.049988 4831430.459991 276.380005
463548.000000 4831430.459991 275.829987
463548.030029 4831430.450012 275.829987
463548.020020 4831430.459991 275.839996
463548.030029 4831430.450012 275.839996
463548.059998 4831430.440002 275.910004
463548.070007 4831430.339996 276.760010
463548.049988 4831430.399994 276.070007
463548.059998 4831430.390015 276.000000
463548.090027 4831430.339996 276.760010
463548.099976 4831430.309998 276.649994
463548.030029 4831430.410004 276.619995
463548.070007 4831430.369995 276.540009
463548.070007 4831430.350006 276.470001
463548.070007 4831430.380005 276.279999
463548.070007 4831430.369995 276.239990
463548.080017 4831430.350006 276.209991
463548.030029 4831430.429993 276.059998
463548.039978 4831430.410004 276.029999
463548.070007 4831430.399994 276.000000
463548.080017 4831430.380005 275.980011
463548.030029 4831430.470001 275.809998
463548.030029 4831430.480011 275.809998
463548.039978 4831430.519989 275.820007
463548.099976 4831430.549988 275.920013
463548.070007 4831430.519989 275.890015
463548.090027 4831430.559998 275.920013
463548.000000 4831430.470001 275.839996
463548.049988 4831430.470001 275.829987
463548.099976 4831430.510010 275.950012
463548.030029 4831430.470001 275.820007
463548.030029 4831430.480011 275.809998
463548.059998 4831430.470001 275.850006
463548.099976 4831430.540009 276.019989
463548.099976 4831430.480011 275.959991
463548.099976 4831430.559998 276.000000
463548.080017 4831430.470001 276.040009
463548.059998 4831430.480011 275.910004
463548.059998 4831430.470001 275.809998
463548.099976 4831430.500000 275.950012
