2.696000060000000076e+02 4.831430320007000118e+06 4.635476799929999979e+05
2.696400150000000053e+02 4.831430339995999821e+06 4.635476799929999979e+05
2.697699890000000096e+02 4.831430420013000257e+06 4.635476699830000289e+05
2.695899959999999851e+02 4.831430250000000000e+06 4.635477800290000159e+05
2.695700069999999755e+02 4.831430239989999682e+06 4.635478099979999824e+05
2.702699890000000096e+02 4.831430190001999959e+06 4.635477100220000139e+05
2.693399959999999851e+02 4.831430369994999841e+06 4.635479099730000016e+05
2.693500060000000076e+02 4.831430339995999821e+06 4.635478900150000118e+05
2.700599980000000073e+02 4.831430420013000257e+06 4.635478300169999711e+05
2.700700069999999755e+02 4.831430410004000179e+06 4.635478400269999984e+05
2.700700069999999755e+02 4.831430279999000020e+06 4.635478699950000155e+05
2.701000060000000076e+02 4.831430359985000454e+06 4.635478599849999882e+05
2.701400150000000053e+02 4.831430420013000257e+06 4.635478200070000021e+05
2.701799930000000245e+02 4.831430410004000179e+06 4.635478099979999824e+05
2.702500000000000000e+02 4.831430399993999861e+06 4.635477899779999861e+05
2.702999879999999848e+02 4.831430399993999861e+06 4.635477800290000159e+05
2.702900089999999977e+02 4.831430420013000257e+06 4.635476099849999882e+05
2.702200010000000248e+02 4.831430420013000257e+06 4.635478099979999824e+05
2.702799989999999752e+02 4.831430410004000179e+06 4.635478099979999824e+05
2.701199950000000172e+02 4.831430399993999861e+06 4.635478400269999984e+05
2.701799930000000245e+02 4.831430399993999861e+06 4.635478400269999984e+05
2.702399899999999775e+02 4.831430380005000159e+06 4.635478300169999711e+05
2.702999879999999848e+02 4.831430380005000159e+06 4.635478300169999711e+05
2.701600040000000149e+02 4.831430350006000139e+06 4.635478499760000268e+05
2.702300109999999904e+02 4.831430339995999821e+06 4.635478499760000268e+05
2.701000060000000076e+02 4.831430260010000318e+06 4.635478599849999882e+05
2.702399899999999775e+02 4.831430250000000000e+06 4.635478499760000268e+05
2.702099910000000023e+02 4.831430420013000257e+06 4.635478099979999824e+05
2.701000060000000076e+02 4.831430410004000179e+06 4.635478400269999984e+05
2.701700129999999831e+02 4.831430269988999702e+06 4.635478499760000268e+05
2.696900019999999927e+02 4.831430420013000257e+06 4.635478800049999845e+05
2.700000000000000000e+02 4.831430420013000257e+06 4.635478400269999984e+05
2.699200129999999831e+02 4.831430399993999861e+06 4.635478699950000155e+05
2.699800109999999904e+02 4.831430390014999546e+06 4.635478699950000155e+05
2.700299989999999752e+02 4.831430369994999841e+06 4.635478599849999882e+05
2.693500060000000076e+02 4.831430380005000159e+06 4.635479000239999732e+05
2.698699950000000172e+02 4.831430329986999743e+06 4.635478900150000118e+05
2.698999939999999924e+02 4.831430309998000041e+06 4.635478800049999845e+05
2.699299930000000245e+02 4.831430290009000339e+06 4.635478699950000155e+05
2.699800109999999904e+02 4.831430279999000020e+06 4.635478699950000155e+05
2.700000000000000000e+02 4.831430410004000179e+06 4.635478599849999882e+05
2.700299989999999752e+02 4.831430350006000139e+06 4.635478699950000155e+05
2.700700069999999755e+02 4.831430399993999861e+06 4.635478400269999984e+05
2.700499879999999848e+02 4.831430420013000257e+06 4.635478400269999984e+05
2.702099910000000023e+02 4.831430260010000318e+06 4.635478400269999984e+05
2.702799989999999752e+02 4.831430369994999841e+06 4.635478200070000021e+05
2.702399899999999775e+02 4.831430380005000159e+06 4.635478300169999711e+05
2.701799930000000245e+02 4.831430390014999546e+06 4.635478300169999711e+05
2.701099849999999947e+02 4.831430390014999546e+06 4.635478300169999711e+05
2.702999879999999848e+02 4.831430309998000041e+06 4.635478400269999984e+05
2.702699890000000096e+02 4.831430410004000179e+06 4.635477999880000134e+05
2.702200010000000248e+02 4.831430410004000179e+06 4.635478099979999824e+05
2.701700129999999831e+02 4.831430420013000257e+06 4.635478200070000021e+05
2.701099849999999947e+02 4.831430420013000257e+06 4.635478300169999711e+05
2.700400089999999977e+02 4.831430410004000179e+06 4.635478499760000268e+05
2.699800109999999904e+02 4.831430410004000179e+06 4.635478400269999984e+05
2.699200129999999831e+02 4.831430410004000179e+06 4.635478499760000268e+05
2.700599980000000073e+02 4.831430390014999546e+06 4.635478400269999984e+05
2.700499879999999848e+02 4.831430320007000118e+06 4.635478499760000268e+05
2.700599980000000073e+02 4.831430420013000257e+06 4.635478499760000268e+05
2.700799870000000169e+02 4.831430369994999841e+06 4.635478499760000268e+05
2.700899959999999851e+02 4.831430320007000118e+06 4.635478499760000268e+05
2.702600100000000225e+02 4.831430390014999546e+06 4.635477899779999861e+05
2.702300109999999904e+02 4.831430380005000159e+06 4.635478200070000021e+05
2.702799989999999752e+02 4.831430420013000257e+06 4.635477899779999861e+05
2.701099849999999947e+02 4.831430390014999546e+06 4.635478300169999711e+05
2.701600040000000149e+02 4.831430380005000159e+06 4.635478300169999711e+05
2.702000120000000152e+02 4.831430359985000454e+06 4.635478200070000021e+05
2.702699890000000096e+02 4.831430359985000454e+06 4.635478200070000021e+05
2.701199950000000172e+02 4.831430320007000118e+06 4.635478499760000268e+05
2.701799930000000245e+02 4.831430309998000041e+06 4.635478499760000268e+05
2.702000120000000152e+02 4.831430279999000020e+06 4.635478300169999711e+05
2.702799989999999752e+02 4.831430299987999722e+06 4.635478499760000268e+05
2.702600100000000225e+02 4.831430420013000257e+06 4.635478099979999824e+05
2.701600040000000149e+02 4.831430420013000257e+06 4.635478200070000021e+05
2.702300109999999904e+02 4.831430420013000257e+06 4.635478300169999711e+05
2.702500000000000000e+02 4.831430390014999546e+06 4.635478099979999824e+05
2.701099849999999947e+02 4.831430410004000179e+06 4.635478400269999984e+05
2.702399899999999775e+02 4.831430390014999546e+06 4.635478499760000268e+05
2.702600100000000225e+02 4.831430369994999841e+06 4.635478400269999984e+05
2.701400150000000053e+02 4.831430369994999841e+06 4.635478599849999882e+05
2.701499939999999924e+02 4.831430309998000041e+06 4.635478499760000268e+05
2.697900089999999977e+02 4.831430329986999743e+06 4.635478499760000268e+05
2.699599910000000023e+02 4.831430369994999841e+06 4.635478499760000268e+05
2.699599910000000023e+02 4.831430399993999861e+06 4.635478400269999984e+05
2.700299989999999752e+02 4.831430410004000179e+06 4.635478499760000268e+05
2.696700129999999831e+02 4.831430359985000454e+06 4.635478599849999882e+05
2.698800049999999828e+02 4.831430380005000159e+06 4.635478800049999845e+05
2.699800109999999904e+02 4.831430359985000454e+06 4.635478699950000155e+05
2.699899899999999775e+02 4.831430320007000118e+06 4.635478499760000268e+05
2.700299989999999752e+02 4.831430380005000159e+06 4.635478499760000268e+05
2.700100100000000225e+02 4.831430350006000139e+06 4.635478599849999882e+05
2.700400089999999977e+02 4.831430329986999743e+06 4.635478499760000268e+05
2.700299989999999752e+02 4.831430299987999722e+06 4.635478599849999882e+05
2.698800049999999828e+02 4.831430309998000041e+06 4.635478699950000155e+05
2.701300049999999828e+02 4.831430390014999546e+06 4.635477999880000134e+05
2.701300049999999828e+02 4.831430420013000257e+06 4.635477700199999963e+05
2.700299989999999752e+02 4.831430290009000339e+06 4.635478300169999711e+05
2.700499879999999848e+02 4.831430260010000318e+06 4.635478499760000268e+05
2.701000060000000076e+02 4.831430269988999702e+06 4.635478400269999984e+05
2.701199950000000172e+02 4.831430299987999722e+06 4.635478699950000155e+05
2.699400019999999927e+02 4.831430420013000257e+06 4.635478699950000155e+05
2.698399959999999851e+02 4.831430410004000179e+06 4.635479000239999732e+05
2.693699950000000172e+02 4.831430399993999861e+06 4.635478900150000118e+05
2.693699950000000172e+02 4.831430399993999861e+06 4.635478900150000118e+05
2.693699950000000172e+02 4.831430420013000257e+06 4.635479000239999732e+05
2.700899959999999851e+02 4.831430320007000118e+06 4.635479799800000037e+05
2.702999879999999848e+02 4.831430380005000159e+06 4.635479799800000037e+05
2.702099910000000023e+02 4.831430369994999841e+06 4.635479500119999866e+05
2.700599980000000073e+02 4.831430290009000339e+06 4.635483400269999984e+05
2.699700010000000248e+02 4.831430410004000179e+06 4.635483599849999882e+05
2.702900089999999977e+02 4.831430359985000454e+06 4.635485599979999824e+05
2.702500000000000000e+02 4.831429549987999722e+06 4.635484699709999841e+05
2.702200010000000248e+02 4.831430420013000257e+06 4.635482700199999963e+05
2.702900089999999977e+02 4.831430410004000179e+06 4.635484799800000037e+05
2.702999879999999848e+02 4.831430390014999546e+06 4.635485800169999711e+05
2.702999879999999848e+02 4.831430420013000257e+06 4.635484600220000139e+05
2.702900089999999977e+02 4.831430390014999546e+06 4.635484899899999727e+05
2.702999879999999848e+02 4.831430350006000139e+06 4.635485900269999984e+05
2.700700069999999755e+02 4.831430410004000179e+06 4.635483300169999711e+05
2.700899959999999851e+02 4.831430420013000257e+06 4.635482800290000159e+05
2.702999879999999848e+02 4.831430399993999861e+06 4.635484400020000176e+05
2.701300049999999828e+02 4.831430420013000257e+06 4.635483400269999984e+05
2.702300109999999904e+02 4.831430410004000179e+06 4.635484099730000016e+05
2.700299989999999752e+02 4.831430399993999861e+06 4.635483499760000268e+05
2.695700069999999755e+02 4.831430359985000454e+06 4.635484600220000139e+05
2.696300049999999828e+02 4.831430369994999841e+06 4.635484299929999979e+05
