2.827699890000000096e+02 4.831431369994999841e+06 4.635483400269999984e+05
2.827999879999999848e+02 4.831431369994999841e+06 4.635483800049999845e+05
2.827900089999999977e+02 4.831431390014999546e+06 4.635483699950000155e+05
2.827999879999999848e+02 4.831431380005000159e+06 4.635483699950000155e+05
2.819100040000000149e+02 4.831431700012000278e+06 4.635490900269999984e+05
2.819599910000000023e+02 4.831431709990999661e+06 4.635490900269999984e+05
2.818699950000000172e+02 4.831431649993999861e+06 4.635490599979999824e+05
2.819899899999999775e+02 4.831431750000000000e+06 4.635490999760000268e+05
2.818699950000000172e+02 4.831431649993999861e+06 4.635490800169999711e+05
2.818500060000000076e+02 4.831431630005000159e+06 4.635490700070000021e+05
2.820100100000000225e+02 4.831431609985000454e+06 4.635490900269999984e+05
2.820000000000000000e+02 4.831431660004000179e+06 4.635490999760000268e+05
2.820100100000000225e+02 4.831431829986999743e+06 4.635490900269999984e+05
2.820000000000000000e+02 4.831431790009000339e+06 4.635490999760000268e+05
2.819700010000000248e+02 4.831431829986999743e+06 4.635490900269999984e+05
2.818099980000000073e+02 4.831431709990999661e+06 4.635490399779999861e+05
2.819100040000000149e+02 4.831431750000000000e+06 4.635490499880000134e+05
2.819700010000000248e+02 4.831431790009000339e+06 4.635490999760000268e+05
2.820499879999999848e+02 4.831431809998000041e+06 4.635490700070000021e+05
2.818800049999999828e+02 4.831431739989999682e+06 4.635490900269999984e+05
2.819500120000000152e+02 4.831431760010000318e+06 4.635490900269999984e+05
2.820700069999999755e+02 4.831431730011000298e+06 4.635490999760000268e+05
2.819500120000000152e+02 4.831431850006000139e+06 4.635490700070000021e+05
2.819599910000000023e+02 4.831431739989999682e+06 4.635490599979999824e+05
2.820199890000000096e+02 4.831431809998000041e+06 4.635490800169999711e+05
2.820000000000000000e+02 4.831431820007000118e+06 4.635490599979999824e+05
2.819400019999999927e+02 4.831431790009000339e+06 4.635490800169999711e+05
2.819100040000000149e+02 4.831431779999000020e+06 4.635490900269999984e+05
2.819800109999999904e+02 4.831431820007000118e+06 4.635490399779999861e+05
2.820000000000000000e+02 4.831431690001999959e+06 4.635490499880000134e+05
2.820000000000000000e+02 4.831431320007000118e+06 4.635481099849999882e+05
2.819100040000000149e+02 4.831431190001999959e+06 4.635482700199999963e+05
2.827399899999999775e+02 4.831431299987999722e+06 4.635484400020000176e+05
2.823099980000000073e+02 4.831431010010000318e+06 4.635486400150000118e+05
2.827399899999999775e+02 4.831431290009000339e+06 4.635484000239999732e+05
2.827900089999999977e+02 4.831431309998000041e+06 4.635483900150000118e+05
2.827099910000000023e+02 4.831431269988999702e+06 4.635483699950000155e+05
2.827699890000000096e+02 4.831431299987999722e+06 4.635483900150000118e+05
2.827500000000000000e+02 4.831431290009000339e+06 4.635483900150000118e+05
2.823800049999999828e+02 4.831431000000000000e+06 4.635486699830000289e+05
2.824599910000000023e+02 4.831430929992999882e+06 4.635485900269999984e+05
2.824200129999999831e+02 4.831430950012000278e+06 4.635486099849999882e+05
2.823999939999999924e+02 4.831430970000999980e+06 4.635486500239999732e+05
2.823800049999999828e+02 4.831431000000000000e+06 4.635486599730000016e+05
2.824299930000000245e+02 4.831430980011000298e+06 4.635486500239999732e+05
2.822500000000000000e+02 4.831430959990999661e+06 4.635486799929999979e+05
2.823500060000000076e+02 4.831430980011000298e+06 4.635486699830000289e+05
2.823900150000000053e+02 4.831430929992999882e+06 4.635485999760000268e+05
2.822399899999999775e+02 4.831430980011000298e+06 4.635485999760000268e+05
2.822200010000000248e+02 4.831431000000000000e+06 4.635486099849999882e+05
2.822399899999999775e+02 4.831431029999000020e+06 4.635486199950000155e+05
2.823900150000000053e+02 4.831430959990999661e+06 4.635485700070000021e+05
2.827699890000000096e+02 4.831431329986999743e+06 4.635483499760000268e+05
2.827000120000000152e+02 4.831431220000999980e+06 4.635483300169999711e+05
2.824500120000000152e+02 4.831430970000999980e+06 4.635486400150000118e+05
2.823399959999999851e+02 4.831430959990999661e+06 4.635486599730000016e+05
2.824299930000000245e+02 4.831430959990999661e+06 4.635485700070000021e+05
2.822900089999999977e+02 4.831431040009000339e+06 4.635486400150000118e+05
2.824299930000000245e+02 4.831430940001999959e+06 4.635485300290000159e+05
2.827099910000000023e+02 4.831431250000000000e+06 4.635483800049999845e+05
2.827300109999999904e+02 4.831431260010000318e+06 4.635483900150000118e+05
2.827600100000000225e+02 4.831431309998000041e+06 4.635483800049999845e+05
2.827799989999999752e+02 4.831431260010000318e+06 4.635483800049999845e+05
2.827300109999999904e+02 4.831431299987999722e+06 4.635483699950000155e+05
2.827799989999999752e+02 4.831431339995999821e+06 4.635483699950000155e+05
2.827799989999999752e+02 4.831431260010000318e+06 4.635483699950000155e+05
2.827200010000000248e+02 4.831431299987999722e+06 4.635483599849999882e+05
2.827699890000000096e+02 4.831431279999000020e+06 4.635483699950000155e+05
2.827200010000000248e+02 4.831431309998000041e+06 4.635483699950000155e+05
2.827200010000000248e+02 4.831431329986999743e+06 4.635483699950000155e+05
2.827600100000000225e+02 4.831431230011000298e+06 4.635483800049999845e+05
2.827200010000000248e+02 4.831431290009000339e+06 4.635483699950000155e+05
2.827000120000000152e+02 4.831431320007000118e+06 4.635483699950000155e+05
2.827900089999999977e+02 4.831431290009000339e+06 4.635484000239999732e+05
2.827600100000000225e+02 4.831431329986999743e+06 4.635484299929999979e+05
2.827999879999999848e+02 4.831431350006000139e+06 4.635483900150000118e+05
2.827500000000000000e+02 4.831431269988999702e+06 4.635483900150000118e+05
2.827900089999999977e+02 4.831431290009000339e+06 4.635483900150000118e+05
2.827000120000000152e+02 4.831431329986999743e+06 4.635483800049999845e+05
2.827300109999999904e+02 4.831431290009000339e+06 4.635483699950000155e+05
2.827099910000000023e+02 4.831431309998000041e+06 4.635483599849999882e+05
2.827900089999999977e+02 4.831431350006000139e+06 4.635483599849999882e+05
2.827300109999999904e+02 4.831431290009000339e+06 4.635483699950000155e+05
2.827099910000000023e+02 4.831431320007000118e+06 4.635483699950000155e+05
2.827999879999999848e+02 4.831431339995999821e+06 4.635483699950000155e+05
2.827300109999999904e+02 4.831431369994999841e+06 4.635483599849999882e+05
2.827900089999999977e+02 4.831431260010000318e+06 4.635483800049999845e+05
2.827200010000000248e+02 4.831431299987999722e+06 4.635483699950000155e+05
2.827000120000000152e+02 4.831431329986999743e+06 4.635483699950000155e+05
2.827999879999999848e+02 4.831431339995999821e+06 4.635483699950000155e+05
2.827999879999999848e+02 4.831431239989999682e+06 4.635483699950000155e+05
2.827600100000000225e+02 4.831431269988999702e+06 4.635483599849999882e+05
2.827000120000000152e+02 4.831431299987999722e+06 4.635483599849999882e+05
2.827799989999999752e+02 4.831431339995999821e+06 4.635483599849999882e+05
2.827099910000000023e+02 4.831431250000000000e+06 4.635483599849999882e+05
2.818999939999999924e+02 4.831431220000999980e+06 4.635482100220000139e+05
2.827699890000000096e+02 4.831431279999000020e+06 4.635483699950000155e+05
2.827799989999999752e+02 4.831431299987999722e+06 4.635483499760000268e+05
2.827999879999999848e+02 4.831431309998000041e+06 4.635483300169999711e+05
2.827399899999999775e+02 4.831431209990999661e+06 4.635483800049999845e+05
2.827300109999999904e+02 4.831431239989999682e+06 4.635484199830000289e+05
2.827399899999999775e+02 4.831431250000000000e+06 4.635484000239999732e+05
2.827999879999999848e+02 4.831431290009000339e+06 4.635482399899999727e+05
