463549.859985 4831431.359985 278.299988
463549.869995 4831431.480011 278.309998
463549.830017 4831431.290009 278.339996
463549.890015 4831431.459991 278.269989
463549.859985 4831431.450012 278.299988
463549.820007 4831431.440002 278.309998
463549.820007 4831431.380005 278.339996
463549.890015 4831431.459991 278.279999
463549.929993 4831431.470001 278.239990
463549.809998 4831431.450012 278.350006
463549.820007 4831431.350006 278.350006
463549.820007 4831431.350006 278.320007
463549.820007 4831431.350006 278.329987
463549.830017 4831431.359985 278.339996
463549.809998 4831431.359985 278.309998
463549.830017 4831431.359985 278.350006
463549.820007 4831431.359985 278.309998
463549.830017 4831431.350006 278.350006
463549.809998 4831431.369995 278.309998
463549.830017 4831431.359985 278.339996
463549.820007 4831431.380005 278.320007
463549.820007 4831431.369995 278.320007
463549.820007 4831431.369995 278.309998
463549.820007 4831431.369995 278.320007
463549.820007 4831431.390015 278.329987
463549.809998 4831431.399994 278.320007
463549.809998 4831431.410004 278.329987
463549.820007 4831431.399994 278.339996
463549.820007 4831431.420013 278.320007
463549.809998 4831431.410004 278.339996
463549.809998 4831431.380005 278.309998
463549.830017 4831431.369995 278.329987
463549.820007 4831431.350006 278.329987
463549.809998 4831431.350006 278.320007
463549.820007 4831431.390015 278.339996
463549.809998 4831431.440002 278.279999
463549.809998 4831431.309998 278.339996
463549.820007 4831431.399994 278.290009
463549.809998 4831431.429993 278.250000
463549.849976 4831431.320007 278.320007
463549.840027 4831431.459991 278.320007
463550.760010 4831430.230011 277.790009
463549.830017 4831431.540009 278.059998
463549.840027 4831431.559998 278.040009
463549.809998 4831431.540009 278.100006
463549.820007 4831431.549988 278.049988
463550.900024 4831430.350006 277.709991
463550.880005 4831430.269989 277.049988
463550.849976 4831430.290009 276.920013
463550.809998 4831430.309998 276.859985
463551.169983 4831430.179993 277.429993
463550.830017 4831430.269989 276.929993
463550.580017 4831430.350006 276.670013
463551.070007 4831430.100006 278.089996
463551.049988 4831430.070007 278.079987
463550.719971 4831430.399994 276.730011
463551.210022 4831430.109985 277.589996
463550.830017 4831430.279999 276.809998
463550.820007 4831430.269989 276.779999
463550.659973 4831430.230011 276.700012
463550.770020 4831430.329987 276.739990
463550.830017 4831430.309998 276.820007
463550.820007 4831430.299988 276.790009
463550.809998 4831430.299988 276.739990
463550.799988 4831430.290009 276.700012
463550.890015 4831430.290009 276.910004
463550.880005 4831430.269989 276.869995
463550.869995 4831430.269989 276.829987
463550.950012 4831430.250000 277.019989
463550.929993 4831430.230011 277.000000
463550.929993 4831430.239990 276.929993
463550.919983 4831430.250000 276.869995
463550.989990 4831430.209991 277.059998
463550.609985 4831430.399994 276.640015
463551.229980 4831430.239990 277.470001
463550.840027 4831430.269989 277.029999
463550.820007 4831430.269989 276.940002
463551.210022 4831430.190002 277.570007
463550.809998 4831430.290009 276.910004
463550.909973 4831430.239990 277.070007
463551.190002 4831430.130005 277.679993
463551.219971 4831430.250000 277.459991
463550.929993 4831430.260010 277.149994
463550.919983 4831430.269989 277.160004
463550.880005 4831430.260010 277.100006
463550.890015 4831430.290009 277.100006
463550.849976 4831430.309998 277.040009
463550.859985 4831430.329987 276.989990
463550.890015 4831430.369995 277.160004
463550.890015 4831430.380005 277.049988
463551.239990 4831430.239990 277.390015
463550.830017 4831430.299988 277.029999
463550.849976 4831430.320007 277.019989
463550.890015 4831430.390015 277.000000
463550.729980 4831430.359985 276.880005
463550.820007 4831430.290009 276.970001
463550.809998 4831430.269989 277.000000
463550.840027 4831430.279999 277.040009
463550.869995 4831430.269989 277.079987
463550.900024 4831430.250000 277.070007
463551.109985 4831430.239990 277.679993
463551.080017 4831430.160004 277.549988
463551.130005 4831430.109985 277.500000
463551.130005 4831430.160004 277.700012
463550.940002 4831430.239990 277.130005
463551.090027 4831430.299988 277.660004
463550.599976 4831430.269989 276.790009
463550.580017 4831430.239990 276.809998
463550.859985 4831430.299988 277.029999
463550.890015 4831430.279999 277.119995
463550.919983 4831430.279999 277.089996
463550.919983 4831430.260010 277.140015
463550.929993 4831430.260010 277.119995
463551.130005 4831430.220001 277.589996
463551.140015 4831430.220001 277.609985
463551.150024 4831430.209991 277.600006
463550.900024 4831430.369995 277.000000
463550.830017 4831430.339996 277.000000
463550.830017 4831430.350006 276.950012
463550.799988 4831430.359985 276.920013
463550.789978 4831430.380005 276.910004
463550.739990 4831430.380005 276.809998
463550.739990 4831430.380005 276.829987
463550.750000 4831430.380005 276.820007
463550.750000 4831430.380005 276.820007
463550.719971 4831430.380005 276.820007
463550.729980 4831430.399994 276.790009
463550.719971 4831430.390015 276.709991
463550.549988 4831430.239990 276.850006
463550.559998 4831430.250000 276.829987
463550.580017 4831430.279999 276.829987
463550.609985 4831430.429993 276.660004
463550.580017 4831430.450012 276.619995
463551.109985 4831430.230011 277.510010
463551.090027 4831430.230011 277.540009
463550.859985 4831430.309998 277.089996
463550.820007 4831430.350006 276.980011
463550.710022 4831430.390015 276.790009
463550.580017 4831430.290009 276.799988
463550.570007 4831430.299988 276.799988
463550.630005 4831430.429993 276.660004
463550.590027 4831430.390015 276.619995
463550.760010 4831430.339996 276.890015
463550.789978 4831430.309998 277.000000
463550.880005 4831430.279999 277.109985
463551.250000 4831430.230011 277.380005
463551.239990 4831430.209991 277.410004
463550.580017 4831430.390015 276.630005
463550.590027 4831430.279999 276.799988
463550.570007 4831430.239990 276.799988
463550.859985 4831430.299988 277.040009
463550.849976 4831430.279999 277.070007
463550.909973 4831430.250000 277.070007
463550.919983 4831430.260010 277.130005
463550.909973 4831430.250000 277.170013
463550.599976 4831430.269989 276.799988
463550.859985 4831430.309998 277.000000
463550.929993 4831430.299988 277.089996
463550.909973 4831430.269989 277.119995
463550.960022 4831430.250000 277.160004
463550.900024 4831430.269989 277.179993
463550.830017 4831430.290009 277.089996
463550.570007 4831430.399994 276.649994
463551.200012 4831430.230011 277.500000
463551.150024 4831430.230011 277.510010
463550.900024 4831430.239990 277.170013
463550.859985 4831430.250000 277.100006
463550.859985 4831430.279999 277.100006
463550.809998 4831430.290009 277.029999
463550.820007 4831430.320007 276.989990
463550.609985 4831430.260010 276.779999
463550.599976 4831430.269989 276.739990
463550.580017 4831430.279999 276.709991
463550.559998 4831430.290009 276.670013
463550.539978 4831430.309998 276.640015
463550.570007 4831430.230011 276.750000
463550.530029 4831430.220001 276.760010
463550.460022 4831430.190002 276.829987
463550.489990 4831430.170013 276.820007
463550.460022 4831430.170013 276.839996
463550.750000 4831430.339996 276.869995
463550.929993 4831430.250000 277.130005
463550.849976 4831430.269989 277.040009
463550.869995 4831430.260010 277.070007
463550.880005 4831430.260010 277.100006
463550.900024 4831430.250000 277.140015
463550.919983 4831430.239990 277.170013
463550.849976 4831430.320007 276.970001
463550.549988 4831430.190002 276.839996
463550.549988 4831430.239990 276.809998
463550.570007 4831430.299988 276.790009
463550.609985 4831430.369995 276.679993
463550.719971 4831430.350006 276.890015
463550.599976 4831430.290009 276.769989
463550.530029 4831430.230011 276.839996
463550.530029 4831430.230011 276.829987
463550.530029 4831430.220001 276.839996
463550.549988 4831430.230011 276.839996
463550.809998 4831430.269989 276.980011
463550.880005 4831430.190002 277.140015
463550.580017 4831430.329987 276.649994
463550.559998 4831430.339996 276.630005
463550.590027 4831430.279999 276.750000
463550.750000 4831430.369995 276.899994
463550.789978 4831430.339996 277.040009
463550.580017 4831430.299988 276.809998
463550.940002 4831430.279999 277.190002
463550.700012 4831430.380005 276.809998
463550.719971 4831430.369995 276.839996
463550.750000 4831430.369995 276.880005
463550.780029 4831430.359985 276.920013
463550.739990 4831430.320007 276.920013
463551.200012 4831430.209991 277.429993
463551.179993 4831430.200012 277.640015
463550.880005 4831430.230011 277.130005
463550.859985 4831430.239990 277.109985
463550.830017 4831430.260010 277.089996
463550.809998 4831430.269989 277.170013
463551.219971 4831430.179993 277.369995
463550.530029 4831430.160004 276.869995
463550.789978 4831430.309998 276.890015
463550.830017 4831430.279999 276.950012
463550.549988 4831430.190002 276.850006
463550.659973 4831430.410004 276.670013
463550.739990 4831430.369995 276.739990
463550.909973 4831430.309998 277.059998
463551.150024 4831430.239990 277.670013
463550.599976 4831430.260010 276.809998
463551.179993 4831430.209991 277.630005
463550.909973 4831430.290009 277.059998
463550.960022 4831430.279999 277.100006
463550.760010 4831430.369995 276.809998
463550.840027 4831430.359985 276.899994
463550.900024 4831430.350006 276.980011
463551.450012 4831430.049988 278.260010
463551.469971 4831430.059998 277.700012
463551.419983 4831430.190002 277.510010
463551.390015 4831430.209991 277.450012
463551.330017 4831430.230011 277.410004
463551.570007 4831430.109985 278.029999
463551.469971 4831430.200012 278.140015
463551.419983 4831430.040009 278.309998
463551.419983 4831430.059998 278.230011
463551.440002 4831430.119995 277.470001
463551.580017 4831430.079987 277.579987
463551.400024 4831430.100006 278.019989
463551.440002 4831430.059998 278.190002
463551.390015 4831430.070007 278.200012
463551.580017 4831430.149994 277.679993
463551.349976 4831430.209991 277.470001
463551.359985 4831430.230011 277.489990
463551.520020 4831430.089996 277.769989
463551.349976 4831430.140015 277.399994
463551.340027 4831430.170013 277.459991
463551.330017 4831430.149994 277.410004
463551.559998 4831430.100006 277.600006
463551.599976 4831430.079987 277.600006
463551.599976 4831430.040009 277.920013
463551.590027 4831430.029999 277.859985
463551.400024 4831430.089996 278.269989
463551.390015 4831430.089996 278.170013
463551.429993 4831430.100006 278.220001
463551.520020 4831430.140015 277.619995
463551.369995 4831430.160004 277.420013
463551.390015 4831430.190002 277.500000
463551.359985 4831430.200012 277.480011
463551.340027 4831430.209991 277.470001
463551.349976 4831430.230011 277.470001
463551.340027 4831430.209991 277.459991
463551.359985 4831430.209991 277.480011
463551.359985 4831430.190002 277.500000
463551.369995 4831430.209991 277.489990
463551.349976 4831430.200012 277.470001
463551.359985 4831430.220001 277.489990
463551.349976 4831430.200012 277.480011
463551.359985 4831430.220001 277.470001
463551.349976 4831430.190002 277.500000
463551.359985 4831430.209991 277.480011
463551.320007 4831430.200012 277.459991
463551.340027 4831430.220001 277.459991
463551.280029 4831430.250000 277.519989
463551.590027 4831430.089996 278.010010
463551.530029 4831430.049988 277.989990
463551.549988 4831430.079987 278.000000
463551.489990 4831430.040009 278.029999
463551.590027 4831430.130005 277.730011
463551.559998 4831430.130005 277.670013
463551.539978 4831430.140015 277.649994
463551.500000 4831430.170013 277.579987
463551.419983 4831430.119995 277.399994
463551.369995 4831430.160004 277.429993
463551.380005 4831430.200012 277.519989
463551.340027 4831430.200012 277.480011
463551.299988 4831430.209991 277.459991
463551.320007 4831430.230011 277.440002
463551.349976 4831430.059998 278.230011
463551.419983 4831430.070007 278.239990
463551.409973 4831430.059998 278.290009
463551.289978 4831430.029999 278.279999
463551.409973 4831430.140015 277.500000
463551.380005 4831430.040009 278.029999
463551.469971 4831430.040009 277.970001
463551.599976 4831430.070007 277.980011
463551.520020 4831430.209991 277.739990
463551.450012 4831430.029999 277.989990
463551.489990 4831430.040009 277.929993
463551.510010 4831430.049988 277.859985
463551.520020 4831430.029999 277.920013
463551.419983 4831430.089996 278.239990
463551.460022 4831430.049988 278.209991
463551.390015 4831430.049988 278.299988
463551.409973 4831430.079987 278.279999
463551.440002 4831430.029999 278.029999
463551.440002 4831430.040009 277.980011
463551.450012 4831430.040009 277.940002
463551.450012 4831430.059998 277.910004
463551.539978 4831430.179993 277.600006
463551.489990 4831430.200012 277.570007
463551.400024 4831430.209991 277.410004
463551.549988 4831430.170013 277.630005
463551.510010 4831430.079987 278.029999
463551.400024 4831430.049988 278.290009
463551.289978 4831430.230011 277.410004
463551.270020 4831430.209991 277.429993
463551.309998 4831430.209991 277.420013
463551.309998 4831430.200012 277.459991
463551.419983 4831430.100006 277.420013
463551.559998 4831430.109985 277.690002
463551.330017 4831430.260010 277.450012
463551.299988 4831430.209991 277.440002
463551.349976 4831430.179993 277.429993
463551.359985 4831430.190002 277.500000
463551.390015 4831430.160004 277.410004
463551.409973 4831430.119995 277.390015
463551.559998 4831430.130005 277.660004
463551.309998 4831430.269989 277.399994
463551.330017 4831430.220001 277.420013
463551.369995 4831430.209991 277.390015
463551.380005 4831430.190002 277.480011
463551.390015 4831430.170013 277.399994
463551.409973 4831430.160004 277.519989
463551.409973 4831430.130005 277.380005
463551.460022 4831430.029999 278.040009
463551.369995 4831430.049988 278.220001
463551.270020 4831430.079987 278.269989
463551.539978 4831430.109985 277.940002
463551.450012 4831430.109985 278.029999
463551.309998 4831430.239990 277.500000
463551.599976 4831430.130005 277.820007
463551.559998 4831430.160004 277.600006
463551.479980 4831430.089996 277.970001
463551.520020 4831430.149994 277.630005
463551.330017 4831430.209991 277.510010
463551.289978 4831430.209991 277.480011
463551.289978 4831430.239990 277.450012
463551.359985 4831430.040009 278.230011
463551.400024 4831430.029999 278.299988
463551.289978 4831430.209991 277.459991
463551.340027 4831430.190002 277.450012
463551.359985 4831430.179993 277.470001
463551.359985 4831430.179993 277.519989
463551.390015 4831430.170013 277.529999
463551.429993 4831430.149994 277.529999
463551.369995 4831430.200012 277.459991
463551.400024 4831430.190002 277.519989
463551.330017 4831430.250000 277.450012
463551.369995 4831430.059998 278.279999
463551.400024 4831430.079987 278.230011
463551.440002 4831430.070007 278.290009
463551.460022 4831430.109985 278.220001
463551.599976 4831430.100006 277.829987
463551.549988 4831430.029999 278.029999
463551.590027 4831430.059998 277.670013
463551.580017 4831430.089996 277.579987
463551.549988 4831430.079987 277.670013
463551.280029 4831430.190002 277.410004
463551.400024 4831430.160004 278.200012
463551.260010 4831430.130005 278.230011
463551.369995 4831430.170013 277.459991
463551.510010 4831430.029999 277.920013
463551.419983 4831430.140015 277.440002
463551.580017 4831430.070007 278.000000
463551.580017 4831430.079987 277.899994
463551.530029 4831430.130005 277.600006
463551.559998 4831430.109985 277.619995
463551.570007 4831430.040009 278.029999
463551.590027 4831430.029999 278.000000
463551.340027 4831430.230011 277.410004
463551.380005 4831430.209991 277.440002
463551.469971 4831430.170013 277.529999
463551.590027 4831430.130005 277.720001
463551.530029 4831430.149994 277.600006
463551.570007 4831430.140015 277.630005
463550.590027 4831430.489990 276.649994
463550.549988 4831430.510010 276.630005
463551.590027 4831430.619995 277.750000
463551.590027 4831430.630005 277.670013
463551.599976 4831430.559998 277.579987
463551.390015 4831430.529999 277.510010
