2.762900089999999977e+02 4.831432269988999702e+06 4.635478400269999984e+05
2.763200069999999755e+02 4.831432339995999821e+06 4.635477600100000273e+05
2.762399899999999775e+02 4.831432309998000041e+06 4.635477800290000159e+05
2.763299870000000169e+02 4.831432309998000041e+06 4.635477800290000159e+05
2.762900089999999977e+02 4.831432299987999722e+06 4.635478900150000118e+05
2.763999939999999924e+02 4.831432239989999682e+06 4.635484000239999732e+05
2.764100040000000149e+02 4.831432279999000020e+06 4.635484199830000289e+05
2.768099980000000073e+02 4.831432510010000318e+06 4.635484600220000139e+05
2.768299870000000169e+02 4.831432440001999959e+06 4.635483599849999882e+05
2.768599849999999947e+02 4.831432459990999661e+06 4.635483699950000155e+05
2.768800049999999828e+02 4.831432480011000298e+06 4.635483800049999845e+05
2.768999939999999924e+02 4.831432510010000318e+06 4.635483900150000118e+05
2.768800049999999828e+02 4.831432429992999882e+06 4.635483499760000268e+05
2.769100040000000149e+02 4.831432450012000278e+06 4.635483599849999882e+05
2.768699950000000172e+02 4.831432450012000278e+06 4.635483300169999711e+05
2.768999939999999924e+02 4.831432480011000298e+06 4.635483400269999984e+05
2.766600040000000149e+02 4.831432279999000020e+06 4.635483599849999882e+05
2.763599849999999947e+02 4.831432250000000000e+06 4.635483800049999845e+05
2.763999939999999924e+02 4.831432269988999702e+06 4.635483800049999845e+05
2.766600040000000149e+02 4.831432369994999841e+06 4.635483800049999845e+05
2.767200010000000248e+02 4.831432380005000159e+06 4.635483599849999882e+05
2.768500060000000076e+02 4.831432459990999661e+06 4.635483800049999845e+05
2.763099980000000073e+02 4.831432239989999682e+06 4.635483499760000268e+05
2.763399959999999851e+02 4.831432269988999702e+06 4.635483599849999882e+05
2.763800049999999828e+02 4.831432290009000339e+06 4.635483599849999882e+05
2.767099910000000023e+02 4.831432420013000257e+06 4.635483599849999882e+05
2.768800049999999828e+02 4.831432450012000278e+06 4.635483300169999711e+05
2.763200069999999755e+02 4.831432250000000000e+06 4.635483499760000268e+05
2.764299930000000245e+02 4.831432279999000020e+06 4.635483400269999984e+05
2.766300049999999828e+02 4.831432399993999861e+06 4.635483699950000155e+05
2.766700129999999831e+02 4.831432420013000257e+06 4.635483699950000155e+05
2.768399959999999851e+02 4.831432450012000278e+06 4.635483400269999984e+05
2.768900150000000053e+02 4.831432470000999980e+06 4.635483400269999984e+05
2.763099980000000073e+02 4.831432239989999682e+06 4.635483400269999984e+05
2.768099980000000073e+02 4.831432489989999682e+06 4.635483800049999845e+05
2.769100040000000149e+02 4.831432459990999661e+06 4.635483200070000021e+05
2.763099980000000073e+02 4.831432239989999682e+06 4.635483499760000268e+05
2.763399959999999851e+02 4.831432269988999702e+06 4.635483599849999882e+05
2.767099910000000023e+02 4.831432420013000257e+06 4.635483599849999882e+05
2.768800049999999828e+02 4.831432459990999661e+06 4.635483300169999711e+05
2.763099980000000073e+02 4.831432239989999682e+06 4.635483400269999984e+05
2.763399959999999851e+02 4.831432269988999702e+06 4.635483499760000268e+05
2.763800049999999828e+02 4.831432279999000020e+06 4.635483499760000268e+05
2.764100040000000149e+02 4.831432320007000118e+06 4.635483699950000155e+05
2.766700129999999831e+02 4.831432410004000179e+06 4.635483599849999882e+05
2.767000120000000152e+02 4.831432429992999882e+06 4.635483599849999882e+05
2.767300109999999904e+02 4.831432450012000278e+06 4.635483699950000155e+05
2.767900089999999977e+02 4.831432459990999661e+06 4.635483599849999882e+05
2.768200069999999755e+02 4.831432480011000298e+06 4.635483599849999882e+05
2.763099980000000073e+02 4.831432250000000000e+06 4.635483499760000268e+05
2.763399959999999851e+02 4.831432269988999702e+06 4.635483599849999882e+05
2.763699950000000172e+02 4.831432290009000339e+06 4.635483599849999882e+05
2.764200129999999831e+02 4.831432299987999722e+06 4.635483599849999882e+05
2.766700129999999831e+02 4.831432410004000179e+06 4.635483599849999882e+05
2.767200010000000248e+02 4.831432420013000257e+06 4.635483499760000268e+05
2.767799989999999752e+02 4.831432429992999882e+06 4.635483400269999984e+05
2.768200069999999755e+02 4.831432440001999959e+06 4.635483400269999984e+05
2.768500060000000076e+02 4.831432459990999661e+06 4.635483400269999984e+05
2.769100040000000149e+02 4.831432470000999980e+06 4.635483300169999711e+05
2.768900150000000053e+02 4.831432480011000298e+06 4.635483099979999824e+05
2.769299930000000245e+02 4.831432480011000298e+06 4.635484099730000016e+05
2.768299870000000169e+02 4.831432480011000298e+06 4.635484899899999727e+05
2.767799989999999752e+02 4.831432450012000278e+06 4.635484699709999841e+05
2.767799989999999752e+02 4.831432450012000278e+06 4.635485100100000273e+05
2.767500000000000000e+02 4.831432440001999959e+06 4.635485000000000000e+05
2.767200010000000248e+02 4.831432420013000257e+06 4.635484899899999727e+05
2.768900150000000053e+02 4.831432470000999980e+06 4.635484199830000289e+05
2.768699950000000172e+02 4.831432450012000278e+06 4.635484000239999732e+05
2.768399959999999851e+02 4.831432459990999661e+06 4.635483099979999824e+05
2.768699950000000172e+02 4.831432480011000298e+06 4.635483200070000021e+05
2.761400150000000053e+02 4.831432279999000020e+06 4.635482100220000139e+05
2.768299870000000169e+02 4.831432450012000278e+06 4.635483200070000021e+05
2.768599849999999947e+02 4.831432459990999661e+06 4.635483300169999711e+05
2.768299870000000169e+02 4.831432440001999959e+06 4.635483400269999984e+05
2.768200069999999755e+02 4.831432440001999959e+06 4.635483400269999984e+05
2.766600040000000149e+02 4.831432459990999661e+06 4.635483699950000155e+05
2.768099980000000073e+02 4.831432500000000000e+06 4.635483900150000118e+05
2.768299870000000169e+02 4.831432440001999959e+06 4.635483400269999984e+05
2.761199950000000172e+02 4.831432299987999722e+06 4.635482100220000139e+05
2.768599849999999947e+02 4.831432470000999980e+06 4.635483200070000021e+05
2.767200010000000248e+02 4.831432359985000454e+06 4.635483400269999984e+05
2.767000120000000152e+02 4.831432339995999821e+06 4.635483300169999711e+05
2.763299870000000169e+02 4.831432279999000020e+06 4.635483400269999984e+05
2.764200129999999831e+02 4.831432320007000118e+06 4.635483400269999984e+05
2.764800109999999904e+02 4.831432339995999821e+06 4.635483300169999711e+05
2.765000000000000000e+02 4.831432369994999841e+06 4.635483499760000268e+05
2.761300049999999828e+02 4.831432269988999702e+06 4.635482000119999866e+05
2.768900150000000053e+02 4.831432510010000318e+06 4.635483400269999984e+05
2.769200129999999831e+02 4.831432480011000298e+06 4.635483099979999824e+05
2.768399959999999851e+02 4.831432510010000318e+06 4.635483900150000118e+05
2.767999879999999848e+02 4.831432489989999682e+06 4.635483800049999845e+05
2.768099980000000073e+02 4.831432470000999980e+06 4.635483599849999882e+05
2.768699950000000172e+02 4.831432440001999959e+06 4.635483300169999711e+05
2.766499939999999924e+02 4.831432290009000339e+06 4.635483400269999984e+05
2.764500120000000152e+02 4.831432329986999743e+06 4.635483699950000155e+05
2.761400150000000053e+02 4.831432269988999702e+06 4.635482600100000273e+05
2.766799930000000245e+02 4.831432339995999821e+06 4.635483300169999711e+05
2.767000120000000152e+02 4.831432369994999841e+06 4.635483499760000268e+05
2.765299989999999752e+02 4.831432380005000159e+06 4.635483499760000268e+05
2.761300049999999828e+02 4.831432279999000020e+06 4.635482100220000139e+05
2.767600100000000225e+02 4.831432399993999861e+06 4.635483300169999711e+05
2.766900019999999927e+02 4.831432470000999980e+06 4.635483599849999882e+05
2.761400150000000053e+02 4.831432290009000339e+06 4.635481900020000176e+05
2.767699890000000096e+02 4.831432399993999861e+06 4.635482999880000134e+05
2.767900089999999977e+02 4.831432429992999882e+06 4.635483200070000021e+05
2.767900089999999977e+02 4.831432450012000278e+06 4.635483300169999711e+05
2.767500000000000000e+02 4.831432500000000000e+06 4.635483599849999882e+05
2.767999879999999848e+02 4.831432420013000257e+06 4.635482999880000134e+05
2.768099980000000073e+02 4.831432450012000278e+06 4.635483200070000021e+05
2.767999879999999848e+02 4.831432440001999959e+06 4.635482899779999861e+05
2.768299870000000169e+02 4.831432459990999661e+06 4.635483099979999824e+05
2.768599849999999947e+02 4.831432470000999980e+06 4.635482899779999861e+05
2.768599849999999947e+02 4.831432470000999980e+06 4.635482899779999861e+05
2.768999939999999924e+02 4.831432489989999682e+06 4.635482899779999861e+05
2.763200069999999755e+02 4.831432260010000318e+06 4.635483300169999711e+05
2.766700129999999831e+02 4.831432350006000139e+06 4.635483200070000021e+05
2.767099910000000023e+02 4.831432380005000159e+06 4.635483300169999711e+05
2.768299870000000169e+02 4.831432450012000278e+06 4.635482899779999861e+05
2.768599849999999947e+02 4.831432489989999682e+06 4.635482600100000273e+05
2.761300049999999828e+02 4.831432299987999722e+06 4.635482100220000139e+05
2.762799989999999752e+02 4.831432279999000020e+06 4.635483099979999824e+05
2.763800049999999828e+02 4.831432329986999743e+06 4.635483099979999824e+05
2.764299930000000245e+02 4.831432369994999841e+06 4.635483099979999824e+05
2.766300049999999828e+02 4.831432459990999661e+06 4.635483900150000118e+05
2.766799930000000245e+02 4.831432459990999661e+06 4.635483800049999845e+05
2.766700129999999831e+02 4.831432429992999882e+06 4.635483599849999882e+05
2.767399899999999775e+02 4.831432489989999682e+06 4.635484000239999732e+05
2.762099910000000023e+02 4.831432290009000339e+06 4.635482500000000000e+05
2.767000120000000152e+02 4.831432470000999980e+06 4.635483900150000118e+05
2.766400150000000053e+02 4.831432320007000118e+06 4.635483499760000268e+05
2.764400019999999927e+02 4.831432380005000159e+06 4.635483800049999845e+05
2.761700129999999831e+02 4.831432269988999702e+06 4.635482899779999861e+05
2.761600040000000149e+02 4.831432299987999722e+06 4.635483099979999824e+05
2.766799930000000245e+02 4.831432380005000159e+06 4.635483499760000268e+05
2.761199950000000172e+02 4.831432279999000020e+06 4.635482700199999963e+05
2.767799989999999752e+02 4.831432440001999959e+06 4.635483400269999984e+05
2.767500000000000000e+02 4.831432450012000278e+06 4.635483499760000268e+05
2.766799930000000245e+02 4.831432500000000000e+06 4.635483900150000118e+05
2.761300049999999828e+02 4.831432309998000041e+06 4.635482299800000037e+05
2.767999879999999848e+02 4.831432470000999980e+06 4.635483300169999711e+05
2.761099849999999947e+02 4.831432309998000041e+06 4.635482000119999866e+05
2.768299870000000169e+02 4.831432500000000000e+06 4.635483300169999711e+05
2.768200069999999755e+02 4.831432450012000278e+06 4.635483099979999824e+05
2.767900089999999977e+02 4.831432470000999980e+06 4.635483200070000021e+05
2.768200069999999755e+02 4.831432489989999682e+06 4.635483200070000021e+05
2.766499939999999924e+02 4.831432359985000454e+06 4.635483499760000268e+05
2.764800109999999904e+02 4.831432290009000339e+06 4.635483300169999711e+05
2.762699890000000096e+02 4.831432290009000339e+06 4.635483599849999882e+05
2.768099980000000073e+02 4.831432470000999980e+06 4.635483099979999824e+05
2.766400150000000053e+02 4.831432500000000000e+06 4.635483499760000268e+05
2.760899959999999851e+02 4.831432279999000020e+06 4.635482000119999866e+05
2.767200010000000248e+02 4.831432420013000257e+06 4.635483099979999824e+05
2.766000060000000076e+02 4.831432480011000298e+06 4.635483699950000155e+05
2.764899899999999775e+02 4.831432390014999546e+06 4.635483300169999711e+05
2.765899959999999851e+02 4.831432429992999882e+06 4.635483400269999984e+05
2.767000120000000152e+02 4.831432489989999682e+06 4.635483499760000268e+05
2.767399899999999775e+02 4.831432429992999882e+06 4.635483200070000021e+05
2.767799989999999752e+02 4.831432410004000179e+06 4.635483099979999824e+05
2.762200010000000248e+02 4.831432279999000020e+06 4.635483400269999984e+05
2.762799989999999752e+02 4.831432279999000020e+06 4.635483300169999711e+05
2.763800049999999828e+02 4.831432320007000118e+06 4.635483400269999984e+05
2.765100100000000225e+02 4.831432380005000159e+06 4.635483599849999882e+05
2.766099849999999947e+02 4.831432420013000257e+06 4.635483699950000155e+05
2.764899899999999775e+02 4.831432260010000318e+06 4.635482999880000134e+05
2.766900019999999927e+02 4.831432350006000139e+06 4.635483300169999711e+05
2.768999939999999924e+02 4.831432510010000318e+06 4.635482899779999861e+05
2.768299870000000169e+02 4.831432470000999980e+06 4.635483099979999824e+05
2.766400150000000053e+02 4.831432489989999682e+06 4.635483699950000155e+05
2.767099910000000023e+02 4.831432500000000000e+06 4.635483800049999845e+05
2.767000120000000152e+02 4.831432350006000139e+06 4.635482800290000159e+05
2.764200129999999831e+02 4.831432359985000454e+06 4.635483400269999984e+05
2.766700129999999831e+02 4.831432339995999821e+06 4.635483300169999711e+05
2.761799930000000245e+02 4.831432260010000318e+06 4.635483300169999711e+05
2.762600100000000225e+02 4.831432290009000339e+06 4.635483499760000268e+05
2.763500060000000076e+02 4.831432299987999722e+06 4.635483599849999882e+05
2.768599849999999947e+02 4.831432489989999682e+06 4.635483200070000021e+05
2.767600100000000225e+02 4.831432470000999980e+06 4.635483300169999711e+05
2.767900089999999977e+02 4.831432440001999959e+06 4.635483200070000021e+05
2.766900019999999927e+02 4.831432359985000454e+06 4.635483599849999882e+05
2.763900150000000053e+02 4.831432369994999841e+06 4.635483599849999882e+05
2.764599910000000023e+02 4.831432369994999841e+06 4.635483699950000155e+05
2.763500060000000076e+02 4.831432329986999743e+06 4.635483599849999882e+05
2.764299930000000245e+02 4.831432339995999821e+06 4.635483900150000118e+05
2.765100100000000225e+02 4.831432350006000139e+06 4.635483300169999711e+05
2.768299870000000169e+02 4.831432450012000278e+06 4.635482700199999963e+05
2.768500060000000076e+02 4.831432470000999980e+06 4.635482700199999963e+05
2.768900150000000053e+02 4.831432489989999682e+06 4.635482700199999963e+05
2.763099980000000073e+02 4.831432250000000000e+06 4.635483400269999984e+05
2.766900019999999927e+02 4.831432329986999743e+06 4.635483400269999984e+05
2.767000120000000152e+02 4.831432359985000454e+06 4.635483300169999711e+05
2.767399899999999775e+02 4.831432410004000179e+06 4.635483200070000021e+05
2.767900089999999977e+02 4.831432429992999882e+06 4.635482999880000134e+05
2.768699950000000172e+02 4.831432470000999980e+06 4.635482800290000159e+05
2.768900150000000053e+02 4.831432500000000000e+06 4.635482700199999963e+05
2.765199890000000096e+02 4.831432350006000139e+06 4.635483300169999711e+05
2.766799930000000245e+02 4.831432359985000454e+06 4.635482899779999861e+05
2.766300049999999828e+02 4.831432390014999546e+06 4.635482999880000134e+05
2.763099980000000073e+02 4.831432269988999702e+06 4.635483200070000021e+05
2.763299870000000169e+02 4.831432290009000339e+06 4.635483099979999824e+05
2.768500060000000076e+02 4.831432500000000000e+06 4.635482899779999861e+05
2.769800109999999904e+02 4.831432500000000000e+06 4.635482100220000139e+05
2.767000120000000152e+02 4.831432350006000139e+06 4.635483699950000155e+05
2.769100040000000149e+02 4.831432410004000179e+06 4.635482199709999841e+05
2.768500060000000076e+02 4.831432399993999861e+06 4.635482199709999841e+05
2.765400089999999977e+02 4.831432329986999743e+06 4.635482800290000159e+05
2.767699890000000096e+02 4.831432309998000041e+06 4.635482399899999727e+05
2.764800109999999904e+02 4.831432260010000318e+06 4.635482800290000159e+05
2.764400019999999927e+02 4.831432260010000318e+06 4.635482700199999963e+05
2.763800049999999828e+02 4.831432250000000000e+06 4.635482800290000159e+05
2.762500000000000000e+02 4.831432320007000118e+06 4.635483800049999845e+05
2.768200069999999755e+02 4.831432450012000278e+06 4.635483200070000021e+05
2.761199950000000172e+02 4.831432290009000339e+06 4.635482000119999866e+05
2.762500000000000000e+02 4.831432299987999722e+06 4.635483400269999984e+05
2.763299870000000169e+02 4.831432309998000041e+06 4.635483400269999984e+05
2.763900150000000053e+02 4.831432320007000118e+06 4.635483400269999984e+05
2.764899899999999775e+02 4.831432339995999821e+06 4.635483300169999711e+05
2.765799870000000169e+02 4.831432420013000257e+06 4.635483499760000268e+05
2.766199950000000172e+02 4.831432420013000257e+06 4.635483499760000268e+05
2.766400150000000053e+02 4.831432489989999682e+06 4.635483599849999882e+05
2.766900019999999927e+02 4.831432489989999682e+06 4.635483599849999882e+05
2.762099910000000023e+02 4.831432260010000318e+06 4.635483300169999711e+05
2.763200069999999755e+02 4.831432309998000041e+06 4.635483200070000021e+05
2.768599849999999947e+02 4.831432489989999682e+06 4.635482899779999861e+05
2.766499939999999924e+02 4.831432480011000298e+06 4.635483599849999882e+05
2.768200069999999755e+02 4.831432459990999661e+06 4.635483699950000155e+05
2.769400019999999927e+02 4.831432470000999980e+06 4.635482800290000159e+05
2.768200069999999755e+02 4.831432450012000278e+06 4.635482899779999861e+05
2.766300049999999828e+02 4.831432399993999861e+06 4.635483200070000021e+05
2.764100040000000149e+02 4.831432299987999722e+06 4.635483200070000021e+05
2.762699890000000096e+02 4.831432269988999702e+06 4.635483300169999711e+05
2.763599849999999947e+02 4.831432269988999702e+06 4.635483499760000268e+05
2.767000120000000152e+02 4.831432309998000041e+06 4.635483300169999711e+05
2.764299930000000245e+02 4.831432269988999702e+06 4.635483599849999882e+05
2.763999939999999924e+02 4.831432279999000020e+06 4.635483499760000268e+05
2.762200010000000248e+02 4.831432269988999702e+06 4.635483099979999824e+05
2.763099980000000073e+02 4.831432250000000000e+06 4.635483200070000021e+05
2.763299870000000169e+02 4.831432290009000339e+06 4.635483400269999984e+05
2.763699950000000172e+02 4.831432320007000118e+06 4.635483499760000268e+05
2.763999939999999924e+02 4.831432309998000041e+06 4.635483699950000155e+05
2.764299930000000245e+02 4.831432359985000454e+06 4.635483400269999984e+05
2.764599910000000023e+02 4.831432350006000139e+06 4.635483599849999882e+05
2.766499939999999924e+02 4.831432339995999821e+06 4.635483499760000268e+05
2.767200010000000248e+02 4.831432390014999546e+06 4.635483300169999711e+05
2.767600100000000225e+02 4.831432410004000179e+06 4.635483200070000021e+05
2.767500000000000000e+02 4.831432399993999861e+06 4.635483400269999984e+05
2.767900089999999977e+02 4.831432440001999959e+06 4.635482999880000134e+05
2.767900089999999977e+02 4.831432420013000257e+06 4.635483300169999711e+05
2.767900089999999977e+02 4.831432440001999959e+06 4.635483099979999824e+05
2.767999879999999848e+02 4.831432429992999882e+06 4.635483300169999711e+05
2.768200069999999755e+02 4.831432450012000278e+06 4.635483200070000021e+05
2.767200010000000248e+02 4.831432440001999959e+06 4.635483599849999882e+05
2.768399959999999851e+02 4.831432470000999980e+06 4.635483099979999824e+05
2.767399899999999775e+02 4.831432459990999661e+06 4.635483599849999882e+05
2.768699950000000172e+02 4.831432500000000000e+06 4.635482999880000134e+05
2.767999879999999848e+02 4.831432480011000298e+06 4.635483400269999984e+05
2.766900019999999927e+02 4.831432470000999980e+06 4.635483800049999845e+05
2.767500000000000000e+02 4.831432489989999682e+06 4.635483699950000155e+05
2.767099910000000023e+02 4.831432480011000298e+06 4.635484000239999732e+05
2.767900089999999977e+02 4.831432440001999959e+06 4.635483099979999824e+05
2.768599849999999947e+02 4.831432489989999682e+06 4.635483099979999824e+05
2.767900089999999977e+02 4.831432459990999661e+06 4.635483400269999984e+05
2.766799930000000245e+02 4.831432480011000298e+06 4.635483699950000155e+05
2.766900019999999927e+02 4.831432480011000298e+06 4.635483800049999845e+05
2.764400019999999927e+02 4.831432320007000118e+06 4.635483800049999845e+05
2.767799989999999752e+02 4.831432489989999682e+06 4.635483699950000155e+05
2.768200069999999755e+02 4.831432500000000000e+06 4.635483499760000268e+05
2.766900019999999927e+02 4.831432440001999959e+06 4.635483800049999845e+05
2.767300109999999904e+02 4.831432450012000278e+06 4.635483599849999882e+05
2.768999939999999924e+02 4.831432459990999661e+06 4.635482999880000134e+05
2.766300049999999828e+02 4.831432399993999861e+06 4.635483699950000155e+05
2.766700129999999831e+02 4.831432410004000179e+06 4.635483499760000268e+05
2.768500060000000076e+02 4.831432429992999882e+06 4.635482800290000159e+05
2.766300049999999828e+02 4.831432380005000159e+06 4.635483300169999711e+05
2.766600040000000149e+02 4.831432350006000139e+06 4.635483400269999984e+05
2.765000000000000000e+02 4.831432339995999821e+06 4.635483599849999882e+05
2.766400150000000053e+02 4.831432329986999743e+06 4.635483400269999984e+05
2.767099910000000023e+02 4.831432329986999743e+06 4.635483200070000021e+05
2.765000000000000000e+02 4.831432309998000041e+06 4.635483699950000155e+05
2.766499939999999924e+02 4.831432290009000339e+06 4.635483400269999984e+05
2.766499939999999924e+02 4.831432279999000020e+06 4.635483300169999711e+05
2.764200129999999831e+02 4.831432250000000000e+06 4.635483699950000155e+05
2.762900089999999977e+02 4.831432239989999682e+06 4.635483099979999824e+05
2.763900150000000053e+02 4.831432309998000041e+06 4.635483800049999845e+05
2.762999879999999848e+02 4.831432239989999682e+06 4.635483499760000268e+05
2.764500120000000152e+02 4.831432320007000118e+06 4.635484099730000016e+05
2.769700010000000248e+02 4.831432500000000000e+06 4.635483699950000155e+05
2.763800049999999828e+02 4.831432329986999743e+06 4.635483800049999845e+05
2.762999879999999848e+02 4.831432299987999722e+06 4.635484000239999732e+05
2.768099980000000073e+02 4.831432500000000000e+06 4.635484600220000139e+05
2.768500060000000076e+02 4.831432500000000000e+06 4.635484899899999727e+05
2.768900150000000053e+02 4.831432559998000041e+06 4.635484199830000289e+05
2.769299930000000245e+02 4.831432589995999821e+06 4.635484299929999979e+05
2.769599910000000023e+02 4.831432600006000139e+06 4.635484299929999979e+05
2.770000000000000000e+02 4.831432619994999841e+06 4.635484400020000176e+05
2.768299870000000169e+02 4.831432600006000139e+06 4.635483699950000155e+05
2.769100040000000149e+02 4.831432579986999743e+06 4.635483599849999882e+05
2.768800049999999828e+02 4.831432529999000020e+06 4.635484299929999979e+05
2.770100100000000225e+02 4.831432609985000454e+06 4.635484099730000016e+05
2.769899899999999775e+02 4.831432600006000139e+06 4.635484099730000016e+05
2.770299989999999752e+02 4.831432619994999841e+06 4.635484099730000016e+05
2.770199890000000096e+02 4.831432619994999841e+06 4.635484099730000016e+05
2.769400019999999927e+02 4.831432549987999722e+06 4.635483800049999845e+05
2.769800109999999904e+02 4.831432600006000139e+06 4.635484099730000016e+05
2.770199890000000096e+02 4.831432609985000454e+06 4.635484099730000016e+05
2.769299930000000245e+02 4.831432549987999722e+06 4.635483800049999845e+05
2.769800109999999904e+02 4.831432600006000139e+06 4.635484099730000016e+05
2.770199890000000096e+02 4.831432619994999841e+06 4.635484099730000016e+05
2.769100040000000149e+02 4.831432549987999722e+06 4.635483900150000118e+05
2.770100100000000225e+02 4.831432619994999841e+06 4.635484099730000016e+05
2.768099980000000073e+02 4.831432519988999702e+06 4.635483499760000268e+05
2.768200069999999755e+02 4.831432549987999722e+06 4.635483800049999845e+05
2.770599980000000073e+02 4.831432600006000139e+06 4.635485000000000000e+05
2.770499879999999848e+02 4.831432619994999841e+06 4.635485000000000000e+05
2.770100100000000225e+02 4.831432609985000454e+06 4.635485300290000159e+05
2.769899899999999775e+02 4.831432549987999722e+06 4.635485000000000000e+05
2.768699950000000172e+02 4.831432519988999702e+06 4.635484699709999841e+05
2.770700069999999755e+02 4.831432619994999841e+06 4.635483699950000155e+05
2.769299930000000245e+02 4.831432559998000041e+06 4.635483900150000118e+05
2.769800109999999904e+02 4.831432589995999821e+06 4.635484899899999727e+05
2.769400019999999927e+02 4.831432570007000118e+06 4.635484799800000037e+05
2.768399959999999851e+02 4.831432529999000020e+06 4.635485100100000273e+05
2.769400019999999927e+02 4.831432619994999841e+06 4.635483900150000118e+05
2.768099980000000073e+02 4.831432529999000020e+06 4.635483900150000118e+05
2.770899959999999851e+02 4.831432619994999841e+06 4.635482999880000134e+05
2.770599980000000073e+02 4.831432600006000139e+06 4.635482899779999861e+05
2.769100040000000149e+02 4.831432559998000041e+06 4.635483699950000155e+05
2.768200069999999755e+02 4.831432540009000339e+06 4.635483699950000155e+05
2.769599910000000023e+02 4.831432570007000118e+06 4.635484099730000016e+05
2.768800049999999828e+02 4.831432529999000020e+06 4.635483900150000118e+05
2.768500060000000076e+02 4.831432529999000020e+06 4.635483900150000118e+05
2.768800049999999828e+02 4.831432570007000118e+06 4.635484000239999732e+05
2.768599849999999947e+02 4.831432559998000041e+06 4.635483699950000155e+05
2.769100040000000149e+02 4.831432589995999821e+06 4.635483900150000118e+05
2.768999939999999924e+02 4.831432609985000454e+06 4.635483900150000118e+05
2.769400019999999927e+02 4.831432589995999821e+06 4.635483900150000118e+05
2.767699890000000096e+02 4.831432559998000041e+06 4.635483900150000118e+05
2.767999879999999848e+02 4.831432579986999743e+06 4.635483900150000118e+05
2.768200069999999755e+02 4.831432540009000339e+06 4.635483800049999845e+05
2.768200069999999755e+02 4.831432579986999743e+06 4.635483900150000118e+05
2.767799989999999752e+02 4.831432579986999743e+06 4.635483599849999882e+05
2.767999879999999848e+02 4.831432589995999821e+06 4.635483400269999984e+05
2.768699950000000172e+02 4.831432589995999821e+06 4.635483699950000155e+05
2.767999879999999848e+02 4.831432570007000118e+06 4.635483699950000155e+05
2.767999879999999848e+02 4.831432589995999821e+06 4.635483599849999882e+05
2.767900089999999977e+02 4.831432579986999743e+06 4.635483300169999711e+05
2.768999939999999924e+02 4.831432619994999841e+06 4.635483599849999882e+05
2.768299870000000169e+02 4.831432559998000041e+06 4.635483699950000155e+05
2.769100040000000149e+02 4.831432579986999743e+06 4.635483800049999845e+05
2.767999879999999848e+02 4.831432570007000118e+06 4.635483699950000155e+05
2.768800049999999828e+02 4.831432579986999743e+06 4.635483900150000118e+05
2.768500060000000076e+02 4.831432529999000020e+06 4.635483400269999984e+05
2.768699950000000172e+02 4.831432600006000139e+06 4.635482999880000134e+05
2.769899899999999775e+02 4.831432609985000454e+06 4.635482800290000159e+05
2.768699950000000172e+02 4.831432549987999722e+06 4.635483599849999882e+05
2.769100040000000149e+02 4.831432579986999743e+06 4.635483499760000268e+05
2.769500120000000152e+02 4.831432549987999722e+06 4.635482500000000000e+05
2.768999939999999924e+02 4.831432589995999821e+06 4.635482700199999963e+05
2.767999879999999848e+02 4.831432529999000020e+06 4.635482500000000000e+05
2.767999879999999848e+02 4.831432589995999821e+06 4.635483400269999984e+05
2.768800049999999828e+02 4.831432609985000454e+06 4.635483300169999711e+05
2.768299870000000169e+02 4.831432549987999722e+06 4.635483400269999984e+05
2.770499879999999848e+02 4.831432609985000454e+06 4.635483800049999845e+05
2.769599910000000023e+02 4.831432540009000339e+06 4.635483699950000155e+05
2.771600040000000149e+02 4.831432609985000454e+06 4.635482299800000037e+05
2.768699950000000172e+02 4.831432589995999821e+06 4.635482899779999861e+05
2.769400019999999927e+02 4.831432549987999722e+06 4.635482800290000159e+05
2.768200069999999755e+02 4.831432529999000020e+06 4.635483499760000268e+05
2.769299930000000245e+02 4.831432559998000041e+06 4.635482800290000159e+05
2.768200069999999755e+02 4.831432540009000339e+06 4.635483599849999882e+05
2.768699950000000172e+02 4.831432619994999841e+06 4.635483400269999984e+05
2.768999939999999924e+02 4.831432589995999821e+06 4.635483900150000118e+05
2.767900089999999977e+02 4.831432600006000139e+06 4.635483499760000268e+05
2.767999879999999848e+02 4.831432589995999821e+06 4.635483699950000155e+05
2.770499879999999848e+02 4.831432609985000454e+06 4.635482399899999727e+05
2.768800049999999828e+02 4.831432549987999722e+06 4.635484099730000016e+05
2.768800049999999828e+02 4.831432570007000118e+06 4.635484299929999979e+05
2.768800049999999828e+02 4.831432579986999743e+06 4.635484299929999979e+05
2.770000000000000000e+02 4.831432619994999841e+06 4.635484500119999866e+05
2.769100040000000149e+02 4.831432570007000118e+06 4.635484500119999866e+05
2.768999939999999924e+02 4.831432549987999722e+06 4.635484899899999727e+05
2.769800109999999904e+02 4.831432589995999821e+06 4.635483400269999984e+05
2.769700010000000248e+02 4.831432619994999841e+06 4.635484199830000289e+05
2.768599849999999947e+02 4.831432589995999821e+06 4.635484299929999979e+05
2.765899959999999851e+02 4.831431440001999959e+06 4.635485900269999984e+05
2.761300049999999828e+02 4.831431480011000298e+06 4.635486799929999979e+05
2.762399899999999775e+02 4.831431459990999661e+06 4.635485599979999824e+05
2.762000120000000152e+02 4.831431380005000159e+06 4.635485900269999984e+05
2.761199950000000172e+02 4.831431470000999980e+06 4.635486900020000176e+05
2.761199950000000172e+02 4.831431429992999882e+06 4.635485900269999984e+05
2.762300109999999904e+02 4.831431399993999861e+06 4.635485300290000159e+05
2.761799930000000245e+02 4.831431480011000298e+06 4.635486099849999882e+05
2.762900089999999977e+02 4.831431390014999546e+06 4.635485900269999984e+05
2.761799930000000245e+02 4.831431420013000257e+06 4.635484600220000139e+05
2.764200129999999831e+02 4.831431480011000298e+06 4.635486300049999845e+05
2.765299989999999752e+02 4.831431450012000278e+06 4.635486599730000016e+05
2.760299989999999752e+02 4.831431399993999861e+06 4.635486099849999882e+05
2.762200010000000248e+02 4.831431480011000298e+06 4.635487600100000273e+05
2.762000120000000152e+02 4.831431470000999980e+06 4.635487700199999963e+05
2.761400150000000053e+02 4.831431459990999661e+06 4.635487700199999963e+05
2.762000120000000152e+02 4.831431450012000278e+06 4.635484799800000037e+05
2.763699950000000172e+02 4.831431429992999882e+06 4.635486300049999845e+05
2.760199890000000096e+02 4.831431429992999882e+06 4.635485100100000273e+05
2.760199890000000096e+02 4.831431459990999661e+06 4.635485300290000159e+05
2.761300049999999828e+02 4.831431480011000298e+06 4.635484000239999732e+05
2.761300049999999828e+02 4.831431440001999959e+06 4.635484299929999979e+05
2.761600040000000149e+02 4.831431450012000278e+06 4.635484500119999866e+05
2.760299989999999752e+02 4.831431459990999661e+06 4.635485900269999984e+05
2.768099980000000073e+02 4.831431459990999661e+06 4.635485300290000159e+05
2.761400150000000053e+02 4.831431440001999959e+06 4.635484299929999979e+05
2.763299870000000169e+02 4.831431480011000298e+06 4.635486799929999979e+05
2.762300109999999904e+02 4.831431459990999661e+06 4.635486199950000155e+05
2.762799989999999752e+02 4.831431480011000298e+06 4.635486699830000289e+05
2.760799870000000169e+02 4.831431459990999661e+06 4.635484000239999732e+05
2.763200069999999755e+02 4.831431470000999980e+06 4.635487100220000139e+05
2.762799989999999752e+02 4.831431480011000298e+06 4.635487000119999866e+05
2.762099910000000023e+02 4.831431480011000298e+06 4.635486400150000118e+05
2.762200010000000248e+02 4.831431440001999959e+06 4.635486400150000118e+05
2.762399899999999775e+02 4.831431450012000278e+06 4.635484799800000037e+05
2.761499939999999924e+02 4.831431450012000278e+06 4.635485200199999963e+05
2.760499879999999848e+02 4.831431410004000179e+06 4.635484899899999727e+05
2.761700129999999831e+02 4.831431480011000298e+06 4.635486500239999732e+05
2.762099910000000023e+02 4.831431429992999882e+06 4.635484699709999841e+05
2.761400150000000053e+02 4.831431450012000278e+06 4.635483900150000118e+05
2.760799870000000169e+02 4.831431440001999959e+06 4.635484000239999732e+05
2.761300049999999828e+02 4.831431480011000298e+06 4.635484199830000289e+05
2.762000120000000152e+02 4.831431459990999661e+06 4.635484699709999841e+05
2.760199890000000096e+02 4.831431470000999980e+06 4.635485599979999824e+05
2.761400150000000053e+02 4.831431730011000298e+06 4.635480499880000134e+05
2.762900089999999977e+02 4.831432200012000278e+06 4.635478800049999845e+05
2.760499879999999848e+02 4.831431660004000179e+06 4.635480399779999861e+05
2.767900089999999977e+02 4.831431760010000318e+06 4.635481199950000155e+05
2.767799989999999752e+02 4.831431769988999702e+06 4.635481300049999845e+05
2.762300109999999904e+02 4.831432179992999882e+06 4.635477999880000134e+05
2.767999879999999848e+02 4.831431980011000298e+06 4.635481199950000155e+05
2.762200010000000248e+02 4.831431940001999959e+06 4.635481699830000289e+05
2.760100100000000225e+02 4.831432109985000454e+06 4.635484099730000016e+05
2.763800049999999828e+02 4.831432209990999661e+06 4.635483900150000118e+05
2.765199890000000096e+02 4.831431549987999722e+06 4.635486400150000118e+05
2.766199950000000172e+02 4.831431549987999722e+06 4.635486400150000118e+05
2.767000120000000152e+02 4.831431579986999743e+06 4.635486500239999732e+05
2.767500000000000000e+02 4.831431579986999743e+06 4.635486500239999732e+05
2.767999879999999848e+02 4.831431600006000139e+06 4.635486599730000016e+05
2.768599849999999947e+02 4.831431600006000139e+06 4.635486599730000016e+05
2.765599980000000073e+02 4.831431540009000339e+06 4.635485900269999984e+05
2.766099849999999947e+02 4.831431549987999722e+06 4.635485999760000268e+05
2.767799989999999752e+02 4.831431579986999743e+06 4.635486099849999882e+05
2.768099980000000073e+02 4.831431600006000139e+06 4.635486199950000155e+05
2.768599849999999947e+02 4.831431600006000139e+06 4.635486199950000155e+05
2.768900150000000053e+02 4.831431619994999841e+06 4.635486300049999845e+05
2.769500120000000152e+02 4.831431619994999841e+06 4.635486300049999845e+05
2.769800109999999904e+02 4.831431640014999546e+06 4.635486400150000118e+05
2.770299989999999752e+02 4.831431649993999861e+06 4.635486500239999732e+05
2.766600040000000149e+02 4.831431540009000339e+06 4.635486199950000155e+05
2.768099980000000073e+02 4.831431570007000118e+06 4.635486199950000155e+05
2.768599849999999947e+02 4.831431589995999821e+06 4.635486199950000155e+05
2.768999939999999924e+02 4.831431609985000454e+06 4.635486199950000155e+05
2.769500120000000152e+02 4.831431619994999841e+06 4.635486199950000155e+05
2.769800109999999904e+02 4.831431630005000159e+06 4.635486199950000155e+05
2.770199890000000096e+02 4.831431649993999861e+06 4.635486300049999845e+05
2.770599980000000073e+02 4.831431670013000257e+06 4.635486300049999845e+05
2.771000060000000076e+02 4.831431679992999882e+06 4.635486300049999845e+05
2.771400150000000053e+02 4.831431690001999959e+06 4.635486300049999845e+05
2.771799930000000245e+02 4.831431709990999661e+06 4.635486300049999845e+05
2.772300109999999904e+02 4.831431720000999980e+06 4.635486300049999845e+05
2.760599980000000073e+02 4.831432119994999841e+06 4.635484099730000016e+05
2.761300049999999828e+02 4.831432260010000318e+06 4.635482399899999727e+05
2.770899959999999851e+02 4.831431609985000454e+06 4.635486400150000118e+05
2.769599910000000023e+02 4.831431600006000139e+06 4.635486199950000155e+05
2.770299989999999752e+02 4.831431630005000159e+06 4.635486300049999845e+05
2.771700129999999831e+02 4.831431670013000257e+06 4.635486199950000155e+05
2.762500000000000000e+02 4.831431529999000020e+06 4.635487399899999727e+05
2.767900089999999977e+02 4.831431529999000020e+06 4.635485800169999711e+05
2.767999879999999848e+02 4.831431570007000118e+06 4.635485999760000268e+05
2.768900150000000053e+02 4.831431600006000139e+06 4.635485999760000268e+05
2.769299930000000245e+02 4.831431619994999841e+06 4.635485999760000268e+05
2.769800109999999904e+02 4.831431640014999546e+06 4.635485999760000268e+05
2.762300109999999904e+02 4.831431489989999682e+06 4.635486699830000289e+05
2.765499879999999848e+02 4.831431510010000318e+06 4.635485900269999984e+05
2.766900019999999927e+02 4.831431540009000339e+06 4.635485700070000021e+05
2.768200069999999755e+02 4.831431640014999546e+06 4.635486099849999882e+05
2.765899959999999851e+02 4.831431559998000041e+06 4.635485399779999861e+05
2.762600100000000225e+02 4.831432149993999861e+06 4.635483300169999711e+05
2.762099910000000023e+02 4.831432170013000257e+06 4.635483300169999711e+05
2.762399899999999775e+02 4.831432200012000278e+06 4.635483400269999984e+05
2.762999879999999848e+02 4.831432200012000278e+06 4.635483200070000021e+05
2.762000120000000152e+02 4.831432200012000278e+06 4.635483499760000268e+05
2.762300109999999904e+02 4.831432160004000179e+06 4.635483099979999824e+05
2.761900019999999927e+02 4.831432190001999959e+06 4.635483499760000268e+05
2.762799989999999752e+02 4.831432179992999882e+06 4.635483099979999824e+05
2.761900019999999927e+02 4.831432190001999959e+06 4.635483400269999984e+05
2.761900019999999927e+02 4.831432190001999959e+06 4.635483400269999984e+05
2.762999879999999848e+02 4.831432170013000257e+06 4.635482899779999861e+05
2.763399959999999851e+02 4.831432190001999959e+06 4.635482999880000134e+05
2.762300109999999904e+02 4.831432200012000278e+06 4.635483099979999824e+05
2.761099849999999947e+02 4.831432269988999702e+06 4.635482100220000139e+05
2.760599980000000073e+02 4.831432119994999841e+06 4.635484400020000176e+05
2.768900150000000053e+02 4.831431619994999841e+06 4.635486799929999979e+05
2.767999879999999848e+02 4.831431570007000118e+06 4.635486500239999732e+05
2.767699890000000096e+02 4.831431559998000041e+06 4.635486500239999732e+05
2.769599910000000023e+02 4.831431570007000118e+06 4.635486699830000289e+05
2.768999939999999924e+02 4.831431570007000118e+06 4.635486799929999979e+05
2.769500120000000152e+02 4.831431579986999743e+06 4.635487100220000139e+05
2.768900150000000053e+02 4.831431570007000118e+06 4.635487199709999841e+05
2.769100040000000149e+02 4.831431529999000020e+06 4.635486900020000176e+05
2.760400089999999977e+02 4.831432279999000020e+06 4.635482199709999841e+05
2.760899959999999851e+02 4.831432239989999682e+06 4.635482399899999727e+05
2.768299870000000169e+02 4.831432079986999743e+06 4.635482000119999866e+05
2.760899959999999851e+02 4.831432239989999682e+06 4.635482800290000159e+05
2.760599980000000073e+02 4.831432049987999722e+06 4.635484500119999866e+05
2.760499879999999848e+02 4.831431739989999682e+06 4.635484600220000139e+05
2.760100100000000225e+02 4.831431700012000278e+06 4.635484299929999979e+05
2.769899899999999775e+02 4.831431600006000139e+06 4.635486799929999979e+05
2.768399959999999851e+02 4.831431579986999743e+06 4.635486699830000289e+05
2.767500000000000000e+02 4.831431549987999722e+06 4.635486400150000118e+05
2.766300049999999828e+02 4.831431529999000020e+06 4.635486300049999845e+05
2.765199890000000096e+02 4.831431559998000041e+06 4.635486400150000118e+05
2.765000000000000000e+02 4.831431540009000339e+06 4.635486300049999845e+05
2.763900150000000053e+02 4.831431529999000020e+06 4.635486199950000155e+05
2.769400019999999927e+02 4.831431559998000041e+06 4.635487000119999866e+05
2.768399959999999851e+02 4.831431549987999722e+06 4.635486900020000176e+05
2.768099980000000073e+02 4.831431540009000339e+06 4.635486799929999979e+05
2.765899959999999851e+02 4.831431510010000318e+06 4.635486500239999732e+05
2.765599980000000073e+02 4.831431500000000000e+06 4.635486400150000118e+05
2.765199890000000096e+02 4.831431489989999682e+06 4.635486400150000118e+05
2.762000120000000152e+02 4.831431529999000020e+06 4.635487899779999861e+05
2.763200069999999755e+02 4.831431500000000000e+06 4.635487999880000134e+05
2.762399899999999775e+02 4.831431510010000318e+06 4.635487999880000134e+05
2.762000120000000152e+02 4.831431500000000000e+06 4.635487999880000134e+05
2.770700069999999755e+02 4.831431619994999841e+06 4.635487299800000037e+05
2.765899959999999851e+02 4.831431510010000318e+06 4.635486500239999732e+05
2.765400089999999977e+02 4.831431519988999702e+06 4.635486400150000118e+05
2.764700010000000248e+02 4.831431519988999702e+06 4.635486300049999845e+05
2.762900089999999977e+02 4.831431579986999743e+06 4.635486300049999845e+05
2.767900089999999977e+02 4.831431609985000454e+06 4.635486500239999732e+05
2.765100100000000225e+02 4.831431549987999722e+06 4.635485399779999861e+05
2.762600100000000225e+02 4.831432040009000339e+06 4.635484000239999732e+05
2.763800049999999828e+02 4.831431609985000454e+06 4.635487800290000159e+05
2.763999939999999924e+02 4.831431630005000159e+06 4.635487899779999861e+05
2.764299930000000245e+02 4.831431640014999546e+06 4.635487899779999861e+05
2.761900019999999927e+02 4.831431529999000020e+06 4.635486699830000289e+05
2.761900019999999927e+02 4.831431559998000041e+06 4.635486900020000176e+05
2.762500000000000000e+02 4.831431589995999821e+06 4.635487000119999866e+05
2.767699890000000096e+02 4.831431609985000454e+06 4.635486400150000118e+05
2.771300049999999828e+02 4.831431670013000257e+06 4.635486199950000155e+05
2.764100040000000149e+02 4.831431600006000139e+06 4.635487800290000159e+05
2.766199950000000172e+02 4.831431589995999821e+06 4.635487000119999866e+05
2.768900150000000053e+02 4.831431619994999841e+06 4.635486199950000155e+05
2.770700069999999755e+02 4.831431660004000179e+06 4.635485900269999984e+05
2.772000120000000152e+02 4.831431720000999980e+06 4.635485800169999711e+05
2.765499879999999848e+02 4.831431549987999722e+06 4.635485900269999984e+05
2.766900019999999927e+02 4.831431559998000041e+06 4.635485499880000134e+05
2.767399899999999775e+02 4.831431579986999743e+06 4.635485399779999861e+05
2.767999879999999848e+02 4.831431619994999841e+06 4.635485499880000134e+05
2.761199950000000172e+02 4.831432260010000318e+06 4.635482199709999841e+05
2.761499939999999924e+02 4.831432230011000298e+06 4.635482600100000273e+05
2.761400150000000053e+02 4.831432190001999959e+06 4.635483499760000268e+05
2.761499939999999924e+02 4.831432170013000257e+06 4.635483400269999984e+05
2.772000120000000152e+02 4.831431709990999661e+06 4.635486199950000155e+05
2.770199890000000096e+02 4.831431640014999546e+06 4.635486099849999882e+05
2.764800109999999904e+02 4.831431619994999841e+06 4.635485499880000134e+05
2.761099849999999947e+02 4.831431559998000041e+06 4.635485999760000268e+05
2.762699890000000096e+02 4.831432130005000159e+06 4.635483800049999845e+05
2.761099849999999947e+02 4.831432200012000278e+06 4.635483699950000155e+05
2.760799870000000169e+02 4.831432170013000257e+06 4.635483499760000268e+05
2.760599980000000073e+02 4.831432170013000257e+06 4.635483599849999882e+05
2.761300049999999828e+02 4.831432119994999841e+06 4.635483699950000155e+05
2.761799930000000245e+02 4.831432089995999821e+06 4.635483800049999845e+05
2.760799870000000169e+02 4.831432170013000257e+06 4.635483499760000268e+05
2.761700129999999831e+02 4.831432239989999682e+06 4.635483499760000268e+05
2.761400150000000053e+02 4.831432250000000000e+06 4.635482899779999861e+05
2.761300049999999828e+02 4.831432260010000318e+06 4.635482500000000000e+05
2.770799870000000169e+02 4.831431670013000257e+06 4.635485700070000021e+05
2.772099910000000023e+02 4.831431730011000298e+06 4.635485599979999824e+05
2.772200010000000248e+02 4.831431760010000318e+06 4.635485800169999711e+05
2.764599910000000023e+02 4.831431649993999861e+06 4.635487899779999861e+05
2.765100100000000225e+02 4.831431700012000278e+06 4.635487899779999861e+05
2.769100040000000149e+02 4.831431640014999546e+06 4.635485499880000134e+05
2.769899899999999775e+02 4.831431690001999959e+06 4.635485499880000134e+05
2.763399959999999851e+02 4.831431609985000454e+06 4.635487399899999727e+05
2.763500060000000076e+02 4.831431640014999546e+06 4.635487500000000000e+05
2.763900150000000053e+02 4.831431670013000257e+06 4.635487500000000000e+05
2.767999879999999848e+02 4.831431619994999841e+06 4.635485300290000159e+05
2.768699950000000172e+02 4.831431670013000257e+06 4.635485300290000159e+05
2.768500060000000076e+02 4.831431690001999959e+06 4.635485499880000134e+05
2.762900089999999977e+02 4.831431630005000159e+06 4.635487100220000139e+05
2.766499939999999924e+02 4.831431570007000118e+06 4.635485300290000159e+05
2.767699890000000096e+02 4.831431619994999841e+06 4.635485100100000273e+05
2.768099980000000073e+02 4.831431660004000179e+06 4.635485200199999963e+05
2.767900089999999977e+02 4.831431679992999882e+06 4.635485399779999861e+05
2.762500000000000000e+02 4.831431589995999821e+06 4.635486799929999979e+05
2.762500000000000000e+02 4.831431609985000454e+06 4.635486900020000176e+05
2.765700069999999755e+02 4.831431559998000041e+06 4.635485100100000273e+05
2.766400150000000053e+02 4.831431600006000139e+06 4.635485100100000273e+05
2.766499939999999924e+02 4.831431630005000159e+06 4.635485200199999963e+05
2.766300049999999828e+02 4.831431649993999861e+06 4.635485300290000159e+05
2.761900019999999927e+02 4.831431570007000118e+06 4.635486500239999732e+05
2.761799930000000245e+02 4.831431600006000139e+06 4.635486699830000289e+05
2.762200010000000248e+02 4.831431630005000159e+06 4.635486699830000289e+05
2.766700129999999831e+02 4.831431600006000139e+06 4.635485100100000273e+05
2.767500000000000000e+02 4.831431640014999546e+06 4.635485100100000273e+05
2.767200010000000248e+02 4.831431660004000179e+06 4.635485300290000159e+05
2.765199890000000096e+02 4.831431640014999546e+06 4.635485800169999711e+05
2.762300109999999904e+02 4.831431579986999743e+06 4.635486599730000016e+05
2.762300109999999904e+02 4.831431609985000454e+06 4.635486699830000289e+05
2.762300109999999904e+02 4.831431630005000159e+06 4.635486900020000176e+05
2.766400150000000053e+02 4.831431570007000118e+06 4.635485100100000273e+05
2.766900019999999927e+02 4.831431609985000454e+06 4.635485100100000273e+05
2.767399899999999775e+02 4.831431649993999861e+06 4.635485200199999963e+05
2.767200010000000248e+02 4.831431660004000179e+06 4.635485399779999861e+05
2.762200010000000248e+02 4.831431579986999743e+06 4.635486699830000289e+05
2.762300109999999904e+02 4.831431609985000454e+06 4.635486799929999979e+05
2.762300109999999904e+02 4.831431630005000159e+06 4.635486900020000176e+05
2.767399899999999775e+02 4.831431600006000139e+06 4.635485200199999963e+05
2.768200069999999755e+02 4.831431640014999546e+06 4.635485200199999963e+05
2.768599849999999947e+02 4.831431679992999882e+06 4.635485200199999963e+05
2.768399959999999851e+02 4.831431700012000278e+06 4.635485399779999861e+05
2.762600100000000225e+02 4.831431589995999821e+06 4.635486799929999979e+05
2.762600100000000225e+02 4.831431640014999546e+06 4.635487100220000139e+05
2.767200010000000248e+02 4.831431589995999821e+06 4.635485200199999963e+05
2.767999879999999848e+02 4.831431649993999861e+06 4.635485200199999963e+05
2.762600100000000225e+02 4.831431579986999743e+06 4.635486799929999979e+05
2.762699890000000096e+02 4.831431600006000139e+06 4.635486900020000176e+05
2.762500000000000000e+02 4.831431619994999841e+06 4.635487100220000139e+05
2.768399959999999851e+02 4.831431600006000139e+06 4.635485200199999963e+05
2.768399959999999851e+02 4.831431630005000159e+06 4.635485300290000159e+05
2.769100040000000149e+02 4.831431670013000257e+06 4.635485300290000159e+05
2.768900150000000053e+02 4.831431690001999959e+06 4.635485499880000134e+05
2.763299870000000169e+02 4.831431609985000454e+06 4.635487100220000139e+05
2.763299870000000169e+02 4.831431640014999546e+06 4.635487199709999841e+05
2.768200069999999755e+02 4.831431630005000159e+06 4.635485300290000159e+05
2.768699950000000172e+02 4.831431670013000257e+06 4.635485300290000159e+05
2.768800049999999828e+02 4.831431700012000278e+06 4.635485399779999861e+05
2.768200069999999755e+02 4.831431700012000278e+06 4.635485599979999824e+05
2.762699890000000096e+02 4.831431600006000139e+06 4.635487000119999866e+05
2.762999879999999848e+02 4.831431630005000159e+06 4.635487100220000139e+05
2.763099980000000073e+02 4.831431660004000179e+06 4.635487299800000037e+05
2.766499939999999924e+02 4.831431570007000118e+06 4.635485200199999963e+05
2.767500000000000000e+02 4.831431630005000159e+06 4.635485100100000273e+05
2.767699890000000096e+02 4.831431660004000179e+06 4.635485200199999963e+05
2.767500000000000000e+02 4.831431679992999882e+06 4.635485399779999861e+05
2.762399899999999775e+02 4.831431589995999821e+06 4.635486699830000289e+05
2.762500000000000000e+02 4.831431619994999841e+06 4.635486799929999979e+05
2.762799989999999752e+02 4.831431649993999861e+06 4.635486900020000176e+05
2.761300049999999828e+02 4.831431570007000118e+06 4.635485999760000268e+05
2.761000060000000076e+02 4.831431579986999743e+06 4.635485200199999963e+05
2.761499939999999924e+02 4.831431980011000298e+06 4.635482000119999866e+05
2.761400150000000053e+02 4.831432239989999682e+06 4.635482399899999727e+05
2.762200010000000248e+02 4.831431519988999702e+06 4.635485499880000134e+05
2.765799870000000169e+02 4.831431589995999821e+06 4.635485300290000159e+05
2.767500000000000000e+02 4.831431609985000454e+06 4.635485200199999963e+05
2.767900089999999977e+02 4.831431600006000139e+06 4.635486099849999882e+05
2.770899959999999851e+02 4.831431700012000278e+06 4.635486199950000155e+05
2.772500000000000000e+02 4.831431739989999682e+06 4.635486199950000155e+05
2.772300109999999904e+02 4.831431709990999661e+06 4.635485999760000268e+05
2.762300109999999904e+02 4.831432250000000000e+06 4.635483699950000155e+05
2.762399899999999775e+02 4.831431600006000139e+06 4.635485499880000134e+05
2.762200010000000248e+02 4.831431559998000041e+06 4.635485300290000159e+05
2.766000060000000076e+02 4.831431600006000139e+06 4.635485700070000021e+05
2.768200069999999755e+02 4.831431649993999861e+06 4.635486099849999882e+05
2.769599910000000023e+02 4.831431660004000179e+06 4.635486199950000155e+05
2.761799930000000245e+02 4.831431529999000020e+06 4.635485599979999824e+05
2.766300049999999828e+02 4.831431570007000118e+06 4.635485999760000268e+05
2.762300109999999904e+02 4.831431600006000139e+06 4.635487199709999841e+05
2.761900019999999927e+02 4.831431529999000020e+06 4.635486799929999979e+05
2.763900150000000053e+02 4.831431630005000159e+06 4.635487999880000134e+05
2.763999939999999924e+02 4.831431609985000454e+06 4.635487800290000159e+05
2.761700129999999831e+02 4.831432230011000298e+06 4.635483599849999882e+05
2.760100100000000225e+02 4.831432170013000257e+06 4.635483699950000155e+05
2.772000120000000152e+02 4.831431769988999702e+06 4.635486500239999732e+05
2.762300109999999904e+02 4.831431589995999821e+06 4.635487100220000139e+05
2.761900019999999927e+02 4.831431579986999743e+06 4.635486599730000016e+05
2.761700129999999831e+02 4.831431600006000139e+06 4.635486799929999979e+05
2.762099910000000023e+02 4.831431529999000020e+06 4.635485700070000021e+05
2.771900019999999927e+02 4.831431730011000298e+06 4.635486799929999979e+05
2.769500120000000152e+02 4.831431640014999546e+06 4.635486099849999882e+05
2.769599910000000023e+02 4.831431670013000257e+06 4.635486400150000118e+05
2.768800049999999828e+02 4.831431670013000257e+06 4.635486300049999845e+05
2.768099980000000073e+02 4.831431660004000179e+06 4.635486199950000155e+05
2.766900019999999927e+02 4.831431640014999546e+06 4.635485999760000268e+05
2.766000060000000076e+02 4.831431619994999841e+06 4.635485900269999984e+05
2.765199890000000096e+02 4.831431600006000139e+06 4.635485800169999711e+05
2.762900089999999977e+02 4.831431570007000118e+06 4.635485499880000134e+05
2.762099910000000023e+02 4.831431559998000041e+06 4.635485399779999861e+05
2.761400150000000053e+02 4.831431559998000041e+06 4.635485300290000159e+05
2.760100100000000225e+02 4.831431559998000041e+06 4.635485300290000159e+05
2.771600040000000149e+02 4.831431739989999682e+06 4.635486599730000016e+05
2.769400019999999927e+02 4.831431649993999861e+06 4.635485900269999984e+05
2.769400019999999927e+02 4.831431690001999959e+06 4.635486199950000155e+05
2.768500060000000076e+02 4.831431670013000257e+06 4.635485999760000268e+05
2.767799989999999752e+02 4.831431670013000257e+06 4.635485999760000268e+05
2.766600040000000149e+02 4.831431640014999546e+06 4.635485800169999711e+05
2.765599980000000073e+02 4.831431619994999841e+06 4.635485599979999824e+05
2.764599910000000023e+02 4.831431600006000139e+06 4.635485399779999861e+05
2.762500000000000000e+02 4.831431579986999743e+06 4.635485200199999963e+05
2.761799930000000245e+02 4.831431570007000118e+06 4.635485200199999963e+05
2.761099849999999947e+02 4.831431570007000118e+06 4.635485100100000273e+05
2.760199890000000096e+02 4.831431549987999722e+06 4.635485000000000000e+05
2.768999939999999924e+02 4.831431700012000278e+06 4.635485700070000021e+05
2.767900089999999977e+02 4.831431670013000257e+06 4.635485499880000134e+05
2.766400150000000053e+02 4.831431619994999841e+06 4.635485100100000273e+05
2.771900019999999927e+02 4.831431760010000318e+06 4.635485499880000134e+05
2.761700129999999831e+02 4.831432239989999682e+06 4.635483400269999984e+05
2.761300049999999828e+02 4.831432250000000000e+06 4.635483499760000268e+05
2.764200129999999831e+02 4.831431630005000159e+06 4.635487800290000159e+05
2.764200129999999831e+02 4.831431670013000257e+06 4.635487999880000134e+05
2.763999939999999924e+02 4.831431640014999546e+06 4.635487700199999963e+05
2.763999939999999924e+02 4.831431670013000257e+06 4.635487899779999861e+05
2.763500060000000076e+02 4.831431679992999882e+06 4.635487999880000134e+05
2.763200069999999755e+02 4.831431609985000454e+06 4.635487399899999727e+05
2.763099980000000073e+02 4.831431640014999546e+06 4.635487600100000273e+05
2.762699890000000096e+02 4.831431649993999861e+06 4.635487700199999963e+05
2.763200069999999755e+02 4.831431609985000454e+06 4.635487299800000037e+05
2.763099980000000073e+02 4.831431640014999546e+06 4.635487500000000000e+05
2.762799989999999752e+02 4.831431660004000179e+06 4.635487600100000273e+05
2.762900089999999977e+02 4.831431630005000159e+06 4.635487299800000037e+05
2.762600100000000225e+02 4.831431640014999546e+06 4.635487500000000000e+05
2.763599849999999947e+02 4.831431630005000159e+06 4.635487500000000000e+05
2.763299870000000169e+02 4.831431649993999861e+06 4.635487700199999963e+05
2.762999879999999848e+02 4.831431609985000454e+06 4.635487199709999841e+05
2.762900089999999977e+02 4.831431640014999546e+06 4.635487399899999727e+05
2.762699890000000096e+02 4.831431589995999821e+06 4.635486900020000176e+05
2.762600100000000225e+02 4.831431619994999841e+06 4.635487000119999866e+05
2.762399899999999775e+02 4.831431640014999546e+06 4.635487199709999841e+05
2.770400089999999977e+02 4.831431720000999980e+06 4.635486300049999845e+05
2.769599910000000023e+02 4.831431700012000278e+06 4.635486300049999845e+05
2.767999879999999848e+02 4.831431640014999546e+06 4.635486099849999882e+05
2.767699890000000096e+02 4.831431660004000179e+06 4.635486300049999845e+05
2.761499939999999924e+02 4.831431609985000454e+06 4.635486799929999979e+05
2.771700129999999831e+02 4.831431769988999702e+06 4.635485999760000268e+05
2.770700069999999755e+02 4.831431739989999682e+06 4.635485900269999984e+05
2.769800109999999904e+02 4.831431720000999980e+06 4.635485900269999984e+05
2.769200129999999831e+02 4.831431720000999980e+06 4.635485999760000268e+05
2.768099980000000073e+02 4.831431679992999882e+06 4.635485900269999984e+05
2.767200010000000248e+02 4.831431660004000179e+06 4.635485900269999984e+05
2.761300049999999828e+02 4.831431559998000041e+06 4.635486199950000155e+05
2.761300049999999828e+02 4.831431600006000139e+06 4.635486400150000118e+05
2.772099910000000023e+02 4.831431790009000339e+06 4.635485399779999861e+05
2.767999879999999848e+02 4.831431660004000179e+06 4.635485200199999963e+05
2.768200069999999755e+02 4.831431709990999661e+06 4.635485499880000134e+05
2.766900019999999927e+02 4.831431660004000179e+06 4.635485300290000159e+05
2.766099849999999947e+02 4.831431640014999546e+06 4.635485399779999861e+05
2.765199890000000096e+02 4.831431619994999841e+06 4.635485399779999861e+05
2.762699890000000096e+02 4.831431570007000118e+06 4.635485399779999861e+05
2.761900019999999927e+02 4.831431559998000041e+06 4.635485399779999861e+05
2.760899959999999851e+02 4.831432250000000000e+06 4.635482899779999861e+05
2.764299930000000245e+02 4.831431649993999861e+06 4.635487899779999861e+05
2.768200069999999755e+02 4.831431660004000179e+06 4.635485399779999861e+05
2.767999879999999848e+02 4.831431679992999882e+06 4.635485499880000134e+05
2.767399899999999775e+02 4.831431679992999882e+06 4.635485700070000021e+05
2.762200010000000248e+02 4.831431630005000159e+06 4.635487000119999866e+05
2.767699890000000096e+02 4.831431670013000257e+06 4.635485200199999963e+05
2.767600100000000225e+02 4.831431700012000278e+06 4.635485300290000159e+05
2.766600040000000149e+02 4.831431660004000179e+06 4.635485399779999861e+05
2.765799870000000169e+02 4.831431640014999546e+06 4.635485599979999824e+05
2.765299989999999752e+02 4.831431630005000159e+06 4.635485200199999963e+05
2.764599910000000023e+02 4.831431619994999841e+06 4.635485300290000159e+05
2.761000060000000076e+02 4.831431600006000139e+06 4.635486300049999845e+05
2.761400150000000053e+02 4.831431609985000454e+06 4.635485900269999984e+05
2.762200010000000248e+02 4.831431589995999821e+06 4.635485499880000134e+05
2.762000120000000152e+02 4.831431640014999546e+06 4.635485800169999711e+05
2.760400089999999977e+02 4.831431600006000139e+06 4.635486099849999882e+05
2.760499879999999848e+02 4.831431600006000139e+06 4.635486099849999882e+05
2.761300049999999828e+02 4.831431609985000454e+06 4.635485700070000021e+05
2.760499879999999848e+02 4.831431589995999821e+06 4.635485800169999711e+05
2.761199950000000172e+02 4.831431579986999743e+06 4.635485100100000273e+05
2.760100100000000225e+02 4.831431570007000118e+06 4.635485399779999861e+05
2.760799870000000169e+02 4.831431589995999821e+06 4.635485000000000000e+05
2.760199890000000096e+02 4.831431579986999743e+06 4.635485200199999963e+05
2.760899959999999851e+02 4.831431570007000118e+06 4.635485000000000000e+05
2.760499879999999848e+02 4.831431579986999743e+06 4.635485200199999963e+05
2.760299989999999752e+02 4.831431589995999821e+06 4.635485100100000273e+05
2.760499879999999848e+02 4.831431609985000454e+06 4.635484600220000139e+05
2.760499879999999848e+02 4.831431649993999861e+06 4.635484500119999866e+05
2.760899959999999851e+02 4.831431709990999661e+06 4.635484699709999841e+05
2.763500060000000076e+02 4.831432179992999882e+06 4.635483800049999845e+05
2.761199950000000172e+02 4.831432220000999980e+06 4.635482899779999861e+05
2.761300049999999828e+02 4.831432269988999702e+06 4.635483099979999824e+05
2.760499879999999848e+02 4.831432119994999841e+06 4.635482399899999727e+05
2.762500000000000000e+02 4.831431899993999861e+06 4.635482999880000134e+05
2.767000120000000152e+02 4.831431640014999546e+06 4.635485200199999963e+05
2.767600100000000225e+02 4.831431649993999861e+06 4.635485200199999963e+05
2.767999879999999848e+02 4.831431630005000159e+06 4.635485100100000273e+05
2.766799930000000245e+02 4.831431630005000159e+06 4.635485599979999824e+05
2.767200010000000248e+02 4.831431630005000159e+06 4.635485599979999824e+05
2.767999879999999848e+02 4.831431649993999861e+06 4.635485599979999824e+05
2.768599849999999947e+02 4.831431660004000179e+06 4.635485599979999824e+05
2.769200129999999831e+02 4.831431670013000257e+06 4.635485599979999824e+05
2.769899899999999775e+02 4.831431690001999959e+06 4.635485599979999824e+05
2.771099849999999947e+02 4.831431750000000000e+06 4.635485800169999711e+05
2.771600040000000149e+02 4.831431739989999682e+06 4.635485700070000021e+05
2.772000120000000152e+02 4.831431730011000298e+06 4.635485599979999824e+05
2.761199950000000172e+02 4.831431570007000118e+06 4.635486300049999845e+05
2.761600040000000149e+02 4.831431549987999722e+06 4.635486199950000155e+05
2.768399959999999851e+02 4.831431630005000159e+06 4.635485900269999984e+05
2.769200129999999831e+02 4.831431660004000179e+06 4.635485900269999984e+05
2.770100100000000225e+02 4.831431690001999959e+06 4.635485999760000268e+05
2.770799870000000169e+02 4.831431709990999661e+06 4.635485999760000268e+05
2.771799930000000245e+02 4.831431750000000000e+06 4.635486099849999882e+05
2.772399899999999775e+02 4.831431760010000318e+06 4.635486099849999882e+05
2.761900019999999927e+02 4.831431579986999743e+06 4.635486699830000289e+05
2.762300109999999904e+02 4.831431559998000041e+06 4.635486500239999732e+05
2.770599980000000073e+02 4.831431690001999959e+06 4.635486300049999845e+05
2.771900019999999927e+02 4.831431750000000000e+06 4.635486500239999732e+05
2.762600100000000225e+02 4.831431600006000139e+06 4.635487199709999841e+05
2.763099980000000073e+02 4.831431600006000139e+06 4.635487100220000139e+05
2.763200069999999755e+02 4.831431619994999841e+06 4.635487700199999963e+05
2.763800049999999828e+02 4.831431630005000159e+06 4.635487700199999963e+05
2.764100040000000149e+02 4.831431600006000139e+06 4.635487500000000000e+05
2.760199890000000096e+02 4.831432190001999959e+06 4.635483200070000021e+05
2.761099849999999947e+02 4.831432209990999661e+06 4.635483400269999984e+05
2.761099849999999947e+02 4.831432179992999882e+06 4.635483200070000021e+05
2.762300109999999904e+02 4.831432049987999722e+06 4.635483800049999845e+05
2.766600040000000149e+02 4.831431630005000159e+06 4.635485300290000159e+05
2.767500000000000000e+02 4.831431649993999861e+06 4.635485499880000134e+05
2.769899899999999775e+02 4.831431709990999661e+06 4.635485900269999984e+05
2.770299989999999752e+02 4.831431700012000278e+06 4.635485900269999984e+05
2.771700129999999831e+02 4.831431769988999702e+06 4.635486400150000118e+05
2.760199890000000096e+02 4.831431540009000339e+06 4.635485200199999963e+05
2.762099910000000023e+02 4.831431540009000339e+06 4.635485300290000159e+05
2.765100100000000225e+02 4.831431559998000041e+06 4.635485499880000134e+05
2.765899959999999851e+02 4.831431579986999743e+06 4.635485700070000021e+05
2.767699890000000096e+02 4.831431630005000159e+06 4.635485999760000268e+05
2.768299870000000169e+02 4.831431630005000159e+06 4.635485999760000268e+05
2.769100040000000149e+02 4.831431640014999546e+06 4.635486199950000155e+05
2.761600040000000149e+02 4.831431589995999821e+06 4.635486900020000176e+05
2.762399899999999775e+02 4.831431600006000139e+06 4.635487100220000139e+05
2.760899959999999851e+02 4.831432260010000318e+06 4.635482000119999866e+05
2.762099910000000023e+02 4.831432059998000041e+06 4.635483800049999845e+05
2.771700129999999831e+02 4.831431779999000020e+06 4.635486099849999882e+05
2.771799930000000245e+02 4.831431760010000318e+06 4.635486599730000016e+05
2.772399899999999775e+02 4.831431750000000000e+06 4.635486599730000016e+05
2.767999879999999848e+02 4.831431679992999882e+06 4.635485900269999984e+05
2.768599849999999947e+02 4.831431690001999959e+06 4.635485999760000268e+05
2.769100040000000149e+02 4.831431670013000257e+06 4.635485999760000268e+05
2.770000000000000000e+02 4.831431690001999959e+06 4.635486300049999845e+05
2.769800109999999904e+02 4.831431640014999546e+06 4.635485900269999984e+05
2.770400089999999977e+02 4.831431589995999821e+06 4.635485499880000134e+05
2.766099849999999947e+02 4.831431619994999841e+06 4.635485599979999824e+05
2.766799930000000245e+02 4.831431630005000159e+06 4.635485800169999711e+05
2.767500000000000000e+02 4.831431630005000159e+06 4.635485999760000268e+05
2.767000120000000152e+02 4.831431559998000041e+06 4.635485300290000159e+05
2.765000000000000000e+02 4.831431549987999722e+06 4.635485499880000134e+05
2.761600040000000149e+02 4.831431549987999722e+06 4.635485300290000159e+05
2.762399899999999775e+02 4.831431549987999722e+06 4.635485399779999861e+05
2.761199950000000172e+02 4.831431540009000339e+06 4.635485499880000134e+05
2.761700129999999831e+02 4.831431519988999702e+06 4.635485499880000134e+05
2.761099849999999947e+02 4.831431579986999743e+06 4.635486500239999732e+05
2.761300049999999828e+02 4.831431579986999743e+06 4.635487100220000139e+05
2.762600100000000225e+02 4.831431619994999841e+06 4.635487700199999963e+05
2.761600040000000149e+02 4.831431570007000118e+06 4.635486199950000155e+05
2.765799870000000169e+02 4.831431549987999722e+06 4.635485100100000273e+05
2.765700069999999755e+02 4.831431579986999743e+06 4.635485100100000273e+05
2.763399959999999851e+02 4.831431839995999821e+06 4.635483599849999882e+05
2.760899959999999851e+02 4.831432100006000139e+06 4.635483200070000021e+05
2.761199950000000172e+02 4.831432260010000318e+06 4.635482299800000037e+05
2.764400019999999927e+02 4.831431609985000454e+06 4.635487800290000159e+05
2.764400019999999927e+02 4.831431649993999861e+06 4.635487800290000159e+05
2.770499879999999848e+02 4.831431679992999882e+06 4.635485900269999984e+05
2.771199950000000172e+02 4.831431700012000278e+06 4.635485700070000021e+05
2.763500060000000076e+02 4.831431579986999743e+06 4.635487399899999727e+05
2.763599849999999947e+02 4.831431609985000454e+06 4.635487399899999727e+05
2.763500060000000076e+02 4.831431640014999546e+06 4.635487399899999727e+05
2.769800109999999904e+02 4.831431679992999882e+06 4.635485399779999861e+05
2.762300109999999904e+02 4.831432230011000298e+06 4.635482999880000134e+05
2.760499879999999848e+02 4.831432070007000118e+06 4.635482500000000000e+05
2.766000060000000076e+02 4.831431570007000118e+06 4.635487999880000134e+05
2.765599980000000073e+02 4.831431570007000118e+06 4.635487899779999861e+05
2.765199890000000096e+02 4.831431579986999743e+06 4.635487800290000159e+05
2.764700010000000248e+02 4.831431579986999743e+06 4.635487800290000159e+05
2.765700069999999755e+02 4.831431540009000339e+06 4.635487999880000134e+05
2.765299989999999752e+02 4.831431549987999722e+06 4.635487800290000159e+05
2.765000000000000000e+02 4.831431559998000041e+06 4.635487600100000273e+05
2.764100040000000149e+02 4.831431559998000041e+06 4.635487500000000000e+05
2.763699950000000172e+02 4.831431570007000118e+06 4.635487299800000037e+05
2.765100100000000225e+02 4.831431519988999702e+06 4.635487800290000159e+05
2.764800109999999904e+02 4.831431540009000339e+06 4.635487600100000273e+05
2.764400019999999927e+02 4.831431540009000339e+06 4.635487500000000000e+05
2.763999939999999924e+02 4.831431549987999722e+06 4.635487299800000037e+05
2.763500060000000076e+02 4.831431549987999722e+06 4.635487199709999841e+05
2.764500120000000152e+02 4.831431510010000318e+06 4.635487399899999727e+05
2.764100040000000149e+02 4.831431519988999702e+06 4.635487199709999841e+05
2.763800049999999828e+02 4.831431529999000020e+06 4.635487000119999866e+05
2.763299870000000169e+02 4.831431529999000020e+06 4.635486900020000176e+05
2.762799989999999752e+02 4.831431540009000339e+06 4.635486799929999979e+05
2.772099910000000023e+02 4.831431679992999882e+06 4.635485599979999824e+05
2.771700129999999831e+02 4.831431690001999959e+06 4.635485399779999861e+05
2.764299930000000245e+02 4.831431510010000318e+06 4.635487000119999866e+05
2.763800049999999828e+02 4.831431510010000318e+06 4.635487000119999866e+05
2.763500060000000076e+02 4.831431519988999702e+06 4.635486900020000176e+05
2.763099980000000073e+02 4.831431519988999702e+06 4.635486699830000289e+05
2.762699890000000096e+02 4.831431529999000020e+06 4.635486599730000016e+05
2.772399899999999775e+02 4.831431679992999882e+06 4.635485599979999824e+05
2.771799930000000245e+02 4.831431679992999882e+06 4.635485499880000134e+05
2.763900150000000053e+02 4.831431500000000000e+06 4.635487100220000139e+05
2.763599849999999947e+02 4.831431510010000318e+06 4.635486900020000176e+05
2.763200069999999755e+02 4.831431519988999702e+06 4.635486799929999979e+05
2.762799989999999752e+02 4.831431529999000020e+06 4.635486699830000289e+05
2.762399899999999775e+02 4.831431529999000020e+06 4.635486599730000016e+05
2.772399899999999775e+02 4.831431679992999882e+06 4.635485599979999824e+05
2.771900019999999927e+02 4.831431679992999882e+06 4.635485499880000134e+05
2.763999939999999924e+02 4.831431500000000000e+06 4.635487199709999841e+05
2.763699950000000172e+02 4.831431510010000318e+06 4.635486900020000176e+05
2.763200069999999755e+02 4.831431519988999702e+06 4.635486799929999979e+05
2.762799989999999752e+02 4.831431529999000020e+06 4.635486599730000016e+05
2.772300109999999904e+02 4.831431670013000257e+06 4.635485399779999861e+05
2.771900019999999927e+02 4.831431670013000257e+06 4.635485300290000159e+05
2.771300049999999828e+02 4.831431660004000179e+06 4.635485399779999861e+05
2.770700069999999755e+02 4.831431649993999861e+06 4.635485499880000134e+05
2.763599849999999947e+02 4.831431489989999682e+06 4.635486900020000176e+05
2.763200069999999755e+02 4.831431500000000000e+06 4.635486699830000289e+05
2.762900089999999977e+02 4.831431519988999702e+06 4.635486500239999732e+05
2.762500000000000000e+02 4.831431519988999702e+06 4.635486400150000118e+05
2.772200010000000248e+02 4.831431660004000179e+06 4.635485300290000159e+05
2.771700129999999831e+02 4.831431649993999861e+06 4.635485300290000159e+05
2.771000060000000076e+02 4.831431649993999861e+06 4.635485300290000159e+05
2.770299989999999752e+02 4.831431640014999546e+06 4.635485399779999861e+05
2.762999879999999848e+02 4.831431489989999682e+06 4.635486599730000016e+05
2.762699890000000096e+02 4.831431510010000318e+06 4.635486400150000118e+05
2.762799989999999752e+02 4.831431549987999722e+06 4.635485800169999711e+05
2.771799930000000245e+02 4.831431649993999861e+06 4.635485200199999963e+05
2.771099849999999947e+02 4.831431630005000159e+06 4.635485300290000159e+05
2.770499879999999848e+02 4.831431630005000159e+06 4.635485200199999963e+05
2.769899899999999775e+02 4.831431630005000159e+06 4.635485300290000159e+05
2.769200129999999831e+02 4.831431619994999841e+06 4.635485300290000159e+05
2.762699890000000096e+02 4.831431489989999682e+06 4.635486400150000118e+05
2.762300109999999904e+02 4.831431500000000000e+06 4.635486199950000155e+05
2.772099910000000023e+02 4.831431640014999546e+06 4.635485200199999963e+05
2.771600040000000149e+02 4.831431630005000159e+06 4.635485200199999963e+05
2.770899959999999851e+02 4.831431619994999841e+06 4.635485200199999963e+05
2.770299989999999752e+02 4.831431619994999841e+06 4.635485200199999963e+05
2.769800109999999904e+02 4.831431619994999841e+06 4.635485200199999963e+05
2.762699890000000096e+02 4.831431489989999682e+06 4.635486199950000155e+05
2.762600100000000225e+02 4.831431519988999702e+06 4.635485900269999984e+05
2.770599980000000073e+02 4.831431600006000139e+06 4.635485100100000273e+05
2.770100100000000225e+02 4.831431600006000139e+06 4.635485100100000273e+05
2.769599910000000023e+02 4.831431600006000139e+06 4.635485100100000273e+05
2.768900150000000053e+02 4.831431589995999821e+06 4.635485100100000273e+05
2.768200069999999755e+02 4.831431579986999743e+06 4.635485200199999963e+05
2.767600100000000225e+02 4.831431579986999743e+06 4.635485100100000273e+05
2.769100040000000149e+02 4.831431559998000041e+06 4.635484899899999727e+05
2.767999879999999848e+02 4.831431559998000041e+06 4.635484799800000037e+05
2.767600100000000225e+02 4.831431559998000041e+06 4.635484699709999841e+05
2.766300049999999828e+02 4.831431540009000339e+06 4.635484799800000037e+05
2.768299870000000169e+02 4.831431510010000318e+06 4.635484699709999841e+05
2.767799989999999752e+02 4.831431519988999702e+06 4.635484600220000139e+05
2.767300109999999904e+02 4.831431529999000020e+06 4.635484500119999866e+05
2.766400150000000053e+02 4.831431529999000020e+06 4.635484400020000176e+05
2.766499939999999924e+02 4.831431559998000041e+06 4.635484000239999732e+05
2.767000120000000152e+02 4.831431510010000318e+06 4.635484099730000016e+05
2.765599980000000073e+02 4.831431510010000318e+06 4.635487999880000134e+05
2.765100100000000225e+02 4.831431519988999702e+06 4.635487999880000134e+05
2.764700010000000248e+02 4.831431540009000339e+06 4.635487800290000159e+05
2.760499879999999848e+02 4.831432149993999861e+06 4.635483200070000021e+05
2.760599980000000073e+02 4.831432140014999546e+06 4.635483499760000268e+05
2.761600040000000149e+02 4.831432239989999682e+06 4.635482999880000134e+05
2.761600040000000149e+02 4.831432220000999980e+06 4.635483400269999984e+05
2.762200010000000248e+02 4.831432220000999980e+06 4.635483300169999711e+05
2.765299989999999752e+02 4.831431549987999722e+06 4.635485000000000000e+05
2.766199950000000172e+02 4.831431619994999841e+06 4.635484799800000037e+05
2.766199950000000172e+02 4.831431600006000139e+06 4.635485200199999963e+05
2.766700129999999831e+02 4.831431600006000139e+06 4.635485200199999963e+05
2.767200010000000248e+02 4.831431600006000139e+06 4.635485300290000159e+05
2.768299870000000169e+02 4.831431609985000454e+06 4.635485499880000134e+05
2.771199950000000172e+02 4.831431609985000454e+06 4.635485999760000268e+05
2.766300049999999828e+02 4.831431640014999546e+06 4.635485499880000134e+05
2.767099910000000023e+02 4.831431649993999861e+06 4.635485499880000134e+05
2.767799989999999752e+02 4.831431660004000179e+06 4.635485499880000134e+05
2.768399959999999851e+02 4.831431660004000179e+06 4.635485499880000134e+05
2.768900150000000053e+02 4.831431670013000257e+06 4.635485599979999824e+05
2.769400019999999927e+02 4.831431670013000257e+06 4.635485599979999824e+05
2.769899899999999775e+02 4.831431670013000257e+06 4.635485700070000021e+05
2.770299989999999752e+02 4.831431670013000257e+06 4.635485800169999711e+05
2.770799870000000169e+02 4.831431670013000257e+06 4.635485900269999984e+05
2.761900019999999927e+02 4.831431589995999821e+06 4.635486699830000289e+05
2.762300109999999904e+02 4.831431589995999821e+06 4.635486900020000176e+05
2.762600100000000225e+02 4.831431579986999743e+06 4.635487100220000139e+05
2.762999879999999848e+02 4.831431570007000118e+06 4.635487299800000037e+05
2.763299870000000169e+02 4.831431570007000118e+06 4.635487500000000000e+05
2.770199890000000096e+02 4.831431720000999980e+06 4.635485999760000268e+05
2.771000060000000076e+02 4.831431730011000298e+06 4.635485999760000268e+05
2.771799930000000245e+02 4.831431750000000000e+06 4.635485900269999984e+05
2.772300109999999904e+02 4.831431750000000000e+06 4.635485999760000268e+05
2.762500000000000000e+02 4.831431630005000159e+06 4.635487299800000037e+05
2.762900089999999977e+02 4.831431630005000159e+06 4.635487399899999727e+05
2.763399959999999851e+02 4.831431630005000159e+06 4.635487500000000000e+05
2.763699950000000172e+02 4.831431619994999841e+06 4.635487700199999963e+05
2.764100040000000149e+02 4.831431609985000454e+06 4.635487899779999861e+05
2.763699950000000172e+02 4.831431670013000257e+06 4.635487600100000273e+05
2.763699950000000172e+02 4.831431649993999861e+06 4.635487899779999861e+05
2.764100040000000149e+02 4.831431649993999861e+06 4.635487999880000134e+05
2.763699950000000172e+02 4.831431670013000257e+06 4.635487999880000134e+05
2.761199950000000172e+02 4.831432269988999702e+06 4.635482399899999727e+05
2.761199950000000172e+02 4.831432239989999682e+06 4.635482800290000159e+05
2.761199950000000172e+02 4.831432220000999980e+06 4.635483200070000021e+05
2.761799930000000245e+02 4.831432230011000298e+06 4.635483300169999711e+05
2.762300109999999904e+02 4.831432230011000298e+06 4.635483300169999711e+05
2.765000000000000000e+02 4.831431589995999821e+06 4.635485499880000134e+05
2.765700069999999755e+02 4.831431609985000454e+06 4.635485499880000134e+05
2.766300049999999828e+02 4.831431630005000159e+06 4.635485499880000134e+05
2.766799930000000245e+02 4.831431630005000159e+06 4.635485599979999824e+05
2.767500000000000000e+02 4.831431649993999861e+06 4.635485700070000021e+05
2.767999879999999848e+02 4.831431660004000179e+06 4.635485800169999711e+05
2.768500060000000076e+02 4.831431670013000257e+06 4.635485800169999711e+05
2.769100040000000149e+02 4.831431679992999882e+06 4.635485900269999984e+05
2.769899899999999775e+02 4.831431700012000278e+06 4.635485900269999984e+05
2.770499879999999848e+02 4.831431709990999661e+06 4.635485999760000268e+05
2.771300049999999828e+02 4.831431730011000298e+06 4.635485999760000268e+05
2.772000120000000152e+02 4.831431750000000000e+06 4.635486099849999882e+05
2.760299989999999752e+02 4.831431549987999722e+06 4.635485100100000273e+05
2.762099910000000023e+02 4.831431559998000041e+06 4.635486699830000289e+05
2.762099910000000023e+02 4.831431619994999841e+06 4.635486900020000176e+05
2.762399899999999775e+02 4.831431609985000454e+06 4.635487100220000139e+05
2.762799989999999752e+02 4.831431609985000454e+06 4.635487299800000037e+05
2.763299870000000169e+02 4.831431609985000454e+06 4.635487399899999727e+05
2.763599849999999947e+02 4.831431600006000139e+06 4.635487600100000273e+05
2.763900150000000053e+02 4.831431600006000139e+06 4.635487800290000159e+05
2.764400019999999927e+02 4.831431609985000454e+06 4.635487899779999861e+05
2.763999939999999924e+02 4.831431670013000257e+06 4.635487700199999963e+05
2.762200010000000248e+02 4.831431619994999841e+06 4.635487199709999841e+05
2.762600100000000225e+02 4.831431619994999841e+06 4.635487399899999727e+05
2.762900089999999977e+02 4.831431619994999841e+06 4.635487500000000000e+05
2.763500060000000076e+02 4.831431630005000159e+06 4.635487600100000273e+05
2.763800049999999828e+02 4.831431630005000159e+06 4.635487800290000159e+05
2.764200129999999831e+02 4.831431630005000159e+06 4.635487999880000134e+05
2.762000120000000152e+02 4.831431609985000454e+06 4.635486799929999979e+05
2.762399899999999775e+02 4.831431600006000139e+06 4.635487000119999866e+05
2.762699890000000096e+02 4.831431600006000139e+06 4.635487199709999841e+05
2.763099980000000073e+02 4.831431600006000139e+06 4.635487399899999727e+05
2.763500060000000076e+02 4.831431600006000139e+06 4.635487500000000000e+05
2.762099910000000023e+02 4.831431600006000139e+06 4.635486900020000176e+05
2.762500000000000000e+02 4.831431589995999821e+06 4.635487100220000139e+05
2.762900089999999977e+02 4.831431600006000139e+06 4.635487199709999841e+05
2.763399959999999851e+02 4.831431600006000139e+06 4.635487399899999727e+05
2.763599849999999947e+02 4.831431589995999821e+06 4.635487600100000273e+05
2.762099910000000023e+02 4.831431570007000118e+06 4.635486799929999979e+05
2.762399899999999775e+02 4.831431559998000041e+06 4.635487000119999866e+05
2.767999879999999848e+02 4.831431670013000257e+06 4.635485999760000268e+05
2.768399959999999851e+02 4.831431679992999882e+06 4.635486099849999882e+05
2.769700010000000248e+02 4.831431709990999661e+06 4.635486199950000155e+05
2.770599980000000073e+02 4.831431739989999682e+06 4.635486199950000155e+05
2.772000120000000152e+02 4.831431769988999702e+06 4.635486300049999845e+05
2.765599980000000073e+02 4.831431619994999841e+06 4.635485700070000021e+05
2.766499939999999924e+02 4.831431660004000179e+06 4.635485599979999824e+05
2.767900089999999977e+02 4.831431670013000257e+06 4.635485999760000268e+05
2.767999879999999848e+02 4.831431660004000179e+06 4.635486199950000155e+05
2.770100100000000225e+02 4.831431730011000298e+06 4.635485999760000268e+05
2.770599980000000073e+02 4.831431730011000298e+06 4.635486199950000155e+05
2.771300049999999828e+02 4.831431750000000000e+06 4.635486199950000155e+05
2.772000120000000152e+02 4.831431769988999702e+06 4.635486300049999845e+05
2.764899899999999775e+02 4.831431600006000139e+06 4.635485499880000134e+05
2.765599980000000073e+02 4.831431619994999841e+06 4.635485499880000134e+05
2.766300049999999828e+02 4.831431640014999546e+06 4.635485599979999824e+05
2.767000120000000152e+02 4.831431660004000179e+06 4.635485599979999824e+05
2.767600100000000225e+02 4.831431660004000179e+06 4.635485800169999711e+05
2.768200069999999755e+02 4.831431670013000257e+06 4.635485900269999984e+05
2.768699950000000172e+02 4.831431679992999882e+06 4.635485999760000268e+05
2.769400019999999927e+02 4.831431700012000278e+06 4.635485999760000268e+05
2.770000000000000000e+02 4.831431720000999980e+06 4.635485999760000268e+05
2.770499879999999848e+02 4.831431730011000298e+06 4.635486099849999882e+05
2.771199950000000172e+02 4.831431750000000000e+06 4.635486099849999882e+05
2.771900019999999927e+02 4.831431760010000318e+06 4.635486199950000155e+05
2.760199890000000096e+02 4.831431529999000020e+06 4.635484899899999727e+05
2.767500000000000000e+02 4.831431670013000257e+06 4.635485800169999711e+05
2.767999879999999848e+02 4.831431670013000257e+06 4.635485999760000268e+05
2.768099980000000073e+02 4.831431660004000179e+06 4.635486199950000155e+05
2.769800109999999904e+02 4.831431720000999980e+06 4.635486099849999882e+05
2.770400089999999977e+02 4.831431739989999682e+06 4.635486099849999882e+05
2.771000060000000076e+02 4.831431750000000000e+06 4.635486199950000155e+05
2.772200010000000248e+02 4.831431769988999702e+06 4.635486400150000118e+05
2.760599980000000073e+02 4.831431540009000339e+06 4.635485000000000000e+05
2.762000120000000152e+02 4.831431600006000139e+06 4.635486799929999979e+05
2.762300109999999904e+02 4.831431600006000139e+06 4.635487000119999866e+05
2.762699890000000096e+02 4.831431589995999821e+06 4.635487199709999841e+05
2.763099980000000073e+02 4.831431589995999821e+06 4.635487299800000037e+05
2.763500060000000076e+02 4.831431589995999821e+06 4.635487600100000273e+05
2.762799989999999752e+02 4.831431640014999546e+06 4.635487500000000000e+05
2.763800049999999828e+02 4.831431649993999861e+06 4.635487800290000159e+05
2.764200129999999831e+02 4.831431649993999861e+06 4.635487999880000134e+05
2.760599980000000073e+02 4.831432160004000179e+06 4.635483200070000021e+05
2.760499879999999848e+02 4.831432220000999980e+06 4.635482600100000273e+05
2.760400089999999977e+02 4.831432190001999959e+06 4.635482999880000134e+05
2.760700069999999755e+02 4.831432179992999882e+06 4.635483200070000021e+05
2.761400150000000053e+02 4.831432239989999682e+06 4.635483300169999711e+05
2.761300049999999828e+02 4.831432140014999546e+06 4.635483099979999824e+05
2.764200129999999831e+02 4.831431600006000139e+06 4.635487899779999861e+05
2.763099980000000073e+02 4.831431570007000118e+06 4.635487299800000037e+05
2.762699890000000096e+02 4.831431570007000118e+06 4.635487199709999841e+05
2.762300109999999904e+02 4.831431579986999743e+06 4.635487000119999866e+05
2.762399899999999775e+02 4.831431899993999861e+06 4.635482399899999727e+05
2.772399899999999775e+02 4.831431730011000298e+06 4.635486099849999882e+05
2.762900089999999977e+02 4.831431519988999702e+06 4.635487100220000139e+05
2.762600100000000225e+02 4.831431529999000020e+06 4.635486900020000176e+05
2.762200010000000248e+02 4.831431540009000339e+06 4.635486699830000289e+05
2.761900019999999927e+02 4.831431570007000118e+06 4.635486199950000155e+05
2.772200010000000248e+02 4.831431679992999882e+06 4.635485900269999984e+05
2.771700129999999831e+02 4.831431679992999882e+06 4.635485700070000021e+05
2.770899959999999851e+02 4.831431670013000257e+06 4.635485700070000021e+05
2.769800109999999904e+02 4.831431649993999861e+06 4.635485700070000021e+05
2.761600040000000149e+02 4.831431519988999702e+06 4.635485999760000268e+05
2.762600100000000225e+02 4.831431570007000118e+06 4.635485399779999861e+05
2.761799930000000245e+02 4.831431559998000041e+06 4.635485399779999861e+05
2.768299870000000169e+02 4.831431589995999821e+06 4.635485300290000159e+05
2.767799989999999752e+02 4.831431589995999821e+06 4.635485200199999963e+05
2.766900019999999927e+02 4.831431579986999743e+06 4.635485100100000273e+05
2.766000060000000076e+02 4.831431570007000118e+06 4.635485100100000273e+05
2.761600040000000149e+02 4.831431529999000020e+06 4.635484799800000037e+05
2.767500000000000000e+02 4.831431540009000339e+06 4.635485200199999963e+05
2.766799930000000245e+02 4.831431529999000020e+06 4.635485100100000273e+05
2.766300049999999828e+02 4.831431529999000020e+06 4.635485000000000000e+05
2.765599980000000073e+02 4.831431529999000020e+06 4.635485000000000000e+05
2.763299870000000169e+02 4.831432179992999882e+06 4.635482899779999861e+05
2.761000060000000076e+02 4.831432100006000139e+06 4.635483400269999984e+05
2.760799870000000169e+02 4.831432119994999841e+06 4.635483200070000021e+05
2.771900019999999927e+02 4.831431649993999861e+06 4.635485999760000268e+05
2.770499879999999848e+02 4.831431649993999861e+06 4.635486300049999845e+05
2.771400150000000053e+02 4.831431640014999546e+06 4.635485999760000268e+05
2.770799870000000169e+02 4.831431640014999546e+06 4.635485999760000268e+05
2.771799930000000245e+02 4.831431609985000454e+06 4.635486199950000155e+05
2.771199950000000172e+02 4.831431640014999546e+06 4.635485800169999711e+05
2.765000000000000000e+02 4.831431559998000041e+06 4.635487999880000134e+05
2.771499939999999924e+02 4.831431640014999546e+06 4.635485999760000268e+05
2.770400089999999977e+02 4.831431630005000159e+06 4.635486199950000155e+05
2.771600040000000149e+02 4.831431630005000159e+06 4.635486099849999882e+05
2.771199950000000172e+02 4.831431640014999546e+06 4.635485900269999984e+05
2.771099849999999947e+02 4.831431649993999861e+06 4.635486099849999882e+05
2.770700069999999755e+02 4.831431649993999861e+06 4.635486300049999845e+05
2.771799930000000245e+02 4.831431640014999546e+06 4.635485999760000268e+05
2.771199950000000172e+02 4.831431649993999861e+06 4.635485900269999984e+05
2.767699890000000096e+02 4.831431549987999722e+06 4.635485399779999861e+05
2.767500000000000000e+02 4.831431519988999702e+06 4.635485399779999861e+05
2.767300109999999904e+02 4.831431529999000020e+06 4.635485200199999963e+05
2.771400150000000053e+02 4.831431640014999546e+06 4.635486099849999882e+05
2.771099849999999947e+02 4.831431649993999861e+06 4.635485999760000268e+05
2.770499879999999848e+02 4.831431609985000454e+06 4.635485900269999984e+05
2.770000000000000000e+02 4.831431630005000159e+06 4.635485900269999984e+05
2.769200129999999831e+02 4.831431589995999821e+06 4.635485800169999711e+05
2.764800109999999904e+02 4.831431540009000339e+06 4.635487899779999861e+05
2.766499939999999924e+02 4.831431519988999702e+06 4.635485300290000159e+05
2.767200010000000248e+02 4.831431630005000159e+06 4.635485399779999861e+05
2.762300109999999904e+02 4.831431600006000139e+06 4.635486900020000176e+05
2.767999879999999848e+02 4.831431670013000257e+06 4.635485700070000021e+05
2.763299870000000169e+02 4.831431630005000159e+06 4.635487299800000037e+05
2.763599849999999947e+02 4.831431619994999841e+06 4.635487500000000000e+05
2.763599849999999947e+02 4.831431640014999546e+06 4.635487800290000159e+05
2.763900150000000053e+02 4.831431630005000159e+06 4.635487999880000134e+05
2.770400089999999977e+02 4.831431709990999661e+06 4.635485900269999984e+05
2.771600040000000149e+02 4.831431709990999661e+06 4.635486099849999882e+05
2.772200010000000248e+02 4.831431750000000000e+06 4.635485700070000021e+05
2.772500000000000000e+02 4.831431720000999980e+06 4.635486199950000155e+05
2.772099910000000023e+02 4.831431769988999702e+06 4.635485599979999824e+05
2.772200010000000248e+02 4.831431760010000318e+06 4.635485800169999711e+05
2.772000120000000152e+02 4.831431750000000000e+06 4.635486099849999882e+05
2.772399899999999775e+02 4.831431730011000298e+06 4.635486300049999845e+05
2.772399899999999775e+02 4.831431769988999702e+06 4.635486099849999882e+05
2.762300109999999904e+02 4.831432049987999722e+06 4.635484000239999732e+05
2.761700129999999831e+02 4.831431579986999743e+06 4.635486699830000289e+05
2.762099910000000023e+02 4.831431570007000118e+06 4.635486900020000176e+05
2.761700129999999831e+02 4.831431609985000454e+06 4.635486900020000176e+05
2.764299930000000245e+02 4.831431649993999861e+06 4.635487700199999963e+05
2.763900150000000053e+02 4.831431619994999841e+06 4.635487899779999861e+05
2.761700129999999831e+02 4.831432260010000318e+06 4.635482399899999727e+05
2.766799930000000245e+02 4.831431579986999743e+06 4.635485399779999861e+05
2.762399899999999775e+02 4.831432130005000159e+06 4.635483400269999984e+05
2.769700010000000248e+02 4.831431609985000454e+06 4.635485800169999711e+05
2.767300109999999904e+02 4.831431660004000179e+06 4.635485399779999861e+05
2.761900019999999927e+02 4.831431540009000339e+06 4.635486599730000016e+05
2.766799930000000245e+02 4.831431549987999722e+06 4.635485599979999824e+05
2.767300109999999904e+02 4.831431549987999722e+06 4.635485399779999861e+05
2.766499939999999924e+02 4.831431579986999743e+06 4.635485100100000273e+05
2.771199950000000172e+02 4.831431640014999546e+06 4.635485999760000268e+05
2.771000060000000076e+02 4.831431660004000179e+06 4.635485800169999711e+05
2.763299870000000169e+02 4.831431529999000020e+06 4.635485999760000268e+05
2.767600100000000225e+02 4.831431619994999841e+06 4.635485700070000021e+05
2.767999879999999848e+02 4.831431600006000139e+06 4.635485999760000268e+05
2.766000060000000076e+02 4.831431609985000454e+06 4.635485999760000268e+05
2.770899959999999851e+02 4.831431660004000179e+06 4.635486199950000155e+05
2.764899899999999775e+02 4.831431690001999959e+06 4.635486599730000016e+05
2.772000120000000152e+02 4.831431709990999661e+06 4.635486799929999979e+05
2.761099849999999947e+02 4.831432170013000257e+06 4.635483900150000118e+05
2.760499879999999848e+02 4.831432170013000257e+06 4.635484000239999732e+05
2.762999879999999848e+02 4.831432239989999682e+06 4.635483800049999845e+05
2.762099910000000023e+02 4.831432250000000000e+06 4.635483800049999845e+05
2.761600040000000149e+02 4.831432239989999682e+06 4.635484000239999732e+05
2.766300049999999828e+02 4.831431540009000339e+06 4.635485100100000273e+05
2.765299989999999752e+02 4.831431619994999841e+06 4.635484699709999841e+05
2.765700069999999755e+02 4.831431579986999743e+06 4.635485399779999861e+05
2.765599980000000073e+02 4.831431549987999722e+06 4.635485900269999984e+05
2.763299870000000169e+02 4.831431510010000318e+06 4.635486300049999845e+05
2.768599849999999947e+02 4.831431640014999546e+06 4.635485999760000268e+05
2.768699950000000172e+02 4.831431630005000159e+06 4.635486300049999845e+05
2.768099980000000073e+02 4.831431619994999841e+06 4.635486300049999845e+05
2.767200010000000248e+02 4.831431609985000454e+06 4.635486300049999845e+05
2.765299989999999752e+02 4.831431609985000454e+06 4.635485800169999711e+05
2.772399899999999775e+02 4.831431739989999682e+06 4.635486199950000155e+05
2.772099910000000023e+02 4.831431709990999661e+06 4.635486699830000289e+05
2.769599910000000023e+02 4.831431690001999959e+06 4.635486500239999732e+05
2.762300109999999904e+02 4.831432260010000318e+06 4.635483800049999845e+05
2.762300109999999904e+02 4.831432239989999682e+06 4.635484099730000016e+05
2.761300049999999828e+02 4.831432239989999682e+06 4.635484000239999732e+05
2.769899899999999775e+02 4.831431519988999702e+06 4.635486500239999732e+05
2.772300109999999904e+02 4.831431739989999682e+06 4.635487000119999866e+05
2.768999939999999924e+02 4.831431670013000257e+06 4.635486599730000016e+05
2.768200069999999755e+02 4.831431649993999861e+06 4.635486500239999732e+05
2.767600100000000225e+02 4.831431630005000159e+06 4.635486500239999732e+05
2.766499939999999924e+02 4.831431609985000454e+06 4.635486300049999845e+05
2.764800109999999904e+02 4.831431559998000041e+06 4.635486400150000118e+05
2.762799989999999752e+02 4.831431519988999702e+06 4.635485999760000268e+05
2.761600040000000149e+02 4.831431500000000000e+06 4.635485700070000021e+05
2.761199950000000172e+02 4.831431470000999980e+06 4.635487899779999861e+05
2.772500000000000000e+02 4.831431690001999959e+06 4.635487100220000139e+05
2.772200010000000248e+02 4.831431660004000179e+06 4.635487299800000037e+05
2.772399899999999775e+02 4.831431670013000257e+06 4.635487700199999963e+05
2.772000120000000152e+02 4.831431649993999861e+06 4.635487600100000273e+05
2.771499939999999924e+02 4.831431640014999546e+06 4.635487600100000273e+05
2.772399899999999775e+02 4.831431660004000179e+06 4.635487199709999841e+05
2.771499939999999924e+02 4.831431679992999882e+06 4.635487800290000159e+05
2.771499939999999924e+02 4.831431640014999546e+06 4.635487600100000273e+05
