2.808999939999999924e+02 4.831430940001999959e+06 4.635478599849999882e+05
2.817500000000000000e+02 4.831431380005000159e+06 4.635477199709999841e+05
2.817300109999999904e+02 4.831431369994999841e+06 4.635476699830000289e+05
2.817999879999999848e+02 4.831431429992999882e+06 4.635476300049999845e+05
2.808200069999999755e+02 4.831431019988999702e+06 4.635478699950000155e+05
2.808699950000000172e+02 4.831431019988999702e+06 4.635478699950000155e+05
2.808599849999999947e+02 4.831431019988999702e+06 4.635478900150000118e+05
2.810700069999999755e+02 4.831431109985000454e+06 4.635477700199999963e+05
2.817900089999999977e+02 4.831431350006000139e+06 4.635476400150000118e+05
2.816600040000000149e+02 4.831431480011000298e+06 4.635479600220000139e+05
2.815100100000000225e+02 4.831431529999000020e+06 4.635480499880000134e+05
2.815799870000000169e+02 4.831431549987999722e+06 4.635480399779999861e+05
2.815700069999999755e+02 4.831431570007000118e+06 4.635480499880000134e+05
2.816499939999999924e+02 4.831431589995999821e+06 4.635480000000000000e+05
2.815700069999999755e+02 4.831431640014999546e+06 4.635480499880000134e+05
2.815799870000000169e+02 4.831431660004000179e+06 4.635480700070000021e+05
2.815700069999999755e+02 4.831431720000999980e+06 4.635480700070000021e+05
2.816099849999999947e+02 4.831431739989999682e+06 4.635480700070000021e+05
2.815499879999999848e+02 4.831431739989999682e+06 4.635480700070000021e+05
2.816400150000000053e+02 4.831431739989999682e+06 4.635480399779999861e+05
2.817300109999999904e+02 4.831431750000000000e+06 4.635480100100000273e+05
2.816700129999999831e+02 4.831431779999000020e+06 4.635480599979999824e+05
2.816099849999999947e+02 4.831431799987999722e+06 4.635480700070000021e+05
2.816300049999999828e+02 4.831431779999000020e+06 4.635480499880000134e+05
2.816900019999999927e+02 4.831431779999000020e+06 4.635480300290000159e+05
2.815400089999999977e+02 4.831431809998000041e+06 4.635480900269999984e+05
2.815700069999999755e+02 4.831431790009000339e+06 4.635480700070000021e+05
2.814899899999999775e+02 4.831431529999000020e+06 4.635480700070000021e+05
2.815299989999999752e+02 4.831431510010000318e+06 4.635480399779999861e+05
2.816799930000000245e+02 4.831431910004000179e+06 4.635480900269999984e+05
2.815100100000000225e+02 4.831431559998000041e+06 4.635480100100000273e+05
2.814800109999999904e+02 4.831431570007000118e+06 4.635480300290000159e+05
2.815299989999999752e+02 4.831431609985000454e+06 4.635480399779999861e+05
2.816300049999999828e+02 4.831431829986999743e+06 4.635480599979999824e+05
2.814400019999999927e+02 4.831431510010000318e+06 4.635480300290000159e+05
2.816600040000000149e+02 4.831431920013000257e+06 4.635480599979999824e+05
2.816499939999999924e+02 4.831431899993999861e+06 4.635480499880000134e+05
2.816499939999999924e+02 4.831431890014999546e+06 4.635480900269999984e+05
2.816300049999999828e+02 4.831431859985000454e+06 4.635480599979999824e+05
2.815199890000000096e+02 4.831431630005000159e+06 4.635480399779999861e+05
2.816300049999999828e+02 4.831431850006000139e+06 4.635480999760000268e+05
2.815899959999999851e+02 4.831431779999000020e+06 4.635480900269999984e+05
2.815599980000000073e+02 4.831431820007000118e+06 4.635480499880000134e+05
2.816300049999999828e+02 4.831431790009000339e+06 4.635480200199999963e+05
2.815700069999999755e+02 4.831431739989999682e+06 4.635480499880000134e+05
2.815799870000000169e+02 4.831431709990999661e+06 4.635480300290000159e+05
2.816900019999999927e+02 4.831431760010000318e+06 4.635480499880000134e+05
2.814700010000000248e+02 4.831431549987999722e+06 4.635480100100000273e+05
2.816799930000000245e+02 4.831431920013000257e+06 4.635480399779999861e+05
2.816400150000000053e+02 4.831431850006000139e+06 4.635480399779999861e+05
2.815299989999999752e+02 4.831431829986999743e+06 4.635480800169999711e+05
2.815499879999999848e+02 4.831431799987999722e+06 4.635480599979999824e+05
2.815899959999999851e+02 4.831431790009000339e+06 4.635480499880000134e+05
2.815599980000000073e+02 4.831431739989999682e+06 4.635480700070000021e+05
2.815599980000000073e+02 4.831431700012000278e+06 4.635480499880000134e+05
2.814899899999999775e+02 4.831431609985000454e+06 4.635480499880000134e+05
2.816600040000000149e+02 4.831431920013000257e+06 4.635480700070000021e+05
2.816199950000000172e+02 4.831431859985000454e+06 4.635480599979999824e+05
2.815199890000000096e+02 4.831431829986999743e+06 4.635480800169999711e+05
2.815899959999999851e+02 4.831431799987999722e+06 4.635480599979999824e+05
2.815700069999999755e+02 4.831431739989999682e+06 4.635480599979999824e+05
2.817000120000000152e+02 4.831431920013000257e+06 4.635480300290000159e+05
2.815199890000000096e+02 4.831431579986999743e+06 4.635480700070000021e+05
2.815599980000000073e+02 4.831431730011000298e+06 4.635480900269999984e+05
2.816000060000000076e+02 4.831431730011000298e+06 4.635480900269999984e+05
2.815400089999999977e+02 4.831431820007000118e+06 4.635480999760000268e+05
2.815599980000000073e+02 4.831431839995999821e+06 4.635480999760000268e+05
2.815400089999999977e+02 4.831431859985000454e+06 4.635480800169999711e+05
2.814800109999999904e+02 4.831431600006000139e+06 4.635480300290000159e+05
2.814899899999999775e+02 4.831431579986999743e+06 4.635480599979999824e+05
2.815599980000000073e+02 4.831431709990999661e+06 4.635480599979999824e+05
2.816300049999999828e+02 4.831431829986999743e+06 4.635480499880000134e+05
2.816900019999999927e+02 4.831431920013000257e+06 4.635480499880000134e+05
2.816499939999999924e+02 4.831431910004000179e+06 4.635480999760000268e+05
2.816700129999999831e+02 4.831431660004000179e+06 4.635480499880000134e+05
2.816000060000000076e+02 4.831431649993999861e+06 4.635480499880000134e+05
2.817000120000000152e+02 4.831431640014999546e+06 4.635480300290000159e+05
2.817200010000000248e+02 4.831431660004000179e+06 4.635480000000000000e+05
2.815700069999999755e+02 4.831431589995999821e+06 4.635480399779999861e+05
2.816700129999999831e+02 4.831431600006000139e+06 4.635480900269999984e+05
2.815299989999999752e+02 4.831431600006000139e+06 4.635480300290000159e+05
2.815000000000000000e+02 4.831431549987999722e+06 4.635480100100000273e+05
2.814599910000000023e+02 4.831431510010000318e+06 4.635479899899999727e+05
2.817300109999999904e+02 4.831431769988999702e+06 4.635480399779999861e+05
2.808900150000000053e+02 4.831430959990999661e+06 4.635479500119999866e+05
2.808599849999999947e+02 4.831430940001999959e+06 4.635479199830000289e+05
2.808999939999999924e+02 4.831430959990999661e+06 4.635479199830000289e+05
2.809500120000000152e+02 4.831430959990999661e+06 4.635479199830000289e+05
2.809899899999999775e+02 4.831430970000999980e+06 4.635479199830000289e+05
2.810299989999999752e+02 4.831431029999000020e+06 4.635479500119999866e+05
2.808399959999999851e+02 4.831430950012000278e+06 4.635479099730000016e+05
2.808999939999999924e+02 4.831430950012000278e+06 4.635479000239999732e+05
2.809400019999999927e+02 4.831430970000999980e+06 4.635479000239999732e+05
2.809800109999999904e+02 4.831430989989999682e+06 4.635479099730000016e+05
2.810400089999999977e+02 4.831431029999000020e+06 4.635479199830000289e+05
2.810799870000000169e+02 4.831431040009000339e+06 4.635479199830000289e+05
2.809800109999999904e+02 4.831431019988999702e+06 4.635479099730000016e+05
2.810400089999999977e+02 4.831431059998000041e+06 4.635479299929999979e+05
2.810199890000000096e+02 4.831431000000000000e+06 4.635478800049999845e+05
2.810499879999999848e+02 4.831431059998000041e+06 4.635479099730000016e+05
2.810499879999999848e+02 4.831431049987999722e+06 4.635479000239999732e+05
2.809899899999999775e+02 4.831430970000999980e+06 4.635478800049999845e+05
2.809899899999999775e+02 4.831431019988999702e+06 4.635479099730000016e+05
2.810499879999999848e+02 4.831431049987999722e+06 4.635479199830000289e+05
2.808900150000000053e+02 4.831430959990999661e+06 4.635479400020000176e+05
2.810799870000000169e+02 4.831431040009000339e+06 4.635479500119999866e+05
2.808200069999999755e+02 4.831430940001999959e+06 4.635479299929999979e+05
2.808699950000000172e+02 4.831430940001999959e+06 4.635479199830000289e+05
2.809100040000000149e+02 4.831430959990999661e+06 4.635479199830000289e+05
2.810400089999999977e+02 4.831431040009000339e+06 4.635479099730000016e+05
2.811300049999999828e+02 4.831431070007000118e+06 4.635479099730000016e+05
2.809800109999999904e+02 4.831431029999000020e+06 4.635479000239999732e+05
2.810700069999999755e+02 4.831430929992999882e+06 4.635479600220000139e+05
2.809500120000000152e+02 4.831430950012000278e+06 4.635480000000000000e+05
2.808900150000000053e+02 4.831430929992999882e+06 4.635479899899999727e+05
2.817500000000000000e+02 4.831431299987999722e+06 4.635478900150000118e+05
2.817399899999999775e+02 4.831431290009000339e+06 4.635479199830000289e+05
2.817699890000000096e+02 4.831431290009000339e+06 4.635479600220000139e+05
2.817399899999999775e+02 4.831431279999000020e+06 4.635479500119999866e+05
2.817799989999999752e+02 4.831431269988999702e+06 4.635479799800000037e+05
2.817300109999999904e+02 4.831431269988999702e+06 4.635479699709999841e+05
2.817699890000000096e+02 4.831431260010000318e+06 4.635479899899999727e+05
2.817300109999999904e+02 4.831431250000000000e+06 4.635479899899999727e+05
2.816799930000000245e+02 4.831431250000000000e+06 4.635479799800000037e+05
2.816400150000000053e+02 4.831431239989999682e+06 4.635479699709999841e+05
2.817300109999999904e+02 4.831431269988999702e+06 4.635480100100000273e+05
2.817000120000000152e+02 4.831431250000000000e+06 4.635480000000000000e+05
2.816799930000000245e+02 4.831431239989999682e+06 4.635479899899999727e+05
2.816400150000000053e+02 4.831431230011000298e+06 4.635479899899999727e+05
2.816499939999999924e+02 4.831431320007000118e+06 4.635480599979999824e+05
2.816700129999999831e+02 4.831431269988999702e+06 4.635480300290000159e+05
2.816600040000000149e+02 4.831431239989999682e+06 4.635480100100000273e+05
2.816300049999999828e+02 4.831431220000999980e+06 4.635480000000000000e+05
2.815899959999999851e+02 4.831431220000999980e+06 4.635479899899999727e+05
2.816000060000000076e+02 4.831431230011000298e+06 4.635480200199999963e+05
2.809400019999999927e+02 4.831430940001999959e+06 4.635480100100000273e+05
2.808299870000000169e+02 4.831430940001999959e+06 4.635480100100000273e+05
2.808999939999999924e+02 4.831430940001999959e+06 4.635480399779999861e+05
2.808500060000000076e+02 4.831430929992999882e+06 4.635480300290000159e+05
2.817999879999999848e+02 4.831431329986999743e+06 4.635477899779999861e+05
2.817799989999999752e+02 4.831431329986999743e+06 4.635478300169999711e+05
2.817600100000000225e+02 4.831431320007000118e+06 4.635478699950000155e+05
2.816600040000000149e+02 4.831431250000000000e+06 4.635479799800000037e+05
2.816400150000000053e+02 4.831431230011000298e+06 4.635479699709999841e+05
2.816600040000000149e+02 4.831431029999000020e+06 4.635480599979999824e+05
2.808500060000000076e+02 4.831430950012000278e+06 4.635479000239999732e+05
2.808699950000000172e+02 4.831430970000999980e+06 4.635479099730000016e+05
2.809100040000000149e+02 4.831430980011000298e+06 4.635479199830000289e+05
2.809299930000000245e+02 4.831431000000000000e+06 4.635479299929999979e+05
2.809599910000000023e+02 4.831431019988999702e+06 4.635479299929999979e+05
2.809899899999999775e+02 4.831431040009000339e+06 4.635479500119999866e+05
2.812900089999999977e+02 4.831430929992999882e+06 4.635479600220000139e+05
2.812900089999999977e+02 4.831430950012000278e+06 4.635479400020000176e+05
2.808599849999999947e+02 4.831430959990999661e+06 4.635479299929999979e+05
2.817999879999999848e+02 4.831431320007000118e+06 4.635477299800000037e+05
2.817099910000000023e+02 4.831431309998000041e+06 4.635478800049999845e+05
2.814700010000000248e+02 4.831431489989999682e+06 4.635480399779999861e+05
2.812600100000000225e+02 4.831431109985000454e+06 4.635479000239999732e+05
2.811700129999999831e+02 4.831431070007000118e+06 4.635478800049999845e+05
2.811000060000000076e+02 4.831431019988999702e+06 4.635478599849999882e+05
2.811499939999999924e+02 4.831431000000000000e+06 4.635478400269999984e+05
2.817600100000000225e+02 4.831431309998000041e+06 4.635478900150000118e+05
2.816799930000000245e+02 4.831431190001999959e+06 4.635480000000000000e+05
2.816000060000000076e+02 4.831431269988999702e+06 4.635480300290000159e+05
2.809800109999999904e+02 4.831431040009000339e+06 4.635478800049999845e+05
2.810899959999999851e+02 4.831431100006000139e+06 4.635478699950000155e+05
2.817399899999999775e+02 4.831431359985000454e+06 4.635477800290000159e+05
2.808299870000000169e+02 4.831431019988999702e+06 4.635479199830000289e+05
2.808800049999999828e+02 4.831431010010000318e+06 4.635479000239999732e+05
2.811000060000000076e+02 4.831431079986999743e+06 4.635479099730000016e+05
2.817900089999999977e+02 4.831431369994999841e+06 4.635478499760000268e+05
2.817600100000000225e+02 4.831431329986999743e+06 4.635478800049999845e+05
2.809400019999999927e+02 4.831431049987999722e+06 4.635479500119999866e+05
2.811099849999999947e+02 4.831431119994999841e+06 4.635479299929999979e+05
2.810299989999999752e+02 4.831431100006000139e+06 4.635479400020000176e+05
2.809800109999999904e+02 4.831431100006000139e+06 4.635479400020000176e+05
2.808599849999999947e+02 4.831431049987999722e+06 4.635479299929999979e+05
2.817500000000000000e+02 4.831431369994999841e+06 4.635478300169999711e+05
2.817099910000000023e+02 4.831431380005000159e+06 4.635478400269999984e+05
2.811499939999999924e+02 4.831431230011000298e+06 4.635479400020000176e+05
2.817399899999999775e+02 4.831431350006000139e+06 4.635477999880000134e+05
2.810199890000000096e+02 4.831431149993999861e+06 4.635479199830000289e+05
2.817200010000000248e+02 4.831431359985000454e+06 4.635477800290000159e+05
2.816499939999999924e+02 4.831431299987999722e+06 4.635477600100000273e+05
2.816199950000000172e+02 4.831431320007000118e+06 4.635478400269999984e+05
2.809599910000000023e+02 4.831431059998000041e+06 4.635478800049999845e+05
2.811000060000000076e+02 4.831431140014999546e+06 4.635479000239999732e+05
2.810899959999999851e+02 4.831431079986999743e+06 4.635478699950000155e+05
2.808699950000000172e+02 4.831431010010000318e+06 4.635479000239999732e+05
2.809299930000000245e+02 4.831431029999000020e+06 4.635479000239999732e+05
2.815000000000000000e+02 4.831431470000999980e+06 4.635480599979999824e+05
2.812099910000000023e+02 4.831430929992999882e+06 4.635479699709999841e+05
2.817699890000000096e+02 4.831431269988999702e+06 4.635480700070000021e+05
2.816600040000000149e+02 4.831431420013000257e+06 4.635478800049999845e+05
2.816199950000000172e+02 4.831431320007000118e+06 4.635478699950000155e+05
2.816600040000000149e+02 4.831431299987999722e+06 4.635478599849999882e+05
2.812600100000000225e+02 4.831431200012000278e+06 4.635478900150000118e+05
2.812000120000000152e+02 4.831431209990999661e+06 4.635479299929999979e+05
2.809899899999999775e+02 4.831431100006000139e+06 4.635479000239999732e+05
2.809200129999999831e+02 4.831431040009000339e+06 4.635479099730000016e+05
2.817000120000000152e+02 4.831431339995999821e+06 4.635478800049999845e+05
2.817900089999999977e+02 4.831431359985000454e+06 4.635477800290000159e+05
2.816799930000000245e+02 4.831431299987999722e+06 4.635478099979999824e+05
2.808900150000000053e+02 4.831431010010000318e+06 4.635479099730000016e+05
2.809500120000000152e+02 4.831431010010000318e+06 4.635479000239999732e+05
2.809899899999999775e+02 4.831431000000000000e+06 4.635479099730000016e+05
2.808599849999999947e+02 4.831431049987999722e+06 4.635479400020000176e+05
2.809800109999999904e+02 4.831431070007000118e+06 4.635478900150000118e+05
2.810199890000000096e+02 4.831431059998000041e+06 4.635479000239999732e+05
2.810700069999999755e+02 4.831431059998000041e+06 4.635479000239999732e+05
2.811000060000000076e+02 4.831431049987999722e+06 4.635479099730000016e+05
2.811199950000000172e+02 4.831431109985000454e+06 4.635479000239999732e+05
2.811600040000000149e+02 4.831431109985000454e+06 4.635478900150000118e+05
2.812000120000000152e+02 4.831431100006000139e+06 4.635479000239999732e+05
2.812500000000000000e+02 4.831431100006000139e+06 4.635479000239999732e+05
2.812399899999999775e+02 4.831431130005000159e+06 4.635478900150000118e+05
2.812699890000000096e+02 4.831431119994999841e+06 4.635479099730000016e+05
2.811600040000000149e+02 4.831431130005000159e+06 4.635478900150000118e+05
2.812500000000000000e+02 4.831431119994999841e+06 4.635479000239999732e+05
2.811499939999999924e+02 4.831431130005000159e+06 4.635478699950000155e+05
2.811600040000000149e+02 4.831431119994999841e+06 4.635478900150000118e+05
2.812000120000000152e+02 4.831431109985000454e+06 4.635479000239999732e+05
2.810000000000000000e+02 4.831431079986999743e+06 4.635479099730000016e+05
2.810499879999999848e+02 4.831431079986999743e+06 4.635479099730000016e+05
2.811099849999999947e+02 4.831431079986999743e+06 4.635479000239999732e+05
2.811600040000000149e+02 4.831431070007000118e+06 4.635479099730000016e+05
2.808900150000000053e+02 4.831431049987999722e+06 4.635479400020000176e+05
2.809800109999999904e+02 4.831431059998000041e+06 4.635479000239999732e+05
2.810499879999999848e+02 4.831431059998000041e+06 4.635479000239999732e+05
2.810899959999999851e+02 4.831431059998000041e+06 4.635479000239999732e+05
2.811199950000000172e+02 4.831431049987999722e+06 4.635479199830000289e+05
2.808500060000000076e+02 4.831431040009000339e+06 4.635479400020000176e+05
2.809599910000000023e+02 4.831431049987999722e+06 4.635479000239999732e+05
2.810100100000000225e+02 4.831431049987999722e+06 4.635479000239999732e+05
2.810799870000000169e+02 4.831431049987999722e+06 4.635478900150000118e+05
2.808599849999999947e+02 4.831431049987999722e+06 4.635479400020000176e+05
2.809700010000000248e+02 4.831431059998000041e+06 4.635479000239999732e+05
2.810299989999999752e+02 4.831431059998000041e+06 4.635479000239999732e+05
2.810799870000000169e+02 4.831431049987999722e+06 4.635479000239999732e+05
2.811400150000000053e+02 4.831431049987999722e+06 4.635479000239999732e+05
2.810100100000000225e+02 4.831431079986999743e+06 4.635479199830000289e+05
2.810799870000000169e+02 4.831431079986999743e+06 4.635479000239999732e+05
2.811300049999999828e+02 4.831431079986999743e+06 4.635479099730000016e+05
2.811700129999999831e+02 4.831431070007000118e+06 4.635479099730000016e+05
2.812500000000000000e+02 4.831431130005000159e+06 4.635479000239999732e+05
2.812699890000000096e+02 4.831431130005000159e+06 4.635479199830000289e+05
2.817399899999999775e+02 4.831431329986999743e+06 4.635478300169999711e+05
2.817699890000000096e+02 4.831431320007000118e+06 4.635478599849999882e+05
2.817999879999999848e+02 4.831431309998000041e+06 4.635478699950000155e+05
2.816499939999999924e+02 4.831431279999000020e+06 4.635478599849999882e+05
2.817900089999999977e+02 4.831431320007000118e+06 4.635478599849999882e+05
2.817000120000000152e+02 4.831431049987999722e+06 4.635479500119999866e+05
2.816799930000000245e+02 4.831431459990999661e+06 4.635480100100000273e+05
2.814899899999999775e+02 4.831431450012000278e+06 4.635480700070000021e+05
2.812300109999999904e+02 4.831431010010000318e+06 4.635479299929999979e+05
2.811900019999999927e+02 4.831431019988999702e+06 4.635479099730000016e+05
2.811600040000000149e+02 4.831431029999000020e+06 4.635479000239999732e+05
2.810400089999999977e+02 4.831430929992999882e+06 4.635479299929999979e+05
2.810199890000000096e+02 4.831430950012000278e+06 4.635479099730000016e+05
2.809599910000000023e+02 4.831430950012000278e+06 4.635479099730000016e+05
2.808599849999999947e+02 4.831430950012000278e+06 4.635479199830000289e+05
2.816400150000000053e+02 4.831431260010000318e+06 4.635479699709999841e+05
2.812300109999999904e+02 4.831431029999000020e+06 4.635479400020000176e+05
2.812399899999999775e+02 4.831431040009000339e+06 4.635479099730000016e+05
2.811799930000000245e+02 4.831430980011000298e+06 4.635479400020000176e+05
2.811400150000000053e+02 4.831430989989999682e+06 4.635479299929999979e+05
2.810899959999999851e+02 4.831431010010000318e+06 4.635479199830000289e+05
2.811400150000000053e+02 4.831430950012000278e+06 4.635479000239999732e+05
2.811099849999999947e+02 4.831430959990999661e+06 4.635478900150000118e+05
2.808699950000000172e+02 4.831430940001999959e+06 4.635479299929999979e+05
2.811099849999999947e+02 4.831431119994999841e+06 4.635478900150000118e+05
2.810899959999999851e+02 4.831431100006000139e+06 4.635479099730000016e+05
2.812600100000000225e+02 4.831430970000999980e+06 4.635479400020000176e+05
2.812399899999999775e+02 4.831430950012000278e+06 4.635479600220000139e+05
2.815899959999999851e+02 4.831431200012000278e+06 4.635480100100000273e+05
2.809500120000000152e+02 4.831431000000000000e+06 4.635478900150000118e+05
2.810199890000000096e+02 4.831430929992999882e+06 4.635478599849999882e+05
2.808099980000000073e+02 4.831430940001999959e+06 4.635479299929999979e+05
2.808500060000000076e+02 4.831430970000999980e+06 4.635479500119999866e+05
2.809400019999999927e+02 4.831430980011000298e+06 4.635479400020000176e+05
2.811600040000000149e+02 4.831431049987999722e+06 4.635479299929999979e+05
2.812399899999999775e+02 4.831431089995999821e+06 4.635479299929999979e+05
2.811799930000000245e+02 4.831431059998000041e+06 4.635479600220000139e+05
2.817500000000000000e+02 4.831431309998000041e+06 4.635477600100000273e+05
2.817500000000000000e+02 4.831431290009000339e+06 4.635477899779999861e+05
2.814299930000000245e+02 4.831431489989999682e+06 4.635480499880000134e+05
