463545.630005 4831431.410004 282.309998
463545.900024 4831430.440002 282.790009
463545.869995 4831430.459991 282.440002
463545.940002 4831430.459991 282.320007
463545.950012 4831430.459991 282.450012
463545.929993 4831430.429993 282.450012
463545.919983 4831430.459991 282.380005
463545.940002 4831430.459991 282.760010
463545.880005 4831430.459991 282.910004
463545.890015 4831430.459991 282.859985
463545.900024 4831430.459991 282.799988
463545.890015 4831430.450012 282.769989
463545.869995 4831430.429993 282.839996
463545.940002 4831430.429993 282.320007
463545.960022 4831430.429993 282.350006
463545.830017 4831430.440002 282.989990
463545.979980 4831430.429993 282.510010
463545.789978 4831430.890015 282.309998
463545.830017 4831430.529999 282.799988
463545.880005 4831430.519989 282.399994
463545.880005 4831430.510010 282.339996
463545.820007 4831430.609985 282.600006
463545.809998 4831430.600006 282.390015
463545.869995 4831430.489990 282.470001
463545.900024 4831430.540009 282.320007
463545.820007 4831430.500000 282.899994
463545.770020 4831430.600006 282.399994
463545.859985 4831430.519989 282.859985
463545.820007 4831430.600006 282.459991
463545.809998 4831430.579987 282.429993
463545.750000 4831430.579987 282.380005
463545.789978 4831430.890015 282.309998
463546.109985 4831430.820007 282.679993
463545.820007 4831430.470001 282.850006
463545.840027 4831430.489990 282.829987
463545.880005 4831430.489990 282.559998
463545.859985 4831430.480011 282.519989
463545.880005 4831430.480011 282.480011
463545.900024 4831430.480011 282.399994
463545.840027 4831430.500000 282.519989
463545.869995 4831430.480011 282.410004
463545.900024 4831430.480011 282.320007
463545.859985 4831430.480011 282.450012
463545.890015 4831430.470001 282.339996
463545.849976 4831430.470001 282.519989
463545.869995 4831430.489990 282.480011
463545.900024 4831430.480011 282.390015
463545.849976 4831430.480011 282.510010
463545.880005 4831430.480011 282.429993
463545.909973 4831430.480011 282.339996
463545.859985 4831430.489990 282.519989
463545.890015 4831430.489990 282.440002
463545.840027 4831430.489990 282.459991
463545.869995 4831430.480011 282.359985
463545.729980 4831430.609985 282.450012
463545.960022 4831430.500000 282.339996
463545.960022 4831430.480011 282.450012
463545.880005 4831431.019989 282.959991
463545.960022 4831431.019989 282.929993
463545.890015 4831430.489990 282.440002
463545.900024 4831430.480011 282.500000
463545.900024 4831430.470001 282.549988
463545.919983 4831430.470001 282.320007
463545.969971 4831430.510010 282.429993
463545.820007 4831430.570007 282.619995
463545.799988 4831430.559998 282.329987
463545.760010 4831430.589996 282.380005
463545.770020 4831430.609985 282.359985
463545.760010 4831430.940002 282.350006
463545.849976 4831430.519989 283.040009
463545.869995 4831430.500000 282.970001
463545.880005 4831430.480011 282.899994
463545.890015 4831430.489990 282.859985
463545.840027 4831430.519989 283.049988
463545.849976 4831430.500000 282.980011
463545.869995 4831430.489990 282.929993
463545.880005 4831430.480011 282.880005
463545.890015 4831430.470001 282.820007
463545.849976 4831430.500000 283.010010
463545.859985 4831430.500000 282.959991
463545.869995 4831430.480011 282.890015
463545.890015 4831430.480011 282.839996
463545.859985 4831430.519989 282.989990
463545.869995 4831430.489990 282.899994
463545.880005 4831430.489990 282.859985
463545.849976 4831430.510010 283.019989
463545.869995 4831430.510010 282.980011
463545.880005 4831430.489990 282.910004
463545.890015 4831430.480011 282.850006
463545.859985 4831430.500000 283.000000
463545.849976 4831430.519989 283.010010
463545.869995 4831430.489990 282.920013
463545.880005 4831430.489990 282.869995
463545.849976 4831430.540009 282.980011
463545.859985 4831430.489990 282.880005
463545.869995 4831430.480011 282.829987
463545.890015 4831430.480011 282.779999
463545.849976 4831430.519989 282.970001
463545.859985 4831430.500000 282.899994
463545.869995 4831430.489990 282.850006
463545.880005 4831430.470001 282.790009
463545.849976 4831430.500000 282.929993
463545.869995 4831430.489990 282.859985
463545.880005 4831430.480011 282.809998
463545.900024 4831430.500000 282.559998
463545.919983 4831430.519989 282.540009
463545.929993 4831430.519989 282.489990
463545.909973 4831430.459991 282.309998
463545.869995 4831430.480011 282.899994
463545.719971 4831430.920013 282.410004
463545.770020 4831430.579987 282.350006
463545.900024 4831430.489990 282.429993
463545.919983 4831430.489990 282.470001
463545.940002 4831430.480011 282.500000
463545.750000 4831430.660004 282.579987
463545.929993 4831430.500000 282.429993
463545.950012 4831430.480011 282.399994
463545.780029 4831431.070007 282.380005
463545.820007 4831430.559998 282.940002
463545.840027 4831430.549988 282.920013
463545.780029 4831430.850006 282.309998
463545.820007 4831430.549988 282.320007
463546.239990 4831430.850006 282.700012
463546.260010 4831430.750000 282.579987
463545.659973 4831430.660004 282.519989
463545.669983 4831430.660004 282.500000
463545.690002 4831430.630005 282.470001
463545.710022 4831430.609985 282.380005
463545.669983 4831430.670013 282.399994
463545.679993 4831430.670013 282.470001
463545.710022 4831430.630005 282.390015
463545.679993 4831430.670013 282.399994
463545.679993 4831430.579987 282.459991
