463545.099976 4831432.109985 278.380005
463545.090027 4831432.059998 278.350006
463545.090027 4831432.160004 278.369995
463545.109985 4831432.200012 278.380005
463545.099976 4831432.200012 278.380005
463545.099976 4831432.119995 278.390015
463545.090027 4831432.170013 278.399994
463545.479980 4831431.709991 278.359985
463545.489990 4831431.709991 278.359985
463545.510010 4831431.709991 278.359985
463545.559998 4831431.730011 278.350006
463545.650024 4831431.859985 278.239990
463545.440002 4831431.869995 278.209991
463545.409973 4831431.910004 278.220001
463545.140015 4831432.049988 278.399994
463545.369995 4831431.739990 278.320007
463545.330017 4831431.760010 278.359985
463545.340027 4831431.809998 278.109985
463545.109985 4831432.029999 278.339996
463545.200012 4831432.260010 278.369995
463545.460022 4831432.119995 278.359985
463545.460022 4831431.779999 278.299988
463545.580017 4831431.880005 278.149994
463545.549988 4831431.839996 278.179993
463545.419983 4831431.859985 278.250000
463545.530029 4831431.859985 278.200012
463545.599976 4831431.899994 278.149994
463545.419983 4831431.920013 278.200012
463545.440002 4831431.799988 278.309998
463545.489990 4831431.920013 278.079987
463545.409973 4831431.730011 278.250000
463545.450012 4831431.790009 278.290009
463545.469971 4831431.809998 278.260010
463545.479980 4831431.829987 278.230011
463545.479980 4831431.829987 278.179993
463545.510010 4831431.880005 278.200012
463545.369995 4831431.750000 278.350006
463545.359985 4831431.850006 278.220001
463545.469971 4831432.109985 278.390015
463545.280029 4831431.880005 278.140015
463545.429993 4831432.140015 278.380005
463545.109985 4831432.260010 278.380005
463545.250000 4831431.809998 278.320007
463545.650024 4831431.920013 278.170013
463545.469971 4831431.769989 278.339996
463545.500000 4831431.790009 278.260010
463545.539978 4831431.820007 278.160004
463545.390015 4831431.730011 278.329987
463545.440002 4831431.820007 278.309998
463545.419983 4831431.890015 278.290009
463545.299988 4831431.790009 278.350006
463545.140015 4831432.269989 278.380005
463545.109985 4831432.269989 278.380005
463545.359985 4831431.970001 278.059998
463545.559998 4831431.980011 278.170013
463545.140015 4831432.260010 278.369995
463545.250000 4831432.260010 278.390015
463545.469971 4831431.760010 278.299988
463545.429993 4831431.790009 278.309998
463545.380005 4831431.720001 278.339996
463545.500000 4831431.850006 278.119995
463545.520020 4831431.859985 278.200012
463545.460022 4831431.779999 278.250000
463545.330017 4831431.970001 278.019989
463545.440002 4831431.820007 278.309998
463545.200012 4831431.739990 278.130005
463545.450012 4831431.779999 278.329987
463545.390015 4831431.750000 278.339996
463545.409973 4831431.750000 278.329987
463545.429993 4831431.730011 278.269989
463545.409973 4831431.750000 278.329987
463545.400024 4831431.739990 278.339996
463545.289978 4831431.829987 278.299988
463545.409973 4831431.679993 278.329987
463545.679993 4831431.820007 278.209991
463545.380005 4831431.690002 278.359985
463545.219971 4831431.910004 278.079987
463545.429993 4831431.750000 278.339996
463545.460022 4831431.739990 278.329987
463545.559998 4831431.869995 278.190002
463545.270020 4831431.910004 278.200012
463545.590027 4831431.910004 278.179993
463545.450012 4831431.829987 278.299988
463545.510010 4831431.769989 278.209991
463545.520020 4831431.799988 278.170013
463545.599976 4831431.940002 278.200012
463545.299988 4831431.829987 278.059998
463545.450012 4831431.779999 278.320007
463545.479980 4831431.720001 278.260010
463545.210022 4831431.660004 278.070007
463545.299988 4831431.559998 278.480011
463545.380005 4831431.660004 278.359985
463545.380005 4831431.670013 278.299988
463545.989990 4831431.390015 278.140015
463545.309998 4831431.429993 278.359985
463545.349976 4831431.529999 278.429993
463545.479980 4831432.160004 278.450012
463545.539978 4831432.149994 278.459991
463545.530029 4831432.119995 278.450012
463545.520020 4831432.149994 278.480011
463545.479980 4831432.130005 278.470001
463545.380005 4831432.239990 278.359985
463545.469971 4831432.119995 278.429993
463545.289978 4831432.269989 278.350006
463545.419983 4831432.179993 278.390015
463545.469971 4831432.130005 278.339996
463545.450012 4831432.130005 278.410004
463545.250000 4831432.320007 278.399994
463545.320007 4831432.269989 278.399994
463545.450012 4831432.149994 278.399994
463545.450012 4831432.130005 278.450012
463545.469971 4831432.119995 278.470001
463545.469971 4831432.119995 278.470001
463545.469971 4831432.130005 278.410004
463545.469971 4831432.130005 278.369995
463545.450012 4831432.149994 278.410004
463545.460022 4831432.160004 278.380005
463545.419983 4831432.149994 278.399994
463545.440002 4831432.149994 278.380005
463545.440002 4831432.179993 278.399994
463545.419983 4831432.179993 278.440002
463545.429993 4831432.190002 278.399994
463545.429993 4831432.179993 278.420013
463545.419983 4831432.190002 278.429993
463545.440002 4831432.149994 278.410004
463545.450012 4831432.160004 278.369995
463545.460022 4831432.170013 278.329987
463545.369995 4831432.200012 278.369995
463545.479980 4831432.109985 278.420013
463545.440002 4831432.140015 278.399994
463545.460022 4831432.149994 278.359985
463545.469971 4831432.160004 278.320007
463545.309998 4831432.279999 278.369995
463545.260010 4831432.279999 278.380005
463545.330017 4831432.250000 278.359985
463545.369995 4831432.260010 278.369995
463545.359985 4831432.250000 278.410004
463545.419983 4831432.149994 278.420013
463545.349976 4831432.269989 278.359985
463545.380005 4831432.279999 278.369995
463545.409973 4831432.200012 278.410004
463545.440002 4831432.190002 278.429993
463545.469971 4831432.200012 278.390015
463545.440002 4831432.160004 278.440002
463545.460022 4831432.149994 278.420013
463545.469971 4831432.140015 278.420013
463545.479980 4831432.140015 278.399994
463545.489990 4831432.130005 278.440002
463545.469971 4831432.149994 278.359985
463545.460022 4831432.130005 278.390015
463545.469971 4831432.130005 278.450012
463545.469971 4831432.179993 278.399994
463545.440002 4831432.179993 278.420013
463545.349976 4831432.290009 278.399994
463545.369995 4831432.269989 278.369995
463545.369995 4831432.299988 278.380005
463545.489990 4831432.149994 278.450012
463545.520020 4831432.109985 278.470001
463545.469971 4831432.209991 278.410004
463545.219971 4831432.290009 278.390015
463545.489990 4831432.160004 278.480011
463545.510010 4831432.130005 278.429993
463545.460022 4831432.179993 278.390015
463545.080017 4831432.220001 278.359985
463545.090027 4831432.230011 278.380005
463545.080017 4831432.279999 278.359985
463545.070007 4831432.140015 278.369995
463545.070007 4831432.179993 278.390015
