463548.020020 4831431.739990 280.290009
463548.030029 4831431.760010 280.320007
463548.020020 4831431.769989 280.369995
463548.030029 4831431.809998 280.429993
463548.020020 4831431.750000 280.279999
463548.030029 4831431.769989 280.290009
463547.989990 4831431.760010 280.359985
463548.000000 4831431.779999 280.450012
463547.960022 4831431.839996 280.529999
463547.960022 4831431.859985 280.559998
463547.969971 4831431.880005 280.589996
463547.969971 4831431.890015 280.630005
463547.960022 4831431.890015 280.720001
463547.979980 4831431.920013 280.720001
463548.010010 4831431.839996 280.489990
463548.010010 4831431.799988 280.399994
463547.960022 4831431.920013 280.630005
463547.960022 4831431.899994 280.589996
463547.950012 4831431.950012 280.679993
463547.940002 4831431.920013 280.660004
463547.950012 4831431.950012 280.679993
463547.960022 4831431.839996 280.429993
463547.940002 4831431.929993 280.619995
463547.950012 4831431.869995 280.470001
463547.919983 4831431.950012 280.670013
463547.940002 4831431.859985 280.450012
463548.000000 4831431.799988 280.399994
463548.010010 4831431.739990 280.190002
463548.000000 4831431.720001 280.200012
463547.979980 4831431.690002 280.200012
463547.969971 4831431.679993 280.230011
463547.940002 4831431.630005 280.260010
463547.969971 4831431.709991 280.220001
463547.960022 4831431.690002 280.230011
463547.929993 4831431.649994 280.190002
463548.010010 4831431.690002 280.119995
463548.030029 4831431.670013 280.070007
463547.969971 4831431.670013 280.309998
463547.979980 4831431.690002 280.290009
463547.989990 4831431.700012 280.269989
463548.010010 4831431.739990 280.209991
463548.030029 4831431.769989 280.200012
463547.979980 4831431.739990 280.200012
463548.000000 4831431.839996 280.450012
463548.000000 4831431.890015 280.570007
463547.989990 4831431.869995 280.480011
463548.000000 4831431.910004 280.609985
463547.989990 4831431.890015 280.579987
463547.979980 4831431.869995 280.489990
463548.000000 4831431.910004 280.640015
463547.989990 4831431.899994 280.559998
463547.989990 4831431.940002 280.690002
463547.960022 4831431.950012 280.709991
463548.039978 4831431.690002 280.079987
463548.000000 4831431.839996 280.459991
463548.000000 4831431.829987 280.390015
463547.969971 4831431.920013 280.609985
463547.950012 4831431.709991 280.250000
463548.000000 4831431.730011 280.130005
463548.010010 4831431.700012 280.040009
463547.929993 4831431.929993 280.649994
463547.929993 4831431.920013 280.700012
463547.969971 4831431.850006 280.480011
463547.960022 4831431.950012 280.720001
463547.969971 4831431.890015 280.529999
463547.979980 4831431.739990 280.239990
463547.969971 4831431.769989 280.269989
463547.940002 4831431.799988 280.369995
463547.960022 4831431.709991 280.190002
463547.950012 4831431.739990 280.209991
463547.929993 4831431.679993 280.250000
463547.950012 4831431.720001 280.179993
463547.940002 4831431.739990 280.220001
463547.979980 4831431.920013 280.700012
463547.950012 4831431.640015 280.309998
463548.010010 4831431.730011 280.190002
463548.000000 4831431.750000 280.269989
463547.950012 4831431.630005 280.250000
463547.969971 4831431.649994 280.250000
463548.000000 4831431.660004 280.140015
463548.000000 4831431.670013 280.200012
463548.010010 4831431.670013 280.119995
463548.000000 4831431.700012 280.200012
463548.010010 4831431.670013 280.100006
463548.000000 4831431.700012 280.190002
463548.000000 4831431.730011 280.260010
463547.979980 4831431.779999 280.380005
463548.010010 4831431.690002 280.200012
463548.010010 4831431.709991 280.179993
463548.010010 4831431.739990 280.260010
463547.989990 4831431.779999 280.359985
463547.989990 4831431.850006 280.579987
463547.960022 4831431.899994 280.709991
463548.000000 4831431.859985 280.579987
463547.960022 4831431.869995 280.700012
463547.979980 4831431.739990 280.399994
463547.989990 4831431.709991 280.269989
463547.969971 4831431.679993 280.230011
463548.010010 4831431.779999 280.230011
463547.989990 4831431.690002 280.160004
463547.979980 4831431.700012 280.250000
463547.940002 4831431.640015 280.279999
463548.039978 4831431.660004 280.130005
463548.049988 4831431.660004 280.100006
463548.039978 4831431.750000 280.329987
463547.969971 4831431.619995 280.339996
463548.020020 4831431.570007 280.010010
463547.919983 4831431.600006 280.109985
463547.940002 4831431.619995 280.309998
463548.020020 4831431.640015 280.049988
463547.729980 4831431.559998 279.859985
463548.020020 4831431.640015 280.049988
463548.000000 4831431.609985 280.130005
463547.950012 4831431.600006 280.269989
463548.030029 4831431.589996 280.200012
463548.030029 4831431.600006 280.140015
463548.020020 4831431.640015 280.029999
463547.890015 4831431.609985 280.339996
463548.000000 4831431.850006 280.640015
463548.020020 4831431.890015 280.649994
463548.119995 4831431.670013 280.220001
463548.109985 4831431.660004 280.200012
463548.070007 4831431.890015 280.709991
463548.010010 4831431.869995 280.649994
463548.010010 4831431.929993 280.690002
463548.400024 4831432.329987 280.579987
463548.760010 4831432.510010 280.540009
463548.609985 4831432.410004 279.859985
463548.659973 4831432.420013 279.839996
463548.690002 4831432.399994 279.760010
463548.429993 4831432.160004 279.850006
463548.200012 4831432.459991 280.730011
463548.710022 4831432.540009 280.739990
463548.729980 4831432.529999 280.750000
463548.729980 4831432.519989 280.700012
463548.799988 4831432.609985 280.709991
463548.750000 4831432.519989 280.730011
463548.750000 4831432.519989 280.670013
463548.789978 4831432.570007 280.709991
463548.770020 4831432.529999 280.720001
463548.760010 4831432.519989 280.670013
463548.780029 4831432.519989 280.649994
463548.710022 4831432.549988 280.619995
463548.789978 4831432.589996 280.470001
463548.760010 4831432.579987 280.420013
463548.580017 4831432.619995 280.929993
463548.799988 4831432.619995 280.519989
463548.799988 4831432.609985 280.450012
463548.770020 4831432.609985 280.500000
463548.760010 4831432.609985 280.529999
463548.770020 4831432.609985 280.549988
463548.770020 4831432.609985 280.489990
463548.780029 4831432.619995 280.459991
463548.380005 4831432.510010 280.239990
463548.750000 4831432.589996 280.480011
463548.559998 4831432.589996 280.160004
463548.750000 4831432.570007 280.470001
463548.719971 4831432.549988 280.630005
463548.109985 4831431.619995 280.140015
463548.119995 4831431.630005 280.109985
463548.109985 4831431.609985 280.079987
463548.140015 4831431.609985 280.070007
463548.150024 4831431.589996 280.059998
