463546.640015 4831429.290009 282.450012
463546.289978 4831429.359985 282.100006
463546.719971 4831429.200012 282.299988
463546.729980 4831429.190002 282.299988
463546.390015 4831429.299988 282.140015
463546.609985 4831429.260010 282.070007
463547.109985 4831428.579987 282.100006
463546.309998 4831429.359985 282.779999
463546.630005 4831429.290009 282.029999
463546.419983 4831429.589996 282.079987
463546.330017 4831429.739990 282.160004
463546.330017 4831429.730011 282.320007
463546.609985 4831429.720001 282.670013
463546.359985 4831429.609985 282.359985
463546.359985 4831429.640015 282.269989
463546.210022 4831429.779999 282.320007
463546.219971 4831429.760010 282.369995
463546.429993 4831429.559998 282.049988
463546.549988 4831429.880005 282.209991
463546.260010 4831429.630005 282.230011
463546.440002 4831429.579987 282.100006
463546.460022 4831429.549988 282.130005
463546.429993 4831429.570007 282.190002
463546.419983 4831429.589996 282.200012
463546.260010 4831429.720001 282.220001
463546.260010 4831429.730011 282.160004
463546.400024 4831429.600006 282.239990
463546.239990 4831429.570007 282.209991
463546.210022 4831429.589996 282.130005
463546.239990 4831429.790009 282.170013
463546.229980 4831429.779999 282.179993
463546.229980 4831429.769989 282.140015
463546.239990 4831429.690002 282.220001
463546.229980 4831429.679993 282.260010
463546.219971 4831429.670013 282.290009
463546.210022 4831429.660004 282.329987
463546.239990 4831429.730011 282.200012
463546.229980 4831429.709991 282.220001
463546.229980 4831429.709991 282.290009
463546.210022 4831429.679993 282.359985
463546.210022 4831429.670013 282.399994
463546.330017 4831429.670013 282.380005
463546.330017 4831429.679993 282.350006
463546.309998 4831429.640015 282.239990
463546.299988 4831429.679993 282.309998
463546.349976 4831429.760010 282.239990
463546.349976 4831429.750000 282.179993
463546.309998 4831429.690002 282.350006
463546.270020 4831429.559998 282.119995
463546.309998 4831429.690002 282.320007
463546.270020 4831429.679993 282.390015
463546.280029 4831429.690002 282.359985
463546.289978 4831429.700012 282.320007
463546.260010 4831429.720001 282.420013
463546.270020 4831429.720001 282.309998
463546.280029 4831429.709991 282.250000
463546.289978 4831429.730011 282.230011
463546.289978 4831429.880005 282.140015
463546.280029 4831429.709991 282.440002
463546.270020 4831429.750000 282.179993
463546.229980 4831429.649994 282.160004
463546.460022 4831429.489990 282.089996
463546.520020 4831429.529999 282.140015
463546.460022 4831429.529999 282.130005
463546.380005 4831429.609985 282.179993
463546.440002 4831429.559998 282.130005
463546.400024 4831429.609985 282.109985
463546.419983 4831429.600006 282.149994
463546.330017 4831429.630005 282.309998
463546.270020 4831429.649994 282.390015
463546.289978 4831429.630005 282.380005
463546.429993 4831429.589996 282.220001
463546.450012 4831429.570007 282.209991
463546.469971 4831429.559998 282.230011
463546.260010 4831429.709991 282.410004
463546.239990 4831429.750000 282.290009
463546.390015 4831429.559998 282.149994
463546.229980 4831429.630005 282.309998
463546.440002 4831429.559998 282.130005
463546.299988 4831429.500000 282.390015
463547.950012 4831429.290009 282.070007
463547.950012 4831429.220001 282.070007
463547.940002 4831429.239990 282.070007
463547.840027 4831429.410004 282.429993
463547.950012 4831429.279999 282.029999
463548.000000 4831429.390015 282.010010
463547.869995 4831429.250000 282.029999
463547.820007 4831429.209991 282.040009
463547.849976 4831429.170013 282.019989
463547.900024 4831429.279999 282.079987
463547.909973 4831429.250000 282.070007
463547.989990 4831429.269989 282.070007
463547.960022 4831429.339996 282.100006
463547.979980 4831429.350006 282.010010
463547.960022 4831429.390015 282.019989
463547.880005 4831429.309998 282.010010
463547.960022 4831429.420013 282.019989
463547.960022 4831429.399994 282.040009
463547.979980 4831429.339996 282.059998
463547.919983 4831429.320007 282.010010
463547.909973 4831429.380005 282.049988
463547.880005 4831428.549988 283.109985
463547.880005 4831428.790009 282.329987
463547.770020 4831428.850006 282.399994
463547.909973 4831429.230011 282.079987
463547.890015 4831429.239990 282.079987
463547.929993 4831429.190002 282.100006
463547.890015 4831429.320007 282.019989
463547.919983 4831429.329987 282.019989
463547.940002 4831429.230011 282.029999
463547.940002 4831429.250000 282.059998
463547.979980 4831429.299988 282.059998
463547.969971 4831429.179993 282.040009
463548.000000 4831429.290009 282.040009
463547.979980 4831429.619995 282.059998
463547.979980 4831429.579987 282.070007
463547.989990 4831429.609985 282.089996
463547.900024 4831429.450012 282.040009
463547.780029 4831429.880005 282.070007
463547.950012 4831429.600006 282.079987
463547.950012 4831429.679993 282.010010
463547.979980 4831429.640015 282.010010
463547.960022 4831429.579987 282.049988
463547.890015 4831429.519989 282.670013
463547.969971 4831429.640015 282.070007
463548.000000 4831429.660004 282.140015
463547.929993 4831429.690002 282.040009
463546.510010 4831428.239990 282.320007
463546.510010 4831428.250000 282.359985
463546.520020 4831428.269989 282.399994
463546.520020 4831428.260010 282.470001
463546.440002 4831428.390015 282.290009
463546.510010 4831428.239990 282.200012
463546.479980 4831428.230011 282.380005
463546.469971 4831428.230011 282.429993
463546.460022 4831428.230011 282.489990
463546.530029 4831428.380005 282.149994
463546.330017 4831428.309998 282.690002
463546.380005 4831428.359985 282.329987
463546.409973 4831428.339996 282.269989
463546.369995 4831428.350006 282.350006
463546.340027 4831428.399994 282.690002
463546.780029 4831428.269989 282.209991
463546.429993 4831428.230011 282.500000
463546.479980 4831428.269989 282.179993
463546.429993 4831428.309998 282.239990
463546.349976 4831428.399994 282.690002
463546.619995 4831428.269989 282.079987
463546.419983 4831428.290009 282.359985
463546.489990 4831428.369995 282.790009
463546.559998 4831428.269989 282.170013
463546.460022 4831428.410004 282.380005
463546.539978 4831428.290009 282.309998
463546.549988 4831428.239990 282.529999
463546.549988 4831428.269989 282.230011
463546.559998 4831428.239990 282.220001
463546.580017 4831428.239990 282.179993
463546.659973 4831428.260010 282.309998
463546.460022 4831428.380005 282.309998
463546.489990 4831428.359985 282.279999
463546.500000 4831428.299988 282.220001
463546.539978 4831428.260010 282.190002
463546.570007 4831428.239990 282.170013
463546.479980 4831428.239990 282.179993
463546.489990 4831428.260010 282.200012
463546.479980 4831428.230011 282.359985
463546.489990 4831428.239990 282.390015
463546.450012 4831428.299988 282.230011
463546.450012 4831428.279999 282.489990
463546.400024 4831428.369995 282.320007
463546.390015 4831428.339996 282.420013
463546.409973 4831428.350006 282.359985
463546.400024 4831428.299988 282.399994
463546.400024 4831428.269989 282.429993
463546.419983 4831428.309998 282.329987
463546.440002 4831428.309998 282.220001
463546.429993 4831428.309998 282.269989
463546.409973 4831428.320007 282.339996
463546.400024 4831428.380005 282.299988
463546.380005 4831428.390015 282.339996
463546.619995 4831428.239990 282.299988
463546.440002 4831428.239990 282.420013
463546.450012 4831428.250000 282.440002
463546.429993 4831428.269989 282.209991
463546.440002 4831428.290009 282.230011
463546.390015 4831428.339996 282.250000
463546.390015 4831428.339996 282.329987
463546.359985 4831428.380005 282.299988
463546.289978 4831428.410004 282.420013
463546.440002 4831428.230011 282.480011
463546.380005 4831428.339996 282.299988
463546.390015 4831428.359985 282.269989
463546.400024 4831428.359985 282.690002
463546.429993 4831428.290009 282.260010
463546.440002 4831428.239990 282.429993
463546.750000 4831428.250000 282.209991
463546.380005 4831428.410004 282.660004
463546.349976 4831428.380005 282.290009
463546.390015 4831428.339996 282.359985
463546.409973 4831428.279999 282.339996
463546.450012 4831428.250000 282.299988
463546.380005 4831428.399994 282.350006
463546.359985 4831428.390015 282.320007
463546.409973 4831428.390015 282.279999
463546.409973 4831428.350006 282.390015
463546.440002 4831428.329987 282.290009
463546.630005 4831428.260010 282.299988
463546.539978 4831428.230011 282.329987
463546.469971 4831428.230011 282.290009
463546.429993 4831428.279999 282.209991
463546.400024 4831428.239990 282.440002
463546.429993 4831428.279999 282.429993
463546.419983 4831428.299988 282.209991
463546.440002 4831428.239990 282.350006
463546.460022 4831428.239990 282.320007
463546.469971 4831428.269989 282.179993
463546.469971 4831428.230011 282.279999
463546.460022 4831428.239990 282.170013
463546.460022 4831428.230011 282.309998
463546.460022 4831428.239990 282.190002
463546.469971 4831428.230011 282.269989
463546.450012 4831428.250000 282.339996
463546.450012 4831428.260010 282.190002
463546.390015 4831428.239990 282.429993
463546.419983 4831428.290009 282.440002
463546.409973 4831428.290009 282.269989
463546.390015 4831428.369995 282.250000
463546.359985 4831428.380005 282.299988
463546.369995 4831428.399994 282.269989
463546.640015 4831428.250000 282.269989
463546.419983 4831428.239990 282.440002
463546.429993 4831428.260010 282.420013
463546.460022 4831428.239990 282.170013
463546.710022 4831428.299988 282.209991
463546.450012 4831428.250000 282.470001
463546.349976 4831428.399994 282.690002
463546.450012 4831428.269989 282.200012
463546.349976 4831428.410004 282.290009
463546.429993 4831428.279999 282.230011
463546.429993 4831428.279999 282.390015
463546.450012 4831428.250000 282.320007
463546.369995 4831428.410004 282.730011
463546.469971 4831428.250000 282.170013
463546.419983 4831428.279999 282.410004
463546.460022 4831428.230011 282.200012
463546.460022 4831428.230011 282.279999
463546.599976 4831428.260010 282.279999
463546.619995 4831428.279999 282.250000
463546.640015 4831428.299988 282.220001
463546.679993 4831428.320007 282.140015
463546.590027 4831428.260010 282.260010
463546.609985 4831428.269989 282.239990
463546.400024 4831428.269989 282.369995
463546.460022 4831428.250000 282.179993
463546.409973 4831428.320007 282.290009
463546.390015 4831428.339996 282.260010
463546.349976 4831428.410004 282.739990
463546.409973 4831428.309998 282.239990
463546.390015 4831428.279999 282.239990
463546.359985 4831428.339996 282.679993
463546.440002 4831428.279999 282.190002
463546.419983 4831428.260010 282.209991
463546.429993 4831428.250000 282.399994
463546.409973 4831428.230011 282.410004
463546.690002 4831428.269989 282.170013
463546.679993 4831428.269989 282.209991
463546.659973 4831428.250000 282.230011
463546.340027 4831428.410004 282.329987
463546.359985 4831428.380005 282.299988
463546.400024 4831428.320007 282.239990
463546.359985 4831428.399994 282.279999
463546.390015 4831428.359985 282.250000
463546.440002 4831428.279999 282.440002
463546.429993 4831428.260010 282.450012
463546.460022 4831428.250000 282.350006
463546.460022 4831428.230011 282.380005
463546.469971 4831428.269989 282.200012
463546.669983 4831428.290009 282.220001
463546.450012 4831428.260010 282.339996
463546.450012 4831428.250000 282.179993
463546.429993 4831428.260010 282.450012
463546.409973 4831428.269989 282.429993
463546.409973 4831428.290009 282.459991
463546.390015 4831428.329987 282.279999
463546.390015 4831428.359985 282.239990
463546.369995 4831428.350006 282.329987
463546.640015 4831428.299988 282.230011
463546.440002 4831428.250000 282.290009
463546.419983 4831428.269989 282.380005
463546.419983 4831428.290009 282.450012
463546.380005 4831428.279999 282.299988
463546.390015 4831428.320007 282.239990
463546.650024 4831428.290009 282.190002
463546.440002 4831428.230011 282.339996
463546.419983 4831428.250000 282.399994
463546.409973 4831428.269989 282.429993
463546.400024 4831428.260010 282.190002
463546.479980 4831428.279999 282.279999
463546.549988 4831428.239990 282.440002
463546.479980 4831428.290009 282.230011
463546.530029 4831428.260010 282.209991
463546.409973 4831428.309998 282.250000
463546.380005 4831428.329987 282.260010
463546.340027 4831428.369995 282.309998
463546.340027 4831428.410004 282.779999
463546.299988 4831428.390015 282.339996
463546.260010 4831428.410004 282.369995
463546.390015 4831428.279999 282.239990
463546.349976 4831428.299988 282.269989
463546.309998 4831428.320007 282.299988
463546.390015 4831428.399994 282.660004
463546.390015 4831428.329987 282.320007
463546.359985 4831428.339996 282.320007
463546.429993 4831428.239990 282.230011
463546.460022 4831428.250000 282.329987
463546.479980 4831428.239990 282.329987
463546.520020 4831428.230011 282.260010
463546.409973 4831428.359985 282.250000
463546.679993 4831428.290009 282.230011
463546.729980 4831428.329987 282.160004
463546.750000 4831428.320007 282.190002
463546.479980 4831428.230011 282.260010
463546.429993 4831428.309998 282.450012
463546.460022 4831428.290009 282.380005
463546.469971 4831428.290009 282.470001
463546.520020 4831428.239990 282.260010
463546.390015 4831428.380005 282.450012
463546.359985 4831428.410004 282.260010
463546.400024 4831428.399994 282.339996
463546.609985 4831428.279999 282.339996
463546.630005 4831428.290009 282.269989
463546.690002 4831428.329987 282.230011
463546.719971 4831428.359985 282.170013
463546.440002 4831428.260010 282.440002
463546.460022 4831428.239990 282.429993
463546.489990 4831428.239990 282.470001
463546.460022 4831428.279999 282.399994
463546.489990 4831428.239990 282.299988
463546.440002 4831428.309998 282.209991
463546.460022 4831428.290009 282.190002
463546.479980 4831428.279999 282.179993
463546.400024 4831428.390015 282.279999
463546.679993 4831428.279999 282.230011
463546.750000 4831428.369995 282.630005
463546.719971 4831428.309998 282.220001
463546.679993 4831428.309998 282.130005
463546.419983 4831428.299988 282.220001
463546.380005 4831428.329987 282.230011
463546.359985 4831428.339996 282.250000
463546.429993 4831428.239990 282.399994
463546.419983 4831428.260010 282.480011
463546.700012 4831428.290009 282.200012
463546.340027 4831428.390015 282.399994
463546.380005 4831428.339996 282.399994
463546.429993 4831428.239990 282.420013
463546.409973 4831428.250000 282.459991
463546.469971 4831428.230011 282.369995
463546.460022 4831428.239990 282.269989
463546.460022 4831428.239990 282.220001
463546.419983 4831428.320007 282.380005
463546.409973 4831428.339996 282.269989
463546.419983 4831428.329987 282.239990
463546.369995 4831428.410004 282.450012
463546.659973 4831428.239990 282.250000
463546.450012 4831428.279999 282.480011
463546.450012 4831428.269989 282.429993
463546.469971 4831428.260010 282.410004
463546.489990 4831428.239990 282.329987
463546.489990 4831428.230011 282.269989
463546.419983 4831428.329987 282.239990
463546.460022 4831428.309998 282.209991
463546.359985 4831428.410004 282.299988
463546.380005 4831428.399994 282.279999
463546.400024 4831428.390015 282.260010
463546.640015 4831428.250000 282.269989
463546.669983 4831428.269989 282.200012
463546.700012 4831428.299988 282.239990
463546.719971 4831428.290009 282.209991
463546.409973 4831428.369995 282.260010
463546.659973 4831428.250000 282.260010
463546.280029 4831428.500000 282.500000
463546.289978 4831428.519989 282.519989
463546.280029 4831428.500000 282.480011
463546.270020 4831428.510010 282.529999
463546.390015 4831428.489990 282.739990
463546.400024 4831428.450012 282.660004
463546.330017 4831428.480011 282.739990
463546.340027 4831428.429993 282.339996
463546.289978 4831428.470001 282.390015
463546.280029 4831428.480011 282.450012
463546.260010 4831428.480011 282.510010
463546.609985 4831428.679993 283.130005
463546.380005 4831428.519989 282.470001
463546.359985 4831428.489990 282.459991
463546.400024 4831428.500000 282.420013
463546.380005 4831428.480011 282.399994
463546.309998 4831428.480011 282.380005
463546.330017 4831428.500000 282.399994
463546.289978 4831428.540009 282.459991
463546.299988 4831428.549988 282.489990
463546.270020 4831428.559998 282.510010
463546.359985 4831428.480011 282.730011
463546.340027 4831428.489990 282.720001
463546.340027 4831428.500000 282.779999
463546.320007 4831428.450012 282.369995
463546.289978 4831428.450012 282.369995
463546.299988 4831428.470001 282.369995
463546.309998 4831428.489990 282.399994
463546.289978 4831428.489990 282.380005
463546.289978 4831428.500000 282.429993
463546.260010 4831428.489990 282.420013
463546.270020 4831428.510010 282.440002
463546.239990 4831428.540009 282.480011
463546.250000 4831428.559998 282.500000
463546.369995 4831428.450012 282.679993
463546.349976 4831428.459991 282.769989
463546.330017 4831428.429993 282.339996
463546.309998 4831428.420013 282.339996
463546.299988 4831428.450012 282.350006
463546.280029 4831428.470001 282.420013
463546.270020 4831428.480011 282.480011
463546.239990 4831428.489990 282.459991
463546.250000 4831428.510010 282.480011
463546.270020 4831428.540009 282.470001
463546.250000 4831428.519989 282.480011
463546.299988 4831428.470001 282.399994
463546.380005 4831428.459991 282.760010
463546.239990 4831428.549988 282.489990
463546.289978 4831428.500000 282.410004
463546.270020 4831428.480011 282.420013
463546.349976 4831428.450012 282.769989
463546.309998 4831428.429993 282.350006
463546.280029 4831428.540009 282.470001
463546.299988 4831428.510010 282.429993
463546.330017 4831428.420013 282.350006
463546.349976 4831428.500000 282.779999
463546.299988 4831428.459991 282.350006
463546.320007 4831428.489990 282.440002
463546.299988 4831428.500000 282.799988
463546.309998 4831428.540009 282.529999
463546.260010 4831428.519989 282.410004
463546.250000 4831428.519989 282.450012
463546.260010 4831428.540009 282.429993
463546.239990 4831428.540009 282.440002
463546.260010 4831428.559998 282.470001
463546.340027 4831428.450012 282.720001
463546.380005 4831428.420013 282.420013
463546.260010 4831428.510010 282.410004
463546.330017 4831428.529999 282.670013
463546.239990 4831428.570007 282.489990
463546.229980 4831428.570007 282.489990
463546.340027 4831428.480011 282.799988
463546.270020 4831428.519989 282.420013
463546.330017 4831428.519989 282.700012
463546.320007 4831428.500000 282.730011
463546.289978 4831428.470001 282.359985
463546.320007 4831428.440002 282.320007
463546.390015 4831428.429993 282.630005
463546.280029 4831428.549988 282.489990
463546.369995 4831428.480011 282.619995
463546.349976 4831428.420013 282.480011
463546.320007 4831428.440002 282.359985
463546.330017 4831428.459991 282.619995
463546.330017 4831428.489990 282.649994
463546.289978 4831428.489990 282.369995
463546.309998 4831428.529999 282.730011
463546.270020 4831428.510010 282.390015
463546.289978 4831428.529999 282.769989
463546.320007 4831428.510010 282.709991
463546.330017 4831428.540009 282.679993
463546.239990 4831428.510010 282.399994
463546.320007 4831428.510010 282.690002
463546.320007 4831428.540009 282.690002
463546.239990 4831428.529999 282.429993
463546.229980 4831428.540009 282.429993
463546.239990 4831428.529999 282.410004
463546.229980 4831428.559998 282.440002
463546.380005 4831428.450012 282.790009
463546.309998 4831428.429993 282.779999
463546.309998 4831428.429993 282.720001
463546.320007 4831428.429993 282.630005
463546.469971 4831429.220001 282.290009
463546.400024 4831428.440002 282.649994
463546.320007 4831428.429993 282.399994
463546.330017 4831428.459991 282.350006
463546.280029 4831428.540009 282.440002
463546.380005 4831428.450012 282.720001
463546.299988 4831428.529999 282.359985
463546.320007 4831428.549988 282.700012
463546.340027 4831428.540009 282.730011
463546.369995 4831428.519989 282.679993
463546.330017 4831428.529999 282.799988
463546.380005 4831428.480011 282.709991
463546.340027 4831428.529999 282.720001
463546.380005 4831428.440002 282.399994
463546.260010 4831428.570007 282.470001
463546.280029 4831428.540009 282.420013
463546.309998 4831428.510010 282.369995
463546.400024 4831428.470001 282.429993
463546.280029 4831428.489990 282.359985
463546.270020 4831428.510010 282.459991
463546.239990 4831428.519989 282.429993
463546.369995 4831428.489990 282.649994
463546.349976 4831428.480011 282.709991
463546.320007 4831428.489990 282.720001
463546.289978 4831428.489990 282.790009
463546.369995 4831428.489990 282.649994
463546.340027 4831428.480011 282.730011
463546.320007 4831428.500000 282.720001
463546.289978 4831428.480011 282.820007
463546.349976 4831428.459991 282.700012
463546.330017 4831428.480011 282.709991
463546.299988 4831428.470001 282.769989
463546.260010 4831428.489990 282.420013
463546.229980 4831428.529999 282.480011
463546.239990 4831428.540009 282.470001
463546.219971 4831428.549988 282.480011
463546.229980 4831428.500000 282.440002
463546.349976 4831428.500000 282.720001
463546.280029 4831428.519989 282.470001
463546.289978 4831428.510010 282.440002
463546.349976 4831428.480011 282.510010
463546.330017 4831428.480011 282.399994
463546.299988 4831428.559998 282.549988
