463546.989990 4831429.440002 277.339996
463546.929993 4831429.429993 277.329987
463546.969971 4831429.429993 277.380005
463546.840027 4831429.429993 277.359985
463546.969971 4831429.429993 277.359985
463546.900024 4831429.429993 277.369995
463546.909973 4831429.429993 277.339996
463546.960022 4831429.429993 277.350006
463546.960022 4831429.440002 277.410004
463546.940002 4831429.440002 277.380005
463546.969971 4831429.429993 277.350006
463546.919983 4831429.429993 277.320007
463546.909973 4831429.429993 277.339996
463546.700012 4831430.200012 278.079987
463546.650024 4831430.220001 278.049988
463546.630005 4831430.260010 278.059998
463546.640015 4831430.279999 278.089996
463546.619995 4831430.100006 278.059998
463546.630005 4831430.209991 278.089996
463546.640015 4831430.200012 278.059998
463546.640015 4831430.200012 278.070007
463546.640015 4831430.250000 278.070007
463546.650024 4831430.230011 278.100006
463546.650024 4831430.209991 278.100006
463546.619995 4831430.220001 278.100006
463546.630005 4831430.209991 278.109985
463546.640015 4831430.160004 278.290009
463546.679993 4831430.200012 278.149994
463546.669983 4831430.200012 278.260010
463546.669983 4831430.220001 278.160004
463546.650024 4831430.200012 278.230011
463546.640015 4831430.239990 278.160004
463546.619995 4831430.230011 278.230011
463546.630005 4831430.269989 278.160004
463546.659973 4831430.320007 278.149994
463546.669983 4831430.350006 278.170013
463546.640015 4831430.320007 278.269989
463546.669983 4831430.200012 278.160004
463546.659973 4831430.209991 278.209991
463546.630005 4831430.209991 278.170013
463546.630005 4831430.239990 278.119995
463546.630005 4831430.230011 278.130005
463546.609985 4831430.209991 278.170013
463546.630005 4831430.209991 278.130005
463546.619995 4831430.200012 278.160004
463546.640015 4831430.200012 278.130005
463546.630005 4831430.209991 278.170013
463546.630005 4831430.209991 278.130005
463546.619995 4831430.209991 278.130005
463546.619995 4831430.250000 278.140015
463546.809998 4831430.230011 277.339996
463546.809998 4831430.220001 277.399994
463546.820007 4831430.220001 277.440002
463546.820007 4831430.239990 277.480011
463546.780029 4831430.320007 277.329987
463546.739990 4831430.230011 277.489990
463546.739990 4831430.230011 277.549988
463546.739990 4831430.230011 277.660004
463546.750000 4831430.230011 277.709991
463546.750000 4831430.230011 277.760010
463546.750000 4831430.230011 277.809998
463546.750000 4831430.250000 277.850006
463546.750000 4831430.230011 278.029999
463546.809998 4831430.190002 277.369995
463546.799988 4831430.179993 277.429993
463546.799988 4831430.190002 277.480011
463546.789978 4831430.200012 277.529999
463546.789978 4831430.209991 277.579987
463546.770020 4831430.200012 277.660004
463546.770020 4831430.209991 277.709991
463546.750000 4831430.220001 277.829987
463546.710022 4831430.200012 278.010010
463546.799988 4831430.200012 277.339996
463546.780029 4831430.200012 277.450012
463546.770020 4831430.200012 277.510010
463546.770020 4831430.209991 277.559998
463546.760010 4831430.209991 277.609985
463546.750000 4831430.220001 277.660004
463546.739990 4831430.209991 277.730011
463546.729980 4831430.209991 277.790009
463546.729980 4831430.220001 277.850006
463546.690002 4831430.220001 278.040009
463546.770020 4831430.209991 277.329987
463546.760010 4831430.209991 277.390015
463546.739990 4831430.209991 277.459991
463546.729980 4831430.209991 277.519989
463546.719971 4831430.209991 277.589996
463546.719971 4831430.220001 277.640015
463546.700012 4831430.209991 277.720001
463546.700012 4831430.220001 277.750000
463546.690002 4831430.209991 277.820007
463546.679993 4831430.220001 277.859985
463546.669983 4831430.220001 277.929993
463546.750000 4831430.230011 277.309998
463546.750000 4831430.239990 277.359985
463546.729980 4831430.230011 277.420013
463546.719971 4831430.230011 277.480011
463546.710022 4831430.230011 277.540009
463546.710022 4831430.239990 277.589996
463546.690002 4831430.250000 277.709991
463546.679993 4831430.239990 277.769989
463546.659973 4831430.239990 277.839996
463546.659973 4831430.250000 277.899994
463546.640015 4831430.250000 278.019989
463546.770020 4831430.329987 277.309998
463546.729980 4831430.299988 277.420013
463546.669983 4831430.279999 277.690002
463546.640015 4831430.260010 277.829987
463546.760010 4831430.390015 277.390015
463546.729980 4831430.190002 277.809998
463546.789978 4831430.179993 277.480011
463546.770020 4831430.179993 277.540009
463546.760010 4831430.190002 277.589996
463546.739990 4831430.190002 277.660004
463546.729980 4831430.200012 277.720001
463546.710022 4831430.200012 277.790009
463546.690002 4831430.200012 277.850006
463546.659973 4831430.190002 277.940002
463546.659973 4831430.209991 277.989990
463546.750000 4831430.170013 277.609985
463546.739990 4831430.179993 277.679993
463546.729980 4831430.190002 277.720001
463546.710022 4831430.190002 277.799988
463546.700012 4831430.200012 277.839996
463546.659973 4831430.190002 277.929993
463546.669983 4831430.209991 277.959991
463546.659973 4831430.220001 278.010010
463546.780029 4831430.179993 277.549988
463546.760010 4831430.179993 277.619995
463546.739990 4831430.190002 277.679993
463546.719971 4831430.190002 277.760010
463546.710022 4831430.200012 277.809998
463546.700012 4831430.200012 277.859985
463546.669983 4831430.190002 277.940002
463546.719971 4831430.190002 277.809998
463546.700012 4831430.190002 277.869995
463546.669983 4831430.190002 277.940002
463546.750000 4831430.200012 277.750000
463546.729980 4831430.200012 277.820007
463546.679993 4831430.200012 277.959991
463546.690002 4831430.190002 277.950012
463546.830017 4831430.130005 277.320007
463546.710022 4831430.190002 277.839996
463546.679993 4831430.190002 277.950012
463546.760010 4831430.200012 277.670013
463546.719971 4831430.190002 277.809998
463546.700012 4831430.190002 277.869995
463546.669983 4831430.200012 277.940002
463546.799988 4831430.170013 277.380005
463546.799988 4831430.190002 277.420013
463546.770020 4831430.190002 277.500000
463546.750000 4831430.190002 277.570007
463546.739990 4831430.190002 277.630005
463546.710022 4831430.190002 277.709991
463546.700012 4831430.200012 277.760010
463546.690002 4831430.209991 277.809998
463546.669983 4831430.209991 277.869995
463546.640015 4831430.220001 277.989990
463546.630005 4831430.230011 278.040009
463546.770020 4831430.179993 277.320007
463546.770020 4831430.190002 277.369995
463546.729980 4831430.179993 277.450012
463546.719971 4831430.190002 277.510010
463546.690002 4831430.200012 277.630005
463546.679993 4831430.209991 277.679993
463546.659973 4831430.220001 277.750000
463546.650024 4831430.220001 277.809998
463546.640015 4831430.239990 277.859985
463546.619995 4831430.260010 278.000000
463546.640015 4831430.290009 278.019989
463546.710022 4831430.230011 277.440002
463546.700012 4831430.239990 277.489990
463546.690002 4831430.250000 277.540009
463546.679993 4831430.260010 277.589996
463546.729980 4831430.399994 277.350006
463546.719971 4831430.410004 277.399994
463546.690002 4831430.200012 278.089996
463546.719971 4831430.170013 278.070007
463546.760010 4831430.170013 278.070007
463546.710022 4831430.200012 278.079987
463546.729980 4831430.179993 278.089996
463546.770020 4831430.179993 278.070007
463546.710022 4831430.209991 278.070007
463546.760010 4831430.190002 278.070007
463546.679993 4831430.049988 278.070007
463546.739990 4831430.399994 278.100006
463546.780029 4831430.390015 278.100006
463546.679993 4831430.209991 278.160004
463546.679993 4831430.170013 278.290009
463546.700012 4831430.170013 278.200012
463546.700012 4831430.170013 278.140015
463546.729980 4831430.160004 278.230011
463546.719971 4831430.350006 278.269989
463546.750000 4831430.410004 278.119995
463546.679993 4831430.220001 278.299988
463546.690002 4831430.230011 278.230011
463546.679993 4831430.220001 278.190002
463546.710022 4831430.190002 278.269989
463546.710022 4831430.200012 278.209991
463546.710022 4831430.200012 278.149994
463546.739990 4831430.179993 278.279999
463546.739990 4831430.179993 278.220001
463546.729980 4831430.179993 278.160004
463546.780029 4831430.179993 278.250000
463546.780029 4831430.190002 278.179993
463546.750000 4831430.140015 278.200012
463546.690002 4831430.209991 278.250000
463546.669983 4831430.149994 278.279999
463546.750000 4831430.200012 278.279999
463546.729980 4831430.160004 278.279999
463546.729980 4831430.190002 278.190002
463546.719971 4831430.200012 278.130005
463546.780029 4831430.209991 278.160004
463546.770020 4831430.190002 278.130005
463546.739990 4831430.420013 277.489990
463546.750000 4831430.410004 277.440002
463546.780029 4831430.380005 277.420013
463546.770020 4831430.359985 277.380005
463546.809998 4831430.339996 277.339996
463546.799988 4831430.309998 277.329987
463546.770020 4831430.350006 278.029999
463546.729980 4831430.290009 277.970001
463546.719971 4831430.269989 277.959991
463546.700012 4831430.250000 277.929993
463546.690002 4831430.230011 277.910004
463546.700012 4831430.220001 277.790009
463546.700012 4831430.200012 278.040009
463546.700012 4831430.200012 277.989990
463546.700012 4831430.190002 277.940002
463546.700012 4831430.179993 277.899994
463546.719971 4831430.179993 277.809998
463546.719971 4831430.170013 277.769989
463546.750000 4831430.190002 277.660004
463546.739990 4831430.179993 277.609985
463546.750000 4831430.170013 277.540009
463546.780029 4831430.190002 277.450012
463546.809998 4831430.209991 277.329987
463546.789978 4831430.179993 277.329987
463546.719971 4831430.170013 278.000000
463546.719971 4831430.160004 277.950012
463546.719971 4831430.140015 277.910004
463546.760010 4831430.170013 277.779999
463546.760010 4831430.160004 277.739990
463546.760010 4831430.149994 277.700012
463546.770020 4831430.149994 277.630005
463546.770020 4831430.149994 277.570007
463546.799988 4831430.160004 277.480011
463546.809998 4831430.149994 277.350006
463546.760010 4831430.160004 278.029999
463546.770020 4831430.149994 277.920013
463546.739990 4831430.109985 277.940002
463546.799988 4831430.160004 277.760010
463546.780029 4831430.130005 277.760010
463546.820007 4831430.149994 277.570007
463546.830017 4831430.140015 277.500000
463546.840027 4831430.140015 277.440002
463546.849976 4831430.149994 277.359985
463546.780029 4831430.410004 277.420013
463546.780029 4831430.410004 277.380005
463546.710022 4831430.209991 278.019989
463546.719971 4831430.220001 277.950012
463546.710022 4831430.209991 277.899994
463546.809998 4831430.399994 277.380005
463546.799988 4831430.380005 277.359985
463546.739990 4831430.190002 278.010010
463546.739990 4831430.190002 277.950012
463546.710022 4831430.160004 277.950012
463546.729980 4831430.190002 277.850006
463546.739990 4831430.209991 277.750000
463546.750000 4831430.230011 277.660004
463546.830017 4831430.369995 277.359985
463546.820007 4831430.350006 277.329987
463546.770020 4831430.179993 278.000000
463546.760010 4831430.160004 277.989990
463546.770020 4831430.190002 277.769989
463546.770020 4831430.179993 277.720001
463546.770020 4831430.179993 277.660004
463546.799988 4831430.250000 277.489990
463546.830017 4831430.309998 277.320007
463546.830017 4831430.200012 277.910004
463546.830017 4831430.200012 277.839996
463546.809998 4831430.170013 277.820007
463546.799988 4831430.170013 277.779999
463546.799988 4831430.170013 277.720001
463546.799988 4831430.170013 277.670013
463546.799988 4831430.170013 277.609985
463546.799988 4831430.179993 277.540009
463546.799988 4831430.179993 277.470001
463546.809998 4831430.190002 277.399994
463546.809998 4831430.190002 277.329987
463546.859985 4831430.190002 277.579987
463546.840027 4831430.170013 277.559998
463546.840027 4831430.170013 277.489990
463546.830017 4831430.160004 277.450012
463546.840027 4831430.170013 277.380005
463546.830017 4831430.160004 277.339996
463546.890015 4831430.179993 277.390015
463546.869995 4831430.149994 277.309998
463546.710022 4831430.220001 277.989990
463546.719971 4831430.350006 277.760010
463546.750000 4831430.200012 278.010010
463546.739990 4831430.200012 277.950012
463546.719971 4831430.179993 277.920013
463546.799988 4831430.209991 277.899994
463546.770020 4831430.190002 277.809998
463546.760010 4831430.200012 277.760010
463546.760010 4831430.239990 277.640015
463546.780029 4831430.359985 277.420013
463546.809998 4831430.190002 277.670013
463546.789978 4831430.179993 277.630005
463546.789978 4831430.209991 277.540009
463546.799988 4831430.269989 277.390015
463546.849976 4831430.179993 277.609985
463546.830017 4831430.179993 277.500000
463546.820007 4831430.179993 277.450012
463546.809998 4831430.190002 277.359985
463546.880005 4831430.170013 277.399994
463546.869995 4831430.179993 277.339996
463546.619995 4831430.239990 278.079987
463546.630005 4831430.399994 278.070007
463546.789978 4831430.220001 277.320007
463546.789978 4831430.230011 277.380005
463546.809998 4831430.260010 277.380005
463546.739990 4831430.230011 277.380005
463546.739990 4831430.230011 277.459991
463546.739990 4831430.239990 277.540009
463546.760010 4831430.250000 277.660004
463546.669983 4831430.250000 277.630005
463546.659973 4831430.239990 277.739990
463546.659973 4831430.239990 277.829987
463546.669983 4831430.239990 277.890015
463546.650024 4831430.329987 277.970001
463546.640015 4831430.350006 278.040009
463546.640015 4831430.269989 277.709991
463546.700012 4831430.359985 277.309998
463546.710022 4831430.390015 277.339996
463546.710022 4831430.410004 277.380005
463546.650024 4831430.230011 278.049988
463546.690002 4831430.269989 278.290009
463546.710022 4831430.279999 278.190002
463546.700012 4831430.250000 278.200012
463546.679993 4831430.220001 278.200012
463546.750000 4831430.309998 277.570007
463546.690002 4831430.209991 277.869995
463546.679993 4831430.200012 277.709991
463546.770020 4831430.250000 277.660004
463546.809998 4831430.230011 277.429993
463546.789978 4831430.209991 277.390015
463546.719971 4831430.260010 277.989990
463546.710022 4831430.230011 278.029999
463546.669983 4831430.200012 277.929993
463546.739990 4831430.239990 277.809998
463546.719971 4831430.220001 277.760010
463546.690002 4831430.220001 277.670013
463546.780029 4831430.269989 277.600006
463546.770020 4831430.239990 277.630005
463546.760010 4831430.209991 277.630005
463546.729980 4831430.209991 277.540009
463546.780029 4831430.200012 277.429993
463546.989990 4831429.450012 277.339996
463546.929993 4831429.459991 277.350006
463546.950012 4831429.480011 277.309998
463546.669983 4831430.290009 278.130005
463546.659973 4831430.299988 278.269989
463546.650024 4831430.309998 278.290009
463546.640015 4831430.320007 278.290009
463546.659973 4831430.309998 278.119995
463546.669983 4831430.420013 278.029999
463546.679993 4831430.299988 277.959991
463546.739990 4831430.250000 277.489990
463546.750000 4831430.239990 277.339996
463546.609985 4831430.359985 277.950012
463546.700012 4831430.350006 277.380005
463546.609985 4831430.359985 278.230011
463546.640015 4831430.339996 278.140015
463546.630005 4831430.329987 278.179993
463546.630005 4831430.320007 278.260010
463546.659973 4831430.290009 278.170013
463546.669983 4831430.309998 278.269989
463546.659973 4831430.290009 278.299988
463546.679993 4831430.299988 277.459991
463546.659973 4831430.339996 277.730011
463546.650024 4831430.339996 277.809998
463546.630005 4831430.320007 277.899994
463546.780029 4831430.279999 277.329987
463546.770020 4831430.269989 277.380005
463546.760010 4831430.269989 277.440002
463546.750000 4831430.279999 277.510010
463546.750000 4831430.290009 277.600006
463546.739990 4831430.269989 277.609985
463546.729980 4831430.279999 277.709991
463546.719971 4831430.279999 277.769989
463546.710022 4831430.260010 277.799988
463546.700012 4831430.290009 277.920013
463546.690002 4831430.269989 277.950012
463546.669983 4831430.399994 278.010010
463546.630005 4831430.339996 277.980011
463546.669983 4831430.329987 277.850006
463546.710022 4831430.299988 277.820007
463546.710022 4831430.299988 277.899994
463546.739990 4831430.369995 277.760010
463546.729980 4831430.390015 277.320007
463546.919983 4831429.440002 277.329987
463546.880005 4831429.450012 277.350006
463546.940002 4831429.450012 277.440002
463546.979980 4831429.480011 277.329987
463546.919983 4831429.459991 277.320007
463546.609985 4831430.109985 278.079987
463546.630005 4831430.350006 278.049988
463546.630005 4831430.359985 278.089996
463546.690002 4831430.299988 278.100006
463546.609985 4831430.109985 278.140015
463546.640015 4831430.329987 278.269989
463546.640015 4831430.339996 278.209991
463546.669983 4831430.299988 278.260010
463546.679993 4831430.299988 278.200012
463546.679993 4831430.299988 278.149994
463546.609985 4831430.339996 278.200012
463546.609985 4831430.339996 278.160004
463546.619995 4831430.350006 278.100006
463546.669983 4831430.320007 278.250000
463546.609985 4831430.359985 278.130005
463546.799988 4831430.160004 277.320007
463546.789978 4831430.190002 277.320007
463546.789978 4831430.269989 277.579987
463546.789978 4831430.260010 277.500000
463546.789978 4831430.269989 277.459991
463546.799988 4831430.269989 277.399994
463546.760010 4831430.260010 277.619995
463546.760010 4831430.269989 277.579987
463546.770020 4831430.279999 277.549988
463546.780029 4831430.290009 277.510010
463546.780029 4831430.299988 277.470001
463546.739990 4831430.269989 277.799988
463546.739990 4831430.269989 277.739990
463546.760010 4831430.299988 277.619995
463546.760010 4831430.299988 277.579987
463546.770020 4831430.309998 277.529999
463546.770020 4831430.320007 277.489990
463546.750000 4831430.260010 277.630005
463546.760010 4831430.279999 277.589996
463546.770020 4831430.290009 277.549988
463546.770020 4831430.290009 277.500000
463546.780029 4831430.309998 277.470001
463546.760010 4831430.290009 277.809998
463546.789978 4831430.329987 277.820007
463546.750000 4831430.279999 277.619995
463546.760010 4831430.290009 277.579987
463546.770020 4831430.309998 277.549988
463546.770020 4831430.320007 277.500000
463546.729980 4831430.279999 277.799988
463546.739990 4831430.290009 277.760010
463546.750000 4831430.309998 277.730011
463546.750000 4831430.320007 277.630005
463546.750000 4831430.320007 277.579987
463546.760010 4831430.329987 277.540009
463546.760010 4831430.329987 277.489990
463546.770020 4831430.350006 277.339996
463546.710022 4831430.299988 277.989990
463546.719971 4831430.329987 277.820007
463546.710022 4831430.309998 277.750000
463546.729980 4831430.339996 277.720001
463546.729980 4831430.339996 277.660004
463546.729980 4831430.339996 277.600006
463546.729980 4831430.339996 277.540009
463546.739990 4831430.359985 277.510010
463546.719971 4831430.339996 277.359985
463546.719971 4831430.359985 277.899994
463546.710022 4831430.350006 277.820007
463546.700012 4831430.339996 277.739990
463546.700012 4831430.350006 277.700012
463546.700012 4831430.350006 277.660004
463546.700012 4831430.350006 277.589996
463546.710022 4831430.359985 277.549988
463546.640015 4831430.350006 277.839996
463546.640015 4831430.350006 277.779999
463546.700012 4831430.290009 277.989990
463546.710022 4831430.290009 277.940002
463546.719971 4831430.299988 277.890015
463546.729980 4831430.320007 277.869995
463546.729980 4831430.290009 277.769989
463546.739990 4831430.290009 277.709991
463546.750000 4831430.290009 277.660004
463546.750000 4831430.290009 277.600006
463546.760010 4831430.299988 277.559998
463546.770020 4831430.290009 277.510010
463546.770020 4831430.299988 277.459991
463546.780029 4831430.299988 277.420013
463546.799988 4831430.309998 277.320007
463546.640015 4831430.350006 278.000000
463546.669983 4831430.369995 277.859985
463546.669983 4831430.350006 277.790009
463546.669983 4831430.350006 277.739990
463546.679993 4831430.350006 277.679993
463546.690002 4831430.350006 277.619995
463546.690002 4831430.339996 277.559998
463546.700012 4831430.339996 277.500000
463546.700012 4831430.329987 277.450012
463546.710022 4831430.329987 277.390015
463546.719971 4831430.329987 277.320007
463546.640015 4831430.359985 278.040009
463546.659973 4831430.350006 277.970001
463546.669983 4831430.350006 277.940002
463546.690002 4831430.359985 277.899994
463546.700012 4831430.339996 277.809998
463546.710022 4831430.320007 277.739990
463546.729980 4831430.320007 277.679993
463546.739990 4831430.309998 277.619995
463546.609985 4831430.359985 277.850006
463546.619995 4831430.369995 277.799988
463546.640015 4831430.359985 277.739990
463546.650024 4831430.359985 277.690002
463546.669983 4831430.369995 277.649994
463546.679993 4831430.350006 277.579987
463546.700012 4831430.350006 277.519989
463546.710022 4831430.350006 277.480011
463546.719971 4831430.350006 277.429993
463546.979980 4831429.459991 277.329987
463546.940002 4831429.440002 277.329987
463546.979980 4831429.440002 277.339996
463546.979980 4831429.450012 277.309998
463546.609985 4831430.329987 278.049988
463546.650024 4831430.309998 278.059998
463546.669983 4831430.260010 278.070007
463546.609985 4831430.329987 278.109985
463546.650024 4831430.309998 278.109985
463546.640015 4831430.309998 278.160004
463546.640015 4831430.309998 278.220001
463546.630005 4831430.309998 278.269989
463546.679993 4831430.290009 278.209991
463546.609985 4831430.339996 278.170013
463546.609985 4831430.329987 278.220001
463546.619995 4831430.339996 278.290009
463546.650024 4831430.320007 278.209991
463546.650024 4831430.309998 278.260010
463546.650024 4831430.299988 278.299988
463546.609985 4831430.350006 278.279999
463546.650024 4831430.329987 278.220001
463546.669983 4831430.329987 278.299988
463546.659973 4831430.250000 278.170013
463546.659973 4831430.309998 277.519989
463546.650024 4831430.320007 277.579987
463546.650024 4831430.329987 277.649994
463546.650024 4831430.320007 277.690002
463546.640015 4831430.329987 277.739990
463546.640015 4831430.329987 277.850006
463546.640015 4831430.350006 277.920013
463546.650024 4831430.390015 278.010010
463546.630005 4831430.350006 278.019989
463546.719971 4831430.309998 277.390015
463546.710022 4831430.309998 277.429993
463546.710022 4831430.320007 277.489990
463546.710022 4831430.320007 277.540009
463546.700012 4831430.320007 277.600006
463546.700012 4831430.320007 277.660004
463546.690002 4831430.320007 277.709991
463546.679993 4831430.320007 277.760010
463546.679993 4831430.320007 277.820007
463546.669983 4831430.320007 277.869995
463546.659973 4831430.299988 277.899994
463546.679993 4831430.359985 278.010010
463546.659973 4831430.320007 278.019989
463546.750000 4831430.290009 277.440002
463546.750000 4831430.279999 277.480011
463546.739990 4831430.279999 277.519989
463546.739990 4831430.290009 277.579987
463546.729980 4831430.279999 277.619995
463546.719971 4831430.269989 277.670013
463546.710022 4831430.269989 277.720001
463546.710022 4831430.269989 277.779999
463546.690002 4831430.420013 277.380005
463546.719971 4831430.399994 277.329987
463546.700012 4831430.350006 277.609985
463546.700012 4831430.320007 277.920013
463546.739990 4831430.320007 277.579987
463546.760010 4831430.260010 277.410004
463546.669983 4831430.359985 277.769989
463546.690002 4831430.359985 277.850006
463546.690002 4831430.329987 277.570007
463546.710022 4831430.339996 277.640015
463546.710022 4831430.329987 277.679993
463546.719971 4831430.320007 277.779999
463546.719971 4831430.339996 277.420013
463546.729980 4831430.339996 277.489990
463546.739990 4831430.329987 277.549988
463546.739990 4831430.320007 277.589996
463546.739990 4831430.309998 277.640015
463546.729980 4831430.279999 277.679993
463546.719971 4831430.269989 277.709991
463546.770020 4831430.309998 277.429993
463546.770020 4831430.309998 277.480011
463546.760010 4831430.290009 277.519989
463546.760010 4831430.279999 277.549988
463546.750000 4831430.260010 277.579987
463546.750000 4831430.250000 277.619995
463546.789978 4831430.290009 277.329987
463546.770020 4831430.250000 277.399994
463546.909973 4831429.450012 277.350006
463546.890015 4831429.440002 277.329987
463546.659973 4831430.279999 278.070007
463546.659973 4831430.309998 278.059998
463546.619995 4831430.250000 278.059998
463546.630005 4831430.269989 278.239990
463546.630005 4831430.339996 278.290009
463546.609985 4831430.230011 278.149994
463546.729980 4831430.279999 277.609985
463546.679993 4831430.239990 277.649994
463546.679993 4831430.260010 277.709991
463546.650024 4831430.339996 278.010010
463546.640015 4831430.399994 278.000000
463546.650024 4831430.420013 278.029999
463546.780029 4831430.250000 277.339996
463546.669983 4831430.260010 277.790009
463546.650024 4831430.260010 278.040009
463546.679993 4831430.230011 277.739990
463546.609985 4831430.350006 277.970001
463546.630005 4831430.220001 277.739990
463546.609985 4831430.239990 277.820007
463546.659973 4831430.230011 277.390015
463546.679993 4831430.380005 277.309998
463546.679993 4831430.399994 277.329987
463546.650024 4831430.209991 277.640015
463546.659973 4831430.209991 277.579987
463546.619995 4831430.230011 277.570007
463546.679993 4831430.209991 277.459991
463546.650024 4831430.230011 277.440002
463546.609985 4831430.179993 277.670013
463546.619995 4831430.190002 277.549988
463546.630005 4831430.190002 277.480011
463546.650024 4831430.179993 277.399994
463546.630005 4831430.149994 277.390015
463546.640015 4831430.149994 277.320007
463546.630005 4831430.320007 278.100006
463546.640015 4831430.320007 278.130005
463546.659973 4831430.320007 278.160004
463546.659973 4831430.420013 278.010010
463546.650024 4831430.390015 278.079987
463546.619995 4831430.209991 278.079987
463546.679993 4831430.380005 278.100006
463546.640015 4831430.279999 278.209991
463546.669983 4831430.279999 277.980011
463546.650024 4831430.410004 277.489990
463546.679993 4831430.369995 277.429993
463546.619995 4831430.230011 278.029999
463546.609985 4831430.230011 277.910004
463546.630005 4831430.239990 277.820007
463546.619995 4831430.170013 278.019989
463546.619995 4831430.220001 277.820007
463546.650024 4831430.230011 277.730011
463546.700012 4831430.250000 277.579987
463546.619995 4831430.190002 277.829987
463546.640015 4831430.200012 277.750000
463546.650024 4831430.220001 277.660004
463546.690002 4831430.230011 277.519989
463546.659973 4831430.149994 277.820007
463546.659973 4831430.160004 277.750000
463546.650024 4831430.170013 277.720001
463546.650024 4831430.179993 277.670013
463546.669983 4831430.200012 277.570007
463546.700012 4831430.209991 277.450012
463546.690002 4831430.140015 277.679993
463546.669983 4831430.149994 277.649994
463546.669983 4831430.170013 277.589996
463546.669983 4831430.179993 277.540009
463546.700012 4831430.200012 277.420013
463546.690002 4831430.119995 277.640015
463546.690002 4831430.149994 277.519989
463546.679993 4831430.160004 277.489990
463546.700012 4831430.170013 277.390015
463546.619995 4831430.359985 278.290009
463546.669983 4831430.329987 278.279999
463546.619995 4831430.359985 278.130005
463546.640015 4831430.359985 278.179993
463546.669983 4831430.350006 278.190002
463546.690002 4831430.320007 278.149994
463546.619995 4831430.350006 277.839996
463546.669983 4831430.359985 277.980011
463546.700012 4831430.350006 277.970001
463546.719971 4831430.309998 277.910004
463546.710022 4831430.359985 277.769989
463546.729980 4831430.339996 277.750000
463546.750000 4831430.299988 277.670013
463546.719971 4831430.339996 277.470001
463546.750000 4831430.350006 277.529999
463546.770020 4831430.320007 277.510010
463546.799988 4831430.250000 277.309998
463546.789978 4831430.359985 277.359985
463546.969971 4831429.450012 277.329987
463546.650024 4831430.230011 278.089996
463546.640015 4831430.220001 278.220001
463546.700012 4831430.359985 277.309998
463546.690002 4831430.309998 277.880005
463546.650024 4831430.320007 278.000000
463546.760010 4831430.230011 277.459991
463546.739990 4831430.230011 277.549988
463546.719971 4831430.230011 277.649994
463546.700012 4831430.230011 277.750000
463546.679993 4831430.230011 277.869995
463546.679993 4831430.209991 277.700012
463546.650024 4831430.190002 277.799988
463546.750000 4831430.179993 277.369995
463547.010010 4831429.440002 277.350006
463546.679993 4831430.250000 278.200012
463546.690002 4831430.299988 278.290009
463546.719971 4831430.200012 277.549988
463546.770020 4831430.250000 277.589996
463546.780029 4831430.250000 277.529999
463546.789978 4831430.250000 277.480011
463546.799988 4831430.250000 277.420013
463546.809998 4831430.250000 277.359985
463546.750000 4831430.420013 277.359985
463546.729980 4831430.269989 277.950012
463546.750000 4831430.220001 277.589996
463546.840027 4831430.140015 277.309998
463546.750000 4831430.329987 277.869995
463546.789978 4831430.269989 277.529999
463546.799988 4831430.260010 277.500000
463546.799988 4831430.250000 277.440002
463546.809998 4831430.239990 277.399994
463546.809998 4831430.239990 277.320007
463546.789978 4831430.329987 277.339996
463546.710022 4831430.350006 277.950012
463546.739990 4831430.339996 277.970001
463546.750000 4831430.320007 277.920013
463546.770020 4831430.320007 277.630005
463546.780029 4831430.309998 277.600006
