463549.099976 4831433.910004 280.940002
463549.159973 4831434.070007 280.720001
463549.150024 4831434.089996 280.720001
463549.090027 4831434.059998 280.720001
463549.070007 4831434.079987 280.750000
463549.070007 4831433.929993 280.690002
463549.109985 4831434.049988 280.760010
463549.130005 4831434.070007 280.750000
463549.150024 4831434.079987 280.700012
463549.099976 4831434.059998 280.720001
463549.080017 4831434.070007 280.750000
463549.190002 4831433.880005 280.959991
463549.159973 4831434.059998 280.690002
463549.090027 4831434.059998 280.760010
463549.119995 4831434.040009 280.739990
463549.090027 4831434.070007 280.779999
463549.119995 4831434.059998 280.730011
463549.190002 4831434.089996 280.730011
463549.179993 4831434.059998 280.739990
463549.200012 4831434.070007 280.739990
463549.150024 4831434.089996 280.769989
463549.150024 4831434.089996 280.730011
463549.150024 4831434.089996 280.670013
463549.190002 4831434.079987 280.720001
463549.130005 4831434.079987 280.769989
463549.140015 4831434.070007 280.700012
463549.150024 4831434.079987 280.670013
463549.090027 4831434.059998 280.750000
463549.099976 4831434.089996 280.739990
463549.119995 4831434.100006 280.649994
463549.200012 4831434.070007 280.720001
463549.140015 4831434.070007 280.750000
463549.159973 4831434.089996 280.709991
463549.190002 4831434.089996 280.630005
463549.200012 4831434.089996 280.589996
463549.059998 4831434.040009 280.760010
463549.070007 4831434.079987 280.769989
463549.090027 4831434.089996 280.720001
463549.119995 4831434.109985 280.640015
463549.140015 4831434.040009 280.700012
463549.130005 4831434.040009 280.760010
463549.200012 4831434.059998 280.700012
463549.150024 4831434.059998 280.700012
463549.130005 4831434.029999 280.720001
463549.179993 4831434.070007 280.700012
463549.179993 4831434.059998 280.730011
463549.150024 4831434.029999 280.739990
463549.130005 4831433.899994 280.980011
463549.179993 4831433.880005 280.950012
463549.090027 4831433.929993 280.720001
463549.099976 4831433.950012 280.730011
463549.159973 4831434.010010 280.709991
463549.159973 4831434.029999 280.730011
463549.169983 4831434.040009 280.709991
463549.179993 4831434.070007 280.690002
463549.150024 4831434.070007 280.709991
463549.200012 4831434.059998 280.690002
463549.190002 4831434.059998 280.690002
463549.179993 4831434.059998 280.690002
463549.080017 4831433.890015 280.640015
463549.159973 4831433.890015 280.709991
463549.140015 4831433.899994 280.690002
463549.119995 4831433.910004 280.670013
463549.150024 4831433.899994 280.510010
463549.140015 4831433.890015 280.670013
463549.130005 4831433.899994 280.649994
463549.159973 4831433.890015 280.510010
463549.140015 4831433.890015 280.950012
463549.179993 4831433.880005 280.730011
463549.140015 4831433.899994 280.739990
463549.109985 4831433.920013 280.760010
463549.159973 4831433.899994 280.739990
463549.119995 4831433.920013 280.690002
463549.179993 4831433.880005 280.730011
463549.159973 4831433.890015 280.700012
463549.159973 4831433.880005 280.709991
463549.130005 4831433.899994 280.720001
463549.109985 4831433.910004 280.700012
463549.140015 4831433.880005 280.579987
463549.130005 4831433.880005 280.709991
463549.109985 4831433.910004 280.660004
463549.099976 4831433.950012 280.690002
463549.099976 4831433.959991 280.700012
463549.070007 4831434.049988 280.739990
463549.119995 4831434.079987 280.690002
463549.140015 4831434.079987 280.709991
463549.169983 4831434.089996 280.709991
463549.090027 4831434.070007 280.760010
463549.109985 4831434.059998 280.750000
463549.130005 4831434.049988 280.750000
463549.119995 4831434.059998 280.709991
463549.130005 4831434.070007 280.720001
463549.130005 4831434.079987 280.700012
463549.150024 4831434.070007 280.700012
463549.179993 4831434.070007 280.739990
463549.169983 4831434.100006 280.690002
463549.039978 4831433.910004 280.970001
463549.039978 4831433.920013 281.000000
463549.119995 4831433.899994 280.980011
463549.159973 4831433.920013 280.970001
463549.039978 4831433.899994 280.989990
463549.159973 4831434.059998 280.690002
463549.130005 4831433.940002 280.989990
463549.070007 4831433.950012 280.970001
463549.200012 4831433.950012 280.989990
463549.099976 4831434.079987 280.750000
463549.109985 4831434.059998 280.720001
463549.150024 4831434.089996 280.640015
463549.119995 4831434.100006 280.730011
463549.169983 4831434.070007 280.720001
463549.179993 4831433.950012 281.000000
463549.280029 4831433.950012 280.970001
463549.229980 4831433.950012 280.980011
463549.330017 4831433.880005 280.989990
463549.210022 4831434.070007 280.700012
463549.219971 4831434.070007 280.730011
463549.280029 4831434.070007 280.700012
463549.260010 4831433.910004 280.959991
463549.280029 4831434.070007 280.640015
463549.250000 4831433.959991 280.440002
463549.219971 4831434.079987 280.690002
463549.210022 4831434.059998 280.700012
463549.239990 4831434.049988 280.709991
463549.250000 4831434.070007 280.660004
463549.229980 4831434.040009 280.690002
463549.250000 4831433.910004 280.959991
463549.270020 4831433.970001 280.989990
463549.270020 4831433.880005 281.000000
463549.309998 4831433.910004 280.989990
463549.219971 4831434.049988 280.690002
463549.219971 4831434.040009 280.720001
463549.219971 4831434.049988 280.670013
463549.219971 4831434.049988 280.709991
463549.229980 4831434.059998 280.720001
463549.219971 4831434.049988 280.700012
463549.210022 4831434.049988 280.700012
463549.229980 4831434.059998 280.700012
463549.239990 4831434.079987 280.670013
463549.210022 4831434.079987 280.679993
463549.229980 4831433.910004 280.959991
463549.289978 4831433.929993 280.989990
463549.280029 4831434.049988 280.549988
463549.289978 4831433.880005 280.989990
463549.289978 4831433.899994 280.959991
463549.330017 4831433.920013 280.980011
463549.289978 4831433.890015 280.980011
463549.239990 4831434.070007 280.709991
463549.239990 4831433.929993 280.980011
463549.179993 4831434.130005 280.769989
463549.159973 4831434.140015 280.760010
463549.159973 4831434.109985 280.700012
463549.179993 4831434.130005 280.700012
463549.179993 4831434.109985 280.750000
463549.169983 4831434.119995 280.750000
463549.150024 4831434.119995 280.670013
463549.159973 4831434.109985 280.649994
463549.169983 4831434.109985 280.660004
463549.140015 4831434.119995 280.619995
463549.179993 4831434.119995 280.720001
463549.200012 4831434.100006 280.679993
463549.150024 4831434.140015 280.760010
463549.150024 4831434.119995 280.769989
463549.150024 4831434.149994 280.760010
463549.140015 4831434.109985 280.769989
463549.150024 4831434.140015 280.739990
463549.289978 4831434.089996 280.679993
463549.210022 4831434.089996 280.720001
463549.320007 4831434.089996 280.670013
463549.219971 4831434.100006 280.720001
463549.229980 4831434.109985 280.670013
463549.330017 4831434.079987 280.670013
463549.349976 4831434.089996 280.579987
463549.210022 4831434.100006 280.709991
463549.219971 4831434.109985 280.670013
463549.229980 4831434.109985 280.619995
463549.330017 4831434.100006 280.630005
463549.340027 4831434.089996 280.679993
463549.309998 4831434.089996 280.529999
463549.359985 4831434.100006 280.690002
463549.330017 4831434.089996 280.709991
463549.320007 4831434.079987 280.720001
463549.369995 4831434.100006 280.709991
463549.349976 4831434.109985 280.679993
463549.289978 4831434.079987 280.700012
463549.359985 4831434.100006 280.700012
463549.380005 4831434.089996 280.679993
463549.369995 4831434.070007 280.709991
