2.794700010000000248e+02 4.831431679992999882e+06 4.635463900150000118e+05
2.794800109999999904e+02 4.831431690001999959e+06 4.635463400269999984e+05
2.786300049999999828e+02 4.831432190001999959e+06 4.635465999760000268e+05
2.796099849999999947e+02 4.831431679992999882e+06 4.635464799800000037e+05
2.796000060000000076e+02 4.831431829986999743e+06 4.635465700070000021e+05
2.795700069999999755e+02 4.831431679992999882e+06 4.635463400269999984e+05
2.796000060000000076e+02 4.831431700012000278e+06 4.635463499760000268e+05
2.795000000000000000e+02 4.831431630005000159e+06 4.635464000239999732e+05
2.793800049999999828e+02 4.831431690001999959e+06 4.635463800049999845e+05
2.794700010000000248e+02 4.831431760010000318e+06 4.635463099979999824e+05
2.794500120000000152e+02 4.831431790009000339e+06 4.635463099979999824e+05
2.795599980000000073e+02 4.831431649993999861e+06 4.635463699950000155e+05
2.794599910000000023e+02 4.831431609985000454e+06 4.635463599849999882e+05
2.786400150000000053e+02 4.831432179992999882e+06 4.635465999760000268e+05
2.796099849999999947e+02 4.831431690001999959e+06 4.635463599849999882e+05
2.795499879999999848e+02 4.831431660004000179e+06 4.635463800049999845e+05
2.794500120000000152e+02 4.831431649993999861e+06 4.635463699950000155e+05
2.795400089999999977e+02 4.831431670013000257e+06 4.635463900150000118e+05
2.795299989999999752e+02 4.831431649993999861e+06 4.635463699950000155e+05
2.795599980000000073e+02 4.831431640014999546e+06 4.635463699950000155e+05
2.795599980000000073e+02 4.831431709990999661e+06 4.635463300169999711e+05
2.785700069999999755e+02 4.831432309998000041e+06 4.635465399779999861e+05
2.785400089999999977e+02 4.831432359985000454e+06 4.635465399779999861e+05
2.786099849999999947e+02 4.831432239989999682e+06 4.635465700070000021e+05
2.786199950000000172e+02 4.831432220000999980e+06 4.635465499880000134e+05
2.795100100000000225e+02 4.831431649993999861e+06 4.635463400269999984e+05
2.785199890000000096e+02 4.831432339995999821e+06 4.635465300290000159e+05
2.785499879999999848e+02 4.831432299987999722e+06 4.635465499880000134e+05
2.786099849999999947e+02 4.831432260010000318e+06 4.635465700070000021e+05
2.786499939999999924e+02 4.831432239989999682e+06 4.635465599979999824e+05
2.786600040000000149e+02 4.831432220000999980e+06 4.635465800169999711e+05
2.794599910000000023e+02 4.831431760010000318e+06 4.635463099979999824e+05
2.795100100000000225e+02 4.831431750000000000e+06 4.635463300169999711e+05
2.796099849999999947e+02 4.831431750000000000e+06 4.635463400269999984e+05
2.796000060000000076e+02 4.831431720000999980e+06 4.635463200070000021e+05
2.795499879999999848e+02 4.831431799987999722e+06 4.635464000239999732e+05
2.795499879999999848e+02 4.831431750000000000e+06 4.635463699950000155e+05
2.794599910000000023e+02 4.831431700012000278e+06 4.635463300169999711e+05
2.795799870000000169e+02 4.831431709990999661e+06 4.635463400269999984e+05
2.794700010000000248e+02 4.831431670013000257e+06 4.635463400269999984e+05
2.795599980000000073e+02 4.831431670013000257e+06 4.635463400269999984e+05
2.794700010000000248e+02 4.831431649993999861e+06 4.635463599849999882e+05
2.795199890000000096e+02 4.831431640014999546e+06 4.635463499760000268e+05
2.794899899999999775e+02 4.831431619994999841e+06 4.635463900150000118e+05
2.795299989999999752e+02 4.831431609985000454e+06 4.635463800049999845e+05
2.785700069999999755e+02 4.831432269988999702e+06 4.635465599979999824e+05
2.786300049999999828e+02 4.831432250000000000e+06 4.635465599979999824e+05
2.794299930000000245e+02 4.831431660004000179e+06 4.635463300169999711e+05
2.795700069999999755e+02 4.831431679992999882e+06 4.635463800049999845e+05
2.794800109999999904e+02 4.831431660004000179e+06 4.635463699950000155e+05
2.796199950000000172e+02 4.831431730011000298e+06 4.635463599849999882e+05
2.795400089999999977e+02 4.831431720000999980e+06 4.635463599849999882e+05
2.794899899999999775e+02 4.831431720000999980e+06 4.635463599849999882e+05
2.795599980000000073e+02 4.831431829986999743e+06 4.635464400020000176e+05
2.786799930000000245e+02 4.831432230011000298e+06 4.635465599979999824e+05
2.786400150000000053e+02 4.831432250000000000e+06 4.635465700070000021e+05
2.786300049999999828e+02 4.831432269988999702e+06 4.635465900269999984e+05
2.785799870000000169e+02 4.831432320007000118e+06 4.635465499880000134e+05
2.785400089999999977e+02 4.831432329986999743e+06 4.635465599979999824e+05
2.785299989999999752e+02 4.831432359985000454e+06 4.635465300290000159e+05
2.795700069999999755e+02 4.831431709990999661e+06 4.635463599849999882e+05
2.794800109999999904e+02 4.831431679992999882e+06 4.635463499760000268e+05
2.786400150000000053e+02 4.831432239989999682e+06 4.635465399779999861e+05
2.786199950000000172e+02 4.831432269988999702e+06 4.635465499880000134e+05
2.794899899999999775e+02 4.831431640014999546e+06 4.635463599849999882e+05
2.786499939999999924e+02 4.831432250000000000e+06 4.635465499880000134e+05
2.786199950000000172e+02 4.831432269988999702e+06 4.635465700070000021e+05
2.785899959999999851e+02 4.831432279999000020e+06 4.635465300290000159e+05
2.785700069999999755e+02 4.831432299987999722e+06 4.635465499880000134e+05
2.785199890000000096e+02 4.831432359985000454e+06 4.635465399779999861e+05
2.785299989999999752e+02 4.831432320007000118e+06 4.635465200199999963e+05
2.786000060000000076e+02 4.831432250000000000e+06 4.635465399779999861e+05
2.786300049999999828e+02 4.831432239989999682e+06 4.635465300290000159e+05
2.785100100000000225e+02 4.831432329986999743e+06 4.635465399779999861e+05
2.785400089999999977e+02 4.831432320007000118e+06 4.635465300290000159e+05
2.795299989999999752e+02 4.831431690001999959e+06 4.635463499760000268e+05
2.795799870000000169e+02 4.831431679992999882e+06 4.635463400269999984e+05
2.794899899999999775e+02 4.831431640014999546e+06 4.635463699950000155e+05
2.785400089999999977e+02 4.831432329986999743e+06 4.635465499880000134e+05
2.794700010000000248e+02 4.831431730011000298e+06 4.635463099979999824e+05
2.787300109999999904e+02 4.831432200012000278e+06 4.635465499880000134e+05
2.786600040000000149e+02 4.831432239989999682e+06 4.635465399779999861e+05
2.785299989999999752e+02 4.831432380005000159e+06 4.635465200199999963e+05
2.785100100000000225e+02 4.831432290009000339e+06 4.635465700070000021e+05
2.785799870000000169e+02 4.831432290009000339e+06 4.635465599979999824e+05
2.794700010000000248e+02 4.831431709990999661e+06 4.635463200070000021e+05
2.786900019999999927e+02 4.831432190001999959e+06 4.635465599979999824e+05
2.786499939999999924e+02 4.831432220000999980e+06 4.635465599979999824e+05
2.786000060000000076e+02 4.831432230011000298e+06 4.635465599979999824e+05
2.786700129999999831e+02 4.831432250000000000e+06 4.635465599979999824e+05
2.785700069999999755e+02 4.831432309998000041e+06 4.635465300290000159e+05
2.785499879999999848e+02 4.831432480011000298e+06 4.635464899899999727e+05
2.785400089999999977e+02 4.831432279999000020e+06 4.635465100100000273e+05
2.785499879999999848e+02 4.831432269988999702e+06 4.635465200199999963e+05
2.786000060000000076e+02 4.831432230011000298e+06 4.635465499880000134e+05
2.786000060000000076e+02 4.831432209990999661e+06 4.635465300290000159e+05
2.794800109999999904e+02 4.831431760010000318e+06 4.635463099979999824e+05
2.785899959999999851e+02 4.831432200012000278e+06 4.635465599979999824e+05
2.785700069999999755e+02 4.831432209990999661e+06 4.635465399779999861e+05
2.785899959999999851e+02 4.831432179992999882e+06 4.635465700070000021e+05
2.795299989999999752e+02 4.831431649993999861e+06 4.635463599849999882e+05
2.794200129999999831e+02 4.831431670013000257e+06 4.635463599849999882e+05
2.795199890000000096e+02 4.831431670013000257e+06 4.635463699950000155e+05
2.793800049999999828e+02 4.831431739989999682e+06 4.635463499760000268e+05
2.796000060000000076e+02 4.831431750000000000e+06 4.635463599849999882e+05
2.786499939999999924e+02 4.831432250000000000e+06 4.635465700070000021e+05
2.786900019999999927e+02 4.831432250000000000e+06 4.635465900269999984e+05
2.785599980000000073e+02 4.831432320007000118e+06 4.635465499880000134e+05
2.786000060000000076e+02 4.831432309998000041e+06 4.635465700070000021e+05
2.795000000000000000e+02 4.831431640014999546e+06 4.635463800049999845e+05
2.795899959999999851e+02 4.831431720000999980e+06 4.635463800049999845e+05
2.795100100000000225e+02 4.831431609985000454e+06 4.635463499760000268e+05
2.795400089999999977e+02 4.831431630005000159e+06 4.635463300169999711e+05
2.786099849999999947e+02 4.831432269988999702e+06 4.635465499880000134e+05
2.785700069999999755e+02 4.831432290009000339e+06 4.635465200199999963e+05
2.795499879999999848e+02 4.831431640014999546e+06 4.635463699950000155e+05
2.795400089999999977e+02 4.831431660004000179e+06 4.635463599849999882e+05
2.795499879999999848e+02 4.831431640014999546e+06 4.635463900150000118e+05
2.787300109999999904e+02 4.831432190001999959e+06 4.635465900269999984e+05
2.795599980000000073e+02 4.831431649993999861e+06 4.635463800049999845e+05
2.796400150000000053e+02 4.831431989989999682e+06 4.635463800049999845e+05
2.795499879999999848e+02 4.831431649993999861e+06 4.635463900150000118e+05
2.795000000000000000e+02 4.831431640014999546e+06 4.635464000239999732e+05
2.795499879999999848e+02 4.831431690001999959e+06 4.635463900150000118e+05
2.794200129999999831e+02 4.831431670013000257e+06 4.635463599849999882e+05
2.796000060000000076e+02 4.831431760010000318e+06 4.635463800049999845e+05
2.794100040000000149e+02 4.831431720000999980e+06 4.635463300169999711e+05
2.795499879999999848e+02 4.831431799987999722e+06 4.635463699950000155e+05
2.789299930000000245e+02 4.831432369994999841e+06 4.635473099979999824e+05
2.795799870000000169e+02 4.831432600006000139e+06 4.635466099849999882e+05
2.795499879999999848e+02 4.831432579986999743e+06 4.635466099849999882e+05
2.795400089999999977e+02 4.831432609985000454e+06 4.635465800169999711e+05
2.790599980000000073e+02 4.831432559998000041e+06 4.635469699709999841e+05
2.795899959999999851e+02 4.831432609985000454e+06 4.635466400150000118e+05
2.795400089999999977e+02 4.831432600006000139e+06 4.635466500239999732e+05
2.795499879999999848e+02 4.831432609985000454e+06 4.635466400150000118e+05
2.795100100000000225e+02 4.831432619994999841e+06 4.635466599730000016e+05
2.795199890000000096e+02 4.831432609985000454e+06 4.635466400150000118e+05
2.796199950000000172e+02 4.831432609985000454e+06 4.635466099849999882e+05
2.793399959999999851e+02 4.831431429992999882e+06 4.635464199830000289e+05
2.792900089999999977e+02 4.831431410004000179e+06 4.635464099730000016e+05
2.793299870000000169e+02 4.831431470000999980e+06 4.635464099730000016e+05
2.793500060000000076e+02 4.831431480011000298e+06 4.635464000239999732e+05
2.793599849999999947e+02 4.831431480011000298e+06 4.635463800049999845e+05
2.792500000000000000e+02 4.831431429992999882e+06 4.635463900150000118e+05
2.792699890000000096e+02 4.831431399993999861e+06 4.635464199830000289e+05
2.793200069999999755e+02 4.831431470000999980e+06 4.635463599849999882e+05
2.792900089999999977e+02 4.831431450012000278e+06 4.635464000239999732e+05
2.792500000000000000e+02 4.831431390014999546e+06 4.635463900150000118e+05
2.792699890000000096e+02 4.831431410004000179e+06 4.635463900150000118e+05
2.792799989999999752e+02 4.831431440001999959e+06 4.635463900150000118e+05
2.792699890000000096e+02 4.831431470000999980e+06 4.635463900150000118e+05
2.792600100000000225e+02 4.831431489989999682e+06 4.635463699950000155e+05
2.792900089999999977e+02 4.831431429992999882e+06 4.635464199830000289e+05
2.792799989999999752e+02 4.831431420013000257e+06 4.635464199830000289e+05
2.793599849999999947e+02 4.831431470000999980e+06 4.635463800049999845e+05
2.792699890000000096e+02 4.831431380005000159e+06 4.635463900150000118e+05
2.795199890000000096e+02 4.831431570007000118e+06 4.635464799800000037e+05
2.794299930000000245e+02 4.831431500000000000e+06 4.635465000000000000e+05
2.794800109999999904e+02 4.831431609985000454e+06 4.635463599849999882e+05
2.794800109999999904e+02 4.831431579986999743e+06 4.635463699950000155e+05
2.795000000000000000e+02 4.831431600006000139e+06 4.635463800049999845e+05
2.794899899999999775e+02 4.831431589995999821e+06 4.635463800049999845e+05
2.793399959999999851e+02 4.831431579986999743e+06 4.635464199830000289e+05
2.793699950000000172e+02 4.831431609985000454e+06 4.635464000239999732e+05
2.794100040000000149e+02 4.831431529999000020e+06 4.635463599849999882e+05
2.794700010000000248e+02 4.831431559998000041e+06 4.635463900150000118e+05
2.794400019999999927e+02 4.831431609985000454e+06 4.635463400269999984e+05
2.794500120000000152e+02 4.831431579986999743e+06 4.635463800049999845e+05
2.794299930000000245e+02 4.831431540009000339e+06 4.635463900150000118e+05
2.794299930000000245e+02 4.831431609985000454e+06 4.635463699950000155e+05
2.794599910000000023e+02 4.831431589995999821e+06 4.635463599849999882e+05
2.793999939999999924e+02 4.831431559998000041e+06 4.635463900150000118e+05
2.793999939999999924e+02 4.831431540009000339e+06 4.635463699950000155e+05
2.794899899999999775e+02 4.831431609985000454e+06 4.635464000239999732e+05
2.794599910000000023e+02 4.831431609985000454e+06 4.635463900150000118e+05
2.794200129999999831e+02 4.831431579986999743e+06 4.635463800049999845e+05
2.793099980000000073e+02 4.831431500000000000e+06 4.635463800049999845e+05
2.793900150000000053e+02 4.831431519988999702e+06 4.635463900150000118e+05
2.793299870000000169e+02 4.831431519988999702e+06 4.635464000239999732e+05
2.792200010000000248e+02 4.831431510010000318e+06 4.635463800049999845e+05
2.793900150000000053e+02 4.831431579986999743e+06 4.635463499760000268e+05
2.793399959999999851e+02 4.831431609985000454e+06 4.635463599849999882e+05
2.793800049999999828e+02 4.831431519988999702e+06 4.635464099730000016e+05
2.794800109999999904e+02 4.831431589995999821e+06 4.635463900150000118e+05
2.794100040000000149e+02 4.831431559998000041e+06 4.635464000239999732e+05
2.793999939999999924e+02 4.831431579986999743e+06 4.635463300169999711e+05
2.793900150000000053e+02 4.831431609985000454e+06 4.635463599849999882e+05
2.794100040000000149e+02 4.831431559998000041e+06 4.635463499760000268e+05
2.792399899999999775e+02 4.831431510010000318e+06 4.635463900150000118e+05
2.793599849999999947e+02 4.831431489989999682e+06 4.635463599849999882e+05
2.792600100000000225e+02 4.831431529999000020e+06 4.635463900150000118e+05
2.793399959999999851e+02 4.831431500000000000e+06 4.635463699950000155e+05
2.792999879999999848e+02 4.831431519988999702e+06 4.635463699950000155e+05
2.792799989999999752e+02 4.831431489989999682e+06 4.635464000239999732e+05
