463548.130005 4831432.630005 279.070007
463548.130005 4831432.630005 279.070007
463548.140015 4831432.660004 279.049988
463548.109985 4831432.660004 279.059998
463548.140015 4831432.750000 279.079987
463548.080017 4831432.660004 279.070007
463548.070007 4831432.630005 279.100006
463548.119995 4831432.640015 279.040009
463548.080017 4831432.630005 279.109985
463548.090027 4831432.700012 279.100006
463548.099976 4831432.720001 279.100006
463548.030029 4831432.649994 279.109985
463548.039978 4831432.679993 279.140015
463548.020020 4831432.690002 279.100006
463548.010010 4831432.640015 279.130005
463548.039978 4831432.679993 279.130005
463548.090027 4831432.769989 279.100006
463548.109985 4831432.630005 279.100006
463548.000000 4831432.640015 279.130005
463548.030029 4831432.649994 279.070007
463548.039978 4831432.679993 279.100006
463548.049988 4831432.700012 279.079987
463548.080017 4831432.750000 279.089996
463548.030029 4831432.670013 279.119995
463548.070007 4831432.700012 279.089996
463548.049988 4831432.670013 279.079987
463548.150024 4831432.750000 279.059998
463548.080017 4831432.679993 279.119995
463548.109985 4831432.750000 279.109985
463548.059998 4831432.690002 279.100006
463548.070007 4831432.730011 279.109985
463548.049988 4831432.690002 279.119995
463548.059998 4831432.720001 279.119995
463548.030029 4831432.700012 279.119995
463548.039978 4831432.709991 279.079987
463548.010010 4831432.709991 279.070007
463548.070007 4831432.769989 279.089996
463548.010010 4831432.660004 279.119995
463548.080017 4831432.690002 279.089996
463548.070007 4831432.649994 279.109985
463548.000000 4831432.660004 279.089996
463548.039978 4831432.660004 279.119995
463548.030029 4831432.640015 279.140015
463548.099976 4831432.720001 279.140015
463548.070007 4831432.690002 279.089996
463548.059998 4831432.679993 279.070007
463548.059998 4831432.670013 279.100006
463548.090027 4831432.750000 279.119995
463548.030029 4831433.100006 279.549988
463548.109985 4831432.679993 279.119995
463548.090027 4831432.700012 279.100006
463548.109985 4831432.700012 279.070007
463548.090027 4831432.700012 279.109985
463548.119995 4831432.730011 279.100006
463548.099976 4831432.720001 279.109985
463548.130005 4831432.700012 279.040009
463548.130005 4831432.720001 279.070007
463548.109985 4831432.640015 279.089996
463548.000000 4831433.100006 279.489990
463548.140015 4831432.660004 279.040009
463548.099976 4831432.690002 279.059998
463548.140015 4831432.720001 279.070007
463548.070007 4831432.690002 279.059998
463548.099976 4831432.700012 279.140015
463548.159973 4831432.630005 279.070007
463548.119995 4831432.739990 279.059998
463548.190002 4831432.630005 279.059998
463548.510010 4831433.399994 278.589996
463548.510010 4831433.410004 278.640015
463548.510010 4831433.359985 278.549988
463548.500000 4831433.369995 278.589996
463548.530029 4831433.399994 278.609985
463548.510010 4831433.350006 278.529999
463548.510010 4831433.369995 278.570007
463548.510010 4831433.380005 278.600006
463548.520020 4831433.410004 278.640015
463548.489990 4831433.399994 278.709991
463548.369995 4831433.369995 279.019989
463548.500000 4831433.359985 278.540009
463548.500000 4831433.369995 278.589996
463548.510010 4831433.399994 278.619995
463548.510010 4831433.350006 278.510010
463548.489990 4831433.359985 278.579987
463548.510010 4831433.380005 278.600006
463548.520020 4831433.410004 278.619995
463548.450012 4831433.450012 278.950012
463548.489990 4831433.359985 278.559998
463548.510010 4831433.390015 278.589996
463548.510010 4831433.410004 278.630005
463548.500000 4831433.420013 278.679993
463548.419983 4831433.450012 279.019989
463548.500000 4831433.359985 278.549988
463548.500000 4831433.380005 278.589996
463548.510010 4831433.399994 278.619995
463548.510010 4831433.420013 278.660004
463548.469971 4831433.359985 278.549988
463548.489990 4831433.410004 278.600006
463548.479980 4831433.380005 278.510010
463548.469971 4831433.410004 278.540009
463548.440002 4831433.510010 279.019989
463548.429993 4831433.350006 278.750000
463548.479980 4831433.350006 278.549988
463548.369995 4831433.269989 278.739990
463548.179993 4831432.649994 279.059998
463548.400024 4831433.450012 279.010010
463548.429993 4831433.420013 278.510010
463548.440002 4831433.459991 278.540009
463548.320007 4831433.320007 278.869995
463548.369995 4831433.429993 278.980011
463548.349976 4831433.399994 278.989990
463548.330017 4831433.369995 278.970001
463548.289978 4831433.320007 278.890015
463548.320007 4831433.350006 279.070007
463548.409973 4831433.429993 278.929993
463548.359985 4831433.350006 278.779999
463548.489990 4831433.510010 278.829987
463548.479980 4831433.489990 278.859985
463548.489990 4831433.480011 278.730011
463548.489990 4831433.429993 278.579987
463548.299988 4831433.339996 278.910004
463548.289978 4831433.320007 278.950012
463548.520020 4831433.440002 278.559998
463548.489990 4831433.410004 278.540009
463548.479980 4831433.470001 278.640015
463548.479980 4831433.470001 278.589996
463548.500000 4831433.500000 278.559998
463548.320007 4831433.350006 278.959991
463548.250000 4831433.329987 278.829987
463548.419983 4831433.440002 278.670013
463548.460022 4831433.510010 278.739990
463548.460022 4831433.500000 278.670013
463548.460022 4831433.470001 278.570007
463548.250000 4831433.320007 279.140015
463548.309998 4831433.380005 279.070007
463548.320007 4831433.399994 279.049988
463548.330017 4831433.410004 279.019989
463548.349976 4831433.429993 279.000000
463548.359985 4831433.450012 278.989990
463548.380005 4831433.470001 278.950012
463548.390015 4831433.480011 278.920013
463548.409973 4831433.510010 278.920013
463548.469971 4831433.510010 278.709991
463548.479980 4831433.420013 278.540009
463548.510010 4831433.510010 278.570007
463548.299988 4831433.369995 279.059998
463548.320007 4831433.399994 279.040009
463548.340027 4831433.420013 279.019989
463548.349976 4831433.429993 278.980011
463548.369995 4831433.470001 278.980011
463548.380005 4831433.480011 278.940002
463548.400024 4831433.500000 278.920013
463548.409973 4831433.519989 278.899994
463548.469971 4831433.519989 278.709991
463548.299988 4831433.380005 279.070007
463548.320007 4831433.399994 279.049988
463548.330017 4831433.410004 279.029999
463548.349976 4831433.429993 279.000000
463548.359985 4831433.440002 278.970001
463548.380005 4831433.459991 278.940002
463548.390015 4831433.500000 278.940002
463548.409973 4831433.510010 278.899994
463548.469971 4831433.519989 278.720001
463548.489990 4831433.459991 278.549988
463548.510010 4831433.510010 278.570007
463548.289978 4831433.380005 279.070007
463548.309998 4831433.399994 279.040009
463548.330017 4831433.420013 279.019989
463548.340027 4831433.440002 279.000000
463548.359985 4831433.440002 278.959991
463548.369995 4831433.470001 278.950012
463548.390015 4831433.489990 278.929993
463548.400024 4831433.500000 278.899994
463548.460022 4831433.519989 278.720001
463548.469971 4831433.450012 278.570007
463548.489990 4831433.489990 278.570007
463548.380005 4831433.459991 278.950012
463548.400024 4831433.500000 278.950012
463548.309998 4831433.399994 279.070007
463548.330017 4831433.399994 279.029999
463548.340027 4831433.420013 279.000000
463548.359985 4831433.459991 279.010010
463548.369995 4831433.459991 278.959991
463548.390015 4831433.489990 278.940002
463548.409973 4831433.510010 278.929993
463548.280029 4831433.359985 279.079987
463548.299988 4831433.380005 279.049988
463548.320007 4831433.410004 279.040009
463548.330017 4831433.429993 279.010010
463548.349976 4831433.440002 278.980011
463548.359985 4831433.459991 278.959991
463548.380005 4831433.480011 278.940002
463548.390015 4831433.500000 278.920013
463548.409973 4831433.519989 278.899994
463548.469971 4831433.510010 278.690002
463548.479980 4831433.450012 278.559998
463548.500000 4831433.500000 278.570007
463548.309998 4831433.390015 279.049988
463548.330017 4831433.410004 279.029999
463548.340027 4831433.429993 279.000000
463548.359985 4831433.450012 278.980011
463548.369995 4831433.470001 278.950012
463548.390015 4831433.489990 278.920013
463548.409973 4831433.510010 278.910004
463548.460022 4831433.540009 278.750000
463548.510010 4831433.510010 278.570007
463548.299988 4831433.380005 279.079987
463548.309998 4831433.399994 279.059998
463548.320007 4831433.410004 279.029999
463548.340027 4831433.429993 279.000000
463548.349976 4831433.450012 278.980011
463548.369995 4831433.470001 278.970001
463548.380005 4831433.489990 278.940002
463548.400024 4831433.510010 278.910004
463548.419983 4831433.529999 278.890015
463548.469971 4831433.529999 278.730011
463548.479980 4831433.470001 278.609985
463548.500000 4831433.500000 278.559998
463548.380005 4831433.380005 278.609985
463548.390015 4831433.410004 278.600006
463548.409973 4831433.429993 278.570007
463548.429993 4831433.459991 278.570007
463548.440002 4831433.450012 278.510010
463548.270020 4831433.350006 278.739990
463548.380005 4831433.390015 278.619995
463548.359985 4831433.369995 278.649994
463548.390015 4831433.459991 278.859985
463548.390015 4831433.480011 278.929993
463548.380005 4831433.470001 278.970001
463548.369995 4831433.450012 279.000000
463548.349976 4831433.429993 279.029999
463548.349976 4831433.450012 279.109985
463548.440002 4831433.440002 278.640015
463548.429993 4831433.450012 278.700012
463548.450012 4831433.500000 278.820007
463548.489990 4831433.429993 278.570007
463548.489990 4831433.429993 278.619995
463548.369995 4831433.429993 278.910004
463548.359985 4831433.420013 278.959991
463548.460022 4831433.489990 278.670013
463548.469971 4831433.500000 278.739990
463548.460022 4831433.480011 278.779999
463548.419983 4831433.420013 278.760010
463548.380005 4831433.359985 278.739990
463548.479980 4831433.440002 278.529999
463548.479980 4831433.440002 278.589996
463548.479980 4831433.440002 278.660004
463548.419983 4831433.489990 278.910004
463548.369995 4831433.440002 278.899994
463548.270020 4831433.339996 278.799988
463548.479980 4831433.529999 278.739990
463548.479980 4831433.510010 278.779999
463548.460022 4831433.459991 278.579987
463548.469971 4831433.450012 278.630005
463548.429993 4831433.410004 278.619995
463548.489990 4831433.429993 278.510010
463548.500000 4831433.429993 278.579987
463548.450012 4831433.459991 278.760010
463548.450012 4831433.500000 278.829987
463548.340027 4831433.420013 278.970001
463548.340027 4831433.440002 278.989990
463548.440002 4831433.420013 278.660004
463548.429993 4831433.440002 278.709991
463548.400024 4831433.450012 278.959991
463548.400024 4831433.440002 278.839996
463548.380005 4831433.309998 278.589996
463548.380005 4831433.299988 278.529999
463548.270020 4831433.299988 279.000000
463548.409973 4831433.500000 279.179993
463548.419983 4831433.500000 279.119995
463548.390015 4831433.450012 279.070007
463548.409973 4831433.450012 279.000000
463548.400024 4831433.459991 278.959991
463548.419983 4831433.390015 278.839996
463548.419983 4831433.390015 278.790009
463548.330017 4831433.339996 278.940002
463548.260010 4831433.250000 279.070007
463548.260010 4831432.859985 279.390015
463548.429993 4831433.440002 278.980011
463548.409973 4831433.459991 278.950012
463548.419983 4831433.390015 278.779999
463548.349976 4831433.320007 278.720001
463548.390015 4831433.339996 278.670013
463548.469971 4831433.380005 278.549988
463548.510010 4831433.440002 278.589996
463548.479980 4831433.450012 278.690002
463548.479980 4831433.450012 278.739990
463548.460022 4831433.440002 278.570007
463548.469971 4831433.450012 278.640015
463548.460022 4831433.459991 278.720001
463548.369995 4831433.420013 279.000000
463548.380005 4831433.380005 279.010010
463548.349976 4831433.359985 279.010010
463548.479980 4831433.420013 278.829987
463548.479980 4831433.429993 278.779999
463548.520020 4831433.410004 278.600006
463548.479980 4831433.350006 278.600006
463548.440002 4831433.309998 278.579987
463548.419983 4831433.290009 278.559998
463548.469971 4831433.459991 278.859985
463548.510010 4831433.459991 278.649994
463548.460022 4831433.529999 278.850006
463548.510010 4831433.470001 278.609985
463548.289978 4831432.839996 279.339996
463548.349976 4831433.399994 279.040009
463548.349976 4831433.410004 279.040009
463548.330017 4831433.339996 278.769989
463548.349976 4831433.350006 278.700012
463548.369995 4831433.380005 278.730011
463548.419983 4831433.440002 278.670013
463548.460022 4831433.459991 278.829987
463548.409973 4831433.470001 278.920013
463548.469971 4831433.410004 278.609985
463548.380005 4831433.420013 278.980011
463548.349976 4831433.399994 278.950012
463548.340027 4831433.390015 278.910004
463548.330017 4831433.369995 279.029999
463548.330017 4831433.359985 279.059998
463548.320007 4831433.339996 279.049988
463548.349976 4831433.339996 278.540009
463548.289978 4831433.239990 278.869995
463548.510010 4831433.410004 278.579987
463548.320007 4831433.309998 278.799988
463548.450012 4831433.470001 278.970001
463548.460022 4831433.410004 278.549988
463548.510010 4831433.489990 278.730011
463548.500000 4831433.470001 278.649994
463548.520020 4831433.450012 278.630005
463548.469971 4831433.540009 278.769989
463547.619995 4831433.500000 278.750000
463547.570007 4831433.529999 278.809998
463547.700012 4831433.619995 278.890015
463547.820007 4831433.869995 279.000000
463547.710022 4831433.869995 279.119995
463547.630005 4831433.540009 278.820007
463547.729980 4831433.679993 278.929993
463547.590027 4831433.589996 278.920013
463547.630005 4831433.579987 278.820007
463547.650024 4831433.600006 278.760010
463547.659973 4831433.640015 278.869995
463547.669983 4831433.709991 279.010010
463547.590027 4831433.589996 278.799988
463547.809998 4831433.869995 278.929993
463547.799988 4831433.850006 278.970001
463547.809998 4831433.720001 278.820007
463547.650024 4831433.619995 278.890015
463547.619995 4831433.589996 278.859985
463547.729980 4831433.679993 278.799988
463547.739990 4831433.670013 278.730011
463547.760010 4831433.690002 278.739990
463547.729980 4831433.700012 278.809998
463547.750000 4831433.739990 278.829987
463547.760010 4831433.709991 278.869995
463547.770020 4831433.760010 278.980011
463547.840027 4831433.869995 278.929993
463547.820007 4831433.850006 278.950012
463547.729980 4831433.709991 278.829987
463547.690002 4831433.649994 278.859985
463547.679993 4831433.619995 278.890015
463547.809998 4831433.750000 278.809998
463547.760010 4831433.679993 278.779999
463547.820007 4831433.859985 278.980011
463547.809998 4831433.839996 279.029999
463547.679993 4831433.640015 278.799988
463547.650024 4831433.600006 278.790009
463547.669983 4831433.609985 278.859985
463547.750000 4831433.690002 278.839996
463547.750000 4831433.709991 278.850006
463547.710022 4831433.670013 278.859985
463547.659973 4831433.609985 278.880005
463547.659973 4831433.630005 278.890015
463547.609985 4831433.609985 278.869995
463547.760010 4831433.799988 278.899994
463547.780029 4831433.829987 278.880005
463547.770020 4831433.769989 278.899994
463547.760010 4831433.559998 278.799988
463547.789978 4831433.809998 278.899994
463547.609985 4831433.570007 278.750000
463547.700012 4831433.630005 278.869995
463547.659973 4831433.640015 278.890015
463547.770020 4831433.709991 278.829987
463547.619995 4831433.600006 278.880005
463547.700012 4831433.640015 278.869995
463547.760010 4831433.690002 278.850006
463547.830017 4831433.809998 278.940002
463547.710022 4831433.619995 278.959991
463547.710022 4831433.630005 278.989990
463547.719971 4831433.619995 278.929993
463547.770020 4831433.679993 278.869995
463547.599976 4831433.549988 278.799988
463547.630005 4831433.559998 278.709991
463547.659973 4831433.619995 278.899994
463547.700012 4831433.589996 278.760010
463547.710022 4831433.660004 278.940002
463547.599976 4831433.559998 278.739990
463547.750000 4831433.700012 278.950012
463547.750000 4831433.700012 278.769989
463547.840027 4831433.839996 279.010010
463547.859985 4831433.859985 278.959991
463548.419983 4831433.540009 279.170013
463548.450012 4831433.540009 279.019989
463548.409973 4831433.619995 279.040009
463548.419983 4831433.649994 279.100006
463548.460022 4831433.589996 278.970001
463548.479980 4831433.570007 278.850006
463548.450012 4831433.609985 279.010010
463548.429993 4831433.540009 279.079987
463548.460022 4831433.549988 278.899994
463548.330017 4831433.540009 279.489990
463548.460022 4831433.600006 278.989990
463548.489990 4831433.579987 278.869995
463548.429993 4831433.540009 278.899994
463548.450012 4831433.600006 278.940002
463548.460022 4831433.559998 278.820007
463548.429993 4831433.579987 278.929993
463548.450012 4831433.570007 278.880005
463548.460022 4831433.540009 278.790009
463548.429993 4831433.559998 278.920013
463548.450012 4831433.579987 278.890015
463548.460022 4831433.549988 278.809998
463548.419983 4831433.540009 278.899994
463548.440002 4831433.609985 278.950012
463548.450012 4831433.549988 278.809998
463548.429993 4831433.559998 278.929993
463548.450012 4831433.600006 278.940002
463548.469971 4831433.570007 278.850006
463548.450012 4831433.589996 278.959991
463548.460022 4831433.579987 278.899994
463548.479980 4831433.570007 278.839996
463548.429993 4831433.540009 278.910004
463548.450012 4831433.600006 278.940002
463548.460022 4831433.570007 278.850006
463548.429993 4831433.570007 278.929993
463548.440002 4831433.589996 278.899994
463548.460022 4831433.540009 278.779999
463548.419983 4831433.540009 278.899994
463548.440002 4831433.600006 278.929993
463548.450012 4831433.559998 278.839996
463548.440002 4831433.609985 278.950012
463548.450012 4831433.559998 278.820007
463548.460022 4831433.559998 278.980011
463548.460022 4831433.559998 278.980011
463548.460022 4831433.609985 279.019989
463548.440002 4831433.559998 278.989990
463548.500000 4831433.459991 278.859985
463548.530029 4831433.470001 278.899994
463548.469971 4831433.470001 278.950012
463548.520020 4831433.510010 279.510010
463548.580017 4831433.529999 279.029999
463548.630005 4831433.390015 278.549988
463548.580017 4831433.309998 278.510010
463548.590027 4831433.510010 278.970001
463548.590027 4831433.369995 278.640015
463548.679993 4831433.000000 278.839996
463548.500000 4831433.519989 278.859985
463548.400024 4831433.500000 279.239990
463548.469971 4831433.510010 279.029999
463548.460022 4831433.510010 278.980011
463548.460022 4831433.480011 278.980011
463548.489990 4831433.500000 279.000000
463548.520020 4831433.500000 278.890015
463548.520020 4831433.519989 278.859985
463548.510010 4831433.510010 278.790009
463548.489990 4831433.540009 278.929993
463548.530029 4831433.540009 278.829987
463548.380005 4831433.519989 279.589996
463548.419983 4831433.529999 279.160004
463548.500000 4831433.570007 279.230011
463548.489990 4831433.549988 279.079987
463548.320007 4831433.589996 279.649994
463548.609985 4831433.559998 279.160004
463548.590027 4831433.540009 279.130005
463548.500000 4831433.549988 278.970001
463548.510010 4831433.559998 279.019989
463548.469971 4831433.589996 279.010010
463548.469971 4831433.589996 279.070007
463548.409973 4831433.589996 279.549988
463548.559998 4831433.709991 279.179993
463548.489990 4831433.609985 279.470001
463548.479980 4831433.630005 279.489990
463548.469971 4831433.609985 279.500000
463548.440002 4831433.570007 279.589996
463548.479980 4831433.619995 279.529999
463548.469971 4831433.589996 279.519989
463548.489990 4831433.549988 278.980011
463548.369995 4831433.579987 279.609985
463548.390015 4831433.609985 279.660004
463548.400024 4831433.630005 279.640015
463548.380005 4831433.619995 279.670013
463548.349976 4831433.630005 279.660004
463548.380005 4831433.640015 279.600006
463548.400024 4831433.640015 279.540009
463548.419983 4831433.660004 279.519989
463548.390015 4831433.619995 279.640015
463548.380005 4831433.600006 279.649994
463548.369995 4831433.579987 279.660004
463548.440002 4831433.649994 279.529999
463548.419983 4831433.619995 279.549988
463548.419983 4831433.609985 279.589996
463548.409973 4831433.600006 279.619995
463548.450012 4831433.609985 279.470001
463548.489990 4831433.549988 279.010010
463548.520020 4831433.549988 278.890015
463548.409973 4831433.640015 279.570007
463548.409973 4831433.619995 279.609985
463548.450012 4831433.649994 279.459991
463548.440002 4831433.640015 279.489990
463548.489990 4831433.579987 279.000000
463548.500000 4831433.589996 278.950012
463548.469971 4831433.640015 279.000000
463548.409973 4831433.630005 279.690002
463548.409973 4831433.640015 279.649994
463548.419983 4831433.649994 279.619995
463548.419983 4831433.649994 279.559998
463548.440002 4831433.679993 279.540009
463548.400024 4831433.640015 279.709991
463548.409973 4831433.630005 279.660004
463548.409973 4831433.630005 279.609985
463548.419983 4831433.649994 279.579987
463548.429993 4831433.649994 279.540009
463548.440002 4831433.660004 279.500000
463548.460022 4831433.600006 279.119995
463548.479980 4831433.640015 279.130005
463548.380005 4831433.640015 279.720001
463548.359985 4831433.640015 279.730011
463548.380005 4831433.660004 279.700012
463548.390015 4831433.660004 279.660004
463548.409973 4831433.660004 279.619995
463548.440002 4831433.690002 279.549988
463548.330017 4831433.619995 279.720001
463548.349976 4831433.649994 279.709991
463548.369995 4831433.670013 279.679993
463548.380005 4831433.660004 279.609985
463548.390015 4831433.660004 279.570007
463548.409973 4831433.670013 279.540009
463548.419983 4831433.679993 279.510010
463548.440002 4831433.670013 279.450012
463548.349976 4831433.609985 279.549988
463548.469971 4831433.670013 279.230011
463548.479980 4831433.670013 279.190002
463548.349976 4831433.619995 279.559998
463548.359985 4831433.660004 279.570007
463548.390015 4831433.679993 279.500000
463548.400024 4831433.679993 279.450012
463548.460022 4831433.670013 279.239990
463548.479980 4831433.690002 279.209991
463548.440002 4831433.670013 279.220001
463548.450012 4831433.670013 279.170013
463548.469971 4831433.640015 279.089996
463548.479980 4831433.589996 278.980011
463548.440002 4831433.660004 279.149994
463548.450012 4831433.630005 279.070007
463548.400024 4831433.609985 279.429993
463548.390015 4831433.609985 279.480011
463548.390015 4831433.619995 279.540009
463548.380005 4831433.589996 279.559998
463548.359985 4831433.549988 279.570007
463548.450012 4831433.559998 279.029999
463548.460022 4831433.570007 279.100006
463548.460022 4831433.600006 279.170013
463548.469971 4831433.670013 279.459991
463548.440002 4831433.630005 279.529999
463548.469971 4831433.670013 279.450012
463548.340027 4831433.589996 279.679993
463548.489990 4831433.619995 279.130005
463548.479980 4831433.559998 278.959991
463548.460022 4831433.579987 279.019989
463548.429993 4831433.660004 279.450012
463548.429993 4831433.670013 279.559998
463548.369995 4831433.630005 279.600006
463548.419983 4831433.660004 279.559998
463548.460022 4831433.609985 279.559998
463548.409973 4831433.649994 279.440002
463548.419983 4831433.559998 279.440002
463548.510010 4831433.589996 279.070007
463548.380005 4831433.609985 279.619995
463548.419983 4831433.589996 279.609985
463548.409973 4831433.600006 279.690002
463548.400024 4831433.600006 279.589996
463548.380005 4831433.619995 279.679993
463548.369995 4831433.589996 279.579987
463548.380005 4831433.609985 279.649994
463548.390015 4831433.609985 279.690002
463548.460022 4831433.640015 279.450012
463548.460022 4831433.660004 279.529999
463548.469971 4831433.570007 279.190002
463548.469971 4831433.559998 279.109985
463548.460022 4831433.589996 279.529999
463548.450012 4831433.549988 279.190002
463548.429993 4831433.579987 279.549988
463548.429993 4831433.570007 279.470001
463548.409973 4831433.559998 279.640015
463548.400024 4831433.559998 279.579987
463548.479980 4831433.559998 279.470001
463548.489990 4831433.540009 278.950012
463548.489990 4831433.579987 279.100006
463548.440002 4831433.649994 279.440002
463548.380005 4831433.600006 279.630005
463548.419983 4831433.630005 279.619995
463548.340027 4831433.579987 279.549988
463548.390015 4831433.589996 279.540009
463548.400024 4831433.609985 279.540009
463548.429993 4831433.630005 279.640015
463548.409973 4831433.609985 279.450012
463548.359985 4831433.549988 279.579987
463548.469971 4831433.619995 279.529999
463548.479980 4831433.609985 279.489990
463548.369995 4831433.589996 279.600006
463548.390015 4831433.570007 279.579987
463548.440002 4831433.630005 279.649994
463548.460022 4831433.640015 279.549988
463548.460022 4831433.619995 279.510010
463548.479980 4831433.670013 279.549988
463548.479980 4831433.649994 279.500000
463548.479980 4831433.630005 279.450012
463548.510010 4831433.540009 278.910004
463548.520020 4831433.559998 278.880005
463547.979980 4831433.869995 279.160004
463547.780029 4831433.779999 279.049988
463547.780029 4831433.769989 279.130005
463547.700012 4831433.690002 279.109985
463547.820007 4831433.730011 279.109985
463547.750000 4831433.730011 279.010010
463547.719971 4831433.670013 279.059998
463547.840027 4831433.839996 279.109985
463547.840027 4831433.859985 279.059998
