2.823800049999999828e+02 4.831432429992999882e+06 4.635481599730000016e+05
2.822600100000000225e+02 4.831432200012000278e+06 4.635481699830000289e+05
2.823399959999999851e+02 4.831432329986999743e+06 4.635481199950000155e+05
2.823200069999999755e+02 4.831432329986999743e+06 4.635481500239999732e+05
2.826300049999999828e+02 4.831432190001999959e+06 4.635483200070000021e+05
2.825499879999999848e+02 4.831432149993999861e+06 4.635483400269999984e+05
2.823900150000000053e+02 4.831432260010000318e+06 4.635483300169999711e+05
2.825299989999999752e+02 4.831432149993999861e+06 4.635482800290000159e+05
2.823299870000000169e+02 4.831432420013000257e+06 4.635482299800000037e+05
2.823699950000000172e+02 4.831432410004000179e+06 4.635482100220000139e+05
2.825599980000000073e+02 4.831432339995999821e+06 4.635482700199999963e+05
2.825000000000000000e+02 4.831432350006000139e+06 4.635482999880000134e+05
2.824700010000000248e+02 4.831432329986999743e+06 4.635482800290000159e+05
2.824100040000000149e+02 4.831432399993999861e+06 4.635482700199999963e+05
2.824200129999999831e+02 4.831432380005000159e+06 4.635482600100000273e+05
2.823599849999999947e+02 4.831432399993999861e+06 4.635481799929999979e+05
2.824299930000000245e+02 4.831432399993999861e+06 4.635482000119999866e+05
2.825499879999999848e+02 4.831432359985000454e+06 4.635482500000000000e+05
2.825599980000000073e+02 4.831432329986999743e+06 4.635482399899999727e+05
2.823299870000000169e+02 4.831432350006000139e+06 4.635482399899999727e+05
2.826400150000000053e+02 4.831432140014999546e+06 4.635483300169999711e+05
2.827399899999999775e+02 4.831432239989999682e+06 4.635483400269999984e+05
2.827000120000000152e+02 4.831432239989999682e+06 4.635483400269999984e+05
2.823999939999999924e+02 4.831432220000999980e+06 4.635483200070000021e+05
2.827099910000000023e+02 4.831432239989999682e+06 4.635483099979999824e+05
2.826799930000000245e+02 4.831432250000000000e+06 4.635483200070000021e+05
2.826099849999999947e+02 4.831432250000000000e+06 4.635483099979999824e+05
2.823900150000000053e+02 4.831432279999000020e+06 4.635483300169999711e+05
2.827200010000000248e+02 4.831432290009000339e+06 4.635483200070000021e+05
2.826400150000000053e+02 4.831432269988999702e+06 4.635482999880000134e+05
2.825899959999999851e+02 4.831432279999000020e+06 4.635483099979999824e+05
2.823999939999999924e+02 4.831432239989999682e+06 4.635482700199999963e+05
2.826900019999999927e+02 4.831432269988999702e+06 4.635483099979999824e+05
2.826400150000000053e+02 4.831432269988999702e+06 4.635483099979999824e+05
2.823900150000000053e+02 4.831432290009000339e+06 4.635483200070000021e+05
2.827300109999999904e+02 4.831432290009000339e+06 4.635483200070000021e+05
2.826600040000000149e+02 4.831432279999000020e+06 4.635482999880000134e+05
2.824100040000000149e+02 4.831432290009000339e+06 4.635483099979999824e+05
2.827300109999999904e+02 4.831432309998000041e+06 4.635482999880000134e+05
2.825899959999999851e+02 4.831432329986999743e+06 4.635483099979999824e+05
2.825799870000000169e+02 4.831432359985000454e+06 4.635483300169999711e+05
2.824700010000000248e+02 4.831432320007000118e+06 4.635482999880000134e+05
2.823900150000000053e+02 4.831432309998000041e+06 4.635482899779999861e+05
2.825799870000000169e+02 4.831432350006000139e+06 4.635482899779999861e+05
2.824400019999999927e+02 4.831432339995999821e+06 4.635482800290000159e+05
2.824400019999999927e+02 4.831432369994999841e+06 4.635482999880000134e+05
2.823399959999999851e+02 4.831432350006000139e+06 4.635482800290000159e+05
2.823900150000000053e+02 4.831432410004000179e+06 4.635483300169999711e+05
2.824100040000000149e+02 4.831432369994999841e+06 4.635482600100000273e+05
2.821400150000000053e+02 4.831432299987999722e+06 4.635490599979999824e+05
2.828200069999999755e+02 4.831432279999000020e+06 4.635483300169999711e+05
2.827399899999999775e+02 4.831432290009000339e+06 4.635483300169999711e+05
2.825499879999999848e+02 4.831432200012000278e+06 4.635482999880000134e+05
2.827099910000000023e+02 4.831432290009000339e+06 4.635482999880000134e+05
2.825899959999999851e+02 4.831432279999000020e+06 4.635483099979999824e+05
2.823900150000000053e+02 4.831432239989999682e+06 4.635483099979999824e+05
2.823900150000000053e+02 4.831432269988999702e+06 4.635483300169999711e+05
2.827200010000000248e+02 4.831432299987999722e+06 4.635482899779999861e+05
2.825700069999999755e+02 4.831432299987999722e+06 4.635483099979999824e+05
2.823900150000000053e+02 4.831432279999000020e+06 4.635483200070000021e+05
2.825599980000000073e+02 4.831432329986999743e+06 4.635483200070000021e+05
2.824899899999999775e+02 4.831432309998000041e+06 4.635483200070000021e+05
2.824299930000000245e+02 4.831432339995999821e+06 4.635483400269999984e+05
2.827099910000000023e+02 4.831432290009000339e+06 4.635482999880000134e+05
2.826499939999999924e+02 4.831432279999000020e+06 4.635482999880000134e+05
2.826300049999999828e+02 4.831432299987999722e+06 4.635483099979999824e+05
2.823999939999999924e+02 4.831432220000999980e+06 4.635482999880000134e+05
2.825899959999999851e+02 4.831432359985000454e+06 4.635483300169999711e+05
2.824400019999999927e+02 4.831432299987999722e+06 4.635483099979999824e+05
2.825599980000000073e+02 4.831432350006000139e+06 4.635482899779999861e+05
2.824500120000000152e+02 4.831432309998000041e+06 4.635482800290000159e+05
2.824299930000000245e+02 4.831432359985000454e+06 4.635483099979999824e+05
2.823500060000000076e+02 4.831432359985000454e+06 4.635482899779999861e+05
2.825100100000000225e+02 4.831432279999000020e+06 4.635482999880000134e+05
2.824200129999999831e+02 4.831432339995999821e+06 4.635482800290000159e+05
2.827600100000000225e+02 4.831432010010000318e+06 4.635482399899999727e+05
2.825199890000000096e+02 4.831432250000000000e+06 4.635482500000000000e+05
2.821099849999999947e+02 4.831432239989999682e+06 4.635482299800000037e+05
2.825299989999999752e+02 4.831432339995999821e+06 4.635482500000000000e+05
2.824100040000000149e+02 4.831432399993999861e+06 4.635482199709999841e+05
2.823999939999999924e+02 4.831432429992999882e+06 4.635482399899999727e+05
2.822799989999999752e+02 4.831432390014999546e+06 4.635482100220000139e+05
2.825700069999999755e+02 4.831432299987999722e+06 4.635482299800000037e+05
2.825799870000000169e+02 4.831432350006000139e+06 4.635482500000000000e+05
2.824299930000000245e+02 4.831432399993999861e+06 4.635482000119999866e+05
2.823900150000000053e+02 4.831432410004000179e+06 4.635482100220000139e+05
2.823800049999999828e+02 4.831432359985000454e+06 4.635482399899999727e+05
2.823999939999999924e+02 4.831432339995999821e+06 4.635482199709999841e+05
2.822999879999999848e+02 4.831432200012000278e+06 4.635481900020000176e+05
2.823500060000000076e+02 4.831432369994999841e+06 4.635481900020000176e+05
2.823599849999999947e+02 4.831432339995999821e+06 4.635482399899999727e+05
2.826099849999999947e+02 4.831432269988999702e+06 4.635489699709999841e+05
2.826700129999999831e+02 4.831432420013000257e+06 4.635489299929999979e+05
2.827399899999999775e+02 4.831432329986999743e+06 4.635482399899999727e+05
2.825499879999999848e+02 4.831432309998000041e+06 4.635483099979999824e+05
2.825599980000000073e+02 4.831432309998000041e+06 4.635482999880000134e+05
2.825100100000000225e+02 4.831432290009000339e+06 4.635482999880000134e+05
2.825199890000000096e+02 4.831432269988999702e+06 4.635482999880000134e+05
2.825299989999999752e+02 4.831432250000000000e+06 4.635482800290000159e+05
2.825100100000000225e+02 4.831432230011000298e+06 4.635483200070000021e+05
2.824800109999999904e+02 4.831432230011000298e+06 4.635483099979999824e+05
2.826099849999999947e+02 4.831432179992999882e+06 4.635482600100000273e+05
2.824700010000000248e+02 4.831432260010000318e+06 4.635482899779999861e+05
2.822999879999999848e+02 4.831432269988999702e+06 4.635483599849999882e+05
2.825199890000000096e+02 4.831432309998000041e+06 4.635482500000000000e+05
2.825199890000000096e+02 4.831432200012000278e+06 4.635482399899999727e+05
2.825400089999999977e+02 4.831432209990999661e+06 4.635482100220000139e+05
2.823999939999999924e+02 4.831432399993999861e+06 4.635482500000000000e+05
2.824100040000000149e+02 4.831432179992999882e+06 4.635483099979999824e+05
2.824899899999999775e+02 4.831432269988999702e+06 4.635482700199999963e+05
2.826000060000000076e+02 4.831432299987999722e+06 4.635482999880000134e+05
2.824800109999999904e+02 4.831432320007000118e+06 4.635482899779999861e+05
2.824700010000000248e+02 4.831432309998000041e+06 4.635483099979999824e+05
2.824100040000000149e+02 4.831432309998000041e+06 4.635483099979999824e+05
2.824200129999999831e+02 4.831432380005000159e+06 4.635483200070000021e+05
2.825400089999999977e+02 4.831432119994999841e+06 4.635482899779999861e+05
2.823900150000000053e+02 4.831432089995999821e+06 4.635482999880000134e+05
2.826000060000000076e+02 4.831432209990999661e+06 4.635482899779999861e+05
2.826000060000000076e+02 4.831432269988999702e+06 4.635482700199999963e+05
2.826000060000000076e+02 4.831432250000000000e+06 4.635482899779999861e+05
2.823999939999999924e+02 4.831432230011000298e+06 4.635482800290000159e+05
2.824500120000000152e+02 4.831432209990999661e+06 4.635483300169999711e+05
2.825199890000000096e+02 4.831432299987999722e+06 4.635482999880000134e+05
2.825100100000000225e+02 4.831432290009000339e+06 4.635483200070000021e+05
2.824700010000000248e+02 4.831432279999000020e+06 4.635483300169999711e+05
2.825000000000000000e+02 4.831432350006000139e+06 4.635483200070000021e+05
2.824899899999999775e+02 4.831432329986999743e+06 4.635483400269999984e+05
2.825499879999999848e+02 4.831432149993999861e+06 4.635482700199999963e+05
2.826300049999999828e+02 4.831432260010000318e+06 4.635482999880000134e+05
2.824599910000000023e+02 4.831432230011000298e+06 4.635482700199999963e+05
2.824500120000000152e+02 4.831432220000999980e+06 4.635482899779999861e+05
2.827500000000000000e+02 4.831431940001999959e+06 4.635482600100000273e+05
2.824899899999999775e+02 4.831432239989999682e+06 4.635482600100000273e+05
2.827600100000000225e+02 4.831432359985000454e+06 4.635494699709999841e+05
2.826300049999999828e+02 4.831432410004000179e+06 4.635494400020000176e+05
2.827000120000000152e+02 4.831432399993999861e+06 4.635494799800000037e+05
2.827300109999999904e+02 4.831432380005000159e+06 4.635494099730000016e+05
2.827099910000000023e+02 4.831432359985000454e+06 4.635493699950000155e+05
2.826700129999999831e+02 4.831432390014999546e+06 4.635494000239999732e+05
2.826799930000000245e+02 4.831432399993999861e+06 4.635494000239999732e+05
2.826199950000000172e+02 4.831432420013000257e+06 4.635494400020000176e+05
2.826099849999999947e+02 4.831432429992999882e+06 4.635494600220000139e+05
2.826300049999999828e+02 4.831432420013000257e+06 4.635494500119999866e+05
2.826700129999999831e+02 4.831432390014999546e+06 4.635494000239999732e+05
2.826499939999999924e+02 4.831432390014999546e+06 4.635494000239999732e+05
2.825100100000000225e+02 4.831432420013000257e+06 4.635494500119999866e+05
2.825700069999999755e+02 4.831432500000000000e+06 4.635494799800000037e+05
2.825299989999999752e+02 4.831432399993999861e+06 4.635494199830000289e+05
2.825700069999999755e+02 4.831432390014999546e+06 4.635494000239999732e+05
2.825599980000000073e+02 4.831432410004000179e+06 4.635494299929999979e+05
2.826700129999999831e+02 4.831432380005000159e+06 4.635494099730000016e+05
2.826000060000000076e+02 4.831432440001999959e+06 4.635494500119999866e+05
2.827399899999999775e+02 4.831432380005000159e+06 4.635494299929999979e+05
2.827799989999999752e+02 4.831432429992999882e+06 4.635494600220000139e+05
2.827300109999999904e+02 4.831432410004000179e+06 4.635494600220000139e+05
2.827399899999999775e+02 4.831432429992999882e+06 4.635494699709999841e+05
2.827399899999999775e+02 4.831432380005000159e+06 4.635495100100000273e+05
2.826900019999999927e+02 4.831432380005000159e+06 4.635494899899999727e+05
2.827600100000000225e+02 4.831432410004000179e+06 4.635494699709999841e+05
2.827000120000000152e+02 4.831432399993999861e+06 4.635494500119999866e+05
2.827399899999999775e+02 4.831432429992999882e+06 4.635494600220000139e+05
2.826799930000000245e+02 4.831432440001999959e+06 4.635494299929999979e+05
2.827500000000000000e+02 4.831432420013000257e+06 4.635493599849999882e+05
2.826799930000000245e+02 4.831432450012000278e+06 4.635493900150000118e+05
2.826700129999999831e+02 4.831432429992999882e+06 4.635493599849999882e+05
2.826700129999999831e+02 4.831432359985000454e+06 4.635493599849999882e+05
2.827500000000000000e+02 4.831432450012000278e+06 4.635493900150000118e+05
2.826499939999999924e+02 4.831432440001999959e+06 4.635493900150000118e+05
2.827399899999999775e+02 4.831432380005000159e+06 4.635494299929999979e+05
2.826900019999999927e+02 4.831432350006000139e+06 4.635493499760000268e+05
2.827300109999999904e+02 4.831432390014999546e+06 4.635495000000000000e+05
2.827699890000000096e+02 4.831432429992999882e+06 4.635494299929999979e+05
2.826400150000000053e+02 4.831432390014999546e+06 4.635494000239999732e+05
2.827000120000000152e+02 4.831432459990999661e+06 4.635494500119999866e+05
2.825299989999999752e+02 4.831432390014999546e+06 4.635494000239999732e+05
2.827399899999999775e+02 4.831432380005000159e+06 4.635495700070000021e+05
2.827699890000000096e+02 4.831432369994999841e+06 4.635494899899999727e+05
2.827900089999999977e+02 4.831432420013000257e+06 4.635495100100000273e+05
2.825499879999999848e+02 4.831432380005000159e+06 4.635493400269999984e+05
2.827500000000000000e+02 4.831432480011000298e+06 4.635493599849999882e+05
2.827300109999999904e+02 4.831432420013000257e+06 4.635493900150000118e+05
2.825700069999999755e+02 4.831432399993999861e+06 4.635493900150000118e+05
2.826199950000000172e+02 4.831432399993999861e+06 4.635494000239999732e+05
2.826400150000000053e+02 4.831432380005000159e+06 4.635493800049999845e+05
2.825899959999999851e+02 4.831432420013000257e+06 4.635494000239999732e+05
2.827300109999999904e+02 4.831432359985000454e+06 4.635493200070000021e+05
2.826799930000000245e+02 4.831432429992999882e+06 4.635493800049999845e+05
2.827399899999999775e+02 4.831432369994999841e+06 4.635493300169999711e+05
2.827799989999999752e+02 4.831432450012000278e+06 4.635493900150000118e+05
2.826099849999999947e+02 4.831432390014999546e+06 4.635493499760000268e+05
2.824700010000000248e+02 4.831432429992999882e+06 4.635493900150000118e+05
2.827500000000000000e+02 4.831432350006000139e+06 4.635493099979999824e+05
2.827200010000000248e+02 4.831432459990999661e+06 4.635496300049999845e+05
2.821700129999999831e+02 4.831432140014999546e+06 4.635497399899999727e+05
2.826600040000000149e+02 4.831432369994999841e+06 4.635493900150000118e+05
2.827799989999999752e+02 4.831432429992999882e+06 4.635494299929999979e+05
2.826900019999999927e+02 4.831432380005000159e+06 4.635493699950000155e+05
2.825599980000000073e+02 4.831432410004000179e+06 4.635493800049999845e+05
2.826900019999999927e+02 4.831432410004000179e+06 4.635494199830000289e+05
2.827600100000000225e+02 4.831432410004000179e+06 4.635494299929999979e+05
2.826600040000000149e+02 4.831432440001999959e+06 4.635494299929999979e+05
2.827399899999999775e+02 4.831432450012000278e+06 4.635494400020000176e+05
2.825100100000000225e+02 4.831432420013000257e+06 4.635494299929999979e+05
2.820499879999999848e+02 4.831432730011000298e+06 4.635482999880000134e+05
2.821000060000000076e+02 4.831432700012000278e+06 4.635482800290000159e+05
2.821199950000000172e+02 4.831432730011000298e+06 4.635482999880000134e+05
2.821600040000000149e+02 4.831432779999000020e+06 4.635483200070000021e+05
2.821300049999999828e+02 4.831432730011000298e+06 4.635482700199999963e+05
2.820799870000000169e+02 4.831432709990999661e+06 4.635482000119999866e+05
2.821199950000000172e+02 4.831432679992999882e+06 4.635482299800000037e+05
2.821099849999999947e+02 4.831432700012000278e+06 4.635482500000000000e+05
2.820199890000000096e+02 4.831432730011000298e+06 4.635482899779999861e+05
2.820899959999999851e+02 4.831432709990999661e+06 4.635483499760000268e+05
2.820700069999999755e+02 4.831432679992999882e+06 4.635482700199999963e+05
2.820799870000000169e+02 4.831432690001999959e+06 4.635482600100000273e+05
2.820599980000000073e+02 4.831432690001999959e+06 4.635482600100000273e+05
2.821300049999999828e+02 4.831432700012000278e+06 4.635483499760000268e+05
2.821600040000000149e+02 4.831432739989999682e+06 4.635483599849999882e+05
2.821300049999999828e+02 4.831432700012000278e+06 4.635482999880000134e+05
2.821600040000000149e+02 4.831432720000999980e+06 4.635482700199999963e+05
2.820599980000000073e+02 4.831432690001999959e+06 4.635482299800000037e+05
2.821600040000000149e+02 4.831432709990999661e+06 4.635482500000000000e+05
2.821499939999999924e+02 4.831432690001999959e+06 4.635482399899999727e+05
2.821499939999999924e+02 4.831432730011000298e+06 4.635482500000000000e+05
2.821400150000000053e+02 4.831432690001999959e+06 4.635482399899999727e+05
2.821099849999999947e+02 4.831432700012000278e+06 4.635482500000000000e+05
2.820299989999999752e+02 4.831432690001999959e+06 4.635482800290000159e+05
2.820199890000000096e+02 4.831432700012000278e+06 4.635482800290000159e+05
2.820400089999999977e+02 4.831432679992999882e+06 4.635482600100000273e+05
2.820299989999999752e+02 4.831432700012000278e+06 4.635482800290000159e+05
2.820299989999999752e+02 4.831432670013000257e+06 4.635482299800000037e+05
2.821099849999999947e+02 4.831432700012000278e+06 4.635482700199999963e+05
2.820100100000000225e+02 4.831432579986999743e+06 4.635482299800000037e+05
2.820400089999999977e+02 4.831432679992999882e+06 4.635481799929999979e+05
2.820299989999999752e+02 4.831432690001999959e+06 4.635482399899999727e+05
2.820899959999999851e+02 4.831432720000999980e+06 4.635482899779999861e+05
2.820799870000000169e+02 4.831432730011000298e+06 4.635482899779999861e+05
2.820799870000000169e+02 4.831432730011000298e+06 4.635482700199999963e+05
2.820700069999999755e+02 4.831432720000999980e+06 4.635482899779999861e+05
2.821000060000000076e+02 4.831432730011000298e+06 4.635482700199999963e+05
2.821000060000000076e+02 4.831432709990999661e+06 4.635482800290000159e+05
2.820700069999999755e+02 4.831432670013000257e+06 4.635482399899999727e+05
2.820899959999999851e+02 4.831432700012000278e+06 4.635482299800000037e+05
2.821099849999999947e+02 4.831432709990999661e+06 4.635482600100000273e+05
2.821300049999999828e+02 4.831432720000999980e+06 4.635482000119999866e+05
2.820499879999999848e+02 4.831432700012000278e+06 4.635482899779999861e+05
2.820700069999999755e+02 4.831432769988999702e+06 4.635482399899999727e+05
2.820599980000000073e+02 4.831432730011000298e+06 4.635482700199999963e+05
2.820700069999999755e+02 4.831432720000999980e+06 4.635482899779999861e+05
2.821099849999999947e+02 4.831432690001999959e+06 4.635482399899999727e+05
2.820299989999999752e+02 4.831432679992999882e+06 4.635482199709999841e+05
2.820599980000000073e+02 4.831432709990999661e+06 4.635483400269999984e+05
2.821199950000000172e+02 4.831432679992999882e+06 4.635483099979999824e+05
2.820100100000000225e+02 4.831432739989999682e+06 4.635482999880000134e+05
2.820199890000000096e+02 4.831432670013000257e+06 4.635482299800000037e+05
2.826199950000000172e+02 4.831432529999000020e+06 4.635494600220000139e+05
2.826400150000000053e+02 4.831433149993999861e+06 4.635491300049999845e+05
2.826000060000000076e+02 4.831433209990999661e+06 4.635491199950000155e+05
2.825799870000000169e+02 4.831433170013000257e+06 4.635490800169999711e+05
2.825599980000000073e+02 4.831433170013000257e+06 4.635490800169999711e+05
2.825700069999999755e+02 4.831433239989999682e+06 4.635491199950000155e+05
2.825700069999999755e+02 4.831433230011000298e+06 4.635491199950000155e+05
2.825499879999999848e+02 4.831433209990999661e+06 4.635491599730000016e+05
2.826099849999999947e+02 4.831433179992999882e+06 4.635490800169999711e+05
2.826199950000000172e+02 4.831433179992999882e+06 4.635490700070000021e+05
2.825599980000000073e+02 4.831433209990999661e+06 4.635491400150000118e+05
2.826400150000000053e+02 4.831433160004000179e+06 4.635490999760000268e+05
2.825700069999999755e+02 4.831433160004000179e+06 4.635491500239999732e+05
2.826300049999999828e+02 4.831433290009000339e+06 4.635491099849999882e+05
2.825499879999999848e+02 4.831433160004000179e+06 4.635491900020000176e+05
2.826000060000000076e+02 4.831433350006000139e+06 4.635491500239999732e+05
2.826199950000000172e+02 4.831433359985000454e+06 4.635491699830000289e+05
2.826199950000000172e+02 4.831433299987999722e+06 4.635491199950000155e+05
2.825899959999999851e+02 4.831433100006000139e+06 4.635490499880000134e+05
2.826099849999999947e+02 4.831433079986999743e+06 4.635490300290000159e+05
2.826199950000000172e+02 4.831433260010000318e+06 4.635490900269999984e+05
2.825799870000000169e+02 4.831433179992999882e+06 4.635490399779999861e+05
2.826300049999999828e+02 4.831433329986999743e+06 4.635490999760000268e+05
2.826199950000000172e+02 4.831433160004000179e+06 4.635491300049999845e+05
2.825899959999999851e+02 4.831433109985000454e+06 4.635492000119999866e+05
2.826300049999999828e+02 4.831433130005000159e+06 4.635492000119999866e+05
2.822300109999999904e+02 4.831433040009000339e+06 4.635490100100000273e+05
2.825899959999999851e+02 4.831433179992999882e+06 4.635491099849999882e+05
2.825799870000000169e+02 4.831433239989999682e+06 4.635491099849999882e+05
2.826499939999999924e+02 4.831433380005000159e+06 4.635491799929999979e+05
2.826199950000000172e+02 4.831433170013000257e+06 4.635490900269999984e+05
2.826199950000000172e+02 4.831433279999000020e+06 4.635491300049999845e+05
2.826600040000000149e+02 4.831433149993999861e+06 4.635490399779999861e+05
2.821499939999999924e+02 4.831432959990999661e+06 4.635491199950000155e+05
2.826199950000000172e+02 4.831433149993999861e+06 4.635491599730000016e+05
2.826900019999999927e+02 4.831433109985000454e+06 4.635490599979999824e+05
2.826400150000000053e+02 4.831433109985000454e+06 4.635490499880000134e+05
2.826000060000000076e+02 4.831433100006000139e+06 4.635490499880000134e+05
2.825700069999999755e+02 4.831433190001999959e+06 4.635491699830000289e+05
2.826000060000000076e+02 4.831433309998000041e+06 4.635493800049999845e+05
2.825299989999999752e+02 4.831433179992999882e+06 4.635494299929999979e+05
2.825100100000000225e+02 4.831433119994999841e+06 4.635494000239999732e+05
2.825899959999999851e+02 4.831433190001999959e+06 4.635493400269999984e+05
2.826400150000000053e+02 4.831433309998000041e+06 4.635493300169999711e+05
2.825799870000000169e+02 4.831433309998000041e+06 4.635493800049999845e+05
2.825599980000000073e+02 4.831433399993999861e+06 4.635492199709999841e+05
2.825400089999999977e+02 4.831433250000000000e+06 4.635493200070000021e+05
2.825100100000000225e+02 4.831433380005000159e+06 4.635493400269999984e+05
2.825799870000000169e+02 4.831433339995999821e+06 4.635492700199999963e+05
2.825100100000000225e+02 4.831433339995999821e+06 4.635493400269999984e+05
2.826000060000000076e+02 4.831433200012000278e+06 4.635492999880000134e+05
2.825700069999999755e+02 4.831433320007000118e+06 4.635492399899999727e+05
2.826000060000000076e+02 4.831433359985000454e+06 4.635494000239999732e+05
2.825499879999999848e+02 4.831433220000999980e+06 4.635493499760000268e+05
2.825700069999999755e+02 4.831433290009000339e+06 4.635493400269999984e+05
2.825000000000000000e+02 4.831433329986999743e+06 4.635493599849999882e+05
2.826199950000000172e+02 4.831433309998000041e+06 4.635492999880000134e+05
2.825499879999999848e+02 4.831433329986999743e+06 4.635492999880000134e+05
2.825799870000000169e+02 4.831433359985000454e+06 4.635493200070000021e+05
2.826199950000000172e+02 4.831433390014999546e+06 4.635492899779999861e+05
2.825899959999999851e+02 4.831433359985000454e+06 4.635493300169999711e+05
2.826099849999999947e+02 4.831433309998000041e+06 4.635492899779999861e+05
2.826199950000000172e+02 4.831433329986999743e+06 4.635492999880000134e+05
2.825799870000000169e+02 4.831433320007000118e+06 4.635492299800000037e+05
2.825799870000000169e+02 4.831433329986999743e+06 4.635492899779999861e+05
2.826400150000000053e+02 4.831433380005000159e+06 4.635492199709999841e+05
2.825199890000000096e+02 4.831433320007000118e+06 4.635492899779999861e+05
2.825899959999999851e+02 4.831433339995999821e+06 4.635493400269999984e+05
2.825899959999999851e+02 4.831433320007000118e+06 4.635493300169999711e+05
2.826099849999999947e+02 4.831433290009000339e+06 4.635493599849999882e+05
2.826099849999999947e+02 4.831433130005000159e+06 4.635492700199999963e+05
2.825700069999999755e+02 4.831433170013000257e+06 4.635493400269999984e+05
2.825299989999999752e+02 4.831433079986999743e+06 4.635493400269999984e+05
2.825799870000000169e+02 4.831433380005000159e+06 4.635493300169999711e+05
2.826099849999999947e+02 4.831433339995999821e+06 4.635493099979999824e+05
2.826400150000000053e+02 4.831433309998000041e+06 4.635493300169999711e+05
2.826000060000000076e+02 4.831433250000000000e+06 4.635493300169999711e+05
2.825799870000000169e+02 4.831433140014999546e+06 4.635492999880000134e+05
2.825599980000000073e+02 4.831433119994999841e+06 4.635493200070000021e+05
2.826000060000000076e+02 4.831433390014999546e+06 4.635492199709999841e+05
2.825499879999999848e+02 4.831433339995999821e+06 4.635493200070000021e+05
2.825599980000000073e+02 4.831433309998000041e+06 4.635492999880000134e+05
2.826199950000000172e+02 4.831433279999000020e+06 4.635493400269999984e+05
2.825799870000000169e+02 4.831433320007000118e+06 4.635494099730000016e+05
2.820299989999999752e+02 4.831432920013000257e+06 4.635492399899999727e+05
2.825400089999999977e+02 4.831433390014999546e+06 4.635494099730000016e+05
2.825400089999999977e+02 4.831433170013000257e+06 4.635493499760000268e+05
2.826000060000000076e+02 4.831433350006000139e+06 4.635493400269999984e+05
2.825499879999999848e+02 4.831433339995999821e+06 4.635493400269999984e+05
2.825499879999999848e+02 4.831433119994999841e+06 4.635493099979999824e+05
2.825499879999999848e+02 4.831433309998000041e+06 4.635493400269999984e+05
2.826300049999999828e+02 4.831433369994999841e+06 4.635493099979999824e+05
2.826400150000000053e+02 4.831433410004000179e+06 4.635492199709999841e+05
2.825299989999999752e+02 4.831433390014999546e+06 4.635493499760000268e+05
2.825299989999999752e+02 4.831433269988999702e+06 4.635493200070000021e+05
2.825199890000000096e+02 4.831433350006000139e+06 4.635493300169999711e+05
2.826099849999999947e+02 4.831433390014999546e+06 4.635492299800000037e+05
2.825899959999999851e+02 4.831433320007000118e+06 4.635493400269999984e+05
2.825700069999999755e+02 4.831433250000000000e+06 4.635493099979999824e+05
2.826199950000000172e+02 4.831433399993999861e+06 4.635492299800000037e+05
2.826400150000000053e+02 4.831433390014999546e+06 4.635492199709999841e+05
2.825700069999999755e+02 4.831433329986999743e+06 4.635492899779999861e+05
2.826199950000000172e+02 4.831433380005000159e+06 4.635493099979999824e+05
2.826099849999999947e+02 4.831433380005000159e+06 4.635493400269999984e+05
2.825700069999999755e+02 4.831433190001999959e+06 4.635494000239999732e+05
2.825199890000000096e+02 4.831433209990999661e+06 4.635493699950000155e+05
2.825499879999999848e+02 4.831433190001999959e+06 4.635493300169999711e+05
2.827500000000000000e+02 4.831433059998000041e+06 4.635494199830000289e+05
2.827399899999999775e+02 4.831433079986999743e+06 4.635493900150000118e+05
2.827300109999999904e+02 4.831433040009000339e+06 4.635493800049999845e+05
2.827500000000000000e+02 4.831433070007000118e+06 4.635493400269999984e+05
2.825700069999999755e+02 4.831433019988999702e+06 4.635492800290000159e+05
2.826300049999999828e+02 4.831433269988999702e+06 4.635494500119999866e+05
2.826099849999999947e+02 4.831433220000999980e+06 4.635494500119999866e+05
2.825799870000000169e+02 4.831433179992999882e+06 4.635494299929999979e+05
2.825700069999999755e+02 4.831433190001999959e+06 4.635494099730000016e+05
2.824800109999999904e+02 4.831433190001999959e+06 4.635494199830000289e+05
2.825799870000000169e+02 4.831433140014999546e+06 4.635493400269999984e+05
2.827000120000000152e+02 4.831433059998000041e+06 4.635494600220000139e+05
2.827399899999999775e+02 4.831433079986999743e+06 4.635494199830000289e+05
2.827099910000000023e+02 4.831433040009000339e+06 4.635495000000000000e+05
2.827399899999999775e+02 4.831433079986999743e+06 4.635494199830000289e+05
2.827500000000000000e+02 4.831433079986999743e+06 4.635494199830000289e+05
2.826900019999999927e+02 4.831433049987999722e+06 4.635494600220000139e+05
2.827200010000000248e+02 4.831433070007000118e+06 4.635494299929999979e+05
2.827300109999999904e+02 4.831433029999000020e+06 4.635494500119999866e+05
2.826799930000000245e+02 4.831433040009000339e+06 4.635494400020000176e+05
2.827000120000000152e+02 4.831433089995999821e+06 4.635493499760000268e+05
2.826300049999999828e+02 4.831433119994999841e+06 4.635492999880000134e+05
2.826300049999999828e+02 4.831433059998000041e+06 4.635493200070000021e+05
2.826099849999999947e+02 4.831433079986999743e+06 4.635492999880000134e+05
2.826000060000000076e+02 4.831433320007000118e+06 4.635494199830000289e+05
2.825100100000000225e+02 4.831433299987999722e+06 4.635494000239999732e+05
2.826000060000000076e+02 4.831433250000000000e+06 4.635493400269999984e+05
2.826199950000000172e+02 4.831433200012000278e+06 4.635493499760000268e+05
2.824800109999999904e+02 4.831433160004000179e+06 4.635494199830000289e+05
2.825599980000000073e+02 4.831433179992999882e+06 4.635493400269999984e+05
2.826600040000000149e+02 4.831433079986999743e+06 4.635494500119999866e+05
2.826700129999999831e+02 4.831433089995999821e+06 4.635494199830000289e+05
2.824800109999999904e+02 4.831433160004000179e+06 4.635493800049999845e+05
2.825400089999999977e+02 4.831433149993999861e+06 4.635493400269999984e+05
2.826000060000000076e+02 4.831433160004000179e+06 4.635492800290000159e+05
2.826499939999999924e+02 4.831433119994999841e+06 4.635492999880000134e+05
2.826600040000000149e+02 4.831433130005000159e+06 4.635492700199999963e+05
2.825700069999999755e+02 4.831433140014999546e+06 4.635492999880000134e+05
2.826499939999999924e+02 4.831433119994999841e+06 4.635492199709999841e+05
2.825499879999999848e+02 4.831433239989999682e+06 4.635493300169999711e+05
2.825299989999999752e+02 4.831433410004000179e+06 4.635493300169999711e+05
2.825400089999999977e+02 4.831433369994999841e+06 4.635493099979999824e+05
2.826099849999999947e+02 4.831433350006000139e+06 4.635493499760000268e+05
2.824599910000000023e+02 4.831433109985000454e+06 4.635493400269999984e+05
2.825799870000000169e+02 4.831433309998000041e+06 4.635492800290000159e+05
2.825899959999999851e+02 4.831433290009000339e+06 4.635493300169999711e+05
2.825400089999999977e+02 4.831433250000000000e+06 4.635493499760000268e+05
2.826199950000000172e+02 4.831433339995999821e+06 4.635492800290000159e+05
2.825799870000000169e+02 4.831433279999000020e+06 4.635493499760000268e+05
2.825199890000000096e+02 4.831433290009000339e+06 4.635493400269999984e+05
2.826499939999999924e+02 4.831433359985000454e+06 4.635493200070000021e+05
2.826099849999999947e+02 4.831433329986999743e+06 4.635493499760000268e+05
2.825599980000000073e+02 4.831433299987999722e+06 4.635493699950000155e+05
2.826000060000000076e+02 4.831433369994999841e+06 4.635493099979999824e+05
2.825299989999999752e+02 4.831433339995999821e+06 4.635493300169999711e+05
2.825299989999999752e+02 4.831433329986999743e+06 4.635493499760000268e+05
2.826099849999999947e+02 4.831433339995999821e+06 4.635493699950000155e+05
2.825599980000000073e+02 4.831433309998000041e+06 4.635493900150000118e+05
2.825299989999999752e+02 4.831433350006000139e+06 4.635493499760000268e+05
2.825499879999999848e+02 4.831433380005000159e+06 4.635492100220000139e+05
2.825499879999999848e+02 4.831433369994999841e+06 4.635493200070000021e+05
2.825400089999999977e+02 4.831433369994999841e+06 4.635492700199999963e+05
2.825299989999999752e+02 4.831433329986999743e+06 4.635492700199999963e+05
2.825499879999999848e+02 4.831433279999000020e+06 4.635492899779999861e+05
2.825400089999999977e+02 4.831433290009000339e+06 4.635492700199999963e+05
2.826300049999999828e+02 4.831433079986999743e+06 4.635492800290000159e+05
2.825700069999999755e+02 4.831433119994999841e+06 4.635492299800000037e+05
2.826300049999999828e+02 4.831433390014999546e+06 4.635493300169999711e+05
2.825199890000000096e+02 4.831433410004000179e+06 4.635493200070000021e+05
2.825700069999999755e+02 4.831433170013000257e+06 4.635494099730000016e+05
2.825299989999999752e+02 4.831433290009000339e+06 4.635493699950000155e+05
2.825100100000000225e+02 4.831433279999000020e+06 4.635493900150000118e+05
2.826400150000000053e+02 4.831433350006000139e+06 4.635493900150000118e+05
2.825899959999999851e+02 4.831433410004000179e+06 4.635493400269999984e+05
2.825400089999999977e+02 4.831433399993999861e+06 4.635493400269999984e+05
2.825899959999999851e+02 4.831433380005000159e+06 4.635493900150000118e+05
2.826199950000000172e+02 4.831433239989999682e+06 4.635493599849999882e+05
2.826400150000000053e+02 4.831433380005000159e+06 4.635492800290000159e+05
2.825499879999999848e+02 4.831433329986999743e+06 4.635493499760000268e+05
2.825899959999999851e+02 4.831433380005000159e+06 4.635494099730000016e+05
2.825199890000000096e+02 4.831433390014999546e+06 4.635493800049999845e+05
2.825400089999999977e+02 4.831433420013000257e+06 4.635493900150000118e+05
2.821400150000000053e+02 4.831433480011000298e+06 4.635488499760000268e+05
2.821099849999999947e+02 4.831433500000000000e+06 4.635488300169999711e+05
2.821499939999999924e+02 4.831433500000000000e+06 4.635488200070000021e+05
2.821900019999999927e+02 4.831433480011000298e+06 4.635487700199999963e+05
2.821199950000000172e+02 4.831433480011000298e+06 4.635488300169999711e+05
2.821400150000000053e+02 4.831433500000000000e+06 4.635488400269999984e+05
2.821099849999999947e+02 4.831433519988999702e+06 4.635488499760000268e+05
2.821799930000000245e+02 4.831433489989999682e+06 4.635487800290000159e+05
2.821600040000000149e+02 4.831433510010000318e+06 4.635487999880000134e+05
2.821300049999999828e+02 4.831433510010000318e+06 4.635487600100000273e+05
2.820299989999999752e+02 4.831433450012000278e+06 4.635487199709999841e+05
2.820299989999999752e+02 4.831433489989999682e+06 4.635486599730000016e+05
2.821499939999999924e+02 4.831433510010000318e+06 4.635488300169999711e+05
2.825700069999999755e+02 4.831433450012000278e+06 4.635491699830000289e+05
2.821400150000000053e+02 4.831433519988999702e+06 4.635488499760000268e+05
2.821099849999999947e+02 4.831433510010000318e+06 4.635487999880000134e+05
2.821400150000000053e+02 4.831433489989999682e+06 4.635488699950000155e+05
2.821300049999999828e+02 4.831433489989999682e+06 4.635488699950000155e+05
2.821199950000000172e+02 4.831433480011000298e+06 4.635488200070000021e+05
2.821199950000000172e+02 4.831433529999000020e+06 4.635487999880000134e+05
2.821400150000000053e+02 4.831433500000000000e+06 4.635488599849999882e+05
2.820799870000000169e+02 4.831433519988999702e+06 4.635488099979999824e+05
2.820799870000000169e+02 4.831433480011000298e+06 4.635487700199999963e+05
2.821099849999999947e+02 4.831433519988999702e+06 4.635488200070000021e+05
2.821600040000000149e+02 4.831433489989999682e+06 4.635487500000000000e+05
2.821499939999999924e+02 4.831433489989999682e+06 4.635488300169999711e+05
2.821900019999999927e+02 4.831433510010000318e+06 4.635487600100000273e+05
2.821700129999999831e+02 4.831433529999000020e+06 4.635487399899999727e+05
2.820100100000000225e+02 4.831433459990999661e+06 4.635487500000000000e+05
2.825499879999999848e+02 4.831433440001999959e+06 4.635492700199999963e+05
2.825400089999999977e+02 4.831433459990999661e+06 4.635492600100000273e+05
2.825299989999999752e+02 4.831433480011000298e+06 4.635493200070000021e+05
2.825100100000000225e+02 4.831433440001999959e+06 4.635493300169999711e+05
2.826499939999999924e+02 4.831433450012000278e+06 4.635492800290000159e+05
2.826700129999999831e+02 4.831433429992999882e+06 4.635492899779999861e+05
2.826600040000000149e+02 4.831433440001999959e+06 4.635492700199999963e+05
2.826199950000000172e+02 4.831433429992999882e+06 4.635492299800000037e+05
2.825799870000000169e+02 4.831433429992999882e+06 4.635493300169999711e+05
2.825899959999999851e+02 4.831433450012000278e+06 4.635493400269999984e+05
2.825899959999999851e+02 4.831433450012000278e+06 4.635493200070000021e+05
2.825499879999999848e+02 4.831433429992999882e+06 4.635492800290000159e+05
2.825000000000000000e+02 4.831433450012000278e+06 4.635493400269999984e+05
2.825199890000000096e+02 4.831433429992999882e+06 4.635493699950000155e+05
2.825100100000000225e+02 4.831433450012000278e+06 4.635494199830000289e+05
2.820400089999999977e+02 4.831433470000999980e+06 4.635492899779999861e+05
2.820700069999999755e+02 4.831433619994999841e+06 4.635487899779999861e+05
2.820599980000000073e+02 4.831433570007000118e+06 4.635487199709999841e+05
2.821300049999999828e+02 4.831433579986999743e+06 4.635487299800000037e+05
2.821300049999999828e+02 4.831433589995999821e+06 4.635487399899999727e+05
2.821099849999999947e+02 4.831433579986999743e+06 4.635487199709999841e+05
2.821199950000000172e+02 4.831433570007000118e+06 4.635488099979999824e+05
2.821099849999999947e+02 4.831433549987999722e+06 4.635487999880000134e+05
2.820299989999999752e+02 4.831433579986999743e+06 4.635487700199999963e+05
2.820899959999999851e+02 4.831433549987999722e+06 4.635487700199999963e+05
2.820899959999999851e+02 4.831433600006000139e+06 4.635487399899999727e+05
2.820799870000000169e+02 4.831433619994999841e+06 4.635486699830000289e+05
2.820599980000000073e+02 4.831433609985000454e+06 4.635487600100000273e+05
2.820899959999999851e+02 4.831433579986999743e+06 4.635487500000000000e+05
2.820599980000000073e+02 4.831433609985000454e+06 4.635487500000000000e+05
2.820599980000000073e+02 4.831433589995999821e+06 4.635487600100000273e+05
2.824200129999999831e+02 4.831433579986999743e+06 4.635490399779999861e+05
2.821400150000000053e+02 4.831433559998000041e+06 4.635487899779999861e+05
2.826499939999999924e+02 4.831433619994999841e+06 4.635489699709999841e+05
2.828299870000000169e+02 4.831433600006000139e+06 4.635487899779999861e+05
2.828299870000000169e+02 4.831433579986999743e+06 4.635487899779999861e+05
2.820499879999999848e+02 4.831433609985000454e+06 4.635487199709999841e+05
2.820799870000000169e+02 4.831433549987999722e+06 4.635487999880000134e+05
2.821099849999999947e+02 4.831433549987999722e+06 4.635487700199999963e+05
2.820700069999999755e+02 4.831433579986999743e+06 4.635487199709999841e+05
2.821000060000000076e+02 4.831433579986999743e+06 4.635486900020000176e+05
2.827399899999999775e+02 4.831433589995999821e+06 4.635489500119999866e+05
2.820100100000000225e+02 4.831433220000999980e+06 4.635481400150000118e+05
2.820299989999999752e+02 4.831433109985000454e+06 4.635481799929999979e+05
2.820299989999999752e+02 4.831433109985000454e+06 4.635481699830000289e+05
2.820199890000000096e+02 4.831433140014999546e+06 4.635481699830000289e+05
2.820100100000000225e+02 4.831433100006000139e+06 4.635481799929999979e+05
2.820199890000000096e+02 4.831433100006000139e+06 4.635481799929999979e+05
2.820199890000000096e+02 4.831433149993999861e+06 4.635481699830000289e+05
2.820100100000000225e+02 4.831433140014999546e+06 4.635481799929999979e+05
2.820199890000000096e+02 4.831433059998000041e+06 4.635481500239999732e+05
2.820199890000000096e+02 4.831433089995999821e+06 4.635481500239999732e+05
2.820299989999999752e+02 4.831433049987999722e+06 4.635481599730000016e+05
2.820199890000000096e+02 4.831433089995999821e+06 4.635481500239999732e+05
2.820299989999999752e+02 4.831433000000000000e+06 4.635481300049999845e+05
2.820100100000000225e+02 4.831433100006000139e+06 4.635481599730000016e+05
2.820199890000000096e+02 4.831433019988999702e+06 4.635481500239999732e+05
2.820100100000000225e+02 4.831433170013000257e+06 4.635481400150000118e+05
2.820100100000000225e+02 4.831433010010000318e+06 4.635482000119999866e+05
2.820100100000000225e+02 4.831433089995999821e+06 4.635482299800000037e+05
2.820199890000000096e+02 4.831433160004000179e+06 4.635482500000000000e+05
2.820100100000000225e+02 4.831432989989999682e+06 4.635482100220000139e+05
