463549.109985 4831433.390015 280.649994
463549.109985 4831433.369995 280.660004
463549.109985 4831433.410004 280.640015
463549.109985 4831433.390015 280.660004
463549.150024 4831433.480011 280.140015
463549.510010 4831433.359985 280.070007
463549.599976 4831433.369995 280.100006
463549.570007 4831433.420013 280.079987
463549.609985 4831433.480011 280.019989
463549.280029 4831432.959991 280.790009
463549.530029 4831433.459991 280.079987
463549.229980 4831432.940002 280.720001
463549.250000 4831432.929993 280.769989
463549.260010 4831432.950012 280.739990
463549.260010 4831432.970001 280.660004
463549.520020 4831433.470001 280.049988
463549.500000 4831433.399994 280.179993
463549.500000 4831433.410004 280.040009
463549.530029 4831433.440002 280.130005
463549.280029 4831432.959991 280.769989
463549.289978 4831432.980011 280.739990
463549.539978 4831433.459991 280.140015
463549.549988 4831433.480011 280.089996
463549.280029 4831432.950012 280.790009
463549.549988 4831433.459991 280.109985
463549.229980 4831432.940002 280.649994
463549.549988 4831433.440002 280.000000
463549.419983 4831433.399994 280.200012
463549.520020 4831433.420013 280.209991
463549.559998 4831433.440002 280.079987
463549.549988 4831433.410004 280.100006
463549.530029 4831433.470001 280.089996
463549.530029 4831433.459991 280.130005
463549.520020 4831433.440002 280.160004
463549.489990 4831433.410004 280.119995
463549.349976 4831432.989990 280.779999
463549.340027 4831432.970001 280.799988
463549.539978 4831433.410004 280.070007
463549.559998 4831433.429993 280.109985
463549.570007 4831433.450012 280.019989
463549.479980 4831433.399994 280.190002
463549.539978 4831433.459991 280.119995
463549.500000 4831433.410004 280.160004
463549.549988 4831433.380005 280.160004
463549.570007 4831433.519989 280.029999
463549.419983 4831433.440002 280.130005
463549.400024 4831433.519989 280.109985
463549.520020 4831433.350006 280.130005
463549.440002 4831433.529999 280.109985
463549.530029 4831433.369995 280.059998
463549.479980 4831433.420013 280.230011
463549.440002 4831433.420013 280.119995
463549.580017 4831433.420013 280.019989
463549.599976 4831433.410004 280.000000
463549.690002 4831433.339996 280.130005
463549.549988 4831433.359985 280.019989
463549.599976 4831433.459991 280.100006
463549.549988 4831433.519989 279.989990
463549.549988 4831433.390015 280.100006
463549.570007 4831433.380005 280.059998
463549.580017 4831433.420013 280.109985
463549.539978 4831433.450012 280.070007
463549.539978 4831433.450012 280.019989
463549.549988 4831433.500000 280.070007
463549.619995 4831433.459991 280.059998
463549.429993 4831433.579987 280.059998
463549.429993 4831433.600006 280.059998
463549.309998 4831433.750000 279.850006
463549.239990 4831433.720001 279.859985
463549.359985 4831433.609985 280.089996
463549.270020 4831433.609985 280.170013
463549.260010 4831433.589996 280.200012
463549.200012 4831433.369995 280.660004
463549.190002 4831433.450012 280.769989
463549.200012 4831433.450012 280.750000
463549.200012 4831433.359985 280.760010
463549.150024 4831433.429993 280.700012
463549.200012 4831433.440002 280.690002
463549.179993 4831433.470001 280.690002
463549.179993 4831433.390015 280.640015
463549.169983 4831433.410004 280.609985
463549.179993 4831433.459991 280.690002
463549.190002 4831433.500000 280.739990
463549.950012 4831432.980011 280.750000
463549.859985 4831433.000000 280.619995
463549.570007 4831433.410004 280.269989
463549.739990 4831433.160004 280.670013
463549.869995 4831433.200012 280.750000
463549.729980 4831433.140015 280.739990
463549.760010 4831433.179993 280.769989
463549.770020 4831433.209991 280.760010
463549.580017 4831433.410004 280.220001
463549.520020 4831433.420013 280.200012
463549.559998 4831433.489990 280.179993
463549.570007 4831433.510010 280.119995
463549.580017 4831433.529999 280.109985
463549.590027 4831433.529999 280.209991
463549.570007 4831433.489990 280.160004
463549.929993 4831432.970001 280.799988
463549.940002 4831432.989990 280.779999
463549.580017 4831433.350006 280.769989
463549.570007 4831433.350006 280.679993
463549.590027 4831433.299988 280.700012
463549.919983 4831433.000000 280.779999
463549.669983 4831433.299988 280.690002
463549.570007 4831433.339996 280.739990
463549.549988 4831433.529999 280.100006
463549.630005 4831433.440002 280.220001
463549.770020 4831433.200012 280.660004
463549.770020 4831433.190002 280.790009
463549.809998 4831433.170013 280.690002
463549.580017 4831433.519989 280.140015
463549.630005 4831433.459991 280.220001
463549.590027 4831433.399994 280.200012
463549.609985 4831433.309998 280.760010
463549.809998 4831433.220001 280.790009
463549.729980 4831433.100006 280.649994
463549.969971 4831432.980011 280.750000
463549.210022 4831433.399994 280.690002
463549.580017 4831433.529999 280.140015
463549.549988 4831433.500000 280.109985
463549.599976 4831433.470001 280.109985
463549.580017 4831433.420013 280.200012
463549.669983 4831433.290009 280.700012
463549.700012 4831433.239990 280.690002
463549.979980 4831433.010010 280.739990
463549.859985 4831433.239990 280.769989
463549.840027 4831433.260010 280.790009
463549.640015 4831433.290009 280.700012
463549.690002 4831433.500000 280.179993
463549.570007 4831433.420013 280.790009
463549.619995 4831433.519989 280.220001
463549.549988 4831433.519989 280.079987
463549.239990 4831433.470001 280.730011
463549.940002 4831432.940002 280.760010
463549.950012 4831432.980011 280.760010
463549.840027 4831433.239990 280.790009
463549.719971 4831433.230011 280.649994
463549.580017 4831433.329987 280.690002
463549.650024 4831433.500000 280.179993
463549.210022 4831433.440002 280.660004
463549.789978 4831433.269989 280.799988
463549.619995 4831433.510010 280.209991
463549.630005 4831433.519989 280.179993
463549.640015 4831433.459991 280.220001
463549.770020 4831433.160004 280.769989
463549.210022 4831433.480011 280.649994
463549.539978 4831433.500000 280.149994
463549.549988 4831433.410004 280.209991
463549.960022 4831432.970001 280.769989
463549.570007 4831433.480011 280.209991
463549.969971 4831432.950012 280.730011
463549.979980 4831432.950012 280.790009
463549.789978 4831433.070007 280.640015
463549.780029 4831433.119995 280.609985
463549.609985 4831433.500000 280.100006
463549.619995 4831433.510010 280.209991
463549.710022 4831433.239990 280.640015
463549.849976 4831433.179993 280.640015
463550.030029 4831432.940002 280.730011
463549.580017 4831433.380005 280.660004
463549.539978 4831433.450012 280.709991
463549.929993 4831432.959991 280.779999
463549.909973 4831432.989990 280.760010
463549.950012 4831432.970001 280.769989
463549.919983 4831432.970001 280.660004
463549.650024 4831433.329987 280.720001
463549.580017 4831433.440002 280.700012
463549.590027 4831433.519989 280.070007
463549.609985 4831433.529999 280.019989
463549.539978 4831433.510010 280.119995
463549.700012 4831433.279999 280.690002
463549.780029 4831433.070007 280.690002
463549.619995 4831433.420013 280.200012
463549.770020 4831433.239990 280.679993
463549.780029 4831433.200012 280.750000
463549.729980 4831433.089996 280.700012
463549.809998 4831433.049988 280.619995
463549.880005 4831433.209991 280.790009
463549.719971 4831433.380005 280.119995
463549.590027 4831433.519989 280.079987
463549.659973 4831433.470001 280.170013
463549.669983 4831433.070007 280.769989
463549.799988 4831433.149994 280.730011
463549.849976 4831433.220001 280.700012
463549.580017 4831433.440002 280.190002
463549.609985 4831433.420013 280.200012
463549.609985 4831433.410004 280.149994
463549.570007 4831433.480011 280.170013
463549.570007 4831433.519989 280.119995
463549.669983 4831433.470001 280.170013
463549.750000 4831433.040009 280.720001
463549.760010 4831433.019989 280.700012
463549.719971 4831433.049988 280.690002
463549.729980 4831433.079987 280.700012
463549.799988 4831433.070007 280.790009
463549.849976 4831433.040009 280.670013
463549.750000 4831433.160004 280.799988
463549.830017 4831433.100006 280.739990
463549.739990 4831433.160004 280.709991
463549.739990 4831433.140015 280.670013
463549.750000 4831433.170013 280.709991
463549.789978 4831433.149994 280.769989
463549.770020 4831433.160004 280.760010
463549.809998 4831433.209991 280.660004
463549.520020 4831433.440002 280.209991
463549.559998 4831433.429993 280.220001
463549.599976 4831433.440002 280.209991
463549.539978 4831433.470001 280.140015
463549.559998 4831433.519989 280.149994
463549.580017 4831433.540009 280.059998
463549.559998 4831433.559998 280.049988
463549.580017 4831433.540009 280.160004
463549.559998 4831433.540009 280.079987
463549.580017 4831433.549988 280.200012
463549.570007 4831433.540009 280.160004
463549.580017 4831433.549988 280.200012
463549.609985 4831433.549988 280.059998
463549.539978 4831433.540009 280.179993
463549.559998 4831433.559998 280.019989
463549.239990 4831433.519989 280.760010
463549.219971 4831433.500000 280.760010
463549.159973 4831433.890015 280.709991
463549.140015 4831433.899994 280.690002
463549.119995 4831433.910004 280.670013
463549.150024 4831433.899994 280.510010
463549.169983 4831433.859985 280.440002
463549.179993 4831433.869995 280.640015
463549.140015 4831433.890015 280.670013
463549.130005 4831433.899994 280.649994
463549.159973 4831433.890015 280.510010
463549.179993 4831433.880005 280.730011
463549.140015 4831433.899994 280.739990
463549.109985 4831433.920013 280.760010
463549.159973 4831433.899994 280.739990
463549.119995 4831433.920013 280.690002
463549.179993 4831433.880005 280.730011
463549.159973 4831433.890015 280.700012
463549.159973 4831433.880005 280.709991
463549.130005 4831433.899994 280.720001
463549.109985 4831433.910004 280.700012
463549.150024 4831433.869995 280.619995
463549.140015 4831433.880005 280.579987
463549.130005 4831433.880005 280.709991
463549.109985 4831433.910004 280.660004
463549.609985 4831433.579987 280.190002
463549.559998 4831433.609985 280.239990
463549.549988 4831433.609985 280.130005
463549.619995 4831433.600006 280.320007
463549.619995 4831433.579987 280.190002
463549.580017 4831433.570007 280.119995
463549.609985 4831433.600006 280.299988
463549.450012 4831433.559998 280.140015
463549.500000 4831433.649994 280.130005
463549.469971 4831433.660004 280.070007
463549.500000 4831433.619995 280.140015
463549.299988 4831433.619995 280.230011
463549.479980 4831433.649994 280.250000
463549.500000 4831433.630005 280.179993
463549.500000 4831433.619995 280.230011
463549.570007 4831433.570007 280.200012
463549.330017 4831433.640015 280.220001
463549.309998 4831433.609985 280.209991
463549.429993 4831433.670013 280.239990
463549.440002 4831433.649994 280.089996
463549.500000 4831433.600006 280.179993
463549.549988 4831433.589996 280.130005
463549.539978 4831433.570007 280.170013
463549.599976 4831433.579987 280.299988
463549.530029 4831433.630005 280.250000
463549.469971 4831433.670013 280.179993
463549.489990 4831433.690002 280.170013
463549.270020 4831433.640015 280.630005
463549.210022 4831433.589996 280.609985
463549.599976 4831433.589996 280.320007
463549.599976 4831433.559998 280.220001
463549.609985 4831433.559998 280.170013
463549.549988 4831433.640015 280.279999
463549.520020 4831433.660004 280.209991
463549.510010 4831433.619995 280.089996
463549.450012 4831433.640015 280.209991
463549.460022 4831433.619995 280.079987
463549.400024 4831433.640015 280.239990
463549.429993 4831433.690002 280.260010
463549.409973 4831433.670013 280.250000
463549.419983 4831433.690002 280.220001
463549.419983 4831433.679993 280.260010
463549.429993 4831433.690002 280.220001
463549.260010 4831433.559998 280.720001
463549.340027 4831433.579987 280.220001
463549.390015 4831433.660004 280.209991
463549.340027 4831433.709991 280.290009
463549.549988 4831433.570007 280.220001
463549.570007 4831433.589996 280.179993
463549.429993 4831433.660004 280.250000
463549.440002 4831433.619995 280.149994
463549.469971 4831433.670013 280.119995
463549.369995 4831433.660004 280.239990
463549.380005 4831433.670013 280.209991
463549.330017 4831433.640015 280.160004
463549.299988 4831433.640015 280.290009
463549.210022 4831433.540009 280.739990
463549.469971 4831433.640015 280.220001
463549.210022 4831433.559998 280.790009
463549.289978 4831433.619995 280.230011
463549.239990 4831433.570007 280.700012
463549.440002 4831433.660004 280.250000
463549.500000 4831433.679993 280.190002
463549.469971 4831433.649994 280.200012
463549.549988 4831433.559998 280.179993
463549.549988 4831433.549988 280.230011
463549.609985 4831433.630005 280.279999
463549.469971 4831433.709991 280.070007
463549.250000 4831433.549988 280.619995
463549.320007 4831433.640015 280.230011
463549.260010 4831433.600006 280.269989
463549.429993 4831433.670013 280.239990
463549.460022 4831433.660004 280.239990
463549.510010 4831433.679993 280.279999
463549.469971 4831433.640015 280.220001
463549.489990 4831433.609985 280.190002
463549.469971 4831433.640015 280.179993
463549.489990 4831433.640015 280.200012
463549.510010 4831433.640015 280.269989
463549.530029 4831433.570007 280.070007
463549.549988 4831433.600006 280.220001
463549.580017 4831433.589996 280.220001
463549.510010 4831433.660004 280.269989
463549.590027 4831433.589996 280.179993
463549.520020 4831433.670013 280.239990
463549.520020 4831433.670013 280.200012
463549.429993 4831433.660004 280.170013
463549.510010 4831433.630005 280.209991
463549.609985 4831433.559998 280.260010
463549.500000 4831433.720001 280.140015
463549.580017 4831433.559998 280.149994
463549.520020 4831433.619995 280.160004
463549.590027 4831433.589996 280.269989
463549.609985 4831433.579987 280.260010
463549.590027 4831433.579987 280.130005
463549.549988 4831433.619995 280.269989
463549.539978 4831433.619995 280.170013
463549.599976 4831433.589996 280.260010
463549.619995 4831433.579987 280.230011
463549.549988 4831433.589996 280.010010
463549.530029 4831433.630005 280.190002
463549.580017 4831433.600006 280.230011
463549.619995 4831433.579987 280.260010
463549.619995 4831433.579987 280.190002
463549.549988 4831433.640015 280.250000
463549.500000 4831433.640015 280.059998
463549.599976 4831433.609985 280.220001
463549.619995 4831433.589996 280.220001
463549.580017 4831433.600006 280.040009
463549.460022 4831433.690002 280.089996
463549.539978 4831433.660004 280.200012
463549.520020 4831433.679993 280.130005
463549.330017 4831433.640015 280.209991
463549.510010 4831433.619995 280.250000
463549.570007 4831433.589996 280.260010
463549.580017 4831433.579987 280.209991
463549.539978 4831433.649994 280.209991
