463549.130005 4831433.920013 281.089996
463548.880005 4831434.029999 281.380005
463549.140015 4831433.980011 281.070007
463549.150024 4831433.929993 281.100006
463549.130005 4831433.940002 281.190002
463549.099976 4831433.970001 281.170013
463549.059998 4831433.929993 281.070007
463548.909973 4831433.970001 281.380005
463548.929993 4831434.000000 281.369995
463549.010010 4831433.940002 281.040009
463549.020020 4831433.920013 281.140015
463549.020020 4831433.920013 281.130005
463548.929993 4831433.950012 281.350006
463549.030029 4831433.950012 281.119995
463548.859985 4831433.980011 281.279999
463548.880005 4831433.970001 281.369995
463548.869995 4831433.950012 281.209991
463548.979980 4831433.940002 281.339996
463549.070007 4831434.040009 281.230011
463549.140015 4831433.959991 281.100006
463549.130005 4831433.940002 281.140015
463549.130005 4831433.929993 281.200012
463549.159973 4831433.940002 281.079987
463549.200012 4831433.950012 281.230011
463549.179993 4831433.910004 281.079987
463549.150024 4831433.910004 281.010010
463549.140015 4831433.970001 281.170013
463549.150024 4831433.989990 281.149994
463549.109985 4831434.019989 281.160004
463548.919983 4831433.980011 281.390015
463548.909973 4831433.970001 281.320007
463549.200012 4831433.950012 281.089996
463549.140015 4831433.970001 281.160004
463549.030029 4831433.980011 281.070007
463548.950012 4831433.980011 281.390015
463548.960022 4831433.989990 281.359985
463548.929993 4831434.000000 281.380005
463548.909973 4831433.989990 281.380005
463548.909973 4831433.980011 281.320007
463548.900024 4831434.010010 281.350006
463548.880005 4831434.010010 281.380005
463549.150024 4831433.940002 281.220001
463549.169983 4831433.929993 281.079987
463549.119995 4831433.950012 281.160004
463549.140015 4831433.970001 281.130005
463549.099976 4831433.959991 281.179993
463549.119995 4831433.970001 281.140015
463549.140015 4831433.980011 281.109985
463549.109985 4831433.959991 281.160004
463549.119995 4831433.970001 281.130005
463549.109985 4831433.959991 281.140015
463549.119995 4831433.970001 281.109985
463549.140015 4831433.980011 281.079987
463549.000000 4831433.950012 281.359985
463548.960022 4831433.980011 281.390015
463548.979980 4831433.989990 281.359985
463549.030029 4831433.959991 281.140015
463549.039978 4831433.989990 281.140015
463548.909973 4831433.970001 281.380005
463548.929993 4831433.989990 281.369995
463548.940002 4831434.000000 281.329987
463549.000000 4831433.980011 281.100006
463548.880005 4831434.040009 281.380005
463549.130005 4831433.920013 281.170013
463548.969971 4831433.890015 281.010010
463549.140015 4831433.940002 281.140015
463549.190002 4831433.940002 281.179993
463549.169983 4831433.959991 281.190002
463549.049988 4831433.970001 281.070007
463549.169983 4831433.899994 281.010010
463549.080017 4831433.910004 281.070007
463549.190002 4831433.920013 281.089996
463548.859985 4831433.989990 281.359985
463548.929993 4831433.959991 281.359985
463548.950012 4831433.929993 281.320007
463549.140015 4831433.910004 281.040009
463549.140015 4831433.920013 281.049988
463549.090027 4831433.920013 281.119995
463548.929993 4831433.970001 281.369995
463548.960022 4831433.989990 281.269989
463549.059998 4831433.950012 281.130005
463549.179993 4831433.920013 281.079987
463549.169983 4831433.959991 281.079987
463548.960022 4831433.989990 281.399994
463549.059998 4831433.929993 281.010010
463549.070007 4831433.940002 281.130005
463549.119995 4831433.950012 281.109985
463548.950012 4831433.970001 281.399994
463549.140015 4831433.929993 281.190002
463549.179993 4831433.920013 281.170013
463549.020020 4831433.910004 281.059998
463549.010010 4831433.899994 281.109985
463549.159973 4831433.910004 281.089996
463549.159973 4831433.920013 281.010010
463549.179993 4831433.899994 281.070007
463549.159973 4831433.910004 281.070007
463549.099976 4831433.929993 281.019989
463549.039978 4831433.940002 281.059998
463549.030029 4831433.970001 281.179993
463549.030029 4831433.980011 281.149994
463549.049988 4831433.970001 281.119995
463549.130005 4831433.929993 281.010010
463549.049988 4831433.970001 281.160004
463549.140015 4831433.929993 281.010010
463549.059998 4831433.959991 281.109985
463548.840027 4831433.899994 281.200012
463548.909973 4831433.929993 281.279999
463548.919983 4831433.940002 281.329987
463548.940002 4831433.929993 281.320007
463548.950012 4831433.989990 281.420013
463548.900024 4831433.970001 281.260010
463549.190002 4831433.929993 281.200012
463549.179993 4831433.950012 281.160004
463549.340027 4831433.880005 281.130005
463549.270020 4831433.970001 281.070007
463549.289978 4831433.910004 281.029999
463549.239990 4831433.950012 281.040009
463549.219971 4831433.899994 281.029999
463549.270020 4831433.880005 281.059998
463549.299988 4831433.920013 281.100006
463549.239990 4831433.940002 281.049988
463549.239990 4831433.970001 281.089996
463549.260010 4831433.950012 281.239990
463549.299988 4831433.890015 281.079987
463549.309998 4831433.899994 281.049988
463549.309998 4831433.950012 281.130005
463549.320007 4831433.959991 281.089996
463549.270020 4831434.010010 281.100006
463549.299988 4831433.920013 281.220001
463549.270020 4831433.929993 281.239990
463549.340027 4831433.910004 281.109985
463549.260010 4831433.989990 281.079987
463549.250000 4831433.929993 281.230011
463549.229980 4831433.940002 281.070007
463549.219971 4831433.940002 281.200012
463549.219971 4831433.980011 281.130005
463549.270020 4831433.929993 281.239990
463549.270020 4831433.950012 281.269989
463549.299988 4831433.920013 281.250000
463549.239990 4831433.920013 281.100006
463549.309998 4831433.899994 281.029999
463549.320007 4831433.920013 281.209991
463549.299988 4831433.929993 281.100006
463549.260010 4831433.950012 281.029999
463549.320007 4831433.940002 281.200012
463549.270020 4831433.959991 281.019989
463549.250000 4831433.959991 281.070007
463549.239990 4831433.899994 281.029999
463549.229980 4831433.880005 281.040009
463549.219971 4831433.880005 281.010010
463549.270020 4831433.899994 281.100006
463549.309998 4831433.920013 281.290009
463549.340027 4831433.890015 281.149994
463549.320007 4831433.910004 281.130005
463549.349976 4831433.890015 281.140015
463549.330017 4831433.920013 281.130005
463549.320007 4831433.920013 281.269989
463549.289978 4831433.959991 281.100006
463549.340027 4831433.929993 281.070007
463549.349976 4831433.929993 281.019989
463549.239990 4831433.929993 281.049988
463549.299988 4831433.929993 281.230011
463549.260010 4831433.929993 281.049988
463549.250000 4831433.970001 281.070007
463549.289978 4831433.950012 281.100006
463549.320007 4831433.929993 281.309998
463549.320007 4831433.940002 281.309998
463549.330017 4831433.950012 281.220001
463549.349976 4831433.980011 281.220001
463549.590027 4831434.019989 281.100006
