463548.119995 4831432.510010 279.089996
463548.150024 4831432.500000 279.130005
463548.109985 4831432.459991 279.130005
463548.169983 4831432.429993 278.929993
463548.179993 4831432.559998 279.079987
463548.150024 4831432.549988 279.079987
463548.130005 4831432.630005 279.070007
463548.130005 4831432.630005 279.070007
463548.140015 4831432.660004 279.049988
463548.150024 4831432.549988 279.079987
463548.109985 4831432.660004 279.059998
463548.130005 4831432.519989 279.119995
463548.140015 4831432.529999 279.059998
463548.140015 4831432.750000 279.079987
463548.119995 4831432.640015 279.040009
463548.109985 4831432.630005 279.100006
463548.150024 4831432.750000 279.059998
463548.109985 4831432.750000 279.109985
463548.109985 4831432.679993 279.119995
463548.140015 4831432.529999 279.119995
463548.109985 4831432.700012 279.070007
463548.119995 4831432.730011 279.100006
463548.130005 4831432.700012 279.040009
463548.130005 4831432.720001 279.070007
463548.109985 4831432.640015 279.089996
463548.109985 4831432.570007 279.109985
463548.140015 4831432.660004 279.040009
463548.140015 4831432.720001 279.070007
463548.159973 4831432.630005 279.070007
463548.119995 4831432.739990 279.059998
463548.219971 4831432.510010 279.079987
463548.179993 4831432.470001 279.029999
463548.200012 4831432.429993 279.079987
463548.219971 4831432.470001 279.029999
463548.190002 4831432.630005 279.059998
463548.219971 4831432.519989 279.019989
463548.179993 4831432.649994 279.059998
463548.179993 4831432.519989 279.100006
463548.190002 4831432.549988 279.079987
463548.260010 4831432.859985 279.390015
463548.289978 4831432.839996 279.339996
463548.179993 4831432.529999 279.100006
463548.900024 4831432.140015 278.959991
463548.909973 4831432.190002 279.079987
463548.909973 4831432.200012 279.130005
463548.900024 4831432.220001 279.269989
463548.909973 4831432.250000 279.299988
463548.909973 4831432.269989 279.380005
463548.900024 4831432.179993 279.040009
463548.909973 4831432.209991 279.100006
463548.890015 4831432.089996 278.839996
463548.909973 4831432.190002 279.079987
463548.909973 4831432.200012 279.119995
463548.909973 4831432.209991 279.160004
463548.909973 4831432.239990 279.250000
463548.909973 4831432.250000 279.290009
463548.909973 4831432.279999 279.369995
463548.909973 4831432.290009 279.429993
463548.900024 4831432.160004 279.100006
463548.929993 4831432.200012 279.109985
463548.900024 4831432.149994 279.019989
463548.909973 4831432.179993 279.049988
463548.909973 4831432.190002 279.100006
463548.919983 4831432.209991 279.130005
463548.859985 4831432.109985 278.809998
463548.869995 4831432.130005 278.839996
463548.869995 4831432.190002 279.010010
463548.890015 4831432.220001 279.029999
463548.880005 4831432.230011 279.079987
463548.890015 4831432.250000 279.109985
463548.880005 4831432.250000 279.160004
463548.880005 4831432.260010 279.200012
463548.900024 4831432.269989 279.399994
463548.890015 4831432.279999 279.459991
463548.890015 4831432.329987 279.579987
463548.979980 4831432.390015 279.790009
463548.950012 4831432.339996 279.630005
463548.859985 4831432.070007 278.869995
463548.979980 4831432.339996 279.779999
463549.000000 4831432.350006 279.700012
463548.979980 4831432.309998 279.649994
463548.960022 4831432.260010 279.489990
463548.960022 4831432.220001 279.250000
463548.929993 4831432.119995 278.920013
463548.929993 4831432.100006 278.890015
463548.929993 4831432.089996 278.850006
463548.919983 4831432.079987 278.809998
463548.900024 4831432.049988 278.809998
463548.960022 4831432.410004 279.730011
463548.979980 4831432.369995 279.709991
463548.969971 4831432.359985 279.660004
463548.950012 4831432.329987 279.660004
463549.000000 4831432.369995 279.739990
463548.989990 4831432.359985 279.700012
463548.979980 4831432.350006 279.670013
463548.969971 4831432.329987 279.630005
463548.940002 4831432.299988 279.450012
463549.000000 4831432.359985 279.690002
463548.989990 4831432.339996 279.660004
463548.960022 4831432.290009 279.470001
463548.960022 4831432.299988 279.399994
463548.950012 4831432.290009 279.350006
463548.940002 4831432.279999 279.239990
463549.000000 4831432.329987 279.679993
463548.969971 4831432.290009 279.459991
463548.960022 4831432.279999 279.429993
463548.960022 4831432.269989 279.390015
463548.950012 4831432.269989 279.329987
463548.950012 4831432.279999 279.260010
463548.940002 4831432.260010 279.239990
463549.020020 4831432.329987 279.700012
463548.979980 4831432.279999 279.450012
463548.969971 4831432.269989 279.410004
463548.960022 4831432.260010 279.359985
463548.960022 4831432.260010 279.290009
463548.950012 4831432.239990 279.269989
463548.960022 4831432.260010 279.200012
463548.950012 4831432.250000 279.160004
463549.000000 4831432.269989 279.470001
463549.000000 4831432.279999 279.390015
463548.979980 4831432.250000 279.279999
463548.960022 4831432.220001 279.250000
463548.960022 4831432.220001 279.200012
463548.940002 4831432.200012 279.070007
463548.929993 4831432.179993 279.040009
463548.909973 4831432.170013 278.959991
463549.039978 4831432.299988 279.470001
463548.969971 4831432.190002 279.200012
463548.969971 4831432.200012 279.140015
463548.960022 4831432.190002 279.079987
463548.950012 4831432.170013 279.049988
463548.940002 4831432.160004 279.010010
463548.940002 4831432.160004 278.959991
463548.900024 4831432.119995 278.809998
463548.869995 4831432.059998 278.850006
463549.059998 4831432.269989 279.750000
463548.979980 4831432.179993 279.059998
463548.969971 4831432.160004 279.029999
463548.960022 4831432.149994 278.989990
463548.950012 4831432.140015 278.950012
463548.940002 4831432.130005 278.910004
463548.940002 4831432.130005 278.850006
463548.989990 4831432.160004 279.000000
463548.960022 4831432.109985 278.920013
463548.969971 4831432.369995 279.700012
463549.000000 4831432.380005 279.359985
463548.969971 4831432.320007 279.399994
463548.960022 4831432.290009 279.390015
463548.940002 4831432.260010 279.359985
463548.940002 4831432.290009 279.290009
463549.000000 4831432.369995 278.970001
463548.960022 4831432.209991 279.140015
463548.950012 4831432.200012 279.109985
463548.929993 4831432.190002 279.070007
463548.940002 4831432.130005 278.859985
463548.890015 4831432.190002 279.040009
463548.880005 4831432.230011 279.109985
463548.869995 4831432.230011 279.130005
463548.869995 4831432.209991 279.029999
463548.890015 4831432.239990 279.109985
463548.890015 4831432.230011 279.119995
463548.890015 4831432.250000 279.119995
463548.849976 4831432.269989 279.140015
463548.869995 4831432.290009 279.359985
463548.830017 4831432.260010 279.140015
463548.830017 4831432.290009 279.279999
463548.840027 4831432.309998 279.299988
463548.840027 4831432.320007 279.369995
463548.830017 4831432.329987 279.420013
463548.840027 4831432.350006 279.440002
463549.030029 4831432.380005 279.670013
463548.890015 4831432.369995 279.709991
463548.849976 4831432.359985 279.589996
463548.840027 4831432.200012 279.089996
463548.840027 4831432.220001 279.130005
463548.799988 4831432.250000 279.290009
463548.789978 4831432.269989 279.339996
463548.859985 4831432.320007 279.079987
463548.900024 4831432.369995 279.730011
463548.840027 4831432.079987 278.820007
463548.859985 4831432.209991 279.130005
463548.809998 4831432.339996 279.470001
463548.830017 4831432.369995 279.529999
463548.809998 4831432.350006 279.420013
463548.900024 4831432.470001 279.799988
463548.840027 4831432.369995 279.559998
463548.830017 4831432.359985 279.489990
463548.840027 4831432.350006 279.600006
463548.820007 4831432.450012 279.769989
463548.840027 4831432.459991 279.709991
463548.729980 4831432.440002 279.720001
463548.840027 4831432.359985 279.089996
463548.659973 4831432.329987 279.679993
463548.859985 4831432.290009 279.230011
463548.849976 4831432.320007 279.359985
463548.909973 4831432.369995 279.519989
463549.039978 4831432.399994 279.589996
463548.609985 4831432.299988 279.660004
463548.849976 4831432.470001 279.649994
463548.789978 4831432.260010 279.140015
463548.880005 4831432.380005 279.600006
463548.849976 4831432.299988 279.070007
463548.909973 4831432.369995 279.519989
463548.840027 4831432.399994 279.489990
463548.890015 4831432.420013 279.679993
463548.890015 4831432.380005 279.500000
463548.950012 4831432.380005 279.450012
463548.859985 4831432.309998 279.269989
463548.780029 4831432.239990 279.100006
463548.880005 4831432.299988 279.040009
463548.869995 4831432.269989 279.109985
463548.849976 4831432.260010 279.079987
463548.799988 4831432.399994 279.589996
463548.710022 4831432.369995 279.540009
463548.900024 4831432.500000 279.760010
463548.880005 4831432.380005 279.440002
463548.880005 4831432.359985 279.350006
463548.880005 4831432.339996 279.269989
463548.869995 4831432.309998 279.160004
463548.869995 4831432.290009 279.079987
463548.869995 4831432.269989 279.000000
463548.760010 4831432.369995 279.559998
463548.729980 4831432.359985 279.570007
463548.770020 4831432.390015 279.589996
463548.890015 4831432.410004 279.489990
463548.890015 4831432.420013 279.489990
463548.890015 4831432.429993 279.489990
463548.859985 4831432.420013 279.470001
463548.789978 4831432.399994 279.489990
463548.840027 4831432.390015 279.320007
463548.849976 4831432.390015 279.269989
463548.809998 4831432.339996 279.160004
463548.830017 4831432.320007 279.079987
463548.619995 4831432.359985 279.619995
463548.820007 4831432.329987 279.309998
463548.820007 4831432.369995 279.450012
463548.820007 4831432.390015 279.529999
463548.859985 4831432.299988 279.260010
463548.869995 4831432.380005 279.510010
463548.869995 4831432.380005 279.559998
463548.859985 4831432.410004 279.750000
463548.940002 4831432.380005 279.549988
463548.690002 4831432.399994 279.760010
463548.750000 4831432.369995 279.540009
463548.799988 4831432.369995 279.540009
463548.849976 4831432.440002 279.679993
463548.869995 4831432.480011 279.779999
463548.809998 4831432.320007 279.309998
463548.849976 4831432.369995 279.420013
463548.859985 4831432.380005 279.510010
463548.880005 4831432.399994 279.589996
463548.880005 4831432.410004 279.660004
463548.890015 4831432.410004 279.709991
463548.900024 4831432.429993 279.779999
463548.919983 4831432.390015 279.540009
463548.849976 4831432.250000 279.019989
463548.919983 4831432.380005 279.709991
463548.880005 4831432.339996 279.359985
463548.849976 4831432.269989 279.029999
463548.869995 4831432.269989 279.100006
463548.809998 4831432.440002 279.779999
463548.859985 4831432.359985 279.510010
463548.840027 4831432.380005 279.589996
463548.840027 4831432.369995 279.540009
463548.809998 4831432.380005 279.589996
463548.830017 4831432.279999 279.230011
463548.809998 4831432.290009 279.290009
463548.789978 4831432.320007 279.329987
463548.780029 4831432.269989 279.190002
463548.929993 4831432.309998 279.559998
463548.780029 4831432.339996 279.709991
463548.719971 4831432.369995 279.549988
463548.760010 4831432.250000 279.410004
463548.760010 4831432.250000 279.359985
463548.770020 4831432.239990 279.290009
463548.770020 4831432.230011 279.230011
463548.669983 4831432.260010 279.529999
463548.760010 4831432.160004 279.200012
463548.750000 4831432.170013 279.149994
463548.760010 4831432.160004 279.100006
463548.609985 4831432.250000 279.589996
463548.840027 4831432.230011 279.089996
463548.849976 4831432.230011 279.130005
463548.869995 4831432.369995 279.089996
463548.859985 4831432.350006 279.579987
463548.640015 4831432.339996 279.640015
463548.849976 4831432.290009 279.040009
463548.869995 4831432.279999 279.059998
463548.840027 4831432.309998 279.170013
463548.830017 4831432.320007 279.250000
463548.830017 4831432.329987 279.309998
463548.830017 4831432.339996 279.369995
463548.820007 4831432.359985 279.529999
463548.900024 4831432.350006 279.750000
463548.859985 4831432.359985 279.059998
463548.640015 4831432.329987 279.640015
463548.830017 4831432.279999 279.149994
463548.830017 4831432.320007 279.250000
463548.820007 4831432.339996 279.320007
463548.830017 4831432.359985 279.429993
463548.840027 4831432.369995 279.489990
463548.840027 4831432.390015 279.549988
463548.849976 4831432.399994 279.609985
463548.859985 4831432.410004 279.670013
463548.859985 4831432.309998 279.059998
463548.900024 4831432.420013 279.549988
463549.000000 4831432.410004 279.579987
463548.859985 4831432.350006 279.070007
463548.859985 4831432.299988 279.040009
463548.869995 4831432.299988 279.049988
463548.890015 4831432.429993 279.579987
463548.859985 4831432.269989 279.070007
463548.859985 4831432.380005 279.440002
463548.869995 4831432.390015 279.489990
463548.890015 4831432.380005 279.519989
463548.859985 4831432.440002 279.660004
463548.869995 4831432.470001 279.769989
463548.809998 4831432.279999 279.209991
463548.840027 4831432.350006 279.510010
463548.840027 4831432.369995 279.570007
463548.780029 4831432.350006 279.519989
463548.780029 4831432.369995 279.519989
463548.820007 4831432.279999 279.109985
463548.820007 4831432.320007 279.269989
463548.830017 4831432.369995 279.450012
463548.840027 4831432.380005 279.500000
463548.849976 4831432.390015 279.559998
463548.849976 4831432.410004 279.630005
463548.849976 4831432.429993 279.690002
463548.859985 4831432.320007 279.059998
463548.890015 4831432.450012 279.589996
463548.880005 4831432.369995 279.140015
463548.859985 4831432.390015 279.140015
463548.859985 4831432.309998 279.079987
463548.809998 4831432.329987 279.440002
463548.820007 4831432.209991 279.109985
463548.900024 4831432.380005 279.679993
463548.880005 4831432.390015 279.670013
463548.869995 4831432.350006 279.750000
463548.840027 4831432.239990 279.429993
463548.849976 4831432.239990 279.339996
463548.940002 4831432.209991 279.799988
463548.869995 4831432.260010 279.450012
463548.849976 4831432.269989 279.440002
463548.849976 4831432.239990 279.329987
463548.659973 4831432.250000 279.630005
463548.849976 4831432.200012 279.160004
463548.859985 4831432.149994 279.040009
463548.830017 4831432.239990 279.079987
463549.080017 4831432.480011 279.679993
463548.599976 4831432.290009 279.579987
463548.669983 4831432.329987 279.579987
463548.909973 4831432.420013 279.570007
463548.859985 4831432.359985 279.239990
463548.799988 4831432.510010 279.440002
463548.840027 4831432.230011 279.279999
463548.799988 4831432.309998 279.649994
463548.880005 4831432.160004 278.829987
463548.919983 4831432.209991 278.970001
463548.929993 4831432.380005 279.679993
463548.929993 4831432.369995 279.619995
463548.940002 4831432.440002 279.799988
463548.950012 4831432.429993 279.750000
463548.919983 4831432.489990 279.750000
463548.929993 4831432.480011 279.720001
463548.919983 4831432.390015 279.640015
463548.929993 4831432.380005 279.589996
463548.900024 4831432.290009 279.230011
463548.869995 4831432.609985 279.799988
463548.880005 4831432.670013 279.730011
463548.859985 4831432.589996 279.700012
463548.880005 4831432.559998 279.790009
463548.900024 4831432.679993 279.709991
463548.820007 4831432.519989 279.589996
463548.900024 4831432.709991 279.769989
463548.869995 4831432.720001 279.739990
463548.869995 4831432.709991 279.730011
463548.869995 4831432.679993 279.760010
463548.890015 4831432.820007 279.130005
463548.909973 4831432.700012 279.799988
463548.960022 4831432.799988 279.269989
463548.940002 4831432.720001 279.790009
463548.919983 4831432.609985 279.760010
463548.909973 4831432.700012 279.739990
