463546.530029 4831432.739990 280.519989
463547.049988 4831432.630005 280.250000
463546.570007 4831432.750000 280.459991
463547.020020 4831432.649994 280.269989
463546.469971 4831432.970001 280.000000
463546.830017 4831432.630005 280.339996
463546.349976 4831432.869995 280.290009
463546.900024 4831432.790009 280.279999
463546.849976 4831432.679993 280.329987
463547.000000 4831432.769989 280.329987
463547.119995 4831432.660004 280.290009
463547.099976 4831432.730011 280.279999
463546.969971 4831432.790009 280.230011
463546.640015 4831432.730011 280.489990
463546.619995 4831432.760010 280.500000
463546.409973 4831433.040009 279.859985
463546.500000 4831433.230011 279.799988
463546.469971 4831433.200012 279.880005
463546.710022 4831432.839996 280.529999
463546.640015 4831432.730011 280.470001
463546.619995 4831432.700012 280.500000
463546.580017 4831432.640015 280.489990
463546.669983 4831432.670013 280.519989
463546.969971 4831432.709991 280.260010
463546.479980 4831433.170013 279.880005
463546.469971 4831433.140015 279.880005
463546.400024 4831433.040009 279.880005
463546.679993 4831432.820007 280.529999
463546.659973 4831432.700012 280.549988
463546.880005 4831432.850006 280.269989
463546.869995 4831432.769989 280.230011
463546.859985 4831432.670013 280.339996
463546.950012 4831432.760010 280.279999
463546.940002 4831432.750000 280.209991
463547.000000 4831432.760010 280.339996
463547.049988 4831432.760010 280.309998
463547.080017 4831432.679993 280.309998
463546.320007 4831433.049988 279.920013
463547.150024 4831432.760010 280.029999
463546.909973 4831432.640015 280.309998
463546.919983 4831432.660004 280.260010
463546.989990 4831432.769989 280.299988
463546.890015 4831432.700012 280.239990
463546.960022 4831432.799988 280.320007
463546.859985 4831432.730011 280.239990
463546.609985 4831432.700012 280.500000
463546.619995 4831432.720001 280.480011
463546.700012 4831432.850006 280.510010
463546.500000 4831433.000000 280.350006
463546.450012 4831432.950012 280.299988
463546.460022 4831433.000000 280.420013
463546.500000 4831433.119995 279.779999
463546.539978 4831433.179993 279.859985
463546.429993 4831433.040009 279.809998
463546.489990 4831433.140015 279.880005
463546.520020 4831433.179993 279.869995
463546.520020 4831433.200012 279.790009
463546.390015 4831433.040009 279.920013
463546.460022 4831433.160004 279.899994
463546.469971 4831433.170013 279.850006
463546.479980 4831433.190002 279.820007
463546.390015 4831433.130005 279.859985
463546.409973 4831433.170013 279.820007
463546.450012 4831433.220001 279.839996
463546.369995 4831433.160004 279.829987
463546.929993 4831432.769989 280.290009
463546.869995 4831432.869995 280.329987
463546.849976 4831432.910004 280.179993
463546.619995 4831432.739990 280.549988
463546.700012 4831432.869995 280.549988
463546.729980 4831432.910004 280.489990
463546.549988 4831432.649994 280.510010
463546.630005 4831432.769989 280.480011
463546.650024 4831432.809998 280.459991
463546.700012 4831432.899994 280.470001
463546.719971 4831432.940002 280.529999
463546.700012 4831432.910004 280.519989
463546.719971 4831432.910004 280.420013
463546.820007 4831432.920013 280.260010
463546.609985 4831432.720001 280.540009
463546.619995 4831432.750000 280.549988
463546.690002 4831432.850006 280.470001
463546.770020 4831432.959991 280.429993
463546.549988 4831432.739990 280.510010
463546.570007 4831432.750000 280.459991
463546.679993 4831432.940002 280.459991
463546.690002 4831432.950012 280.399994
463546.570007 4831432.920013 280.510010
463546.479980 4831433.000000 280.029999
463546.530029 4831433.200012 279.859985
463546.340027 4831433.000000 279.859985
463546.460022 4831433.179993 279.809998
463546.469971 4831433.190002 279.769989
463546.309998 4831433.160004 280.209991
463546.340027 4831433.130005 279.880005
463546.369995 4831433.160004 279.820007
463546.419983 4831433.260010 279.859985
463546.630005 4831432.769989 280.519989
463546.640015 4831432.829987 280.559998
463546.669983 4831432.829987 280.489990
463546.559998 4831432.910004 280.450012
463546.539978 4831432.959991 279.959991
463546.479980 4831433.190002 279.869995
463546.500000 4831433.209991 279.859985
463546.340027 4831433.149994 279.880005
463546.450012 4831433.209991 279.829987
463546.440002 4831433.190002 279.859985
463546.479980 4831433.149994 279.829987
463546.460022 4831433.119995 279.809998
463546.460022 4831433.130005 279.890015
463546.390015 4831433.019989 279.920013
463546.380005 4831432.989990 279.929993
463546.440002 4831433.000000 280.010010
463546.479980 4831432.920013 279.890015
463546.479980 4831432.929993 279.980011
463546.619995 4831432.869995 280.440002
463546.640015 4831432.850006 280.489990
463546.729980 4831432.929993 280.519989
463546.669983 4831432.829987 280.529999
463546.659973 4831432.829987 280.589996
463546.640015 4831432.760010 280.489990
463546.729980 4831432.890015 280.640015
463546.859985 4831432.679993 280.339996
463546.450012 4831433.309998 279.890015
463546.359985 4831433.170013 279.869995
463546.440002 4831433.209991 279.799988
463546.429993 4831433.200012 279.839996
463546.419983 4831433.190002 279.880005
463546.450012 4831433.160004 279.809998
463546.440002 4831433.160004 279.859985
463546.479980 4831433.170013 279.799988
463546.460022 4831433.140015 279.799988
463546.460022 4831433.130005 279.869995
463546.510010 4831433.160004 279.779999
463546.489990 4831433.130005 279.769989
463546.390015 4831432.980011 279.799988
463546.429993 4831433.000000 280.480011
463546.539978 4831433.160004 279.829987
463546.450012 4831433.010010 280.019989
463546.520020 4831433.100006 280.450012
463546.460022 4831432.970001 280.000000
463546.440002 4831432.910004 279.779999
463546.539978 4831432.970001 280.350006
463546.609985 4831432.880005 280.529999
463546.669983 4831432.869995 280.470001
463546.659973 4831432.850006 280.480011
463546.619995 4831432.779999 280.450012
463546.570007 4831432.720001 280.489990
463546.570007 4831432.709991 280.549988
463546.859985 4831432.700012 280.290009
463546.929993 4831432.750000 280.250000
463546.979980 4831432.760010 280.359985
463546.950012 4831432.690002 280.299988
463546.419983 4831433.230011 279.809998
463546.409973 4831433.200012 279.829987
463546.400024 4831433.170013 279.890015
463546.500000 4831433.190002 279.799988
463546.460022 4831433.140015 279.769989
463546.440002 4831433.079987 279.880005
463546.479980 4831432.970001 279.980011
463546.869995 4831432.859985 280.269989
463546.960022 4831432.790009 280.350006
463546.859985 4831432.660004 280.250000
463547.140015 4831432.739990 280.059998
463547.130005 4831432.779999 280.059998
463547.150024 4831432.809998 280.049988
463546.880005 4831432.720001 280.269989
463546.890015 4831432.730011 280.230011
463546.919983 4831432.820007 280.339996
463546.859985 4831432.880005 280.279999
463546.710022 4831432.859985 280.600006
463546.729980 4831432.880005 280.579987
463546.669983 4831432.899994 280.529999
463546.690002 4831432.920013 280.519989
463546.530029 4831432.899994 280.029999
463546.489990 4831432.850006 279.820007
463546.489990 4831432.970001 280.019989
463546.500000 4831432.980011 279.980011
463546.429993 4831432.899994 279.779999
463546.479980 4831433.049988 280.380005
463546.400024 4831432.950012 279.799988
463546.460022 4831433.040009 279.790009
463546.500000 4831433.100006 279.779999
463546.559998 4831433.179993 279.859985
463546.469971 4831433.140015 279.850006
463546.469971 4831433.149994 279.809998
463546.450012 4831433.190002 279.850006
463546.549988 4831433.320007 279.809998
463546.369995 4831433.179993 279.859985
463546.369995 4831433.190002 279.820007
463547.130005 4831432.769989 280.049988
463547.150024 4831432.809998 280.049988
463546.820007 4831432.679993 280.329987
463546.880005 4831432.779999 280.269989
463546.869995 4831432.859985 280.279999
463546.750000 4831432.859985 280.529999
463546.609985 4831432.700012 280.529999
463546.619995 4831432.709991 280.500000
463546.690002 4831432.839996 280.559998
463546.710022 4831432.880005 280.570007
463546.640015 4831432.859985 280.489990
463546.679993 4831432.940002 280.549988
463546.679993 4831432.929993 280.500000
463546.479980 4831432.929993 280.000000
463546.489990 4831432.929993 279.950012
463546.510010 4831432.980011 279.959991
463546.409973 4831432.989990 279.859985
463546.440002 4831433.049988 279.890015
463546.440002 4831433.029999 279.809998
463546.489990 4831433.140015 279.850006
463546.530029 4831433.200012 279.859985
463546.549988 4831433.230011 279.839996
463547.130005 4831432.750000 280.059998
463547.150024 4831432.760010 280.019989
463546.960022 4831432.750000 280.339996
463546.700012 4831432.859985 280.600006
463546.520020 4831432.959991 280.450012
463546.479980 4831432.970001 280.010010
463546.500000 4831432.980011 279.970001
463546.429993 4831433.010010 279.820007
463546.469971 4831433.140015 279.890015
463546.479980 4831433.160004 279.880005
463546.309998 4831432.950012 279.839996
463546.320007 4831432.970001 279.839996
463546.349976 4831433.049988 279.829987
463546.469971 4831433.290009 279.779999
463546.500000 4831433.119995 279.809998
463546.460022 4831433.019989 279.760010
463546.419983 4831432.950012 279.779999
463546.510010 4831432.869995 279.899994
463546.530029 4831432.890015 280.489990
463546.690002 4831432.829987 280.510010
463546.369995 4831433.269989 279.799988
463546.419983 4831433.279999 279.809998
463546.450012 4831433.230011 279.859985
463546.419983 4831433.190002 279.880005
463546.429993 4831433.160004 279.829987
463546.450012 4831433.140015 279.880005
463546.510010 4831433.170013 279.859985
463546.469971 4831433.109985 279.839996
463546.429993 4831433.040009 279.929993
463546.340027 4831432.910004 279.820007
463546.500000 4831433.100006 279.760010
463546.429993 4831432.980011 279.859985
463546.440002 4831433.000000 279.989990
463546.479980 4831432.920013 279.950012
463547.150024 4831432.739990 280.040009
463547.140015 4831432.730011 280.079987
463546.469971 4831433.339996 279.820007
463546.419983 4831433.200012 279.790009
463546.450012 4831433.170013 279.839996
463546.440002 4831433.140015 279.859985
463546.500000 4831433.149994 279.790009
463546.489990 4831432.940002 279.940002
463546.489990 4831432.920013 279.980011
463546.609985 4831432.899994 280.440002
463546.719971 4831432.859985 280.630005
463546.630005 4831432.709991 280.540009
463546.609985 4831432.739990 280.489990
463546.609985 4831432.769989 280.450012
463546.570007 4831432.760010 280.470001
463546.500000 4831432.989990 280.029999
463546.419983 4831432.940002 280.380005
463546.309998 4831433.170013 280.200012
463546.960022 4831432.750000 280.309998
463546.890015 4831432.720001 280.220001
463546.880005 4831432.850006 280.209991
463546.869995 4831432.859985 280.339996
463546.520020 4831433.200012 279.869995
463546.460022 4831433.260010 279.790009
463546.359985 4831432.890015 279.839996
463546.349976 4831433.000000 279.839996
463546.340027 4831433.140015 279.859985
463546.340027 4831433.170013 279.839996
463546.349976 4831433.200012 279.790009
463546.989990 4831432.760010 280.290009
463546.960022 4831432.799988 280.380005
463546.960022 4831432.649994 280.279999
463546.900024 4831432.859985 280.209991
463546.869995 4831432.869995 280.299988
463546.739990 4831432.869995 280.480011
463546.349976 4831433.130005 279.880005
463546.690002 4831432.869995 280.630005
463546.659973 4831432.859985 280.649994
463546.580017 4831432.899994 280.489990
463546.710022 4831432.660004 280.519989
463546.700012 4831432.630005 280.510010
463546.669983 4831432.640015 280.519989
463546.679993 4831432.700012 280.579987
463546.960022 4831432.690002 280.299988
463546.320007 4831433.250000 280.250000
463546.530029 4831432.730011 280.459991
463546.340027 4831432.920013 280.250000
463546.630005 4831432.859985 280.519989
463546.669983 4831432.850006 280.570007
463546.359985 4831433.040009 279.809998
463546.710022 4831432.899994 280.410004
463546.950012 4831432.760010 280.320007
463546.450012 4831433.250000 279.890015
463546.510010 4831432.750000 280.510010
463546.580017 4831432.730011 280.459991
463546.609985 4831432.809998 280.489990
463546.640015 4831432.779999 280.480011
463546.619995 4831432.839996 280.519989
463546.640015 4831432.820007 280.510010
463546.650024 4831432.859985 280.519989
463546.710022 4831432.839996 280.609985
463546.650024 4831432.869995 280.489990
463546.729980 4831432.820007 280.529999
463546.539978 4831432.959991 280.489990
463546.679993 4831432.850006 280.470001
463546.549988 4831432.950012 280.309998
463546.570007 4831432.970001 280.420013
463546.489990 4831433.010010 280.010010
463546.539978 4831432.959991 279.970001
463546.549988 4831432.959991 280.010010
463546.830017 4831432.899994 280.510010
463547.039978 4831432.670013 280.250000
463546.869995 4831432.850006 280.239990
463547.059998 4831432.739990 280.329987
463546.390015 4831433.179993 279.829987
463546.450012 4831433.220001 279.850006
463547.150024 4831432.760010 280.059998
463546.409973 4831433.350006 279.850006
463546.460022 4831433.200012 279.799988
463546.409973 4831433.220001 280.209991
463546.429993 4831433.149994 279.809998
463546.549988 4831433.040009 280.019989
463546.359985 4831433.200012 280.230011
463547.090027 4831432.640015 280.250000
463547.000000 4831432.630005 280.250000
463546.570007 4831432.880005 280.519989
463546.580017 4831432.790009 280.450012
463546.609985 4831432.709991 280.579987
463546.369995 4831433.220001 280.260010
463547.080017 4831432.660004 280.290009
463546.940002 4831432.750000 280.209991
463546.530029 4831433.010010 280.019989
463547.010010 4831432.640015 280.250000
463546.659973 4831432.820007 280.600006
463546.700012 4831432.670013 280.609985
463546.690002 4831432.679993 280.570007
463546.489990 4831433.019989 280.000000
463546.510010 4831432.790009 280.529999
463546.599976 4831432.690002 280.529999
463546.599976 4831432.760010 280.549988
463546.619995 4831432.750000 280.540009
463546.659973 4831432.730011 280.570007
463546.840027 4831432.700012 280.320007
463546.640015 4831432.829987 280.609985
463546.669983 4831432.820007 280.540009
463546.869995 4831432.739990 280.239990
463546.700012 4831432.880005 280.649994
463546.960022 4831432.779999 280.250000
463547.099976 4831432.700012 280.290009
463546.460022 4831433.109985 279.820007
463546.729980 4831432.890015 280.579987
463546.950012 4831432.799988 280.290009
463547.059998 4831432.739990 280.309998
463546.890015 4831432.850006 280.350006
463546.900024 4831432.869995 280.220001
463546.900024 4831432.859985 280.359985
463546.820007 4831432.910004 280.459991
463546.869995 4831432.899994 280.320007
463546.849976 4831432.899994 280.589996
463546.469971 4831433.190002 279.869995
463546.500000 4831433.200012 279.899994
463546.429993 4831433.279999 279.769989
463546.520020 4831433.220001 279.899994
463546.520020 4831432.649994 280.489990
463546.580017 4831432.750000 280.540009
463546.640015 4831432.720001 280.570007
463546.659973 4831432.760010 280.540009
463546.320007 4831432.959991 279.910004
463546.340027 4831432.950012 279.910004
463546.440002 4831432.890015 279.910004
463546.489990 4831432.869995 279.959991
463546.450012 4831432.989990 280.309998
463546.460022 4831432.989990 280.390015
463546.700012 4831432.880005 280.630005
463546.739990 4831432.899994 280.410004
463546.750000 4831432.899994 280.519989
463547.099976 4831432.679993 280.299988
463546.479980 4831433.109985 279.839996
463546.460022 4831433.179993 279.829987
463546.479980 4831433.179993 279.880005
463546.380005 4831433.279999 279.760010
463546.419983 4831433.269989 279.820007
463546.469971 4831433.250000 279.869995
463546.500000 4831433.220001 279.769989
463546.520020 4831433.209991 279.799988
463546.539978 4831433.200012 279.890015
463546.590027 4831432.750000 280.549988
463546.650024 4831432.769989 280.489990
463546.619995 4831432.820007 280.510010
463546.650024 4831432.799988 280.489990
463546.659973 4831432.809998 280.450012
463546.690002 4831432.850006 280.559998
463546.659973 4831432.890015 280.489990
463546.849976 4831432.720001 280.299988
463546.880005 4831432.700012 280.279999
463546.940002 4831432.660004 280.279999
463546.960022 4831432.649994 280.279999
463546.700012 4831432.950012 280.540009
463546.739990 4831432.899994 280.470001
463546.780029 4831432.899994 280.570007
463546.359985 4831432.989990 279.850006
463546.700012 4831432.989990 280.519989
463546.859985 4831432.809998 280.260010
463546.909973 4831432.790009 280.269989
463546.510010 4831433.010010 279.989990
463547.150024 4831432.790009 280.059998
463546.450012 4831433.220001 279.880005
463546.479980 4831433.190002 279.829987
463546.500000 4831433.190002 279.880005
463546.530029 4831433.170013 279.859985
463546.429993 4831433.260010 279.779999
463546.450012 4831433.239990 279.769989
463546.479980 4831433.239990 279.799988
463546.530029 4831433.200012 279.760010
463546.549988 4831433.220001 279.880005
463546.570007 4831433.200012 279.869995
463546.510010 4831433.170013 279.880005
463546.479980 4831433.190002 279.890015
463546.419983 4831433.220001 279.799988
463546.500000 4831433.149994 279.829987
463546.479980 4831433.160004 279.890015
463546.460022 4831433.179993 279.880005
463546.450012 4831433.119995 279.760010
463547.150024 4831432.739990 280.040009
463546.909973 4831432.769989 280.260010
463546.659973 4831432.859985 280.440002
463546.640015 4831432.880005 280.450012
463546.479980 4831433.200012 279.809998
463546.460022 4831433.049988 279.880005
463546.309998 4831433.100006 279.850006
463546.460022 4831432.980011 279.829987
463546.570007 4831432.690002 280.510010
463546.520020 4831433.200012 279.760010
463546.530029 4831432.950012 279.970001
463546.469971 4831433.089996 279.809998
463547.150024 4831432.739990 280.089996
463546.489990 4831433.149994 279.829987
463546.489990 4831433.220001 279.880005
463546.669983 4831432.829987 280.570007
463546.669983 4831432.820007 280.529999
463546.979980 4831432.760010 280.369995
463546.909973 4831432.829987 280.339996
463546.940002 4831432.790009 280.260010
463546.500000 4831432.989990 280.029999
463546.510010 4831432.980011 279.980011
463546.549988 4831432.950012 279.959991
463546.909973 4831432.880005 280.320007
463546.419983 4831433.029999 279.799988
463546.479980 4831433.079987 279.869995
463546.429993 4831433.160004 279.880005
463546.520020 4831433.119995 279.869995
463546.510010 4831433.100006 279.779999
463546.469971 4831433.179993 279.820007
463546.520020 4831433.170013 279.880005
463546.520020 4831433.149994 279.820007
463547.179993 4831432.670013 280.320007
463547.219971 4831432.640015 280.109985
463547.250000 4831432.769989 280.049988
463547.210022 4831432.739990 280.059998
463547.190002 4831432.720001 280.029999
463547.190002 4831432.690002 280.040009
463547.179993 4831432.750000 279.980011
463547.169983 4831432.739990 280.010010
463547.190002 4831432.679993 280.010010
463547.190002 4831432.709991 279.980011
463547.179993 4831432.690002 279.989990
463547.210022 4831432.640015 279.920013
463547.200012 4831432.679993 280.049988
463547.210022 4831432.700012 280.019989
463547.169983 4831432.750000 280.100006
463547.169983 4831432.750000 280.049988
463547.190002 4831432.779999 280.049988
463547.219971 4831432.660004 280.010010
463547.169983 4831432.709991 280.049988
463547.179993 4831432.709991 280.019989
463547.159973 4831432.779999 280.000000
463547.169983 4831432.709991 280.040009
463547.179993 4831432.790009 280.000000
463547.169983 4831432.769989 280.019989
463547.169983 4831432.679993 280.070007
463547.179993 4831432.739990 280.019989
463547.179993 4831432.720001 280.100006
463547.169983 4831432.730011 280.070007
463547.190002 4831432.730011 280.029999
463547.200012 4831432.720001 280.070007
463547.229980 4831432.690002 280.040009
463547.210022 4831432.679993 280.049988
463547.200012 4831432.660004 280.100006
463547.179993 4831432.700012 280.079987
463547.200012 4831432.690002 280.070007
463547.229980 4831432.670013 280.070007
463547.190002 4831432.739990 280.089996
463547.159973 4831432.799988 280.079987
463547.190002 4831432.709991 280.109985
463547.210022 4831432.670013 280.040009
463547.229980 4831432.660004 280.029999
463547.169983 4831432.769989 280.040009
463547.190002 4831432.760010 280.040009
463547.190002 4831432.660004 280.070007
463547.219971 4831432.640015 280.070007
463547.179993 4831432.730011 280.089996
463547.190002 4831432.720001 280.059998
463547.210022 4831432.700012 280.049988
463547.549988 4831433.519989 280.290009
463547.549988 4831433.519989 280.239990
463547.549988 4831433.589996 280.500000
463547.530029 4831433.640015 280.549988
463547.549988 4831433.630005 280.480011
463547.539978 4831433.600006 280.489990
463547.530029 4831433.600006 280.549988
463547.549988 4831433.619995 280.549988
463547.549988 4831433.640015 280.570007
