463546.659973 4831430.220001 278.339996
463546.659973 4831430.220001 278.390015
463546.669983 4831430.239990 278.429993
463546.669983 4831430.230011 278.489990
463546.669983 4831430.230011 278.529999
463546.669983 4831430.239990 278.579987
463546.669983 4831430.220001 278.640015
463546.640015 4831430.309998 278.339996
463546.619995 4831430.279999 278.429993
463546.609985 4831430.250000 278.519989
463546.700012 4831430.220001 278.320007
463546.690002 4831430.209991 278.380005
463546.669983 4831430.200012 278.450012
463546.669983 4831430.209991 278.500000
463546.650024 4831430.200012 278.579987
463546.609985 4831430.170013 278.679993
463546.619995 4831430.200012 278.709991
463546.659973 4831430.209991 278.320007
463546.650024 4831430.209991 278.390015
463546.630005 4831430.209991 278.459991
463546.619995 4831430.200012 278.519989
463546.630005 4831430.220001 278.390015
463546.619995 4831430.220001 278.459991
463546.609985 4831430.250000 278.380005
463546.659973 4831430.179993 278.730011
463546.690002 4831430.220001 278.470001
463546.650024 4831430.190002 278.320007
463546.640015 4831430.200012 278.369995
463546.619995 4831430.200012 278.440002
463546.619995 4831430.209991 278.350006
463546.650024 4831430.410004 278.399994
463546.630005 4831430.209991 278.510010
463546.630005 4831430.200012 278.459991
463546.659973 4831430.170013 278.459991
463546.659973 4831430.170013 278.420013
463546.679993 4831430.170013 278.339996
463546.690002 4831430.149994 278.470001
463546.710022 4831430.160004 278.359985
463546.710022 4831430.149994 278.329987
463546.710022 4831430.160004 278.709991
463546.719971 4831430.130005 278.510010
463546.619995 4831430.239990 278.660004
463546.619995 4831430.170013 278.859985
463546.619995 4831430.160004 278.829987
463546.619995 4831430.170013 278.760010
463546.619995 4831430.179993 278.679993
463546.659973 4831430.239990 278.529999
463546.679993 4831430.190002 278.809998
463546.669983 4831430.170013 278.799988
463546.659973 4831430.160004 278.750000
463546.659973 4831430.160004 278.690002
463546.659973 4831430.170013 278.600006
463546.659973 4831430.170013 278.549988
463546.669983 4831430.190002 278.459991
463546.679993 4831430.209991 278.369995
463546.719971 4831430.190002 278.700012
463546.700012 4831430.170013 278.679993
463546.700012 4831430.170013 278.619995
463546.700012 4831430.170013 278.559998
463546.700012 4831430.170013 278.500000
463546.700012 4831430.179993 278.420013
463546.700012 4831430.179993 278.350006
463546.739990 4831430.170013 278.700012
463546.750000 4831430.200012 278.489990
463546.739990 4831430.179993 278.459991
463546.739990 4831430.179993 278.390015
463546.739990 4831430.179993 278.339996
463546.780029 4831430.170013 278.329987
463546.619995 4831430.200012 279.179993
463546.650024 4831430.179993 278.929993
463546.640015 4831430.170013 278.890015
463546.630005 4831430.160004 278.850006
463546.619995 4831430.160004 278.799988
463546.619995 4831430.200012 278.690002
463546.679993 4831430.170013 278.820007
463546.669983 4831430.170013 278.769989
463546.659973 4831430.170013 278.720001
463546.650024 4831430.170013 278.670013
463546.640015 4831430.190002 278.589996
463546.630005 4831430.200012 278.519989
463546.710022 4831430.190002 278.679993
463546.690002 4831430.170013 278.649994
463546.679993 4831430.170013 278.609985
463546.669983 4831430.179993 278.559998
463546.669983 4831430.190002 278.489990
463546.659973 4831430.190002 278.440002
463546.739990 4831430.220001 278.489990
463546.719971 4831430.160004 278.519989
463546.710022 4831430.160004 278.470001
463546.760010 4831430.209991 278.329987
463546.609985 4831430.239990 278.500000
463546.650024 4831430.250000 278.549988
463546.609985 4831430.230011 278.690002
463546.640015 4831430.299988 278.429993
463546.609985 4831430.239990 278.679993
463546.669983 4831430.220001 278.519989
463546.630005 4831430.269989 278.649994
463546.659973 4831430.250000 278.529999
463546.640015 4831430.230011 278.540009
463546.619995 4831430.209991 278.500000
463546.690002 4831430.290009 278.329987
463546.679993 4831430.250000 278.380005
463546.669983 4831430.230011 278.369995
463546.630005 4831430.309998 278.500000
463546.619995 4831430.320007 278.420013
463546.609985 4831430.320007 278.480011
463546.630005 4831430.290009 278.429993
463546.609985 4831430.309998 278.600006
463546.640015 4831430.329987 278.359985
463546.630005 4831430.309998 278.399994
463546.619995 4831430.299988 278.440002
463546.609985 4831430.309998 278.579987
463546.619995 4831430.269989 278.459991
463546.619995 4831430.250000 278.510010
463546.609985 4831430.230011 278.519989
463546.650024 4831430.250000 278.510010
463546.659973 4831430.269989 278.489990
463546.619995 4831430.290009 278.649994
463546.619995 4831430.290009 278.600006
463546.630005 4831430.299988 278.559998
463546.630005 4831430.309998 278.529999
463546.640015 4831430.320007 278.489990
463546.640015 4831430.329987 278.450012
463546.640015 4831430.329987 278.390015
463546.609985 4831430.269989 278.589996
463546.640015 4831430.309998 278.549988
463546.640015 4831430.290009 278.459991
463546.650024 4831430.309998 278.429993
463546.659973 4831430.299988 278.369995
463546.659973 4831430.299988 278.309998
463546.619995 4831430.339996 278.450012
463546.630005 4831430.329987 278.410004
463546.640015 4831430.329987 278.359985
463546.659973 4831430.329987 278.309998
463546.630005 4831430.309998 278.329987
463546.619995 4831430.309998 278.390015
463546.609985 4831430.299988 278.420013
463546.609985 4831430.299988 278.470001
463546.640015 4831430.269989 278.510010
463546.619995 4831430.339996 278.350006
463546.609985 4831430.329987 278.399994
463546.609985 4831430.320007 278.450012
463546.609985 4831430.309998 278.489990
463546.650024 4831430.309998 278.359985
463546.640015 4831430.290009 278.410004
463546.640015 4831430.279999 278.440002
463546.640015 4831430.269989 278.500000
463546.619995 4831430.250000 278.529999
463546.630005 4831430.359985 278.359985
463546.619995 4831430.329987 278.390015
463546.619995 4831430.309998 278.500000
463546.619995 4831430.299988 278.529999
463546.609985 4831430.279999 278.559998
463546.619995 4831430.269989 278.649994
463546.659973 4831430.299988 278.369995
463546.650024 4831430.279999 278.390015
463546.640015 4831430.269989 278.429993
463546.650024 4831430.260010 278.480011
463546.609985 4831430.339996 278.410004
463546.609985 4831430.260010 278.709991
463546.640015 4831430.250000 278.720001
463546.609985 4831430.290009 278.679993
463546.609985 4831430.309998 278.619995
463546.630005 4831430.279999 278.549988
463546.630005 4831430.299988 278.559998
463546.650024 4831430.269989 278.489990
463546.630005 4831430.329987 278.510010
463546.650024 4831430.309998 278.489990
463546.669983 4831430.299988 278.489990
463546.609985 4831430.359985 278.440002
463546.640015 4831430.350006 278.450012
463546.659973 4831430.320007 278.410004
463546.650024 4831430.350006 278.329987
463546.650024 4831430.290009 278.359985
463546.619995 4831430.290009 278.420013
463546.630005 4831430.250000 278.600006
463546.630005 4831430.250000 278.540009
463546.640015 4831430.250000 278.500000
463546.650024 4831430.250000 278.440002
463546.659973 4831430.250000 278.390015
463546.659973 4831430.309998 278.399994
463546.679993 4831430.309998 278.359985
463546.609985 4831430.250000 278.619995
463546.640015 4831430.239990 278.630005
463546.630005 4831430.309998 278.589996
