2.824500120000000152e+02 4.831429290009000339e+06 4.635466400150000118e+05
2.821000060000000076e+02 4.831429359985000454e+06 4.635462899779999861e+05
2.822999879999999848e+02 4.831429200012000278e+06 4.635467199709999841e+05
2.822999879999999848e+02 4.831429190001999959e+06 4.635467299800000037e+05
2.821400150000000053e+02 4.831429299987999722e+06 4.635463900150000118e+05
2.820700069999999755e+02 4.831429260010000318e+06 4.635466099849999882e+05
2.821000060000000076e+02 4.831428579986999743e+06 4.635471099849999882e+05
2.827799989999999752e+02 4.831429359985000454e+06 4.635463099979999824e+05
2.820299989999999752e+02 4.831429290009000339e+06 4.635466300049999845e+05
2.820799870000000169e+02 4.831429589995999821e+06 4.635464199830000289e+05
2.821600040000000149e+02 4.831429739989999682e+06 4.635463300169999711e+05
2.823200069999999755e+02 4.831429730011000298e+06 4.635463300169999711e+05
2.826700129999999831e+02 4.831429720000999980e+06 4.635466099849999882e+05
2.823599849999999947e+02 4.831429609985000454e+06 4.635463599849999882e+05
2.822699890000000096e+02 4.831429640014999546e+06 4.635463599849999882e+05
2.823200069999999755e+02 4.831429779999000020e+06 4.635462100220000139e+05
2.823699950000000172e+02 4.831429760010000318e+06 4.635462199709999841e+05
2.820499879999999848e+02 4.831429559998000041e+06 4.635464299929999979e+05
2.822099910000000023e+02 4.831429880005000159e+06 4.635465499880000134e+05
2.822300109999999904e+02 4.831429630005000159e+06 4.635462600100000273e+05
2.821000060000000076e+02 4.831429579986999743e+06 4.635464400020000176e+05
2.821300049999999828e+02 4.831429549987999722e+06 4.635464600220000139e+05
2.821900019999999927e+02 4.831429570007000118e+06 4.635464299929999979e+05
2.822000120000000152e+02 4.831429589995999821e+06 4.635464199830000289e+05
2.822200010000000248e+02 4.831429720000999980e+06 4.635462600100000273e+05
2.821600040000000149e+02 4.831429730011000298e+06 4.635462600100000273e+05
2.822399899999999775e+02 4.831429600006000139e+06 4.635464000239999732e+05
2.822099910000000023e+02 4.831429570007000118e+06 4.635462399899999727e+05
2.821300049999999828e+02 4.831429589995999821e+06 4.635462100220000139e+05
2.821700129999999831e+02 4.831429790009000339e+06 4.635462399899999727e+05
2.821799930000000245e+02 4.831429779999000020e+06 4.635462299800000037e+05
2.821400150000000053e+02 4.831429769988999702e+06 4.635462299800000037e+05
2.822200010000000248e+02 4.831429690001999959e+06 4.635462399899999727e+05
2.822600100000000225e+02 4.831429679992999882e+06 4.635462299800000037e+05
2.822900089999999977e+02 4.831429670013000257e+06 4.635462199709999841e+05
2.823299870000000169e+02 4.831429660004000179e+06 4.635462100220000139e+05
2.822000120000000152e+02 4.831429730011000298e+06 4.635462399899999727e+05
2.822200010000000248e+02 4.831429709990999661e+06 4.635462299800000037e+05
2.822900089999999977e+02 4.831429709990999661e+06 4.635462299800000037e+05
2.823599849999999947e+02 4.831429679992999882e+06 4.635462100220000139e+05
2.823999939999999924e+02 4.831429670013000257e+06 4.635462100220000139e+05
2.823800049999999828e+02 4.831429670013000257e+06 4.635463300169999711e+05
2.823500060000000076e+02 4.831429679992999882e+06 4.635463300169999711e+05
2.822399899999999775e+02 4.831429640014999546e+06 4.635463099979999824e+05
2.823099980000000073e+02 4.831429679992999882e+06 4.635462999880000134e+05
2.822399899999999775e+02 4.831429760010000318e+06 4.635463499760000268e+05
2.821799930000000245e+02 4.831429750000000000e+06 4.635463499760000268e+05
2.823500060000000076e+02 4.831429690001999959e+06 4.635463099979999824e+05
2.821199950000000172e+02 4.831429559998000041e+06 4.635462700199999963e+05
2.823200069999999755e+02 4.831429690001999959e+06 4.635463099979999824e+05
2.823900150000000053e+02 4.831429679992999882e+06 4.635462700199999963e+05
2.823599849999999947e+02 4.831429690001999959e+06 4.635462800290000159e+05
2.823200069999999755e+02 4.831429700012000278e+06 4.635462899779999861e+05
2.824200129999999831e+02 4.831429720000999980e+06 4.635462600100000273e+05
2.823099980000000073e+02 4.831429720000999980e+06 4.635462700199999963e+05
2.822500000000000000e+02 4.831429709990999661e+06 4.635462800290000159e+05
2.822300109999999904e+02 4.831429730011000298e+06 4.635462899779999861e+05
2.821400150000000053e+02 4.831429880005000159e+06 4.635462899779999861e+05
2.824400019999999927e+02 4.831429709990999661e+06 4.635462800290000159e+05
2.821799930000000245e+02 4.831429750000000000e+06 4.635462700199999963e+05
2.821600040000000149e+02 4.831429649993999861e+06 4.635462299800000037e+05
2.820899959999999851e+02 4.831429489989999682e+06 4.635464600220000139e+05
2.821400150000000053e+02 4.831429529999000020e+06 4.635465200199999963e+05
2.821300049999999828e+02 4.831429529999000020e+06 4.635464600220000139e+05
2.821799930000000245e+02 4.831429609985000454e+06 4.635463800049999845e+05
2.821300049999999828e+02 4.831429559998000041e+06 4.635464400020000176e+05
2.821099849999999947e+02 4.831429609985000454e+06 4.635464000239999732e+05
2.821499939999999924e+02 4.831429600006000139e+06 4.635464199830000289e+05
2.823099980000000073e+02 4.831429630005000159e+06 4.635463300169999711e+05
2.823900150000000053e+02 4.831429649993999861e+06 4.635462700199999963e+05
2.823800049999999828e+02 4.831429630005000159e+06 4.635462899779999861e+05
2.822200010000000248e+02 4.831429589995999821e+06 4.635464299929999979e+05
2.822099910000000023e+02 4.831429570007000118e+06 4.635464500119999866e+05
2.822300109999999904e+02 4.831429559998000041e+06 4.635464699709999841e+05
2.824100040000000149e+02 4.831429709990999661e+06 4.635462600100000273e+05
2.822900089999999977e+02 4.831429750000000000e+06 4.635462399899999727e+05
2.821499939999999924e+02 4.831429559998000041e+06 4.635463900150000118e+05
2.823099980000000073e+02 4.831429630005000159e+06 4.635462299800000037e+05
2.821300049999999828e+02 4.831429559998000041e+06 4.635464400020000176e+05
2.823900150000000053e+02 4.831429500000000000e+06 4.635462999880000134e+05
2.820700069999999755e+02 4.831429290009000339e+06 4.635479500119999866e+05
2.820700069999999755e+02 4.831429220000999980e+06 4.635479500119999866e+05
2.820700069999999755e+02 4.831429239989999682e+06 4.635479400020000176e+05
2.824299930000000245e+02 4.831429410004000179e+06 4.635478400269999984e+05
2.820299989999999752e+02 4.831429279999000020e+06 4.635479500119999866e+05
2.820100100000000225e+02 4.831429390014999546e+06 4.635480000000000000e+05
2.820299989999999752e+02 4.831429250000000000e+06 4.635478699950000155e+05
2.820400089999999977e+02 4.831429209990999661e+06 4.635478200070000021e+05
2.820199890000000096e+02 4.831429170013000257e+06 4.635478499760000268e+05
2.820799870000000169e+02 4.831429279999000020e+06 4.635479000239999732e+05
2.820700069999999755e+02 4.831429250000000000e+06 4.635479099730000016e+05
2.820700069999999755e+02 4.831429269988999702e+06 4.635479899899999727e+05
2.821000060000000076e+02 4.831429339995999821e+06 4.635479600220000139e+05
2.820100100000000225e+02 4.831429350006000139e+06 4.635479799800000037e+05
2.820199890000000096e+02 4.831429390014999546e+06 4.635479600220000139e+05
2.820100100000000225e+02 4.831429309998000041e+06 4.635478800049999845e+05
2.820199890000000096e+02 4.831429420013000257e+06 4.635479600220000139e+05
2.820400089999999977e+02 4.831429399993999861e+06 4.635479600220000139e+05
2.820599980000000073e+02 4.831429339995999821e+06 4.635479799800000037e+05
2.820100100000000225e+02 4.831429320007000118e+06 4.635479199830000289e+05
2.820499879999999848e+02 4.831429380005000159e+06 4.635479099730000016e+05
2.831099849999999947e+02 4.831428549987999722e+06 4.635478800049999845e+05
2.823299870000000169e+02 4.831428790009000339e+06 4.635478800049999845e+05
2.823999939999999924e+02 4.831428850006000139e+06 4.635477700199999963e+05
2.820799870000000169e+02 4.831429230011000298e+06 4.635479099730000016e+05
2.820799870000000169e+02 4.831429239989999682e+06 4.635478900150000118e+05
2.821000060000000076e+02 4.831429190001999959e+06 4.635479299929999979e+05
2.820199890000000096e+02 4.831429320007000118e+06 4.635478900150000118e+05
2.820199890000000096e+02 4.831429329986999743e+06 4.635479199830000289e+05
2.820299989999999752e+02 4.831429230011000298e+06 4.635479400020000176e+05
2.820599980000000073e+02 4.831429250000000000e+06 4.635479400020000176e+05
2.820599980000000073e+02 4.831429299987999722e+06 4.635479799800000037e+05
2.820400089999999977e+02 4.831429179992999882e+06 4.635479699709999841e+05
2.820400089999999977e+02 4.831429290009000339e+06 4.635480000000000000e+05
2.820599980000000073e+02 4.831429619994999841e+06 4.635479799800000037e+05
2.820700069999999755e+02 4.831429579986999743e+06 4.635479799800000037e+05
2.820899959999999851e+02 4.831429609985000454e+06 4.635479899899999727e+05
2.820400089999999977e+02 4.831429450012000278e+06 4.635479000239999732e+05
2.820700069999999755e+02 4.831429880005000159e+06 4.635477800290000159e+05
2.820799870000000169e+02 4.831429600006000139e+06 4.635479500119999866e+05
2.820100100000000225e+02 4.831429679992999882e+06 4.635479500119999866e+05
2.820100100000000225e+02 4.831429640014999546e+06 4.635479799800000037e+05
2.820499879999999848e+02 4.831429579986999743e+06 4.635479600220000139e+05
2.826700129999999831e+02 4.831429519988999702e+06 4.635478900150000118e+05
2.820700069999999755e+02 4.831429640014999546e+06 4.635479699709999841e+05
2.821400150000000053e+02 4.831429660004000179e+06 4.635480000000000000e+05
2.820400089999999977e+02 4.831429690001999959e+06 4.635479299929999979e+05
2.823200069999999755e+02 4.831428239989999682e+06 4.635465100100000273e+05
2.823599849999999947e+02 4.831428250000000000e+06 4.635465100100000273e+05
2.823999939999999924e+02 4.831428269988999702e+06 4.635465200199999963e+05
2.824700010000000248e+02 4.831428260010000318e+06 4.635465200199999963e+05
2.822900089999999977e+02 4.831428390014999546e+06 4.635464400020000176e+05
2.822000120000000152e+02 4.831428239989999682e+06 4.635465100100000273e+05
2.823800049999999828e+02 4.831428230011000298e+06 4.635464799800000037e+05
2.824299930000000245e+02 4.831428230011000298e+06 4.635464699709999841e+05
2.824899899999999775e+02 4.831428230011000298e+06 4.635464600220000139e+05
2.821499939999999924e+02 4.831428380005000159e+06 4.635465300290000159e+05
2.826900019999999927e+02 4.831428309998000041e+06 4.635463300169999711e+05
2.823299870000000169e+02 4.831428359985000454e+06 4.635463800049999845e+05
2.822699890000000096e+02 4.831428339995999821e+06 4.635464099730000016e+05
2.823500060000000076e+02 4.831428350006000139e+06 4.635463699950000155e+05
2.826900019999999927e+02 4.831428399993999861e+06 4.635463400269999984e+05
2.822099910000000023e+02 4.831428269988999702e+06 4.635467800290000159e+05
2.825000000000000000e+02 4.831428230011000298e+06 4.635464299929999979e+05
2.821799930000000245e+02 4.831428269988999702e+06 4.635464799800000037e+05
2.822399899999999775e+02 4.831428309998000041e+06 4.635464299929999979e+05
2.826900019999999927e+02 4.831428399993999861e+06 4.635463499760000268e+05
2.820799870000000169e+02 4.831428269988999702e+06 4.635466199950000155e+05
2.823599849999999947e+02 4.831428290009000339e+06 4.635464199830000289e+05
2.827900089999999977e+02 4.831428369994999841e+06 4.635464899899999727e+05
2.821700129999999831e+02 4.831428269988999702e+06 4.635465599979999824e+05
2.823800049999999828e+02 4.831428410004000179e+06 4.635464600220000139e+05
2.823099980000000073e+02 4.831428290009000339e+06 4.635465399779999861e+05
2.825299989999999752e+02 4.831428239989999682e+06 4.635465499880000134e+05
2.822300109999999904e+02 4.831428269988999702e+06 4.635465499880000134e+05
2.822200010000000248e+02 4.831428239989999682e+06 4.635465599979999824e+05
2.821799930000000245e+02 4.831428239989999682e+06 4.635465800169999711e+05
2.823099980000000073e+02 4.831428260010000318e+06 4.635466599730000016e+05
2.823099980000000073e+02 4.831428380005000159e+06 4.635464600220000139e+05
2.822799989999999752e+02 4.831428359985000454e+06 4.635464899899999727e+05
2.822200010000000248e+02 4.831428299987999722e+06 4.635465000000000000e+05
2.821900019999999927e+02 4.831428260010000318e+06 4.635465399779999861e+05
2.821700129999999831e+02 4.831428239989999682e+06 4.635465700070000021e+05
2.821799930000000245e+02 4.831428239989999682e+06 4.635464799800000037e+05
2.822000120000000152e+02 4.831428260010000318e+06 4.635464899899999727e+05
2.823599849999999947e+02 4.831428230011000298e+06 4.635464799800000037e+05
2.823900150000000053e+02 4.831428239989999682e+06 4.635464899899999727e+05
2.822300109999999904e+02 4.831428299987999722e+06 4.635464500119999866e+05
2.824899899999999775e+02 4.831428279999000020e+06 4.635464500119999866e+05
2.823200069999999755e+02 4.831428369994999841e+06 4.635464000239999732e+05
2.824200129999999831e+02 4.831428339995999821e+06 4.635463900150000118e+05
2.823599849999999947e+02 4.831428350006000139e+06 4.635464099730000016e+05
2.823999939999999924e+02 4.831428299987999722e+06 4.635464000239999732e+05
2.824299930000000245e+02 4.831428269988999702e+06 4.635464000239999732e+05
2.823299870000000169e+02 4.831428309998000041e+06 4.635464199830000289e+05
2.822200010000000248e+02 4.831428309998000041e+06 4.635464400020000176e+05
2.822699890000000096e+02 4.831428309998000041e+06 4.635464299929999979e+05
2.823399959999999851e+02 4.831428320007000118e+06 4.635464099730000016e+05
2.822999879999999848e+02 4.831428380005000159e+06 4.635464000239999732e+05
2.823399959999999851e+02 4.831428390014999546e+06 4.635463800049999845e+05
2.822999879999999848e+02 4.831428239989999682e+06 4.635466199950000155e+05
2.824200129999999831e+02 4.831428239989999682e+06 4.635464400020000176e+05
2.824400019999999927e+02 4.831428250000000000e+06 4.635464500119999866e+05
2.822099910000000023e+02 4.831428269988999702e+06 4.635464299929999979e+05
2.822300109999999904e+02 4.831428290009000339e+06 4.635464400020000176e+05
2.822500000000000000e+02 4.831428339995999821e+06 4.635463900150000118e+05
2.823299870000000169e+02 4.831428339995999821e+06 4.635463900150000118e+05
2.822999879999999848e+02 4.831428380005000159e+06 4.635463599849999882e+05
2.824200129999999831e+02 4.831428410004000179e+06 4.635462899779999861e+05
2.824800109999999904e+02 4.831428230011000298e+06 4.635464400020000176e+05
2.822999879999999848e+02 4.831428339995999821e+06 4.635463800049999845e+05
2.822699890000000096e+02 4.831428359985000454e+06 4.635463900150000118e+05
2.826900019999999927e+02 4.831428359985000454e+06 4.635464000239999732e+05
2.822600100000000225e+02 4.831428290009000339e+06 4.635464299929999979e+05
2.824299930000000245e+02 4.831428239989999682e+06 4.635464400020000176e+05
2.822099910000000023e+02 4.831428250000000000e+06 4.635467500000000000e+05
2.826600040000000149e+02 4.831428410004000179e+06 4.635463800049999845e+05
2.822900089999999977e+02 4.831428380005000159e+06 4.635463499760000268e+05
2.823599849999999947e+02 4.831428339995999821e+06 4.635463900150000118e+05
2.823399959999999851e+02 4.831428279999000020e+06 4.635464099730000016e+05
2.822999879999999848e+02 4.831428250000000000e+06 4.635464500119999866e+05
2.823500060000000076e+02 4.831428399993999861e+06 4.635463800049999845e+05
2.823200069999999755e+02 4.831428390014999546e+06 4.635463599849999882e+05
2.822799989999999752e+02 4.831428390014999546e+06 4.635464099730000016e+05
2.823900150000000053e+02 4.831428350006000139e+06 4.635464099730000016e+05
2.822900089999999977e+02 4.831428329986999743e+06 4.635464400020000176e+05
2.822999879999999848e+02 4.831428260010000318e+06 4.635466300049999845e+05
2.823299870000000169e+02 4.831428230011000298e+06 4.635465399779999861e+05
2.822900089999999977e+02 4.831428230011000298e+06 4.635464699709999841e+05
2.822099910000000023e+02 4.831428279999000020e+06 4.635464299929999979e+05
2.824400019999999927e+02 4.831428239989999682e+06 4.635464000239999732e+05
2.824299930000000245e+02 4.831428279999000020e+06 4.635464299929999979e+05
2.822099910000000023e+02 4.831428299987999722e+06 4.635464199830000289e+05
2.823500060000000076e+02 4.831428239989999682e+06 4.635464400020000176e+05
2.823200069999999755e+02 4.831428239989999682e+06 4.635464600220000139e+05
2.821799930000000245e+02 4.831428269988999702e+06 4.635464699709999841e+05
2.822799989999999752e+02 4.831428230011000298e+06 4.635464699709999841e+05
2.821700129999999831e+02 4.831428239989999682e+06 4.635464600220000139e+05
2.823099980000000073e+02 4.831428230011000298e+06 4.635464600220000139e+05
2.821900019999999927e+02 4.831428239989999682e+06 4.635464600220000139e+05
2.822699890000000096e+02 4.831428230011000298e+06 4.635464699709999841e+05
2.823399959999999851e+02 4.831428250000000000e+06 4.635464500119999866e+05
2.821900019999999927e+02 4.831428260010000318e+06 4.635464500119999866e+05
2.824299930000000245e+02 4.831428239989999682e+06 4.635463900150000118e+05
2.824400019999999927e+02 4.831428290009000339e+06 4.635464199830000289e+05
2.822699890000000096e+02 4.831428290009000339e+06 4.635464099730000016e+05
2.822500000000000000e+02 4.831428369994999841e+06 4.635463900150000118e+05
2.822999879999999848e+02 4.831428380005000159e+06 4.635463599849999882e+05
2.822699890000000096e+02 4.831428399993999861e+06 4.635463699950000155e+05
2.822699890000000096e+02 4.831428250000000000e+06 4.635466400150000118e+05
2.824400019999999927e+02 4.831428239989999682e+06 4.635464199830000289e+05
2.824200129999999831e+02 4.831428260010000318e+06 4.635464299929999979e+05
2.821700129999999831e+02 4.831428239989999682e+06 4.635464600220000139e+05
2.822099910000000023e+02 4.831428299987999722e+06 4.635467100220000139e+05
2.824700010000000248e+02 4.831428250000000000e+06 4.635464500119999866e+05
2.826900019999999927e+02 4.831428399993999861e+06 4.635463499760000268e+05
2.822000120000000152e+02 4.831428269988999702e+06 4.635464500119999866e+05
2.822900089999999977e+02 4.831428410004000179e+06 4.635463499760000268e+05
2.822300109999999904e+02 4.831428279999000020e+06 4.635464299929999979e+05
2.823900150000000053e+02 4.831428279999000020e+06 4.635464299929999979e+05
2.823200069999999755e+02 4.831428250000000000e+06 4.635464500119999866e+05
2.827300109999999904e+02 4.831428410004000179e+06 4.635463699950000155e+05
2.821700129999999831e+02 4.831428250000000000e+06 4.635464699709999841e+05
2.824100040000000149e+02 4.831428279999000020e+06 4.635464199830000289e+05
2.822000120000000152e+02 4.831428230011000298e+06 4.635464600220000139e+05
2.822799989999999752e+02 4.831428230011000298e+06 4.635464600220000139e+05
2.822799989999999752e+02 4.831428260010000318e+06 4.635465999760000268e+05
2.822500000000000000e+02 4.831428279999000020e+06 4.635466199950000155e+05
2.822200010000000248e+02 4.831428299987999722e+06 4.635466400150000118e+05
2.821400150000000053e+02 4.831428320007000118e+06 4.635466799929999979e+05
2.822600100000000225e+02 4.831428260010000318e+06 4.635465900269999984e+05
2.822399899999999775e+02 4.831428269988999702e+06 4.635466099849999882e+05
2.823699950000000172e+02 4.831428269988999702e+06 4.635464000239999732e+05
2.821799930000000245e+02 4.831428250000000000e+06 4.635464600220000139e+05
2.822900089999999977e+02 4.831428320007000118e+06 4.635464099730000016e+05
2.822600100000000225e+02 4.831428339995999821e+06 4.635463900150000118e+05
2.827399899999999775e+02 4.831428410004000179e+06 4.635463499760000268e+05
2.822399899999999775e+02 4.831428309998000041e+06 4.635464099730000016e+05
2.822399899999999775e+02 4.831428279999000020e+06 4.635463900150000118e+05
2.826799930000000245e+02 4.831428339995999821e+06 4.635463599849999882e+05
2.821900019999999927e+02 4.831428279999000020e+06 4.635464400020000176e+05
2.822099910000000023e+02 4.831428260010000318e+06 4.635464199830000289e+05
2.823999939999999924e+02 4.831428250000000000e+06 4.635464299929999979e+05
2.824100040000000149e+02 4.831428230011000298e+06 4.635464099730000016e+05
2.821700129999999831e+02 4.831428269988999702e+06 4.635466900020000176e+05
2.822099910000000023e+02 4.831428269988999702e+06 4.635466799929999979e+05
2.822300109999999904e+02 4.831428250000000000e+06 4.635466599730000016e+05
2.823299870000000169e+02 4.831428410004000179e+06 4.635463400269999984e+05
2.822999879999999848e+02 4.831428380005000159e+06 4.635463599849999882e+05
2.822399899999999775e+02 4.831428320007000118e+06 4.635464000239999732e+05
2.822799989999999752e+02 4.831428399993999861e+06 4.635463599849999882e+05
2.822500000000000000e+02 4.831428359985000454e+06 4.635463900150000118e+05
2.824400019999999927e+02 4.831428279999000020e+06 4.635464400020000176e+05
2.824500120000000152e+02 4.831428260010000318e+06 4.635464299929999979e+05
2.823500060000000076e+02 4.831428250000000000e+06 4.635464600220000139e+05
2.823800049999999828e+02 4.831428230011000298e+06 4.635464600220000139e+05
2.822000120000000152e+02 4.831428269988999702e+06 4.635464699709999841e+05
2.822200010000000248e+02 4.831428290009000339e+06 4.635466699830000289e+05
2.823399959999999851e+02 4.831428260010000318e+06 4.635464500119999866e+05
2.821799930000000245e+02 4.831428250000000000e+06 4.635464500119999866e+05
2.824500120000000152e+02 4.831428260010000318e+06 4.635464299929999979e+05
2.824299930000000245e+02 4.831428269988999702e+06 4.635464099730000016e+05
2.824599910000000023e+02 4.831428290009000339e+06 4.635464099730000016e+05
2.822799989999999752e+02 4.831428329986999743e+06 4.635463900150000118e+05
2.822399899999999775e+02 4.831428359985000454e+06 4.635463900150000118e+05
2.823299870000000169e+02 4.831428350006000139e+06 4.635463699950000155e+05
2.822300109999999904e+02 4.831428299987999722e+06 4.635466400150000118e+05
2.822900089999999977e+02 4.831428250000000000e+06 4.635464400020000176e+05
2.823800049999999828e+02 4.831428269988999702e+06 4.635464199830000289e+05
2.824500120000000152e+02 4.831428290009000339e+06 4.635464199830000289e+05
2.822999879999999848e+02 4.831428279999000020e+06 4.635463800049999845e+05
2.822399899999999775e+02 4.831428320007000118e+06 4.635463900150000118e+05
2.821900019999999927e+02 4.831428290009000339e+06 4.635466500239999732e+05
2.823399959999999851e+02 4.831428230011000298e+06 4.635464400020000176e+05
2.823999939999999924e+02 4.831428250000000000e+06 4.635464199830000289e+05
2.824299930000000245e+02 4.831428269988999702e+06 4.635464099730000016e+05
2.821900019999999927e+02 4.831428260010000318e+06 4.635464000239999732e+05
2.822799989999999752e+02 4.831428279999000020e+06 4.635464799800000037e+05
2.824400019999999927e+02 4.831428239989999682e+06 4.635465499880000134e+05
2.822300109999999904e+02 4.831428290009000339e+06 4.635464799800000037e+05
2.822099910000000023e+02 4.831428260010000318e+06 4.635465300290000159e+05
2.822500000000000000e+02 4.831428309998000041e+06 4.635464099730000016e+05
2.822600100000000225e+02 4.831428329986999743e+06 4.635463800049999845e+05
2.823099980000000073e+02 4.831428369994999841e+06 4.635463400269999984e+05
2.827799989999999752e+02 4.831428410004000179e+06 4.635463400269999984e+05
2.823399959999999851e+02 4.831428390014999546e+06 4.635462999880000134e+05
2.823699950000000172e+02 4.831428410004000179e+06 4.635462600100000273e+05
2.822399899999999775e+02 4.831428279999000020e+06 4.635463900150000118e+05
2.822699890000000096e+02 4.831428299987999722e+06 4.635463499760000268e+05
2.822999879999999848e+02 4.831428320007000118e+06 4.635463099979999824e+05
2.826600040000000149e+02 4.831428399993999861e+06 4.635463900150000118e+05
2.823200069999999755e+02 4.831428329986999743e+06 4.635463900150000118e+05
2.823200069999999755e+02 4.831428339995999821e+06 4.635463599849999882e+05
2.822300109999999904e+02 4.831428239989999682e+06 4.635464299929999979e+05
2.823299870000000169e+02 4.831428250000000000e+06 4.635464600220000139e+05
2.823299870000000169e+02 4.831428239989999682e+06 4.635464799800000037e+05
2.822600100000000225e+02 4.831428230011000298e+06 4.635465200199999963e+05
2.822500000000000000e+02 4.831428359985000454e+06 4.635464099730000016e+05
2.822300109999999904e+02 4.831428290009000339e+06 4.635466799929999979e+05
2.821600040000000149e+02 4.831428329986999743e+06 4.635467299800000037e+05
2.821900019999999927e+02 4.831428320007000118e+06 4.635467500000000000e+05
2.822600100000000225e+02 4.831428230011000298e+06 4.635464799800000037e+05
2.824500120000000152e+02 4.831428309998000041e+06 4.635464299929999979e+05
2.823800049999999828e+02 4.831428290009000339e+06 4.635464600220000139e+05
2.824700010000000248e+02 4.831428290009000339e+06 4.635464699709999841e+05
2.822600100000000225e+02 4.831428239989999682e+06 4.635465200199999963e+05
2.824500120000000152e+02 4.831428380005000159e+06 4.635463900150000118e+05
2.822600100000000225e+02 4.831428410004000179e+06 4.635463599849999882e+05
2.823399959999999851e+02 4.831428399993999861e+06 4.635464000239999732e+05
2.823399959999999851e+02 4.831428279999000020e+06 4.635466099849999882e+05
2.822699890000000096e+02 4.831428290009000339e+06 4.635466300049999845e+05
2.822300109999999904e+02 4.831428329986999743e+06 4.635466900020000176e+05
2.821700129999999831e+02 4.831428359985000454e+06 4.635467199709999841e+05
2.824400019999999927e+02 4.831428260010000318e+06 4.635464400020000176e+05
2.824299930000000245e+02 4.831428239989999682e+06 4.635464600220000139e+05
2.824700010000000248e+02 4.831428239989999682e+06 4.635464899899999727e+05
2.823999939999999924e+02 4.831428279999000020e+06 4.635464600220000139e+05
2.822999879999999848e+02 4.831428239989999682e+06 4.635464899899999727e+05
2.822099910000000023e+02 4.831428309998000041e+06 4.635464400020000176e+05
2.821900019999999927e+02 4.831428290009000339e+06 4.635464600220000139e+05
2.821799930000000245e+02 4.831428279999000020e+06 4.635464799800000037e+05
2.822799989999999752e+02 4.831428390014999546e+06 4.635464000239999732e+05
2.822300109999999904e+02 4.831428279999000020e+06 4.635466799929999979e+05
2.826300049999999828e+02 4.831428369994999841e+06 4.635467500000000000e+05
2.822200010000000248e+02 4.831428309998000041e+06 4.635467199709999841e+05
2.821300049999999828e+02 4.831428309998000041e+06 4.635466799929999979e+05
2.822200010000000248e+02 4.831428299987999722e+06 4.635464199830000289e+05
2.822300109999999904e+02 4.831428329986999743e+06 4.635463800049999845e+05
2.822500000000000000e+02 4.831428339995999821e+06 4.635463599849999882e+05
2.823999939999999924e+02 4.831428239989999682e+06 4.635464299929999979e+05
2.824800109999999904e+02 4.831428260010000318e+06 4.635464199830000289e+05
2.822000120000000152e+02 4.831428290009000339e+06 4.635467000119999866e+05
2.823999939999999924e+02 4.831428390014999546e+06 4.635463400269999984e+05
2.823999939999999924e+02 4.831428339995999821e+06 4.635463800049999845e+05
2.824200129999999831e+02 4.831428239989999682e+06 4.635464299929999979e+05
2.824599910000000023e+02 4.831428250000000000e+06 4.635464099730000016e+05
2.823699950000000172e+02 4.831428230011000298e+06 4.635464699709999841e+05
2.822699890000000096e+02 4.831428239989999682e+06 4.635464600220000139e+05
2.822200010000000248e+02 4.831428239989999682e+06 4.635464600220000139e+05
2.823800049999999828e+02 4.831428320007000118e+06 4.635464199830000289e+05
2.822699890000000096e+02 4.831428339995999821e+06 4.635464099730000016e+05
2.822399899999999775e+02 4.831428329986999743e+06 4.635464199830000289e+05
2.824500120000000152e+02 4.831428410004000179e+06 4.635463699950000155e+05
2.822500000000000000e+02 4.831428239989999682e+06 4.635466599730000016e+05
2.824800109999999904e+02 4.831428279999000020e+06 4.635464500119999866e+05
2.824299930000000245e+02 4.831428269988999702e+06 4.635464500119999866e+05
2.824100040000000149e+02 4.831428260010000318e+06 4.635464699709999841e+05
2.823299870000000169e+02 4.831428239989999682e+06 4.635464899899999727e+05
2.822699890000000096e+02 4.831428230011000298e+06 4.635464899899999727e+05
2.822399899999999775e+02 4.831428329986999743e+06 4.635464199830000289e+05
2.822099910000000023e+02 4.831428309998000041e+06 4.635464600220000139e+05
2.822999879999999848e+02 4.831428410004000179e+06 4.635463599849999882e+05
2.822799989999999752e+02 4.831428399993999861e+06 4.635463800049999845e+05
2.822600100000000225e+02 4.831428390014999546e+06 4.635464000239999732e+05
2.822699890000000096e+02 4.831428250000000000e+06 4.635466400150000118e+05
2.822000120000000152e+02 4.831428269988999702e+06 4.635466699830000289e+05
2.822399899999999775e+02 4.831428299987999722e+06 4.635467000119999866e+05
2.822099910000000023e+02 4.831428290009000339e+06 4.635467199709999841e+05
2.822600100000000225e+02 4.831428369994999841e+06 4.635464099730000016e+05
2.822600100000000225e+02 4.831428250000000000e+06 4.635466599730000016e+05
2.825000000000000000e+02 4.831428500000000000e+06 4.635462800290000159e+05
2.825199890000000096e+02 4.831428519988999702e+06 4.635462899779999861e+05
2.824800109999999904e+02 4.831428500000000000e+06 4.635462800290000159e+05
2.825299989999999752e+02 4.831428510010000318e+06 4.635462700199999963e+05
2.827399899999999775e+02 4.831428489989999682e+06 4.635463900150000118e+05
2.826600040000000149e+02 4.831428450012000278e+06 4.635464000239999732e+05
2.827399899999999775e+02 4.831428480011000298e+06 4.635463300169999711e+05
2.823399959999999851e+02 4.831428429992999882e+06 4.635463400269999984e+05
2.823900150000000053e+02 4.831428470000999980e+06 4.635462899779999861e+05
2.824500120000000152e+02 4.831428480011000298e+06 4.635462800290000159e+05
2.825100100000000225e+02 4.831428480011000298e+06 4.635462600100000273e+05
2.831300049999999828e+02 4.831428679992999882e+06 4.635466099849999882e+05
2.824700010000000248e+02 4.831428519988999702e+06 4.635463800049999845e+05
2.824599910000000023e+02 4.831428489989999682e+06 4.635463599849999882e+05
2.824200129999999831e+02 4.831428500000000000e+06 4.635464000239999732e+05
2.823999939999999924e+02 4.831428480011000298e+06 4.635463800049999845e+05
2.823800049999999828e+02 4.831428480011000298e+06 4.635463099979999824e+05
2.823999939999999924e+02 4.831428500000000000e+06 4.635463300169999711e+05
2.824599910000000023e+02 4.831428540009000339e+06 4.635462899779999861e+05
2.824899899999999775e+02 4.831428549987999722e+06 4.635462999880000134e+05
2.825100100000000225e+02 4.831428559998000041e+06 4.635462700199999963e+05
2.827300109999999904e+02 4.831428480011000298e+06 4.635463599849999882e+05
2.827200010000000248e+02 4.831428489989999682e+06 4.635463400269999984e+05
2.827799989999999752e+02 4.831428500000000000e+06 4.635463400269999984e+05
2.823699950000000172e+02 4.831428450012000278e+06 4.635463200070000021e+05
2.823699950000000172e+02 4.831428450012000278e+06 4.635462899779999861e+05
2.823699950000000172e+02 4.831428470000999980e+06 4.635462999880000134e+05
2.823999939999999924e+02 4.831428489989999682e+06 4.635463099979999824e+05
2.823800049999999828e+02 4.831428489989999682e+06 4.635462899779999861e+05
2.824299930000000245e+02 4.831428500000000000e+06 4.635462899779999861e+05
2.824200129999999831e+02 4.831428489989999682e+06 4.635462600100000273e+05
2.824400019999999927e+02 4.831428510010000318e+06 4.635462700199999963e+05
2.824800109999999904e+02 4.831428540009000339e+06 4.635462399899999727e+05
2.825000000000000000e+02 4.831428559998000041e+06 4.635462500000000000e+05
2.826799930000000245e+02 4.831428450012000278e+06 4.635463699950000155e+05
2.827699890000000096e+02 4.831428459990999661e+06 4.635463499760000268e+05
2.823399959999999851e+02 4.831428429992999882e+06 4.635463300169999711e+05
2.823399959999999851e+02 4.831428420013000257e+06 4.635463099979999824e+05
2.823500060000000076e+02 4.831428450012000278e+06 4.635462999880000134e+05
2.824200129999999831e+02 4.831428470000999980e+06 4.635462800290000159e+05
2.824800109999999904e+02 4.831428480011000298e+06 4.635462700199999963e+05
2.824599910000000023e+02 4.831428489989999682e+06 4.635462399899999727e+05
2.824800109999999904e+02 4.831428510010000318e+06 4.635462500000000000e+05
2.824700010000000248e+02 4.831428540009000339e+06 4.635462700199999963e+05
2.824800109999999904e+02 4.831428519988999702e+06 4.635462500000000000e+05
2.823999939999999924e+02 4.831428470000999980e+06 4.635462999880000134e+05
2.827600100000000225e+02 4.831428459990999661e+06 4.635463800049999845e+05
2.824899899999999775e+02 4.831428549987999722e+06 4.635462399899999727e+05
2.824100040000000149e+02 4.831428500000000000e+06 4.635462899779999861e+05
2.824200129999999831e+02 4.831428480011000298e+06 4.635462700199999963e+05
2.827699890000000096e+02 4.831428450012000278e+06 4.635463499760000268e+05
2.823500060000000076e+02 4.831428429992999882e+06 4.635463099979999824e+05
2.824700010000000248e+02 4.831428540009000339e+06 4.635462800290000159e+05
2.824299930000000245e+02 4.831428510010000318e+06 4.635462999880000134e+05
2.823500060000000076e+02 4.831428420013000257e+06 4.635463300169999711e+05
2.827799989999999752e+02 4.831428500000000000e+06 4.635463499760000268e+05
2.823500060000000076e+02 4.831428459990999661e+06 4.635462999880000134e+05
2.824400019999999927e+02 4.831428489989999682e+06 4.635463200070000021e+05
2.827999879999999848e+02 4.831428500000000000e+06 4.635462999880000134e+05
2.825299989999999752e+02 4.831428540009000339e+06 4.635463099979999824e+05
2.824100040000000149e+02 4.831428519988999702e+06 4.635462600100000273e+05
2.824500120000000152e+02 4.831428519988999702e+06 4.635462500000000000e+05
2.824299930000000245e+02 4.831428540009000339e+06 4.635462600100000273e+05
2.824400019999999927e+02 4.831428540009000339e+06 4.635462399899999727e+05
2.824700010000000248e+02 4.831428559998000041e+06 4.635462600100000273e+05
2.827200010000000248e+02 4.831428450012000278e+06 4.635463400269999984e+05
2.824200129999999831e+02 4.831428420013000257e+06 4.635463800049999845e+05
2.824100040000000149e+02 4.831428510010000318e+06 4.635462600100000273e+05
2.826700129999999831e+02 4.831428529999000020e+06 4.635463300169999711e+05
2.824899899999999775e+02 4.831428570007000118e+06 4.635462399899999727e+05
2.824899899999999775e+02 4.831428570007000118e+06 4.635462299800000037e+05
2.827999879999999848e+02 4.831428480011000298e+06 4.635463400269999984e+05
2.824200129999999831e+02 4.831428519988999702e+06 4.635462700199999963e+05
2.827000120000000152e+02 4.831428519988999702e+06 4.635463300169999711e+05
2.827300109999999904e+02 4.831428500000000000e+06 4.635463200070000021e+05
2.823599849999999947e+02 4.831428470000999980e+06 4.635462899779999861e+05
2.823200069999999755e+02 4.831428440001999959e+06 4.635463200070000021e+05
2.826300049999999828e+02 4.831428429992999882e+06 4.635463900150000118e+05
2.824899899999999775e+02 4.831428549987999722e+06 4.635462800290000159e+05
2.826199950000000172e+02 4.831428480011000298e+06 4.635463699950000155e+05
2.824800109999999904e+02 4.831428420013000257e+06 4.635463499760000268e+05
2.823599849999999947e+02 4.831428440001999959e+06 4.635463200070000021e+05
2.826199950000000172e+02 4.831428459990999661e+06 4.635463300169999711e+05
2.826499939999999924e+02 4.831428489989999682e+06 4.635463300169999711e+05
2.823699950000000172e+02 4.831428489989999682e+06 4.635462899779999861e+05
2.827300109999999904e+02 4.831428529999000020e+06 4.635463099979999824e+05
2.823900150000000053e+02 4.831428510010000318e+06 4.635462700199999963e+05
2.827699890000000096e+02 4.831428529999000020e+06 4.635462899779999861e+05
2.827099910000000023e+02 4.831428510010000318e+06 4.635463200070000021e+05
2.826799930000000245e+02 4.831428540009000339e+06 4.635463300169999711e+05
2.823999939999999924e+02 4.831428510010000318e+06 4.635462399899999727e+05
2.826900019999999927e+02 4.831428510010000318e+06 4.635463200070000021e+05
2.826900019999999927e+02 4.831428540009000339e+06 4.635463200070000021e+05
2.824299930000000245e+02 4.831428529999000020e+06 4.635462399899999727e+05
2.824299930000000245e+02 4.831428540009000339e+06 4.635462299800000037e+05
2.824100040000000149e+02 4.831428529999000020e+06 4.635462399899999727e+05
2.824400019999999927e+02 4.831428559998000041e+06 4.635462299800000037e+05
2.827900089999999977e+02 4.831428450012000278e+06 4.635463800049999845e+05
2.827799989999999752e+02 4.831428429992999882e+06 4.635463099979999824e+05
2.827200010000000248e+02 4.831428429992999882e+06 4.635463099979999824e+05
2.826300049999999828e+02 4.831428429992999882e+06 4.635463200070000021e+05
2.822900089999999977e+02 4.831429220000999980e+06 4.635464699709999841e+05
2.826499939999999924e+02 4.831428440001999959e+06 4.635464000239999732e+05
2.823999939999999924e+02 4.831428429992999882e+06 4.635463200070000021e+05
2.823500060000000076e+02 4.831428459990999661e+06 4.635463300169999711e+05
2.824400019999999927e+02 4.831428540009000339e+06 4.635462800290000159e+05
2.827200010000000248e+02 4.831428450012000278e+06 4.635463800049999845e+05
2.823599849999999947e+02 4.831428529999000020e+06 4.635462999880000134e+05
2.827000120000000152e+02 4.831428549987999722e+06 4.635463200070000021e+05
2.827300109999999904e+02 4.831428540009000339e+06 4.635463400269999984e+05
2.826799930000000245e+02 4.831428519988999702e+06 4.635463699950000155e+05
2.827999879999999848e+02 4.831428529999000020e+06 4.635463300169999711e+05
2.827099910000000023e+02 4.831428480011000298e+06 4.635463800049999845e+05
2.827200010000000248e+02 4.831428529999000020e+06 4.635463400269999984e+05
2.823999939999999924e+02 4.831428440001999959e+06 4.635463800049999845e+05
2.824700010000000248e+02 4.831428570007000118e+06 4.635462600100000273e+05
2.824200129999999831e+02 4.831428540009000339e+06 4.635462800290000159e+05
2.823699950000000172e+02 4.831428510010000318e+06 4.635463099979999824e+05
2.824299930000000245e+02 4.831428470000999980e+06 4.635464000239999732e+05
2.823599849999999947e+02 4.831428489989999682e+06 4.635462800290000159e+05
2.824599910000000023e+02 4.831428510010000318e+06 4.635462700199999963e+05
2.824299930000000245e+02 4.831428519988999702e+06 4.635462399899999727e+05
2.826499939999999924e+02 4.831428489989999682e+06 4.635463699950000155e+05
2.827099910000000023e+02 4.831428480011000298e+06 4.635463499760000268e+05
2.827200010000000248e+02 4.831428489989999682e+06 4.635463200070000021e+05
2.827900089999999977e+02 4.831428489989999682e+06 4.635462899779999861e+05
2.826499939999999924e+02 4.831428489989999682e+06 4.635463699950000155e+05
2.827300109999999904e+02 4.831428480011000298e+06 4.635463400269999984e+05
2.827200010000000248e+02 4.831428500000000000e+06 4.635463200070000021e+05
2.828200069999999755e+02 4.831428480011000298e+06 4.635462899779999861e+05
2.827000120000000152e+02 4.831428459990999661e+06 4.635463499760000268e+05
2.827099910000000023e+02 4.831428480011000298e+06 4.635463300169999711e+05
2.827699890000000096e+02 4.831428470000999980e+06 4.635462999880000134e+05
2.824200129999999831e+02 4.831428489989999682e+06 4.635462600100000273e+05
2.824800109999999904e+02 4.831428529999000020e+06 4.635462299800000037e+05
2.824700010000000248e+02 4.831428540009000339e+06 4.635462399899999727e+05
2.824800109999999904e+02 4.831428549987999722e+06 4.635462199709999841e+05
2.824400019999999927e+02 4.831428500000000000e+06 4.635462299800000037e+05
2.827200010000000248e+02 4.831428500000000000e+06 4.635463499760000268e+05
2.824700010000000248e+02 4.831428519988999702e+06 4.635462800290000159e+05
2.824400019999999927e+02 4.831428510010000318e+06 4.635462899779999861e+05
2.825100100000000225e+02 4.831428480011000298e+06 4.635463499760000268e+05
2.823999939999999924e+02 4.831428480011000298e+06 4.635463300169999711e+05
2.825499879999999848e+02 4.831428559998000041e+06 4.635462999880000134e+05
