2.808099980000000073e+02 4.831432209990999661e+06 4.635510900269999984e+05
2.808200069999999755e+02 4.831432750000000000e+06 4.635509000239999732e+05
2.808500060000000076e+02 4.831432809998000041e+06 4.635508400269999984e+05
2.808200069999999755e+02 4.831432880005000159e+06 4.635507899779999861e+05
2.808200069999999755e+02 4.831432809998000041e+06 4.635508200070000021e+05
2.808500060000000076e+02 4.831432899993999861e+06 4.635507000119999866e+05
2.808800049999999828e+02 4.831432899993999861e+06 4.635507700199999963e+05
2.808699950000000172e+02 4.831432869994999841e+06 4.635507600100000273e+05
2.808900150000000053e+02 4.831432850006000139e+06 4.635508099979999824e+05
2.808099980000000073e+02 4.831432809998000041e+06 4.635507899779999861e+05
2.808299870000000169e+02 4.831432709990999661e+06 4.635509299929999979e+05
2.808699950000000172e+02 4.831432899993999861e+06 4.635507399899999727e+05
2.808900150000000053e+02 4.831432859985000454e+06 4.635507999880000134e+05
2.808299870000000169e+02 4.831432850006000139e+06 4.635507800290000159e+05
2.808500060000000076e+02 4.831432690001999959e+06 4.635509400020000176e+05
2.808599849999999947e+02 4.831432630005000159e+06 4.635509899899999727e+05
2.808299870000000169e+02 4.831432609985000454e+06 4.635509699709999841e+05
2.808099980000000073e+02 4.831432700012000278e+06 4.635509199830000289e+05
2.808599849999999947e+02 4.831432829986999743e+06 4.635508200070000021e+05
2.808599849999999947e+02 4.831432869994999841e+06 4.635507500000000000e+05
2.808399959999999851e+02 4.831432890014999546e+06 4.635507700199999963e+05
2.808500060000000076e+02 4.831432730011000298e+06 4.635509000239999732e+05
2.808599849999999947e+02 4.831432850006000139e+06 4.635507899779999861e+05
2.808299870000000169e+02 4.831432829986999743e+06 4.635508099979999824e+05
2.808800049999999828e+02 4.831432890014999546e+06 4.635507600100000273e+05
2.808500060000000076e+02 4.831432829986999743e+06 4.635507899779999861e+05
2.808500060000000076e+02 4.831432829986999743e+06 4.635508200070000021e+05
2.808599849999999947e+02 4.831432809998000041e+06 4.635508400269999984e+05
2.808699950000000172e+02 4.831432899993999861e+06 4.635507500000000000e+05
2.808099980000000073e+02 4.831432730011000298e+06 4.635509000239999732e+05
2.808599849999999947e+02 4.831432880005000159e+06 4.635507000119999866e+05
2.808099980000000073e+02 4.831432880005000159e+06 4.635507600100000273e+05
2.808399959999999851e+02 4.831432869994999841e+06 4.635507399899999727e+05
2.808299870000000169e+02 4.831432890014999546e+06 4.635507800290000159e+05
2.808399959999999851e+02 4.831432910004000179e+06 4.635507399899999727e+05
2.808200069999999755e+02 4.831432869994999841e+06 4.635507100220000139e+05
2.808599849999999947e+02 4.831432829986999743e+06 4.635508200070000021e+05
2.808800049999999828e+02 4.831432750000000000e+06 4.635508499760000268e+05
2.808599849999999947e+02 4.831432720000999980e+06 4.635509099730000016e+05
2.808699950000000172e+02 4.831432720000999980e+06 4.635508900150000118e+05
2.808599849999999947e+02 4.831432899993999861e+06 4.635507500000000000e+05
2.808399959999999851e+02 4.831432750000000000e+06 4.635508699950000155e+05
2.808500060000000076e+02 4.831432779999000020e+06 4.635508599849999882e+05
2.808500060000000076e+02 4.831432869994999841e+06 4.635507800290000159e+05
2.808099980000000073e+02 4.831432750000000000e+06 4.635508800049999845e+05
2.808099980000000073e+02 4.831432779999000020e+06 4.635508800049999845e+05
2.808099980000000073e+02 4.831432820007000118e+06 4.635508300169999711e+05
2.808299870000000169e+02 4.831432859985000454e+06 4.635507800290000159e+05
2.808200069999999755e+02 4.831432890014999546e+06 4.635507800290000159e+05
2.808099980000000073e+02 4.831432790009000339e+06 4.635508400269999984e+05
2.808200069999999755e+02 4.831432839995999821e+06 4.635507999880000134e+05
2.808200069999999755e+02 4.831432880005000159e+06 4.635507500000000000e+05
2.808699950000000172e+02 4.831432920013000257e+06 4.635507100220000139e+05
2.808299870000000169e+02 4.831432920013000257e+06 4.635506900020000176e+05
2.808299870000000169e+02 4.831432690001999959e+06 4.635509500119999866e+05
2.808099980000000073e+02 4.831432730011000298e+06 4.635508699950000155e+05
2.808500060000000076e+02 4.831432769988999702e+06 4.635508300169999711e+05
2.808900150000000053e+02 4.831432609985000454e+06 4.635509699709999841e+05
2.808800049999999828e+02 4.831432859985000454e+06 4.635507999880000134e+05
2.808500060000000076e+02 4.831432910004000179e+06 4.635507100220000139e+05
2.808699950000000172e+02 4.831432850006000139e+06 4.635507800290000159e+05
2.808299870000000169e+02 4.831432760010000318e+06 4.635508900150000118e+05
2.808200069999999755e+02 4.831432769988999702e+06 4.635508699950000155e+05
2.808699950000000172e+02 4.831432799987999722e+06 4.635508200070000021e+05
2.808299870000000169e+02 4.831432769988999702e+06 4.635508699950000155e+05
2.808399959999999851e+02 4.831432790009000339e+06 4.635508300169999711e+05
2.808200069999999755e+02 4.831432779999000020e+06 4.635508599849999882e+05
2.808800049999999828e+02 4.831432850006000139e+06 4.635507700199999963e+05
2.808099980000000073e+02 4.831432920013000257e+06 4.635506599730000016e+05
2.808900150000000053e+02 4.831432859985000454e+06 4.635507700199999963e+05
2.808299870000000169e+02 4.831432910004000179e+06 4.635507000119999866e+05
2.808800049999999828e+02 4.831432910004000179e+06 4.635507299800000037e+05
2.808800049999999828e+02 4.831432880005000159e+06 4.635507899779999861e+05
2.808200069999999755e+02 4.831432899993999861e+06 4.635507600100000273e+05
2.808200069999999755e+02 4.831432760010000318e+06 4.635508800049999845e+05
2.808399959999999851e+02 4.831432779999000020e+06 4.635508499760000268e+05
2.808299870000000169e+02 4.831432750000000000e+06 4.635508599849999882e+05
2.808299870000000169e+02 4.831432739989999682e+06 4.635508699950000155e+05
2.808299870000000169e+02 4.831432760010000318e+06 4.635508400269999984e+05
2.808299870000000169e+02 4.831432750000000000e+06 4.635508800049999845e+05
2.808299870000000169e+02 4.831432760010000318e+06 4.635508499760000268e+05
2.808800049999999828e+02 4.831432790009000339e+06 4.635507999880000134e+05
2.808299870000000169e+02 4.831432760010000318e+06 4.635508800049999845e+05
2.808399959999999851e+02 4.831432779999000020e+06 4.635508499760000268e+05
2.808699950000000172e+02 4.831432880005000159e+06 4.635507399899999727e+05
2.808500060000000076e+02 4.831432910004000179e+06 4.635507100220000139e+05
2.808800049999999828e+02 4.831432829986999743e+06 4.635507800290000159e+05
2.808299870000000169e+02 4.831432730011000298e+06 4.635508800049999845e+05
2.808200069999999755e+02 4.831432750000000000e+06 4.635508499760000268e+05
2.808599849999999947e+02 4.831432619994999841e+06 4.635509799800000037e+05
2.808299870000000169e+02 4.831432670013000257e+06 4.635508599849999882e+05
2.808800049999999828e+02 4.831432769988999702e+06 4.635508300169999711e+05
2.808599849999999947e+02 4.831432760010000318e+06 4.635508499760000268e+05
2.808299870000000169e+02 4.831432739989999682e+06 4.635508900150000118e+05
2.808800049999999828e+02 4.831432920013000257e+06 4.635506900020000176e+05
2.808200069999999755e+02 4.831432709990999661e+06 4.635509299929999979e+05
2.808599849999999947e+02 4.831432859985000454e+06 4.635508099979999824e+05
2.808200069999999755e+02 4.831432899993999861e+06 4.635507299800000037e+05
2.808200069999999755e+02 4.831432910004000179e+06 4.635507100220000139e+05
2.808500060000000076e+02 4.831432739989999682e+06 4.635509000239999732e+05
2.808599849999999947e+02 4.831432750000000000e+06 4.635508800049999845e+05
2.808200069999999755e+02 4.831432760010000318e+06 4.635508499760000268e+05
2.808299870000000169e+02 4.831432790009000339e+06 4.635508099979999824e+05
2.808699950000000172e+02 4.831432920013000257e+06 4.635507100220000139e+05
2.808699950000000172e+02 4.831432920013000257e+06 4.635506900020000176e+05
2.808299870000000169e+02 4.831432809998000041e+06 4.635508400269999984e+05
2.808500060000000076e+02 4.831432829986999743e+06 4.635508099979999824e+05
2.808500060000000076e+02 4.831432779999000020e+06 4.635508699950000155e+05
2.808599849999999947e+02 4.831432790009000339e+06 4.635508400269999984e+05
2.808800049999999828e+02 4.831432809998000041e+06 4.635508200070000021e+05
2.808599849999999947e+02 4.831432820007000118e+06 4.635507999880000134e+05
2.808800049999999828e+02 4.831432829986999743e+06 4.635507800290000159e+05
2.808399959999999851e+02 4.831432769988999702e+06 4.635508599849999882e+05
2.808599849999999947e+02 4.831432630005000159e+06 4.635508599849999882e+05
2.808399959999999851e+02 4.831432750000000000e+06 4.635509000239999732e+05
2.808299870000000169e+02 4.831432769988999702e+06 4.635508699950000155e+05
2.808399959999999851e+02 4.831432790009000339e+06 4.635508200070000021e+05
2.808099980000000073e+02 4.831432690001999959e+06 4.635507100220000139e+05
2.808200069999999755e+02 4.831432679992999882e+06 4.635506799929999979e+05
2.808099980000000073e+02 4.831432730011000298e+06 4.635507100220000139e+05
2.808099980000000073e+02 4.831432649993999861e+06 4.635507100220000139e+05
2.808699950000000172e+02 4.831432820007000118e+06 4.635508099979999824e+05
2.808200069999999755e+02 4.831432809998000041e+06 4.635508099979999824e+05
2.808699950000000172e+02 4.831432890014999546e+06 4.635507600100000273e+05
2.808399959999999851e+02 4.831432859985000454e+06 4.635507999880000134e+05
2.808500060000000076e+02 4.831432910004000179e+06 4.635506900020000176e+05
2.808800049999999828e+02 4.831432890014999546e+06 4.635507600100000273e+05
2.808599849999999947e+02 4.831432869994999841e+06 4.635507700199999963e+05
2.808200069999999755e+02 4.831432850006000139e+06 4.635507800290000159e+05
2.808099980000000073e+02 4.831432829986999743e+06 4.635508300169999711e+05
2.808299870000000169e+02 4.831432920013000257e+06 4.635507500000000000e+05
