2.767099910000000023e+02 4.831429690001999959e+06 4.635471199950000155e+05
2.766900019999999927e+02 4.831429690001999959e+06 4.635471400150000118e+05
2.760700069999999755e+02 4.831429890014999546e+06 4.635471400150000118e+05
2.760899959999999851e+02 4.831429920013000257e+06 4.635471500239999732e+05
2.766700129999999831e+02 4.831429670013000257e+06 4.635471500239999732e+05
2.767699890000000096e+02 4.831429630005000159e+06 4.635471300049999845e+05
2.766099849999999947e+02 4.831429739989999682e+06 4.635471400150000118e+05
2.765499879999999848e+02 4.831429750000000000e+06 4.635471599730000016e+05
2.762699890000000096e+02 4.831429859985000454e+06 4.635471500239999732e+05
2.766700129999999831e+02 4.831429690001999959e+06 4.635471099849999882e+05
2.767999879999999848e+02 4.831429670013000257e+06 4.635471099849999882e+05
2.767600100000000225e+02 4.831429679992999882e+06 4.635471199950000155e+05
2.767200010000000248e+02 4.831429700012000278e+06 4.635471199950000155e+05
2.766799930000000245e+02 4.831429709990999661e+06 4.635471300049999845e+05
2.766400150000000053e+02 4.831429730011000298e+06 4.635471400150000118e+05
2.765899959999999851e+02 4.831429739989999682e+06 4.635471500239999732e+05
2.767999879999999848e+02 4.831429660004000179e+06 4.635471099849999882e+05
2.767500000000000000e+02 4.831429670013000257e+06 4.635471199950000155e+05
2.766700129999999831e+02 4.831429720000999980e+06 4.635471199950000155e+05
2.766300049999999828e+02 4.831429730011000298e+06 4.635471300049999845e+05
2.766000060000000076e+02 4.831429739989999682e+06 4.635471400150000118e+05
2.764700010000000248e+02 4.831429720000999980e+06 4.635471099849999882e+05
2.763999939999999924e+02 4.831429750000000000e+06 4.635471300049999845e+05
2.763999939999999924e+02 4.831429779999000020e+06 4.635471500239999732e+05
2.766000060000000076e+02 4.831429750000000000e+06 4.635471099849999882e+05
2.765599980000000073e+02 4.831429760010000318e+06 4.635471199950000155e+05
2.765199890000000096e+02 4.831429769988999702e+06 4.635471300049999845e+05
2.764500120000000152e+02 4.831429769988999702e+06 4.635471300049999845e+05
2.764400019999999927e+02 4.831429799987999722e+06 4.635471500239999732e+05
2.759100040000000149e+02 4.831429920013000257e+06 4.635471099849999882e+05
2.767600100000000225e+02 4.831429670013000257e+06 4.635471199950000155e+05
2.766199950000000172e+02 4.831429739989999682e+06 4.635471099849999882e+05
2.766000060000000076e+02 4.831429760010000318e+06 4.635471300049999845e+05
2.765700069999999755e+02 4.831429769988999702e+06 4.635471400150000118e+05
2.762699890000000096e+02 4.831429829986999743e+06 4.635471599730000016e+05
2.762600100000000225e+02 4.831429809998000041e+06 4.635471500239999732e+05
2.762999879999999848e+02 4.831429799987999722e+06 4.635471400150000118e+05
2.766400150000000053e+02 4.831429720000999980e+06 4.635471099849999882e+05
2.762900089999999977e+02 4.831429790009000339e+06 4.635471199950000155e+05
2.765199890000000096e+02 4.831429760010000318e+06 4.635471500239999732e+05
2.765199890000000096e+02 4.831429709990999661e+06 4.635471199950000155e+05
2.766099849999999947e+02 4.831429730011000298e+06 4.635471400150000118e+05
2.766099849999999947e+02 4.831429690001999959e+06 4.635471099849999882e+05
2.764599910000000023e+02 4.831429779999000020e+06 4.635471300049999845e+05
2.765599980000000073e+02 4.831429769988999702e+06 4.635471400150000118e+05
2.766000060000000076e+02 4.831429750000000000e+06 4.635471400150000118e+05
2.761199950000000172e+02 4.831429920013000257e+06 4.635471500239999732e+05
2.762600100000000225e+02 4.831429850006000139e+06 4.635471400150000118e+05
2.760799870000000169e+02 4.831429809998000041e+06 4.635471099849999882e+05
2.761799930000000245e+02 4.831429750000000000e+06 4.635471199950000155e+05
2.761499939999999924e+02 4.831429769988999702e+06 4.635471099849999882e+05
2.761000060000000076e+02 4.831429779999000020e+06 4.635471099849999882e+05
2.758599849999999947e+02 4.831429920013000257e+06 4.635471199950000155e+05
2.765499879999999848e+02 4.831429670013000257e+06 4.635471300049999845e+05
2.766499939999999924e+02 4.831429600006000139e+06 4.635471300049999845e+05
2.762099910000000023e+02 4.831429820007000118e+06 4.635471500239999732e+05
2.760799870000000169e+02 4.831429850006000139e+06 4.635471500239999732e+05
2.760700069999999755e+02 4.831429839995999821e+06 4.635471500239999732e+05
2.767699890000000096e+02 4.831429679992999882e+06 4.635471199950000155e+05
2.767000120000000152e+02 4.831429709990999661e+06 4.635471400150000118e+05
2.766400150000000053e+02 4.831429739989999682e+06 4.635471400150000118e+05
2.765400089999999977e+02 4.831429779999000020e+06 4.635471500239999732e+05
2.765899959999999851e+02 4.831429730011000298e+06 4.635471400150000118e+05
2.766400150000000053e+02 4.831429700012000278e+06 4.635471300049999845e+05
2.766499939999999924e+02 4.831429679992999882e+06 4.635471199950000155e+05
2.766300049999999828e+02 4.831429679992999882e+06 4.635471500239999732e+05
2.766799930000000245e+02 4.831429709990999661e+06 4.635471400150000118e+05
2.767799989999999752e+02 4.831429660004000179e+06 4.635471400150000118e+05
2.767300109999999904e+02 4.831429649993999861e+06 4.635471500239999732e+05
2.765499879999999848e+02 4.831429739989999682e+06 4.635471400150000118e+05
2.760100100000000225e+02 4.831429859985000454e+06 4.635472399899999727e+05
2.762600100000000225e+02 4.831429779999000020e+06 4.635472700199999963e+05
2.762200010000000248e+02 4.831429760010000318e+06 4.635472600100000273e+05
2.763099980000000073e+02 4.831429739989999682e+06 4.635472600100000273e+05
2.763900150000000053e+02 4.831429700012000278e+06 4.635472700199999963e+05
2.759700010000000248e+02 4.831429910004000179e+06 4.635472299800000037e+05
2.760299989999999752e+02 4.831429869994999841e+06 4.635472500000000000e+05
2.759599910000000023e+02 4.831429869994999841e+06 4.635472500000000000e+05
2.760400089999999977e+02 4.831429859985000454e+06 4.635472600100000273e+05
2.761099849999999947e+02 4.831429829986999743e+06 4.635472700199999963e+05
2.760599980000000073e+02 4.831429829986999743e+06 4.635472700199999963e+05
2.764200129999999831e+02 4.831429820007000118e+06 4.635471799929999979e+05
2.763900150000000053e+02 4.831429769988999702e+06 4.635471799929999979e+05
2.764100040000000149e+02 4.831429790009000339e+06 4.635471900020000176e+05
2.763099980000000073e+02 4.831429820007000118e+06 4.635471699830000289e+05
2.763299870000000169e+02 4.831429839995999821e+06 4.635471799929999979e+05
2.762300109999999904e+02 4.831429829986999743e+06 4.635471599730000016e+05
2.761000060000000076e+02 4.831429880005000159e+06 4.635471699830000289e+05
2.761799930000000245e+02 4.831429850006000139e+06 4.635471900020000176e+05
2.762399899999999775e+02 4.831429820007000118e+06 4.635471699830000289e+05
2.763299870000000169e+02 4.831429799987999722e+06 4.635472199709999841e+05
2.763900150000000053e+02 4.831429769988999702e+06 4.635472000119999866e+05
2.765000000000000000e+02 4.831429730011000298e+06 4.635471799929999979e+05
2.766000060000000076e+02 4.831429700012000278e+06 4.635471699830000289e+05
2.765799870000000169e+02 4.831429720000999980e+06 4.635472199709999841e+05
2.767500000000000000e+02 4.831429619994999841e+06 4.635471599730000016e+05
2.762500000000000000e+02 4.831429880005000159e+06 4.635471599730000016e+05
2.762799989999999752e+02 4.831429850006000139e+06 4.635471900020000176e+05
2.762799989999999752e+02 4.831429820007000118e+06 4.635471699830000289e+05
2.764599910000000023e+02 4.831429779999000020e+06 4.635471699830000289e+05
2.765700069999999755e+02 4.831429750000000000e+06 4.635471599730000016e+05
2.765199890000000096e+02 4.831429750000000000e+06 4.635471599730000016e+05
2.764899899999999775e+02 4.831429769988999702e+06 4.635471699830000289e+05
2.764500120000000152e+02 4.831429779999000020e+06 4.635471799929999979e+05
2.764200129999999831e+02 4.831429790009000339e+06 4.635471900020000176e+05
2.763399959999999851e+02 4.831429809998000041e+06 4.635472000119999866e+05
2.763299870000000169e+02 4.831429850006000139e+06 4.635471799929999979e+05
2.762600100000000225e+02 4.831429910004000179e+06 4.635471900020000176e+05
2.766700129999999831e+02 4.831429720000999980e+06 4.635471599730000016e+05
2.765700069999999755e+02 4.831429760010000318e+06 4.635471599730000016e+05
2.765199890000000096e+02 4.831429760010000318e+06 4.635471699830000289e+05
2.763800049999999828e+02 4.831429799987999722e+06 4.635471699830000289e+05
2.763999939999999924e+02 4.831429850006000139e+06 4.635471900020000176e+05
2.763999939999999924e+02 4.831429809998000041e+06 4.635471699830000289e+05
2.763299870000000169e+02 4.831429799987999722e+06 4.635471699830000289e+05
2.762600100000000225e+02 4.831429869994999841e+06 4.635471699830000289e+05
2.763299870000000169e+02 4.831429809998000041e+06 4.635471799929999979e+05
2.764200129999999831e+02 4.831429799987999722e+06 4.635471799929999979e+05
2.763900150000000053e+02 4.831429790009000339e+06 4.635471799929999979e+05
2.764400019999999927e+02 4.831429779999000020e+06 4.635471799929999979e+05
2.764800109999999904e+02 4.831429760010000318e+06 4.635471699830000289e+05
2.765299989999999752e+02 4.831429750000000000e+06 4.635471699830000289e+05
2.765700069999999755e+02 4.831429730011000298e+06 4.635471599730000016e+05
2.761700129999999831e+02 4.831429890014999546e+06 4.635471599730000016e+05
2.763800049999999828e+02 4.831429809998000041e+06 4.635471599730000016e+05
2.763399959999999851e+02 4.831429739989999682e+06 4.635471599730000016e+05
2.762300109999999904e+02 4.831429790009000339e+06 4.635472000119999866e+05
2.762000120000000152e+02 4.831429809998000041e+06 4.635471900020000176e+05
2.762099910000000023e+02 4.831429790009000339e+06 4.635471900020000176e+05
2.761199950000000172e+02 4.831429809998000041e+06 4.635471799929999979e+05
2.759299930000000245e+02 4.831429869994999841e+06 4.635471599730000016e+05
2.766099849999999947e+02 4.831429769988999702e+06 4.635471699830000289e+05
2.764500120000000152e+02 4.831429809998000041e+06 4.635471699830000289e+05
2.766000060000000076e+02 4.831429720000999980e+06 4.635471599730000016e+05
2.766700129999999831e+02 4.831429700012000278e+06 4.635471699830000289e+05
2.763699950000000172e+02 4.831429809998000041e+06 4.635472100220000139e+05
2.763099980000000073e+02 4.831429809998000041e+06 4.635472199709999841e+05
2.764500120000000152e+02 4.831429760010000318e+06 4.635472000119999866e+05
2.763299870000000169e+02 4.831429829986999743e+06 4.635472100220000139e+05
2.762900089999999977e+02 4.831429809998000041e+06 4.635472299800000037e+05
