463550.500000 4831433.010010 280.850006
463550.710022 4831432.970001 280.850006
463550.719971 4831432.940002 280.880005
463550.650024 4831433.029999 280.869995
463550.690002 4831432.950012 280.859985
463550.700012 4831432.929993 280.890015
463550.710022 4831432.950012 280.890015
463550.650024 4831432.989990 280.839996
463550.659973 4831433.010010 280.829987
463550.690002 4831432.980011 280.880005
463550.630005 4831433.000000 280.869995
463550.599976 4831433.019989 280.850006
463550.619995 4831433.040009 280.829987
463550.719971 4831432.950012 280.869995
463550.669983 4831433.000000 280.890015
463550.520020 4831432.970001 280.869995
463550.539978 4831432.980011 280.839996
463550.549988 4831433.000000 280.839996
463550.570007 4831433.019989 280.809998
463550.640015 4831433.019989 280.880005
463550.659973 4831432.970001 280.820007
463550.650024 4831432.970001 280.880005
463550.679993 4831432.970001 280.839996
463550.669983 4831432.959991 280.869995
463550.700012 4831432.980011 280.839996
463550.690002 4831432.959991 280.859985
463550.700012 4831432.970001 280.869995
463550.710022 4831432.970001 280.880005
463550.710022 4831432.970001 280.890015
463550.729980 4831432.940002 280.829987
463550.609985 4831433.029999 280.890015
463550.659973 4831432.980011 280.829987
463550.640015 4831432.959991 280.850006
463550.719971 4831432.959991 280.839996
463550.710022 4831432.940002 280.880005
463550.599976 4831433.040009 280.820007
463550.669983 4831433.010010 280.850006
463550.630005 4831432.950012 280.839996
463550.710022 4831432.959991 280.869995
463550.690002 4831432.940002 280.869995
463550.650024 4831432.959991 280.829987
463550.630005 4831433.029999 280.809998
463550.619995 4831433.059998 280.899994
463550.559998 4831433.019989 280.850006
463550.539978 4831433.040009 280.839996
463550.700012 4831432.929993 280.859985
463550.659973 4831433.010010 280.850006
463550.559998 4831432.970001 280.820007
463550.729980 4831432.940002 280.869995
463550.690002 4831433.000000 280.890015
463550.659973 4831433.000000 280.859985
463550.619995 4831433.029999 280.880005
463550.559998 4831432.989990 280.869995
463550.570007 4831432.989990 280.820007
463550.590027 4831433.029999 280.820007
463550.650024 4831433.000000 280.809998
463550.640015 4831432.980011 280.850006
463550.619995 4831432.950012 280.859985
463550.679993 4831432.940002 280.839996
463550.679993 4831432.940002 280.880005
463550.640015 4831433.029999 280.829987
463550.679993 4831432.989990 280.899994
463550.580017 4831433.029999 280.839996
463550.570007 4831433.019989 280.880005
463550.650024 4831432.989990 280.820007
463550.630005 4831432.970001 280.839996
463550.669983 4831432.950012 280.859985
463550.719971 4831432.940002 280.829987
463550.640015 4831433.059998 280.809998
463550.580017 4831433.029999 280.880005
463550.549988 4831433.019989 280.820007
463550.549988 4831433.029999 280.869995
463550.650024 4831433.029999 280.839996
463550.590027 4831433.040009 280.820007
463550.570007 4831433.040009 280.850006
463550.590027 4831433.049988 280.809998
463550.580017 4831433.029999 280.869995
463550.590027 4831433.049988 280.890015
463550.559998 4831433.049988 280.820007
463550.609985 4831433.019989 280.820007
463550.650024 4831432.989990 280.809998
463550.669983 4831432.989990 280.829987
463550.559998 4831432.970001 280.850006
463550.690002 4831433.000000 280.809998
463550.700012 4831432.929993 280.880005
463550.719971 4831432.940002 280.880005
463550.700012 4831432.950012 280.859985
463550.719971 4831432.959991 280.809998
463550.700012 4831432.929993 280.869995
463550.679993 4831432.950012 280.850006
463550.659973 4831432.929993 280.859985
463550.679993 4831432.989990 280.890015
463550.549988 4831432.980011 280.859985
463550.580017 4831433.000000 280.839996
463550.640015 4831432.970001 280.880005
463550.590027 4831433.029999 280.809998
463550.609985 4831433.019989 280.829987
463550.679993 4831432.989990 280.880005
463550.650024 4831433.049988 280.890015
463550.530029 4831432.959991 280.809998
463550.640015 4831433.040009 280.869995
463550.659973 4831433.010010 280.820007
463550.690002 4831433.000000 280.820007
463550.690002 4831432.929993 280.850006
463550.510010 4831432.959991 280.859985
463550.700012 4831432.959991 280.809998
463550.630005 4831433.000000 280.809998
463550.609985 4831433.010010 280.809998
463550.710022 4831432.929993 280.869995
463550.609985 4831432.989990 280.850006
463550.690002 4831432.950012 280.850006
463550.650024 4831432.980011 280.869995
463550.700012 4831432.950012 280.839996
463550.619995 4831433.000000 280.820007
463550.570007 4831433.029999 280.809998
463550.719971 4831432.959991 280.809998
463550.679993 4831432.980011 280.869995
463550.659973 4831432.989990 280.839996
463550.599976 4831433.049988 280.880005
463550.679993 4831433.000000 280.809998
463550.609985 4831433.040009 280.820007
463550.590027 4831433.040009 280.880005
463550.669983 4831432.989990 280.839996
463550.710022 4831432.950012 280.829987
463550.690002 4831432.950012 280.880005
463550.640015 4831432.980011 280.850006
463550.719971 4831432.959991 280.899994
463550.650024 4831432.950012 280.859985
463550.710022 4831432.959991 280.899994
463550.729980 4831432.950012 280.869995
463550.650024 4831432.980011 280.869995
463550.710022 4831432.950012 280.880005
463550.729980 4831432.940002 280.859985
