463547.750000 4831430.410004 281.200012
463547.719971 4831430.429993 281.320007
463547.729980 4831430.429993 281.390015
463547.710022 4831430.410004 281.410004
463547.690002 4831430.450012 281.410004
463547.510010 4831430.670013 281.690002
463547.880005 4831430.910004 280.820007
463547.880005 4831430.920013 280.859985
463547.890015 4831430.899994 280.839996
463547.520020 4831430.670013 281.660004
463547.849976 4831430.910004 280.899994
463547.840027 4831430.890015 280.809998
463547.859985 4831430.850006 280.940002
463547.849976 4831430.890015 280.910004
463547.869995 4831430.880005 280.869995
463547.869995 4831430.859985 280.890015
463547.849976 4831430.869995 280.890015
463547.859985 4831430.859985 280.890015
463547.849976 4831430.859985 280.880005
463547.849976 4831430.850006 280.880005
463547.840027 4831430.839996 280.910004
463547.750000 4831430.790009 281.019989
463548.010010 4831429.959991 280.859985
463548.030029 4831430.320007 280.820007
463547.989990 4831430.369995 281.179993
463548.059998 4831430.359985 281.149994
463548.070007 4831430.369995 281.179993
463548.039978 4831430.359985 281.309998
463548.030029 4831430.359985 281.369995
463548.020020 4831430.369995 281.420013
463548.010010 4831430.369995 281.489990
463548.010010 4831430.369995 281.040009
463547.989990 4831430.359985 281.109985
463547.989990 4831430.369995 281.140015
463547.989990 4831430.380005 281.179993
463547.989990 4831430.390015 281.230011
463547.989990 4831430.399994 281.269989
463547.979980 4831430.399994 281.329987
463547.979980 4831430.410004 281.359985
463547.840027 4831430.399994 281.290009
463547.840027 4831430.380005 281.250000
463547.830017 4831430.369995 281.320007
463548.010010 4831429.940002 280.839996
463547.989990 4831430.359985 281.720001
463548.000000 4831430.350006 281.500000
463547.989990 4831430.359985 281.549988
463547.969971 4831430.359985 281.600006
463548.049988 4831430.359985 281.179993
463548.049988 4831430.369995 281.209991
463548.010010 4831430.359985 281.299988
463547.989990 4831430.359985 281.369995
463547.979980 4831430.359985 281.420013
463547.969971 4831430.369995 281.470001
463548.000000 4831430.339996 281.130005
463547.979980 4831430.339996 281.190002
463547.969971 4831430.350006 281.239990
463547.969971 4831430.359985 281.290009
463547.940002 4831430.359985 281.359985
463547.960022 4831430.399994 281.380005
463547.960022 4831430.410004 281.420013
463547.929993 4831430.339996 281.190002
463547.940002 4831430.369995 281.209991
463547.849976 4831430.290009 281.380005
463548.049988 4831430.380005 281.359985
463548.059998 4831430.369995 281.299988
463548.049988 4831430.359985 281.269989
463548.049988 4831430.350006 281.209991
463548.059998 4831430.350006 281.160004
463548.039978 4831430.329987 281.140015
463548.030029 4831430.309998 281.709991
463548.049988 4831430.329987 281.630005
463548.039978 4831430.309998 281.600006
463548.049988 4831430.309998 281.540009
463548.070007 4831430.320007 281.450012
463548.080017 4831430.320007 281.380005
463548.090027 4831430.320007 281.329987
463548.099976 4831430.320007 281.260010
463548.099976 4831430.309998 281.200012
463547.950012 4831430.049988 280.839996
463547.799988 4831430.359985 281.450012
463547.840027 4831430.380005 281.399994
463547.830017 4831430.369995 281.369995
463547.849976 4831430.359985 281.399994
463547.780029 4831430.239990 281.540009
463547.890015 4831430.350006 281.299988
463547.979980 4831430.359985 281.179993
463548.059998 4831430.350006 281.329987
463548.070007 4831430.359985 281.149994
463548.099976 4831430.329987 281.380005
463548.090027 4831430.329987 281.320007
463548.099976 4831430.339996 281.250000
463548.090027 4831430.329987 281.209991
463548.039978 4831429.989990 280.859985
463547.789978 4831430.410004 281.459991
463547.770020 4831430.380005 281.440002
463547.869995 4831430.380005 281.299988
463548.059998 4831430.329987 281.709991
463548.049988 4831430.329987 281.660004
463548.090027 4831430.320007 281.589996
463548.090027 4831430.359985 281.489990
463548.080017 4831430.339996 281.470001
463548.030029 4831430.380005 281.359985
463548.020020 4831430.369995 281.359985
463548.020020 4831430.380005 281.380005
463548.020020 4831430.369995 281.480011
463548.039978 4831430.390015 281.350006
463548.010010 4831430.369995 281.190002
463548.020020 4831430.369995 281.380005
463547.969971 4831430.380005 281.239990
463547.979980 4831430.390015 281.269989
463547.979980 4831430.390015 281.350006
463547.979980 4831430.380005 281.410004
463547.979980 4831430.380005 281.500000
463547.960022 4831430.329987 281.700012
463547.989990 4831430.350006 281.570007
463547.979980 4831430.359985 281.630005
463547.940002 4831430.359985 281.359985
463547.940002 4831430.380005 281.399994
463547.940002 4831430.390015 281.450012
463547.950012 4831430.410004 281.489990
463547.929993 4831430.440002 281.709991
463547.979980 4831429.940002 280.820007
463547.929993 4831430.350006 281.649994
463547.909973 4831430.369995 281.720001
463547.940002 4831430.350006 281.470001
463547.940002 4831430.369995 281.510010
463547.929993 4831430.390015 281.510010
463547.950012 4831430.350006 281.089996
463548.049988 4831430.390015 281.170013
463547.989990 4831430.339996 281.450012
463547.750000 4831430.399994 281.369995
463547.809998 4831430.410004 281.290009
463547.799988 4831430.380005 281.320007
463547.869995 4831430.380005 281.260010
463547.929993 4831430.390015 281.149994
463548.030029 4831430.399994 281.179993
463548.020020 4831430.369995 281.200012
463547.979980 4831429.940002 281.029999
463547.820007 4831430.380005 281.089996
463547.950012 4831429.940002 280.970001
463547.929993 4831430.000000 280.809998
463547.820007 4831430.410004 281.190002
463547.979980 4831429.929993 280.899994
463547.989990 4831429.929993 280.910004
463548.010010 4831429.929993 281.029999
463547.929993 4831430.420013 281.640015
463547.950012 4831429.959991 280.809998
463547.969971 4831429.970001 280.839996
463547.950012 4831429.929993 280.839996
463547.979980 4831429.959991 280.829987
463547.969971 4831429.950012 280.890015
463547.989990 4831429.959991 280.880005
463547.979980 4831429.940002 280.890015
463548.000000 4831429.929993 280.869995
463547.760010 4831430.410004 281.350006
463547.830017 4831430.429993 281.309998
463547.799988 4831430.390015 281.269989
463547.869995 4831430.440002 281.079987
463547.859985 4831430.410004 281.220001
463547.900024 4831430.440002 281.760010
463547.890015 4831430.429993 281.790009
463547.919983 4831430.420013 281.230011
463547.960022 4831430.459991 281.739990
463547.989990 4831430.459991 281.079987
463548.000000 4831430.450012 281.470001
463548.000000 4831430.429993 281.559998
463547.960022 4831430.320007 281.089996
463547.989990 4831429.959991 280.829987
463548.030029 4831429.929993 280.950012
463548.049988 4831430.450012 281.079987
463547.919983 4831430.450012 281.779999
463548.000000 4831429.929993 280.989990
463548.010010 4831429.940002 280.959991
463548.010010 4831430.459991 281.470001
463547.940002 4831430.450012 281.299988
463548.030029 4831430.410004 281.119995
463547.989990 4831430.459991 281.029999
463547.820007 4831430.429993 281.230011
463547.929993 4831430.440002 281.029999
463547.929993 4831430.440002 281.070007
463547.979980 4831430.440002 281.239990
463548.010010 4831430.399994 281.149994
463547.909973 4831430.390015 281.459991
463547.880005 4831430.410004 281.559998
463547.869995 4831430.410004 281.339996
463547.969971 4831430.429993 281.269989
463547.979980 4831430.420013 281.309998
463547.969971 4831430.420013 281.369995
463547.969971 4831430.420013 281.440002
463547.969971 4831429.929993 281.029999
463547.880005 4831430.450012 281.690002
463547.950012 4831430.440002 281.119995
463547.960022 4831430.440002 281.220001
463547.960022 4831430.450012 281.290009
463547.960022 4831430.459991 281.350006
463547.969971 4831430.459991 281.399994
463547.979980 4831430.459991 281.440002
463547.979980 4831430.459991 281.489990
463547.840027 4831430.290009 281.119995
463547.869995 4831430.269989 281.119995
463547.929993 4831430.380005 281.640015
463547.969971 4831430.350006 281.179993
463547.950012 4831430.390015 281.269989
463547.950012 4831430.410004 281.350006
463547.960022 4831430.420013 281.399994
463547.969971 4831430.429993 281.450012
463547.940002 4831430.410004 280.850006
463547.979980 4831430.429993 281.049988
463548.000000 4831430.429993 281.079987
463548.010010 4831430.429993 281.130005
463548.070007 4831430.399994 281.160004
463548.080017 4831430.399994 281.200012
463547.929993 4831430.369995 281.190002
463547.929993 4831430.359985 281.119995
463547.960022 4831429.950012 280.820007
463548.099976 4831430.339996 281.220001
463548.000000 4831430.339996 281.420013
463547.969971 4831430.309998 281.279999
463547.950012 4831430.320007 281.269989
463547.979980 4831430.320007 281.089996
463547.770020 4831430.359985 281.309998
463547.809998 4831430.450012 281.200012
463547.809998 4831430.440002 281.309998
463547.940002 4831430.459991 280.850006
463547.940002 4831430.440002 281.119995
463547.950012 4831430.429993 281.160004
463547.960022 4831430.420013 281.260010
463547.969971 4831430.399994 281.309998
463548.090027 4831430.390015 281.320007
463548.070007 4831430.369995 281.209991
463548.049988 4831430.380005 281.220001
463547.969971 4831430.329987 281.529999
463547.909973 4831430.290009 281.790009
463547.979980 4831430.329987 281.179993
463547.960022 4831430.329987 281.209991
463547.909973 4831430.339996 281.279999
463548.020020 4831430.170013 280.809998
463547.760010 4831430.410004 281.369995
463547.799988 4831430.390015 281.339996
463547.820007 4831430.380005 281.309998
463547.840027 4831430.380005 281.269989
463547.859985 4831430.359985 281.239990
463547.900024 4831430.390015 281.200012
463547.919983 4831430.380005 281.190002
463547.940002 4831430.369995 281.170013
463547.960022 4831430.350006 281.160004
463547.979980 4831430.350006 281.119995
463547.989990 4831430.350006 281.510010
463547.979980 4831430.369995 281.380005
463547.989990 4831430.359985 281.359985
463548.000000 4831430.359985 281.290009
463548.010010 4831430.359985 281.239990
463548.030029 4831430.350006 281.209991
463548.030029 4831430.359985 281.540009
463548.030029 4831430.369995 281.450012
463548.030029 4831430.380005 281.369995
463548.049988 4831430.380005 281.190002
463548.030029 4831430.329987 281.670013
463548.090027 4831430.359985 281.700012
463548.090027 4831430.359985 281.630005
463548.070007 4831430.350006 281.459991
463548.059998 4831430.339996 281.369995
463548.039978 4831430.399994 281.290009
463548.049988 4831430.380005 281.170013
463548.020020 4831430.410004 281.470001
463548.059998 4831430.380005 281.429993
463548.049988 4831430.359985 281.359985
463547.929993 4831430.920013 280.890015
463547.929993 4831430.519989 281.130005
463547.900024 4831430.890015 280.869995
463547.869995 4831430.869995 280.959991
463547.890015 4831430.920013 281.000000
463547.909973 4831430.880005 280.880005
463547.890015 4831430.869995 280.959991
463547.880005 4831430.920013 281.019989
463547.950012 4831430.529999 280.820007
463547.969971 4831430.529999 280.820007
463547.940002 4831430.470001 281.070007
463547.929993 4831430.470001 280.880005
463548.000000 4831430.470001 281.190002
463548.020020 4831430.489990 281.410004
463548.059998 4831430.470001 281.279999
463548.080017 4831430.480011 281.459991
463548.020020 4831430.470001 281.450012
463548.000000 4831430.559998 281.359985
463547.979980 4831430.470001 281.130005
463547.960022 4831430.500000 281.220001
463547.969971 4831430.500000 281.160004
463547.979980 4831430.470001 281.070007
463547.919983 4831430.489990 280.980011
463547.909973 4831430.920013 280.820007
463547.900024 4831430.920013 280.880005
463547.880005 4831430.470001 281.059998
463548.090027 4831430.500000 281.440002
463547.960022 4831430.529999 280.829987
463547.890015 4831430.880005 280.899994
463547.989990 4831430.489990 281.059998
463547.960022 4831430.480011 281.299988
463547.919983 4831430.920013 281.220001
463548.039978 4831430.480011 281.519989
463547.950012 4831430.920013 280.820007
463547.909973 4831430.839996 280.970001
