463548.010010 4831431.410004 282.670013
463548.010010 4831431.420013 282.609985
463548.340027 4831431.369995 282.769989
463548.380005 4831431.369995 282.799988
463548.369995 4831431.390015 282.790009
463548.369995 4831431.380005 282.799988
463548.090027 4831431.730011 282.290009
463548.070007 4831431.709991 282.269989
463548.099976 4831431.730011 282.170013
463548.070007 4831431.690002 282.179993
463548.030029 4831431.549988 282.609985
463548.049988 4831431.630005 282.470001
463548.039978 4831431.679993 282.390015
463548.039978 4831431.730011 282.390015
463548.729980 4831431.820007 282.950012
463549.150024 4831431.640015 282.029999
463549.090027 4831431.609985 282.010010
463549.150024 4831431.649994 282.019989
463549.130005 4831431.640015 282.010010
463549.090027 4831431.829987 282.010010
463549.070007 4831431.809998 282.049988
463549.099976 4831431.730011 282.070007
463549.119995 4831431.730011 282.029999
463549.080017 4831431.809998 282.019989
463549.270020 4831431.540009 282.619995
463548.070007 4831430.390015 282.339996
463548.090027 4831430.350006 282.329987
463548.099976 4831430.350006 282.279999
463548.080017 4831430.320007 282.269989
463548.080017 4831430.380005 282.339996
463548.109985 4831430.350006 282.369995
463548.099976 4831430.350006 282.329987
463548.140015 4831430.369995 282.250000
463548.010010 4831430.429993 282.029999
463548.150024 4831430.380005 282.329987
463548.039978 4831430.459991 282.359985
463548.039978 4831430.450012 282.299988
463548.179993 4831430.390015 282.339996
463548.159973 4831430.329987 282.250000
463548.169983 4831430.260010 282.489990
463548.070007 4831430.329987 282.320007
463548.099976 4831430.559998 282.609985
463548.109985 4831430.540009 282.500000
463548.020020 4831431.179993 282.040009
463548.010010 4831430.489990 282.329987
463548.010010 4831430.489990 282.279999
463548.020020 4831430.480011 282.029999
463548.059998 4831430.470001 282.630005
463548.260010 4831430.329987 282.220001
463548.250000 4831430.359985 282.209991
463548.229980 4831430.359985 282.220001
463548.219971 4831430.339996 282.190002
463548.229980 4831430.260010 282.440002
463548.250000 4831430.239990 282.109985
463548.950012 4831430.269989 282.630005
463548.979980 4831430.320007 282.640015
463548.229980 4831430.369995 282.510010
463548.190002 4831430.390015 282.549988
463548.280029 4831430.459991 282.399994
463548.190002 4831430.399994 282.429993
463548.250000 4831430.390015 282.410004
463548.229980 4831430.420013 282.399994
463548.239990 4831430.420013 282.359985
463548.250000 4831430.390015 282.459991
463548.210022 4831430.399994 282.399994
463548.229980 4831430.410004 282.369995
463548.229980 4831430.410004 282.309998
463548.219971 4831430.369995 282.510010
463548.190002 4831430.320007 282.239990
463549.239990 4831430.049988 282.500000
463548.500000 4831430.779999 282.279999
463548.440002 4831431.299988 282.739990
463548.539978 4831430.739990 282.279999
463548.570007 4831430.799988 282.260010
463548.559998 4831430.850006 282.290009
463548.580017 4831430.880005 282.309998
463548.549988 4831430.839996 282.250000
463548.590027 4831430.890015 282.480011
463548.640015 4831431.010010 282.309998
463548.400024 4831431.290009 282.739990
463548.390015 4831431.309998 282.790009
463548.369995 4831431.269989 282.709991
463548.390015 4831431.299988 282.769989
463548.390015 4831431.290009 282.750000
463548.570007 4831430.799988 282.299988
463548.669983 4831431.000000 282.380005
463548.590027 4831430.920013 282.440002
463548.570007 4831430.850006 282.230011
463548.580017 4831430.880005 282.290009
463548.559998 4831430.820007 282.250000
463548.590027 4831430.920013 282.420013
463548.590027 4831430.929993 282.459991
463548.609985 4831430.950012 282.420013
463548.559998 4831430.769989 282.230011
463548.650024 4831430.970001 282.399994
463548.659973 4831431.000000 282.380005
463548.650024 4831430.980011 282.429993
463548.679993 4831430.959991 282.250000
463548.669983 4831430.980011 282.350006
463548.590027 4831430.880005 282.279999
463548.599976 4831430.929993 282.390015
463548.609985 4831430.899994 282.269989
463548.559998 4831430.829987 282.220001
463548.570007 4831430.850006 282.250000
463548.559998 4831430.859985 282.250000
463548.599976 4831430.920013 282.220001
463548.590027 4831430.850006 282.309998
463548.570007 4831430.829987 282.269989
463548.599976 4831430.880005 282.260010
463548.599976 4831430.980011 282.239990
463548.609985 4831431.000000 282.220001
463548.619995 4831431.029999 282.239990
463548.479980 4831430.869995 282.250000
463548.570007 4831430.910004 282.220001
463548.570007 4831430.959991 282.390015
463548.599976 4831430.910004 282.420013
463548.570007 4831430.799988 282.230011
463548.349976 4831431.329987 282.769989
463548.330017 4831431.220001 282.700012
463548.640015 4831430.970001 282.450012
463548.599976 4831430.910004 282.500000
463548.659973 4831430.959991 282.339996
463548.309998 4831430.489990 282.399994
463548.570007 4831430.959991 282.429993
463548.640015 4831431.040009 282.290009
463548.530029 4831430.940002 282.429993
463548.380005 4831431.250000 282.709991
463548.669983 4831430.899994 282.309998
463548.210022 4831431.260010 282.809998
463548.539978 4831430.829987 282.190002
463548.539978 4831430.859985 282.179993
463548.390015 4831431.260010 282.730011
463548.380005 4831431.309998 282.760010
463548.380005 4831431.260010 282.779999
463548.369995 4831431.299988 282.730011
463548.369995 4831431.339996 282.779999
463548.369995 4831431.260010 282.779999
463548.359985 4831431.299988 282.720001
463548.369995 4831431.339996 282.809998
463548.369995 4831431.279999 282.769989
463548.369995 4831431.309998 282.720001
463548.369995 4831431.329987 282.720001
463548.380005 4831431.230011 282.760010
463548.369995 4831431.290009 282.720001
463548.369995 4831431.320007 282.700012
463548.400024 4831431.290009 282.790009
463548.429993 4831431.329987 282.760010
463548.390015 4831431.350006 282.799988
463548.390015 4831431.269989 282.750000
463548.390015 4831431.290009 282.790009
463548.380005 4831431.329987 282.700012
463548.369995 4831431.250000 282.820007
463548.369995 4831431.290009 282.730011
463548.359985 4831431.309998 282.709991
463548.359985 4831431.350006 282.790009
463548.369995 4831431.290009 282.730011
463548.369995 4831431.320007 282.709991
463548.369995 4831431.339996 282.799988
463548.359985 4831431.369995 282.730011
463548.380005 4831431.260010 282.790009
463548.369995 4831431.299988 282.720001
463548.369995 4831431.329987 282.700012
463548.369995 4831431.339996 282.799988
463548.369995 4831431.239990 282.799988
463548.359985 4831431.269989 282.760010
463548.359985 4831431.299988 282.700012
463548.359985 4831431.339996 282.779999
463548.359985 4831431.250000 282.709991
463548.530029 4831430.720001 282.239990
463548.530029 4831430.760010 282.250000
463548.530029 4831430.809998 282.239990
463548.580017 4831430.880005 282.220001
463548.580017 4831430.910004 282.489990
463549.000000 4831430.480011 282.640015
463548.559998 4831430.829987 282.309998
463548.599976 4831430.880005 282.269989
463548.659973 4831430.670013 282.019989
463548.369995 4831431.279999 282.769989
463548.349976 4831431.299988 282.779999
463548.330017 4831431.309998 282.799988
463548.380005 4831431.209991 282.739990
463548.530029 4831430.880005 282.209991
463548.510010 4831430.809998 282.299988
463548.419983 4831431.239990 282.730011
463548.359985 4831431.269989 282.809998
463548.530029 4831430.799988 282.230011
463549.140015 4831431.089996 282.019989
463548.270020 4831431.299988 282.880005
463548.400024 4831431.250000 282.739990
463548.239990 4831431.290009 282.799988
463548.619995 4831430.619995 282.010010
463549.640015 4831430.720001 282.100006
463549.609985 4831430.739990 282.100006
463549.549988 4831430.769989 282.040009
463549.599976 4831430.750000 282.040009
463549.489990 4831430.760010 282.059998
463549.489990 4831430.769989 282.089996
463549.349976 4831430.970001 282.149994
463549.320007 4831430.950012 282.190002
463549.299988 4831430.920013 282.230011
463549.520020 4831430.760010 282.119995
463549.510010 4831430.730011 282.109985
463549.359985 4831430.920013 282.260010
463549.289978 4831431.000000 282.059998
463549.250000 4831431.019989 282.079987
463549.260010 4831431.040009 282.079987
463549.330017 4831430.989990 282.239990
463549.330017 4831431.000000 282.119995
463549.320007 4831430.989990 282.239990
463549.330017 4831431.010010 282.190002
463549.330017 4831430.970001 282.190002
463549.340027 4831431.010010 282.250000
463549.309998 4831431.000000 282.260010
463549.320007 4831431.019989 282.269989
463549.280029 4831431.000000 282.109985
463549.289978 4831431.029999 282.140015
463549.280029 4831431.089996 282.269989
463549.299988 4831430.970001 282.059998
463549.289978 4831430.989990 282.170013
463549.320007 4831430.970001 282.130005
463549.309998 4831430.989990 282.230011
463549.340027 4831430.940002 282.109985
463549.340027 4831430.980011 282.260010
463549.309998 4831431.000000 282.119995
463549.320007 4831431.010010 282.209991
463549.320007 4831430.950012 282.019989
463549.349976 4831430.920013 282.100006
463549.359985 4831431.040009 282.149994
463549.440002 4831431.029999 282.660004
463549.320007 4831431.040009 282.250000
463549.309998 4831431.040009 282.250000
463549.309998 4831431.059998 282.100006
463549.270020 4831431.019989 282.079987
463549.299988 4831431.029999 282.130005
463549.330017 4831431.000000 282.170013
463549.340027 4831431.010010 282.230011
463549.289978 4831430.980011 282.019989
463549.510010 4831430.690002 282.059998
463549.489990 4831430.750000 282.140015
463549.469971 4831430.760010 282.140015
463549.510010 4831430.709991 282.140015
463549.299988 4831430.869995 282.279999
463549.479980 4831430.739990 282.019989
463549.359985 4831430.929993 282.049988
463549.299988 4831430.959991 282.149994
463549.289978 4831430.989990 282.239990
463549.309998 4831431.019989 282.220001
463549.309998 4831430.989990 282.290009
463549.349976 4831430.959991 282.269989
463549.299988 4831431.049988 282.160004
463549.320007 4831431.049988 282.230011
463549.400024 4831430.880005 282.029999
463549.419983 4831430.809998 282.079987
463549.299988 4831430.880005 282.179993
463549.270020 4831430.869995 282.269989
463549.369995 4831430.829987 282.029999
463549.390015 4831430.989990 282.290009
463549.400024 4831430.980011 282.260010
463549.450012 4831430.940002 282.170013
463549.359985 4831430.890015 282.010010
