463548.039978 4831429.709991 281.609985
463548.030029 4831429.700012 281.679993
463548.039978 4831429.709991 281.709991
463548.020020 4831429.750000 281.510010
463548.020020 4831429.730011 281.570007
463548.020020 4831429.730011 281.630005
463548.010010 4831429.720001 281.690002
463548.010010 4831429.720001 281.750000
463548.059998 4831429.859985 281.070007
463548.039978 4831429.809998 281.170013
463548.020020 4831429.760010 281.329987
463548.010010 4831429.739990 281.470001
463548.020020 4831429.750000 281.510010
463548.010010 4831429.739990 281.619995
463548.010010 4831429.730011 281.679993
463548.030029 4831429.760010 281.369995
463548.020020 4831429.750000 281.489990
463548.020020 4831429.739990 281.549988
463548.020020 4831429.739990 281.600006
463548.020020 4831429.730011 281.670013
463548.010010 4831429.720001 281.739990
463548.010010 4831429.720001 281.500000
463548.020020 4831429.739990 281.529999
463548.020020 4831429.739990 281.589996
463548.020020 4831429.720001 281.660004
463548.010010 4831429.720001 281.720001
463548.010010 4831429.709991 281.519989
463548.030029 4831429.750000 281.519989
463548.030029 4831429.739990 281.579987
463548.020020 4831429.720001 281.649994
463548.020020 4831429.720001 281.700012
463548.059998 4831429.859985 281.049988
463548.059998 4831429.850006 281.109985
463548.039978 4831429.809998 281.200012
463548.010010 4831429.760010 281.359985
463548.010010 4831429.739990 281.480011
463548.010010 4831429.750000 281.519989
463548.010010 4831429.739990 281.640015
463548.049988 4831429.869995 281.019989
463548.039978 4831429.859985 281.100006
463548.030029 4831429.829987 281.179993
463548.010010 4831429.799988 281.269989
463548.010010 4831429.799988 281.329987
463548.039978 4831429.910004 280.950012
463548.030029 4831429.899994 281.010010
463548.030029 4831429.880005 281.070007
463548.030029 4831429.890015 281.109985
463548.010010 4831429.839996 281.220001
463548.020020 4831429.619995 281.989990
463548.020020 4831429.739990 281.260010
463548.059998 4831429.799988 281.250000
463548.010010 4831429.760010 281.359985
463548.010010 4831429.760010 281.410004
463548.020020 4831429.829987 281.109985
463548.010010 4831429.820007 281.170013
463548.020020 4831429.899994 280.859985
463548.020020 4831429.910004 280.920013
463548.020020 4831429.920013 280.959991
463548.020020 4831429.619995 281.929993
463548.010010 4831429.750000 281.299988
463548.010010 4831429.839996 281.029999
463548.010010 4831429.859985 280.899994
463548.010010 4831429.910004 280.739990
463548.010010 4831429.929993 280.799988
463548.010010 4831429.929993 280.579987
463548.039978 4831430.019989 280.549988
463548.030029 4831430.000000 280.609985
463548.020020 4831429.980011 280.790009
463548.010010 4831429.959991 280.859985
463548.059998 4831429.929993 280.760010
463548.010010 4831429.940002 280.839996
463548.010010 4831429.940002 280.630005
463548.080017 4831429.920013 280.589996
463548.070007 4831429.880005 280.769989
463548.119995 4831429.869995 280.739990
463548.090027 4831429.820007 281.040009
463548.090027 4831429.809998 281.000000
463548.080017 4831429.769989 281.179993
463548.090027 4831429.779999 281.109985
463548.090027 4831429.730011 281.190002
463548.080017 4831429.690002 281.440002
463548.070007 4831429.660004 281.410004
463548.070007 4831429.649994 281.690002
463548.090027 4831429.649994 281.619995
463548.099976 4831429.660004 281.549988
463548.109985 4831429.649994 281.510010
463548.119995 4831429.619995 281.690002
463548.090027 4831429.899994 280.880005
463548.090027 4831429.910004 280.799988
463548.090027 4831429.920013 280.730011
463548.099976 4831429.929993 280.660004
463548.049988 4831429.760010 281.290009
463548.099976 4831429.850006 281.029999
463548.099976 4831429.850006 280.980011
463548.099976 4831429.869995 280.899994
463548.109985 4831429.880005 280.829987
463548.119995 4831429.910004 280.720001
463548.109985 4831429.880005 280.709991
463548.080017 4831429.700012 281.540009
463548.099976 4831429.750000 281.239990
463548.109985 4831429.769989 281.140015
463548.119995 4831429.799988 281.040009
463548.109985 4831429.660004 281.609985
463548.109985 4831429.670013 281.540009
463548.109985 4831429.660004 281.489990
463548.109985 4831429.679993 281.250000
463548.080017 4831430.010010 280.600006
463548.080017 4831429.989990 280.510010
463548.080017 4831429.970001 280.459991
463548.070007 4831429.959991 280.440002
463548.039978 4831429.989990 280.859985
463548.090027 4831430.010010 280.600006
463548.090027 4831430.010010 280.429993
463548.099976 4831429.980011 280.640015
463548.090027 4831429.950012 280.630005
463548.090027 4831429.970001 280.549988
463548.099976 4831429.980011 280.470001
463548.109985 4831429.950012 280.519989
463548.099976 4831429.940002 280.579987
463548.090027 4831430.010010 280.390015
463548.010010 4831429.779999 281.350006
463548.030029 4831429.720001 281.540009
463548.020020 4831429.839996 281.980011
463548.010010 4831429.899994 280.929993
463548.010010 4831429.880005 281.019989
463548.010010 4831429.920013 280.950012
463548.010010 4831429.929993 281.029999
463548.020020 4831429.970001 280.679993
463548.039978 4831429.559998 281.980011
463548.020020 4831429.760010 281.750000
463548.020020 4831429.769989 281.350006
463548.030029 4831429.790009 281.309998
463548.010010 4831429.859985 281.279999
463548.010010 4831429.859985 281.220001
463548.030029 4831429.890015 281.149994
463548.039978 4831429.910004 281.070007
463548.020020 4831429.720001 281.750000
463548.020020 4831429.779999 281.529999
463548.020020 4831429.790009 281.500000
463548.030029 4831429.779999 281.440002
463548.010010 4831429.809998 281.339996
463548.010010 4831429.839996 281.239990
463548.020020 4831429.859985 281.220001
463548.020020 4831429.880005 281.109985
463548.030029 4831429.899994 281.070007
463548.039978 4831429.910004 281.029999
463548.010010 4831429.910004 281.040009
463548.020020 4831429.920013 281.000000
463548.030029 4831429.929993 280.950012
463548.030029 4831429.720001 281.750000
463548.010010 4831429.940002 280.959991
463548.010010 4831429.739990 281.260010
463548.010010 4831429.769989 281.440002
463548.010010 4831429.799988 281.299988
463548.020020 4831429.809998 281.299988
463548.010010 4831429.829987 281.179993
463548.020020 4831429.820007 281.220001
463548.010010 4831429.820007 281.279999
463548.020020 4831429.820007 281.209991
463548.020020 4831429.820007 281.250000
463548.010010 4831429.839996 281.200012
463548.099976 4831429.690002 282.000000
463548.020020 4831429.829987 280.850006
463548.039978 4831429.510010 281.989990
463548.010010 4831429.640015 281.209991
463548.010010 4831430.019989 280.390015
463548.010010 4831429.630005 281.739990
463548.030029 4831429.690002 281.660004
463548.049988 4831429.690002 281.619995
463548.049988 4831429.690002 281.549988
463548.020020 4831429.730011 281.350006
463548.010010 4831429.820007 281.269989
463548.020020 4831429.809998 281.239990
463548.039978 4831429.799988 281.230011
463548.020020 4831429.899994 281.019989
463548.039978 4831429.540009 281.910004
463548.020020 4831429.600006 282.000000
463548.030029 4831429.589996 281.959991
463548.020020 4831429.630005 281.929993
463548.030029 4831429.750000 281.359985
463548.020020 4831429.750000 281.260010
463548.039978 4831429.920013 280.850006
463548.030029 4831429.910004 280.750000
463548.039978 4831429.660004 281.739990
463548.049988 4831429.779999 281.380005
463548.030029 4831429.839996 281.109985
463548.039978 4831429.829987 281.070007
463548.049988 4831429.899994 280.959991
463548.010010 4831430.010010 280.640015
463548.039978 4831430.019989 280.529999
463548.659973 4831429.109985 280.250000
463548.640015 4831429.089996 280.239990
463549.140015 4831429.410004 281.489990
463548.880005 4831429.089996 280.320007
463549.130005 4831429.040009 281.869995
463549.159973 4831429.440002 281.450012
463549.130005 4831429.019989 281.820007
463549.169983 4831429.390015 281.510010
463548.880005 4831429.149994 280.250000
463548.400024 4831429.420013 281.929993
463549.140015 4831429.429993 281.529999
463549.229980 4831429.350006 281.019989
463549.289978 4831429.109985 280.910004
463549.210022 4831429.079987 281.790009
463549.390015 4831428.589996 281.329987
463549.219971 4831429.089996 281.799988
463549.109985 4831429.690002 281.190002
463548.969971 4831429.820007 280.489990
463548.900024 4831429.850006 280.230011
463549.119995 4831429.609985 281.589996
463549.140015 4831429.640015 281.119995
463549.090027 4831429.640015 281.420013
463549.049988 4831429.720001 281.040009
463549.159973 4831429.829987 280.350006
463548.989990 4831429.700012 280.880005
463549.119995 4831429.880005 280.269989
463549.020020 4831429.790009 280.570007
463549.000000 4831429.769989 280.649994
463549.039978 4831429.869995 280.230011
463548.960022 4831429.790009 280.450012
463548.950012 4831429.790009 280.500000
463548.960022 4831429.829987 280.570007
463548.969971 4831429.890015 280.739990
463548.940002 4831429.809998 280.329987
463548.929993 4831429.809998 280.390015
463548.940002 4831429.829987 280.420013
463548.929993 4831429.829987 280.489990
463548.929993 4831429.910004 280.779999
463548.909973 4831429.850006 280.329987
463548.950012 4831429.790009 280.410004
463548.929993 4831429.799988 280.480011
463548.890015 4831429.820007 280.320007
463548.849976 4831429.799988 280.410004
463548.820007 4831429.829987 280.220001
463548.940002 4831429.929993 280.809998
463549.010010 4831429.750000 280.369995
463549.039978 4831429.730011 280.500000
463549.190002 4831429.609985 280.890015
463549.039978 4831429.850006 280.700012
463549.159973 4831429.619995 281.170013
463549.150024 4831429.640015 281.029999
463549.159973 4831429.470001 281.450012
463549.140015 4831429.570007 281.529999
463549.119995 4831429.579987 281.609985
463549.090027 4831429.570007 281.540009
463549.099976 4831429.589996 281.559998
463549.119995 4831429.619995 281.549988
463549.010010 4831429.679993 281.100006
463548.989990 4831429.690002 280.940002
463549.000000 4831429.709991 280.970001
463548.969971 4831429.739990 280.829987
463548.890015 4831429.799988 280.369995
463548.890015 4831429.820007 280.399994
463548.929993 4831429.820007 280.390015
463548.900024 4831429.799988 280.450012
463548.950012 4831429.799988 280.609985
463548.929993 4831429.750000 280.529999
463549.080017 4831429.829987 280.359985
463548.960022 4831429.730011 280.700012
463548.979980 4831429.720001 280.920013
463548.989990 4831429.709991 280.769989
463548.989990 4831429.690002 280.679993
463549.010010 4831429.720001 280.970001
463549.000000 4831429.690002 280.950012
463549.020020 4831429.660004 280.709991
463549.039978 4831429.700012 281.079987
463549.020020 4831429.679993 281.079987
463549.020020 4831429.600006 280.779999
463549.080017 4831429.709991 281.109985
463549.059998 4831429.690002 281.149994
463549.099976 4831429.630005 281.450012
463549.090027 4831429.609985 281.429993
463549.109985 4831429.619995 281.540009
463549.099976 4831429.600006 281.549988
463549.119995 4831429.570007 281.640015
463549.190002 4831429.559998 281.809998
463549.169983 4831429.540009 281.890015
463549.190002 4831429.519989 281.970001
463549.169983 4831429.500000 281.959991
463548.950012 4831429.859985 280.720001
463548.919983 4831429.829987 280.420013
463548.900024 4831429.799988 280.410004
463548.979980 4831429.809998 280.640015
463548.960022 4831429.790009 280.640015
463549.039978 4831429.709991 281.070007
463549.030029 4831429.690002 281.100006
463549.169983 4831429.730011 281.600006
463549.090027 4831429.630005 281.510010
463549.130005 4831429.609985 281.609985
463549.109985 4831429.589996 281.600006
463549.109985 4831429.540009 281.390015
463549.179993 4831429.549988 281.920013
463548.929993 4831429.920013 280.799988
463548.960022 4831429.769989 280.649994
463548.919983 4831429.790009 280.470001
463549.039978 4831429.739990 281.119995
463549.049988 4831429.760010 281.089996
463548.989990 4831429.519989 281.950012
463549.099976 4831429.619995 281.609985
463549.179993 4831429.850006 281.959991
463549.020020 4831429.649994 280.970001
463549.030029 4831429.709991 281.140015
463549.039978 4831429.739990 281.149994
463548.950012 4831429.779999 280.839996
463549.080017 4831429.880005 280.380005
463548.929993 4831429.880005 280.720001
463548.940002 4831429.910004 280.709991
463548.989990 4831429.869995 280.309998
463548.890015 4831429.869995 280.690002
463548.830017 4831429.899994 280.260010
463548.780029 4831429.910004 280.239990
463548.880005 4831429.940002 280.839996
463548.840027 4831429.929993 280.279999
463548.960022 4831429.809998 280.649994
463548.979980 4831429.820007 280.640015
463549.080017 4831429.649994 281.429993
463549.059998 4831429.630005 281.450012
463549.099976 4831429.649994 281.489990
463549.130005 4831429.619995 281.579987
463548.789978 4831429.829987 280.290009
463549.000000 4831429.799988 280.799988
463549.059998 4831429.579987 280.790009
463549.039978 4831429.549988 280.799988
463549.179993 4831429.579987 282.000000
463548.780029 4831429.929993 280.600006
463549.020020 4831429.859985 280.600006
463549.030029 4831429.880005 280.299988
463549.010010 4831429.799988 280.929993
463549.080017 4831429.859985 280.339996
463548.960022 4831429.839996 280.559998
463548.969971 4831429.839996 280.510010
463549.020020 4831429.880005 280.299988
463549.169983 4831429.600006 281.940002
463549.090027 4831429.679993 281.450012
463549.059998 4831429.679993 281.480011
463549.080017 4831429.690002 281.450012
463549.090027 4831429.700012 281.410004
463548.869995 4831429.670013 281.459991
463549.000000 4831429.750000 281.119995
463549.020020 4831429.760010 281.100006
463549.030029 4831429.769989 281.070007
463549.039978 4831429.799988 281.059998
463548.979980 4831429.769989 281.019989
463548.919983 4831429.839996 280.660004
463548.960022 4831429.859985 280.589996
463548.859985 4831429.880005 280.339996
463548.869995 4831429.899994 280.309998
463548.890015 4831429.899994 280.260010
463548.789978 4831429.899994 280.339996
463548.799988 4831429.880005 280.279999
463548.830017 4831429.910004 280.230011
463548.929993 4831429.869995 280.299988
463548.900024 4831429.829987 280.480011
463548.900024 4831429.899994 280.750000
463548.979980 4831429.880005 280.369995
463548.929993 4831429.829987 280.619995
463548.919983 4831429.809998 280.649994
463548.919983 4831429.820007 280.720001
463548.960022 4831429.799988 280.720001
463548.960022 4831429.790009 280.769989
463548.950012 4831429.799988 280.829987
463548.979980 4831429.720001 280.769989
463548.969971 4831429.760010 281.010010
463549.000000 4831429.670013 280.920013
463549.000000 4831429.690002 281.000000
463549.030029 4831429.630005 280.950012
463548.880005 4831429.910004 280.239990
463548.869995 4831429.910004 280.290009
463548.859985 4831429.890015 280.320007
463548.869995 4831429.899994 280.380005
463548.919983 4831429.880005 280.510010
463548.909973 4831429.859985 280.540009
463548.929993 4831429.869995 280.709991
463548.940002 4831429.839996 280.470001
463548.940002 4831429.829987 280.779999
463548.969971 4831429.809998 280.779999
463548.969971 4831429.809998 280.829987
463549.049988 4831429.880005 280.339996
463549.010010 4831429.790009 280.829987
463549.000000 4831429.769989 280.980011
463549.090027 4831429.880005 280.359985
463549.030029 4831429.739990 280.959991
463549.020020 4831429.679993 280.899994
463548.890015 4831429.880005 280.279999
463548.909973 4831429.880005 280.350006
463548.909973 4831429.880005 280.399994
463548.960022 4831429.869995 280.700012
463548.929993 4831429.829987 280.700012
463548.979980 4831429.839996 280.890015
463548.940002 4831429.890015 280.269989
463548.950012 4831429.839996 280.500000
463548.979980 4831429.859985 280.589996
463548.969971 4831429.839996 280.619995
463548.969971 4831429.829987 280.660004
463548.960022 4831429.809998 280.700012
463548.979980 4831429.820007 280.769989
463549.000000 4831429.820007 280.839996
463548.979980 4831429.779999 280.910004
463548.989990 4831429.880005 280.309998
463548.989990 4831429.799988 280.630005
463549.020020 4831429.799988 280.799988
463549.020020 4831429.790009 280.839996
463548.880005 4831429.959991 280.809998
463549.020020 4831429.600006 280.970001
463549.049988 4831429.670013 281.489990
463548.940002 4831429.790009 280.799988
463548.940002 4831429.809998 280.880005
463548.929993 4831429.869995 280.720001
463548.919983 4831429.899994 280.720001
463548.840027 4831429.859985 280.399994
463549.150024 4831429.609985 281.920013
463549.109985 4831429.649994 281.670013
463549.099976 4831429.730011 281.670013
463549.059998 4831429.630005 281.670013
463549.059998 4831429.660004 281.579987
463549.070007 4831429.690002 281.529999
463549.080017 4831429.809998 280.799988
463549.010010 4831429.750000 281.149994
463549.020020 4831429.790009 281.019989
463548.940002 4831429.760010 280.899994
463548.940002 4831429.790009 280.880005
463548.989990 4831429.869995 280.399994
463548.940002 4831429.839996 280.890015
463548.929993 4831429.839996 280.670013
463548.950012 4831429.880005 280.489990
463548.890015 4831429.910004 280.730011
463548.830017 4831429.799988 280.250000
463549.159973 4831429.859985 281.929993
463549.109985 4831429.829987 281.869995
463549.010010 4831429.760010 281.000000
463549.059998 4831429.799988 280.850006
463548.960022 4831429.750000 281.070007
463548.880005 4831429.809998 280.519989
463548.859985 4831429.859985 280.399994
463548.830017 4831429.829987 280.350006
463548.969971 4831429.940002 280.239990
463548.890015 4831429.929993 280.750000
463548.880005 4831429.950012 280.820007
463549.200012 4831429.570007 281.859985
463548.979980 4831429.850006 280.309998
463548.820007 4831429.839996 280.260010
463548.880005 4831429.820007 280.410004
463548.900024 4831429.820007 280.450012
463548.909973 4831429.820007 280.489990
463548.880005 4831429.850006 280.589996
463548.960022 4831429.829987 280.809998
463548.979980 4831429.829987 280.910004
463549.030029 4831429.589996 280.929993
463548.849976 4831429.859985 280.549988
463548.929993 4831429.820007 280.600006
463548.929993 4831429.839996 280.670013
463549.000000 4831429.660004 280.890015
463548.989990 4831429.670013 280.859985
463548.989990 4831429.679993 280.799988
463548.940002 4831429.700012 280.859985
463548.979980 4831429.690002 280.720001
463548.950012 4831429.709991 280.720001
463548.950012 4831429.709991 280.649994
463548.880005 4831429.750000 280.750000
463548.929993 4831429.730011 280.579987
463548.900024 4831429.760010 280.500000
463548.919983 4831429.750000 280.399994
463548.900024 4831429.769989 280.320007
463549.049988 4831429.570007 280.869995
463549.020020 4831429.609985 280.690002
463549.169983 4831429.500000 281.559998
463549.159973 4831429.519989 281.519989
463549.150024 4831429.529999 281.489990
463549.130005 4831429.570007 281.369995
463548.909973 4831429.779999 280.950012
463549.020020 4831429.660004 280.910004
463549.020020 4831429.679993 280.820007
463549.020020 4831429.700012 280.769989
463549.049988 4831429.579987 280.869995
463549.000000 4831429.630005 280.779999
463549.020020 4831429.640015 280.690002
463549.000000 4831429.649994 280.670013
463548.969971 4831429.679993 280.609985
463548.960022 4831429.709991 280.529999
463548.960022 4831429.720001 280.489990
463548.940002 4831429.730011 280.459991
463549.109985 4831429.510010 280.730011
463549.059998 4831429.540009 280.709991
463548.330017 4831429.440002 281.970001
463548.330017 4831429.459991 281.920013
463549.039978 4831429.630005 280.940002
463548.950012 4831429.829987 280.660004
463548.950012 4831429.820007 280.779999
463549.000000 4831429.769989 281.010010
463549.020020 4831429.760010 281.059998
463549.030029 4831429.750000 281.109985
463549.080017 4831429.690002 281.410004
463549.080017 4831429.679993 281.489990
463549.090027 4831429.670013 281.570007
463549.109985 4831429.649994 281.609985
463549.119995 4831429.640015 281.679993
463549.159973 4831429.600006 281.899994
463549.169983 4831429.589996 281.959991
463549.179993 4831429.690002 281.540009
463549.159973 4831429.790009 281.809998
463549.159973 4831429.579987 281.890015
463549.169983 4831429.579987 282.000000
463549.169983 4831429.630005 281.820007
463549.099976 4831429.890015 280.359985
463549.159973 4831429.609985 281.899994
463549.179993 4831429.619995 281.980011
463549.119995 4831429.609985 281.609985
463549.099976 4831429.600006 281.429993
463549.119995 4831429.660004 281.679993
463549.099976 4831429.670013 281.529999
463549.119995 4831429.679993 281.600006
463549.140015 4831429.679993 281.649994
463549.039978 4831429.619995 281.160004
463549.080017 4831429.690002 281.440002
463549.130005 4831429.709991 281.619995
463549.150024 4831429.730011 281.709991
463549.090027 4831429.700012 281.440002
463549.109985 4831429.700012 281.470001
463549.130005 4831429.760010 281.690002
463549.020020 4831429.750000 281.200012
463548.989990 4831429.769989 281.029999
463548.960022 4831429.829987 280.730011
463548.979980 4831429.829987 280.769989
463548.960022 4831429.880005 280.619995
463548.989990 4831429.880005 280.670013
463548.909973 4831429.970001 280.809998
463548.869995 4831429.940002 280.369995
463548.890015 4831429.950012 280.450012
463548.919983 4831429.929993 280.450012
463548.929993 4831429.799988 280.730011
463548.880005 4831429.809998 280.540009
463549.000000 4831429.640015 280.929993
463548.770020 4831429.570007 281.630005
463549.000000 4831429.649994 280.970001
463548.900024 4831429.760010 280.559998
463548.880005 4831429.769989 280.529999
463549.020020 4831429.519989 280.790009
463549.030029 4831429.529999 280.799988
463549.020020 4831429.529999 280.799988
463549.159973 4831429.549988 281.640015
463548.979980 4831429.829987 280.739990
463548.919983 4831429.899994 280.779999
463548.950012 4831429.890015 280.779999
463549.070007 4831429.779999 281.109985
463548.989990 4831429.859985 280.739990
463548.940002 4831429.899994 280.880005
463548.940002 4831429.910004 280.769989
463548.969971 4831429.890015 280.869995
463549.020020 4831429.709991 280.690002
463549.030029 4831429.779999 280.769989
463549.049988 4831429.760010 280.760010
463548.960022 4831429.859985 280.709991
463548.909973 4831429.839996 280.540009
463549.000000 4831429.809998 280.589996
463549.010010 4831429.790009 280.559998
463548.929993 4831429.850006 280.359985
463548.960022 4831429.839996 280.369995
463549.380005 4831429.540009 281.820007
463549.330017 4831429.829987 281.929993
463549.320007 4831429.809998 281.920013
463549.289978 4831429.730011 281.970001
463549.409973 4831429.549988 281.809998
463549.390015 4831429.519989 281.799988
463549.510010 4831429.769989 281.140015
463549.400024 4831429.600006 281.869995
463549.400024 4831429.730011 281.260010
463549.349976 4831429.600006 281.869995
463549.289978 4831429.579987 281.820007
463549.299988 4831429.589996 281.859985
463549.309998 4831429.559998 281.820007
463549.289978 4831429.549988 281.799988
463549.270020 4831429.529999 281.820007
463549.340027 4831429.540009 281.750000
463549.400024 4831429.529999 281.940002
463549.409973 4831429.459991 281.869995
463549.219971 4831429.549988 281.869995
463549.380005 4831429.559998 281.799988
463549.299988 4831429.880005 280.549988
463549.409973 4831429.779999 281.140015
463549.429993 4831429.799988 281.140015
463549.330017 4831429.929993 280.489990
463549.390015 4831429.640015 281.769989
463549.250000 4831429.619995 281.850006
463549.330017 4831429.600006 281.899994
463549.489990 4831429.769989 281.269989
463549.500000 4831429.790009 281.230011
463549.280029 4831429.609985 281.820007
463549.270020 4831429.609985 281.779999
463549.239990 4831429.559998 281.850006
463549.270020 4831429.540009 281.869995
463549.419983 4831429.600006 281.940002
463549.440002 4831429.589996 281.959991
463549.440002 4831429.459991 281.799988
463549.229980 4831429.609985 281.839996
463549.260010 4831429.619995 281.820007
463549.280029 4831429.600006 281.799988
463549.349976 4831429.570007 281.829987
463549.369995 4831429.600006 281.850006
463549.429993 4831429.510010 281.970001
463549.229980 4831429.510010 281.980011
463549.210022 4831429.540009 281.820007
463549.320007 4831429.549988 281.839996
463549.320007 4831429.570007 281.839996
463549.359985 4831429.549988 281.859985
463549.390015 4831429.559998 281.899994
463549.530029 4831429.579987 281.859985
463549.710022 4831429.510010 281.179993
463549.340027 4831429.549988 281.839996
