463549.349976 4831433.450012 281.579987
463549.359985 4831433.429993 281.609985
463549.260010 4831433.459991 281.570007
463549.369995 4831433.470001 281.609985
463549.409973 4831433.459991 281.600006
463549.369995 4831433.429993 281.619995
463549.309998 4831433.459991 281.630005
463548.849976 4831433.480011 282.140015
463548.830017 4831433.500000 282.109985
463548.820007 4831433.500000 282.149994
463548.830017 4831433.519989 281.950012
463548.830017 4831433.459991 281.970001
463548.890015 4831433.440002 281.890015
463548.770020 4831433.480011 282.190002
463548.830017 4831433.480011 282.119995
463548.840027 4831433.500000 282.140015
463548.849976 4831433.519989 282.109985
463548.780029 4831433.489990 282.179993
463548.799988 4831433.510010 282.160004
463548.869995 4831433.429993 281.959991
463548.809998 4831433.519989 281.959991
463548.760010 4831433.510010 282.130005
463548.719971 4831433.450012 282.029999
463548.869995 4831433.519989 281.950012
463548.890015 4831433.459991 281.950012
463548.659973 4831433.489990 282.029999
463548.830017 4831433.510010 282.149994
463548.849976 4831433.519989 282.140015
463548.799988 4831433.510010 282.109985
463548.890015 4831433.429993 281.929993
463548.830017 4831433.480011 281.959991
463548.849976 4831433.450012 281.970001
463548.840027 4831433.480011 281.980011
463548.869995 4831433.489990 282.140015
463548.890015 4831433.440002 281.950012
463548.840027 4831433.489990 281.959991
463548.869995 4831433.470001 281.980011
463548.869995 4831433.489990 282.130005
463548.820007 4831433.480011 282.119995
463548.710022 4831433.529999 281.910004
463548.909973 4831433.480011 281.940002
463548.890015 4831433.470001 281.940002
463548.890015 4831433.450012 281.929993
463548.900024 4831433.450012 281.950012
463548.890015 4831433.459991 281.899994
463548.900024 4831433.450012 281.929993
463548.880005 4831433.450012 281.959991
463548.750000 4831433.519989 281.950012
463548.880005 4831433.429993 281.899994
463548.739990 4831433.500000 281.970001
463548.880005 4831433.489990 281.940002
463548.700012 4831433.529999 281.880005
463548.799988 4831433.529999 282.119995
463548.859985 4831433.500000 282.140015
463548.859985 4831433.450012 281.970001
463548.809998 4831433.519989 282.079987
463548.770020 4831433.480011 282.079987
463548.820007 4831433.519989 282.109985
463548.750000 4831433.489990 282.160004
463548.830017 4831433.489990 282.149994
463548.760010 4831433.510010 282.190002
463548.739990 4831433.529999 282.170013
463548.840027 4831433.440002 281.920013
463548.770020 4831433.459991 281.970001
463548.750000 4831433.470001 281.970001
463548.710022 4831433.500000 281.929993
463548.859985 4831433.459991 281.970001
463548.780029 4831433.489990 281.959991
463548.780029 4831433.450012 281.950012
463548.710022 4831433.519989 281.890015
463548.750000 4831433.459991 282.010010
463548.710022 4831433.519989 281.880005
463548.849976 4831433.519989 281.989990
463548.799988 4831433.480011 281.970001
463548.830017 4831433.470001 281.980011
463548.849976 4831433.529999 281.989990
463549.250000 4831433.519989 281.579987
463549.320007 4831433.529999 281.579987
463549.289978 4831433.500000 281.589996
463549.250000 4831433.480011 281.579987
463549.219971 4831433.519989 281.619995
463549.309998 4831433.480011 281.570007
463549.409973 4831433.480011 281.579987
463549.359985 4831433.529999 281.850006
463549.229980 4831433.459991 281.609985
463549.289978 4831433.489990 281.589996
463549.260010 4831433.510010 281.609985
463549.250000 4831433.500000 281.619995
463549.250000 4831433.529999 281.609985
463549.239990 4831433.470001 281.600006
463549.229980 4831433.470001 281.589996
463549.270020 4831433.500000 281.609985
463549.349976 4831433.480011 281.609985
463549.309998 4831433.470001 281.600006
463549.239990 4831433.489990 281.589996
463549.289978 4831433.470001 282.040009
463549.359985 4831433.489990 281.579987
463549.390015 4831433.480011 281.589996
463549.270020 4831433.510010 281.589996
463549.330017 4831433.480011 281.589996
463549.299988 4831433.489990 281.589996
463549.320007 4831433.480011 281.579987
463549.309998 4831433.480011 281.630005
463549.030029 4831433.679993 281.609985
463548.750000 4831433.670013 282.000000
463548.789978 4831433.619995 282.070007
463548.719971 4831433.570007 282.059998
463548.729980 4831433.579987 282.130005
463548.739990 4831433.589996 282.130005
463548.719971 4831433.579987 282.109985
463548.809998 4831433.570007 282.119995
463548.799988 4831433.549988 282.109985
463548.770020 4831433.579987 282.029999
463549.179993 4831433.769989 281.559998
463548.770020 4831433.549988 282.089996
463548.739990 4831433.600006 282.089996
463548.750000 4831433.679993 282.089996
463548.669983 4831433.619995 282.079987
463548.630005 4831433.679993 282.079987
463549.090027 4831433.739990 281.690002
463548.780029 4831433.739990 281.950012
463548.799988 4831433.769989 282.000000
463549.049988 4831433.720001 281.640015
463548.770020 4831433.649994 281.989990
463549.090027 4831433.750000 281.700012
463549.099976 4831433.769989 281.700012
463549.150024 4831433.750000 281.529999
463548.619995 4831433.649994 282.059998
463548.669983 4831433.649994 282.049988
463548.739990 4831433.679993 282.089996
463548.739990 4831433.700012 282.089996
463548.710022 4831433.630005 282.109985
463548.719971 4831433.679993 282.109985
463548.789978 4831433.690002 282.000000
463549.200012 4831433.660004 281.670013
463548.719971 4831433.660004 282.059998
463548.760010 4831433.609985 282.059998
463548.710022 4831433.670013 282.079987
463548.739990 4831433.739990 282.070007
463548.700012 4831433.640015 282.059998
463548.739990 4831433.739990 282.079987
463548.729980 4831433.730011 282.089996
463548.729980 4831433.700012 282.100006
463548.770020 4831433.750000 282.109985
463548.710022 4831433.720001 282.119995
463548.789978 4831433.720001 282.109985
463548.789978 4831433.750000 282.109985
463548.809998 4831433.779999 282.109985
463548.750000 4831433.730011 282.109985
463548.700012 4831433.700012 282.130005
463548.690002 4831433.730011 282.109985
463549.099976 4831433.750000 281.619995
463549.130005 4831433.790009 281.640015
463549.010010 4831433.779999 281.679993
463549.179993 4831433.809998 281.609985
463549.080017 4831433.730011 281.640015
463548.770020 4831433.619995 281.980011
463549.190002 4831433.630005 281.529999
463549.169983 4831433.829987 281.649994
463549.059998 4831433.750000 281.649994
463549.070007 4831433.720001 281.559998
463549.090027 4831433.790009 281.609985
463548.770020 4831433.570007 281.970001
463548.789978 4831433.690002 281.920013
463548.809998 4831433.750000 282.059998
463548.690002 4831433.649994 282.119995
463548.799988 4831433.709991 282.019989
463549.070007 4831433.709991 281.640015
463548.750000 4831433.750000 281.970001
463548.780029 4831433.640015 281.980011
463549.070007 4831433.709991 281.619995
463548.700012 4831433.769989 282.040009
463548.799988 4831433.709991 282.019989
463549.090027 4831433.730011 281.670013
463548.659973 4831433.649994 282.059998
463548.750000 4831433.579987 282.089996
463548.750000 4831433.609985 282.059998
463548.750000 4831433.630005 282.089996
463548.710022 4831433.649994 282.049988
463548.710022 4831433.700012 282.079987
463548.809998 4831433.730011 282.070007
463548.809998 4831433.799988 282.059998
463548.760010 4831433.640015 282.089996
463548.700012 4831433.640015 282.079987
463548.659973 4831433.720001 282.160004
463548.799988 4831433.829987 282.109985
463548.739990 4831433.709991 282.109985
463548.650024 4831433.720001 282.140015
463548.789978 4831433.760010 282.119995
463548.789978 4831433.839996 282.100006
463548.690002 4831433.690002 282.109985
463549.130005 4831433.799988 281.609985
463548.760010 4831433.690002 281.929993
463548.789978 4831433.609985 281.989990
463548.780029 4831433.760010 282.010010
463548.760010 4831433.589996 282.059998
463548.719971 4831433.679993 282.130005
463548.750000 4831433.670013 282.100006
463549.150024 4831433.609985 281.609985
463549.080017 4831433.750000 281.660004
463549.140015 4831433.760010 281.589996
463549.200012 4831433.730011 281.660004
463548.789978 4831433.559998 282.140015
463549.159973 4831433.750000 281.500000
463549.159973 4831433.779999 281.500000
463549.130005 4831433.820007 281.589996
463549.140015 4831433.760010 281.570007
463548.729980 4831433.549988 281.929993
463548.729980 4831433.549988 281.920013
463548.719971 4831433.549988 281.899994
463549.150024 4831433.790009 281.519989
463548.719971 4831433.609985 282.049988
463548.799988 4831433.549988 282.079987
463548.729980 4831433.630005 282.079987
463548.770020 4831433.549988 282.109985
463548.739990 4831433.690002 281.959991
463548.760010 4831433.679993 282.000000
463548.780029 4831433.670013 281.989990
463548.809998 4831433.739990 281.950012
463548.690002 4831433.670013 282.029999
463548.760010 4831433.630005 281.970001
463548.760010 4831433.670013 281.950012
463548.820007 4831433.690002 281.940002
463549.150024 4831433.779999 281.630005
463548.750000 4831433.540009 281.970001
463549.099976 4831433.739990 281.700012
463549.099976 4831433.739990 281.630005
463549.109985 4831433.739990 281.589996
463549.109985 4831433.739990 281.559998
463548.719971 4831433.579987 282.070007
463548.690002 4831433.579987 282.100006
463548.799988 4831433.799988 282.119995
463549.080017 4831433.739990 281.570007
463549.059998 4831433.750000 281.619995
463549.179993 4831433.619995 281.579987
463549.140015 4831433.769989 281.489990
463549.150024 4831433.739990 281.619995
463549.190002 4831433.679993 281.670013
463549.140015 4831433.720001 281.619995
463549.090027 4831433.750000 281.570007
463549.200012 4831433.619995 281.600006
463549.090027 4831433.670013 281.529999
463548.719971 4831433.549988 281.890015
463548.750000 4831433.640015 282.100006
463548.700012 4831433.709991 282.079987
463548.729980 4831433.690002 282.109985
463549.039978 4831433.739990 281.570007
463549.179993 4831433.790009 281.630005
463548.830017 4831433.540009 281.989990
463549.039978 4831433.739990 281.679993
463549.109985 4831433.779999 281.570007
463548.690002 4831433.709991 282.019989
463549.080017 4831433.730011 281.679993
463549.210022 4831433.709991 281.690002
463549.229980 4831433.660004 281.589996
463549.210022 4831433.730011 281.589996
463549.229980 4831433.540009 281.619995
463549.239990 4831433.549988 281.549988
463549.270020 4831433.600006 281.630005
463549.229980 4831433.540009 281.649994
463549.260010 4831433.609985 281.619995
463549.229980 4831433.579987 281.600006
463549.239990 4831433.600006 281.570007
463549.219971 4831433.619995 281.670013
463549.229980 4831433.649994 281.649994
463549.239990 4831433.700012 281.579987
463549.270020 4831433.570007 281.609985
463549.280029 4831433.609985 281.649994
463549.299988 4831433.559998 281.630005
463549.280029 4831433.540009 281.630005
463549.239990 4831433.709991 281.700012
463549.210022 4831433.559998 281.619995
463549.299988 4831433.609985 281.649994
463549.239990 4831433.559998 281.549988
463549.280029 4831433.570007 281.589996
463549.250000 4831433.570007 281.600006
463549.299988 4831433.640015 281.670013
463549.260010 4831433.600006 281.630005
463549.270020 4831433.619995 281.619995
463549.270020 4831433.690002 281.700012
463549.239990 4831433.739990 281.690002
463549.229980 4831433.809998 281.679993
463549.309998 4831433.609985 281.640015
463549.239990 4831433.579987 281.570007
463549.250000 4831433.640015 281.559998
463549.250000 4831433.700012 281.700012
463549.229980 4831433.709991 281.700012
463549.250000 4831433.730011 281.609985
463549.239990 4831433.700012 281.690002
463549.219971 4831433.630005 281.529999
463549.229980 4831433.720001 281.679993
463549.210022 4831433.799988 281.670013
463549.219971 4831433.820007 281.649994
463549.250000 4831433.609985 281.640015
463549.239990 4831433.720001 281.720001
463549.229980 4831433.640015 281.600006
463549.250000 4831433.649994 281.670013
463549.219971 4831433.619995 281.670013
463549.229980 4831433.660004 281.529999
463549.210022 4831433.720001 281.679993
463549.260010 4831433.609985 281.679993
463549.270020 4831433.540009 281.589996
463549.219971 4831433.730011 281.670013
463549.229980 4831433.720001 281.670013
463549.289978 4831433.619995 281.679993
463549.320007 4831433.690002 281.709991
463549.299988 4831433.690002 281.709991
463549.270020 4831433.679993 281.720001
463549.260010 4831433.690002 281.709991
463549.320007 4831433.649994 281.690002
463549.250000 4831433.679993 281.709991
463549.270020 4831433.679993 281.720001
463549.250000 4831433.700012 281.700012
463549.309998 4831433.679993 281.720001
463549.270020 4831433.700012 281.700012
463549.270020 4831433.709991 281.720001
463549.330017 4831433.679993 281.720001
463549.270020 4831433.679993 281.720001
463549.250000 4831433.690002 281.700012
463549.380005 4831433.630005 281.640015
463549.260010 4831433.690002 281.700012
463549.270020 4831433.679993 281.720001
463549.270020 4831433.549988 281.630005
463549.260010 4831433.579987 281.630005
463549.270020 4831433.600006 281.570007
463549.219971 4831433.649994 281.570007
463549.260010 4831433.630005 281.609985
463549.250000 4831433.670013 281.630005
463549.210022 4831433.679993 281.559998
463549.260010 4831433.649994 281.529999
463549.210022 4831433.769989 281.700012
463549.270020 4831433.589996 281.589996
463549.349976 4831433.609985 281.619995
463549.229980 4831433.760010 281.690002
463549.309998 4831433.579987 281.630005
463549.229980 4831433.660004 281.579987
463549.250000 4831433.720001 281.720001
463549.280029 4831433.700012 281.730011
463549.260010 4831433.649994 281.690002
463549.270020 4831433.619995 281.609985
463549.320007 4831433.609985 281.660004
463549.309998 4831433.589996 281.579987
463549.250000 4831433.670013 281.640015
463549.289978 4831433.679993 281.709991
463549.280029 4831433.679993 281.700012
463549.270020 4831433.660004 281.619995
463549.229980 4831433.760010 281.700012
463548.729980 4831433.859985 281.329987
463548.750000 4831433.790009 281.369995
463548.880005 4831434.029999 281.380005
463548.710022 4831433.920013 281.320007
463548.799988 4831433.779999 281.329987
463548.760010 4831433.850006 281.309998
463548.700012 4831433.809998 281.339996
463548.909973 4831433.970001 281.380005
463548.929993 4831434.000000 281.369995
463548.750000 4831433.799988 281.359985
463548.760010 4831433.730011 281.369995
463548.830017 4831433.730011 281.309998
463548.929993 4831433.950012 281.350006
463548.880005 4831433.970001 281.369995
463548.979980 4831433.940002 281.339996
463548.919983 4831433.980011 281.390015
463548.909973 4831433.970001 281.320007
463548.950012 4831433.980011 281.390015
463548.960022 4831433.989990 281.359985
463548.929993 4831434.000000 281.380005
463548.909973 4831433.989990 281.380005
463548.909973 4831433.980011 281.320007
463548.900024 4831434.010010 281.350006
463548.880005 4831434.010010 281.380005
463549.000000 4831433.950012 281.359985
463548.960022 4831433.980011 281.390015
463548.979980 4831433.989990 281.359985
463548.909973 4831433.970001 281.380005
463548.929993 4831433.989990 281.369995
463548.940002 4831434.000000 281.329987
463548.880005 4831434.040009 281.380005
463548.859985 4831433.989990 281.359985
463548.929993 4831433.959991 281.359985
463548.659973 4831433.890015 281.369995
463548.950012 4831433.929993 281.320007
463548.780029 4831433.750000 281.350006
463548.760010 4831433.790009 281.339996
463548.729980 4831433.829987 281.380005
463548.929993 4831433.970001 281.369995
463548.960022 4831433.989990 281.399994
463548.950012 4831433.970001 281.399994
463548.789978 4831433.769989 281.339996
463548.770020 4831433.809998 281.339996
463548.820007 4831433.779999 281.329987
463548.820007 4831433.779999 281.309998
463548.919983 4831433.940002 281.329987
463548.940002 4831433.929993 281.320007
463548.950012 4831433.989990 281.420013
463549.320007 4831433.929993 281.309998
463549.320007 4831433.940002 281.309998
