463549.200012 4831431.630005 281.769989
463549.109985 4831431.769989 281.600006
463549.169983 4831431.649994 281.769989
463549.109985 4831431.640015 281.790009
463549.109985 4831431.670013 281.799988
463549.770020 4831431.920013 281.750000
463549.739990 4831431.779999 281.709991
463549.309998 4831431.910004 281.799988
463549.440002 4831431.670013 281.670013
463549.140015 4831431.029999 280.950012
463549.150024 4831431.029999 280.899994
463549.179993 4831430.989990 280.899994
463549.169983 4831430.970001 280.869995
463549.179993 4831431.220001 281.179993
463549.150024 4831431.089996 281.059998
463549.130005 4831431.059998 281.059998
463549.150024 4831430.940002 281.029999
463549.159973 4831430.950012 281.070007
463549.119995 4831430.940002 280.959991
463549.140015 4831431.239990 281.239990
463549.190002 4831430.940002 281.540009
463549.190002 4831430.940002 281.489990
463549.200012 4831430.970001 281.510010
463549.190002 4831430.929993 281.459991
463549.200012 4831430.970001 281.519989
463549.190002 4831430.950012 281.510010
463549.200012 4831430.970001 281.500000
463549.130005 4831430.980011 281.109985
463549.150024 4831431.000000 281.089996
463549.119995 4831430.980011 281.130005
463549.140015 4831431.000000 281.109985
463549.140015 4831430.970001 281.209991
463549.150024 4831431.000000 281.200012
463549.150024 4831431.000000 281.160004
463549.109985 4831430.970001 281.049988
463549.119995 4831431.000000 281.059998
463549.169983 4831430.970001 281.179993
463549.169983 4831430.970001 281.239990
463549.200012 4831430.929993 281.239990
463549.200012 4831430.940002 281.500000
463549.159973 4831431.000000 280.970001
463549.150024 4831430.989990 280.859985
463549.109985 4831431.220001 281.140015
463549.109985 4831431.089996 281.100006
463549.119995 4831431.000000 280.940002
463549.119995 4831430.959991 280.989990
463549.109985 4831431.010010 280.980011
463549.109985 4831430.940002 280.839996
463549.130005 4831430.959991 280.929993
463549.140015 4831430.970001 280.989990
463549.150024 4831430.980011 281.049988
463549.200012 4831430.959991 281.200012
463549.200012 4831430.959991 281.299988
463549.109985 4831430.980011 280.880005
463549.119995 4831430.980011 280.929993
463549.140015 4831430.980011 280.989990
463549.140015 4831430.980011 281.040009
463549.169983 4831430.989990 281.119995
463549.169983 4831430.980011 281.160004
463549.190002 4831430.980011 281.290009
463549.130005 4831430.940002 280.820007
463549.140015 4831430.950012 280.890015
463549.169983 4831430.959991 280.970001
463549.179993 4831430.959991 281.029999
463549.190002 4831430.950012 281.089996
463549.190002 4831430.940002 281.149994
463549.150024 4831430.959991 281.630005
463549.200012 4831430.940002 281.679993
463549.159973 4831430.940002 281.579987
463549.150024 4831430.959991 281.630005
463549.130005 4831430.950012 281.529999
463549.150024 4831430.970001 281.579987
463549.109985 4831430.950012 280.929993
463549.140015 4831430.929993 281.059998
463549.140015 4831430.940002 281.170013
463549.150024 4831430.940002 281.279999
463549.169983 4831430.950012 281.230011
463549.179993 4831430.950012 281.279999
463549.190002 4831431.260010 281.220001
463549.119995 4831430.970001 281.040009
463549.140015 4831430.959991 281.109985
463549.190002 4831430.970001 281.470001
463549.109985 4831430.970001 280.970001
463549.130005 4831430.980011 281.049988
463549.159973 4831430.989990 281.140015
463549.179993 4831430.929993 280.890015
463549.119995 4831431.029999 280.859985
463549.229980 4831430.929993 281.619995
463549.239990 4831430.980011 281.579987
463549.239990 4831430.980011 281.790009
463549.250000 4831431.010010 281.799988
463549.210022 4831430.959991 281.540009
463549.210022 4831430.940002 281.450012
463549.239990 4831430.950012 281.579987
463549.229980 4831430.959991 281.649994
463549.289978 4831430.940002 281.790009
463549.270020 4831430.970001 281.690002
463549.340027 4831431.019989 281.630005
463549.229980 4831430.970001 281.730011
463549.260010 4831431.010010 281.700012
463549.260010 4831431.010010 281.649994
463549.260010 4831431.010010 281.589996
463549.309998 4831431.029999 281.779999
463549.330017 4831431.049988 281.760010
463549.250000 4831430.989990 281.640015
463549.250000 4831430.989990 281.600006
463549.260010 4831430.989990 281.549988
463549.250000 4831430.989990 281.799988
463549.250000 4831431.010010 281.760010
463549.239990 4831431.000000 281.790009
463549.229980 4831430.970001 281.519989
463549.260010 4831430.989990 281.600006
463549.270020 4831430.980011 281.649994
463549.219971 4831430.959991 281.230011
463549.440002 4831431.429993 281.670013
463549.229980 4831430.970001 281.690002
463549.210022 4831430.959991 281.709991
463549.219971 4831430.929993 281.600006
463549.229980 4831430.940002 281.649994
463549.989990 4831431.290009 281.130005
463549.219971 4831430.989990 281.640015
463549.539978 4831431.510010 281.570007
463549.349976 4831431.500000 281.700012
463549.390015 4831431.510010 281.559998
463549.289978 4831431.500000 281.559998
463549.530029 4831431.489990 281.579987
