463549.140015 4831429.410004 281.489990
463549.130005 4831429.040009 281.869995
463549.159973 4831429.440002 281.450012
463549.130005 4831429.019989 281.820007
463549.169983 4831429.390015 281.510010
463549.140015 4831429.429993 281.529999
463549.349976 4831429.440002 282.209991
463549.229980 4831429.350006 281.019989
463549.210022 4831429.079987 281.790009
463549.219971 4831429.089996 281.799988
463549.109985 4831429.690002 281.190002
463549.119995 4831429.609985 281.589996
463549.140015 4831429.640015 281.119995
463549.090027 4831429.640015 281.420013
463549.049988 4831429.720001 281.040009
463549.159973 4831429.619995 281.170013
463549.150024 4831429.640015 281.029999
463549.190002 4831429.519989 282.130005
463549.169983 4831429.500000 282.119995
463549.159973 4831429.470001 281.450012
463549.140015 4831429.570007 281.529999
463549.119995 4831429.579987 281.609985
463549.090027 4831429.570007 281.540009
463549.099976 4831429.589996 281.559998
463549.119995 4831429.619995 281.549988
463549.010010 4831429.679993 281.100006
463549.200012 4831429.500000 282.119995
463549.039978 4831429.700012 281.079987
463549.020020 4831429.679993 281.079987
463549.080017 4831429.709991 281.109985
463549.059998 4831429.690002 281.149994
463549.099976 4831429.630005 281.450012
463549.090027 4831429.609985 281.429993
463549.109985 4831429.619995 281.540009
463549.099976 4831429.600006 281.549988
463549.119995 4831429.570007 281.640015
463549.190002 4831429.559998 281.809998
463549.169983 4831429.540009 281.890015
463549.190002 4831429.519989 281.970001
463549.169983 4831429.500000 281.959991
463549.039978 4831429.709991 281.070007
463549.030029 4831429.690002 281.100006
463549.169983 4831429.730011 281.600006
463549.090027 4831429.630005 281.510010
463549.130005 4831429.609985 281.609985
463549.109985 4831429.589996 281.600006
463549.109985 4831429.540009 281.390015
463549.179993 4831429.549988 281.920013
463549.039978 4831429.739990 281.119995
463549.049988 4831429.760010 281.089996
463548.989990 4831429.519989 281.950012
463549.099976 4831429.619995 281.609985
463549.179993 4831429.850006 281.959991
463549.030029 4831429.709991 281.140015
463549.039978 4831429.739990 281.149994
463549.080017 4831429.649994 281.429993
463549.059998 4831429.630005 281.450012
463549.099976 4831429.649994 281.489990
463549.130005 4831429.619995 281.579987
463549.179993 4831429.579987 282.000000
463549.190002 4831429.640015 282.130005
463549.169983 4831429.600006 281.940002
463549.090027 4831429.679993 281.450012
463549.059998 4831429.679993 281.480011
463549.080017 4831429.690002 281.450012
463549.090027 4831429.700012 281.410004
463548.869995 4831429.670013 281.459991
463549.000000 4831429.750000 281.119995
463549.020020 4831429.760010 281.100006
463549.030029 4831429.769989 281.070007
463549.039978 4831429.799988 281.059998
463548.979980 4831429.769989 281.019989
463548.969971 4831429.760010 281.010010
463549.200012 4831429.529999 282.239990
463549.169983 4831429.519989 282.209991
463549.150024 4831429.510010 282.200012
463549.049988 4831429.670013 281.489990
463549.150024 4831429.609985 281.920013
463549.109985 4831429.649994 281.670013
463549.099976 4831429.730011 281.670013
463549.059998 4831429.630005 281.670013
463549.059998 4831429.660004 281.579987
463549.070007 4831429.690002 281.529999
463549.010010 4831429.750000 281.149994
463549.020020 4831429.790009 281.019989
463549.159973 4831429.859985 281.929993
463549.109985 4831429.829987 281.869995
463548.960022 4831429.750000 281.070007
463549.200012 4831429.570007 281.859985
463549.169983 4831429.500000 281.559998
463549.159973 4831429.519989 281.519989
463549.150024 4831429.529999 281.489990
463549.130005 4831429.570007 281.369995
463549.190002 4831429.559998 282.089996
463549.190002 4831429.579987 282.070007
463549.200012 4831429.549988 282.149994
463549.179993 4831429.519989 282.029999
463549.000000 4831429.769989 281.010010
463549.020020 4831429.760010 281.059998
463549.030029 4831429.750000 281.109985
463549.080017 4831429.690002 281.410004
463549.080017 4831429.679993 281.489990
463549.090027 4831429.670013 281.570007
463549.109985 4831429.649994 281.609985
463549.119995 4831429.640015 281.679993
463549.159973 4831429.600006 281.899994
463549.169983 4831429.589996 281.959991
463549.179993 4831429.690002 281.540009
463549.159973 4831429.790009 281.809998
463549.159973 4831429.579987 281.890015
463549.169983 4831429.579987 282.000000
463549.169983 4831429.630005 281.820007
463549.159973 4831429.609985 281.899994
463549.179993 4831429.619995 281.980011
463549.200012 4831429.619995 282.029999
463549.119995 4831429.609985 281.609985
463549.099976 4831429.600006 281.429993
463549.119995 4831429.660004 281.679993
463549.099976 4831429.670013 281.529999
463549.119995 4831429.679993 281.600006
463549.140015 4831429.679993 281.649994
463549.039978 4831429.619995 281.160004
463549.080017 4831429.690002 281.440002
463549.130005 4831429.709991 281.619995
463549.150024 4831429.730011 281.709991
463549.090027 4831429.700012 281.440002
463549.109985 4831429.700012 281.470001
463549.130005 4831429.760010 281.690002
463549.020020 4831429.750000 281.200012
463548.989990 4831429.769989 281.029999
463549.159973 4831429.549988 281.640015
463549.070007 4831429.779999 281.109985
463549.400024 4831429.839996 282.049988
463549.380005 4831429.869995 282.079987
463549.450012 4831429.529999 282.130005
463549.380005 4831429.540009 281.820007
463549.330017 4831429.829987 281.929993
463549.320007 4831429.809998 281.920013
463549.289978 4831429.730011 281.970001
463549.409973 4831429.549988 281.809998
463549.390015 4831429.519989 281.799988
463549.219971 4831429.489990 282.200012
463549.510010 4831429.769989 281.140015
463549.400024 4831429.600006 281.869995
463549.400024 4831429.730011 281.260010
463549.349976 4831429.600006 281.869995
463549.289978 4831429.579987 281.820007
463549.299988 4831429.589996 281.859985
463549.309998 4831429.559998 281.820007
463549.219971 4831429.470001 282.239990
463549.289978 4831429.549988 281.799988
463549.270020 4831429.529999 281.820007
463549.340027 4831429.540009 281.750000
463549.400024 4831429.529999 281.940002
463549.409973 4831429.459991 281.869995
463549.219971 4831429.549988 281.869995
463549.380005 4831429.559998 281.799988
463549.409973 4831429.779999 281.140015
463549.429993 4831429.799988 281.140015
463549.289978 4831429.559998 282.059998
463549.309998 4831429.579987 282.160004
463549.250000 4831429.579987 282.010010
463549.229980 4831429.570007 282.059998
463549.219971 4831429.540009 282.209991
463549.390015 4831429.640015 281.769989
463549.250000 4831429.619995 281.850006
463549.460022 4831429.600006 282.019989
463549.330017 4831429.600006 281.899994
463549.489990 4831429.769989 281.269989
463549.500000 4831429.790009 281.230011
463549.280029 4831429.609985 281.820007
463549.270020 4831429.609985 281.779999
463549.239990 4831429.549988 282.149994
463549.239990 4831429.559998 281.850006
463549.270020 4831429.540009 281.869995
463549.419983 4831429.600006 281.940002
463549.440002 4831429.589996 281.959991
463549.440002 4831429.459991 281.799988
463549.219971 4831429.540009 282.200012
463549.229980 4831429.529999 282.250000
463549.210022 4831429.540009 282.220001
463549.229980 4831429.609985 281.839996
463549.260010 4831429.619995 281.820007
463549.280029 4831429.600006 281.799988
463549.349976 4831429.570007 281.829987
463549.369995 4831429.600006 281.850006
463549.429993 4831429.510010 281.970001
463549.229980 4831429.510010 281.980011
463549.210022 4831429.540009 281.820007
463549.320007 4831429.549988 281.839996
463549.320007 4831429.570007 281.839996
463549.359985 4831429.549988 281.859985
463549.390015 4831429.559998 281.899994
463549.530029 4831429.579987 281.859985
463549.710022 4831429.510010 281.179993
463549.340027 4831429.549988 281.839996
