463546.989990 4831429.420013 277.299988
463546.960022 4831429.399994 277.350006
463546.979980 4831429.420013 277.339996
463546.950012 4831429.390015 277.420013
463546.989990 4831429.440002 277.339996
463546.929993 4831429.429993 277.329987
463546.880005 4831429.420013 277.350006
463546.979980 4831429.420013 277.299988
463546.960022 4831429.399994 277.320007
463546.940002 4831429.380005 277.339996
463546.770020 4831429.329987 277.459991
463546.760010 4831429.299988 277.480011
463546.739990 4831429.279999 277.540009
463546.950012 4831429.410004 277.359985
463546.940002 4831429.390015 277.329987
463547.020020 4831429.429993 277.260010
463547.000000 4831429.399994 277.359985
463546.979980 4831429.369995 277.420013
463546.969971 4831429.350006 277.410004
463546.960022 4831429.410004 277.339996
463546.940002 4831429.399994 277.440002
463546.960022 4831429.420013 277.420013
463546.969971 4831429.429993 277.380005
463546.840027 4831429.429993 277.359985
463546.969971 4831429.429993 277.359985
463546.960022 4831429.410004 277.390015
463546.960022 4831429.399994 277.440002
463546.719971 4831429.359985 277.519989
463546.900024 4831429.429993 277.369995
463546.859985 4831429.420013 277.359985
463546.789978 4831429.399994 277.450012
463546.789978 4831429.399994 277.410004
463546.679993 4831429.369995 277.500000
463546.909973 4831429.429993 277.339996
463546.960022 4831429.429993 277.350006
463546.960022 4831429.440002 277.410004
463546.940002 4831429.410004 277.429993
463546.690002 4831429.339996 277.549988
463546.659973 4831429.239990 277.470001
463546.940002 4831429.440002 277.380005
463546.969971 4831429.420013 277.359985
463546.969971 4831429.429993 277.350006
463546.909973 4831429.410004 277.420013
463546.690002 4831429.350006 277.380005
463546.890015 4831429.410004 277.339996
463546.909973 4831429.399994 277.440002
463546.919983 4831429.429993 277.320007
463546.909973 4831429.429993 277.339996
463546.880005 4831429.279999 277.420013
463546.919983 4831429.369995 277.420013
463546.950012 4831429.410004 277.299988
463546.950012 4831429.420013 277.429993
463546.940002 4831429.420013 277.429993
463546.750000 4831429.369995 277.329987
463546.849976 4831429.399994 277.369995
463546.549988 4831429.910004 278.350006
463546.500000 4831429.869995 278.459991
463546.510010 4831429.920013 278.359985
463546.619995 4831430.100006 278.059998
463546.570007 4831430.029999 278.170013
463546.809998 4831430.119995 277.299988
463546.539978 4831429.820007 278.429993
463546.330017 4831429.920013 277.269989
463546.679993 4831430.049988 278.070007
463546.739990 4831430.109985 277.940002
463546.309998 4831429.959991 277.359985
463546.320007 4831429.959991 277.279999
463546.510010 4831429.899994 278.299988
463546.520020 4831429.929993 278.299988
463546.530029 4831429.940002 278.339996
463546.539978 4831429.959991 278.359985
463546.510010 4831429.950012 278.290009
463546.530029 4831429.970001 278.290009
463546.539978 4831429.929993 278.339996
463546.549988 4831429.959991 278.339996
463546.469971 4831429.910004 278.390015
463546.489990 4831429.940002 278.429993
463546.460022 4831429.929993 278.429993
463546.409973 4831429.940002 278.450012
463546.989990 4831429.450012 277.339996
463546.929993 4831429.459991 277.350006
463546.950012 4831429.480011 277.309998
463546.520020 4831429.989990 278.299988
463546.549988 4831430.079987 278.209991
463546.429993 4831429.950012 278.410004
463546.450012 4831429.959991 278.380005
463546.469971 4831429.980011 278.359985
463546.489990 4831429.989990 278.320007
463546.510010 4831430.010010 278.309998
463546.580017 4831430.089996 278.079987
463546.479980 4831429.910004 278.489990
463546.919983 4831429.440002 277.329987
463546.880005 4831429.450012 277.350006
463546.940002 4831429.450012 277.440002
463546.979980 4831429.480011 277.329987
463546.919983 4831429.459991 277.320007
463546.950012 4831429.510010 277.299988
463546.969971 4831429.519989 277.260010
463546.609985 4831430.109985 278.079987
463546.539978 4831429.980011 278.339996
463546.549988 4831429.989990 278.309998
463546.559998 4831430.029999 278.230011
463546.570007 4831430.049988 278.209991
463546.580017 4831430.070007 278.190002
463546.590027 4831430.089996 278.160004
463546.609985 4831430.109985 278.140015
463546.549988 4831430.070007 278.220001
463546.549988 4831430.079987 278.190002
463546.559998 4831430.089996 278.149994
463546.580017 4831430.109985 278.140015
463546.479980 4831429.929993 278.459991
463546.460022 4831429.890015 278.459991
463546.450012 4831429.869995 278.489990
463546.450012 4831429.920013 278.450012
463546.979980 4831429.459991 277.269989
463546.979980 4831429.459991 277.329987
463546.950012 4831429.459991 277.299988
463546.940002 4831429.440002 277.329987
463546.989990 4831429.470001 277.260010
463546.989990 4831429.450012 277.290009
463546.979980 4831429.440002 277.339996
463546.979980 4831429.450012 277.309998
463546.570007 4831430.119995 278.079987
463546.539978 4831430.019989 278.350006
463546.510010 4831429.970001 278.339996
463546.500000 4831429.950012 278.369995
463546.559998 4831430.089996 278.149994
463546.530029 4831430.040009 278.239990
463546.520020 4831430.019989 278.269989
463546.500000 4831429.989990 278.299988
463546.489990 4831429.980011 278.339996
463546.479980 4831429.959991 278.369995
463546.469971 4831429.940002 278.410004
463546.510010 4831430.049988 278.260010
463546.510010 4831430.040009 278.290009
463546.469971 4831429.959991 278.429993
463546.909973 4831429.450012 277.350006
463546.890015 4831429.440002 277.329987
463546.549988 4831430.089996 278.140015
463546.549988 4831430.119995 278.130005
463546.520020 4831430.079987 278.190002
463546.489990 4831430.029999 278.290009
463546.539978 4831430.010010 278.059998
463546.440002 4831429.989990 278.170013
463546.549988 4831430.119995 278.329987
463546.570007 4831430.119995 278.049988
463546.530029 4831430.019989 278.010010
463546.510010 4831429.899994 278.309998
463546.489990 4831429.910004 278.399994
463546.469971 4831429.910004 278.489990
463546.530029 4831429.980011 278.269989
463546.530029 4831429.989990 278.309998
463546.539978 4831430.019989 278.209991
463546.559998 4831430.040009 278.200012
463546.580017 4831430.070007 278.179993
463546.500000 4831429.940002 278.369995
463546.440002 4831429.850006 278.500000
463546.520020 4831429.899994 278.339996
463546.510010 4831429.910004 278.299988
463546.479980 4831429.850006 278.399994
463546.440002 4831429.790009 278.500000
463546.580017 4831430.019989 278.059998
463546.559998 4831430.029999 278.059998
463546.549988 4831429.950012 278.260010
463546.539978 4831429.959991 278.209991
463546.599976 4831430.079987 277.989990
463546.690002 4831430.119995 277.640015
463546.489990 4831429.929993 278.440002
463546.989990 4831429.489990 277.290009
463547.010010 4831429.480011 277.279999
463546.469971 4831429.950012 278.450012
463546.489990 4831430.029999 278.480011
463546.510010 4831429.980011 278.369995
463546.539978 4831429.959991 278.359985
463546.530029 4831430.019989 278.309998
463546.969971 4831429.450012 277.329987
463546.570007 4831430.089996 278.070007
463546.580017 4831430.070007 278.100006
463546.539978 4831430.049988 278.179993
463546.530029 4831430.019989 278.209991
463546.520020 4831429.959991 278.299988
463546.530029 4831429.959991 278.269989
463546.469971 4831429.850006 278.500000
463547.010010 4831429.440002 277.350006
463546.590027 4831430.019989 278.250000
463546.590027 4831430.040009 278.179993
