463550.159973 4831431.950012 279.529999
463550.169983 4831431.980011 279.559998
463550.119995 4831431.980011 279.500000
463550.130005 4831432.000000 279.529999
463550.109985 4831432.220001 279.690002
463550.179993 4831432.339996 279.760010
463550.130005 4831432.260010 279.700012
463550.119995 4831432.239990 279.679993
463550.119995 4831432.019989 279.500000
463550.159973 4831431.959991 279.480011
463550.119995 4831432.250000 279.709991
463550.219971 4831432.230011 279.269989
463550.210022 4831432.239990 279.260010
463550.150024 4831432.190002 279.230011
463550.159973 4831432.209991 279.239990
463550.140015 4831432.369995 279.700012
463550.109985 4831432.179993 279.260010
463550.140015 4831432.329987 279.649994
463550.109985 4831432.299988 279.720001
463550.150024 4831432.350006 279.739990
463550.119995 4831432.290009 279.720001
463550.109985 4831432.029999 279.480011
463550.169983 4831432.059998 279.450012
463550.140015 4831431.970001 279.570007
463550.140015 4831432.350006 279.720001
463550.119995 4831432.320007 279.690002
463550.119995 4831432.329987 279.709991
463550.159973 4831431.959991 279.480011
463550.130005 4831432.190002 279.190002
463550.219971 4831432.250000 279.230011
463550.179993 4831432.239990 279.230011
463550.140015 4831432.200012 279.239990
463550.210022 4831432.230011 279.279999
463550.190002 4831432.220001 279.070007
463550.210022 4831432.239990 279.260010
463550.159973 4831432.380005 279.709991
463550.150024 4831431.970001 279.540009
463550.109985 4831431.959991 279.540009
463550.150024 4831431.940002 279.540009
463550.130005 4831432.179993 279.190002
463550.119995 4831432.160004 279.200012
463550.109985 4831431.970001 279.589996
463550.190002 4831432.089996 279.769989
463550.109985 4831432.130005 279.630005
463550.200012 4831431.959991 279.390015
463550.119995 4831431.940002 279.609985
463550.179993 4831431.950012 279.589996
463550.150024 4831431.970001 279.559998
463550.109985 4831432.079987 279.459991
463550.130005 4831432.059998 279.450012
463550.119995 4831432.230011 279.779999
463550.140015 4831432.209991 279.779999
463550.119995 4831432.269989 279.750000
463550.150024 4831432.339996 279.640015
463550.179993 4831432.200012 279.260010
463550.210022 4831432.239990 279.260010
463550.130005 4831431.959991 279.549988
463550.119995 4831432.320007 279.739990
463550.200012 4831431.929993 279.540009
463550.130005 4831432.049988 279.519989
463550.159973 4831432.149994 279.190002
463550.169983 4831432.140015 279.140015
463550.210022 4831432.209991 279.769989
463550.130005 4831432.170013 279.119995
463550.179993 4831432.160004 279.170013
463550.200012 4831432.179993 279.209991
463550.340027 4831432.000000 279.730011
463550.330017 4831431.980011 279.709991
463550.320007 4831431.989990 279.709991
463550.229980 4831432.250000 279.660004
463550.239990 4831432.010010 279.679993
463550.309998 4831432.290009 279.399994
463550.330017 4831432.309998 279.350006
463550.299988 4831432.269989 279.320007
463550.309998 4831432.309998 279.450012
463550.320007 4831432.329987 279.399994
463550.299988 4831432.269989 279.320007
463550.309998 4831432.290009 279.350006
463550.320007 4831432.320007 279.369995
463550.299988 4831432.279999 279.329987
463550.299988 4831432.320007 279.450012
463550.320007 4831432.339996 279.420013
463550.309998 4831432.130005 279.470001
463550.309998 4831432.309998 279.339996
463550.299988 4831432.279999 279.320007
463550.309998 4831432.309998 279.320007
463550.309998 4831432.290009 279.329987
463550.239990 4831432.230011 279.149994
463550.229980 4831432.230011 279.089996
463550.289978 4831432.230011 279.250000
463550.349976 4831432.279999 279.339996
463550.260010 4831432.100006 279.450012
463550.299988 4831432.299988 279.329987
463550.320007 4831432.320007 279.309998
463550.280029 4831432.329987 279.299988
463550.239990 4831432.149994 279.440002
463550.289978 4831432.290009 279.320007
463550.340027 4831432.290009 279.369995
463550.330017 4831432.059998 279.779999
463550.239990 4831432.079987 279.429993
463550.239990 4831432.089996 279.420013
463550.239990 4831431.989990 279.619995
463550.270020 4831432.089996 279.799988
463550.239990 4831432.230011 279.200012
463550.229980 4831432.239990 279.269989
463550.289978 4831432.269989 279.269989
463550.309998 4831432.260010 279.320007
463550.320007 4831432.320007 279.339996
463550.340027 4831432.309998 279.339996
463550.359985 4831432.299988 279.390015
463550.239990 4831432.089996 279.410004
463550.229980 4831432.250000 279.250000
463550.340027 4831432.269989 279.309998
463550.169983 4831432.899994 279.369995
463550.150024 4831432.910004 279.339996
463550.380005 4831432.309998 279.380005
463550.280029 4831432.250000 279.089996
463550.260010 4831432.239990 279.070007
463550.390015 4831432.320007 279.369995
463550.359985 4831432.279999 279.320007
463550.440002 4831432.399994 279.290009
463550.280029 4831432.260010 279.109985
463550.489990 4831432.350006 279.220001
463550.359985 4831432.320007 279.350006
463550.380005 4831432.299988 279.320007
463550.359985 4831432.299988 279.299988
463550.369995 4831432.679993 278.940002
463550.320007 4831432.779999 278.859985
463550.309998 4831432.820007 278.820007
463550.299988 4831432.850006 278.829987
463550.320007 4831432.850006 278.809998
463550.340027 4831432.869995 278.809998
463550.309998 4831432.820007 278.829987
463550.330017 4831432.839996 278.809998
463550.309998 4831432.769989 278.950012
463550.309998 4831432.750000 278.940002
463550.320007 4831432.820007 278.820007
463550.330017 4831432.760010 278.890015
463550.340027 4831432.739990 278.839996
463550.330017 4831432.730011 278.890015
463550.340027 4831432.790009 278.820007
463550.340027 4831432.820007 278.859985
463550.340027 4831432.829987 278.809998
463550.320007 4831432.760010 278.910004
463550.330017 4831432.760010 278.869995
463550.330017 4831432.760010 278.839996
463550.320007 4831432.750000 278.869995
463550.299988 4831432.709991 278.890015
463550.349976 4831432.730011 278.880005
463550.340027 4831432.730011 278.890015
463550.349976 4831432.820007 278.839996
463550.330017 4831432.769989 278.859985
463550.309998 4831432.750000 278.940002
463550.340027 4831432.910004 278.820007
463550.309998 4831432.769989 278.839996
463550.260010 4831432.820007 278.940002
463550.299988 4831432.750000 278.850006
463550.349976 4831432.839996 278.839996
463550.380005 4831432.890015 278.809998
