2.790000000000000000e+02 4.831431329986999743e+06 4.635460100100000273e+05
2.791099849999999947e+02 4.831431339995999821e+06 4.635459600220000139e+05
2.791600040000000149e+02 4.831431380005000159e+06 4.635459199830000289e+05
2.789700010000000248e+02 4.831431209990999661e+06 4.635459600220000139e+05
2.788999939999999924e+02 4.831431299987999722e+06 4.635460300290000159e+05
2.790599980000000073e+02 4.831431329986999743e+06 4.635459099730000016e+05
2.790000000000000000e+02 4.831431130005000159e+06 4.635460700070000021e+05
2.789500120000000152e+02 4.831431079986999743e+06 4.635460999760000268e+05
2.783099980000000073e+02 4.831430690001999959e+06 4.635457500000000000e+05
2.789899899999999775e+02 4.831431279999000020e+06 4.635460499880000134e+05
2.787999879999999848e+02 4.831431230011000298e+06 4.635460700070000021e+05
2.788900150000000053e+02 4.831431290009000339e+06 4.635460200199999963e+05
2.790400089999999977e+02 4.831431329986999743e+06 4.635459600220000139e+05
2.787799989999999752e+02 4.831431179992999882e+06 4.635460900269999984e+05
2.787900089999999977e+02 4.831431200012000278e+06 4.635460999760000268e+05
2.787999879999999848e+02 4.831431160004000179e+06 4.635460599979999824e+05
2.791300049999999828e+02 4.831431239989999682e+06 4.635459199830000289e+05
2.789800109999999904e+02 4.831431410004000179e+06 4.635459000239999732e+05
2.788299870000000169e+02 4.831431260010000318e+06 4.635460499880000134e+05
2.787600100000000225e+02 4.831431220000999980e+06 4.635460800169999711e+05
2.787799989999999752e+02 4.831431260010000318e+06 4.635460399779999861e+05
2.789899899999999775e+02 4.831431140014999546e+06 4.635459199830000289e+05
2.787500000000000000e+02 4.831431239989999682e+06 4.635459699709999841e+05
2.786300049999999828e+02 4.831431250000000000e+06 4.635459699709999841e+05
2.788599849999999947e+02 4.831431290009000339e+06 4.635460100100000273e+05
2.788900150000000053e+02 4.831431320007000118e+06 4.635459799800000037e+05
2.787999879999999848e+02 4.831431390014999546e+06 4.635459600220000139e+05
2.788500060000000076e+02 4.831431359985000454e+06 4.635459699709999841e+05
2.787699890000000096e+02 4.831431209990999661e+06 4.635460599979999824e+05
2.790700069999999755e+02 4.831431140014999546e+06 4.635459799800000037e+05
2.790700069999999755e+02 4.831431170013000257e+06 4.635459400020000176e+05
2.790100100000000225e+02 4.831431200012000278e+06 4.635459600220000139e+05
2.788399959999999851e+02 4.831431230011000298e+06 4.635459799800000037e+05
2.788599849999999947e+02 4.831431269988999702e+06 4.635460100100000273e+05
2.789899899999999775e+02 4.831431339995999821e+06 4.635459799800000037e+05
2.790499879999999848e+02 4.831431380005000159e+06 4.635459500119999866e+05
2.791099849999999947e+02 4.831431390014999546e+06 4.635459000239999732e+05
2.789599910000000023e+02 4.831431279999000020e+06 4.635460000000000000e+05
2.788500060000000076e+02 4.831431309998000041e+06 4.635460300290000159e+05
2.787500000000000000e+02 4.831431279999000020e+06 4.635460300290000159e+05
2.789299930000000245e+02 4.831431350006000139e+06 4.635459799800000037e+05
2.791499939999999924e+02 4.831431420013000257e+06 4.635459000239999732e+05
2.790700069999999755e+02 4.831431399993999861e+06 4.635459000239999732e+05
2.789299930000000245e+02 4.831431239989999682e+06 4.635459600220000139e+05
2.788099980000000073e+02 4.831431299987999722e+06 4.635460200199999963e+05
2.787799989999999752e+02 4.831431309998000041e+06 4.635460399779999861e+05
2.790899959999999851e+02 4.831431390014999546e+06 4.635458800049999845e+05
2.785299989999999752e+02 4.831431309998000041e+06 4.635460999760000268e+05
2.788599849999999947e+02 4.831431309998000041e+06 4.635460200199999963e+05
2.789800109999999904e+02 4.831431170013000257e+06 4.635459400020000176e+05
2.790799870000000169e+02 4.831431170013000257e+06 4.635459400020000176e+05
2.789500120000000152e+02 4.831431109985000454e+06 4.635458800049999845e+05
2.785599980000000073e+02 4.831431049987999722e+06 4.635460800169999711e+05
2.785499879999999848e+02 4.831431140014999546e+06 4.635461199950000155e+05
2.788200069999999755e+02 4.831431269988999702e+06 4.635460200199999963e+05
2.788299870000000169e+02 4.831431290009000339e+06 4.635460200199999963e+05
2.787500000000000000e+02 4.831431239989999682e+06 4.635460399779999861e+05
2.788200069999999755e+02 4.831431260010000318e+06 4.635460200199999963e+05
2.791300049999999828e+02 4.831431279999000020e+06 4.635458599849999882e+05
2.786700129999999831e+02 4.831431260010000318e+06 4.635457600100000273e+05
2.786199950000000172e+02 4.831431149993999861e+06 4.635457399899999727e+05
2.787500000000000000e+02 4.831431239989999682e+06 4.635459600220000139e+05
2.790899959999999851e+02 4.831431309998000041e+06 4.635458599849999882e+05
2.789500120000000152e+02 4.831431230011000298e+06 4.635459099730000016e+05
2.789200129999999831e+02 4.831431179992999882e+06 4.635459099730000016e+05
2.787500000000000000e+02 4.831431250000000000e+06 4.635459899899999727e+05
2.787699890000000096e+02 4.831431260010000318e+06 4.635459699709999841e+05
2.788399959999999851e+02 4.831431279999000020e+06 4.635459600220000139e+05
2.790299989999999752e+02 4.831431190001999959e+06 4.635459099730000016e+05
2.790700069999999755e+02 4.831431160004000179e+06 4.635459199830000289e+05
2.787300109999999904e+02 4.831431209990999661e+06 4.635460999760000268e+05
2.790299989999999752e+02 4.831431200012000278e+06 4.635459500119999866e+05
2.790100100000000225e+02 4.831431190001999959e+06 4.635459699709999841e+05
2.787200010000000248e+02 4.831430910004000179e+06 4.635465700070000021e+05
2.787200010000000248e+02 4.831430950012000278e+06 4.635465900269999984e+05
2.787900089999999977e+02 4.831430940001999959e+06 4.635465800169999711e+05
2.789100040000000149e+02 4.831431000000000000e+06 4.635465499880000134e+05
2.789700010000000248e+02 4.831430989989999682e+06 4.635465399779999861e+05
2.789400019999999927e+02 4.831431070007000118e+06 4.635465800169999711e+05
2.784599910000000023e+02 4.831431059998000041e+06 4.635462899779999861e+05
2.786300049999999828e+02 4.831430869994999841e+06 4.635465900269999984e+05
2.787500000000000000e+02 4.831430959990999661e+06 4.635465599979999824e+05
2.787799989999999752e+02 4.831430989989999682e+06 4.635465700070000021e+05
2.788200069999999755e+02 4.831431000000000000e+06 4.635465700070000021e+05
2.788699950000000172e+02 4.831431019988999702e+06 4.635465700070000021e+05
2.788699950000000172e+02 4.831431049987999722e+06 4.635465100100000273e+05
2.783299870000000169e+02 4.831430890014999546e+06 4.635463599849999882e+05
2.783099980000000073e+02 4.831430950012000278e+06 4.635463499760000268e+05
2.785199890000000096e+02 4.831430940001999959e+06 4.635462600100000273e+05
2.784400019999999927e+02 4.831431059998000041e+06 4.635462600100000273e+05
2.784800109999999904e+02 4.831431079986999743e+06 4.635462600100000273e+05
2.786900019999999927e+02 4.831430839995999821e+06 4.635465300290000159e+05
2.787200010000000248e+02 4.831430910004000179e+06 4.635465700070000021e+05
2.787399899999999775e+02 4.831430940001999959e+06 4.635465900269999984e+05
2.787900089999999977e+02 4.831430950012000278e+06 4.635465800169999711e+05
2.787200010000000248e+02 4.831430940001999959e+06 4.635465599979999824e+05
2.787600100000000225e+02 4.831430959990999661e+06 4.635465599979999824e+05
2.787999879999999848e+02 4.831430980011000298e+06 4.635465599979999824e+05
2.788399959999999851e+02 4.831431000000000000e+06 4.635465599979999824e+05
2.787099910000000023e+02 4.831430929992999882e+06 4.635465499880000134e+05
2.787399899999999775e+02 4.831430950012000278e+06 4.635465599979999824e+05
2.787799989999999752e+02 4.831430970000999980e+06 4.635465599979999824e+05
2.788099980000000073e+02 4.831430989989999682e+06 4.635465599979999824e+05
2.787600100000000225e+02 4.831430959990999661e+06 4.635465599979999824e+05
2.787999879999999848e+02 4.831430980011000298e+06 4.635465599979999824e+05
2.788500060000000076e+02 4.831431000000000000e+06 4.635465499880000134e+05
2.788800049999999828e+02 4.831431019988999702e+06 4.635465599979999824e+05
2.787399899999999775e+02 4.831430950012000278e+06 4.635465499880000134e+05
2.787699890000000096e+02 4.831430970000999980e+06 4.635465599979999824e+05
2.788200069999999755e+02 4.831430980011000298e+06 4.635465499880000134e+05
2.788399959999999851e+02 4.831431010010000318e+06 4.635465599979999824e+05
2.787399899999999775e+02 4.831430950012000278e+06 4.635465499880000134e+05
2.787699890000000096e+02 4.831430980011000298e+06 4.635465599979999824e+05
2.788099980000000073e+02 4.831430989989999682e+06 4.635465499880000134e+05
2.788399959999999851e+02 4.831431010010000318e+06 4.635465499880000134e+05
2.788800049999999828e+02 4.831431019988999702e+06 4.635465599979999824e+05
2.787200010000000248e+02 4.831430950012000278e+06 4.635465499880000134e+05
2.787600100000000225e+02 4.831430970000999980e+06 4.635465499880000134e+05
2.788099980000000073e+02 4.831430980011000298e+06 4.635465499880000134e+05
2.788399959999999851e+02 4.831431010010000318e+06 4.635465599979999824e+05
2.787900089999999977e+02 4.831430980011000298e+06 4.635465300290000159e+05
2.788299870000000169e+02 4.831431010010000318e+06 4.635465399779999861e+05
2.788699950000000172e+02 4.831431029999000020e+06 4.635465399779999861e+05
2.787999879999999848e+02 4.831431019988999702e+06 4.635465300290000159e+05
2.788399959999999851e+02 4.831431029999000020e+06 4.635465300290000159e+05
2.788800049999999828e+02 4.831431040009000339e+06 4.635465200199999963e+05
2.783999939999999924e+02 4.831431059998000041e+06 4.635462999880000134e+05
2.784899899999999775e+02 4.831430959990999661e+06 4.635462399899999727e+05
2.785499879999999848e+02 4.831431119994999841e+06 4.635462100220000139e+05
2.786000060000000076e+02 4.831431119994999841e+06 4.635462000119999866e+05
2.785199890000000096e+02 4.831431109985000454e+06 4.635462000119999866e+05
2.785599980000000073e+02 4.831431119994999841e+06 4.635462000119999866e+05
2.785599980000000073e+02 4.831431059998000041e+06 4.635462899779999861e+05
2.785599980000000073e+02 4.831431029999000020e+06 4.635462600100000273e+05
2.786300049999999828e+02 4.831431019988999702e+06 4.635462899779999861e+05
2.785199890000000096e+02 4.831431040009000339e+06 4.635463200070000021e+05
2.784800109999999904e+02 4.831431029999000020e+06 4.635463200070000021e+05
2.784299930000000245e+02 4.831431019988999702e+06 4.635463200070000021e+05
2.784599910000000023e+02 4.831431000000000000e+06 4.635463400269999984e+05
2.783099980000000073e+02 4.831430890014999546e+06 4.635464099730000016e+05
2.786099849999999947e+02 4.831431100006000139e+06 4.635462700199999963e+05
2.785199890000000096e+02 4.831431100006000139e+06 4.635463099979999824e+05
2.784899899999999775e+02 4.831431079986999743e+06 4.635462999880000134e+05
2.784599910000000023e+02 4.831431070007000118e+06 4.635463400269999984e+05
2.784299930000000245e+02 4.831431049987999722e+06 4.635463300169999711e+05
2.784200129999999831e+02 4.831431059998000041e+06 4.635463800049999845e+05
2.784100040000000149e+02 4.831431029999000020e+06 4.635463599849999882e+05
2.783999939999999924e+02 4.831431000000000000e+06 4.635463900150000118e+05
2.783399959999999851e+02 4.831431000000000000e+06 4.635464299929999979e+05
2.784200129999999831e+02 4.831430869994999841e+06 4.635463800049999845e+05
2.786600040000000149e+02 4.831431140014999546e+06 4.635462399899999727e+05
2.786700129999999831e+02 4.831431140014999546e+06 4.635462199709999841e+05
2.786099849999999947e+02 4.831431119994999841e+06 4.635462399899999727e+05
2.788399959999999851e+02 4.831430850006000139e+06 4.635465100100000273e+05
2.789700010000000248e+02 4.831430910004000179e+06 4.635464899899999727e+05
2.787600100000000225e+02 4.831431000000000000e+06 4.635465300290000159e+05
2.788099980000000073e+02 4.831431010010000318e+06 4.635465300290000159e+05
2.788399959999999851e+02 4.831431029999000020e+06 4.635465399779999861e+05
2.783699950000000172e+02 4.831431040009000339e+06 4.635462800290000159e+05
2.783900150000000053e+02 4.831431059998000041e+06 4.635462899779999861e+05
2.786199950000000172e+02 4.831430839995999821e+06 4.635465599979999824e+05
2.786499939999999924e+02 4.831430859985000454e+06 4.635465599979999824e+05
2.787099910000000023e+02 4.831430899993999861e+06 4.635465599979999824e+05
2.788800049999999828e+02 4.831430920013000257e+06 4.635465200199999963e+05
2.787900089999999977e+02 4.831430980011000298e+06 4.635465100100000273e+05
2.788099980000000073e+02 4.831431000000000000e+06 4.635465100100000273e+05
2.788500060000000076e+02 4.831431010010000318e+06 4.635465100100000273e+05
2.788800049999999828e+02 4.831431029999000020e+06 4.635465100100000273e+05
2.783900150000000053e+02 4.831431010010000318e+06 4.635462800290000159e+05
2.784200129999999831e+02 4.831431029999000020e+06 4.635462800290000159e+05
2.786600040000000149e+02 4.831431190001999959e+06 4.635461400150000118e+05
2.785000000000000000e+02 4.831431100006000139e+06 4.635462100220000139e+05
2.785700069999999755e+02 4.831431109985000454e+06 4.635462000119999866e+05
2.783699950000000172e+02 4.831431019988999702e+06 4.635462999880000134e+05
2.784400019999999927e+02 4.831431070007000118e+06 4.635462899779999861e+05
2.784100040000000149e+02 4.831431049987999722e+06 4.635462700199999963e+05
2.783599849999999947e+02 4.831431019988999702e+06 4.635463099979999824e+05
2.788299870000000169e+02 4.831431049987999722e+06 4.635465599979999824e+05
2.788399959999999851e+02 4.831431019988999702e+06 4.635465499880000134e+05
2.787999879999999848e+02 4.831431000000000000e+06 4.635465300290000159e+05
2.789200129999999831e+02 4.831430920013000257e+06 4.635465399779999861e+05
2.790100100000000225e+02 4.831430869994999841e+06 4.635465100100000273e+05
2.786799930000000245e+02 4.831430910004000179e+06 4.635465800169999711e+05
2.784500120000000152e+02 4.831431130005000159e+06 4.635462800290000159e+05
2.784599910000000023e+02 4.831431100006000139e+06 4.635462600100000273e+05
2.783699950000000172e+02 4.831431079986999743e+06 4.635462700199999963e+05
2.783900150000000053e+02 4.831431059998000041e+06 4.635462999880000134e+05
2.783599849999999947e+02 4.831431059998000041e+06 4.635463400269999984e+05
2.783500060000000076e+02 4.831431040009000339e+06 4.635463300169999711e+05
2.783299870000000169e+02 4.831431010010000318e+06 4.635463400269999984e+05
2.785299989999999752e+02 4.831431109985000454e+06 4.635462299800000037e+05
2.784599910000000023e+02 4.831431079986999743e+06 4.635462500000000000e+05
2.785799870000000169e+02 4.831431149993999861e+06 4.635462100220000139e+05
2.785899959999999851e+02 4.831431119994999841e+06 4.635462000119999866e+05
2.785499879999999848e+02 4.831431119994999841e+06 4.635462399899999727e+05
2.785100100000000225e+02 4.831431100006000139e+06 4.635462199709999841e+05
2.785700069999999755e+02 4.831430839995999821e+06 4.635465999760000268e+05
2.786600040000000149e+02 4.831430929992999882e+06 4.635465599979999824e+05
2.790199890000000096e+02 4.831430899993999861e+06 4.635464899899999727e+05
2.790000000000000000e+02 4.831430920013000257e+06 4.635465000000000000e+05
2.789599910000000023e+02 4.831430940001999959e+06 4.635465100100000273e+05
2.789100040000000149e+02 4.831430950012000278e+06 4.635465200199999963e+05
2.787900089999999977e+02 4.831431010010000318e+06 4.635465399779999861e+05
2.788500060000000076e+02 4.831431070007000118e+06 4.635465200199999963e+05
2.783999939999999924e+02 4.831431049987999722e+06 4.635463300169999711e+05
2.785499879999999848e+02 4.831431100006000139e+06 4.635462800290000159e+05
2.789800109999999904e+02 4.831430899993999861e+06 4.635465000000000000e+05
2.786700129999999831e+02 4.831430940001999959e+06 4.635465700070000021e+05
2.784599910000000023e+02 4.831431089995999821e+06 4.635462600100000273e+05
2.783699950000000172e+02 4.831431089995999821e+06 4.635462700199999963e+05
2.784700010000000248e+02 4.831431130005000159e+06 4.635462299800000037e+05
2.785799870000000169e+02 4.831431179992999882e+06 4.635461699830000289e+05
2.784599910000000023e+02 4.831431119994999841e+06 4.635462000119999866e+05
2.784200129999999831e+02 4.831431059998000041e+06 4.635462600100000273e+05
2.788800049999999828e+02 4.831430940001999959e+06 4.635465100100000273e+05
2.785700069999999755e+02 4.831431209990999661e+06 4.635462899779999861e+05
2.783900150000000053e+02 4.831431079986999743e+06 4.635462800290000159e+05
2.784200129999999831e+02 4.831431070007000118e+06 4.635462700199999963e+05
2.783999939999999924e+02 4.831431070007000118e+06 4.635463400269999984e+05
2.783399959999999851e+02 4.831431019988999702e+06 4.635463099979999824e+05
2.789200129999999831e+02 4.831430799987999722e+06 4.635464099730000016e+05
2.783699950000000172e+02 4.831431089995999821e+06 4.635462700199999963e+05
2.783999939999999924e+02 4.831431070007000118e+06 4.635462600100000273e+05
2.783500060000000076e+02 4.831431079986999743e+06 4.635462899779999861e+05
2.783699950000000172e+02 4.831431059998000041e+06 4.635462800290000159e+05
2.783399959999999851e+02 4.831431049987999722e+06 4.635463099979999824e+05
2.787699890000000096e+02 4.831431059998000041e+06 4.635465200199999963e+05
2.790000000000000000e+02 4.831430929992999882e+06 4.635464799800000037e+05
2.787699890000000096e+02 4.831431029999000020e+06 4.635465399779999861e+05
2.787900089999999977e+02 4.831431010010000318e+06 4.635465300290000159e+05
2.787099910000000023e+02 4.831430989989999682e+06 4.635465499880000134e+05
2.787099910000000023e+02 4.831430959990999661e+06 4.635465300290000159e+05
2.786900019999999927e+02 4.831430970000999980e+06 4.635465800169999711e+05
2.786700129999999831e+02 4.831430950012000278e+06 4.635465599979999824e+05
2.786400150000000053e+02 4.831430929992999882e+06 4.635465800169999711e+05
2.786300049999999828e+02 4.831430899993999861e+06 4.635465599979999824e+05
2.785899959999999851e+02 4.831430890014999546e+06 4.635465900269999984e+05
2.785499879999999848e+02 4.831430839995999821e+06 4.635465900269999984e+05
2.785700069999999755e+02 4.831431170013000257e+06 4.635461799929999979e+05
2.786000060000000076e+02 4.831431149993999861e+06 4.635461799929999979e+05
2.785000000000000000e+02 4.831431140014999546e+06 4.635462399899999727e+05
2.787200010000000248e+02 4.831430940001999959e+06 4.635465800169999711e+05
2.786799930000000245e+02 4.831430950012000278e+06 4.635465800169999711e+05
2.789200129999999831e+02 4.831430970000999980e+06 4.635465499880000134e+05
2.787900089999999977e+02 4.831431000000000000e+06 4.635465599979999824e+05
2.787399899999999775e+02 4.831431000000000000e+06 4.635465700070000021e+05
2.788699950000000172e+02 4.831431070007000118e+06 4.635465399779999861e+05
2.788099980000000073e+02 4.831431070007000118e+06 4.635465399779999861e+05
2.784100040000000149e+02 4.831431059998000041e+06 4.635463400269999984e+05
2.783599849999999947e+02 4.831431070007000118e+06 4.635463499760000268e+05
2.783999939999999924e+02 4.831431070007000118e+06 4.635462899779999861e+05
2.783699950000000172e+02 4.831431089995999821e+06 4.635462999880000134e+05
2.783399959999999851e+02 4.831431100006000139e+06 4.635463099979999824e+05
2.784599910000000023e+02 4.831431109985000454e+06 4.635462600100000273e+05
2.784200129999999831e+02 4.831431130005000159e+06 4.635462700199999963e+05
2.785400089999999977e+02 4.831431200012000278e+06 4.635462800290000159e+05
2.785499879999999848e+02 4.831430829986999743e+06 4.635465900269999984e+05
2.785299989999999752e+02 4.831430850006000139e+06 4.635465999760000268e+05
2.785599980000000073e+02 4.831430839995999821e+06 4.635465700070000021e+05
2.785599980000000073e+02 4.831430869994999841e+06 4.635465900269999984e+05
2.785100100000000225e+02 4.831430869994999841e+06 4.635465999760000268e+05
2.786199950000000172e+02 4.831430910004000179e+06 4.635465800169999711e+05
2.785400089999999977e+02 4.831430890014999546e+06 4.635465800169999711e+05
2.790299989999999752e+02 4.831430890014999546e+06 4.635465000000000000e+05
2.790199890000000096e+02 4.831430929992999882e+06 4.635465200199999963e+05
2.786499939999999924e+02 4.831430920013000257e+06 4.635465700070000021e+05
2.786099849999999947e+02 4.831430929992999882e+06 4.635465800169999711e+05
2.790199890000000096e+02 4.831430890014999546e+06 4.635464899899999727e+05
2.790400089999999977e+02 4.831430929992999882e+06 4.635465100100000273e+05
2.790199890000000096e+02 4.831430959990999661e+06 4.635465300290000159e+05
2.786499939999999924e+02 4.831430929992999882e+06 4.635465599979999824e+05
2.786300049999999828e+02 4.831430950012000278e+06 4.635465800169999711e+05
2.790299989999999752e+02 4.831430890014999546e+06 4.635464699709999841e+05
2.790100100000000225e+02 4.831430910004000179e+06 4.635464899899999727e+05
2.790000000000000000e+02 4.831430940001999959e+06 4.635465100100000273e+05
2.789599910000000023e+02 4.831430950012000278e+06 4.635465200199999963e+05
2.789200129999999831e+02 4.831430970000999980e+06 4.635465300290000159e+05
2.786600040000000149e+02 4.831430959990999661e+06 4.635465599979999824e+05
2.790400089999999977e+02 4.831430970000999980e+06 4.635464799800000037e+05
2.788599849999999947e+02 4.831430989989999682e+06 4.635465200199999963e+05
2.787399899999999775e+02 4.831430989989999682e+06 4.635465399779999861e+05
2.787099910000000023e+02 4.831431010010000318e+06 4.635465499880000134e+05
2.787999879999999848e+02 4.831431079986999743e+06 4.635465300290000159e+05
2.783900150000000053e+02 4.831431089995999821e+06 4.635462999880000134e+05
2.788299870000000169e+02 4.831431019988999702e+06 4.635465100100000273e+05
2.787699890000000096e+02 4.831431010010000318e+06 4.635465200199999963e+05
2.787200010000000248e+02 4.831431010010000318e+06 4.635465399779999861e+05
2.785299989999999752e+02 4.831431140014999546e+06 4.635462299800000037e+05
2.785299989999999752e+02 4.831431170013000257e+06 4.635462500000000000e+05
2.786300049999999828e+02 4.831431190001999959e+06 4.635461699830000289e+05
2.784500120000000152e+02 4.831431140014999546e+06 4.635462500000000000e+05
2.783800049999999828e+02 4.831431100006000139e+06 4.635462999880000134e+05
2.784100040000000149e+02 4.831431070007000118e+06 4.635462800290000159e+05
2.789400019999999927e+02 4.831431119994999841e+06 4.635464699709999841e+05
2.787699890000000096e+02 4.831431000000000000e+06 4.635465300290000159e+05
2.789899899999999775e+02 4.831430920013000257e+06 4.635464600220000139e+05
2.790199890000000096e+02 4.831430899993999861e+06 4.635464500119999866e+05
2.784500120000000152e+02 4.831430760010000318e+06 4.635465900269999984e+05
2.787799989999999752e+02 4.831431059998000041e+06 4.635465300290000159e+05
2.787999879999999848e+02 4.831431040009000339e+06 4.635465100100000273e+05
2.786799930000000245e+02 4.831430899993999861e+06 4.635464199830000289e+05
2.787099910000000023e+02 4.831430880005000159e+06 4.635464099730000016e+05
2.786900019999999927e+02 4.831430989989999682e+06 4.635465399779999861e+05
2.787399899999999775e+02 4.831430980011000298e+06 4.635465399779999861e+05
2.786199950000000172e+02 4.831430940001999959e+06 4.635465700070000021e+05
2.786499939999999924e+02 4.831430920013000257e+06 4.635465599979999824e+05
2.785899959999999851e+02 4.831430869994999841e+06 4.635465800169999711e+05
2.785000000000000000e+02 4.831430809998000041e+06 4.635465999760000268e+05
2.785100100000000225e+02 4.831431140014999546e+06 4.635462000119999866e+05
2.784100040000000149e+02 4.831431100006000139e+06 4.635462500000000000e+05
2.783999939999999924e+02 4.831430700012000278e+06 4.635465800169999711e+05
2.785499879999999848e+02 4.831430829986999743e+06 4.635465800169999711e+05
2.785799870000000169e+02 4.831430859985000454e+06 4.635465800169999711e+05
2.785899959999999851e+02 4.831430890014999546e+06 4.635465800169999711e+05
2.786099849999999947e+02 4.831430839995999821e+06 4.635465499880000134e+05
2.786000060000000076e+02 4.831430859985000454e+06 4.635465499880000134e+05
2.786199950000000172e+02 4.831430880005000159e+06 4.635465499880000134e+05
2.788200069999999755e+02 4.831431040009000339e+06 4.635465200199999963e+05
2.789400019999999927e+02 4.831431140014999546e+06 4.635464799800000037e+05
2.783500060000000076e+02 4.831431070007000118e+06 4.635462999880000134e+05
2.787000120000000152e+02 4.831430959990999661e+06 4.635465300290000159e+05
2.783500060000000076e+02 4.831431040009000339e+06 4.635462999880000134e+05
2.788099980000000073e+02 4.831431019988999702e+06 4.635465000000000000e+05
2.789500120000000152e+02 4.831431130005000159e+06 4.635464500119999866e+05
2.789899899999999775e+02 4.831431160004000179e+06 4.635464400020000176e+05
2.784100040000000149e+02 4.831431100006000139e+06 4.635462299800000037e+05
2.784400019999999927e+02 4.831431119994999841e+06 4.635462299800000037e+05
2.784899899999999775e+02 4.831431149993999861e+06 4.635461699830000289e+05
2.785700069999999755e+02 4.831431170013000257e+06 4.635461699830000289e+05
2.785799870000000169e+02 4.831431190001999959e+06 4.635461699830000289e+05
2.783800049999999828e+02 4.831431059998000041e+06 4.635462500000000000e+05
2.783900150000000053e+02 4.831431089995999821e+06 4.635462399899999727e+05
2.789700010000000248e+02 4.831430829986999743e+06 4.635464400020000176e+05
2.790599980000000073e+02 4.831431140014999546e+06 4.635464199830000289e+05
2.788900150000000053e+02 4.831430959990999661e+06 4.635464500119999866e+05
2.788099980000000073e+02 4.831430899993999861e+06 4.635464799800000037e+05
2.785700069999999755e+02 4.831430750000000000e+06 4.635465200199999963e+05
2.784599910000000023e+02 4.831430630005000159e+06 4.635465800169999711e+05
2.784500120000000152e+02 4.831430649993999861e+06 4.635465499880000134e+05
2.783699950000000172e+02 4.831430549987999722e+06 4.635465599979999824e+05
2.788900150000000053e+02 4.831431010010000318e+06 4.635465399779999861e+05
2.788699950000000172e+02 4.831430989989999682e+06 4.635465200199999963e+05
2.784100040000000149e+02 4.831430989989999682e+06 4.635462500000000000e+05
2.785199890000000096e+02 4.831431059998000041e+06 4.635462000119999866e+05
2.783299870000000169e+02 4.831431059998000041e+06 4.635463400269999984e+05
2.790299989999999752e+02 4.831430920013000257e+06 4.635464899899999727e+05
2.786300049999999828e+02 4.831430890014999546e+06 4.635465800169999711e+05
2.786099849999999947e+02 4.831430880005000159e+06 4.635465999760000268e+05
2.788200069999999755e+02 4.831431010010000318e+06 4.635465300290000159e+05
2.787500000000000000e+02 4.831430989989999682e+06 4.635465499880000134e+05
2.786900019999999927e+02 4.831430970000999980e+06 4.635465800169999711e+05
2.788500060000000076e+02 4.831431079986999743e+06 4.635465499880000134e+05
2.785599980000000073e+02 4.831430850006000139e+06 4.635465900269999984e+05
2.784100040000000149e+02 4.831431100006000139e+06 4.635462700199999963e+05
2.783900150000000053e+02 4.831431070007000118e+06 4.635462899779999861e+05
2.788099980000000073e+02 4.831431049987999722e+06 4.635465399779999861e+05
2.787099910000000023e+02 4.831431010010000318e+06 4.635465599979999824e+05
2.786799930000000245e+02 4.831430980011000298e+06 4.635465900269999984e+05
2.786900019999999927e+02 4.831430940001999959e+06 4.635465300290000159e+05
2.784200129999999831e+02 4.831431049987999722e+06 4.635462700199999963e+05
2.785899959999999851e+02 4.831430880005000159e+06 4.635465900269999984e+05
2.786400150000000053e+02 4.831430890014999546e+06 4.635465700070000021e+05
2.786799930000000245e+02 4.831430899993999861e+06 4.635465399779999861e+05
2.784200129999999831e+02 4.831431089995999821e+06 4.635462600100000273e+05
2.786000060000000076e+02 4.831430829986999743e+06 4.635465800169999711e+05
2.786099849999999947e+02 4.831430839995999821e+06 4.635465499880000134e+05
2.783399959999999851e+02 4.831431019988999702e+06 4.635462999880000134e+05
2.783800049999999828e+02 4.831431029999000020e+06 4.635462800290000159e+05
2.783900150000000053e+02 4.831431040009000339e+06 4.635462600100000273e+05
2.787099910000000023e+02 4.831430739989999682e+06 4.635465999760000268e+05
2.789700010000000248e+02 4.831431109985000454e+06 4.635464799800000037e+05
2.788900150000000053e+02 4.831431049987999722e+06 4.635465200199999963e+05
2.788299870000000169e+02 4.831431010010000318e+06 4.635465399779999861e+05
2.788399959999999851e+02 4.831431019988999702e+06 4.635465200199999963e+05
2.788299870000000169e+02 4.831431010010000318e+06 4.635465300290000159e+05
2.788299870000000169e+02 4.831431000000000000e+06 4.635465200199999963e+05
2.788299870000000169e+02 4.831431000000000000e+06 4.635465200199999963e+05
2.784200129999999831e+02 4.831430649993999861e+06 4.635465999760000268e+05
2.784100040000000149e+02 4.831431059998000041e+06 4.635462399899999727e+05
2.784800109999999904e+02 4.831431089995999821e+06 4.635462100220000139e+05
2.784599910000000023e+02 4.831431100006000139e+06 4.635462399899999727e+05
2.784899899999999775e+02 4.831431109985000454e+06 4.635462199709999841e+05
2.785199890000000096e+02 4.831431119994999841e+06 4.635462000119999866e+05
2.785499879999999848e+02 4.831431130005000159e+06 4.635461799929999979e+05
2.785799870000000169e+02 4.831431130005000159e+06 4.635461599730000016e+05
2.783500060000000076e+02 4.831431059998000041e+06 4.635462299800000037e+05
2.785299989999999752e+02 4.831431119994999841e+06 4.635462500000000000e+05
2.785000000000000000e+02 4.831431089995999821e+06 4.635461799929999979e+05
2.785700069999999755e+02 4.831430829986999743e+06 4.635465999760000268e+05
2.787999879999999848e+02 4.831430980011000298e+06 4.635465499880000134e+05
2.787500000000000000e+02 4.831430980011000298e+06 4.635465599979999824e+05
2.783200069999999755e+02 4.831430989989999682e+06 4.635463400269999984e+05
2.783299870000000169e+02 4.831430920013000257e+06 4.635464600220000139e+05
2.786099849999999947e+02 4.831430880005000159e+06 4.635465999760000268e+05
2.784899899999999775e+02 4.831431100006000139e+06 4.635462800290000159e+05
2.784100040000000149e+02 4.831431029999000020e+06 4.635463900150000118e+05
2.785100100000000225e+02 4.831431000000000000e+06 4.635464500119999866e+05
2.784100040000000149e+02 4.831431000000000000e+06 4.635464400020000176e+05
2.787099910000000023e+02 4.831430950012000278e+06 4.635465900269999984e+05
2.786499939999999924e+02 4.831430940001999959e+06 4.635465999760000268e+05
2.789400019999999927e+02 4.831431040009000339e+06 4.635465700070000021e+05
2.788500060000000076e+02 4.831431040009000339e+06 4.635465599979999824e+05
2.787999879999999848e+02 4.831431019988999702e+06 4.635465700070000021e+05
2.787399899999999775e+02 4.831431019988999702e+06 4.635465700070000021e+05
2.788699950000000172e+02 4.831431070007000118e+06 4.635465800169999711e+05
2.786300049999999828e+02 4.831431160004000179e+06 4.635461799929999979e+05
2.786000060000000076e+02 4.831431160004000179e+06 4.635461900020000176e+05
2.785700069999999755e+02 4.831431149993999861e+06 4.635462100220000139e+05
2.786700129999999831e+02 4.831431179992999882e+06 4.635461599730000016e+05
2.786099849999999947e+02 4.831431160004000179e+06 4.635461900020000176e+05
2.785899959999999851e+02 4.831431149993999861e+06 4.635462100220000139e+05
2.783399959999999851e+02 4.831430700012000278e+06 4.635456500239999732e+05
2.783099980000000073e+02 4.831430739989999682e+06 4.635456400150000118e+05
2.783299870000000169e+02 4.831430820007000118e+06 4.635456400150000118e+05
2.783299870000000169e+02 4.831430709990999661e+06 4.635456199950000155e+05
2.783299870000000169e+02 4.831430660004000179e+06 4.635456599730000016e+05
2.783200069999999755e+02 4.831430700012000278e+06 4.635456599730000016e+05
2.783399959999999851e+02 4.831430850006000139e+06 4.635456199950000155e+05
2.783099980000000073e+02 4.831430859985000454e+06 4.635456300049999845e+05
2.783500060000000076e+02 4.831430869994999841e+06 4.635456199950000155e+05
2.783399959999999851e+02 4.831430809998000041e+06 4.635456599730000016e+05
2.786799930000000245e+02 4.831431200012000278e+06 4.635456599730000016e+05
2.783200069999999755e+02 4.831430829986999743e+06 4.635456300049999845e+05
2.783200069999999755e+02 4.831430679992999882e+06 4.635456199950000155e+05
2.783099980000000073e+02 4.831430709990999661e+06 4.635456199950000155e+05
2.783200069999999755e+02 4.831430720000999980e+06 4.635456400150000118e+05
2.783399959999999851e+02 4.831430850006000139e+06 4.635456300049999845e+05
2.783099980000000073e+02 4.831430679992999882e+06 4.635456699830000289e+05
2.786900019999999927e+02 4.831431309998000041e+06 4.635457000119999866e+05
2.783099980000000073e+02 4.831430739989999682e+06 4.635456300049999845e+05
2.783900150000000053e+02 4.831430829986999743e+06 4.635456500239999732e+05
2.783900150000000053e+02 4.831430880005000159e+06 4.635456699830000289e+05
2.783599849999999947e+02 4.831430859985000454e+06 4.635456699830000289e+05
2.783299870000000169e+02 4.831430730011000298e+06 4.635456400150000118e+05
2.783599849999999947e+02 4.831430690001999959e+06 4.635456099849999882e+05
2.783200069999999755e+02 4.831430679992999882e+06 4.635456199950000155e+05
2.783399959999999851e+02 4.831430809998000041e+06 4.635456699830000289e+05
2.783099980000000073e+02 4.831430790009000339e+06 4.635456900020000176e+05
2.783800049999999828e+02 4.831430890014999546e+06 4.635456599730000016e+05
2.783399959999999851e+02 4.831430869994999841e+06 4.635456699830000289e+05
2.789899899999999775e+02 4.831431160004000179e+06 4.635465300290000159e+05
2.792300109999999904e+02 4.831431329986999743e+06 4.635464699709999841e+05
2.792699890000000096e+02 4.831431350006000139e+06 4.635464699709999841e+05
2.789700010000000248e+02 4.831431119994999841e+06 4.635465100100000273e+05
2.790000000000000000e+02 4.831431130005000159e+06 4.635465100100000273e+05
2.790700069999999755e+02 4.831431190001999959e+06 4.635465800169999711e+05
2.790199890000000096e+02 4.831431140014999546e+06 4.635465999760000268e+05
2.789800109999999904e+02 4.831431119994999841e+06 4.635465900269999984e+05
2.792699890000000096e+02 4.831431369994999841e+06 4.635464299929999979e+05
2.792900089999999977e+02 4.831431350006000139e+06 4.635464000239999732e+05
2.792900089999999977e+02 4.831431410004000179e+06 4.635464099730000016e+05
2.789800109999999904e+02 4.831431149993999861e+06 4.635465100100000273e+05
2.789599910000000023e+02 4.831431140014999546e+06 4.635464899899999727e+05
2.792500000000000000e+02 4.831431369994999841e+06 4.635464199830000289e+05
2.792500000000000000e+02 4.831431369994999841e+06 4.635464099730000016e+05
2.789899899999999775e+02 4.831431179992999882e+06 4.635464699709999841e+05
2.789800109999999904e+02 4.831431160004000179e+06 4.635464899899999727e+05
2.789599910000000023e+02 4.831431149993999861e+06 4.635465200199999963e+05
2.789800109999999904e+02 4.831431179992999882e+06 4.635465000000000000e+05
2.789599910000000023e+02 4.831431149993999861e+06 4.635464899899999727e+05
2.792600100000000225e+02 4.831431369994999841e+06 4.635464000239999732e+05
2.792699890000000096e+02 4.831431399993999861e+06 4.635464199830000289e+05
2.789800109999999904e+02 4.831431170013000257e+06 4.635464799800000037e+05
2.792500000000000000e+02 4.831431390014999546e+06 4.635463900150000118e+05
2.792699890000000096e+02 4.831431410004000179e+06 4.635463900150000118e+05
2.792300109999999904e+02 4.831431279999000020e+06 4.635464299929999979e+05
2.792799989999999752e+02 4.831431420013000257e+06 4.635464199830000289e+05
2.792699890000000096e+02 4.831431380005000159e+06 4.635463900150000118e+05
2.790400089999999977e+02 4.831431160004000179e+06 4.635464699709999841e+05
2.790000000000000000e+02 4.831431140014999546e+06 4.635464899899999727e+05
2.789700010000000248e+02 4.831431130005000159e+06 4.635465100100000273e+05
2.792399899999999775e+02 4.831431329986999743e+06 4.635464400020000176e+05
2.792300109999999904e+02 4.831431329986999743e+06 4.635464500119999866e+05
2.792300109999999904e+02 4.831431350006000139e+06 4.635464600220000139e+05
2.792500000000000000e+02 4.831431329986999743e+06 4.635464500119999866e+05
