463549.859985 4831430.660004 275.290009
463549.859985 4831430.670013 275.269989
463549.830017 4831430.660004 275.269989
463549.849976 4831430.690002 275.290009
463549.830017 4831430.700012 275.230011
463549.840027 4831430.720001 275.269989
463549.809998 4831430.700012 275.209991
463549.820007 4831430.720001 275.260010
463549.780029 4831430.720001 275.190002
463549.780029 4831430.730011 275.239990
463549.750000 4831430.750000 275.130005
463549.690002 4831430.779999 275.040009
463549.700012 4831430.799988 275.070007
463549.739990 4831430.730011 275.140015
463549.650024 4831430.880005 275.079987
463549.630005 4831430.859985 275.070007
463549.619995 4831430.799988 274.839996
463549.609985 4831430.779999 274.799988
463549.630005 4831430.760010 274.920013
463549.669983 4831430.750000 274.920013
463549.729980 4831430.769989 274.989990
463549.710022 4831430.739990 274.980011
463549.690002 4831430.720001 274.959991
463549.739990 4831430.750000 275.079987
463549.739990 4831430.739990 275.040009
463549.729980 4831430.720001 275.000000
463549.770020 4831430.720001 275.079987
463549.760010 4831430.700012 275.049988
463549.809998 4831430.709991 275.130005
463549.789978 4831430.690002 275.109985
463549.830017 4831430.670013 275.179993
463549.820007 4831430.649994 275.160004
463549.869995 4831430.649994 275.239990
463549.869995 4831430.630005 275.190002
463549.900024 4831430.589996 275.290009
463549.659973 4831430.880005 275.100006
463549.609985 4831430.820007 274.779999
463549.719971 4831430.809998 274.959991
463549.700012 4831430.779999 274.959991
463549.780029 4831430.750000 275.089996
463549.760010 4831430.709991 275.100006
463549.849976 4831430.679993 275.160004
463549.640015 4831430.799988 274.880005
463549.760010 4831430.739990 275.049988
463549.760010 4831430.739990 275.000000
463549.890015 4831430.679993 275.250000
463549.880005 4831430.670013 275.200012
463549.869995 4831430.640015 275.209991
463549.940002 4831430.640015 275.279999
463549.969971 4831430.609985 275.299988
463549.750000 4831430.779999 275.200012
463549.729980 4831430.760010 275.179993
463549.690002 4831430.779999 275.100006
463549.710022 4831430.799988 275.119995
463549.669983 4831430.779999 275.059998
463549.679993 4831430.799988 275.089996
463549.690002 4831430.829987 275.100006
463549.659973 4831430.809998 275.070007
463549.669983 4831430.829987 275.109985
463549.640015 4831430.809998 275.019989
463549.650024 4831430.829987 275.049988
463549.710022 4831430.799988 275.160004
463549.719971 4831430.820007 275.109985
463549.710022 4831430.790009 275.160004
463549.690002 4831430.809998 275.160004
463549.690002 4831430.799988 275.130005
463549.690002 4831430.790009 275.140015
463549.690002 4831430.790009 275.149994
463549.700012 4831430.790009 275.170013
463549.710022 4831430.769989 275.179993
463549.729980 4831430.790009 275.179993
463549.729980 4831430.779999 275.200012
463549.729980 4831430.760010 275.190002
463549.739990 4831430.790009 275.190002
463549.719971 4831430.799988 275.179993
463549.710022 4831430.769989 275.190002
463549.729980 4831430.790009 275.179993
463549.710022 4831430.769989 275.170013
463549.719971 4831430.790009 275.170013
463549.729980 4831430.779999 275.200012
463549.719971 4831430.790009 275.170013
463549.729980 4831430.760010 275.220001
463549.739990 4831430.790009 275.220001
463549.739990 4831430.750000 275.220001
463549.760010 4831430.779999 275.209991
463549.789978 4831430.769989 275.260010
463549.770020 4831430.750000 275.260010
463549.780029 4831430.779999 275.260010
463549.719971 4831430.769989 275.190002
463549.729980 4831430.799988 275.170013
463549.669983 4831430.829987 275.119995
463549.640015 4831430.829987 275.059998
463549.650024 4831430.859985 275.130005
463549.780029 4831430.750000 275.230011
463549.809998 4831430.720001 275.279999
463549.669983 4831430.829987 275.000000
463549.659973 4831430.820007 275.049988
463549.750000 4831430.769989 275.220001
463549.809998 4831430.760010 275.260010
463549.780029 4831430.730011 275.239990
463549.849976 4831430.739990 275.299988
463549.789978 4831430.760010 275.260010
463549.799988 4831430.779999 275.220001
463549.710022 4831430.790009 275.190002
463549.719971 4831430.799988 275.160004
463549.729980 4831430.820007 275.119995
463549.630005 4831430.859985 275.010010
463549.770020 4831430.750000 275.279999
463549.789978 4831430.769989 275.260010
463549.710022 4831430.779999 275.170013
463549.719971 4831430.799988 275.160004
463549.739990 4831430.809998 275.109985
463549.669983 4831430.820007 275.100006
463549.679993 4831430.839996 275.059998
463549.619995 4831430.859985 275.029999
463549.799988 4831430.750000 275.279999
463549.820007 4831430.779999 275.269989
463549.679993 4831430.799988 275.140015
463549.700012 4831430.820007 275.130005
463549.710022 4831430.839996 275.100006
463549.650024 4831430.839996 275.059998
463549.659973 4831430.859985 275.040009
463549.609985 4831430.890015 275.059998
463549.640015 4831430.820007 275.049988
463549.700012 4831430.790009 275.130005
463549.729980 4831430.750000 275.220001
463549.650024 4831430.829987 275.049988
463549.700012 4831430.809998 275.079987
463549.690002 4831430.799988 275.119995
463549.750000 4831430.769989 275.160004
463549.750000 4831430.760010 275.200012
463549.739990 4831430.760010 275.250000
463549.799988 4831430.739990 275.239990
463549.789978 4831430.720001 275.290009
463549.659973 4831430.850006 274.980011
463549.659973 4831430.839996 275.040009
463549.710022 4831430.820007 275.070007
463549.710022 4831430.809998 275.109985
463549.780029 4831430.690002 275.299988
463549.780029 4831430.720001 275.290009
463549.679993 4831430.779999 275.149994
463549.750000 4831430.649994 275.299988
463549.739990 4831430.660004 275.269989
463549.719971 4831430.670013 275.250000
463549.700012 4831430.679993 275.209991
463549.679993 4831430.690002 275.179993
463549.650024 4831430.709991 275.160004
463549.729980 4831430.640015 275.290009
463549.710022 4831430.649994 275.260010
463549.690002 4831430.670013 275.220001
463549.669983 4831430.679993 275.179993
463549.650024 4831430.690002 275.160004
463549.630005 4831430.709991 275.130005
463549.750000 4831430.630005 275.299988
463549.729980 4831430.640015 275.269989
463549.710022 4831430.649994 275.239990
463549.690002 4831430.670013 275.209991
463549.659973 4831430.679993 275.179993
463549.640015 4831430.700012 275.149994
463549.739990 4831430.630005 275.299988
463549.719971 4831430.649994 275.269989
463549.710022 4831430.649994 275.239990
463549.679993 4831430.670013 275.209991
463549.669983 4831430.679993 275.179993
463549.640015 4831430.700012 275.149994
463549.619995 4831430.709991 275.119995
463549.739990 4831430.609985 275.290009
463549.710022 4831430.630005 275.269989
463549.700012 4831430.640015 275.239990
463549.669983 4831430.660004 275.200012
463549.650024 4831430.670013 275.170013
463549.630005 4831430.679993 275.140015
463549.719971 4831430.609985 275.269989
463549.690002 4831430.630005 275.250000
463549.669983 4831430.640015 275.220001
463549.659973 4831430.649994 275.190002
463549.640015 4831430.660004 275.160004
463549.619995 4831430.670013 275.130005
463549.700012 4831430.609985 275.239990
463549.690002 4831430.619995 275.220001
463549.630005 4831430.660004 275.079987
463549.679993 4831430.619995 275.260010
463549.650024 4831430.640015 275.119995
463549.630005 4831430.660004 275.070007
463549.679993 4831430.649994 275.140015
463549.659973 4831430.660004 275.100006
463549.650024 4831430.790009 275.079987
463549.679993 4831430.779999 275.109985
463549.710022 4831430.769989 275.170013
463549.729980 4831430.760010 275.179993
463549.750000 4831430.750000 275.220001
463549.780029 4831430.750000 275.299988
463549.659973 4831430.839996 275.049988
463549.679993 4831430.829987 275.079987
463549.650024 4831430.799988 275.070007
463549.669983 4831430.790009 275.100006
463549.690002 4831430.779999 275.119995
463549.710022 4831430.779999 275.149994
463549.729980 4831430.769989 275.179993
463549.760010 4831430.760010 275.200012
463549.780029 4831430.750000 275.230011
463549.659973 4831430.799988 275.079987
463549.690002 4831430.779999 275.100006
463549.700012 4831430.779999 275.140015
463549.729980 4831430.779999 275.170013
463549.750000 4831430.769989 275.200012
463549.780029 4831430.750000 275.230011
463549.659973 4831430.809998 275.070007
463549.669983 4831430.809998 275.100006
463549.700012 4831430.799988 275.130005
463549.719971 4831430.790009 275.149994
463549.739990 4831430.779999 275.170013
463549.760010 4831430.769989 275.200012
463549.789978 4831430.760010 275.230011
463549.659973 4831430.820007 275.070007
463549.690002 4831430.809998 275.100006
463549.710022 4831430.809998 275.130005
463549.739990 4831430.799988 275.160004
463549.770020 4831430.779999 275.179993
463549.780029 4831430.769989 275.209991
463549.789978 4831430.779999 275.260010
463549.690002 4831430.829987 275.070007
463549.659973 4831430.799988 275.079987
463549.640015 4831430.809998 275.040009
463549.780029 4831430.690002 275.290009
463549.760010 4831430.700012 275.260010
463549.739990 4831430.709991 275.230011
463549.719971 4831430.720001 275.200012
463549.700012 4831430.730011 275.170013
463549.659973 4831430.750000 275.119995
463549.640015 4831430.760010 275.089996
463549.630005 4831430.769989 275.059998
463549.799988 4831430.609985 275.290009
463549.770020 4831430.640015 275.239990
463549.750000 4831430.649994 275.200012
463549.729980 4831430.670013 275.179993
463549.710022 4831430.679993 275.160004
463549.640015 4831430.730011 275.049988
463549.619995 4831430.739990 275.029999
463549.669983 4831430.829987 275.070007
463549.710022 4831430.829987 275.109985
463549.809998 4831430.730011 275.299988
463549.820007 4831430.730011 275.299988
463549.770020 4831430.760010 275.250000
463549.799988 4831430.750000 275.279999
463549.820007 4831430.739990 275.299988
463549.729980 4831430.779999 275.170013
463549.750000 4831430.769989 275.190002
463549.770020 4831430.779999 275.239990
463549.799988 4831430.769989 275.260010
463549.820007 4831430.760010 275.279999
463549.700012 4831430.799988 275.130005
463549.719971 4831430.799988 275.160004
463549.750000 4831430.790009 275.190002
463549.770020 4831430.790009 275.230011
463549.799988 4831430.779999 275.239990
463549.710022 4831430.809998 275.119995
463549.739990 4831430.809998 275.160004
463549.760010 4831430.799988 275.179993
463549.780029 4831430.799988 275.209991
463549.799988 4831430.790009 275.230011
463549.780029 4831430.739990 275.290009
463549.780029 4831430.720001 275.299988
463549.750000 4831430.739990 275.220001
463549.690002 4831430.730011 275.100006
463549.700012 4831430.739990 275.130005
463549.719971 4831430.750000 275.140015
463549.690002 4831430.769989 275.130005
463549.710022 4831430.750000 275.130005
463549.729980 4831430.739990 275.130005
463549.700012 4831430.760010 275.119995
463549.729980 4831430.709991 275.190002
463549.690002 4831430.760010 275.109985
463549.669983 4831430.839996 275.019989
463549.729980 4831430.820007 275.109985
463549.780029 4831430.799988 275.160004
463549.830017 4831430.779999 275.209991
463549.830017 4831430.739990 275.290009
463549.710022 4831430.839996 275.070007
463549.739990 4831430.829987 275.070007
