463546.090027 4831430.149994 277.529999
463545.979980 4831430.130005 277.750000
463545.869995 4831430.130005 278.079987
463546.109985 4831431.230011 278.179993
463545.750000 4831430.750000 278.279999
463545.929993 4831431.160004 278.179993
463546.119995 4831431.140015 278.109985
463546.130005 4831431.160004 278.149994
463546.090027 4831431.190002 278.140015
463545.960022 4831431.339996 278.070007
463545.950012 4831431.119995 278.130005
463545.750000 4831430.690002 278.309998
463545.859985 4831430.679993 277.790009
463546.109985 4831431.200012 278.119995
463546.109985 4831431.209991 278.109985
463546.109985 4831431.190002 278.100006
463546.130005 4831431.190002 278.100006
463546.070007 4831431.220001 278.119995
463546.090027 4831431.239990 278.109985
463546.039978 4831431.250000 278.140015
463545.830017 4831430.929993 277.730011
463545.820007 4831430.989990 277.779999
463546.020020 4831431.250000 278.149994
463546.039978 4831431.239990 278.170013
463546.030029 4831431.250000 278.160004
463546.049988 4831431.239990 278.109985
463546.049988 4831431.230011 278.160004
463546.070007 4831431.200012 278.119995
463545.739990 4831430.940002 277.869995
463546.109985 4831431.209991 278.100006
463546.030029 4831431.260010 278.160004
463546.090027 4831431.209991 278.170013
463546.090027 4831431.239990 278.160004
463545.849976 4831430.720001 277.779999
463546.049988 4831431.230011 278.130005
463546.109985 4831431.179993 278.040009
463546.080017 4831431.200012 278.019989
463545.809998 4831430.829987 277.739990
463546.119995 4831431.209991 278.130005
463546.289978 4831431.059998 278.070007
463546.289978 4831431.059998 278.459991
463546.260010 4831431.059998 278.440002
463546.260010 4831431.079987 278.480011
463546.299988 4831431.059998 278.399994
463546.219971 4831431.119995 278.079987
463546.200012 4831431.130005 278.049988
463546.239990 4831430.959991 278.489990
463546.299988 4831431.019989 277.989990
463546.299988 4831431.079987 278.489990
463546.229980 4831431.160004 278.109985
463546.270020 4831431.070007 278.049988
463546.280029 4831431.040009 278.369995
463546.289978 4831431.059998 278.390015
463546.280029 4831431.010010 278.390015
463546.280029 4831431.029999 278.420013
463546.140015 4831431.220001 278.070007
463546.210022 4831431.100006 278.500000
463546.250000 4831431.049988 278.040009
463546.299988 4831431.019989 278.369995
463546.289978 4831431.070007 278.440002
463546.270020 4831431.049988 278.410004
463546.280029 4831431.130005 278.450012
463546.260010 4831431.100006 278.459991
463546.270020 4831431.079987 278.369995
463546.299988 4831431.059998 278.390015
463546.260010 4831431.089996 278.119995
463546.200012 4831431.160004 278.089996
463546.250000 4831431.079987 278.459991
463546.159973 4831431.170013 278.109985
463546.169983 4831431.149994 278.019989
463546.210022 4831431.130005 278.029999
463546.229980 4831431.100006 277.970001
463546.260010 4831431.089996 278.459991
463546.270020 4831431.089996 278.369995
463546.210022 4831431.130005 278.059998
463546.179993 4831431.160004 278.049988
463546.150024 4831431.170013 278.059998
463546.229980 4831431.130005 278.470001
463546.200012 4831431.119995 278.459991
463546.250000 4831431.089996 278.029999
463546.150024 4831431.170013 278.000000
463546.179993 4831431.209991 278.029999
463546.190002 4831431.239990 278.019989
463546.219971 4831431.109985 278.040009
463546.219971 4831431.089996 278.010010
463546.229980 4831431.119995 278.019989
463546.169983 4831431.190002 278.029999
463546.260010 4831431.059998 278.420013
463546.280029 4831431.079987 278.390015
463546.270020 4831431.070007 278.420013
463546.270020 4831431.089996 278.369995
463546.260010 4831431.070007 278.399994
463546.289978 4831431.079987 278.350006
463546.280029 4831431.059998 278.369995
463546.210022 4831431.119995 278.059998
463546.239990 4831431.140015 278.500000
463546.260010 4831431.070007 278.010010
463546.289978 4831431.070007 278.399994
463546.299988 4831431.089996 278.369995
463546.260010 4831431.109985 278.459991
463546.270020 4831431.130005 278.420013
463546.299988 4831431.089996 278.390015
463546.250000 4831431.140015 278.450012
463546.299988 4831431.100006 278.380005
463546.280029 4831431.070007 278.410004
463546.200012 4831431.179993 278.059998
463546.179993 4831431.149994 278.079987
463546.159973 4831431.149994 278.059998
463546.150024 4831431.220001 278.179993
463546.250000 4831431.100006 278.410004
463546.270020 4831431.059998 278.000000
463546.299988 4831431.019989 278.000000
463546.299988 4831431.049988 277.970001
463546.130005 4831431.149994 277.980011
463546.219971 4831431.089996 278.040009
463546.179993 4831431.179993 278.029999
463546.200012 4831431.130005 278.049988
463546.299988 4831431.070007 278.350006
463546.299988 4831431.040009 278.350006
463546.299988 4831430.970001 278.209991
463546.140015 4831431.170013 278.089996
463546.219971 4831431.089996 278.190002
463546.229980 4831431.100006 278.410004
463546.229980 4831431.119995 278.440002
463546.169983 4831431.149994 278.489990
463546.250000 4831431.059998 278.380005
463546.239990 4831431.089996 278.390015
463546.280029 4831431.019989 277.989990
463546.250000 4831430.989990 278.410004
463546.270020 4831431.100006 278.410004
463546.289978 4831431.070007 278.390015
463546.270020 4831431.049988 278.420013
463546.260010 4831431.089996 278.420013
463546.299988 4831431.019989 278.339996
463546.280029 4831431.029999 278.380005
463546.260010 4831431.040009 278.390015
463546.179993 4831431.149994 278.079987
463546.169983 4831431.130005 278.070007
463546.140015 4831431.149994 278.059998
463546.239990 4831431.059998 278.410004
463546.210022 4831431.089996 278.480011
463546.239990 4831431.100006 278.459991
463546.219971 4831431.109985 278.489990
463546.229980 4831431.059998 278.350006
463546.200012 4831431.089996 278.260010
463546.250000 4831431.029999 278.109985
463546.179993 4831431.089996 278.500000
463546.219971 4831431.109985 278.010010
463546.210022 4831431.079987 277.929993
463546.229980 4831431.040009 277.980011
463546.280029 4831431.100006 278.489990
463545.440002 4831430.170013 278.299988
463545.650024 4831430.140015 278.369995
463545.669983 4831430.720001 278.260010
463545.650024 4831430.700012 278.339996
463545.690002 4831430.890015 277.859985
463545.440002 4831430.709991 278.299988
463545.450012 4831430.679993 278.320007
463545.429993 4831430.649994 278.309998
463545.440002 4831430.630005 278.329987
463545.460022 4831430.630005 278.260010
463545.530029 4831430.690002 278.299988
463545.460022 4831430.609985 278.339996
463545.559998 4831430.690002 278.299988
463545.520020 4831430.640015 278.339996
463545.640015 4831430.739990 278.309998
463545.580017 4831430.660004 278.279999
463545.460022 4831430.730011 278.279999
463545.460022 4831430.640015 278.329987
463545.520020 4831430.679993 278.329987
463545.640015 4831430.820007 278.329987
463545.570007 4831430.709991 278.279999
463545.559998 4831430.679993 278.279999
463545.369995 4831430.750000 278.309998
463545.380005 4831430.769989 278.320007
463545.690002 4831430.720001 278.290009
463545.700012 4831430.790009 278.299988
463545.549988 4831430.700012 278.329987
463545.619995 4831430.709991 278.329987
463545.599976 4831430.690002 278.350006
463545.659973 4831430.660004 278.329987
463545.640015 4831430.619995 278.260010
463545.659973 4831430.700012 278.320007
463545.340027 4831430.750000 278.329987
463545.599976 4831430.670013 278.309998
463545.549988 4831430.670013 278.329987
463545.460022 4831430.690002 278.290009
463545.340027 4831430.670013 278.369995
463545.309998 4831430.790009 278.380005
463545.619995 4831430.850006 278.339996
463545.630005 4831430.859985 278.309998
463545.549988 4831430.660004 278.339996
463545.549988 4831430.609985 278.290009
463545.590027 4831430.709991 278.269989
463545.659973 4831430.799988 278.299988
463545.619995 4831430.869995 278.350006
463545.330017 4831430.700012 278.339996
463545.299988 4831430.720001 278.399994
463545.280029 4831430.760010 278.399994
463545.280029 4831430.760010 278.350006
463545.659973 4831430.809998 278.339996
463545.359985 4831430.750000 278.299988
463545.150024 4831431.369995 278.420013
463545.619995 4831430.820007 278.299988
463545.299988 4831431.309998 278.450012
463545.679993 4831430.730011 278.290009
463545.400024 4831430.619995 278.279999
463545.630005 4831430.829987 278.320007
463545.570007 4831430.690002 278.299988
463545.659973 4831430.750000 278.279999
463545.590027 4831430.649994 278.329987
463545.619995 4831430.679993 278.320007
463545.619995 4831430.709991 278.309998
463545.640015 4831430.720001 278.320007
463545.630005 4831430.850006 278.339996
463545.429993 4831430.679993 278.299988
463545.409973 4831430.670013 278.309998
463545.369995 4831431.200012 278.369995
463545.400024 4831430.670013 278.339996
463545.309998 4831430.750000 278.359985
463545.419983 4831430.630005 278.269989
463545.369995 4831430.730011 278.320007
463545.400024 4831430.720001 278.329987
463545.390015 4831430.730011 278.299988
463545.539978 4831430.690002 278.290009
463545.669983 4831430.679993 278.309998
463545.450012 4831430.690002 278.320007
463545.590027 4831430.649994 278.309998
463545.630005 4831430.739990 278.309998
463545.650024 4831430.829987 278.390015
463545.669983 4831430.880005 278.390015
463545.669983 4831430.859985 278.359985
463545.640015 4831430.709991 278.279999
463545.599976 4831430.649994 278.250000
463545.580017 4831430.649994 278.329987
463545.489990 4831430.660004 278.279999
463545.369995 4831430.730011 278.339996
463545.369995 4831430.720001 278.339996
463545.390015 4831430.690002 278.290009
463545.570007 4831430.679993 278.309998
463545.640015 4831430.730011 278.329987
463545.369995 4831430.739990 278.350006
463545.280029 4831430.790009 278.339996
463545.489990 4831430.679993 278.299988
463545.530029 4831430.649994 278.260010
463545.609985 4831430.690002 278.359985
463545.619995 4831430.679993 278.320007
463545.599976 4831430.750000 278.299988
463545.640015 4831430.720001 278.260010
463545.669983 4831430.809998 278.339996
463545.690002 4831430.790009 278.309998
463545.659973 4831430.890015 278.380005
463545.669983 4831430.869995 278.339996
463545.669983 4831430.859985 278.290009
