463546.669983 4831430.230011 278.529999
463546.669983 4831430.239990 278.579987
463546.669983 4831430.220001 278.640015
463546.609985 4831430.250000 278.519989
463546.599976 4831430.220001 278.600006
463546.599976 4831430.220001 278.660004
463546.590027 4831430.209991 278.839996
463546.590027 4831430.209991 278.890015
463546.590027 4831430.220001 278.940002
463546.590027 4831430.209991 278.989990
463546.599976 4831430.220001 279.040009
463546.630005 4831430.440002 278.559998
463546.549988 4831430.250000 278.820007
463546.530029 4831430.220001 278.910004
463546.530029 4831430.209991 278.980011
463546.530029 4831430.209991 279.029999
463546.520020 4831430.200012 279.100006
463546.520020 4831430.190002 279.160004
463546.520020 4831430.179993 279.209991
463546.530029 4831430.209991 279.230011
463546.530029 4831430.209991 279.279999
463546.530029 4831430.220001 279.329987
463546.530029 4831430.209991 279.399994
463546.510010 4831430.250000 278.950012
463546.510010 4831430.230011 279.019989
463546.500000 4831430.220001 279.089996
463546.479980 4831430.179993 279.190002
463546.489990 4831430.209991 279.220001
463546.489990 4831430.209991 279.269989
463546.489990 4831430.209991 279.320007
463546.489990 4831430.200012 279.369995
463546.500000 4831430.209991 279.410004
463546.500000 4831430.209991 279.470001
463546.500000 4831430.209991 279.519989
463546.500000 4831430.209991 279.570007
463546.469971 4831430.220001 279.250000
463546.469971 4831430.209991 279.320007
463546.469971 4831430.209991 279.380005
463546.460022 4831430.200012 279.450012
463546.460022 4831430.209991 279.500000
463546.450012 4831430.179993 279.579987
463546.460022 4831430.200012 279.600006
463546.460022 4831430.200012 279.649994
463546.460022 4831430.230011 279.200012
463546.460022 4831430.230011 279.250000
463546.460022 4831430.230011 279.309998
463546.460022 4831430.220001 279.369995
463546.450012 4831430.209991 279.440002
463546.450012 4831430.209991 279.489990
463546.440002 4831430.200012 279.559998
463546.450012 4831430.209991 279.609985
463546.460022 4831430.290009 279.260010
463546.510010 4831430.380005 279.190002
463546.450012 4831430.250000 279.390015
463546.429993 4831430.220001 279.480011
463546.419983 4831430.190002 279.559998
463546.429993 4831430.200012 279.600006
463546.419983 4831430.190002 279.660004
463546.440002 4831430.260010 279.220001
463546.440002 4831430.250000 279.279999
463546.450012 4831430.269989 279.309998
463546.450012 4831430.269989 279.369995
463546.429993 4831430.220001 279.470001
463546.419983 4831430.209991 279.549988
463546.419983 4831430.209991 279.600006
463546.409973 4831430.190002 279.679993
463546.460022 4831430.350006 279.350006
463546.409973 4831430.220001 279.540009
463546.400024 4831430.209991 279.609985
463546.400024 4831430.200012 279.679993
463546.400024 4831430.269989 279.549988
463546.400024 4831430.269989 279.600006
463546.380005 4831430.239990 279.690002
463546.390015 4831430.239990 279.730011
463546.650024 4831430.200012 278.579987
463546.609985 4831430.170013 278.679993
463546.619995 4831430.200012 278.709991
463546.510010 4831430.200012 279.369995
463546.469971 4831430.170013 279.480011
463546.619995 4831430.200012 278.519989
463546.599976 4831430.190002 278.589996
463546.599976 4831430.200012 278.640015
463546.539978 4831430.179993 278.890015
463546.479980 4831430.190002 279.250000
463546.460022 4831430.170013 279.329987
463546.450012 4831430.170013 279.390015
463546.450012 4831430.179993 279.440002
463546.440002 4831430.179993 279.489990
463546.599976 4831430.209991 278.519989
463546.580017 4831430.200012 278.600006
463546.460022 4831430.190002 279.279999
463546.440002 4831430.190002 279.350006
463546.429993 4831430.190002 279.410004
463546.419983 4831430.190002 279.470001
463546.440002 4831430.209991 279.489990
463546.580017 4831430.250000 278.549988
463546.559998 4831430.239990 278.630005
463546.489990 4831430.230011 279.019989
463546.450012 4831430.230011 279.190002
463546.460022 4831430.250000 279.230011
463546.419983 4831430.220001 279.380005
463546.419983 4831430.230011 279.420013
463546.390015 4831430.209991 279.519989
463546.570007 4831430.279999 278.519989
463546.450012 4831430.279999 278.760010
463546.340027 4831430.320007 278.850006
463546.659973 4831430.179993 278.730011
463546.500000 4831430.170013 279.209991
463546.489990 4831430.179993 279.269989
463546.469971 4831430.170013 279.339996
463546.440002 4831430.170013 279.420013
463546.419983 4831430.170013 279.480011
463546.400024 4831430.170013 279.540009
463546.390015 4831430.179993 279.589996
463546.320007 4831430.140015 279.709991
463546.349976 4831430.179993 279.709991
463546.359985 4831430.200012 279.739990
463546.599976 4831430.170013 278.630005
463546.590027 4831430.170013 278.679993
463546.580017 4831430.179993 278.720001
463546.530029 4831430.179993 278.859985
463546.510010 4831430.179993 278.929993
463546.500000 4831430.179993 278.989990
463546.440002 4831430.190002 279.190002
463546.429993 4831430.200012 279.250000
463546.409973 4831430.200012 279.309998
463546.369995 4831430.209991 279.480011
463546.369995 4831430.230011 279.510010
463546.320007 4831430.250000 279.739990
463546.349976 4831430.299988 279.739990
463546.570007 4831430.190002 278.579987
463546.549988 4831430.200012 278.640015
463546.520020 4831430.200012 278.769989
463546.510010 4831430.209991 278.829987
463546.489990 4831430.220001 278.899994
463546.489990 4831430.239990 278.970001
463546.570007 4831430.230011 278.529999
463546.559998 4831430.239990 278.579987
463546.520020 4831430.250000 278.750000
463546.570007 4831430.279999 278.510010
463546.559998 4831430.260010 278.510010
463546.409973 4831430.250000 278.839996
463546.409973 4831430.299988 279.750000
463546.419983 4831430.160004 279.619995
463546.429993 4831430.160004 279.559998
463546.419983 4831430.140015 279.540009
463546.460022 4831430.160004 279.420013
463546.479980 4831430.170013 279.329987
463546.539978 4831430.179993 278.970001
463546.630005 4831430.209991 278.510010
463546.479980 4831430.140015 279.480011
463546.479980 4831430.140015 279.410004
463546.510010 4831430.149994 279.320007
463546.500000 4831430.130005 279.299988
463546.549988 4831430.140015 279.019989
463546.559998 4831430.140015 278.950012
463546.570007 4831430.140015 278.880005
463546.590027 4831430.149994 278.790009
463546.510010 4831430.130005 279.529999
463546.510010 4831430.130005 279.470001
463546.539978 4831430.130005 279.320007
463546.590027 4831430.140015 279.019989
463546.590027 4831430.130005 278.970001
463546.710022 4831430.160004 278.709991
463546.719971 4831430.130005 278.510010
463546.460022 4831430.260010 279.720001
463546.450012 4831430.170013 279.600006
463546.479980 4831430.260010 278.799988
463546.500000 4831430.190002 279.339996
463546.539978 4831430.149994 279.480011
463546.570007 4831430.140015 279.160004
463546.570007 4831430.140015 279.100006
463546.580017 4831430.160004 279.019989
463546.590027 4831430.190002 278.850006
463546.619995 4831430.239990 278.660004
463546.619995 4831430.170013 278.859985
463546.619995 4831430.160004 278.829987
463546.619995 4831430.170013 278.760010
463546.619995 4831430.179993 278.679993
463546.659973 4831430.239990 278.529999
463546.679993 4831430.190002 278.809998
463546.669983 4831430.170013 278.799988
463546.659973 4831430.160004 278.750000
463546.659973 4831430.160004 278.690002
463546.659973 4831430.170013 278.600006
463546.659973 4831430.170013 278.549988
463546.719971 4831430.190002 278.700012
463546.700012 4831430.170013 278.679993
463546.700012 4831430.170013 278.619995
463546.700012 4831430.170013 278.559998
463546.739990 4831430.170013 278.700012
463546.349976 4831430.320007 278.910004
463546.450012 4831430.179993 279.559998
463546.380005 4831430.309998 278.859985
463546.530029 4831430.160004 279.730011
463546.520020 4831430.170013 279.660004
463546.500000 4831430.149994 279.579987
463546.489990 4831430.160004 279.519989
463546.479980 4831430.179993 279.450012
463546.469971 4831430.170013 279.399994
463546.419983 4831430.299988 278.809998
463546.549988 4831430.179993 279.519989
463546.530029 4831430.160004 279.489990
463546.520020 4831430.160004 279.440002
463546.510010 4831430.160004 279.399994
463546.500000 4831430.160004 279.329987
463546.450012 4831430.269989 278.769989
463546.580017 4831430.209991 279.380005
463546.559998 4831430.170013 279.399994
463546.549988 4831430.160004 279.359985
463546.539978 4831430.160004 279.309998
463546.530029 4831430.160004 279.260010
463546.479980 4831430.260010 278.739990
463546.549988 4831430.160004 279.109985
463546.619995 4831430.200012 279.179993
463546.599976 4831430.160004 279.170013
463546.590027 4831430.149994 279.130005
463546.570007 4831430.149994 279.029999
463546.559998 4831430.179993 278.950012
463546.559998 4831430.190002 278.890015
463546.590027 4831430.160004 278.929993
463546.590027 4831430.179993 278.839996
463546.650024 4831430.179993 278.929993
463546.640015 4831430.170013 278.890015
463546.630005 4831430.160004 278.850006
463546.619995 4831430.160004 278.799988
463546.619995 4831430.200012 278.690002
463546.679993 4831430.170013 278.820007
463546.669983 4831430.170013 278.769989
463546.659973 4831430.170013 278.720001
463546.650024 4831430.170013 278.670013
463546.640015 4831430.190002 278.589996
463546.630005 4831430.200012 278.519989
463546.710022 4831430.190002 278.679993
463546.690002 4831430.170013 278.649994
463546.679993 4831430.170013 278.609985
463546.669983 4831430.179993 278.559998
463546.719971 4831430.160004 278.519989
463546.510010 4831430.190002 278.910004
463546.520020 4831430.209991 279.010010
463546.460022 4831430.220001 278.940002
463546.460022 4831430.209991 279.209991
463546.429993 4831430.250000 279.660004
463546.650024 4831430.250000 278.549988
463546.549988 4831430.230011 278.519989
463546.500000 4831430.209991 278.779999
463546.400024 4831430.179993 279.299988
463546.409973 4831430.200012 279.309998
463546.340027 4831430.170013 279.730011
463546.349976 4831430.200012 279.739990
463546.340027 4831430.160004 279.649994
463546.349976 4831430.260010 278.790009
463546.309998 4831430.320007 278.820007
463546.609985 4831430.230011 278.690002
463546.419983 4831430.230011 279.720001
463546.390015 4831430.179993 279.720001
463546.510010 4831430.279999 279.130005
463546.469971 4831430.200012 279.410004
463546.450012 4831430.179993 279.410004
463546.440002 4831430.160004 279.380005
463546.549988 4831430.230011 279.029999
463546.530029 4831430.200012 279.109985
463546.520020 4831430.190002 279.049988
463546.510010 4831430.170013 278.940002
463546.609985 4831430.239990 278.679993
463546.669983 4831430.220001 278.519989
463546.380005 4831430.339996 279.739990
463546.409973 4831430.320007 279.709991
463546.390015 4831430.299988 279.720001
463546.429993 4831430.279999 279.750000
463546.380005 4831430.190002 279.750000
463546.349976 4831430.179993 279.670013
463546.450012 4831430.250000 279.720001
463546.429993 4831430.230011 279.709991
463546.419983 4831430.209991 279.709991
463546.400024 4831430.190002 279.709991
463546.450012 4831430.239990 279.589996
463546.440002 4831430.209991 279.630005
463546.419983 4831430.190002 279.619995
463546.320007 4831430.320007 278.890015
463546.479980 4831430.260010 279.489990
463546.469971 4831430.239990 279.500000
463546.460022 4831430.209991 279.540009
463546.440002 4831430.190002 279.510010
463546.400024 4831430.200012 279.329987
463546.489990 4831430.250000 279.359985
463546.479980 4831430.220001 279.399994
463546.469971 4831430.200012 279.390015
463546.450012 4831430.190002 279.359985
463546.510010 4831430.250000 279.250000
463546.500000 4831430.220001 279.290009
463546.479980 4831430.190002 279.299988
463546.539978 4831430.279999 279.109985
463546.530029 4831430.250000 279.160004
463546.520020 4831430.220001 279.200012
463546.510010 4831430.200012 279.209991
463546.549988 4831430.239990 279.079987
463546.539978 4831430.209991 279.079987
463546.520020 4831430.190002 279.089996
463546.580017 4831430.260010 278.899994
463546.570007 4831430.220001 278.980011
463546.559998 4831430.190002 278.980011
463546.590027 4831430.230011 278.799988
463546.580017 4831430.209991 278.809998
463546.630005 4831430.269989 278.649994
463546.599976 4831430.209991 278.690002
463546.580017 4831430.200012 278.609985
463546.559998 4831430.179993 278.589996
463546.659973 4831430.250000 278.529999
463546.640015 4831430.230011 278.540009
463546.380005 4831430.190002 279.730011
463546.419983 4831430.279999 279.510010
463546.349976 4831430.179993 279.750000
463546.460022 4831430.279999 279.239990
463546.479980 4831430.290009 279.179993
463546.500000 4831430.279999 279.010010
463546.520020 4831430.290009 278.929993
463546.539978 4831430.290009 278.839996
463546.549988 4831430.299988 278.769989
463546.580017 4831430.309998 278.589996
463546.599976 4831430.320007 278.540009
463546.309998 4831430.359985 279.739990
463546.400024 4831430.290009 279.440002
463546.440002 4831430.269989 279.290009
463546.450012 4831430.309998 278.920013
463546.469971 4831430.320007 278.859985
463546.500000 4831430.320007 278.779999
463546.520020 4831430.320007 278.730011
463546.549988 4831430.329987 278.679993
463546.580017 4831430.329987 278.579987
463546.460022 4831430.279999 278.880005
463546.450012 4831430.269989 278.929993
463546.419983 4831430.269989 279.119995
463546.409973 4831430.269989 279.179993
463546.400024 4831430.260010 279.230011
463546.390015 4831430.269989 279.320007
463546.380005 4831430.269989 279.390015
463546.369995 4831430.269989 279.450012
463546.369995 4831430.269989 279.500000
463546.359985 4831430.269989 279.559998
463546.359985 4831430.299988 279.700012
463546.340027 4831430.290009 279.720001
463546.330017 4831430.260010 279.720001
463546.609985 4831430.309998 278.600006
463546.599976 4831430.269989 278.589996
463546.580017 4831430.260010 278.640015
463546.549988 4831430.250000 278.790009
463546.539978 4831430.250000 278.920013
463546.530029 4831430.250000 278.980011
463546.520020 4831430.239990 279.019989
463546.510010 4831430.239990 279.079987
463546.500000 4831430.230011 279.130005
463546.489990 4831430.230011 279.190002
463546.469971 4831430.220001 279.230011
463546.460022 4831430.200012 279.260010
463546.440002 4831430.160004 279.230011
463546.440002 4831430.190002 279.350006
463546.440002 4831430.209991 279.470001
463546.429993 4831430.230011 279.549988
463546.419983 4831430.220001 279.600006
463546.409973 4831430.209991 279.649994
463546.390015 4831430.190002 279.720001
463546.369995 4831430.170013 279.730011
463546.380005 4831430.309998 279.679993
463546.369995 4831430.290009 279.720001
463546.359985 4831430.200012 279.730011
463546.440002 4831430.290009 279.119995
463546.440002 4831430.290009 279.260010
463546.440002 4831430.279999 279.320007
463546.440002 4831430.269989 279.369995
463546.440002 4831430.260010 279.570007
463546.419983 4831430.230011 279.579987
463546.469971 4831430.299988 278.950012
463546.479980 4831430.299988 279.109985
463546.469971 4831430.290009 279.160004
463546.460022 4831430.260010 279.320007
463546.450012 4831430.250000 279.350006
463546.450012 4831430.239990 279.420013
463546.450012 4831430.220001 279.519989
463546.489990 4831430.279999 278.980011
463546.500000 4831430.290009 279.079987
463546.500000 4831430.279999 279.130005
463546.489990 4831430.269989 279.179993
463546.479980 4831430.250000 279.220001
463546.469971 4831430.230011 279.239990
463546.460022 4831430.220001 279.279999
463546.500000 4831430.239990 279.160004
463546.530029 4831430.230011 279.010010
463546.349976 4831430.380005 279.720001
463546.320007 4831430.339996 279.709991
463546.330017 4831430.329987 279.579987
463546.359985 4831430.329987 279.700012
463546.340027 4831430.299988 279.700012
463546.380005 4831430.329987 279.630005
463546.380005 4831430.309998 279.660004
463546.380005 4831430.299988 279.709991
463546.369995 4831430.279999 279.739990
463546.380005 4831430.309998 279.450012
463546.390015 4831430.309998 279.519989
463546.400024 4831430.290009 279.579987
463546.409973 4831430.279999 279.649994
463546.400024 4831430.260010 279.679993
463546.390015 4831430.239990 279.700012
463546.380005 4831430.220001 279.720001
463546.349976 4831430.179993 279.739990
463546.419983 4831430.329987 279.390015
463546.409973 4831430.299988 279.410004
463546.419983 4831430.299988 279.470001
463546.419983 4831430.290009 279.519989
463546.419983 4831430.269989 279.549988
463546.419983 4831430.260010 279.600006
463546.409973 4831430.239990 279.640015
463546.409973 4831430.220001 279.670013
463546.400024 4831430.200012 279.690002
463546.429993 4831430.320007 279.239990
463546.429993 4831430.299988 279.299988
463546.440002 4831430.290009 279.359985
463546.440002 4831430.279999 279.420013
463546.460022 4831430.260010 279.549988
463546.440002 4831430.309998 279.130005
463546.450012 4831430.299988 279.179993
463546.460022 4831430.290009 279.239990
463546.460022 4831430.279999 279.279999
463546.460022 4831430.260010 279.339996
463546.479980 4831430.320007 279.010010
463546.479980 4831430.309998 279.059998
463546.489990 4831430.299988 279.130005
463546.489990 4831430.279999 279.170013
463546.479980 4831430.260010 279.209991
463546.469971 4831430.239990 279.239990
463546.469971 4831430.220001 279.279999
463546.510010 4831430.290009 279.000000
463546.510010 4831430.269989 279.040009
463546.510010 4831430.260010 279.079987
463546.510010 4831430.239990 279.109985
463546.489990 4831430.220001 279.130005
463546.469971 4831430.190002 279.130005
463546.539978 4831430.290009 278.859985
463546.530029 4831430.269989 278.890015
463546.539978 4831430.239990 279.000000
463546.520020 4831430.220001 279.000000
463546.570007 4831430.299988 278.730011
463546.609985 4831430.309998 278.579987
463546.599976 4831430.290009 278.600006
463546.619995 4831430.250000 278.510010
463546.609985 4831430.230011 278.519989
463546.650024 4831430.250000 278.510010
463546.599976 4831430.269989 278.730011
463546.619995 4831430.290009 278.649994
463546.619995 4831430.290009 278.600006
463546.630005 4831430.299988 278.559998
463546.630005 4831430.309998 278.529999
463546.539978 4831430.290009 279.019989
463546.539978 4831430.299988 278.980011
463546.539978 4831430.299988 278.869995
463546.549988 4831430.309998 278.829987
463546.539978 4831430.309998 278.769989
463546.559998 4831430.329987 278.739990
463546.549988 4831430.320007 278.670013
463546.559998 4831430.329987 278.619995
463546.559998 4831430.329987 278.559998
463546.559998 4831430.329987 278.510010
463546.419983 4831430.260010 279.700012
463546.429993 4831430.269989 279.670013
463546.429993 4831430.279999 279.619995
463546.440002 4831430.290009 279.579987
463546.450012 4831430.309998 279.549988
463546.390015 4831430.309998 279.630005
463546.390015 4831430.309998 279.579987
463546.369995 4831430.290009 279.489990
463546.460022 4831430.250000 279.609985
463546.510010 4831430.239990 279.170013
463546.520020 4831430.239990 279.130005
463546.530029 4831430.250000 279.089996
463546.539978 4831430.250000 279.029999
463546.549988 4831430.260010 279.000000
463546.549988 4831430.260010 278.940002
463546.559998 4831430.260010 278.890015
463546.570007 4831430.260010 278.829987
463546.590027 4831430.260010 278.679993
463546.599976 4831430.260010 278.630005
463546.609985 4831430.269989 278.589996
463546.640015 4831430.309998 278.549988
463546.380005 4831430.309998 279.720001
463546.390015 4831430.320007 279.679993
463546.400024 4831430.309998 279.609985
463546.409973 4831430.320007 279.570007
463546.419983 4831430.299988 279.450012
463546.429993 4831430.309998 279.410004
463546.429993 4831430.309998 279.359985
463546.440002 4831430.299988 279.299988
463546.440002 4831430.299988 279.250000
463546.450012 4831430.299988 279.190002
463546.460022 4831430.309998 279.140015
463546.469971 4831430.309998 279.100006
463546.479980 4831430.309998 279.040009
463546.489990 4831430.309998 278.980011
463546.489990 4831430.309998 278.940002
463546.500000 4831430.320007 278.899994
463546.500000 4831430.309998 278.839996
463546.510010 4831430.320007 278.799988
463546.520020 4831430.309998 278.739990
463546.530029 4831430.320007 278.640015
463546.549988 4831430.339996 278.619995
463546.549988 4831430.320007 278.540009
463546.429993 4831430.299988 278.730011
463546.359985 4831430.320007 279.720001
463546.380005 4831430.359985 279.720001
463546.390015 4831430.309998 279.609985
463546.400024 4831430.309998 279.570007
463546.409973 4831430.309998 279.510010
463546.409973 4831430.309998 279.109985
463546.429993 4831430.329987 279.079987
463546.460022 4831430.320007 278.959991
463546.469971 4831430.309998 278.910004
463546.530029 4831430.369995 278.799988
463546.580017 4831430.390015 278.679993
463546.580017 4831430.320007 278.529999
463546.330017 4831430.359985 279.720001
463546.400024 4831430.309998 279.119995
463546.390015 4831430.299988 279.160004
463546.380005 4831430.279999 279.200012
463546.380005 4831430.290009 279.260010
463546.369995 4831430.290009 279.309998
463546.369995 4831430.290009 279.369995
463546.369995 4831430.299988 279.429993
463546.359985 4831430.290009 279.470001
463546.349976 4831430.290009 279.519989
463546.349976 4831430.290009 279.570007
463546.349976 4831430.299988 279.619995
463546.349976 4831430.320007 279.700012
463546.340027 4831430.299988 279.730011
463546.500000 4831430.320007 278.589996
463546.489990 4831430.309998 278.679993
463546.489990 4831430.320007 278.750000
463546.489990 4831430.329987 278.799988
463546.469971 4831430.290009 278.820007
463546.460022 4831430.290009 278.869995
463546.450012 4831430.290009 278.920013
463546.450012 4831430.290009 278.980011
463546.440002 4831430.290009 279.040009
463546.440002 4831430.290009 279.089996
463546.440002 4831430.290009 279.140015
463546.429993 4831430.290009 279.179993
463546.429993 4831430.290009 279.230011
463546.419983 4831430.290009 279.279999
463546.409973 4831430.290009 279.329987
463546.409973 4831430.290009 279.380005
463546.400024 4831430.290009 279.429993
463546.400024 4831430.279999 279.489990
463546.390015 4831430.279999 279.540009
463546.390015 4831430.279999 279.600006
463546.380005 4831430.279999 279.640015
463546.380005 4831430.279999 279.679993
463546.559998 4831430.309998 278.510010
463546.559998 4831430.309998 278.559998
463546.549988 4831430.309998 278.609985
463546.539978 4831430.299988 278.660004
463546.539978 4831430.299988 278.709991
463546.530029 4831430.290009 278.760010
463546.520020 4831430.290009 278.799988
463546.520020 4831430.290009 278.850006
463546.510010 4831430.290009 278.899994
463546.500000 4831430.279999 278.940002
463546.500000 4831430.279999 278.989990
463546.489990 4831430.269989 279.029999
463546.489990 4831430.269989 279.079987
463546.479980 4831430.260010 279.130005
463546.469971 4831430.260010 279.179993
463546.460022 4831430.250000 279.230011
463546.450012 4831430.230011 279.260010
463546.440002 4831430.220001 279.299988
463546.440002 4831430.239990 279.369995
463546.440002 4831430.239990 279.420013
463546.429993 4831430.230011 279.459991
463546.429993 4831430.230011 279.500000
463546.409973 4831430.209991 279.529999
463546.419983 4831430.239990 279.609985
463546.409973 4831430.230011 279.660004
463546.380005 4831430.170013 279.649994
463546.599976 4831430.290009 278.519989
463546.590027 4831430.279999 278.549988
463546.580017 4831430.260010 278.579987
463546.559998 4831430.230011 278.600006
463546.559998 4831430.239990 278.670013
463546.530029 4831430.179993 278.709991
463546.640015 4831430.269989 278.510010
463546.580017 4831430.190002 278.670013
463546.330017 4831430.320007 279.630005
463546.380005 4831430.309998 279.350006
463546.380005 4831430.309998 279.399994
463546.380005 4831430.309998 279.459991
463546.380005 4831430.309998 279.510010
463546.390015 4831430.309998 279.570007
463546.390015 4831430.309998 279.630005
463546.380005 4831430.290009 279.670013
463546.369995 4831430.279999 279.750000
463546.429993 4831430.309998 279.089996
463546.429993 4831430.299988 279.140015
463546.429993 4831430.299988 279.190002
463546.429993 4831430.299988 279.250000
463546.429993 4831430.299988 279.309998
463546.429993 4831430.290009 279.359985
463546.429993 4831430.290009 279.399994
463546.429993 4831430.279999 279.440002
463546.419983 4831430.269989 279.489990
463546.419983 4831430.260010 279.529999
463546.419983 4831430.260010 279.579987
463546.409973 4831430.239990 279.609985
463546.400024 4831430.230011 279.660004
463546.479980 4831430.320007 278.839996
463546.479980 4831430.309998 278.890015
463546.469971 4831430.290009 278.929993
463546.479980 4831430.309998 279.010010
463546.479980 4831430.299988 279.049988
463546.479980 4831430.299988 279.100006
463546.469971 4831430.279999 279.140015
463546.479980 4831430.290009 279.190002
463546.469971 4831430.279999 279.230011
463546.469971 4831430.269989 279.279999
463546.460022 4831430.250000 279.309998
463546.450012 4831430.239990 279.359985
463546.450012 4831430.230011 279.410004
463546.429993 4831430.200012 279.429993
463546.520020 4831430.320007 278.579987
463546.520020 4831430.320007 278.649994
463546.520020 4831430.309998 278.739990
463546.530029 4831430.320007 278.790009
463546.510010 4831430.290009 278.820007
463546.510010 4831430.299988 278.880005
463546.520020 4831430.290009 278.929993
463546.530029 4831430.309998 279.010010
463546.510010 4831430.279999 279.029999
463546.500000 4831430.269989 279.070007
463546.500000 4831430.250000 279.119995
463546.500000 4831430.250000 279.179993
463546.570007 4831430.320007 278.529999
463546.570007 4831430.320007 278.579987
463546.559998 4831430.309998 278.630005
463546.559998 4831430.309998 278.690002
463546.549988 4831430.290009 278.730011
463546.559998 4831430.290009 278.790009
463546.599976 4831430.309998 278.529999
463546.599976 4831430.299988 278.570007
463546.590027 4831430.279999 278.609985
463546.580017 4831430.269989 278.649994
463546.580017 4831430.269989 278.700012
463546.619995 4831430.250000 278.529999
463546.330017 4831430.350006 279.649994
463546.340027 4831430.350006 279.709991
463546.359985 4831430.320007 279.700012
463546.380005 4831430.320007 279.529999
463546.390015 4831430.290009 279.709991
463546.390015 4831430.309998 279.369995
463546.400024 4831430.309998 279.429993
463546.409973 4831430.309998 279.480011
463546.400024 4831430.290009 279.519989
463546.409973 4831430.290009 279.579987
463546.409973 4831430.279999 279.630005
463546.409973 4831430.309998 279.190002
463546.429993 4831430.320007 279.269989
463546.429993 4831430.309998 279.320007
463546.429993 4831430.299988 279.380005
463546.429993 4831430.290009 279.420013
463546.440002 4831430.279999 279.459991
463546.429993 4831430.260010 279.500000
463546.429993 4831430.260010 279.549988
463546.469971 4831430.339996 279.100006
463546.450012 4831430.320007 279.109985
463546.460022 4831430.309998 279.160004
463546.460022 4831430.299988 279.209991
463546.460022 4831430.290009 279.260010
463546.460022 4831430.279999 279.299988
463546.460022 4831430.269989 279.350006
463546.460022 4831430.260010 279.399994
463546.450012 4831430.239990 279.440002
463546.429993 4831430.320007 278.709991
463546.479980 4831430.320007 278.950012
463546.479980 4831430.309998 279.000000
463546.489990 4831430.299988 279.049988
463546.489990 4831430.290009 279.100006
463546.489990 4831430.279999 279.160004
463546.489990 4831430.260010 279.190002
463546.479980 4831430.309998 278.679993
463546.510010 4831430.320007 278.769989
463546.510010 4831430.309998 278.820007
463546.520020 4831430.309998 278.880005
463546.530029 4831430.299988 278.929993
463546.530029 4831430.290009 278.970001
463546.520020 4831430.269989 279.010010
463546.510010 4831430.250000 279.029999
463546.510010 4831430.239990 279.079987
463546.570007 4831430.329987 278.559998
463546.559998 4831430.320007 278.600006
463546.570007 4831430.320007 278.640015
463546.570007 4831430.309998 278.690002
463546.570007 4831430.290009 278.730011
463546.570007 4831430.279999 278.779999
463546.559998 4831430.269989 278.820007
463546.549988 4831430.250000 278.850006
463546.549988 4831430.230011 278.899994
463546.619995 4831430.299988 278.529999
463546.609985 4831430.279999 278.559998
463546.599976 4831430.260010 278.589996
463546.619995 4831430.269989 278.649994
463546.599976 4831430.239990 278.600006
463546.590027 4831430.269989 278.570007
463546.590027 4831430.290009 278.559998
463546.580017 4831430.329987 278.510010
463546.559998 4831430.230011 278.549988
463546.570007 4831430.250000 278.649994
463546.539978 4831430.260010 278.790009
463546.510010 4831430.230011 278.869995
463546.409973 4831430.200012 279.130005
463546.409973 4831430.220001 279.230011
463546.419983 4831430.230011 279.339996
463546.369995 4831430.220001 279.549988
463546.330017 4831430.209991 279.730011
463546.330017 4831430.309998 279.730011
463546.320007 4831430.339996 279.739990
463546.409973 4831430.200012 279.220001
463546.390015 4831430.230011 279.119995
463546.390015 4831430.250000 279.130005
463546.390015 4831430.250000 279.070007
463546.520020 4831430.220001 278.540009
463546.489990 4831430.230011 278.649994
463546.440002 4831430.239990 278.809998
463546.479980 4831430.209991 278.549988
463546.309998 4831430.170013 279.339996
463546.330017 4831430.149994 279.269989
463546.479980 4831430.190002 278.660004
463546.460022 4831430.200012 278.640015
463546.309998 4831430.179993 279.549988
463546.330017 4831430.170013 279.480011
463546.340027 4831430.179993 279.359985
463546.419983 4831430.170013 278.859985
463546.440002 4831430.209991 279.269989
463546.570007 4831430.290009 278.570007
463546.359985 4831430.309998 279.720001
463546.390015 4831430.299988 279.739990
463546.429993 4831430.279999 279.739990
463546.409973 4831430.230011 279.239990
463546.349976 4831430.320007 279.670013
463546.400024 4831430.299988 279.299988
463546.409973 4831430.299988 279.339996
463546.320007 4831430.209991 279.679993
463546.450012 4831430.230011 278.970001
463546.479980 4831430.269989 278.820007
463546.489990 4831430.279999 278.880005
463546.500000 4831430.279999 278.920013
463546.520020 4831430.269989 278.959991
463546.530029 4831430.290009 278.540009
463546.460022 4831430.250000 279.260010
463546.450012 4831430.250000 279.230011
463546.359985 4831430.250000 279.519989
463546.320007 4831430.149994 279.720001
463546.580017 4831430.239990 278.649994
463546.590027 4831430.239990 278.549988
463546.570007 4831430.250000 278.519989
463546.419983 4831430.200012 279.700012
463546.380005 4831430.220001 279.720001
463546.349976 4831430.239990 279.730011
463546.369995 4831430.239990 279.609985
463546.409973 4831430.230011 279.459991
463546.510010 4831430.209991 278.959991
463546.520020 4831430.209991 278.850006
463546.520020 4831430.209991 278.779999
463546.539978 4831430.220001 278.579987
463546.359985 4831430.190002 279.589996
463546.380005 4831430.190002 279.470001
463546.409973 4831430.179993 279.339996
463546.400024 4831430.190002 279.299988
463546.500000 4831430.190002 278.570007
463546.479980 4831430.200012 278.559998
463546.340027 4831430.140015 279.730011
463546.340027 4831430.149994 279.660004
463546.340027 4831430.149994 279.600006
463546.400024 4831430.130005 279.359985
463546.380005 4831430.149994 279.359985
463546.349976 4831430.239990 279.730011
463546.349976 4831430.140015 279.750000
463546.349976 4831430.149994 279.690002
463546.349976 4831430.170013 279.630005
463546.380005 4831430.179993 279.519989
463546.400024 4831430.200012 279.410004
463546.390015 4831430.140015 279.410004
463546.390015 4831430.149994 279.350006
463546.409973 4831430.179993 279.200012
463546.559998 4831430.230011 278.640015
463546.359985 4831430.290009 278.809998
463546.489990 4831430.140015 278.940002
463546.489990 4831430.149994 278.869995
463546.489990 4831430.170013 278.820007
463546.530029 4831430.190002 278.630005
463546.510010 4831430.209991 278.609985
463546.469971 4831430.220001 278.630005
463546.549988 4831430.160004 278.570007
463546.549988 4831430.170013 278.510010
463546.400024 4831430.239990 279.750000
463546.359985 4831430.320007 279.720001
463546.390015 4831430.309998 279.709991
463546.419983 4831430.290009 279.700012
463546.440002 4831430.260010 279.660004
463546.380005 4831430.329987 279.489990
463546.400024 4831430.320007 279.489990
463546.429993 4831430.309998 279.519989
463546.460022 4831430.299988 279.529999
463546.419983 4831430.320007 279.299988
463546.450012 4831430.320007 279.359985
463546.469971 4831430.299988 279.320007
463546.489990 4831430.260010 279.230011
463546.440002 4831430.320007 279.109985
463546.469971 4831430.320007 279.140015
463546.489990 4831430.309998 279.149994
463546.510010 4831430.290009 279.130005
463546.469971 4831430.309998 278.910004
463546.489990 4831430.309998 278.959991
463546.520020 4831430.309998 279.010010
463546.539978 4831430.299988 278.989990
463546.559998 4831430.260010 278.920013
463546.460022 4831430.320007 278.700012
463546.510010 4831430.309998 278.760010
463546.539978 4831430.320007 278.839996
463546.559998 4831430.299988 278.829987
463546.520020 4831430.320007 278.720001
463546.549988 4831430.329987 278.779999
463546.570007 4831430.309998 278.779999
463546.590027 4831430.279999 278.730011
463546.609985 4831430.260010 278.709991
463546.640015 4831430.250000 278.720001
463546.530029 4831430.329987 278.640015
463546.559998 4831430.329987 278.700012
463546.580017 4831430.320007 278.709991
463546.609985 4831430.290009 278.679993
463546.539978 4831430.329987 278.559998
463546.570007 4831430.339996 278.609985
463546.590027 4831430.329987 278.640015
463546.609985 4831430.309998 278.619995
463546.630005 4831430.279999 278.549988
463546.580017 4831430.339996 278.570007
463546.599976 4831430.329987 278.600006
463546.630005 4831430.299988 278.559998
463546.599976 4831430.339996 278.510010
463546.630005 4831430.329987 278.510010
463546.429993 4831430.209991 279.329987
463546.419983 4831430.220001 279.440002
463546.440002 4831430.239990 279.670013
463546.380005 4831430.279999 279.700012
463546.590027 4831430.209991 278.600006
463546.570007 4831430.209991 278.700012
463546.549988 4831430.209991 278.799988
463546.530029 4831430.209991 278.929993
463546.510010 4831430.209991 279.010010
463546.489990 4831430.209991 279.130005
463546.479980 4831430.220001 279.200012
463546.460022 4831430.220001 279.260010
463546.440002 4831430.220001 279.359985
463546.429993 4831430.220001 279.489990
463546.409973 4831430.220001 279.579987
463546.390015 4831430.220001 279.649994
463546.450012 4831430.190002 279.470001
463546.450012 4831430.200012 279.339996
463546.469971 4831430.190002 279.309998
463546.510010 4831430.190002 279.070007
463546.539978 4831430.179993 278.970001
463546.500000 4831430.269989 279.230011
463546.510010 4831430.260010 279.190002
463546.520020 4831430.260010 279.140015
463546.530029 4831430.260010 279.100006
463546.549988 4831430.250000 279.070007
463546.549988 4831430.260010 278.989990
463546.570007 4831430.250000 278.980011
463546.580017 4831430.260010 278.820007
463546.630005 4831430.250000 278.600006
463546.630005 4831430.250000 278.540009
463546.369995 4831430.170013 279.739990
463546.400024 4831430.190002 279.730011
463546.419983 4831430.260010 279.700012
463546.460022 4831430.230011 279.579987
463546.479980 4831430.190002 279.320007
463546.450012 4831430.260010 279.480011
463546.419983 4831430.329987 279.739990
463546.489990 4831430.269989 279.309998
463546.549988 4831430.209991 278.989990
463546.549988 4831430.190002 278.859985
463546.559998 4831430.230011 278.980011
463546.570007 4831430.220001 278.940002
463546.580017 4831430.250000 278.880005
463546.599976 4831430.209991 278.660004
463546.580017 4831430.290009 278.790009
463546.599976 4831430.279999 278.779999
463546.609985 4831430.250000 278.619995
463546.640015 4831430.239990 278.630005
463546.630005 4831430.309998 278.589996
463546.650024 4831430.769989 278.510010
463546.669983 4831430.809998 278.570007
463546.640015 4831430.809998 278.559998
463546.650024 4831430.829987 278.589996
463546.659973 4831430.850006 278.630005
463546.619995 4831430.880005 278.640015
463546.630005 4831430.899994 278.670013
463546.570007 4831430.910004 278.720001
463546.590027 4831430.950012 278.720001
463546.580017 4831430.940002 278.790009
463546.549988 4831431.000000 278.910004
463546.539978 4831430.989990 278.970001
463546.580017 4831431.070007 278.940002
463546.659973 4831430.750000 278.519989
463546.609985 4831430.809998 278.570007
463546.619995 4831430.829987 278.600006
463546.630005 4831430.850006 278.630005
463546.640015 4831430.869995 278.670013
463546.590027 4831430.869995 278.630005
463546.609985 4831430.929993 278.730011
463546.559998 4831430.959991 278.750000
463546.570007 4831430.989990 278.779999
463546.570007 4831431.000000 278.820007
463546.570007 4831431.019989 278.869995
463546.510010 4831431.049988 278.869995
463546.619995 4831430.739990 278.510010
463546.619995 4831430.760010 278.549988
463546.530029 4831430.839996 278.690002
463546.570007 4831430.910004 278.720001
463546.590027 4831430.940002 278.739990
463546.580017 4831430.950012 278.790009
463546.559998 4831430.940002 278.720001
463546.559998 4831430.959991 278.760010
463546.559998 4831430.980011 278.799988
463546.559998 4831431.000000 278.839996
463546.549988 4831430.929993 278.709991
463546.559998 4831430.950012 278.739990
463546.559998 4831430.970001 278.779999
463546.559998 4831430.989990 278.809998
463546.559998 4831430.959991 278.760010
463546.559998 4831430.980011 278.799988
463546.549988 4831431.000000 278.850006
463546.559998 4831431.019989 278.880005
463546.549988 4831430.950012 278.739990
463546.559998 4831430.970001 278.769989
463546.549988 4831430.980011 278.820007
463546.559998 4831431.010010 278.839996
463546.549988 4831430.950012 278.739990
463546.559998 4831430.980011 278.769989
463546.549988 4831430.989990 278.809998
463546.549988 4831431.010010 278.839996
463546.559998 4831431.019989 278.880005
463546.549988 4831430.950012 278.720001
463546.549988 4831430.970001 278.760010
463546.549988 4831430.980011 278.809998
463546.559998 4831431.010010 278.839996
463546.530029 4831430.980011 278.790009
463546.539978 4831431.010010 278.829987
463546.539978 4831431.029999 278.869995
463546.530029 4831431.019989 278.799988
463546.530029 4831431.029999 278.839996
463546.520020 4831431.040009 278.880005
463546.320007 4831431.040009 278.519989
463546.609985 4831430.859985 278.929993
463546.650024 4831430.880005 278.750000
463546.650024 4831430.869995 278.700012
463546.650024 4831430.859985 278.670013
463546.669983 4831430.799988 278.589996
463546.710022 4831430.750000 278.540009
463546.690002 4831430.720001 278.519989
463546.679993 4831430.839996 278.640015
463546.650024 4831430.790009 278.670013
463546.690002 4831430.769989 278.609985
463546.690002 4831430.769989 278.549988
463546.309998 4831431.100006 278.519989
463546.710022 4831430.779999 278.570007
463546.510010 4831430.850006 278.839996
463546.489990 4831430.910004 278.970001
463546.530029 4831431.000000 278.760010
463546.530029 4831431.010010 278.809998
463546.539978 4831431.029999 278.839996
463546.559998 4831430.839996 278.619995
463546.559998 4831430.859985 278.649994
463546.559998 4831430.899994 278.709991
463546.520020 4831430.920013 278.880005
463546.510010 4831430.980011 278.790009
463546.510010 4831431.000000 278.809998
463546.510010 4831431.010010 278.850006
463546.510010 4831431.029999 278.880005
463546.559998 4831431.049988 278.829987
463546.549988 4831431.019989 278.839996
463546.530029 4831431.000000 278.799988
463546.539978 4831430.920013 278.920013
463546.510010 4831430.869995 279.010010
463546.580017 4831430.910004 278.679993
463546.609985 4831430.839996 278.600006
463546.619995 4831430.739990 278.510010
463546.599976 4831430.839996 278.570007
463546.559998 4831430.929993 278.660004
463546.489990 4831430.899994 279.019989
463546.500000 4831430.920013 279.000000
463546.510010 4831430.940002 278.959991
463546.520020 4831430.950012 278.910004
463546.539978 4831431.010010 278.790009
463546.520020 4831431.070007 278.850006
463546.500000 4831430.899994 278.980011
463546.570007 4831430.940002 278.670013
463546.510010 4831430.940002 278.880005
463546.609985 4831430.829987 278.559998
463546.409973 4831430.799988 278.920013
463546.619995 4831430.820007 278.540009
463546.520020 4831431.059998 278.769989
463546.479980 4831430.929993 279.000000
463546.539978 4831431.029999 278.769989
463546.530029 4831431.010010 278.790009
463546.549988 4831430.989990 278.709991
463546.530029 4831430.959991 278.709991
463546.580017 4831430.970001 278.690002
463546.559998 4831430.950012 278.670013
463546.580017 4831430.929993 278.640015
463546.559998 4831430.899994 278.630005
463546.590027 4831430.890015 278.589996
463546.590027 4831430.839996 278.549988
463546.619995 4831430.880005 278.609985
463546.580017 4831430.940002 278.720001
463546.580017 4831430.950012 278.679993
463546.549988 4831430.970001 278.920013
463546.559998 4831431.000000 278.790009
463546.570007 4831431.000000 278.739990
463546.539978 4831431.070007 278.869995
463546.539978 4831431.070007 278.809998
463546.590027 4831430.829987 278.549988
463546.599976 4831430.850006 278.529999
463546.570007 4831430.839996 278.559998
463546.590027 4831430.869995 278.559998
463546.599976 4831430.869995 278.510010
463546.580017 4831430.910004 278.619995
463546.580017 4831430.890015 278.540009
463546.500000 4831430.890015 279.029999
463546.520020 4831430.929993 279.019989
463546.570007 4831430.920013 278.649994
463546.580017 4831430.929993 278.609985
463546.489990 4831430.890015 279.019989
463546.510010 4831430.929993 279.040009
463546.530029 4831430.959991 279.019989
463546.559998 4831430.929993 278.649994
463546.580017 4831430.950012 278.630005
463546.469971 4831430.890015 279.029999
463546.489990 4831430.910004 279.010010
463546.510010 4831430.940002 279.000000
463546.520020 4831430.950012 278.959991
463546.530029 4831430.970001 278.920013
463546.559998 4831430.959991 278.660004
463546.479980 4831430.970001 279.040009
463546.520020 4831430.989990 278.859985
463546.539978 4831430.989990 278.739990
463546.549988 4831431.010010 278.709991
463546.530029 4831431.079987 278.799988
463546.510010 4831431.019989 278.829987
463546.520020 4831431.010010 278.769989
463546.539978 4831431.010010 278.720001
463546.469971 4831431.119995 278.940002
463546.530029 4831431.000000 278.769989
463546.460022 4831430.920013 278.989990
463546.450012 4831430.899994 279.019989
463546.530029 4831431.059998 278.779999
463546.510010 4831431.040009 278.799988
463546.419983 4831430.899994 278.679993
463546.409973 4831430.880005 278.709991
463546.539978 4831430.989990 278.690002
463546.539978 4831430.980011 278.739990
463546.570007 4831430.940002 278.619995
463546.559998 4831430.920013 278.649994
463546.580017 4831430.869995 278.589996
463546.630005 4831430.779999 278.760010
463546.580017 4831430.829987 278.549988
463546.580017 4831430.859985 278.579987
463546.580017 4831430.890015 278.589996
463546.549988 4831430.839996 278.609985
463546.549988 4831430.859985 278.600006
463546.549988 4831430.880005 278.619995
463546.520020 4831431.040009 278.820007
463546.479980 4831431.140015 278.940002
463546.530029 4831430.959991 278.700012
463546.500000 4831431.019989 278.809998
463546.450012 4831431.130005 278.950012
463546.440002 4831431.160004 278.989990
463546.440002 4831430.829987 278.970001
463546.419983 4831431.140015 279.059998
463546.450012 4831430.959991 278.890015
463546.479980 4831430.899994 278.809998
463546.520020 4831430.750000 278.570007
463546.539978 4831431.010010 278.890015
463546.520020 4831430.989990 278.869995
463546.489990 4831430.920013 279.029999
463546.580017 4831430.890015 278.630005
463546.599976 4831430.880005 278.609985
463546.530029 4831431.010010 278.820007
463546.549988 4831430.989990 278.750000
463546.580017 4831430.970001 278.690002
463546.549988 4831431.079987 278.850006
463546.590027 4831430.850006 278.559998
463546.609985 4831430.839996 278.540009
463546.539978 4831431.049988 278.809998
463546.559998 4831431.010010 278.709991
463546.590027 4831430.980011 278.679993
463546.530029 4831430.940002 278.690002
463546.590027 4831430.880005 278.589996
463546.570007 4831430.890015 278.640015
463546.539978 4831430.899994 278.679993
463546.580017 4831430.829987 278.600006
463546.549988 4831430.839996 278.609985
463546.599976 4831430.739990 278.709991
463546.479980 4831431.109985 278.970001
463546.520020 4831431.049988 278.890015
463546.539978 4831431.010010 278.829987
463546.520020 4831431.019989 278.839996
463546.530029 4831431.010010 278.829987
463546.520020 4831431.000000 278.829987
463546.520020 4831431.000000 278.829987
463546.599976 4831430.829987 278.570007
463546.549988 4831430.980011 278.799988
463546.559998 4831430.980011 278.750000
463546.599976 4831430.880005 278.609985
463546.450012 4831431.000000 278.510010
463546.590027 4831430.950012 278.709991
463546.599976 4831430.940002 278.649994
463546.570007 4831431.040009 278.940002
463546.559998 4831431.040009 278.850006
463546.570007 4831431.019989 278.799988
463546.570007 4831431.019989 278.739990
463546.580017 4831431.070007 278.869995
463546.530029 4831431.160004 278.989990
463546.469971 4831431.329987 279.230011
463546.469971 4831431.350006 279.269989
463546.510010 4831431.119995 278.970001
463546.510010 4831431.130005 279.000000
463546.580017 4831431.190002 279.070007
463546.599976 4831431.140015 279.019989
463546.590027 4831431.119995 278.980011
463546.429993 4831431.369995 279.269989
463546.400024 4831431.350006 279.290009
463546.510010 4831431.149994 278.980011
463546.489990 4831431.140015 278.959991
463546.419983 4831431.369995 279.250000
463546.409973 4831431.369995 279.250000
463546.469971 4831431.179993 278.989990
463546.489990 4831431.160004 278.980011
463546.520020 4831431.149994 278.959991
463546.500000 4831431.179993 278.980011
463546.489990 4831431.149994 278.959991
463546.400024 4831431.369995 279.260010
463546.479980 4831431.170013 278.980011
463546.429993 4831431.279999 279.230011
463546.469971 4831431.160004 279.040009
463546.489990 4831431.140015 279.000000
463546.510010 4831431.130005 278.970001
463546.440002 4831431.329987 279.239990
463546.450012 4831431.329987 279.230011
463546.460022 4831431.350006 279.230011
463546.450012 4831431.329987 279.250000
