2.774500120000000152e+02 4.831429850006000139e+06 4.635460100100000273e+05
2.774400019999999927e+02 4.831429859985000454e+06 4.635460499880000134e+05
2.777600100000000225e+02 4.831429730011000298e+06 4.635458800049999845e+05
2.777799989999999752e+02 4.831429709990999661e+06 4.635458599849999882e+05
2.777999879999999848e+02 4.831429760010000318e+06 4.635458400269999984e+05
2.776499939999999924e+02 4.831429720000999980e+06 4.635458300169999711e+05
2.777099910000000023e+02 4.831429769988999702e+06 4.635458300169999711e+05
2.777500000000000000e+02 4.831429760010000318e+06 4.635458800049999845e+05
2.777999879999999848e+02 4.831429760010000318e+06 4.635458400269999984e+05
2.777699890000000096e+02 4.831429779999000020e+06 4.635458599849999882e+05
2.777500000000000000e+02 4.831429769988999702e+06 4.635458499760000268e+05
2.777900089999999977e+02 4.831429760010000318e+06 4.635458400269999984e+05
2.777699890000000096e+02 4.831429769988999702e+06 4.635458599849999882e+05
2.777900089999999977e+02 4.831429660004000179e+06 4.635457700199999963e+05
2.777900089999999977e+02 4.831429769988999702e+06 4.635458599849999882e+05
2.777799989999999752e+02 4.831429750000000000e+06 4.635458800049999845e+05
2.775499879999999848e+02 4.831429839995999821e+06 4.635460800169999711e+05
2.780499879999999848e+02 4.831430079986999743e+06 4.635458499760000268e+05
2.780899959999999851e+02 4.831430040009000339e+06 4.635459299929999979e+05
2.780899959999999851e+02 4.831430010010000318e+06 4.635458599849999882e+05
2.781099849999999947e+02 4.831430019988999702e+06 4.635459199830000289e+05
2.783699950000000172e+02 4.831430049987999722e+06 4.635457399899999727e+05
2.781600040000000149e+02 4.831430010010000318e+06 4.635458400269999984e+05
2.783900150000000053e+02 4.831430019988999702e+06 4.635457100220000139e+05
2.778500060000000076e+02 4.831430040009000339e+06 4.635460200199999963e+05
2.778099980000000073e+02 4.831430109985000454e+06 4.635460499880000134e+05
2.780400089999999977e+02 4.831430040009000339e+06 4.635459299929999979e+05
2.774700010000000248e+02 4.831430000000000000e+06 4.635461099849999882e+05
2.775299989999999752e+02 4.831430000000000000e+06 4.635460999760000268e+05
2.776600040000000149e+02 4.831429989989999682e+06 4.635460700070000021e+05
2.777099910000000023e+02 4.831429989989999682e+06 4.635460700070000021e+05
2.777500000000000000e+02 4.831430010010000318e+06 4.635460700070000021e+05
2.776900019999999927e+02 4.831430000000000000e+06 4.635460200199999963e+05
2.777500000000000000e+02 4.831429989989999682e+06 4.635460000000000000e+05
2.777999879999999848e+02 4.831430000000000000e+06 4.635460000000000000e+05
2.778500060000000076e+02 4.831430000000000000e+06 4.635459899899999727e+05
2.778999939999999924e+02 4.831430010010000318e+06 4.635459899899999727e+05
2.778299870000000169e+02 4.831430109985000454e+06 4.635460599979999824e+05
2.779299930000000245e+02 4.831429980011000298e+06 4.635459199830000289e+05
2.779599910000000023e+02 4.831430000000000000e+06 4.635459299929999979e+05
2.780000000000000000e+02 4.831430019988999702e+06 4.635459299929999979e+05
2.780100100000000225e+02 4.831430049987999722e+06 4.635459500119999866e+05
2.779800109999999904e+02 4.831430040009000339e+06 4.635458900150000118e+05
2.780499879999999848e+02 4.831430070007000118e+06 4.635458499760000268e+05
2.781600040000000149e+02 4.831429890014999546e+06 4.635457399899999727e+05
2.780599980000000073e+02 4.831430010010000318e+06 4.635459199830000289e+05
2.781000060000000076e+02 4.831429980011000298e+06 4.635459500119999866e+05
2.780899959999999851e+02 4.831430019988999702e+06 4.635458900150000118e+05
2.781000060000000076e+02 4.831429989989999682e+06 4.635459199830000289e+05
2.782500000000000000e+02 4.831429989989999682e+06 4.635458599849999882e+05
2.782300109999999904e+02 4.831429970000999980e+06 4.635458499760000268e+05
2.781700129999999831e+02 4.831430010010000318e+06 4.635459199830000289e+05
2.781600040000000149e+02 4.831429980011000298e+06 4.635459000239999732e+05
2.781000060000000076e+02 4.831430000000000000e+06 4.635459699709999841e+05
2.784299930000000245e+02 4.831430010010000318e+06 4.635457500000000000e+05
2.784500120000000152e+02 4.831429959990999661e+06 4.635457299800000037e+05
2.779500120000000152e+02 4.831429940001999959e+06 4.635459799800000037e+05
2.777600100000000225e+02 4.831429950012000278e+06 4.635460800169999711e+05
2.780199890000000096e+02 4.831430059998000041e+06 4.635459000239999732e+05
2.779800109999999904e+02 4.831430010010000318e+06 4.635459699709999841e+05
2.780100100000000225e+02 4.831429980011000298e+06 4.635460000000000000e+05
2.779400019999999927e+02 4.831429980011000298e+06 4.635460000000000000e+05
2.778299870000000169e+02 4.831430010010000318e+06 4.635460200199999963e+05
2.778999939999999924e+02 4.831429989989999682e+06 4.635460700070000021e+05
2.778699950000000172e+02 4.831429980011000298e+06 4.635460599979999824e+05
2.778200069999999755e+02 4.831429980011000298e+06 4.635460599979999824e+05
2.777500000000000000e+02 4.831429989989999682e+06 4.635461199950000155e+05
2.777300109999999904e+02 4.831429970000999980e+06 4.635461099849999882e+05
2.776700129999999831e+02 4.831429970000999980e+06 4.635461099849999882e+05
2.780299989999999752e+02 4.831430070007000118e+06 4.635458499760000268e+05
2.780499879999999848e+02 4.831429989989999682e+06 4.635459199830000289e+05
2.780299989999999752e+02 4.831429980011000298e+06 4.635459600220000139e+05
2.779800109999999904e+02 4.831429989989999682e+06 4.635459500119999866e+05
2.779299930000000245e+02 4.831430000000000000e+06 4.635460000000000000e+05
2.778800049999999828e+02 4.831430010010000318e+06 4.635460399779999861e+05
2.778699950000000172e+02 4.831429980011000298e+06 4.635460300290000159e+05
2.778399959999999851e+02 4.831429989989999682e+06 4.635460800169999711e+05
2.777200010000000248e+02 4.831430029999000020e+06 4.635460700070000021e+05
2.777600100000000225e+02 4.831429980011000298e+06 4.635460999760000268e+05
2.777099910000000023e+02 4.831429989989999682e+06 4.635460999760000268e+05
2.780700069999999755e+02 4.831429880005000159e+06 4.635457800290000159e+05
2.780700069999999755e+02 4.831430040009000339e+06 4.635458699950000155e+05
2.780700069999999755e+02 4.831430070007000118e+06 4.635458800049999845e+05
2.780899959999999851e+02 4.831430029999000020e+06 4.635458699950000155e+05
2.780599980000000073e+02 4.831430059998000041e+06 4.635458900150000118e+05
2.780700069999999755e+02 4.831430079986999743e+06 4.635457600100000273e+05
2.781199950000000172e+02 4.831430089995999821e+06 4.635458300169999711e+05
2.774500120000000152e+02 4.831430029999000020e+06 4.635461099849999882e+05
2.775799870000000169e+02 4.831430010010000318e+06 4.635461099849999882e+05
2.776799930000000245e+02 4.831430019988999702e+06 4.635460499880000134e+05
2.776900019999999927e+02 4.831430029999000020e+06 4.635460000000000000e+05
2.777799989999999752e+02 4.831430029999000020e+06 4.635460000000000000e+05
2.778099980000000073e+02 4.831430049987999722e+06 4.635460100100000273e+05
2.774899899999999775e+02 4.831429989989999682e+06 4.635461099849999882e+05
2.775499879999999848e+02 4.831430000000000000e+06 4.635460999760000268e+05
2.776799930000000245e+02 4.831430010010000318e+06 4.635460399779999861e+05
2.777399899999999775e+02 4.831430029999000020e+06 4.635460399779999861e+05
2.778599849999999947e+02 4.831430029999000020e+06 4.635459500119999866e+05
2.779200129999999831e+02 4.831430019988999702e+06 4.635458699950000155e+05
2.777200010000000248e+02 4.831429760010000318e+06 4.635459000239999732e+05
2.776300049999999828e+02 4.831429769988999702e+06 4.635459899899999727e+05
2.776700129999999831e+02 4.831429750000000000e+06 4.635459699709999841e+05
2.777000120000000152e+02 4.831429779999000020e+06 4.635459500119999866e+05
2.777000120000000152e+02 4.831429750000000000e+06 4.635459400020000176e+05
2.780199890000000096e+02 4.831429929992999882e+06 4.635458599849999882e+05
2.779800109999999904e+02 4.831429910004000179e+06 4.635458400269999984e+05
2.776900019999999927e+02 4.831429769988999702e+06 4.635459699709999841e+05
2.774200129999999831e+02 4.831429880005000159e+06 4.635460700070000021e+05
2.775000000000000000e+02 4.831429839995999821e+06 4.635460700070000021e+05
2.781300049999999828e+02 4.831430049987999722e+06 4.635458800049999845e+05
2.781199950000000172e+02 4.831430029999000020e+06 4.635458599849999882e+05
2.779599910000000023e+02 4.831430019988999702e+06 4.635459400020000176e+05
2.778399959999999851e+02 4.831430029999000020e+06 4.635460100100000273e+05
2.777500000000000000e+02 4.831430049987999722e+06 4.635460399779999861e+05
2.777500000000000000e+02 4.831430019988999702e+06 4.635460300290000159e+05
2.775000000000000000e+02 4.831430019988999702e+06 4.635461300049999845e+05
2.774800109999999904e+02 4.831430000000000000e+06 4.635461199950000155e+05
2.774400019999999927e+02 4.831429920013000257e+06 4.635460900269999984e+05
2.776600040000000149e+02 4.831429799987999722e+06 4.635459600220000139e+05
2.776400150000000053e+02 4.831429820007000118e+06 4.635459699709999841e+05
2.777200010000000248e+02 4.831429779999000020e+06 4.635459000239999732e+05
2.777000120000000152e+02 4.831429799987999722e+06 4.635459099730000016e+05
2.776600040000000149e+02 4.831429820007000118e+06 4.635459199830000289e+05
2.776400150000000053e+02 4.831429799987999722e+06 4.635458599849999882e+05
2.776099849999999947e+02 4.831429820007000118e+06 4.635458699950000155e+05
2.774400019999999927e+02 4.831429940001999959e+06 4.635460599979999824e+05
2.780899959999999851e+02 4.831430109985000454e+06 4.635458099979999824e+05
2.780700069999999755e+02 4.831430119994999841e+06 4.635457299800000037e+05
2.780700069999999755e+02 4.831430119994999841e+06 4.635457600100000273e+05
2.774100040000000149e+02 4.831429959990999661e+06 4.635460800169999711e+05
2.774100040000000149e+02 4.831429980011000298e+06 4.635460900269999984e+05
2.774700010000000248e+02 4.831430040009000339e+06 4.635461199950000155e+05
2.775100100000000225e+02 4.831430070007000118e+06 4.635461300049999845e+05
2.779299930000000245e+02 4.831430070007000118e+06 4.635459000239999732e+05
2.779200129999999831e+02 4.831430089995999821e+06 4.635459199830000289e+05
2.778599849999999947e+02 4.831430100006000139e+06 4.635459299929999979e+05
2.778200069999999755e+02 4.831430119994999841e+06 4.635459500119999866e+05
2.779100040000000149e+02 4.831430089995999821e+06 4.635459299929999979e+05
2.777200010000000248e+02 4.831429769988999702e+06 4.635458900150000118e+05
2.776400150000000053e+02 4.831429809998000041e+06 4.635459500119999866e+05
2.776700129999999831e+02 4.831429790009000339e+06 4.635459400020000176e+05
2.777099910000000023e+02 4.831429779999000020e+06 4.635459199830000289e+05
2.777200010000000248e+02 4.831429760010000318e+06 4.635459000239999732e+05
2.775100100000000225e+02 4.831429869994999841e+06 4.635460499880000134e+05
2.780799870000000169e+02 4.831430070007000118e+06 4.635458499760000268e+05
2.780599980000000073e+02 4.831430029999000020e+06 4.635458699950000155e+05
2.781499939999999924e+02 4.831430049987999722e+06 4.635458099979999824e+05
2.781000060000000076e+02 4.831430040009000339e+06 4.635458300169999711e+05
2.780400089999999977e+02 4.831430079986999743e+06 4.635457800290000159e+05
2.779700010000000248e+02 4.831430040009000339e+06 4.635459299929999979e+05
2.777799989999999752e+02 4.831430070007000118e+06 4.635459600220000139e+05
2.777799989999999752e+02 4.831430070007000118e+06 4.635459600220000139e+05
2.777900089999999977e+02 4.831430079986999743e+06 4.635459799800000037e+05
2.779899899999999775e+02 4.831430089995999821e+06 4.635458900150000118e+05
2.780199890000000096e+02 4.831430070007000118e+06 4.635458900150000118e+05
2.780299989999999752e+02 4.831430049987999722e+06 4.635458699950000155e+05
2.779299930000000245e+02 4.831430070007000118e+06 4.635459000239999732e+05
2.779800109999999904e+02 4.831430049987999722e+06 4.635459000239999732e+05
2.780000000000000000e+02 4.831430029999000020e+06 4.635458900150000118e+05
2.779700010000000248e+02 4.831429989989999682e+06 4.635458599849999882e+05
2.779899899999999775e+02 4.831429970000999980e+06 4.635458499760000268e+05
2.780299989999999752e+02 4.831429950012000278e+06 4.635458400269999984e+05
2.779299930000000245e+02 4.831430029999000020e+06 4.635459299929999979e+05
2.778399959999999851e+02 4.831430059998000041e+06 4.635459699709999841e+05
2.777399899999999775e+02 4.831430070007000118e+06 4.635460100100000273e+05
2.780499879999999848e+02 4.831429899993999861e+06 4.635458099979999824e+05
2.774700010000000248e+02 4.831429829986999743e+06 4.635460399779999861e+05
2.774899899999999775e+02 4.831429880005000159e+06 4.635460700070000021e+05
2.773999939999999924e+02 4.831429890014999546e+06 4.635460800169999711e+05
2.773999939999999924e+02 4.831429929992999882e+06 4.635461099849999882e+05
2.776700129999999831e+02 4.831429790009000339e+06 4.635459299929999979e+05
2.776700129999999831e+02 4.831429820007000118e+06 4.635459500119999866e+05
2.776400150000000053e+02 4.831429829986999743e+06 4.635459600220000139e+05
2.777500000000000000e+02 4.831429799987999722e+06 4.635458699950000155e+05
2.777000120000000152e+02 4.831429799987999722e+06 4.635458800049999845e+05
2.777500000000000000e+02 4.831429790009000339e+06 4.635458699950000155e+05
2.777099910000000023e+02 4.831429809998000041e+06 4.635458900150000118e+05
2.776900019999999927e+02 4.831429820007000118e+06 4.635459000239999732e+05
2.776600040000000149e+02 4.831429839995999821e+06 4.635459199830000289e+05
2.776600040000000149e+02 4.831429869994999841e+06 4.635459299929999979e+05
2.780599980000000073e+02 4.831430119994999841e+06 4.635457899779999861e+05
2.780599980000000073e+02 4.831430119994999841e+06 4.635457500000000000e+05
2.780899959999999851e+02 4.831430100006000139e+06 4.635458300169999711e+05
2.774500120000000152e+02 4.831429950012000278e+06 4.635460800169999711e+05
2.775000000000000000e+02 4.831430010010000318e+06 4.635461300049999845e+05
2.777300109999999904e+02 4.831430029999000020e+06 4.635460499880000134e+05
2.778200069999999755e+02 4.831430040009000339e+06 4.635459899899999727e+05
2.778299870000000169e+02 4.831430079986999743e+06 4.635460200199999963e+05
2.779400019999999927e+02 4.831430079986999743e+06 4.635459400020000176e+05
2.780499879999999848e+02 4.831430089995999821e+06 4.635458099979999824e+05
2.773800049999999828e+02 4.831429959990999661e+06 4.635461199950000155e+05
2.775599980000000073e+02 4.831430070007000118e+06 4.635461099849999882e+05
2.775199890000000096e+02 4.831430079986999743e+06 4.635461199950000155e+05
2.777500000000000000e+02 4.831430010010000318e+06 4.635460000000000000e+05
2.777500000000000000e+02 4.831430049987999722e+06 4.635460200199999963e+05
2.777099910000000023e+02 4.831430059998000041e+06 4.635460300290000159e+05
2.779299930000000245e+02 4.831430070007000118e+06 4.635459400020000176e+05
2.778900150000000053e+02 4.831430089995999821e+06 4.635459500119999866e+05
2.777799989999999752e+02 4.831430109985000454e+06 4.635459799800000037e+05
2.776700129999999831e+02 4.831430070007000118e+06 4.635459699709999841e+05
2.780000000000000000e+02 4.831430119994999841e+06 4.635458800049999845e+05
2.777399899999999775e+02 4.831430089995999821e+06 4.635460100100000273e+05
2.775299989999999752e+02 4.831430119994999841e+06 4.635460900269999984e+05
2.780499879999999848e+02 4.831430109985000454e+06 4.635458499760000268e+05
2.779899899999999775e+02 4.831430109985000454e+06 4.635458599849999882e+05
2.779500120000000152e+02 4.831430119994999841e+06 4.635458800049999845e+05
2.781199950000000172e+02 4.831429899993999861e+06 4.635457600100000273e+05
2.776799930000000245e+02 4.831429850006000139e+06 4.635459000239999732e+05
2.777500000000000000e+02 4.831429820007000118e+06 4.635458699950000155e+05
2.776400150000000053e+02 4.831429809998000041e+06 4.635459299929999979e+05
2.776700129999999831e+02 4.831429799987999722e+06 4.635459199830000289e+05
2.777000120000000152e+02 4.831429779999000020e+06 4.635459099730000016e+05
2.777399899999999775e+02 4.831429769988999702e+06 4.635459000239999732e+05
2.776199950000000172e+02 4.831429790009000339e+06 4.635459699709999841e+05
2.774899899999999775e+02 4.831429899993999861e+06 4.635460800169999711e+05
2.774899899999999775e+02 4.831429850006000139e+06 4.635460499880000134e+05
2.776700129999999831e+02 4.831429809998000041e+06 4.635459299929999979e+05
2.777000120000000152e+02 4.831429790009000339e+06 4.635459199830000289e+05
2.774800109999999904e+02 4.831429890014999546e+06 4.635460399779999861e+05
2.775199890000000096e+02 4.831429869994999841e+06 4.635460300290000159e+05
2.777300109999999904e+02 4.831429790009000339e+06 4.635458699950000155e+05
2.776700129999999831e+02 4.831429820007000118e+06 4.635459600220000139e+05
2.774100040000000149e+02 4.831429929992999882e+06 4.635460900269999984e+05
2.780700069999999755e+02 4.831430070007000118e+06 4.635458699950000155e+05
2.780799870000000169e+02 4.831430040009000339e+06 4.635458499760000268e+05
2.780700069999999755e+02 4.831430089995999821e+06 4.635458400269999984e+05
2.780700069999999755e+02 4.831430049987999722e+06 4.635458699950000155e+05
2.781400150000000053e+02 4.831430109985000454e+06 4.635457999880000134e+05
2.781499939999999924e+02 4.831430079986999743e+06 4.635457800290000159e+05
2.781099849999999947e+02 4.831430089995999821e+06 4.635458099979999824e+05
2.781499939999999924e+02 4.831430079986999743e+06 4.635458099979999824e+05
2.781199950000000172e+02 4.831430079986999743e+06 4.635458400269999984e+05
2.778299870000000169e+02 4.831430079986999743e+06 4.635459299929999979e+05
2.778900150000000053e+02 4.831430079986999743e+06 4.635459199830000289e+05
2.779599910000000023e+02 4.831430089995999821e+06 4.635459199830000289e+05
2.777500000000000000e+02 4.831430059998000041e+06 4.635459899899999727e+05
2.777900089999999977e+02 4.831430049987999722e+06 4.635459799800000037e+05
2.773699950000000172e+02 4.831430040009000339e+06 4.635461099849999882e+05
2.774500120000000152e+02 4.831430070007000118e+06 4.635461199950000155e+05
2.775700069999999755e+02 4.831430070007000118e+06 4.635461099849999882e+05
2.775100100000000225e+02 4.831429980011000298e+06 4.635461099849999882e+05
2.780100100000000225e+02 4.831430079986999743e+06 4.635458699950000155e+05
2.777099910000000023e+02 4.831430070007000118e+06 4.635459799800000037e+05
2.777600100000000225e+02 4.831430070007000118e+06 4.635459799800000037e+05
2.777999879999999848e+02 4.831430059998000041e+06 4.635459799800000037e+05
2.776900019999999927e+02 4.831430049987999722e+06 4.635460300290000159e+05
2.777300109999999904e+02 4.831430040009000339e+06 4.635460200199999963e+05
2.780199890000000096e+02 4.831430100006000139e+06 4.635458400269999984e+05
2.780000000000000000e+02 4.831430089995999821e+06 4.635458800049999845e+05
2.780299989999999752e+02 4.831430070007000118e+06 4.635458800049999845e+05
2.779299930000000245e+02 4.831430089995999821e+06 4.635459199830000289e+05
2.779599910000000023e+02 4.831430070007000118e+06 4.635459099730000016e+05
2.780000000000000000e+02 4.831430040009000339e+06 4.635458900150000118e+05
2.780000000000000000e+02 4.831429989989999682e+06 4.635458499760000268e+05
2.780000000000000000e+02 4.831429959990999661e+06 4.635458300169999711e+05
2.778699950000000172e+02 4.831430079986999743e+06 4.635459500119999866e+05
2.779200129999999831e+02 4.831430070007000118e+06 4.635459500119999866e+05
2.778800049999999828e+02 4.831430059998000041e+06 4.635460000000000000e+05
2.775199890000000096e+02 4.831430059998000041e+06 4.635461300049999845e+05
2.774800109999999904e+02 4.831429890014999546e+06 4.635460399779999861e+05
2.774100040000000149e+02 4.831429910004000179e+06 4.635460999760000268e+05
2.774100040000000149e+02 4.831429940001999959e+06 4.635460900269999984e+05
2.774800109999999904e+02 4.831429890014999546e+06 4.635460499880000134e+05
2.773399959999999851e+02 4.831429940001999959e+06 4.635460599979999824e+05
2.775199890000000096e+02 4.831429880005000159e+06 4.635460200199999963e+05
2.777300109999999904e+02 4.831430029999000020e+06 4.635459899899999727e+05
2.777699890000000096e+02 4.831430089995999821e+06 4.635459899899999727e+05
2.778699950000000172e+02 4.831430049987999722e+06 4.635459500119999866e+05
2.778599849999999947e+02 4.831430059998000041e+06 4.635459299929999979e+05
2.773800049999999828e+02 4.831430000000000000e+06 4.635461199950000155e+05
2.773999939999999924e+02 4.831429959990999661e+06 4.635460900269999984e+05
2.780299989999999752e+02 4.831429959990999661e+06 4.635458099979999824e+05
2.772600100000000225e+02 4.831429940001999959e+06 4.635461300049999845e+05
2.775100100000000225e+02 4.831429920013000257e+06 4.635460000000000000e+05
2.773800049999999828e+02 4.831429899993999861e+06 4.635460599979999824e+05
2.778500060000000076e+02 4.831429959990999661e+06 4.635458800049999845e+05
2.780700069999999755e+02 4.831430070007000118e+06 4.635458699950000155e+05
2.780599980000000073e+02 4.831430070007000118e+06 4.635458699950000155e+05
2.777699890000000096e+02 4.831430040009000339e+06 4.635459500119999866e+05
2.778500060000000076e+02 4.831430070007000118e+06 4.635459500119999866e+05
2.778699950000000172e+02 4.831430059998000041e+06 4.635459699709999841e+05
2.775000000000000000e+02 4.831429899993999861e+06 4.635460800169999711e+05
2.775599980000000073e+02 4.831429910004000179e+06 4.635460599979999824e+05
2.775000000000000000e+02 4.831429890014999546e+06 4.635460800169999711e+05
2.776400150000000053e+02 4.831429920013000257e+06 4.635460200199999963e+05
2.774800109999999904e+02 4.831429820007000118e+06 4.635460700070000021e+05
2.776300049999999828e+02 4.831429890014999546e+06 4.635460000000000000e+05
2.780700069999999755e+02 4.831429980011000298e+06 4.635458800049999845e+05
2.781700129999999831e+02 4.831430010010000318e+06 4.635458099979999824e+05
2.777999879999999848e+02 4.831430040009000339e+06 4.635459699709999841e+05
2.778699950000000172e+02 4.831430040009000339e+06 4.635459500119999866e+05
2.778999939999999924e+02 4.831430040009000339e+06 4.635459400020000176e+05
2.778999939999999924e+02 4.831430040009000339e+06 4.635459400020000176e+05
2.778800049999999828e+02 4.831430049987999722e+06 4.635459099730000016e+05
2.779200129999999831e+02 4.831430029999000020e+06 4.635459099730000016e+05
2.779599910000000023e+02 4.831430059998000041e+06 4.635458800049999845e+05
2.780299989999999752e+02 4.831430040009000339e+06 4.635458599849999882e+05
2.775000000000000000e+02 4.831430000000000000e+06 4.635461099849999882e+05
2.778599849999999947e+02 4.831429989989999682e+06 4.635459699709999841e+05
2.777999879999999848e+02 4.831430000000000000e+06 4.635459699709999841e+05
2.780299989999999752e+02 4.831430010010000318e+06 4.635458300169999711e+05
2.781000060000000076e+02 4.831429880005000159e+06 4.635457500000000000e+05
2.780700069999999755e+02 4.831429899993999861e+06 4.635457899779999861e+05
2.780599980000000073e+02 4.831429920013000257e+06 4.635457899779999861e+05
2.777799989999999752e+02 4.831429790009000339e+06 4.635458599849999882e+05
2.777900089999999977e+02 4.831429779999000020e+06 4.635458800049999845e+05
2.780499879999999848e+02 4.831429940001999959e+06 4.635458200070000021e+05
2.777500000000000000e+02 4.831429799987999722e+06 4.635458800049999845e+05
2.777399899999999775e+02 4.831429790009000339e+06 4.635459099730000016e+05
2.777000120000000152e+02 4.831429820007000118e+06 4.635459299929999979e+05
2.774500120000000152e+02 4.831429929992999882e+06 4.635461099849999882e+05
2.780899959999999851e+02 4.831430109985000454e+06 4.635457899779999861e+05
2.780899959999999851e+02 4.831430070007000118e+06 4.635458699950000155e+05
2.780700069999999755e+02 4.831430109985000454e+06 4.635458699950000155e+05
2.780799870000000169e+02 4.831430119994999841e+06 4.635458599849999882e+05
2.780700069999999755e+02 4.831430100006000139e+06 4.635458800049999845e+05
2.781300049999999828e+02 4.831430089995999821e+06 4.635458400269999984e+05
2.781700129999999831e+02 4.831430100006000139e+06 4.635458200070000021e+05
2.780299989999999752e+02 4.831430089995999821e+06 4.635459000239999732e+05
2.779599910000000023e+02 4.831430059998000041e+06 4.635459299929999979e+05
2.778999939999999924e+02 4.831430100006000139e+06 4.635459500119999866e+05
2.778399959999999851e+02 4.831430079986999743e+06 4.635459799800000037e+05
2.777600100000000225e+02 4.831430049987999722e+06 4.635460100100000273e+05
2.774200129999999831e+02 4.831429959990999661e+06 4.635461099849999882e+05
2.778399959999999851e+02 4.831430119994999841e+06 4.635459799800000037e+05
2.778299870000000169e+02 4.831430100006000139e+06 4.635460000000000000e+05
2.777399899999999775e+02 4.831430070007000118e+06 4.635460399779999861e+05
2.780199890000000096e+02 4.831429970000999980e+06 4.635458499760000268e+05
2.780199890000000096e+02 4.831430070007000118e+06 4.635459000239999732e+05
2.773900150000000053e+02 4.831429980011000298e+06 4.635461300049999845e+05
2.774400019999999927e+02 4.831430040009000339e+06 4.635461099849999882e+05
2.775199890000000096e+02 4.831430059998000041e+06 4.635460599979999824e+05
2.780299989999999752e+02 4.831429910004000179e+06 4.635458300169999711e+05
2.777200010000000248e+02 4.831429769988999702e+06 4.635459199830000289e+05
2.777099910000000023e+02 4.831429760010000318e+06 4.635459400020000176e+05
2.777000120000000152e+02 4.831429769988999702e+06 4.635459299929999979e+05
2.777000120000000152e+02 4.831429760010000318e+06 4.635459299929999979e+05
2.777000120000000152e+02 4.831429769988999702e+06 4.635459400020000176e+05
2.780400089999999977e+02 4.831429899993999861e+06 4.635457999880000134e+05
2.777099910000000023e+02 4.831429790009000339e+06 4.635459400020000176e+05
2.777000120000000152e+02 4.831429769988999702e+06 4.635459600220000139e+05
2.779899899999999775e+02 4.831429920013000257e+06 4.635458200070000021e+05
2.776600040000000149e+02 4.831429799987999722e+06 4.635459699709999841e+05
2.780799870000000169e+02 4.831430029999000020e+06 4.635458699950000155e+05
2.781000060000000076e+02 4.831430070007000118e+06 4.635458800049999845e+05
2.780799870000000169e+02 4.831430059998000041e+06 4.635459000239999732e+05
2.780700069999999755e+02 4.831430079986999743e+06 4.635458900150000118e+05
2.781700129999999831e+02 4.831430049987999722e+06 4.635458300169999711e+05
2.781400150000000053e+02 4.831430040009000339e+06 4.635458400269999984e+05
2.781199950000000172e+02 4.831430029999000020e+06 4.635458599849999882e+05
2.781499939999999924e+02 4.831430029999000020e+06 4.635458300169999711e+05
2.780400089999999977e+02 4.831430019988999702e+06 4.635458900150000118e+05
2.779899899999999775e+02 4.831430019988999702e+06 4.635459000239999732e+05
2.780100100000000225e+02 4.831430079986999743e+06 4.635459199830000289e+05
2.779899899999999775e+02 4.831430070007000118e+06 4.635459400020000176e+05
2.779100040000000149e+02 4.831430070007000118e+06 4.635459600220000139e+05
2.778800049999999828e+02 4.831430059998000041e+06 4.635459799800000037e+05
2.778399959999999851e+02 4.831430049987999722e+06 4.635460000000000000e+05
2.778099980000000073e+02 4.831430040009000339e+06 4.635460100100000273e+05
2.777799989999999752e+02 4.831430029999000020e+06 4.635460300290000159e+05
2.775799870000000169e+02 4.831430000000000000e+06 4.635461099849999882e+05
2.775499879999999848e+02 4.831430000000000000e+06 4.635461199950000155e+05
2.780000000000000000e+02 4.831430029999000020e+06 4.635459199830000289e+05
2.777900089999999977e+02 4.831430049987999722e+06 4.635459799800000037e+05
2.778099980000000073e+02 4.831430040009000339e+06 4.635460200199999963e+05
2.777600100000000225e+02 4.831430019988999702e+06 4.635460300290000159e+05
2.774899899999999775e+02 4.831430000000000000e+06 4.635461500239999732e+05
2.773200069999999755e+02 4.831429970000999980e+06 4.635461900020000176e+05
2.774400019999999927e+02 4.831429970000999980e+06 4.635461799929999979e+05
2.774899899999999775e+02 4.831429980011000298e+06 4.635461699830000289e+05
2.775499879999999848e+02 4.831429980011000298e+06 4.635461699830000289e+05
2.773099980000000073e+02 4.831429929992999882e+06 4.635462800290000159e+05
2.772900089999999977e+02 4.831429899993999861e+06 4.635462700199999963e+05
2.776000060000000076e+02 4.831429929992999882e+06 4.635461500239999732e+05
2.774400019999999927e+02 4.831429929992999882e+06 4.635462399899999727e+05
2.773900150000000053e+02 4.831429920013000257e+06 4.635462399899999727e+05
2.773500060000000076e+02 4.831429940001999959e+06 4.635462399899999727e+05
2.774800109999999904e+02 4.831429959990999661e+06 4.635462600100000273e+05
2.774400019999999927e+02 4.831429950012000278e+06 4.635462600100000273e+05
2.773999939999999924e+02 4.831429950012000278e+06 4.635462500000000000e+05
2.773299870000000169e+02 4.831429950012000278e+06 4.635462999880000134e+05
2.774599910000000023e+02 4.831429970000999980e+06 4.635462600100000273e+05
2.774100040000000149e+02 4.831429959990999661e+06 4.635462500000000000e+05
2.773399959999999851e+02 4.831429970000999980e+06 4.635462800290000159e+05
2.776700129999999831e+02 4.831429970000999980e+06 4.635461599730000016e+05
2.776300049999999828e+02 4.831429950012000278e+06 4.635461500239999732e+05
2.775599980000000073e+02 4.831429950012000278e+06 4.635461500239999732e+05
2.775599980000000073e+02 4.831429950012000278e+06 4.635462100220000139e+05
2.775100100000000225e+02 4.831429940001999959e+06 4.635462000119999866e+05
2.774400019999999927e+02 4.831429950012000278e+06 4.635462000119999866e+05
2.772600100000000225e+02 4.831430019988999702e+06 4.635462500000000000e+05
2.774599910000000023e+02 4.831430019988999702e+06 4.635461699830000289e+05
2.772600100000000225e+02 4.831430000000000000e+06 4.635462399899999727e+05
2.772999879999999848e+02 4.831430079986999743e+06 4.635461699830000289e+05
2.773200069999999755e+02 4.831430019988999702e+06 4.635462000119999866e+05
2.774700010000000248e+02 4.831430029999000020e+06 4.635461400150000118e+05
2.774400019999999927e+02 4.831430049987999722e+06 4.635461500239999732e+05
2.773999939999999924e+02 4.831430059998000041e+06 4.635461699830000289e+05
2.773299870000000169e+02 4.831430109985000454e+06 4.635462199709999841e+05
2.775299989999999752e+02 4.831430119994999841e+06 4.635461400150000118e+05
2.774500120000000152e+02 4.831430079986999743e+06 4.635461599730000016e+05
2.773200069999999755e+02 4.831430079986999743e+06 4.635462299800000037e+05
2.772999879999999848e+02 4.831430059998000041e+06 4.635461799929999979e+05
2.772999879999999848e+02 4.831430010010000318e+06 4.635462000119999866e+05
2.773999939999999924e+02 4.831429980011000298e+06 4.635461400150000118e+05
2.772600100000000225e+02 4.831430019988999702e+06 4.635462299800000037e+05
2.773099980000000073e+02 4.831430040009000339e+06 4.635462000119999866e+05
2.773299870000000169e+02 4.831430079986999743e+06 4.635462100220000139e+05
2.772600100000000225e+02 4.831430019988999702e+06 4.635462500000000000e+05
2.772699890000000096e+02 4.831430019988999702e+06 4.635462500000000000e+05
2.774299930000000245e+02 4.831430000000000000e+06 4.635461400150000118e+05
2.773200069999999755e+02 4.831430040009000339e+06 4.635462199709999841e+05
2.772900089999999977e+02 4.831430029999000020e+06 4.635462299800000037e+05
2.775100100000000225e+02 4.831430000000000000e+06 4.635461599730000016e+05
2.774299930000000245e+02 4.831430000000000000e+06 4.635461500239999732e+05
2.772799989999999752e+02 4.831430010010000318e+06 4.635462199709999841e+05
2.772699890000000096e+02 4.831429989989999682e+06 4.635462399899999727e+05
2.773200069999999755e+02 4.831430049987999722e+06 4.635462199709999841e+05
2.773299870000000169e+02 4.831430029999000020e+06 4.635462500000000000e+05
2.783800049999999828e+02 4.831430019988999702e+06 4.635456799929999979e+05
2.785000000000000000e+02 4.831430070007000118e+06 4.635455300290000159e+05
2.783699950000000172e+02 4.831430079986999743e+06 4.635457000119999866e+05
2.784100040000000149e+02 4.831430000000000000e+06 4.635456599730000016e+05
2.783500060000000076e+02 4.831430109985000454e+06 4.635456599730000016e+05
2.785000000000000000e+02 4.831430079986999743e+06 4.635455900269999984e+05
2.783299870000000169e+02 4.831430079986999743e+06 4.635457000119999866e+05
2.783200069999999755e+02 4.831430079986999743e+06 4.635456500239999732e+05
2.783999939999999924e+02 4.831430109985000454e+06 4.635456599730000016e+05
2.785000000000000000e+02 4.831430100006000139e+06 4.635455700070000021e+05
2.784200129999999831e+02 4.831430109985000454e+06 4.635456500239999732e+05
2.783800049999999828e+02 4.831430119994999841e+06 4.635456599730000016e+05
2.783299870000000169e+02 4.831430119994999841e+06 4.635456799929999979e+05
2.784800109999999904e+02 4.831430119994999841e+06 4.635455800169999711e+05
2.784500120000000152e+02 4.831430119994999841e+06 4.635455900269999984e+05
2.783800049999999828e+02 4.831430109985000454e+06 4.635455999760000268e+05
2.784700010000000248e+02 4.831430109985000454e+06 4.635455599979999824e+05
2.784800109999999904e+02 4.831430089995999821e+06 4.635455900269999984e+05
2.785000000000000000e+02 4.831430059998000041e+06 4.635455800169999711e+05
2.783699950000000172e+02 4.831430100006000139e+06 4.635456500239999732e+05
2.784200129999999831e+02 4.831430100006000139e+06 4.635456500239999732e+05
2.783399959999999851e+02 4.831430079986999743e+06 4.635456900020000176e+05
2.785000000000000000e+02 4.831430100006000139e+06 4.635455499880000134e+05
2.783900150000000053e+02 4.831430109985000454e+06 4.635456599730000016e+05
2.784899899999999775e+02 4.831430119994999841e+06 4.635455999760000268e+05
2.784700010000000248e+02 4.831430119994999841e+06 4.635456099849999882e+05
2.783699950000000172e+02 4.831430109985000454e+06 4.635455999760000268e+05
2.784500120000000152e+02 4.831430119994999841e+06 4.635456300049999845e+05
2.783900150000000053e+02 4.831430119994999841e+06 4.635456199950000155e+05
2.784400019999999927e+02 4.831430119994999841e+06 4.635456500239999732e+05
2.783299870000000169e+02 4.831430109985000454e+06 4.635456799929999979e+05
2.783699950000000172e+02 4.831430109985000454e+06 4.635457000119999866e+05
2.785000000000000000e+02 4.831430079986999743e+06 4.635456199950000155e+05
2.781799930000000245e+02 4.831429910004000179e+06 4.635457000119999866e+05
2.782300109999999904e+02 4.831429820007000118e+06 4.635456500239999732e+05
2.782500000000000000e+02 4.831429869994999841e+06 4.635456400150000118e+05
2.781400150000000053e+02 4.831429850006000139e+06 4.635456400150000118e+05
2.782000120000000152e+02 4.831429799987999722e+06 4.635456500239999732e+05
2.782900089999999977e+02 4.831429809998000041e+06 4.635456400150000118e+05
2.780899959999999851e+02 4.831429890014999546e+06 4.635456699830000289e+05
2.783099980000000073e+02 4.831429790009000339e+06 4.635455300290000159e+05
2.782999879999999848e+02 4.831429799987999722e+06 4.635455499880000134e+05
2.782900089999999977e+02 4.831429820007000118e+06 4.635455700070000021e+05
2.782900089999999977e+02 4.831429850006000139e+06 4.635455800169999711e+05
2.781499939999999924e+02 4.831429850006000139e+06 4.635456300049999845e+05
2.782099910000000023e+02 4.831429839995999821e+06 4.635456199950000155e+05
2.782699890000000096e+02 4.831429820007000118e+06 4.635455999760000268e+05
2.783099980000000073e+02 4.831429809998000041e+06 4.635455900269999984e+05
2.781900019999999927e+02 4.831429790009000339e+06 4.635455900269999984e+05
2.782900089999999977e+02 4.831429799987999722e+06 4.635455999760000268e+05
2.781400150000000053e+02 4.831429890014999546e+06 4.635456400150000118e+05
2.781600040000000149e+02 4.831429869994999841e+06 4.635456300049999845e+05
2.781700129999999831e+02 4.831429880005000159e+06 4.635456900020000176e+05
2.783399959999999851e+02 4.831429779999000020e+06 4.635455100100000273e+05
2.782999879999999848e+02 4.831429799987999722e+06 4.635455700070000021e+05
2.782999879999999848e+02 4.831429839995999821e+06 4.635455999760000268e+05
2.781900019999999927e+02 4.831429799987999722e+06 4.635455900269999984e+05
2.782300109999999904e+02 4.831429859985000454e+06 4.635456199950000155e+05
2.782099910000000023e+02 4.831429890014999546e+06 4.635456300049999845e+05
2.781499939999999924e+02 4.831429880005000159e+06 4.635456400150000118e+05
2.784100040000000149e+02 4.831429859985000454e+06 4.635455200199999963e+05
2.782300109999999904e+02 4.831429869994999841e+06 4.635455999760000268e+05
2.783099980000000073e+02 4.831429820007000118e+06 4.635455900269999984e+05
2.781099849999999947e+02 4.831429839995999821e+06 4.635456799929999979e+05
2.781600040000000149e+02 4.831429839995999821e+06 4.635455900269999984e+05
2.782300109999999904e+02 4.831429850006000139e+06 4.635455999760000268e+05
2.782200010000000248e+02 4.831429799987999722e+06 4.635455700070000021e+05
2.782900089999999977e+02 4.831429809998000041e+06 4.635455599979999824e+05
2.781199950000000172e+02 4.831429859985000454e+06 4.635456199950000155e+05
2.780899959999999851e+02 4.831429869994999841e+06 4.635457100220000139e+05
2.781099849999999947e+02 4.831429859985000454e+06 4.635456699830000289e+05
2.781300049999999828e+02 4.831429880005000159e+06 4.635456400150000118e+05
2.781499939999999924e+02 4.831429839995999821e+06 4.635456099849999882e+05
2.781600040000000149e+02 4.831429869994999841e+06 4.635456099849999882e+05
2.781700129999999831e+02 4.831429850006000139e+06 4.635455900269999984e+05
2.781900019999999927e+02 4.831429839995999821e+06 4.635455700070000021e+05
2.780899959999999851e+02 4.831429760010000318e+06 4.635456400150000118e+05
2.782799989999999752e+02 4.831429869994999841e+06 4.635455300290000159e+05
2.783299870000000169e+02 4.831429890014999546e+06 4.635455999760000268e+05
2.783200069999999755e+02 4.831429850006000139e+06 4.635455900269999984e+05
2.782500000000000000e+02 4.831429839995999821e+06 4.635455900269999984e+05
2.782999879999999848e+02 4.831429829986999743e+06 4.635456099849999882e+05
2.782900089999999977e+02 4.831429859985000454e+06 4.635456400150000118e+05
2.782200010000000248e+02 4.831429890014999546e+06 4.635456699830000289e+05
2.783099980000000073e+02 4.831429839995999821e+06 4.635456199950000155e+05
2.781600040000000149e+02 4.831429859985000454e+06 4.635456099849999882e+05
2.781900019999999927e+02 4.831429899993999861e+06 4.635456699830000289e+05
2.781300049999999828e+02 4.831429899993999861e+06 4.635456900020000176e+05
2.784899899999999775e+02 4.831429950012000278e+06 4.635456199950000155e+05
2.781499939999999924e+02 4.831429869994999841e+06 4.635456500239999732e+05
2.781300049999999828e+02 4.831429859985000454e+06 4.635456799929999979e+05
2.781099849999999947e+02 4.831429850006000139e+06 4.635457000119999866e+05
2.781900019999999927e+02 4.831429779999000020e+06 4.635456300049999845e+05
2.784500120000000152e+02 4.831429970000999980e+06 4.635455200199999963e+05
