463547.059998 4831432.250000 278.070007
463546.520020 4831432.309998 278.049988
463546.760010 4831432.470001 278.200012
463547.039978 4831432.299988 277.320007
463547.049988 4831432.320007 277.359985
463547.030029 4831432.290009 277.989990
463546.969971 4831432.359985 277.609985
463546.900024 4831432.429993 277.769989
463546.900024 4831432.420013 277.839996
463547.020020 4831432.269989 277.980011
463546.979980 4831432.290009 277.890015
463546.989990 4831432.320007 277.480011
463546.929993 4831432.369995 277.500000
463546.890015 4831432.369995 277.750000
463546.900024 4831432.390015 277.790009
463547.049988 4831432.179993 277.589996
463546.950012 4831432.329987 277.579987
463546.929993 4831432.339996 277.640015
463546.919983 4831432.339996 277.700012
463546.900024 4831432.350006 277.760010
463546.940002 4831432.339996 277.489990
463546.890015 4831432.369995 277.709991
463546.890015 4831432.390015 277.739990
463546.859985 4831432.410004 277.859985
463546.820007 4831432.390015 277.950012
463546.570007 4831432.320007 277.910004
463546.650024 4831432.309998 278.070007
463546.830017 4831432.399994 278.089996
463547.140015 4831432.220001 278.079987
463546.789978 4831432.470001 278.260010
463546.780029 4831432.450012 278.230011
463546.799988 4831432.440002 278.260010
463546.830017 4831432.440002 278.290009
463546.770020 4831432.359985 278.250000
463546.859985 4831432.440002 278.339996
463546.890015 4831432.459991 278.390015
463546.890015 4831432.450012 278.350006
463546.869995 4831432.420013 278.339996
463546.919983 4831432.459991 278.440002
463546.909973 4831432.440002 278.410004
463546.859985 4831432.459991 278.339996
463546.859985 4831432.450012 278.299988
463546.859985 4831432.470001 278.299988
463547.000000 4831432.149994 278.299988
463546.869995 4831432.390015 277.989990
463546.900024 4831432.369995 277.890015
463546.900024 4831432.369995 277.850006
463546.929993 4831432.380005 277.750000
463546.940002 4831432.359985 277.829987
463546.929993 4831432.350006 277.809998
463546.940002 4831432.350006 277.739990
463547.000000 4831432.359985 277.690002
463547.000000 4831432.230011 277.869995
463547.090027 4831432.230011 277.269989
463547.039978 4831432.220001 277.899994
463547.059998 4831432.190002 277.970001
463547.090027 4831432.230011 278.010010
463547.070007 4831432.209991 277.980011
463547.090027 4831432.269989 277.359985
463546.890015 4831432.420013 278.029999
463546.900024 4831432.399994 277.929993
463546.919983 4831432.410004 277.739990
463546.969971 4831432.369995 277.790009
463546.979980 4831432.320007 277.750000
463547.030029 4831432.269989 277.880005
463547.000000 4831432.309998 277.619995
463547.090027 4831432.239990 277.980011
463547.080017 4831432.239990 277.940002
463547.039978 4831432.350006 277.459991
463547.080017 4831432.279999 277.329987
463547.070007 4831432.279999 277.279999
463547.119995 4831432.269989 277.269989
463546.510010 4831432.350006 278.079987
463546.590027 4831432.429993 278.380005
463547.150024 4831432.040009 277.940002
463547.099976 4831432.079987 277.839996
463547.109985 4831432.100006 277.890015
463547.070007 4831432.149994 277.750000
463547.030029 4831432.209991 277.630005
463546.760010 4831432.459991 278.049988
463547.080017 4831432.109985 277.829987
463547.039978 4831432.149994 277.720001
463546.950012 4831432.299988 277.920013
463546.609985 4831432.350006 277.820007
463547.150024 4831431.959991 277.989990
463547.119995 4831432.029999 277.950012
463546.929993 4831432.290009 277.880005
463546.900024 4831432.309998 277.869995
463546.880005 4831432.369995 277.779999
463546.580017 4831432.299988 278.470001
463546.559998 4831432.279999 278.480011
463546.760010 4831432.450012 278.179993
463546.890015 4831432.380005 277.760010
463547.059998 4831432.290009 277.279999
463547.030029 4831432.260010 277.359985
463547.020020 4831432.179993 277.589996
463546.570007 4831432.339996 277.890015
463546.809998 4831432.420013 278.000000
463546.849976 4831432.410004 277.859985
463546.880005 4831432.399994 277.779999
463546.869995 4831432.369995 277.790009
463546.840027 4831432.190002 277.470001
463547.039978 4831432.290009 277.279999
463547.020020 4831432.239990 277.500000
463547.059998 4831432.149994 277.709991
463547.090027 4831432.089996 277.790009
463547.150024 4831431.989990 277.950012
463546.940002 4831432.380005 277.570007
463547.159973 4831431.920013 278.070007
463546.979980 4831432.309998 278.049988
463546.539978 4831432.359985 278.470001
463546.460022 4831432.339996 278.119995
463546.510010 4831432.399994 278.339996
463546.450012 4831432.350006 278.109985
463546.510010 4831432.390015 278.470001
463546.400024 4831432.329987 278.160004
463546.419983 4831432.350006 278.119995
463546.429993 4831432.369995 278.109985
463547.130005 4831431.910004 278.119995
463546.510010 4831432.359985 278.500000
463546.979980 4831432.290009 278.019989
463546.900024 4831432.290009 277.630005
463546.710022 4831432.119995 277.640015
463546.719971 4831432.140015 277.609985
463546.869995 4831432.369995 277.799988
463546.890015 4831432.410004 277.679993
463546.880005 4831432.420013 277.500000
463546.830017 4831432.420013 277.859985
463546.840027 4831432.440002 277.799988
463546.789978 4831432.470001 277.989990
463546.619995 4831432.390015 277.829987
463546.520020 4831432.369995 278.029999
463546.520020 4831432.390015 277.950012
463546.489990 4831432.390015 278.010010
463547.080017 4831432.100006 277.869995
463546.890015 4831432.359985 277.890015
463546.950012 4831432.350006 277.500000
463546.700012 4831432.089996 277.720001
463546.869995 4831432.390015 277.750000
463546.890015 4831432.390015 277.589996
463546.909973 4831432.399994 277.519989
463546.869995 4831432.369995 277.809998
463546.919983 4831432.369995 277.510010
463546.880005 4831432.380005 277.829987
463547.010010 4831432.399994 277.299988
463547.010010 4831432.390015 277.290009
463546.869995 4831432.390015 277.809998
463546.909973 4831432.380005 277.529999
463547.059998 4831432.140015 277.829987
463547.010010 4831432.160004 277.750000
463547.030029 4831432.190002 277.739990
463547.000000 4831432.260010 277.579987
463546.780029 4831432.459991 277.880005
463546.809998 4831432.470001 277.829987
463546.479980 4831432.350006 278.070007
463546.729980 4831432.459991 278.070007
463547.010010 4831432.260010 278.070007
463546.500000 4831432.359985 278.049988
463546.469971 4831432.329987 278.089996
463546.500000 4831432.320007 278.089996
463546.450012 4831432.309998 278.100006
463546.549988 4831432.359985 278.190002
463546.539978 4831432.410004 278.429993
463546.530029 4831432.390015 278.450012
463546.640015 4831432.489990 278.339996
463546.619995 4831432.470001 278.359985
463546.539978 4831432.359985 278.470001
463546.719971 4831432.459991 278.100006
463546.750000 4831432.459991 278.119995
463546.469971 4831432.359985 278.160004
463546.450012 4831432.329987 278.140015
463546.440002 4831432.299988 278.140015
463546.429993 4831432.290009 278.170013
463546.599976 4831432.459991 278.200012
463546.599976 4831432.459991 278.279999
463546.599976 4831432.450012 278.350006
463546.520020 4831432.350006 278.109985
463546.539978 4831432.350006 278.470001
463546.710022 4831432.500000 278.200012
463546.729980 4831432.480011 278.140015
463546.700012 4831432.440002 278.109985
463546.570007 4831432.480011 278.369995
463546.559998 4831432.459991 278.390015
463546.500000 4831432.359985 277.989990
463546.489990 4831432.350006 278.019989
463546.549988 4831432.359985 277.899994
463546.539978 4831432.350006 277.950012
463546.580017 4831432.339996 277.890015
463546.750000 4831432.350006 277.739990
463546.760010 4831432.440002 278.010010
463546.840027 4831432.429993 277.760010
463546.830017 4831432.420013 277.809998
463546.820007 4831432.420013 277.890015
463546.809998 4831432.410004 277.940002
463546.880005 4831432.390015 277.709991
463546.869995 4831432.390015 277.760010
463546.830017 4831432.279999 277.570007
463546.809998 4831432.209991 277.470001
463546.789978 4831432.179993 277.480011
463546.780029 4831432.170013 277.510010
463546.770020 4831432.160004 277.549988
463546.750000 4831432.130005 277.570007
463546.739990 4831432.109985 277.589996
463546.719971 4831432.089996 277.619995
463546.710022 4831432.079987 277.640015
463546.700012 4831432.070007 277.690002
463546.929993 4831432.339996 277.489990
463546.919983 4831432.329987 277.540009
463546.890015 4831432.350006 277.790009
463546.880005 4831432.329987 277.809998
463546.729980 4831432.040009 277.730011
463547.010010 4831432.299988 277.279999
463547.000000 4831432.279999 277.290009
463546.919983 4831432.299988 277.890015
463547.010010 4831432.230011 277.570007
463547.000000 4831432.209991 277.589996
463546.969971 4831432.260010 277.989990
463547.049988 4831432.149994 277.679993
463547.039978 4831432.140015 277.720001
463547.099976 4831432.089996 277.820007
463547.090027 4831432.070007 277.850006
463547.130005 4831432.010010 277.950012
463546.559998 4831432.350006 277.890015
463546.750000 4831432.480011 278.049988
463546.710022 4831432.420013 278.049988
463546.780029 4831432.480011 278.010010
463546.770020 4831432.459991 278.029999
463546.700012 4831432.369995 277.820007
463546.789978 4831432.459991 277.989990
463546.809998 4831432.440002 277.859985
463546.809998 4831432.440002 277.929993
463546.840027 4831432.429993 277.750000
463546.840027 4831432.429993 277.820007
463546.880005 4831432.410004 277.709991
463546.869995 4831432.390015 277.730011
463546.859985 4831432.369995 277.739990
463546.919983 4831432.380005 277.600006
463546.900024 4831432.339996 277.589996
463546.799988 4831432.200012 277.470001
463546.789978 4831432.179993 277.489990
463546.780029 4831432.160004 277.519989
463546.770020 4831432.140015 277.549988
463546.750000 4831432.119995 277.559998
463546.739990 4831432.100006 277.589996
463546.719971 4831432.070007 277.660004
463546.719971 4831432.059998 277.720001
463546.950012 4831432.320007 277.459991
463546.940002 4831432.290009 277.929993
463547.010010 4831432.299988 277.339996
463547.000000 4831432.269989 277.519989
463546.989990 4831432.250000 277.549988
463547.059998 4831432.239990 277.720001
463547.059998 4831432.239990 277.820007
463547.049988 4831432.130005 277.649994
463547.049988 4831432.130005 277.739990
463547.090027 4831432.100006 277.799988
463547.080017 4831432.079987 277.820007
463547.119995 4831432.070007 277.880005
463547.109985 4831432.049988 277.910004
463546.510010 4831432.380005 278.029999
463546.789978 4831432.480011 277.980011
463546.780029 4831432.459991 278.000000
463546.830017 4831432.470001 277.899994
463546.809998 4831432.450012 277.910004
463546.840027 4831432.450012 277.820007
463546.830017 4831432.420013 277.820007
463546.869995 4831432.429993 277.739990
463546.849976 4831432.399994 277.739990
463546.900024 4831432.450012 277.529999
463546.909973 4831432.429993 277.660004
463546.890015 4831432.399994 277.670013
463546.900024 4831432.369995 277.779999
463546.890015 4831432.350006 277.829987
463546.919983 4831432.390015 277.609985
463546.909973 4831432.380005 277.649994
463546.929993 4831432.339996 277.839996
463546.929993 4831432.320007 277.869995
463546.729980 4831432.160004 277.529999
463546.719971 4831432.140015 277.559998
463546.719971 4831432.119995 277.600006
463546.739990 4831432.109985 277.730011
463546.820007 4831432.239990 277.450012
463546.830017 4831432.209991 277.559998
463546.960022 4831432.279999 277.940002
463546.989990 4831432.350006 277.309998
463546.979980 4831432.329987 277.329987
463547.109985 4831432.049988 277.899994
463546.500000 4831432.390015 278.070007
463546.530029 4831432.429993 278.089996
463546.760010 4831432.500000 278.059998
463547.000000 4831432.299988 278.079987
463546.549988 4831432.369995 278.500000
463546.570007 4831432.420013 278.160004
463546.559998 4831432.459991 278.380005
463546.530029 4831432.429993 278.260010
463546.510010 4831432.410004 278.149994
463546.419983 4831432.350006 278.220001
463546.750000 4831432.500000 278.119995
463546.530029 4831432.359985 278.500000
463546.530029 4831432.390015 278.109985
463546.969971 4831432.279999 278.149994
463546.520020 4831432.359985 278.489990
463546.530029 4831432.399994 278.500000
463547.150024 4831432.019989 277.980011
463547.140015 4831432.040009 277.989990
463547.059998 4831432.149994 277.779999
463547.059998 4831432.160004 277.730011
463547.070007 4831432.170013 277.690002
463547.030029 4831432.200012 277.660004
463547.049988 4831432.230011 277.640015
463547.010010 4831432.250000 277.609985
463547.020020 4831432.260010 277.579987
463546.969971 4831432.320007 277.970001
463546.809998 4831432.239990 277.470001
463546.820007 4831432.260010 277.450012
463546.919983 4831432.390015 277.579987
463546.929993 4831432.399994 277.540009
463546.869995 4831432.420013 277.769989
463546.880005 4831432.429993 277.730011
463546.890015 4831432.440002 277.679993
463546.840027 4831432.440002 277.869995
463546.840027 4831432.450012 277.839996
463546.849976 4831432.459991 277.790009
463546.849976 4831432.470001 277.750000
463546.770020 4831432.470001 277.950012
463546.580017 4831432.380005 277.869995
463546.570007 4831432.429993 277.950012
463547.119995 4831432.010010 277.970001
463547.140015 4831432.049988 277.980011
463547.080017 4831432.170013 277.859985
463547.080017 4831432.160004 277.799988
463547.030029 4831432.179993 277.690002
463547.039978 4831432.200012 277.670013
463546.979980 4831432.309998 278.029999
463547.000000 4831432.230011 277.600006
463547.020020 4831432.260010 277.589996
463546.929993 4831432.320007 277.929993
463546.940002 4831432.329987 277.890015
463546.890015 4831432.339996 277.850006
463546.909973 4831432.369995 277.839996
463546.869995 4831432.369995 277.820007
463546.890015 4831432.390015 277.809998
463546.919983 4831432.380005 277.549988
463546.929993 4831432.390015 277.529999
463546.940002 4831432.410004 277.500000
463546.710022 4831432.109985 277.670013
463546.719971 4831432.130005 277.630005
463546.849976 4831432.329987 277.579987
463546.890015 4831432.420013 277.670013
463546.909973 4831432.429993 277.500000
463546.799988 4831432.410004 277.839996
463546.830017 4831432.450012 277.850006
463546.830017 4831432.450012 277.799988
463546.840027 4831432.450012 277.760010
463546.859985 4831432.480011 277.750000
463546.770020 4831432.500000 278.010010
463546.770020 4831432.489990 277.950012
463546.559998 4831432.390015 277.859985
463547.109985 4831432.049988 277.959991
463547.119995 4831432.070007 277.940002
463547.070007 4831432.160004 277.859985
463547.080017 4831432.149994 277.799988
463547.030029 4831432.170013 277.750000
463547.049988 4831432.179993 277.720001
463547.020020 4831432.230011 277.609985
463546.969971 4831432.260010 277.540009
463546.989990 4831432.269989 277.510010
463546.929993 4831432.369995 277.519989
463546.830017 4831432.470001 277.859985
463546.840027 4831432.440002 277.769989
463546.869995 4831432.440002 277.660004
463546.880005 4831432.420013 277.589996
463546.929993 4831432.320007 277.269989
463546.690002 4831432.190002 277.640015
463546.700012 4831432.179993 277.579987
463546.710022 4831432.179993 277.529999
463546.489990 4831432.390015 278.000000
463546.510010 4831432.410004 277.970001
463546.520020 4831432.399994 277.910004
463547.010010 4831432.309998 278.089996
463546.479980 4831432.359985 278.089996
463546.409973 4831432.299988 278.160004
463546.549988 4831432.480011 278.239990
463546.500000 4831432.399994 278.470001
463546.609985 4831432.480011 278.350006
463547.150024 4831431.859985 278.140015
463546.559998 4831432.480011 278.119995
463546.530029 4831432.440002 278.130005
463546.520020 4831432.410004 278.209991
463546.570007 4831432.480011 278.350006
463546.559998 4831432.470001 278.380005
463546.549988 4831432.450012 278.420013
463546.520020 4831432.399994 278.459991
463546.570007 4831432.489990 278.339996
463546.559998 4831432.480011 278.380005
463546.549988 4831432.450012 278.410004
463546.500000 4831432.359985 278.200012
463546.549988 4831432.339996 278.489990
463546.750000 4831432.500000 278.109985
463546.460022 4831432.369995 278.019989
463546.770020 4831432.459991 277.950012
463546.820007 4831432.410004 277.779999
463546.809998 4831432.420013 277.839996
463546.669983 4831432.049988 277.559998
463546.849976 4831432.369995 277.809998
463546.940002 4831432.369995 277.540009
463546.960022 4831432.320007 277.570007
463546.919983 4831432.309998 277.929993
463546.969971 4831432.220001 277.589996
463547.020020 4831432.190002 277.660004
463547.030029 4831432.119995 277.670013
463547.059998 4831432.109985 277.769989
463547.049988 4831432.089996 277.809998
463547.119995 4831431.970001 278.010010
463546.530029 4831432.440002 278.010010
463546.539978 4831432.369995 277.880005
463546.820007 4831432.450012 277.750000
463546.859985 4831432.420013 277.730011
463546.849976 4831432.410004 277.779999
463546.900024 4831432.399994 277.640015
463546.770020 4831432.209991 277.519989
463546.719971 4831432.130005 277.589996
463546.719971 4831432.119995 277.630005
463546.700012 4831432.089996 277.649994
463546.919983 4831432.369995 277.510010
463546.919983 4831432.339996 277.859985
463546.909973 4831432.320007 277.910004
463546.969971 4831432.369995 277.510010
463546.940002 4831432.290009 277.920013
463546.929993 4831432.279999 277.959991
463547.010010 4831432.359985 277.320007
463546.989990 4831432.320007 277.320007
463546.989990 4831432.309998 277.529999
463546.960022 4831432.269989 277.540009
463546.989990 4831432.290009 278.010010
463547.010010 4831432.269989 277.559998
463546.989990 4831432.239990 277.579987
463547.030029 4831432.200012 277.619995
463547.020020 4831432.190002 277.649994
463547.070007 4831432.179993 277.709991
463547.049988 4831432.149994 277.720001
463547.020020 4831432.100006 277.720001
463546.750000 4831432.429993 277.829987
463546.799988 4831432.470001 277.959991
463546.820007 4831432.459991 277.829987
463546.809998 4831432.440002 277.859985
463546.820007 4831432.440002 277.920013
463546.849976 4831432.450012 277.750000
463546.849976 4831432.440002 277.799988
463546.880005 4831432.429993 277.709991
463546.880005 4831432.410004 277.739990
463546.869995 4831432.399994 277.779999
463546.890015 4831432.399994 277.649994
463546.909973 4831432.369995 277.839996
463546.929993 4831432.399994 277.589996
463546.739990 4831432.170013 277.579987
463546.979980 4831432.329987 277.529999
463546.989990 4831432.279999 277.510010
463547.030029 4831432.220001 277.600006
463547.150024 4831432.010010 277.970001
463546.460022 4831432.359985 278.079987
463546.719971 4831432.489990 278.149994
463546.599976 4831432.489990 278.359985
463546.520020 4831432.320007 278.440002
463546.520020 4831432.359985 278.500000
463546.510010 4831432.450012 278.459991
463546.429993 4831432.339996 278.109985
463546.520020 4831432.369995 277.910004
463546.520020 4831432.390015 277.940002
463547.099976 4831432.029999 277.950012
463547.099976 4831432.070007 277.929993
463547.030029 4831432.149994 277.720001
463546.679993 4831432.359985 278.079987
463547.020020 4831432.179993 278.119995
463546.609985 4831432.510010 278.329987
463547.109985 4831431.829987 278.019989
463546.479980 4831432.350006 278.070007
463546.510010 4831432.320007 278.070007
463546.950012 4831432.329987 278.049988
463547.020020 4831432.290009 278.089996
463546.530029 4831432.390015 278.480011
463546.580017 4831432.470001 278.380005
463546.419983 4831432.320007 278.209991
463546.419983 4831432.309998 278.170013
463546.409973 4831432.309998 278.170013
463546.510010 4831432.369995 278.459991
463546.450012 4831432.320007 278.100006
463546.530029 4831432.380005 278.470001
463546.469971 4831432.320007 278.119995
463546.530029 4831432.380005 278.489990
463546.750000 4831432.489990 278.100006
463546.869995 4831432.450012 278.290009
463546.979980 4831432.320007 278.100006
463547.070007 4831432.119995 277.720001
463547.059998 4831432.119995 277.790009
463546.979980 4831432.290009 277.510010
463547.070007 4831432.140015 277.839996
463546.710022 4831432.059998 277.690002
463546.729980 4831432.059998 277.730011
463546.520020 4831432.369995 277.899994
463546.669983 4831432.179993 277.649994
463546.719971 4831432.130005 277.600006
463546.739990 4831432.170013 277.559998
463546.750000 4831432.239990 277.540009
463547.059998 4831432.100006 277.839996
463547.080017 4831432.079987 277.859985
463547.090027 4831432.100006 277.920013
463546.919983 4831432.299988 277.869995
463546.960022 4831432.260010 277.839996
463546.969971 4831432.269989 277.910004
463546.849976 4831432.410004 277.720001
463546.869995 4831432.390015 277.739990
463546.979980 4831432.260010 277.570007
463547.010010 4831432.239990 277.570007
463546.929993 4831432.359985 277.500000
463546.940002 4831432.369995 277.559998
463546.479980 4831432.299988 278.079987
463546.609985 4831432.459991 278.339996
463546.549988 4831432.440002 278.399994
463546.510010 4831432.410004 278.489990
463546.510010 4831432.339996 278.489990
463546.400024 4831432.269989 278.160004
463546.979980 4831432.160004 278.209991
463546.849976 4831432.380005 277.760010
463546.780029 4831432.160004 277.510010
463546.750000 4831432.179993 277.510010
463546.609985 4831432.309998 277.820007
463546.729980 4831432.119995 277.540009
463546.510010 4831432.329987 277.959991
463546.710022 4831432.070007 277.570007
463546.469971 4831432.309998 278.049988
463546.690002 4831432.059998 277.649994
463546.940002 4831432.220001 278.040009
463547.140015 4831431.970001 277.950012
463546.760010 4831432.089996 277.549988
463547.010010 4831432.149994 277.619995
463546.440002 4831432.339996 278.149994
463546.750000 4831432.489990 278.100006
463546.719971 4831432.130005 277.660004
463546.750000 4831432.160004 277.570007
463546.510010 4831432.399994 278.000000
463546.530029 4831432.390015 277.980011
463546.859985 4831432.429993 277.769989
463546.969971 4831432.339996 277.540009
463546.739990 4831432.100006 277.709991
463546.729980 4831432.140015 277.609985
463546.570007 4831432.390015 277.880005
463546.760010 4831432.179993 277.549988
463547.130005 4831432.070007 277.929993
463546.789978 4831432.220001 277.500000
463546.770020 4831432.410004 277.859985
463546.840027 4831432.239990 277.459991
463546.940002 4831432.320007 277.899994
463546.960022 4831432.309998 277.940002
463546.989990 4831432.309998 277.980011
463547.010010 4831432.309998 278.019989
463546.789978 4831432.489990 277.980011
463546.909973 4831432.390015 277.899994
463546.940002 4831432.359985 277.859985
463547.030029 4831432.230011 277.609985
463547.049988 4831432.220001 277.640015
463546.840027 4831432.459991 277.829987
463546.859985 4831432.420013 277.750000
463546.880005 4831432.410004 277.760010
463547.000000 4831432.279999 277.549988
463547.020020 4831432.269989 277.570007
463546.849976 4831432.459991 277.750000
463546.880005 4831432.440002 277.739990
463546.909973 4831432.410004 277.670013
463546.989990 4831432.309998 277.519989
463547.020020 4831432.299988 277.549988
463546.900024 4831432.440002 277.670013
463546.919983 4831432.410004 277.589996
463547.000000 4831432.329987 277.500000
463546.950012 4831432.390015 277.510010
463546.989990 4831432.320007 277.290009
463547.010010 4831432.350006 277.329987
463547.030029 4831432.329987 277.290009
463547.020020 4831432.359985 277.260010
463546.750000 4831432.459991 278.089996
463546.590027 4831432.470001 278.369995
463546.729980 4831432.459991 278.179993
463546.530029 4831432.399994 278.459991
463546.530029 4831432.329987 278.489990
463546.750000 4831432.440002 278.140015
463546.719971 4831432.450012 278.160004
463546.510010 4831432.369995 277.970001
463546.710022 4831432.079987 277.690002
463546.799988 4831432.410004 277.929993
463546.929993 4831432.320007 277.640015
463546.900024 4831432.329987 277.670013
463546.880005 4831432.359985 277.600006
463546.849976 4831432.399994 277.540009
463546.799988 4831432.170013 277.470001
463546.729980 4831432.029999 277.739990
463546.530029 4831432.329987 278.100006
463546.549988 4831432.369995 278.070007
463546.799988 4831432.489990 278.070007
463546.599976 4831432.450012 278.390015
463546.650024 4831432.480011 278.359985
463546.789978 4831432.500000 278.130005
463547.059998 4831432.200012 277.670013
463546.840027 4831432.420013 277.880005
463546.859985 4831432.410004 277.839996
463546.890015 4831432.399994 277.760010
463546.919983 4831432.369995 277.779999
463546.929993 4831432.369995 277.730011
463546.929993 4831432.380005 277.640015
463546.960022 4831432.369995 277.619995
463546.890015 4831432.440002 277.839996
463546.880005 4831432.429993 277.750000
463546.909973 4831432.420013 277.760010
463546.909973 4831432.410004 277.700012
463546.929993 4831432.399994 277.679993
463546.559998 4831432.399994 277.980011
463547.119995 4831432.100006 277.859985
463547.099976 4831432.149994 277.779999
463546.880005 4831432.390015 277.690002
463546.940002 4831432.429993 277.649994
463546.960022 4831432.420013 277.630005
463547.219971 4831431.850006 278.100006
463547.219971 4831432.019989 277.869995
463547.239990 4831431.950012 277.950012
463547.179993 4831431.869995 278.070007
463547.200012 4831431.880005 278.049988
463547.179993 4831431.910004 278.130005
463547.179993 4831431.899994 278.070007
463547.190002 4831431.859985 278.100006
463547.179993 4831431.850006 278.130005
463547.159973 4831431.929993 278.040009
463547.169983 4831431.910004 278.040009
463547.179993 4831431.890015 278.079987
463547.169983 4831431.959991 278.019989
463547.179993 4831431.920013 278.049988
463547.159973 4831431.869995 278.100006
463547.179993 4831431.899994 278.089996
463547.179993 4831431.929993 278.049988
463547.179993 4831431.989990 278.000000
463547.159973 4831431.859985 278.059998
463547.179993 4831431.829987 278.109985
463546.700012 4831432.519989 278.179993
463546.719971 4831432.519989 278.200012
463546.729980 4831432.519989 278.200012
463546.710022 4831432.529999 278.200012
463546.719971 4831432.519989 278.160004
463546.630005 4831432.570007 278.079987
463546.710022 4831432.519989 278.109985
463546.750000 4831432.510010 278.230011
