463545.020020 4831430.130005 279.970001
463544.989990 4831430.200012 279.959991
463544.979980 4831430.140015 279.980011
463544.969971 4831430.149994 279.989990
463544.979980 4831430.130005 279.950012
463544.960022 4831430.130005 279.890015
463544.950012 4831430.160004 279.929993
463544.929993 4831430.140015 279.940002
463544.989990 4831430.149994 279.929993
463544.989990 4831430.179993 280.040009
463544.760010 4831430.279999 280.359985
463544.919983 4831430.160004 279.989990
463544.729980 4831430.529999 280.820007
463544.840027 4831431.119995 279.760010
463544.690002 4831430.970001 280.630005
463544.650024 4831431.109985 280.390015
463544.760010 4831431.190002 280.410004
463544.710022 4831431.049988 280.640015
463544.669983 4831430.980011 280.700012
463544.739990 4831431.109985 280.359985
463544.719971 4831430.950012 280.679993
463544.710022 4831430.929993 280.670013
463544.789978 4831430.980011 280.649994
463544.580017 4831430.959991 280.690002
463544.599976 4831431.130005 280.529999
463544.630005 4831430.959991 280.709991
463544.590027 4831430.959991 280.700012
463544.719971 4831431.079987 280.529999
463544.669983 4831430.989990 280.690002
463544.770020 4831431.040009 280.619995
463544.669983 4831431.019989 280.619995
463544.679993 4831431.049988 280.619995
463544.630005 4831430.920013 280.619995
463544.650024 4831430.959991 280.649994
463544.700012 4831431.029999 280.600006
463544.710022 4831431.070007 280.670013
463544.570007 4831430.980011 280.619995
463544.609985 4831430.989990 280.589996
463544.700012 4831431.070007 280.649994
463544.640015 4831431.019989 280.589996
463544.580017 4831430.910004 280.609985
463544.690002 4831431.010010 280.640015
463544.710022 4831431.070007 280.670013
463544.599976 4831430.920013 280.679993
463544.719971 4831431.089996 280.510010
463544.580017 4831430.940002 280.679993
463544.590027 4831430.959991 280.660004
463544.669983 4831431.070007 280.570007
463544.710022 4831431.089996 280.600006
463544.609985 4831431.040009 280.579987
463544.599976 4831431.190002 280.559998
463544.700012 4831431.059998 280.549988
463544.640015 4831430.970001 280.690002
463544.640015 4831431.000000 280.640015
463544.719971 4831431.079987 280.630005
463544.659973 4831431.040009 280.589996
463544.640015 4831430.959991 280.649994
463544.669983 4831431.049988 280.570007
463544.710022 4831431.059998 280.660004
463544.799988 4831431.100006 280.399994
463544.570007 4831430.980011 280.609985
463544.650024 4831431.000000 280.609985
463544.690002 4831430.980011 280.660004
463544.630005 4831430.980011 280.670013
463544.650024 4831430.970001 280.670013
463544.669983 4831430.989990 280.619995
463544.729980 4831431.089996 280.579987
463544.729980 4831431.119995 280.510010
463544.820007 4831431.209991 279.850006
463544.700012 4831431.029999 280.589996
463544.780029 4831431.230011 279.790009
463544.599976 4831430.910004 280.609985
463544.700012 4831431.019989 280.609985
463544.679993 4831431.029999 280.649994
463544.619995 4831430.929993 280.709991
463544.599976 4831430.920013 280.630005
463544.760010 4831431.029999 280.559998
463544.700012 4831431.119995 280.619995
463544.460022 4831430.369995 280.940002
463544.530029 4831430.450012 280.790009
463544.500000 4831430.390015 280.950012
463544.460022 4831430.440002 280.760010
463544.440002 4831430.329987 280.940002
463544.429993 4831430.359985 280.739990
463544.440002 4831430.390015 280.730011
463544.440002 4831430.390015 280.970001
463544.400024 4831430.410004 280.880005
463544.440002 4831430.399994 280.880005
463544.450012 4831430.399994 280.799988
463544.469971 4831430.429993 280.829987
463544.330017 4831430.420013 280.709991
463544.409973 4831430.320007 280.829987
463544.380005 4831430.459991 280.279999
463544.530029 4831430.440002 280.779999
463544.520020 4831430.429993 280.799988
463544.479980 4831430.359985 280.920013
463544.469971 4831430.279999 280.890015
463544.429993 4831430.359985 280.809998
463544.380005 4831430.339996 280.940002
463544.500000 4831430.429993 280.850006
463544.510010 4831430.410004 280.700012
463544.289978 4831430.369995 280.750000
463544.390015 4831430.429993 280.369995
463544.640015 4831430.359985 280.279999
463544.479980 4831430.399994 280.709991
463544.419983 4831430.390015 280.959991
463544.549988 4831430.410004 280.750000
463544.570007 4831430.410004 280.739990
463544.549988 4831430.410004 280.779999
463544.500000 4831430.429993 280.809998
463544.479980 4831430.429993 280.829987
463544.429993 4831430.420013 280.959991
463544.700012 4831430.290009 280.299988
463544.500000 4831430.459991 280.790009
463544.489990 4831430.369995 280.920013
463544.690002 4831430.619995 280.809998
463544.640015 4831430.500000 280.799988
463544.599976 4831430.519989 280.790009
463544.619995 4831430.570007 280.829987
463544.599976 4831430.540009 280.779999
463544.609985 4831430.559998 280.820007
463544.390015 4831430.470001 280.880005
463544.460022 4831430.480011 280.670013
463544.479980 4831430.519989 280.899994
463544.570007 4831430.519989 280.839996
463544.520020 4831430.519989 280.820007
463544.609985 4831430.519989 280.260010
463544.469971 4831430.559998 280.859985
463544.369995 4831430.470001 280.679993
463544.500000 4831430.480011 280.809998
463544.559998 4831430.500000 280.790009
463544.539978 4831430.470001 280.779999
463544.450012 4831430.489990 280.769989
463544.539978 4831430.519989 280.790009
463544.460022 4831430.559998 280.950012
463544.479980 4831430.559998 280.890015
463544.599976 4831430.480011 280.779999
463544.469971 4831430.519989 280.989990
463544.429993 4831430.559998 280.989990
463544.559998 4831430.489990 280.839996
463544.559998 4831430.510010 280.839996
463544.599976 4831430.489990 280.720001
463544.570007 4831430.500000 280.850006
463544.450012 4831430.549988 280.920013
463544.390015 4831430.459991 280.730011
463544.559998 4831430.510010 280.839996
463544.510010 4831430.529999 280.730011
463544.559998 4831430.529999 280.820007
463544.580017 4831430.510010 280.809998
463544.609985 4831430.500000 280.820007
463544.479980 4831430.489990 280.890015
463544.559998 4831430.480011 280.839996
463544.530029 4831430.510010 280.799988
463544.500000 4831430.519989 280.899994
463544.390015 4831430.380005 280.140015
463544.409973 4831430.269989 280.070007
463544.390015 4831430.220001 280.000000
463544.450012 4831430.239990 280.190002
