463548.179993 4831430.679993 269.890015
463548.169983 4831430.529999 270.230011
463548.179993 4831430.679993 269.899994
463548.169983 4831430.660004 269.929993
463548.179993 4831430.640015 269.929993
463548.179993 4831430.690002 269.920013
463548.159973 4831430.720001 269.940002
463548.169983 4831430.700012 269.899994
463548.150024 4831430.720001 269.929993
463548.179993 4831430.709991 269.920013
463548.159973 4831430.720001 269.940002
463548.179993 4831430.700012 269.910004
463548.229980 4831430.649994 269.880005
463548.219971 4831430.619995 269.890015
463548.229980 4831430.649994 269.880005
463548.330017 4831430.609985 269.940002
463548.260010 4831430.559998 269.920013
463548.260010 4831430.570007 269.869995
463548.280029 4831430.600006 269.859985
463548.260010 4831430.529999 269.980011
463548.280029 4831430.559998 269.959991
463548.299988 4831430.579987 269.929993
463548.229980 4831430.589996 269.959991
463548.250000 4831430.589996 269.850006
463548.270020 4831430.619995 269.829987
463548.190002 4831430.640015 269.899994
463548.210022 4831430.679993 269.899994
463548.179993 4831430.619995 269.940002
463548.229980 4831430.630005 269.910004
463548.210022 4831430.589996 269.929993
463548.250000 4831430.549988 269.890015
463548.200012 4831430.670013 269.920013
463548.210022 4831430.510010 269.880005
463548.289978 4831430.570007 269.890015
463548.280029 4831430.589996 269.929993
463548.309998 4831430.570007 269.910004
463548.289978 4831430.570007 269.899994
463548.229980 4831430.649994 269.890015
463548.289978 4831430.619995 269.850006
463548.260010 4831430.660004 270.059998
463548.289978 4831430.640015 270.070007
463548.229980 4831430.619995 270.220001
463548.239990 4831430.600006 270.170013
463548.289978 4831430.660004 270.130005
463548.260010 4831430.640015 270.130005
463548.320007 4831430.660004 270.179993
463548.190002 4831430.660004 269.980011
463548.179993 4831430.660004 269.970001
463548.289978 4831430.600006 269.929993
463548.320007 4831430.579987 269.910004
463548.200012 4831430.679993 269.910004
463548.219971 4831430.660004 269.899994
463548.239990 4831430.649994 269.880005
463548.289978 4831430.619995 269.839996
463548.330017 4831430.600006 269.859985
463548.200012 4831430.679993 269.920013
463548.229980 4831430.660004 269.890015
463548.289978 4831430.619995 269.839996
463548.260010 4831430.640015 269.820007
463548.200012 4831430.690002 269.910004
463548.219971 4831430.670013 269.899994
463548.219971 4831430.649994 269.829987
463548.289978 4831430.619995 269.839996
463548.320007 4831430.609985 269.850006
463548.200012 4831430.670013 269.959991
463548.229980 4831430.649994 269.929993
463548.280029 4831430.609985 269.859985
463548.190002 4831430.660004 269.970001
463548.299988 4831430.600006 269.929993
463548.179993 4831430.670013 269.959991
463548.289978 4831430.589996 269.869995
463548.299988 4831430.589996 269.940002
463548.289978 4831430.589996 269.890015
463548.179993 4831430.679993 269.950012
463548.200012 4831430.670013 269.929993
463548.219971 4831430.649994 269.910004
463548.330017 4831430.589996 269.859985
463548.210022 4831430.679993 269.910004
463548.229980 4831430.660004 269.890015
463548.270020 4831430.630005 269.829987
463548.200012 4831430.690002 269.910004
463548.229980 4831430.670013 269.890015
463548.239990 4831430.649994 269.859985
463548.299988 4831430.619995 269.839996
463548.200012 4831430.679993 269.899994
463548.229980 4831430.670013 269.899994
463548.260010 4831430.649994 269.890015
463548.260010 4831430.630005 269.809998
463548.309998 4831430.619995 269.850006
463548.169983 4831430.380005 270.700012
463548.140015 4831430.429993 270.720001
463548.159973 4831430.149994 270.660004
463548.179993 4831430.799988 269.829987
463548.140015 4831430.829987 269.869995
463548.140015 4831430.829987 269.809998
463548.130005 4831430.809998 269.829987
463548.179993 4831430.790009 269.809998
463548.169983 4831430.769989 269.829987
463548.159973 4831430.760010 269.890015
463548.150024 4831430.730011 269.910004
463548.140015 4831430.799988 269.839996
463548.109985 4831430.790009 269.850006
463548.130005 4831430.829987 269.850006
463548.150024 4831430.850006 269.829987
463548.169983 4831430.869995 269.809998
463548.140015 4831430.739990 269.910004
463548.159973 4831430.760010 269.890015
463548.169983 4831430.769989 269.850006
463548.159973 4831430.869995 269.829987
463548.140015 4831430.829987 269.850006
463548.119995 4831430.809998 269.890015
463548.179993 4831430.809998 269.839996
463548.150024 4831430.760010 269.890015
463548.140015 4831430.760010 269.940002
463548.169983 4831430.730011 269.859985
463548.169983 4831430.739990 269.920013
463548.109985 4831430.829987 269.859985
463548.169983 4831430.839996 269.820007
463548.159973 4831430.820007 269.850006
463548.169983 4831430.730011 269.910004
463548.150024 4831430.869995 269.809998
463548.119995 4831430.809998 269.859985
463548.159973 4831430.820007 269.820007
463548.150024 4831430.790009 269.859985
463548.130005 4831430.750000 269.929993
463548.159973 4831430.739990 269.920013
463548.119995 4831430.839996 269.850006
463548.159973 4831430.820007 269.869995
463548.179993 4831430.799988 269.859985
463548.159973 4831430.720001 269.929993
463548.119995 4831430.799988 269.910004
463548.150024 4831430.790009 269.910004
463548.169983 4831430.769989 269.890015
463548.119995 4831430.839996 269.859985
463548.159973 4831430.820007 269.869995
463548.179993 4831430.850006 269.820007
463548.159973 4831430.730011 269.920013
463548.169983 4831430.720001 269.880005
463548.140015 4831430.750000 269.929993
463548.169983 4831430.730011 269.920013
463548.159973 4831430.739990 269.929993
463548.179993 4831430.720001 269.899994
463548.130005 4831430.760010 269.910004
463548.159973 4831430.750000 269.910004
463548.159973 4831430.739990 269.920013
463548.179993 4831430.730011 269.899994
463548.140015 4831430.750000 269.920013
463548.169983 4831430.730011 269.910004
463548.159973 4831430.739990 269.920013
463548.179993 4831430.720001 269.869995
463548.159973 4831430.739990 269.920013
463548.169983 4831430.720001 269.880005
463548.150024 4831430.739990 269.929993
463548.169983 4831430.730011 269.920013
463548.159973 4831430.739990 269.910004
463548.179993 4831430.720001 269.880005
463548.140015 4831430.769989 269.910004
463548.169983 4831430.750000 269.899994
463548.140015 4831430.799988 269.899994
463548.169983 4831430.790009 269.899994
463548.150024 4831430.839996 269.839996
463548.179993 4831430.820007 269.829987
463548.380005 4831430.440002 270.010010
463548.340027 4831430.290009 270.059998
463548.359985 4831430.410004 269.970001
463548.390015 4831430.440002 270.600006
463548.369995 4831430.260010 270.700012
463548.450012 4831430.239990 270.559998
463548.409973 4831430.209991 270.690002
463548.390015 4831430.179993 270.739990
463548.760010 4831430.250000 270.279999
463548.880005 4831430.049988 270.179993
463548.849976 4831430.019989 270.250000
463548.559998 4831430.359985 270.290009
463548.840027 4831430.250000 270.250000
463548.820007 4831429.980011 270.309998
463548.690002 4831430.339996 270.350006
463548.520020 4831429.929993 270.670013
463548.729980 4831430.329987 270.200012
463548.849976 4831430.230011 270.279999
463548.780029 4831429.950012 270.350006
463548.830017 4831429.950012 270.320007
463548.900024 4831430.019989 270.190002
463548.419983 4831430.010010 270.739990
463548.340027 4831430.429993 270.529999
463548.729980 4831430.279999 270.220001
463548.489990 4831430.329987 270.339996
463548.500000 4831430.369995 270.380005
463548.520020 4831430.380005 270.350006
463548.349976 4831430.420013 270.609985
463548.320007 4831430.429993 270.339996
463548.320007 4831430.459991 270.470001
463548.309998 4831430.450012 270.510010
463548.450012 4831430.459991 270.269989
463548.419983 4831430.440002 270.380005
463548.409973 4831430.420013 270.380005
463548.340027 4831430.369995 270.640015
463548.330017 4831430.350006 270.660004
463548.500000 4831430.350006 270.320007
463548.609985 4831430.359985 270.320007
463548.460022 4831430.149994 270.540009
463548.380005 4831430.059998 270.739990
463548.700012 4831430.299988 270.230011
463548.679993 4831430.279999 270.260010
463548.780029 4831430.250000 270.190002
463548.859985 4831430.040009 270.209991
463548.849976 4831430.019989 270.239990
463548.830017 4831430.010010 270.290009
463548.809998 4831429.980011 270.299988
463548.799988 4831429.959991 270.320007
463548.780029 4831429.929993 270.350006
463548.270020 4831430.420013 270.220001
463548.309998 4831430.459991 270.510010
463548.280029 4831430.410004 270.559998
463548.270020 4831430.390015 270.589996
463548.280029 4831430.390015 270.690002
463548.369995 4831430.410004 270.459991
463548.349976 4831430.390015 270.480011
463548.349976 4831430.380005 270.549988
463548.349976 4831430.369995 270.619995
463548.330017 4831430.350006 270.619995
463548.320007 4831430.320007 270.730011
463548.469971 4831430.459991 270.309998
463548.460022 4831430.450012 270.350006
463548.450012 4831430.420013 270.359985
463548.349976 4831430.239990 270.739990
463548.340027 4831430.220001 270.760010
463548.500000 4831430.369995 270.320007
463548.390015 4831430.170013 270.720001
463548.380005 4831430.149994 270.739990
463548.380005 4831430.140015 270.799988
463548.400024 4831430.059998 270.670013
463548.669983 4831430.299988 270.279999
463548.530029 4831430.049988 270.519989
463548.510010 4831430.019989 270.529999
463548.789978 4831430.250000 270.220001
463548.869995 4831430.070007 270.220001
463548.849976 4831430.049988 270.239990
463548.849976 4831430.029999 270.290009
463548.820007 4831429.980011 270.299988
463548.799988 4831429.950012 270.299988
463548.789978 4831429.940002 270.350006
463548.869995 4831429.959991 270.260010
463548.239990 4831430.410004 270.640015
463548.280029 4831430.410004 270.570007
463548.270020 4831430.390015 270.600006
463548.289978 4831430.380005 270.700012
463548.260010 4831430.429993 270.190002
463548.330017 4831430.450012 270.399994
463548.340027 4831430.440002 270.500000
463548.340027 4831430.420013 270.529999
463548.349976 4831430.410004 270.609985
463548.340027 4831430.369995 270.679993
463548.320007 4831430.350006 270.700012
463548.369995 4831430.380005 270.589996
463548.359985 4831430.359985 270.619995
463548.349976 4831430.339996 270.649994
463548.359985 4831430.329987 270.720001
463548.349976 4831430.299988 270.730011
463548.380005 4831430.359985 270.510010
463548.380005 4831430.350006 270.570007
463548.380005 4831430.329987 270.609985
463548.369995 4831430.299988 270.640015
463548.380005 4831430.290009 270.720001
463548.359985 4831430.260010 270.730011
463548.340027 4831430.230011 270.750000
463548.330017 4831430.209991 270.760010
463548.460022 4831430.459991 270.329987
463548.419983 4831430.329987 270.570007
463548.409973 4831430.309998 270.600006
463548.400024 4831430.290009 270.609985
463548.390015 4831430.260010 270.619995
463548.380005 4831430.239990 270.649994
463548.380005 4831430.230011 270.720001
463548.369995 4831430.200012 270.730011
463548.359985 4831430.179993 270.760010
463548.460022 4831430.299988 270.600006
463548.440002 4831430.269989 270.600006
463548.429993 4831430.239990 270.609985
463548.419983 4831430.220001 270.649994
463548.409973 4831430.200012 270.690002
463548.400024 4831430.170013 270.720001
463548.400024 4831430.149994 270.750000
463548.460022 4831430.209991 270.579987
463548.440002 4831430.179993 270.579987
463548.440002 4831430.170013 270.640015
463548.429993 4831430.140015 270.660004
463548.409973 4831430.109985 270.670013
463548.369995 4831430.049988 270.679993
463548.380005 4831430.040009 270.750000
463548.570007 4831430.350006 270.350006
463548.380005 4831430.000000 270.660004
463548.520020 4831430.119995 270.589996
463548.770020 4831430.070007 270.179993
463548.780029 4831430.059998 270.290009
463548.880005 4831430.089996 270.190002
463548.869995 4831430.059998 270.209991
463548.859985 4831430.040009 270.239990
463548.840027 4831430.010010 270.250000
463548.840027 4831429.989990 270.290009
463548.809998 4831429.959991 270.290009
463548.789978 4831429.929993 270.260010
463548.849976 4831429.929993 270.160004
463548.359985 4831430.440002 269.869995
463548.859985 4831429.929993 270.190002
463548.770020 4831429.980011 270.359985
463548.770020 4831429.980011 270.299988
463548.820007 4831430.059998 270.260010
463548.840027 4831430.079987 270.239990
463548.799988 4831430.190002 270.220001
463548.739990 4831430.290009 270.239990
463548.440002 4831430.010010 270.700012
463548.489990 4831430.079987 270.589996
463548.510010 4831430.109985 270.579987
463548.650024 4831430.320007 270.329987
463548.390015 4831430.049988 270.769989
463548.380005 4831430.040009 270.679993
463548.390015 4831430.070007 270.670013
463548.409973 4831430.100006 270.660004
463548.460022 4831430.160004 270.640015
463548.469971 4831430.179993 270.600006
463548.460022 4831430.170013 270.519989
463548.609985 4831430.390015 270.350006
463548.359985 4831430.109985 270.779999
463548.380005 4831430.140015 270.769989
463548.390015 4831430.160004 270.739990
463548.400024 4831430.179993 270.709991
463548.409973 4831430.190002 270.670013
463548.419983 4831430.200012 270.619995
463548.440002 4831430.230011 270.609985
463548.429993 4831430.220001 270.519989
463548.530029 4831430.369995 270.429993
463548.539978 4831430.380005 270.369995
463548.539978 4831430.380005 270.309998
463548.340027 4831430.190002 270.769989
463548.349976 4831430.209991 270.739990
463548.369995 4831430.239990 270.739990
463548.369995 4831430.239990 270.679993
463548.380005 4831430.260010 270.660004
463548.400024 4831430.290009 270.640015
463548.419983 4831430.320007 270.500000
463548.450012 4831430.369995 270.440002
463548.469971 4831430.390015 270.420013
463548.479980 4831430.410004 270.410004
463548.479980 4831430.399994 270.329987
463548.479980 4831430.410004 270.290009
463548.330017 4831430.220001 270.799988
463548.340027 4831430.230011 270.769989
463548.349976 4831430.250000 270.739990
463548.349976 4831430.260010 270.670013
463548.390015 4831430.309998 270.640015
463548.390015 4831430.320007 270.579987
463548.419983 4831430.359985 270.600006
463548.409973 4831430.350006 270.459991
463548.429993 4831430.369995 270.440002
463548.450012 4831430.399994 270.429993
463548.479980 4831430.440002 270.369995
463548.469971 4831430.440002 270.299988
463548.299988 4831430.220001 270.769989
463548.320007 4831430.260010 270.769989
463548.340027 4831430.279999 270.750000
463548.359985 4831430.309998 270.730011
463548.349976 4831430.309998 270.649994
463548.369995 4831430.339996 270.640015
463548.390015 4831430.359985 270.630005
463548.400024 4831430.380005 270.470001
463548.409973 4831430.390015 270.450012
463548.429993 4831430.420013 270.420013
463548.289978 4831430.250000 270.769989
463548.330017 4831430.299988 270.750000
463548.349976 4831430.320007 270.720001
463548.349976 4831430.320007 270.660004
463548.359985 4831430.350006 270.640015
463548.380005 4831430.369995 270.619995
463548.400024 4831430.399994 270.589996
463548.380005 4831430.380005 270.480011
463548.390015 4831430.390015 270.450012
463548.409973 4831430.410004 270.429993
463548.419983 4831430.429993 270.410004
463548.309998 4831430.339996 270.750000
463548.320007 4831430.359985 270.730011
463548.320007 4831430.359985 270.679993
463548.340027 4831430.380005 270.649994
463548.349976 4831430.399994 270.630005
463548.359985 4831430.420013 270.600006
463548.349976 4831430.399994 270.500000
463548.359985 4831430.429993 270.480011
463548.299988 4831430.399994 270.709991
463548.309998 4831430.410004 270.660004
463548.330017 4831430.429993 270.640015
463548.340027 4831430.450012 270.600006
463548.330017 4831430.440002 270.519989
463548.340027 4831430.459991 270.489990
463548.250000 4831430.420013 270.720001
463548.239990 4831430.399994 270.609985
463548.250000 4831430.429993 270.600006
463548.239990 4831430.429993 270.250000
463548.809998 4831429.959991 270.260010
463548.840027 4831430.010010 270.279999
463548.780029 4831430.049988 270.279999
463548.789978 4831430.059998 270.230011
463548.750000 4831430.109985 270.279999
463548.780029 4831430.279999 270.279999
463548.760010 4831430.299988 270.299988
463548.760010 4831430.269989 270.190002
463548.750000 4831430.269989 270.190002
463548.780029 4831430.279999 270.269989
463548.760010 4831430.309998 270.299988
463548.739990 4831430.320007 270.320007
463548.729980 4831430.279999 270.200012
463548.510010 4831430.100006 270.579987
463548.390015 4831430.029999 270.730011
463548.469971 4831430.149994 270.619995
463548.469971 4831430.130005 270.529999
463548.630005 4831430.369995 270.369995
463548.369995 4831430.130005 270.769989
463548.369995 4831430.109985 270.690002
463548.400024 4831430.170013 270.709991
463548.409973 4831430.179993 270.670013
463548.419983 4831430.190002 270.640015
463548.429993 4831430.200012 270.589996
463548.440002 4831430.209991 270.529999
463548.559998 4831430.369995 270.380005
463548.570007 4831430.390015 270.359985
463548.580017 4831430.390015 270.299988
463548.330017 4831430.200012 270.799988
463548.340027 4831430.209991 270.739990
463548.359985 4831430.230011 270.730011
463548.369995 4831430.239990 270.690002
463548.380005 4831430.239990 270.640015
463548.390015 4831430.269989 270.630005
463548.409973 4831430.290009 270.600006
463548.419983 4831430.309998 270.570007
463548.500000 4831430.390015 270.390015
463548.500000 4831430.380005 270.320007
463548.309998 4831430.250000 270.750000
463548.330017 4831430.279999 270.739990
463548.340027 4831430.299988 270.709991
463548.349976 4831430.309998 270.649994
463548.380005 4831430.339996 270.589996
463548.400024 4831430.359985 270.570007
463548.409973 4831430.359985 270.450012
463548.429993 4831430.380005 270.420013
463548.440002 4831430.399994 270.399994
463548.460022 4831430.429993 270.390015
463548.460022 4831430.420013 270.299988
463548.299988 4831430.320007 270.670013
463548.320007 4831430.350006 270.660004
463548.340027 4831430.369995 270.640015
463548.349976 4831430.399994 270.619995
463548.369995 4831430.410004 270.579987
463548.369995 4831430.390015 270.489990
463548.380005 4831430.399994 270.450012
463548.289978 4831430.369995 270.709991
463548.299988 4831430.390015 270.679993
463548.320007 4831430.399994 270.640015
463548.330017 4831430.410004 270.589996
463548.330017 4831430.399994 270.500000
463548.349976 4831430.410004 270.470001
463548.270020 4831430.410004 270.709991
463548.270020 4831430.380005 270.609985
463548.289978 4831430.410004 270.600006
463548.299988 4831430.429993 270.570007
463548.309998 4831430.440002 270.529999
463548.330017 4831430.459991 270.500000
463548.260010 4831430.390015 270.709991
463548.280029 4831430.420013 270.700012
463548.280029 4831430.410004 270.619995
463548.299988 4831430.429993 270.589996
463548.299988 4831430.429993 270.519989
463548.260010 4831430.429993 270.709991
463548.260010 4831430.399994 270.600006
463548.270020 4831430.420013 270.579987
463548.289978 4831430.440002 270.559998
463548.299988 4831430.450012 270.519989
463548.219971 4831430.399994 270.750000
463548.239990 4831430.420013 270.720001
463548.250000 4831430.410004 270.589996
463548.260010 4831430.440002 270.579987
463548.229980 4831430.450012 270.709991
463548.200012 4831430.429993 270.649994
463548.270020 4831430.440002 270.220001
463548.299988 4831430.459991 270.519989
463548.280029 4831430.429993 270.549988
463548.270020 4831430.410004 270.579987
463548.260010 4831430.380005 270.600006
463548.369995 4831430.459991 270.420013
463548.359985 4831430.450012 270.510010
463548.340027 4831430.410004 270.519989
463548.320007 4831430.369995 270.529999
463548.320007 4831430.399994 270.619995
463548.309998 4831430.380005 270.649994
463548.419983 4831430.459991 270.309998
463548.400024 4831430.440002 270.399994
463548.369995 4831430.390015 270.470001
463548.359985 4831430.369995 270.500000
463548.340027 4831430.350006 270.519989
463548.340027 4831430.359985 270.589996
463548.340027 4831430.359985 270.640015
463548.320007 4831430.339996 270.670013
463548.320007 4831430.329987 270.730011
463548.460022 4831430.429993 270.290009
463548.450012 4831430.440002 270.359985
463548.409973 4831430.369995 270.450012
463548.390015 4831430.339996 270.470001
463548.390015 4831430.359985 270.549988
463548.380005 4831430.350006 270.600006
463548.369995 4831430.320007 270.640015
463548.349976 4831430.290009 270.649994
463548.349976 4831430.299988 270.709991
463548.340027 4831430.279999 270.750000
463548.320007 4831430.239990 270.760010
463548.309998 4831430.230011 270.790009
463548.489990 4831430.390015 270.290009
463548.469971 4831430.380005 270.320007
463548.429993 4831430.309998 270.470001
463548.380005 4831430.250000 270.649994
463548.369995 4831430.230011 270.679993
463548.359985 4831430.230011 270.720001
463548.510010 4831430.369995 270.309998
463548.489990 4831430.339996 270.329987
463548.440002 4831430.260010 270.519989
463548.409973 4831430.230011 270.589996
463548.409973 4831430.220001 270.640015
463548.390015 4831430.190002 270.660004
463548.359985 4831430.149994 270.739990
463548.549988 4831430.339996 270.309998
463548.530029 4831430.320007 270.339996
463548.440002 4831430.170013 270.529999
463548.440002 4831430.190002 270.600006
463548.429993 4831430.179993 270.640015
463548.409973 4831430.140015 270.709991
463548.380005 4831430.079987 270.690002
463548.380005 4831430.100006 270.769989
463548.590027 4831430.350006 270.299988
463548.580017 4831430.329987 270.350006
463548.460022 4831430.130005 270.549988
463548.400024 4831430.010010 270.649994
463548.619995 4831430.320007 270.320007
463548.659973 4831430.329987 270.290009
463548.640015 4831430.290009 270.299988
463548.710022 4831430.309998 270.230011
463548.760010 4831429.950012 270.290009
463548.760010 4831429.970001 270.359985
463548.859985 4831430.019989 270.230011
463548.830017 4831429.950012 270.209991
463548.830017 4831429.970001 270.290009
463548.820007 4831429.950012 270.329987
463548.289978 4831430.440002 270.609985
463548.340027 4831430.239990 270.750000
463548.320007 4831430.209991 270.769989
463548.419983 4831430.269989 270.600006
463548.409973 4831430.250000 270.630005
463548.390015 4831430.220001 270.649994
463548.390015 4831430.220001 270.709991
463548.409973 4831430.149994 270.679993
463548.409973 4831430.140015 270.720001
463548.460022 4831430.130005 270.529999
463548.419983 4831430.059998 270.720001
463548.799988 4831429.959991 270.299988
463548.340027 4831430.399994 270.640015
463548.330017 4831430.380005 270.679993
463548.450012 4831430.459991 270.369995
463548.409973 4831430.359985 270.600006
463548.390015 4831430.329987 270.619995
463548.380005 4831430.299988 270.640015
463548.340027 4831430.230011 270.750000
463548.469971 4831430.420013 270.380005
463548.419983 4831430.299988 270.589996
463548.409973 4831430.279999 270.619995
463548.390015 4831430.250000 270.640015
463548.369995 4831430.220001 270.670013
463548.369995 4831430.200012 270.720001
463548.359985 4831430.179993 270.760010
463548.440002 4831430.239990 270.609985
463548.409973 4831430.200012 270.670013
463548.409973 4831430.179993 270.700012
463548.390015 4831430.149994 270.720001
463548.380005 4831430.130005 270.750000
463548.530029 4831430.350006 270.309998
463548.419983 4831430.160004 270.540009
463548.429993 4831430.140015 270.660004
463548.419983 4831430.119995 270.700012
463548.369995 4831430.070007 270.679993
463548.359985 4831430.049988 270.700012
463548.599976 4831430.359985 270.339996
463548.450012 4831430.130005 270.519989
463548.409973 4831430.040009 270.709991
463548.650024 4831430.309998 270.299988
463548.780029 4831430.100006 270.309998
463548.390015 4831430.029999 270.709991
463548.390015 4831430.049988 270.730011
463548.390015 4831430.119995 270.679993
463548.400024 4831430.359985 270.470001
463548.400024 4831430.390015 270.450012
463548.409973 4831430.420013 270.420013
463548.409973 4831430.450012 270.380005
463548.289978 4831430.390015 270.679993
463548.299988 4831430.440002 270.559998
463548.349976 4831430.209991 270.779999
463548.349976 4831430.269989 270.730011
463548.409973 4831430.209991 270.670013
463548.489990 4831430.119995 270.579987
463548.299988 4831430.359985 270.709991
463548.349976 4831430.309998 270.670013
463548.380005 4831430.299988 270.679993
463548.429993 4831430.230011 270.619995
463548.349976 4831430.290009 270.730011
463548.429993 4831430.209991 270.640015
463548.500000 4831430.130005 270.549988
463548.330017 4831430.269989 270.739990
463548.359985 4831430.239990 270.739990
463548.340027 4831430.250000 270.750000
463548.369995 4831430.230011 270.750000
463548.340027 4831430.220001 270.790009
463548.400024 4831430.160004 270.730011
463548.400024 4831430.079987 270.750000
463548.380005 4831430.190002 270.750000
463548.380005 4831430.239990 270.679993
463548.419983 4831430.200012 270.660004
463548.450012 4831430.179993 270.670013
463548.260010 4831430.399994 270.690002
463548.289978 4831430.380005 270.709991
463548.330017 4831430.359985 270.709991
463548.369995 4831430.309998 270.690002
463548.429993 4831430.260010 270.630005
463548.479980 4831430.200012 270.579987
463548.280029 4831430.410004 270.579987
463548.320007 4831430.369995 270.559998
463548.330017 4831430.380005 270.630005
463548.369995 4831430.359985 270.630005
463548.450012 4831430.250000 270.510010
463548.309998 4831430.429993 270.529999
463548.369995 4831430.380005 270.489990
463548.409973 4831430.350006 270.489990
463548.409973 4831430.380005 270.579987
463548.309998 4831430.440002 270.540009
463548.349976 4831430.399994 270.510010
463548.380005 4831430.390015 270.529999
463548.390015 4831430.390015 270.579987
463548.309998 4831430.450012 270.529999
463548.349976 4831430.410004 270.510010
463548.409973 4831430.359985 270.480011
463548.419983 4831430.369995 270.529999
463548.340027 4831430.440002 270.529999
463548.390015 4831430.380005 270.470001
463548.429993 4831430.359985 270.459991
463548.419983 4831430.399994 270.420013
463548.450012 4831430.399994 270.350006
463548.619995 4831430.359985 270.290009
463548.630005 4831430.380005 270.359985
463548.690002 4831430.320007 270.309998
463548.780029 4831430.230011 270.260010
463548.440002 4831430.459991 270.309998
463548.419983 4831430.429993 270.359985
463548.330017 4831430.450012 270.390015
463548.419983 4831430.149994 270.720001
463548.359985 4831430.239990 270.799988
463548.309998 4831430.420013 270.649994
463548.380005 4831430.260010 270.750000
463548.409973 4831430.450012 270.089996
463548.359985 4831430.329987 270.600006
463548.429993 4831430.450012 270.309998
463548.340027 4831430.450012 270.470001
463548.320007 4831430.459991 270.470001
463548.429993 4831430.230011 270.649994
463548.400024 4831430.250000 270.619995
463548.369995 4831430.260010 270.630005
463548.799988 4831429.950012 270.279999
463548.400024 4831430.140015 270.700012
463548.380005 4831430.140015 270.779999
463548.349976 4831430.160004 270.790009
463548.390015 4831430.049988 270.730011
463548.770020 4831429.929993 270.369995
463548.330017 4831430.410004 270.070007
463548.280029 4831430.420013 270.089996
463548.520020 4831429.950012 270.609985
463548.530029 4831429.940002 270.579987
463548.400024 4831430.070007 270.769989
463548.409973 4831430.070007 270.690002
463548.450012 4831430.040009 270.709991
463548.520020 4831430.019989 270.540009
463548.539978 4831430.000000 270.540009
463548.559998 4831429.989990 270.500000
463548.400024 4831430.119995 270.790009
463548.409973 4831430.119995 270.640015
463548.510010 4831430.070007 270.579987
463548.520020 4831430.070007 270.500000
463548.409973 4831430.160004 270.730011
463548.429993 4831430.149994 270.690002
463548.450012 4831430.140015 270.649994
463548.460022 4831430.140015 270.600006
463548.530029 4831430.100006 270.559998
463548.809998 4831429.950012 270.329987
463548.809998 4831429.950012 270.239990
463548.440002 4831430.190002 270.679993
463548.460022 4831430.179993 270.649994
463548.479980 4831430.170013 270.640015
463548.500000 4831430.160004 270.600006
463548.530029 4831430.140015 270.589996
463548.849976 4831429.980011 270.200012
463548.929993 4831429.929993 270.200012
463548.179993 4831430.390015 270.779999
463548.190002 4831430.399994 270.679993
463548.210022 4831430.390015 270.660004
463548.320007 4831430.309998 270.739990
463548.349976 4831430.290009 270.739990
463548.400024 4831430.260010 270.730011
463548.440002 4831430.239990 270.679993
463548.460022 4831430.239990 270.640015
463548.469971 4831430.230011 270.589996
463548.880005 4831430.000000 270.299988
463548.890015 4831430.010010 270.220001
463548.239990 4831430.410004 270.700012
463548.299988 4831430.369995 270.720001
463548.320007 4831430.350006 270.730011
463548.359985 4831430.329987 270.750000
463548.380005 4831430.309998 270.730011
463548.390015 4831430.309998 270.660004
463548.409973 4831430.299988 270.630005
463548.440002 4831430.290009 270.619995
463548.859985 4831430.049988 270.309998
463548.280029 4831430.450012 270.609985
463548.299988 4831430.440002 270.579987
463548.349976 4831430.399994 270.660004
463548.369995 4831430.390015 270.640015
463548.390015 4831430.380005 270.619995
463548.409973 4831430.369995 270.589996
463548.400024 4831430.390015 270.450012
463548.400024 4831430.399994 270.339996
463548.770020 4831430.179993 270.260010
463548.900024 4831430.100006 270.209991
463548.450012 4831430.440002 270.309998
463548.500000 4831430.399994 270.410004
463548.530029 4831430.380005 270.399994
463548.640015 4831430.390015 270.359985
463548.679993 4831430.369995 270.309998
463548.750000 4831430.329987 270.260010
463548.809998 4831430.290009 270.299988
463548.520020 4831429.950012 270.649994
463548.549988 4831429.929993 270.670013
463548.570007 4831429.950012 270.529999
463548.599976 4831429.940002 270.519989
463548.510010 4831430.059998 270.570007
463548.520020 4831430.049988 270.500000
463548.390015 4831430.209991 270.760010
463548.539978 4831430.109985 270.589996
463548.780029 4831429.950012 270.369995
463548.780029 4831429.940002 270.290009
463548.400024 4831430.279999 270.709991
463548.409973 4831430.269989 270.670013
463548.450012 4831430.250000 270.679993
463548.460022 4831430.239990 270.640015
463548.469971 4831430.230011 270.579987
463548.479980 4831430.220001 270.529999
463548.859985 4831429.970001 270.239990
463548.890015 4831429.950012 270.190002
463548.919983 4831429.929993 270.190002
463548.380005 4831430.359985 270.730011
463548.390015 4831430.339996 270.679993
463548.400024 4831430.329987 270.619995
463548.429993 4831430.309998 270.619995
463548.440002 4831430.299988 270.570007
463548.309998 4831430.440002 270.600006
463548.349976 4831430.429993 270.640015
463548.369995 4831430.410004 270.619995
463548.400024 4831430.399994 270.600006
463548.390015 4831430.390015 270.510010
463548.400024 4831430.380005 270.440002
463548.840027 4831430.109985 270.250000
463548.890015 4831430.070007 270.179993
463548.440002 4831430.420013 270.390015
463548.479980 4831430.459991 270.299988
463548.609985 4831430.390015 270.350006
463548.700012 4831430.339996 270.339996
463548.719971 4831430.329987 270.320007
463548.739990 4831430.369995 270.179993
463548.760010 4831430.359985 270.179993
463548.380005 4831430.049988 270.679993
463548.429993 4831430.040009 270.709991
463548.460022 4831430.019989 270.720001
463548.539978 4831429.950012 270.609985
463548.409973 4831430.160004 270.790009
463548.409973 4831430.140015 270.730011
463548.520020 4831430.040009 270.570007
463548.530029 4831430.019989 270.510010
463548.559998 4831430.010010 270.519989
463548.349976 4831430.279999 270.760010
463548.380005 4831430.260010 270.739990
463548.400024 4831430.250000 270.730011
463548.419983 4831430.230011 270.709991
463548.440002 4831430.220001 270.700012
463548.450012 4831430.200012 270.649994
463548.479980 4831430.179993 270.619995
463548.489990 4831430.170013 270.589996
463548.520020 4831430.149994 270.589996
463548.530029 4831430.130005 270.540009
463548.789978 4831429.950012 270.359985
463548.809998 4831429.929993 270.309998
463548.229980 4831430.399994 270.690002
463548.299988 4831430.380005 270.720001
463548.330017 4831430.369995 270.720001
463548.369995 4831430.350006 270.730011
463548.400024 4831430.339996 270.730011
463548.400024 4831430.320007 270.670013
463548.419983 4831430.299988 270.640015
463548.440002 4831430.279999 270.609985
463548.469971 4831430.260010 270.600006
463548.479980 4831430.250000 270.559998
463548.820007 4831430.010010 270.299988
463548.849976 4831429.989990 270.290009
463548.849976 4831429.970001 270.220001
463548.900024 4831429.940002 270.190002
463548.239990 4831430.440002 270.649994
463548.289978 4831430.429993 270.700012
463548.320007 4831430.410004 270.700012
463548.349976 4831430.399994 270.690002
463548.349976 4831430.380005 270.640015
463548.380005 4831430.369995 270.640015
463548.400024 4831430.350006 270.619995
463548.429993 4831430.329987 270.609985
463548.460022 4831430.320007 270.609985
463548.809998 4831430.079987 270.329987
463548.849976 4831430.040009 270.299988
463548.869995 4831430.029999 270.269989
463548.890015 4831430.010010 270.250000
463548.359985 4831430.420013 270.640015
463548.380005 4831430.399994 270.619995
463548.409973 4831430.380005 270.600006
463548.419983 4831430.369995 270.549988
463548.460022 4831430.350006 270.570007
463548.830017 4831430.079987 270.260010
463548.880005 4831430.059998 270.269989
463548.869995 4831430.040009 270.179993
463548.349976 4831430.450012 270.529999
463548.429993 4831430.420013 270.559998
463548.840027 4831430.130005 270.230011
463548.890015 4831430.100006 270.209991
463548.900024 4831430.079987 270.179993
463548.289978 4831430.440002 270.179993
463548.409973 4831430.420013 270.309998
463548.440002 4831430.399994 270.299988
463548.510010 4831430.390015 270.390015
463548.530029 4831430.369995 270.380005
463548.450012 4831430.420013 270.390015
463548.469971 4831430.399994 270.359985
463548.510010 4831430.390015 270.399994
463548.539978 4831430.380005 270.399994
463548.580017 4831430.369995 270.420013
463548.340027 4831430.420013 270.130005
463548.409973 4831430.410004 270.230011
463548.510010 4831430.410004 270.380005
463548.539978 4831430.390015 270.369995
463548.590027 4831430.380005 270.399994
463548.840027 4831430.220001 270.279999
463548.409973 4831430.459991 270.290009
463548.369995 4831430.429993 270.149994
463548.469971 4831430.429993 270.290009
463548.580017 4831430.390015 270.329987
463548.619995 4831430.380005 270.369995
463548.690002 4831430.320007 270.279999
463548.719971 4831430.299988 270.279999
463548.830017 4831430.250000 270.269989
463548.679993 4831430.399994 270.359985
463548.719971 4831430.339996 270.239990
463548.750000 4831430.329987 270.250000
463548.799988 4831430.320007 270.299988
463548.650024 4831430.420013 270.320007
463548.679993 4831430.399994 270.299988
463548.739990 4831430.350006 270.230011
463548.809998 4831430.329987 270.299988
463548.739990 4831430.359985 270.179993
463548.770020 4831430.339996 270.160004
463548.729980 4831430.399994 270.170013
463548.739990 4831430.390015 270.160004
463548.719971 4831430.399994 270.179993
463548.739990 4831430.390015 270.160004
463548.729980 4831430.420013 270.170013
463548.729980 4831430.459991 270.170013
463548.349976 4831430.399994 270.029999
463548.219971 4831430.700012 269.890015
463548.190002 4831430.760010 269.880005
463548.450012 4831430.480011 270.359985
463548.309998 4831430.679993 269.809998
463548.200012 4831430.700012 269.880005
463548.280029 4831430.549988 270.369995
463548.270020 4831430.540009 270.399994
463548.260010 4831430.529999 270.450012
463548.390015 4831430.529999 270.269989
463548.369995 4831430.510010 270.279999
463548.359985 4831430.500000 270.359985
463548.440002 4831430.470001 270.359985
463548.280029 4831430.579987 270.130005
463548.280029 4831430.559998 270.339996
463548.270020 4831430.549988 270.399994
463548.270020 4831430.540009 270.459991
463548.260010 4831430.519989 270.500000
463548.349976 4831430.540009 270.309998
463548.349976 4831430.529999 270.369995
463548.320007 4831430.489990 270.359985
463548.320007 4831430.470001 270.470001
463548.419983 4831430.510010 270.279999
463548.419983 4831430.500000 270.350006
463548.409973 4831430.480011 270.369995
463548.250000 4831430.559998 270.510010
463548.289978 4831430.540009 270.459991
463548.320007 4831430.510010 270.459991
463548.309998 4831430.480011 270.470001
463548.400024 4831430.519989 270.299988
463548.369995 4831430.470001 270.320007
463548.390015 4831430.500000 270.109985
463548.429993 4831430.510010 270.279999
463548.429993 4831430.489990 270.329987
463548.450012 4831430.470001 270.260010
463548.229980 4831430.720001 269.829987
463548.549988 4831430.739990 269.970001
463548.210022 4831430.750000 269.809998
463548.200012 4831430.730011 269.839996
463548.190002 4831430.709991 269.880005
463548.250000 4831430.670013 269.869995
463548.380005 4831430.619995 269.820007
463548.359985 4831430.579987 269.869995
463548.330017 4831430.540009 269.910004
463548.570007 4831430.769989 269.970001
463548.419983 4831430.519989 269.970001
463548.500000 4831430.519989 270.019989
463548.330017 4831430.549988 269.899994
463548.320007 4831430.519989 269.920013
463548.340027 4831430.500000 269.929993
463548.590027 4831430.730011 269.829987
463548.640015 4831430.739990 270.019989
463548.260010 4831430.549988 270.070007
463548.460022 4831430.470001 270.320007
463548.440002 4831430.470001 270.350006
463548.450012 4831430.480011 270.299988
463548.429993 4831430.519989 270.369995
463548.419983 4831430.510010 270.299988
463548.419983 4831430.510010 270.239990
463548.359985 4831430.480011 270.420013
463548.390015 4831430.540009 270.390015
463548.359985 4831430.500000 270.239990
463548.299988 4831430.489990 270.510010
463548.309998 4831430.510010 270.480011
463548.320007 4831430.529999 270.390015
463548.320007 4831430.540009 270.339996
463548.340027 4831430.559998 270.119995
463548.270020 4831430.559998 270.450012
463548.270020 4831430.570007 270.399994
463548.299988 4831430.600006 270.380005
463548.429993 4831430.470001 270.359985
463548.440002 4831430.480011 270.329987
463548.450012 4831430.480011 270.260010
463548.419983 4831430.500000 270.320007
463548.419983 4831430.500000 270.260010
463548.349976 4831430.489990 270.500000
463548.349976 4831430.470001 270.410004
463548.380005 4831430.529999 270.369995
463548.400024 4831430.540009 270.320007
463548.400024 4831430.519989 270.230011
463548.330017 4831430.470001 270.519989
463548.340027 4831430.480011 270.500000
463548.340027 4831430.470001 270.420013
463548.390015 4831430.549988 270.369995
463548.400024 4831430.529999 270.290009
463548.320007 4831430.480011 270.510010
463548.330017 4831430.480011 270.440002
463548.340027 4831430.489990 270.410004
463548.369995 4831430.529999 270.329987
463548.289978 4831430.480011 270.519989
463548.309998 4831430.500000 270.500000
463548.309998 4831430.480011 270.410004
463548.330017 4831430.510010 270.399994
463548.349976 4831430.540009 270.380005
463548.280029 4831430.489990 270.519989
463548.289978 4831430.510010 270.489990
463548.299988 4831430.510010 270.450012
463548.309998 4831430.519989 270.410004
463548.330017 4831430.549988 270.390015
463548.260010 4831430.489990 270.529999
463548.270020 4831430.510010 270.500000
463548.280029 4831430.529999 270.470001
463548.289978 4831430.529999 270.410004
463548.309998 4831430.549988 270.390015
463548.239990 4831430.529999 270.500000
463548.250000 4831430.549988 270.470001
463548.260010 4831430.549988 270.410004
463548.280029 4831430.570007 270.390015
463548.289978 4831430.589996 270.359985
463548.219971 4831430.570007 270.510010
463548.219971 4831430.570007 270.450012
463548.229980 4831430.579987 270.410004
463548.250000 4831430.600006 270.380005
463548.250000 4831430.579987 270.299988
463548.239990 4831430.540009 270.179993
463548.609985 4831430.720001 269.980011
463548.640015 4831430.750000 269.970001
463548.390015 4831430.640015 269.929993
463548.460022 4831430.750000 269.829987
463548.320007 4831430.649994 269.820007
463548.190002 4831430.760010 269.910004
463548.190002 4831430.760010 269.859985
463548.200012 4831430.779999 269.829987
463548.210022 4831430.799988 269.809998
463548.599976 4831430.739990 269.989990
463548.599976 4831430.739990 269.920013
463548.460022 4831430.579987 270.040009
463548.469971 4831430.589996 269.989990
463548.570007 4831430.750000 269.940002
463548.580017 4831430.750000 269.899994
463548.570007 4831430.769989 270.019989
463548.570007 4831430.750000 269.929993
463548.580017 4831430.760010 269.869995
463548.549988 4831430.750000 269.929993
463548.549988 4831430.790009 270.010010
463548.510010 4831430.779999 269.989990
463548.520020 4831430.779999 269.940002
463548.330017 4831430.480011 269.910004
463548.400024 4831430.600006 269.940002
463548.489990 4831430.750000 269.910004
463548.500000 4831430.779999 269.899994
463548.309998 4831430.510010 269.920013
463548.330017 4831430.540009 269.920013
463548.349976 4831430.579987 269.920013
463548.359985 4831430.589996 269.880005
463548.369995 4831430.589996 269.820007
463548.179993 4831430.790009 269.820007
463548.260010 4831430.559998 270.410004
463548.239990 4831430.540009 270.440002
463548.229980 4831430.540009 270.489990
463548.299988 4831430.549988 270.410004
463548.280029 4831430.510010 270.420013
463548.270020 4831430.500000 270.480011
463548.359985 4831430.529999 270.309998
463548.340027 4831430.519989 270.410004
463548.320007 4831430.480011 270.420013
463548.320007 4831430.480011 270.489990
463548.400024 4831430.480011 270.220001
463548.400024 4831430.500000 270.290009
463548.429993 4831430.470001 270.260010
463548.419983 4831430.480011 270.390015
463548.260010 4831430.570007 270.390015
463548.239990 4831430.549988 270.420013
463548.250000 4831430.540009 270.470001
463548.270020 4831430.529999 270.149994
463548.309998 4831430.579987 270.410004
463548.289978 4831430.540009 270.429993
463548.280029 4831430.529999 270.480011
463548.309998 4831430.570007 270.390015
463548.299988 4831430.540009 270.420013
463548.280029 4831430.500000 270.500000
463548.469971 4831430.500000 270.279999
463548.200012 4831430.850006 269.820007
463548.210022 4831430.809998 269.829987
463548.190002 4831430.769989 269.850006
463548.229980 4831430.769989 269.809998
463548.219971 4831430.750000 269.839996
463548.200012 4831430.720001 269.859985
463548.190002 4831430.709991 269.910004
463548.260010 4831430.739990 269.809998
463548.239990 4831430.700012 269.820007
463548.239990 4831430.730011 269.899994
463548.309998 4831430.470001 269.910004
463548.380005 4831430.489990 269.929993
463548.549988 4831430.709991 269.920013
463548.570007 4831430.700012 269.959991
463548.210022 4831430.790009 269.820007
463548.200012 4831430.769989 269.839996
463548.179993 4831430.750000 269.869995
463548.239990 4831430.739990 269.820007
463548.229980 4831430.720001 269.859985
463548.210022 4831430.690002 269.890015
463548.260010 4831430.679993 269.809998
463548.380005 4831430.619995 269.850006
463548.210022 4831430.790009 269.809998
463548.239990 4831430.779999 269.809998
463548.250000 4831430.690002 269.880005
463548.400024 4831430.640015 270.000000
463548.309998 4831430.480011 270.489990
463548.309998 4831430.519989 270.399994
463548.320007 4831430.549988 270.380005
463548.210022 4831430.709991 269.820007
463548.299988 4831430.470001 270.529999
463548.309998 4831430.489990 270.500000
463548.340027 4831430.470001 270.519989
463548.309998 4831430.500000 270.510010
463548.349976 4831430.480011 270.510010
463548.479980 4831430.459991 270.279999
463548.190002 4831430.839996 269.839996
463548.520020 4831430.750000 269.950012
463548.429993 4831430.480011 270.299988
463548.409973 4831430.489990 270.279999
463548.280029 4831430.579987 270.299988
463548.440002 4831430.470001 270.260010
463548.429993 4831430.480011 270.290009
463548.419983 4831430.470001 270.220001
463548.390015 4831430.489990 270.209991
463548.400024 4831430.480011 270.339996
463548.390015 4831430.489990 270.290009
463548.380005 4831430.489990 270.239990
463548.359985 4831430.480011 270.380005
463548.359985 4831430.470001 270.290009
463548.270020 4831430.540009 270.369995
463548.260010 4831430.540009 270.309998
463548.469971 4831430.540009 269.980011
463548.270020 4831430.589996 270.369995
463548.400024 4831430.540009 270.299988
463548.219971 4831430.820007 269.809998
463548.419983 4831430.510010 269.950012
463548.419983 4831430.500000 269.929993
463548.450012 4831430.480011 269.910004
463548.390015 4831430.570007 269.980011
463548.419983 4831430.570007 270.010010
463548.219971 4831430.690002 269.910004
463548.369995 4831430.570007 269.839996
463548.400024 4831430.549988 269.829987
463548.179993 4831430.760010 269.910004
463548.210022 4831430.739990 269.890015
463548.320007 4831430.640015 269.809998
463548.210022 4831430.779999 269.869995
463548.239990 4831430.760010 269.839996
463548.320007 4831430.709991 269.839996
463548.190002 4831430.850006 269.820007
463548.219971 4831430.850006 269.850006
463548.489990 4831430.730011 269.989990
463548.570007 4831430.769989 269.820007
463548.599976 4831430.809998 270.029999
463548.380005 4831430.519989 270.329987
463548.349976 4831430.540009 270.320007
463548.349976 4831430.500000 270.350006
463548.330017 4831430.510010 270.369995
463548.299988 4831430.519989 270.399994
463548.280029 4831430.529999 270.380005
463548.289978 4831430.470001 270.489990
463548.369995 4831430.549988 270.089996
463548.440002 4831430.540009 270.079987
463548.280029 4831430.529999 270.519989
463548.299988 4831430.510010 270.510010
463548.340027 4831430.489990 270.529999
463548.359985 4831430.480011 270.510010
463548.380005 4831430.470001 270.459991
463548.419983 4831430.459991 270.260010
463548.359985 4831430.559998 270.369995
463548.380005 4831430.559998 270.320007
463548.409973 4831430.529999 270.369995
463548.440002 4831430.510010 270.380005
463548.469971 4831430.500000 270.359985
463548.179993 4831430.570007 270.429993
463548.250000 4831430.540009 270.529999
463548.309998 4831430.510010 270.519989
463548.330017 4831430.500000 270.510010
463548.359985 4831430.480011 270.500000
463548.340027 4831430.470001 270.359985
463548.260010 4831430.600006 270.500000
463548.260010 4831430.589996 270.429993
463548.289978 4831430.579987 270.450012
463548.309998 4831430.570007 270.399994
463548.340027 4831430.549988 270.410004
463548.349976 4831430.540009 270.369995
463548.400024 4831430.510010 270.350006
463548.450012 4831430.480011 270.290009
463548.429993 4831430.559998 270.329987
463548.229980 4831430.559998 270.519989
463548.260010 4831430.549988 270.519989
463548.289978 4831430.529999 270.510010
463548.309998 4831430.510010 270.489990
463548.330017 4831430.500000 270.459991
463548.359985 4831430.480011 270.450012
463548.260010 4831430.549988 270.529999
463548.280029 4831430.540009 270.510010
463548.309998 4831430.519989 270.500000
463548.340027 4831430.510010 270.500000
463548.359985 4831430.489990 270.489990
463548.260010 4831430.570007 270.519989
463548.280029 4831430.549988 270.489990
463548.309998 4831430.529999 270.480011
463548.340027 4831430.510010 270.459991
463548.369995 4831430.500000 270.459991
463548.260010 4831430.589996 270.510010
463548.280029 4831430.579987 270.510010
463548.299988 4831430.559998 270.459991
463548.320007 4831430.549988 270.450012
463548.239990 4831430.489990 270.140015
463548.409973 4831430.470001 270.350006
463548.289978 4831430.589996 270.380005
463548.309998 4831430.579987 270.369995
463548.340027 4831430.559998 270.369995
463548.369995 4831430.549988 270.369995
463548.400024 4831430.529999 270.359985
463548.429993 4831430.519989 270.359985
463548.460022 4831430.500000 270.359985
463548.479980 4831430.480011 270.320007
463548.260010 4831430.609985 270.350006
463548.299988 4831430.600006 270.369995
463548.330017 4831430.589996 270.369995
463548.369995 4831430.570007 270.369995
463548.380005 4831430.549988 270.339996
463548.429993 4831430.540009 270.359985
463548.460022 4831430.519989 270.359985
463548.479980 4831430.500000 270.339996
463548.340027 4831430.600006 270.339996
463548.369995 4831430.579987 270.320007
463548.440002 4831430.549988 270.350006
463548.460022 4831430.529999 270.309998
463548.380005 4831430.549988 270.100006
463548.330017 4831430.540009 270.040009
463548.190002 4831430.799988 269.820007
463548.250000 4831430.760010 269.809998
463548.340027 4831430.700012 269.920013
463548.669983 4831430.779999 270.010010
463548.359985 4831430.559998 269.970001
463548.179993 4831430.709991 269.920013
463548.210022 4831430.700012 269.920013
463548.320007 4831430.640015 269.890015
463548.400024 4831430.579987 269.869995
463548.419983 4831430.570007 269.829987
463548.200012 4831430.750000 269.890015
463548.229980 4831430.739990 269.869995
463548.270020 4831430.709991 269.809998
463548.330017 4831430.679993 269.920013
463548.390015 4831430.649994 269.910004
463548.179993 4831430.809998 269.850006
463548.200012 4831430.790009 269.829987
463548.229980 4831430.779999 269.820007
463548.200012 4831430.839996 269.809998
463548.630005 4831430.709991 270.040009
463548.640015 4831430.750000 269.970001
463548.349976 4831430.540009 270.019989
463548.450012 4831430.540009 269.989990
463548.419983 4831430.549988 269.850006
463548.429993 4831430.559998 269.890015
463548.200012 4831430.690002 269.910004
463548.229980 4831430.679993 269.890015
463548.260010 4831430.660004 269.890015
463548.330017 4831430.630005 269.910004
463548.419983 4831430.579987 269.869995
463548.489990 4831430.570007 269.970001
463548.200012 4831430.700012 269.890015
463548.229980 4831430.690002 269.890015
463548.260010 4831430.670013 269.880005
463548.330017 4831430.649994 269.910004
463548.489990 4831430.589996 269.959991
463548.190002 4831430.709991 269.890015
463548.219971 4831430.700012 269.880005
463548.239990 4831430.679993 269.850006
463548.440002 4831430.559998 269.880005
463548.349976 4831430.579987 269.869995
463548.440002 4831430.570007 270.000000
463548.479980 4831430.559998 270.029999
463548.330017 4831430.579987 269.920013
463548.460022 4831430.540009 270.010010
463548.330017 4831430.570007 269.899994
463548.390015 4831430.570007 269.970001
463548.400024 4831430.549988 269.910004
463548.330017 4831430.570007 269.940002
463548.349976 4831430.549988 269.920013
463548.380005 4831430.529999 270.029999
463548.330017 4831430.559998 269.980011
463548.349976 4831430.540009 269.959991
463548.320007 4831430.570007 269.970001
463548.340027 4831430.549988 269.950012
463548.419983 4831430.540009 270.049988
463548.330017 4831430.589996 270.019989
463548.320007 4831430.570007 269.940002
463548.349976 4831430.549988 269.929993
463548.340027 4831430.570007 269.929993
463548.400024 4831430.559998 269.880005
463548.409973 4831430.570007 269.869995
463548.479980 4831430.559998 269.970001
463548.200012 4831430.700012 269.899994
463548.229980 4831430.690002 269.890015
463548.239990 4831430.670013 269.839996
463548.340027 4831430.660004 269.989990
463548.349976 4831430.640015 269.929993
463548.469971 4831430.579987 269.920013
463548.190002 4831430.730011 269.890015
463548.219971 4831430.709991 269.880005
463548.239990 4831430.700012 269.859985
463548.200012 4831430.709991 269.890015
463548.229980 4831430.690002 269.869995
463548.270020 4831430.679993 269.899994
463548.190002 4831430.720001 269.890015
463548.219971 4831430.700012 269.890015
463548.250000 4831430.690002 269.880005
463548.219971 4831430.709991 269.880005
463548.239990 4831430.690002 269.880005
463548.200012 4831430.700012 269.890015
463548.229980 4831430.690002 269.880005
463548.250000 4831430.670013 269.859985
463548.400024 4831430.609985 269.989990
463548.450012 4831430.579987 269.970001
463548.429993 4831430.559998 269.869995
463548.419983 4831430.570007 269.869995
463548.510010 4831430.570007 270.019989
463548.190002 4831430.709991 269.899994
463548.219971 4831430.690002 269.890015
463548.239990 4831430.679993 269.859985
463548.450012 4831430.589996 269.910004
463548.219971 4831430.709991 269.890015
463548.229980 4831430.690002 269.859985
463548.190002 4831430.730011 269.880005
463548.219971 4831430.720001 269.869995
463548.239990 4831430.700012 269.850006
463548.200012 4831430.769989 269.890015
463548.219971 4831430.750000 269.869995
463548.239990 4831430.739990 269.850006
463548.200012 4831430.799988 269.809998
463548.229980 4831430.790009 269.809998
463548.450012 4831430.739990 269.989990
463548.450012 4831430.760010 269.929993
463548.650024 4831430.760010 269.989990
463548.750000 4831430.420013 270.070007
463548.859985 4831430.329987 270.059998
463548.940002 4831430.049988 270.070007
463548.710022 4831430.459991 270.140015
463548.739990 4831430.369995 270.149994
463548.799988 4831430.350006 270.109985
463548.919983 4831430.059998 270.160004
463548.919983 4831430.179993 269.989990
463548.859985 4831430.109985 270.010010
463548.940002 4831430.100006 270.010010
463548.780029 4831430.369995 270.049988
463548.880005 4831430.239990 269.970001
463548.929993 4831430.170013 269.980011
463548.940002 4831430.260010 269.980011
463548.929993 4831430.220001 270.029999
463548.950012 4831430.179993 269.989990
463548.940002 4831430.140015 270.040009
463548.989990 4831430.059998 270.019989
463548.900024 4831430.190002 270.049988
463548.890015 4831430.279999 270.049988
463548.869995 4831430.130005 270.010010
463548.919983 4831430.209991 270.040009
463548.840027 4831430.290009 269.959991
463548.840027 4831430.350006 269.980011
463548.880005 4831430.040009 270.079987
463548.739990 4831430.410004 270.059998
463548.780029 4831430.359985 270.079987
463548.880005 4831429.989990 270.059998
463548.719971 4831430.440002 270.059998
463548.770020 4831430.380005 270.079987
463548.840027 4831430.350006 270.079987
463548.760010 4831430.369995 270.089996
463548.840027 4831430.329987 270.100006
463548.859985 4831430.059998 270.089996
463548.830017 4831430.329987 270.100006
463548.739990 4831430.350006 270.109985
463548.729980 4831430.339996 270.149994
463548.820007 4831430.299988 270.109985
463548.869995 4831430.040009 270.140015
463548.739990 4831430.410004 270.140015
463548.770020 4831430.339996 270.100006
463548.820007 4831430.309998 270.119995
463548.880005 4831429.980011 270.109985
463548.869995 4831429.959991 270.149994
463548.719971 4831430.420013 270.109985
463548.710022 4831430.399994 270.149994
463548.760010 4831430.359985 270.109985
463548.750000 4831430.339996 270.130005
463548.820007 4831430.299988 270.109985
463548.880005 4831429.989990 270.119995
463548.869995 4831429.959991 270.140015
463548.840027 4831430.290009 269.940002
463548.830017 4831430.290009 270.029999
463548.900024 4831430.220001 270.010010
463548.979980 4831430.029999 269.970001
463548.869995 4831430.290009 269.929993
463548.849976 4831430.260010 269.940002
463548.849976 4831430.250000 270.000000
463548.900024 4831430.239990 269.989990
463548.919983 4831430.170013 269.959991
463548.869995 4831430.299988 269.929993
463548.849976 4831430.269989 269.940002
463548.869995 4831430.260010 270.040009
463548.919983 4831430.190002 270.040009
463548.880005 4831430.149994 270.000000
463548.849976 4831430.119995 269.970001
463548.799988 4831430.380005 270.079987
463548.719971 4831430.429993 270.059998
463548.859985 4831429.989990 270.059998
463548.880005 4831430.029999 270.059998
463548.940002 4831430.130005 270.049988
463548.859985 4831430.260010 270.059998
463548.809998 4831430.290009 270.070007
463548.809998 4831430.329987 270.089996
463548.710022 4831430.450012 270.100006
463548.710022 4831430.399994 270.149994
463548.820007 4831429.950012 270.109985
463548.849976 4831430.000000 270.119995
463548.809998 4831430.339996 270.119995
463548.799988 4831430.339996 270.109985
463548.799988 4831430.339996 270.109985
463548.789978 4831430.320007 270.119995
463548.780029 4831430.339996 270.109985
463548.950012 4831430.059998 270.019989
463548.820007 4831430.070007 269.940002
463548.880005 4831430.149994 269.959991
463548.859985 4831430.290009 269.959991
463548.880005 4831430.320007 269.929993
463548.739990 4831430.440002 270.029999
463548.859985 4831430.130005 269.970001
463548.900024 4831430.209991 270.040009
463548.700012 4831429.950012 269.920013
463548.830017 4831430.279999 270.040009
463548.849976 4831430.290009 269.940002
463548.809998 4831430.279999 270.029999
463548.830017 4831430.290009 269.929993
463548.809998 4831430.309998 270.010010
463548.809998 4831430.299988 269.929993
463548.830017 4831430.329987 269.920013
463548.799988 4831430.329987 270.040009
463548.799988 4831430.309998 269.950012
463548.789978 4831430.299988 269.970001
463548.799988 4831430.299988 269.929993
463548.830017 4831430.290009 269.950012
463548.809998 4831430.309998 270.000000
463548.830017 4831430.329987 269.910004
463548.780029 4831430.320007 270.019989
463548.799988 4831430.320007 269.880005
463548.710022 4831430.450012 270.079987
463548.719971 4831430.399994 270.070007
463548.739990 4831430.399994 270.070007
463548.710022 4831430.410004 270.149994
463548.859985 4831430.010010 270.160004
463548.739990 4831430.459991 270.140015
463548.739990 4831430.390015 270.130005
463548.460022 4831430.450012 269.839996
463548.729980 4831430.410004 270.029999
463548.760010 4831430.369995 270.019989
463548.880005 4831430.250000 269.959991
463548.820007 4831430.269989 269.959991
463548.849976 4831430.260010 269.950012
463548.750000 4831430.420013 270.029999
463548.869995 4831430.309998 269.950012
463548.849976 4831430.279999 269.959991
463548.909973 4831430.170013 270.010010
463548.820007 4831430.369995 269.959991
463548.969971 4831430.279999 269.959991
463548.440002 4831430.450012 269.850006
463548.450012 4831430.459991 269.859985
463548.859985 4831430.029999 270.130005
463548.880005 4831430.269989 270.079987
463548.770020 4831430.420013 270.049988
463548.849976 4831430.359985 270.070007
463548.890015 4831430.000000 270.070007
463548.890015 4831430.269989 270.059998
463548.919983 4831430.260010 270.049988
463548.799988 4831430.380005 270.089996
463548.830017 4831430.369995 270.089996
463548.919983 4831430.040009 270.079987
463548.919983 4831430.200012 270.059998
463548.909973 4831430.220001 270.070007
463548.880005 4831430.260010 270.079987
463548.900024 4831430.239990 270.059998
463548.880005 4831430.309998 270.079987
463548.770020 4831430.410004 270.079987
463548.799988 4831430.399994 270.070007
463548.760010 4831430.450012 270.059998
463548.729980 4831430.450012 270.089996
463548.760010 4831430.440002 270.089996
463548.770020 4831430.420013 270.049988
463548.799988 4831430.410004 270.049988
463548.770020 4831430.410004 270.079987
463548.799988 4831430.399994 270.070007
463548.760010 4831430.420013 270.089996
463548.789978 4831430.399994 270.070007
463548.770020 4831430.399994 270.100006
463548.799988 4831430.380005 270.089996
463548.830017 4831430.369995 270.079987
463548.849976 4831430.350006 270.059998
463548.869995 4831430.309998 270.100006
463548.869995 4831430.299988 270.079987
463548.919983 4831430.269989 270.049988
463548.869995 4831430.320007 270.059998
463548.849976 4831430.329987 270.049988
463548.789978 4831430.380005 270.089996
463548.820007 4831430.359985 270.079987
463548.859985 4831430.350006 270.089996
463548.780029 4831430.399994 270.079987
463548.809998 4831430.390015 270.070007
463548.739990 4831430.450012 270.079987
463548.770020 4831430.429993 270.070007
463548.849976 4831430.299988 270.100006
463548.849976 4831430.339996 270.100006
463548.760010 4831430.420013 270.100006
463548.859985 4831429.980011 270.149994
463548.890015 4831429.959991 270.160004
463548.890015 4831430.010010 270.130005
463548.909973 4831430.000000 270.109985
463548.729980 4831430.429993 270.119995
463548.760010 4831430.420013 270.109985
463548.849976 4831429.970001 270.160004
463548.880005 4831430.010010 270.149994
463548.729980 4831430.429993 270.149994
463548.750000 4831430.420013 270.119995
463548.780029 4831430.399994 270.100006
463548.840027 4831429.950012 270.119995
463548.869995 4831429.989990 270.140015
463548.890015 4831429.970001 270.109985
463548.880005 4831430.019989 270.130005
463548.900024 4831430.010010 270.119995
463548.909973 4831430.059998 270.109985
463548.760010 4831430.390015 270.149994
463548.770020 4831430.369995 270.130005
463548.799988 4831430.359985 270.119995
463548.820007 4831430.339996 270.109985
463548.849976 4831430.329987 270.100006
463548.729980 4831430.440002 270.119995
463548.760010 4831430.429993 270.109985
463548.729980 4831430.440002 270.119995
463548.760010 4831430.429993 270.100006
463548.729980 4831430.450012 270.140015
463548.739990 4831430.440002 270.109985
463548.729980 4831430.429993 270.130005
463548.750000 4831430.420013 270.119995
463548.770020 4831430.369995 270.130005
463548.789978 4831430.350006 270.119995
463548.820007 4831430.339996 270.109985
463548.840027 4831430.329987 270.109985
463548.770020 4831430.369995 270.140015
463548.789978 4831430.350006 270.130005
463548.820007 4831430.339996 270.119995
463548.849976 4831430.320007 270.109985
463548.739990 4831430.399994 270.130005
463548.770020 4831430.390015 270.109985
463548.789978 4831430.369995 270.109985
463548.820007 4831430.359985 270.109985
463548.739990 4831430.410004 270.140015
463548.760010 4831430.399994 270.119995
463548.789978 4831430.380005 270.109985
463548.820007 4831430.359985 270.100006
463548.849976 4831430.350006 270.109985
463548.729980 4831430.429993 270.149994
463548.750000 4831430.410004 270.130005
463548.770020 4831430.399994 270.109985
463548.739990 4831430.440002 270.119995
463548.950012 4831430.089996 269.980011
463548.929993 4831430.250000 269.959991
463548.799988 4831430.410004 269.970001
463548.969971 4831430.140015 269.929993
463548.849976 4831430.350006 270.040009
463548.849976 4831430.329987 269.899994
463548.940002 4831430.299988 269.970001
463548.929993 4831430.179993 270.019989
463548.950012 4831430.160004 270.000000
463548.929993 4831430.200012 270.040009
463548.929993 4831430.179993 269.959991
463548.929993 4831430.230011 270.049988
463548.950012 4831430.209991 270.019989
463548.880005 4831430.290009 270.019989
463548.919983 4831430.269989 270.049988
463548.940002 4831430.260010 270.010010
463548.789978 4831430.380005 270.000000
463548.750000 4831430.450012 270.040009
463548.690002 4831430.420013 269.829987
463548.869995 4831430.339996 269.880005
463548.739990 4831430.429993 269.959991
463548.869995 4831430.350006 269.869995
463548.659973 4831430.440002 269.809998
463548.750000 4831430.450012 270.040009
463548.679993 4831430.420013 269.809998
463548.869995 4831430.329987 269.910004
463548.799988 4831430.380005 270.010010
463548.820007 4831430.359985 269.980011
463548.780029 4831430.380005 269.989990
463548.849976 4831430.309998 269.899994
463548.900024 4831430.290009 269.950012
463548.869995 4831430.290009 270.019989
463548.900024 4831430.279999 270.019989
463548.929993 4831430.260010 270.040009
463548.929993 4831430.239990 269.950012
463548.890015 4831430.279999 270.040009
463548.940002 4831430.250000 270.029999
463548.849976 4831430.299988 269.950012
463548.900024 4831430.290009 270.000000
463548.929993 4831430.269989 269.989990
463548.840027 4831430.309998 269.959991
463548.869995 4831430.290009 269.959991
463548.929993 4831430.279999 270.019989
463548.830017 4831430.299988 269.890015
463548.890015 4831430.290009 269.950012
463548.820007 4831430.369995 270.040009
463548.809998 4831430.350006 269.950012
463548.849976 4831430.320007 269.890015
463548.900024 4831430.309998 269.929993
463548.770020 4831430.410004 270.010010
463548.880005 4831430.329987 269.910004
463548.739990 4831430.459991 270.040009
463548.719971 4831430.440002 269.940002
463548.710022 4831430.459991 269.890015
463548.729980 4831430.440002 269.950012
463548.700012 4831430.420013 269.820007
463548.849976 4831430.350006 269.820007
463548.729980 4831430.459991 270.029999
463548.710022 4831430.440002 269.890015
463548.849976 4831430.339996 269.809998
463548.690002 4831430.459991 269.880005
463548.760010 4831430.549988 270.079987
463548.739990 4831430.510010 270.130005
463548.729980 4831430.480011 270.140015
463548.700012 4831430.690002 269.959991
463548.640015 4831430.700012 269.980011
463548.770020 4831430.589996 270.029999
463548.750000 4831430.529999 270.049988
463548.739990 4831430.510010 270.070007
463548.710022 4831430.549988 270.109985
463548.690002 4831430.519989 270.100006
463548.630005 4831430.720001 270.010010
463548.690002 4831430.609985 270.019989
463548.760010 4831430.540009 269.989990
463548.630005 4831430.730011 269.959991
463548.669983 4831430.679993 269.929993
463548.659973 4831430.649994 269.950012
463548.659973 4831430.640015 270.040009
463548.710022 4831430.609985 269.929993
463548.640015 4831430.670013 269.950012
463548.669983 4831430.649994 269.899994
463548.679993 4831430.640015 269.970001
463548.729980 4831430.589996 270.029999
463548.710022 4831430.559998 270.040009
463548.690002 4831430.600006 270.079987
463548.700012 4831430.619995 270.059998
463548.700012 4831430.559998 270.089996
463548.719971 4831430.570007 270.059998
463548.679993 4831430.630005 270.070007
463548.710022 4831430.540009 270.119995
463548.659973 4831430.470001 269.929993
463548.719971 4831430.549988 270.000000
463548.710022 4831430.630005 270.000000
463548.650024 4831430.649994 270.019989
463548.650024 4831430.660004 269.980011
463548.640015 4831430.679993 270.040009
463548.640015 4831430.690002 269.980011
463548.659973 4831430.709991 269.959991
463548.619995 4831430.709991 269.980011
463548.739990 4831430.600006 270.040009
463548.690002 4831430.649994 270.049988
463548.679993 4831430.600006 269.910004
463548.659973 4831430.670013 269.920013
463548.549988 4831430.570007 269.850006
463548.630005 4831430.720001 269.940002
463548.710022 4831430.619995 270.070007
463548.750000 4831430.609985 270.049988
463548.729980 4831430.579987 270.059998
463548.750000 4831430.549988 270.070007
463548.690002 4831430.589996 270.100006
463548.719971 4831430.559998 270.089996
463548.700012 4831430.519989 270.089996
463548.650024 4831430.670013 269.989990
463548.669983 4831430.619995 269.970001
463548.729980 4831430.600006 270.029999
463548.760010 4831430.559998 270.019989
463548.729980 4831430.529999 270.019989
463548.729980 4831430.709991 270.070007
463548.729980 4831430.630005 270.070007
463548.760010 4831430.609985 270.059998
463548.750000 4831430.649994 270.040009
463548.700012 4831430.640015 269.989990
463548.700012 4831430.609985 270.029999
463548.719971 4831430.510010 270.049988
463548.739990 4831430.470001 270.059998
463548.719971 4831430.579987 270.059998
463548.719971 4831430.609985 270.059998
463548.729980 4831430.470001 270.070007
463548.739990 4831430.470001 270.079987
463548.719971 4831430.510010 270.100006
463548.739990 4831430.470001 270.070007
463548.729980 4831430.480011 270.079987
463548.729980 4831430.489990 270.100006
463548.679993 4831430.589996 270.070007
463548.700012 4831430.640015 270.079987
463548.729980 4831430.510010 270.100006
463548.729980 4831430.579987 270.100006
463548.739990 4831430.480011 270.140015
463548.729980 4831430.480011 270.130005
463548.729980 4831430.489990 270.130005
463548.729980 4831430.489990 270.109985
463548.739990 4831430.510010 270.119995
463548.729980 4831430.489990 270.130005
463548.729980 4831430.470001 270.160004
463548.729980 4831430.470001 270.140015
463548.719971 4831430.500000 270.130005
463548.719971 4831430.519989 270.140015
463548.739990 4831430.510010 270.109985
463548.719971 4831430.529999 270.119995
463548.719971 4831430.529999 270.140015
463548.729980 4831430.529999 270.130005
463548.729980 4831430.529999 270.130005
463548.719971 4831430.529999 270.140015
463548.739990 4831430.489990 270.119995
463548.719971 4831430.500000 270.140015
463548.739990 4831430.510010 270.119995
463548.729980 4831430.529999 270.119995
463548.719971 4831430.549988 270.140015
463548.700012 4831430.670013 269.989990
463548.669983 4831430.760010 270.010010
463548.570007 4831430.500000 269.940002
463548.719971 4831430.470001 269.940002
463548.710022 4831430.529999 270.029999
463548.739990 4831430.640015 270.029999
463548.539978 4831430.519989 269.880005
463548.729980 4831430.470001 270.019989
463548.520020 4831430.549988 269.899994
463548.570007 4831430.540009 269.940002
463548.719971 4831430.489990 270.019989
463548.719971 4831430.470001 269.929993
463548.510010 4831430.559998 269.920013
463548.549988 4831430.549988 269.920013
463548.640015 4831430.480011 269.839996
463548.500000 4831430.489990 269.839996
463548.530029 4831430.510010 269.859985
463548.530029 4831430.549988 269.929993
463548.570007 4831430.540009 269.950012
463548.710022 4831430.480011 269.980011
463548.539978 4831430.559998 269.920013
463548.500000 4831430.559998 269.850006
463548.710022 4831430.510010 270.019989
463548.590027 4831430.559998 269.989990
463548.630005 4831430.489990 269.829987
463548.690002 4831430.500000 269.980011
463548.659973 4831430.480011 269.869995
463548.739990 4831430.470001 270.040009
463548.539978 4831430.540009 269.910004
463548.719971 4831430.489990 270.010010
463548.640015 4831430.500000 269.880005
463548.590027 4831430.589996 269.929993
463548.710022 4831430.549988 270.000000
463548.719971 4831430.619995 270.049988
463548.750000 4831430.609985 270.029999
463548.719971 4831430.670013 270.029999
463548.739990 4831430.649994 270.019989
463548.640015 4831430.720001 269.959991
463548.669983 4831430.700012 269.950012
463548.669983 4831430.739990 269.950012
