2.802000120000000152e+02 4.831433269988999702e+06 4.635461300049999845e+05
2.802000120000000152e+02 4.831433250000000000e+06 4.635461099849999882e+05
2.800000000000000000e+02 4.831432970000999980e+06 4.635464699709999841e+05
2.798599849999999947e+02 4.831433040009000339e+06 4.635464099730000016e+05
2.798800049999999828e+02 4.831433200012000278e+06 4.635464699709999841e+05
2.798800049999999828e+02 4.831433170013000257e+06 4.635464799800000037e+05
2.798800049999999828e+02 4.831433140014999546e+06 4.635464699709999841e+05
2.798800049999999828e+02 4.831433040009000339e+06 4.635464000239999732e+05
2.799200129999999831e+02 4.831433049987999722e+06 4.635463200070000021e+05
2.802099910000000023e+02 4.831433299987999722e+06 4.635462100220000139e+05
2.802300109999999904e+02 4.831433279999000020e+06 4.635462000119999866e+05
2.802000120000000152e+02 4.831433220000999980e+06 4.635462399899999727e+05
2.803500060000000076e+02 4.831433000000000000e+06 4.635465000000000000e+05
2.802999879999999848e+02 4.831432950012000278e+06 4.635464500119999866e+05
2.804200129999999831e+02 4.831433000000000000e+06 4.635464600220000139e+05
2.798599849999999947e+02 4.831433179992999882e+06 4.635465399779999861e+05
2.798099980000000073e+02 4.831433040009000339e+06 4.635464299929999979e+05
2.798800049999999828e+02 4.831433140014999546e+06 4.635464899899999727e+05
2.798699950000000172e+02 4.831433179992999882e+06 4.635465200199999963e+05
2.799200129999999831e+02 4.831433040009000339e+06 4.635463900150000118e+05
2.798999939999999924e+02 4.831433160004000179e+06 4.635464600220000139e+05
2.798500060000000076e+02 4.831433170013000257e+06 4.635464699709999841e+05
2.798200069999999755e+02 4.831433190001999959e+06 4.635464799800000037e+05
2.798599849999999947e+02 4.831433130005000159e+06 4.635463900150000118e+05
2.798200069999999755e+02 4.831433170013000257e+06 4.635464099730000016e+05
2.798399959999999851e+02 4.831433220000999980e+06 4.635464500119999866e+05
2.798299870000000169e+02 4.831433160004000179e+06 4.635463699950000155e+05
2.798900150000000053e+02 4.831433130005000159e+06 4.635462899779999861e+05
2.801900019999999927e+02 4.831433179992999882e+06 4.635462899779999861e+05
2.802200010000000248e+02 4.831433320007000118e+06 4.635462999880000134e+05
2.805299989999999752e+02 4.831432940001999959e+06 4.635467199709999841e+05
2.804299930000000245e+02 4.831432959990999661e+06 4.635467700199999963e+05
2.804599910000000023e+02 4.831432940001999959e+06 4.635466799929999979e+05
2.803999939999999924e+02 4.831432950012000278e+06 4.635466900020000176e+05
2.800299989999999752e+02 4.831433000000000000e+06 4.635464799800000037e+05
2.798599849999999947e+02 4.831433200012000278e+06 4.635465300290000159e+05
2.798599849999999947e+02 4.831433000000000000e+06 4.635463400269999984e+05
2.798099980000000073e+02 4.831433179992999882e+06 4.635464600220000139e+05
2.802099910000000023e+02 4.831433160004000179e+06 4.635463099979999824e+05
2.798800049999999828e+02 4.831433130005000159e+06 4.635463400269999984e+05
2.798200069999999755e+02 4.831433160004000179e+06 4.635463699950000155e+05
2.798599849999999947e+02 4.831433260010000318e+06 4.635464199830000289e+05
2.799599910000000023e+02 4.831432959990999661e+06 4.635465399779999861e+05
2.798699950000000172e+02 4.831433190001999959e+06 4.635464799800000037e+05
2.798599849999999947e+02 4.831433209990999661e+06 4.635465000000000000e+05
2.801799930000000245e+02 4.831433140014999546e+06 4.635461900020000176e+05
2.801900019999999927e+02 4.831433200012000278e+06 4.635462299800000037e+05
2.801900019999999927e+02 4.831433250000000000e+06 4.635462600100000273e+05
2.801799930000000245e+02 4.831433320007000118e+06 4.635461900020000176e+05
2.801499939999999924e+02 4.831433179992999882e+06 4.635462600100000273e+05
2.798800049999999828e+02 4.831433149993999861e+06 4.635463400269999984e+05
2.798299870000000169e+02 4.831433209990999661e+06 4.635464500119999866e+05
2.798599849999999947e+02 4.831433190001999959e+06 4.635464400020000176e+05
2.798299870000000169e+02 4.831433149993999861e+06 4.635464799800000037e+05
2.798099980000000073e+02 4.831433119994999841e+06 4.635464600220000139e+05
2.798900150000000053e+02 4.831433130005000159e+06 4.635464600220000139e+05
2.799200129999999831e+02 4.831433019988999702e+06 4.635463900150000118e+05
2.799299930000000245e+02 4.831432989989999682e+06 4.635463800049999845e+05
2.800100100000000225e+02 4.831433000000000000e+06 4.635464400020000176e+05
2.799800109999999904e+02 4.831432929992999882e+06 4.635464799800000037e+05
2.805199890000000096e+02 4.831432929992999882e+06 4.635467299800000037e+05
2.798900150000000053e+02 4.831433309998000041e+06 4.635464500119999866e+05
2.798699950000000172e+02 4.831433170013000257e+06 4.635463599849999882e+05
2.798399959999999851e+02 4.831433200012000278e+06 4.635464299929999979e+05
2.798800049999999828e+02 4.831433190001999959e+06 4.635464199830000289e+05
2.798099980000000073e+02 4.831433160004000179e+06 4.635464500119999866e+05
2.798599849999999947e+02 4.831433160004000179e+06 4.635464400020000176e+05
2.798699950000000172e+02 4.831433130005000159e+06 4.635464600220000139e+05
2.804800109999999904e+02 4.831433000000000000e+06 4.635464299929999979e+05
2.798299870000000169e+02 4.831433160004000179e+06 4.635465399779999861e+05
2.800199890000000096e+02 4.831433010010000318e+06 4.635464500119999866e+05
2.804500120000000152e+02 4.831433100006000139e+06 4.635465200199999963e+05
2.800000000000000000e+02 4.831432970000999980e+06 4.635464600220000139e+05
2.803500060000000076e+02 4.831432970000999980e+06 4.635465399779999861e+05
2.798099980000000073e+02 4.831433230011000298e+06 4.635464199830000289e+05
2.798299870000000169e+02 4.831433200012000278e+06 4.635464099730000016e+05
2.798900150000000053e+02 4.831433170013000257e+06 4.635464000239999732e+05
2.798800049999999828e+02 4.831433079986999743e+06 4.635464400020000176e+05
2.799800109999999904e+02 4.831432970000999980e+06 4.635464799800000037e+05
2.801900019999999927e+02 4.831433299987999722e+06 4.635462500000000000e+05
2.802000120000000152e+02 4.831433149993999861e+06 4.635462299800000037e+05
2.802099910000000023e+02 4.831433130005000159e+06 4.635462100220000139e+05
2.800199890000000096e+02 4.831432970000999980e+06 4.635464899899999727e+05
2.799800109999999904e+02 4.831432980011000298e+06 4.635465000000000000e+05
2.803800049999999828e+02 4.831433049987999722e+06 4.635464799800000037e+05
2.798599849999999947e+02 4.831433179992999882e+06 4.635465599979999824e+05
2.798500060000000076e+02 4.831433140014999546e+06 4.635464699709999841e+05
2.798099980000000073e+02 4.831433149993999861e+06 4.635464699709999841e+05
2.798500060000000076e+02 4.831433190001999959e+06 4.635464500119999866e+05
2.798099980000000073e+02 4.831433320007000118e+06 4.635465499880000134e+05
2.798599849999999947e+02 4.831433179992999882e+06 4.635463699950000155e+05
2.798200069999999755e+02 4.831433190001999959e+06 4.635463699950000155e+05
2.802000120000000152e+02 4.831433220000999980e+06 4.635462999880000134e+05
2.802099910000000023e+02 4.831433269988999702e+06 4.635462899779999861e+05
2.805499879999999848e+02 4.831432940001999959e+06 4.635466799929999979e+05
2.805000000000000000e+02 4.831432929992999882e+06 4.635466799929999979e+05
2.800000000000000000e+02 4.831432929992999882e+06 4.635464799800000037e+05
2.799500120000000152e+02 4.831432929992999882e+06 4.635464899899999727e+05
2.799599910000000023e+02 4.831432980011000298e+06 4.635465100100000273e+05
2.798599849999999947e+02 4.831432989989999682e+06 4.635464099730000016e+05
2.798900150000000053e+02 4.831433049987999722e+06 4.635464400020000176e+05
2.798099980000000073e+02 4.831433029999000020e+06 4.635464400020000176e+05
2.798500060000000076e+02 4.831433140014999546e+06 4.635464899899999727e+05
2.798599849999999947e+02 4.831433200012000278e+06 4.635465300290000159e+05
2.798399959999999851e+02 4.831433230011000298e+06 4.635465499880000134e+05
2.804500120000000152e+02 4.831432959990999661e+06 4.635465200199999963e+05
2.800100100000000225e+02 4.831432970000999980e+06 4.635464799800000037e+05
2.799700010000000248e+02 4.831432980011000298e+06 4.635465000000000000e+05
2.798200069999999755e+02 4.831433010010000318e+06 4.635464299929999979e+05
2.798900150000000053e+02 4.831433140014999546e+06 4.635464699709999841e+05
2.798800049999999828e+02 4.831433160004000179e+06 4.635464799800000037e+05
2.798399959999999851e+02 4.831432950012000278e+06 4.635463099979999824e+05
2.798399959999999851e+02 4.831432970000999980e+06 4.635463200070000021e+05
2.798299870000000169e+02 4.831433049987999722e+06 4.635463499760000268e+05
2.798099980000000073e+02 4.831433119994999841e+06 4.635465000000000000e+05
2.798099980000000073e+02 4.831433279999000020e+06 4.635464199830000289e+05
2.798599849999999947e+02 4.831433230011000298e+06 4.635464500119999866e+05
2.798800049999999828e+02 4.831433190001999959e+06 4.635464199830000289e+05
2.798299870000000169e+02 4.831433160004000179e+06 4.635464299929999979e+05
2.798800049999999828e+02 4.831433140014999546e+06 4.635464500119999866e+05
2.798599849999999947e+02 4.831433170013000257e+06 4.635465100100000273e+05
2.798399959999999851e+02 4.831433109985000454e+06 4.635464699709999841e+05
2.799299930000000245e+02 4.831433040009000339e+06 4.635464299929999979e+05
2.798599849999999947e+02 4.831432980011000298e+06 4.635464299929999979e+05
2.799899899999999775e+02 4.831433000000000000e+06 4.635464400020000176e+05
2.798200069999999755e+02 4.831433339995999821e+06 4.635464699709999841e+05
2.798399959999999851e+02 4.831433170013000257e+06 4.635464500119999866e+05
2.798599849999999947e+02 4.831433140014999546e+06 4.635464400020000176e+05
2.799400019999999927e+02 4.831432940001999959e+06 4.635464899899999727e+05
2.802600100000000225e+02 4.831433309998000041e+06 4.635462399899999727e+05
2.800299989999999752e+02 4.831432989989999682e+06 4.635465000000000000e+05
2.803800049999999828e+02 4.831432940001999959e+06 4.635464199830000289e+05
2.798999939999999924e+02 4.831433049987999722e+06 4.635462999880000134e+05
2.802000120000000152e+02 4.831433170013000257e+06 4.635463099979999824e+05
2.798699950000000172e+02 4.831433200012000278e+06 4.635465200199999963e+05
2.798399959999999851e+02 4.831433000000000000e+06 4.635463499760000268e+05
2.798599849999999947e+02 4.831433140014999546e+06 4.635463400269999984e+05
2.798399959999999851e+02 4.831433170013000257e+06 4.635463400269999984e+05
2.802200010000000248e+02 4.831433200012000278e+06 4.635462999880000134e+05
2.798800049999999828e+02 4.831433130005000159e+06 4.635463499760000268e+05
2.801900019999999927e+02 4.831433320007000118e+06 4.635462600100000273e+05
2.802200010000000248e+02 4.831433250000000000e+06 4.635461900020000176e+05
2.802500000000000000e+02 4.831433250000000000e+06 4.635463200070000021e+05
2.798099980000000073e+02 4.831433040009000339e+06 4.635463599849999882e+05
2.802399899999999775e+02 4.831433179992999882e+06 4.635462999880000134e+05
2.798900150000000053e+02 4.831433250000000000e+06 4.635464500119999866e+05
2.804899899999999775e+02 4.831432959990999661e+06 4.635465399779999861e+05
2.803099980000000073e+02 4.831432950012000278e+06 4.635465499880000134e+05
2.804200129999999831e+02 4.831432970000999980e+06 4.635465700070000021e+05
2.800100100000000225e+02 4.831433010010000318e+06 4.635464899899999727e+05
2.799700010000000248e+02 4.831432959990999661e+06 4.635465399779999861e+05
2.800100100000000225e+02 4.831432959990999661e+06 4.635465499880000134e+05
2.798299870000000169e+02 4.831433179992999882e+06 4.635463900150000118e+05
2.798500060000000076e+02 4.831433220000999980e+06 4.635464500119999866e+05
2.798500060000000076e+02 4.831433350006000139e+06 4.635464099730000016e+05
2.801799930000000245e+02 4.831433299987999722e+06 4.635462500000000000e+05
2.802099910000000023e+02 4.831433220000999980e+06 4.635464099730000016e+05
2.798099980000000073e+02 4.831433149993999861e+06 4.635464299929999979e+05
2.800199890000000096e+02 4.831433040009000339e+06 4.635465499880000134e+05
2.802300109999999904e+02 4.831433200012000278e+06 4.635463599849999882e+05
2.802600100000000225e+02 4.831433220000999980e+06 4.635463699950000155e+05
2.800199890000000096e+02 4.831433010010000318e+06 4.635465300290000159e+05
2.800000000000000000e+02 4.831433019988999702e+06 4.635464899899999727e+05
2.801799930000000245e+02 4.831433290009000339e+06 4.635462199709999841e+05
2.802200010000000248e+02 4.831433250000000000e+06 4.635462000119999866e+05
2.802300109999999904e+02 4.831433309998000041e+06 4.635462000119999866e+05
2.802300109999999904e+02 4.831433269988999702e+06 4.635462399899999727e+05
2.801900019999999927e+02 4.831433299987999722e+06 4.635461699830000289e+05
2.801799930000000245e+02 4.831433220000999980e+06 4.635462600100000273e+05
2.802200010000000248e+02 4.831433239989999682e+06 4.635462100220000139e+05
2.801900019999999927e+02 4.831433290009000339e+06 4.635461400150000118e+05
2.798200069999999755e+02 4.831433109985000454e+06 4.635464600220000139e+05
2.798699950000000172e+02 4.831433190001999959e+06 4.635464699709999841e+05
2.798999939999999924e+02 4.831433200012000278e+06 4.635465000000000000e+05
2.798999939999999924e+02 4.831433220000999980e+06 4.635465200199999963e+05
2.799100040000000149e+02 4.831432959990999661e+06 4.635463200070000021e+05
2.799100040000000149e+02 4.831432950012000278e+06 4.635463400269999984e+05
2.803099980000000073e+02 4.831432989989999682e+06 4.635464500119999866e+05
2.803900150000000053e+02 4.831432989989999682e+06 4.635464600220000139e+05
2.798399959999999851e+02 4.831433109985000454e+06 4.635464799800000037e+05
2.798299870000000169e+02 4.831433179992999882e+06 4.635464600220000139e+05
2.798800049999999828e+02 4.831433179992999882e+06 4.635464799800000037e+05
2.798200069999999755e+02 4.831433269988999702e+06 4.635464199830000289e+05
2.798699950000000172e+02 4.831433250000000000e+06 4.635464699709999841e+05
2.798900150000000053e+02 4.831433200012000278e+06 4.635465399779999861e+05
2.805400089999999977e+02 4.831432950012000278e+06 4.635467000119999866e+05
2.798500060000000076e+02 4.831432989989999682e+06 4.635463599849999882e+05
2.805199890000000096e+02 4.831432989989999682e+06 4.635467000119999866e+05
2.799899899999999775e+02 4.831433010010000318e+06 4.635465100100000273e+05
2.798800049999999828e+02 4.831433220000999980e+06 4.635464500119999866e+05
2.798299870000000169e+02 4.831433190001999959e+06 4.635464799800000037e+05
2.798800049999999828e+02 4.831433190001999959e+06 4.635465000000000000e+05
2.798599849999999947e+02 4.831433170013000257e+06 4.635465300290000159e+05
2.798800049999999828e+02 4.831433220000999980e+06 4.635465499880000134e+05
2.798699950000000172e+02 4.831433200012000278e+06 4.635465700070000021e+05
2.802000120000000152e+02 4.831433230011000298e+06 4.635462399899999727e+05
2.798800049999999828e+02 4.831433170013000257e+06 4.635465100100000273e+05
2.798900150000000053e+02 4.831433190001999959e+06 4.635464799800000037e+05
2.798299870000000169e+02 4.831433149993999861e+06 4.635465000000000000e+05
2.798900150000000053e+02 4.831433160004000179e+06 4.635464799800000037e+05
2.798800049999999828e+02 4.831433179992999882e+06 4.635464600220000139e+05
2.798099980000000073e+02 4.831433200012000278e+06 4.635464799800000037e+05
2.798800049999999828e+02 4.831433049987999722e+06 4.635464600220000139e+05
2.798500060000000076e+02 4.831433100006000139e+06 4.635463099979999824e+05
2.798299870000000169e+02 4.831432980011000298e+06 4.635464600220000139e+05
2.798999939999999924e+02 4.831433089995999821e+06 4.635462700199999963e+05
2.802500000000000000e+02 4.831433320007000118e+06 4.635462399899999727e+05
2.802000120000000152e+02 4.831433309998000041e+06 4.635461699830000289e+05
2.802300109999999904e+02 4.831433260010000318e+06 4.635462199709999841e+05
2.802000120000000152e+02 4.831433299987999722e+06 4.635461500239999732e+05
2.802600100000000225e+02 4.831433309998000041e+06 4.635462100220000139e+05
2.801799930000000245e+02 4.831433140014999546e+06 4.635462100220000139e+05
2.799700010000000248e+02 4.831432950012000278e+06 4.635465300290000159e+05
2.798099980000000073e+02 4.831433089995999821e+06 4.635464699709999841e+05
2.798299870000000169e+02 4.831433149993999861e+06 4.635464899899999727e+05
2.798800049999999828e+02 4.831433220000999980e+06 4.635464899899999727e+05
2.800299989999999752e+02 4.831432989989999682e+06 4.635465000000000000e+05
2.799800109999999904e+02 4.831432980011000298e+06 4.635465100100000273e+05
2.799599910000000023e+02 4.831432950012000278e+06 4.635465499880000134e+05
2.798699950000000172e+02 4.831433079986999743e+06 4.635464799800000037e+05
2.798800049999999828e+02 4.831433160004000179e+06 4.635464299929999979e+05
2.798699950000000172e+02 4.831433119994999841e+06 4.635465200199999963e+05
2.798200069999999755e+02 4.831433179992999882e+06 4.635464699709999841e+05
2.798800049999999828e+02 4.831433170013000257e+06 4.635465200199999963e+05
2.798200069999999755e+02 4.831433149993999861e+06 4.635465200199999963e+05
2.802000120000000152e+02 4.831433299987999722e+06 4.635461699830000289e+05
2.802500000000000000e+02 4.831433309998000041e+06 4.635462000119999866e+05
2.802600100000000225e+02 4.831433299987999722e+06 4.635462299800000037e+05
2.802600100000000225e+02 4.831433359985000454e+06 4.635461300049999845e+05
2.801799930000000245e+02 4.831433369994999841e+06 4.635461199950000155e+05
2.802200010000000248e+02 4.831433339995999821e+06 4.635461300049999845e+05
2.802600100000000225e+02 4.831433320007000118e+06 4.635461199950000155e+05
2.802200010000000248e+02 4.831433399993999861e+06 4.635461300049999845e+05
2.802300109999999904e+02 4.831433369994999841e+06 4.635461099849999882e+05
2.802399899999999775e+02 4.831433369994999841e+06 4.635461199950000155e+05
2.801700129999999831e+02 4.831433320007000118e+06 4.635461099849999882e+05
2.802399899999999775e+02 4.831433339995999821e+06 4.635461199950000155e+05
2.802000120000000152e+02 4.831433380005000159e+06 4.635461199950000155e+05
2.802699890000000096e+02 4.831433359985000454e+06 4.635461199950000155e+05
2.802699890000000096e+02 4.831433420013000257e+06 4.635461199950000155e+05
2.802600100000000225e+02 4.831433410004000179e+06 4.635461099849999882e+05
2.801700129999999831e+02 4.831433369994999841e+06 4.635461300049999845e+05
2.802200010000000248e+02 4.831433369994999841e+06 4.635461099849999882e+05
2.801900019999999927e+02 4.831433329986999743e+06 4.635462299800000037e+05
2.802099910000000023e+02 4.831433329986999743e+06 4.635462199709999841e+05
2.802600100000000225e+02 4.831433359985000454e+06 4.635461799929999979e+05
2.802600100000000225e+02 4.831433380005000159e+06 4.635461900020000176e+05
2.802399899999999775e+02 4.831433380005000159e+06 4.635461400150000118e+05
2.802000120000000152e+02 4.831433350006000139e+06 4.635461900020000176e+05
2.802799989999999752e+02 4.831433390014999546e+06 4.635462000119999866e+05
2.802300109999999904e+02 4.831433410004000179e+06 4.635462100220000139e+05
2.802999879999999848e+02 4.831433440001999959e+06 4.635462199709999841e+05
2.802399899999999775e+02 4.831433329986999743e+06 4.635461300049999845e+05
2.802699890000000096e+02 4.831433359985000454e+06 4.635461400150000118e+05
2.802399899999999775e+02 4.831433380005000159e+06 4.635461599730000016e+05
2.802500000000000000e+02 4.831433350006000139e+06 4.635461799929999979e+05
2.802300109999999904e+02 4.831433350006000139e+06 4.635462199709999841e+05
2.802200010000000248e+02 4.831433359985000454e+06 4.635461500239999732e+05
2.801799930000000245e+02 4.831433339995999821e+06 4.635461799929999979e+05
2.802099910000000023e+02 4.831433350006000139e+06 4.635462100220000139e+05
2.802399899999999775e+02 4.831433359985000454e+06 4.635462100220000139e+05
2.802500000000000000e+02 4.831433369994999841e+06 4.635462100220000139e+05
2.802099910000000023e+02 4.831433350006000139e+06 4.635461699830000289e+05
2.802600100000000225e+02 4.831433380005000159e+06 4.635461799929999979e+05
2.801900019999999927e+02 4.831433350006000139e+06 4.635461400150000118e+05
2.802600100000000225e+02 4.831433320007000118e+06 4.635461500239999732e+05
2.802699890000000096e+02 4.831433390014999546e+06 4.635461400150000118e+05
2.802300109999999904e+02 4.831433359985000454e+06 4.635461699830000289e+05
2.802500000000000000e+02 4.831433329986999743e+06 4.635461500239999732e+05
2.802200010000000248e+02 4.831433320007000118e+06 4.635461599730000016e+05
2.802000120000000152e+02 4.831433350006000139e+06 4.635461599730000016e+05
2.802600100000000225e+02 4.831433369994999841e+06 4.635461599730000016e+05
2.802699890000000096e+02 4.831433390014999546e+06 4.635461599730000016e+05
2.802200010000000248e+02 4.831433320007000118e+06 4.635461599730000016e+05
2.802399899999999775e+02 4.831433390014999546e+06 4.635461400150000118e+05
2.802399899999999775e+02 4.831433339995999821e+06 4.635461500239999732e+05
2.802500000000000000e+02 4.831433329986999743e+06 4.635461799929999979e+05
2.802200010000000248e+02 4.831433339995999821e+06 4.635461799929999979e+05
2.802000120000000152e+02 4.831433369994999841e+06 4.635461400150000118e+05
2.806300049999999828e+02 4.831433299987999722e+06 4.635461900020000176e+05
2.801799930000000245e+02 4.831433339995999821e+06 4.635461500239999732e+05
2.802200010000000248e+02 4.831433329986999743e+06 4.635461699830000289e+05
2.802600100000000225e+02 4.831433390014999546e+06 4.635461699830000289e+05
2.802500000000000000e+02 4.831433380005000159e+06 4.635461900020000176e+05
2.802900089999999977e+02 4.831433390014999546e+06 4.635461500239999732e+05
2.802799989999999752e+02 4.831433369994999841e+06 4.635461699830000289e+05
2.802099910000000023e+02 4.831433339995999821e+06 4.635462000119999866e+05
2.802399899999999775e+02 4.831433380005000159e+06 4.635461799929999979e+05
2.802399899999999775e+02 4.831433329986999743e+06 4.635462199709999841e+05
2.802200010000000248e+02 4.831433339995999821e+06 4.635461900020000176e+05
2.802000120000000152e+02 4.831433369994999841e+06 4.635461400150000118e+05
2.802500000000000000e+02 4.831433329986999743e+06 4.635461799929999979e+05
2.802600100000000225e+02 4.831433380005000159e+06 4.635461900020000176e+05
2.801799930000000245e+02 4.831433350006000139e+06 4.635462299800000037e+05
2.802399899999999775e+02 4.831433399993999861e+06 4.635462700199999963e+05
2.802200010000000248e+02 4.831433420013000257e+06 4.635462399899999727e+05
2.802399899999999775e+02 4.831433350006000139e+06 4.635462399899999727e+05
