463547.950012 4831430.429993 275.239990
463547.919983 4831430.440002 275.230011
463547.919983 4831430.429993 275.290009
463547.919983 4831430.450012 275.250000
463547.969971 4831430.459991 275.230011
463547.919983 4831430.429993 275.019989
463547.859985 4831430.450012 274.459991
463547.830017 4831430.440002 274.350006
463547.960022 4831430.429993 275.100006
463547.919983 4831430.440002 274.899994
463547.919983 4831430.429993 274.799988
463547.890015 4831430.429993 274.500000
463547.859985 4831430.429993 274.600006
463547.880005 4831430.459991 274.619995
463547.890015 4831430.429993 275.049988
463547.909973 4831430.440002 275.000000
463547.940002 4831430.459991 274.970001
463547.880005 4831430.450012 274.720001
463547.900024 4831430.459991 274.690002
463547.830017 4831430.429993 274.489990
463547.849976 4831430.450012 274.470001
463548.020020 4831430.429993 275.109985
463548.010010 4831430.440002 275.179993
463548.000000 4831430.429993 275.260010
463547.929993 4831430.450012 274.559998
463547.919983 4831430.429993 274.750000
463547.979980 4831430.440002 274.739990
463547.969971 4831430.429993 274.790009
463547.989990 4831430.450012 274.940002
463547.989990 4831430.440002 275.160004
463548.020020 4831430.429993 274.890015
463548.049988 4831430.450012 275.190002
463547.909973 4831430.450012 274.500000
463548.070007 4831430.450012 275.209991
463547.929993 4831430.429993 274.320007
463548.000000 4831430.450012 274.880005
463548.000000 4831430.450012 274.809998
463548.000000 4831430.450012 274.750000
463547.989990 4831430.450012 274.670013
463547.989990 4831430.450012 274.609985
463547.969971 4831430.429993 274.510010
463547.900024 4831430.440002 274.730011
463547.900024 4831430.440002 274.679993
463547.909973 4831430.450012 274.640015
463547.909973 4831430.459991 274.589996
463547.909973 4831430.459991 274.529999
463548.039978 4831430.440002 275.130005
463548.010010 4831430.459991 274.929993
463548.010010 4831430.450012 274.850006
463548.010010 4831430.440002 274.779999
463547.880005 4831430.429993 274.790009
463547.929993 4831430.459991 274.500000
463547.849976 4831430.440002 274.630005
463548.039978 4831430.459991 275.100006
463548.030029 4831430.429993 274.859985
463547.909973 4831430.459991 275.040009
463547.979980 4831430.459991 274.839996
463547.989990 4831430.450012 274.769989
463548.010010 4831430.440002 274.700012
463547.880005 4831430.450012 274.790009
463547.890015 4831430.450012 274.750000
463547.969971 4831430.429993 274.459991
463547.830017 4831430.429993 274.480011
463547.849976 4831430.450012 274.470001
463547.840027 4831430.429993 274.339996
463547.849976 4831430.459991 274.420013
463547.900024 4831430.429993 274.329987
463547.890015 4831430.429993 274.380005
463547.890015 4831430.450012 274.450012
463547.890015 4831430.440002 274.500000
463547.880005 4831430.429993 274.549988
463547.869995 4831430.429993 274.589996
463547.940002 4831430.440002 274.579987
463547.929993 4831430.440002 274.619995
463547.919983 4831430.440002 274.670013
463547.919983 4831430.440002 274.720001
463547.989990 4831430.440002 274.920013
463547.979980 4831430.459991 275.059998
463547.969971 4831430.450012 275.200012
463547.809998 4831430.440002 274.320007
463547.890015 4831430.450012 274.350006
463547.890015 4831430.440002 274.410004
463547.900024 4831430.450012 274.480011
463547.909973 4831430.459991 274.549988
463547.900024 4831430.450012 274.600006
463547.909973 4831430.450012 274.660004
463547.900024 4831430.429993 274.859985
463547.919983 4831430.450012 275.000000
463547.960022 4831430.429993 274.470001
463547.969971 4831430.440002 274.549988
463547.969971 4831430.429993 274.600006
463547.969971 4831430.440002 274.660004
463547.979980 4831430.440002 274.720001
463547.979980 4831430.429993 274.779999
463547.989990 4831430.450012 274.920013
463547.989990 4831430.450012 274.980011
463547.989990 4831430.450012 275.040009
463548.000000 4831430.450012 275.100006
463548.000000 4831430.450012 275.160004
463548.000000 4831430.450012 275.220001
463548.049988 4831430.429993 275.079987
463548.049988 4831430.429993 275.140015
463548.059998 4831430.429993 275.209991
463548.059998 4831430.429993 275.269989
463547.989990 4831430.459991 275.279999
463547.859985 4831430.450012 274.380005
463547.880005 4831430.459991 274.459991
463547.900024 4831430.450012 274.570007
463547.909973 4831430.450012 274.619995
463547.919983 4831430.450012 274.690002
463547.940002 4831430.450012 274.760010
463547.950012 4831430.450012 274.829987
463547.969971 4831430.450012 274.899994
463547.989990 4831430.459991 274.980011
463547.989990 4831430.450012 275.029999
463548.010010 4831430.450012 275.109985
463548.030029 4831430.459991 275.179993
463548.049988 4831430.459991 275.290009
463547.919983 4831430.450012 274.380005
463547.940002 4831430.440002 274.500000
463547.960022 4831430.450012 274.570007
463547.969971 4831430.450012 274.630005
463547.979980 4831430.450012 274.690002
463547.989990 4831430.440002 274.750000
463548.010010 4831430.440002 274.829987
463548.020020 4831430.440002 274.890015
463548.030029 4831430.440002 274.959991
463548.039978 4831430.440002 275.019989
463548.049988 4831430.429993 275.070007
463548.070007 4831430.429993 275.200012
463548.080017 4831430.429993 275.250000
463547.890015 4831430.429993 274.829987
463547.840027 4831430.440002 274.510010
463547.830017 4831430.429993 274.410004
463547.979980 4831430.450012 275.179993
463547.900024 4831430.429993 274.829987
463547.919983 4831430.429993 274.869995
463547.929993 4831430.440002 274.920013
463547.940002 4831430.440002 274.970001
463547.960022 4831430.450012 275.010010
463547.969971 4831430.450012 275.059998
463547.989990 4831430.450012 275.109985
463548.000000 4831430.459991 275.160004
463548.010010 4831430.459991 275.209991
463548.030029 4831430.459991 275.250000
463548.049988 4831430.450012 275.290009
463547.859985 4831430.429993 274.500000
463547.869995 4831430.429993 274.549988
463547.890015 4831430.429993 274.589996
463547.900024 4831430.440002 274.649994
463547.919983 4831430.440002 274.700012
463547.940002 4831430.450012 274.750000
463547.950012 4831430.450012 274.790009
463547.960022 4831430.450012 274.829987
463547.979980 4831430.450012 274.869995
463547.989990 4831430.450012 274.910004
463548.010010 4831430.450012 274.950012
463548.020020 4831430.450012 274.989990
463548.039978 4831430.450012 275.029999
463547.890015 4831430.440002 274.320007
463547.909973 4831430.440002 274.369995
463547.919983 4831430.450012 274.429993
463547.940002 4831430.450012 274.459991
463547.950012 4831430.450012 274.510010
463547.969971 4831430.459991 274.549988
463547.979980 4831430.450012 274.589996
463547.969971 4831430.459991 275.089996
463547.900024 4831430.429993 274.779999
463547.929993 4831430.429993 275.029999
463547.849976 4831430.440002 274.350006
463548.010010 4831430.450012 274.679993
463548.109985 4831430.429993 275.250000
463548.059998 4831430.450012 275.070007
463548.080017 4831430.440002 275.049988
463548.000000 4831430.450012 274.670013
463548.039978 4831430.440002 274.670013
463548.039978 4831431.420013 274.829987
463548.070007 4831431.380005 274.739990
463548.130005 4831431.410004 274.730011
463548.130005 4831431.410004 274.660004
463548.150024 4831431.390015 274.690002
463548.179993 4831431.399994 274.670013
463548.179993 4831431.380005 274.359985
463548.140015 4831431.380005 274.410004
463548.119995 4831431.410004 274.660004
463548.169983 4831431.359985 274.329987
463548.150024 4831431.380005 274.350006
463547.979980 4831430.480011 275.290009
463547.960022 4831430.459991 274.899994
463548.000000 4831430.459991 274.799988
463547.919983 4831430.459991 274.609985
463547.940002 4831430.489990 274.589996
463547.869995 4831430.470001 274.440002
463547.900024 4831430.470001 274.359985
463548.150024 4831431.390015 274.440002
463547.909973 4831430.470001 274.480011
463548.039978 4831430.470001 275.279999
463548.000000 4831430.459991 275.000000
463547.940002 4831430.470001 274.929993
463547.950012 4831430.470001 274.869995
463547.950012 4831430.459991 274.809998
463547.960022 4831430.470001 274.760010
463547.969971 4831430.470001 274.709991
463547.900024 4831430.470001 274.790009
463547.919983 4831430.489990 274.700012
463547.929993 4831430.489990 274.649994
463547.940002 4831430.489990 274.600006
463547.880005 4831430.470001 274.500000
463547.960022 4831430.480011 275.170013
463547.969971 4831430.500000 275.149994
463547.929993 4831430.480011 275.019989
463547.940002 4831430.480011 274.959991
463547.960022 4831430.480011 274.920013
463547.909973 4831430.489990 274.739990
463547.929993 4831430.480011 274.670013
463547.950012 4831430.470001 274.600006
463547.960022 4831430.459991 274.549988
463547.869995 4831430.470001 274.440002
463547.880005 4831430.470001 274.380005
463547.900024 4831430.470001 274.320007
463547.950012 4831430.470001 275.029999
463547.960022 4831430.470001 275.100006
463547.979980 4831430.470001 275.160004
463547.979980 4831430.470001 275.220001
463548.130005 4831431.380005 274.369995
463548.169983 4831431.420013 274.480011
463548.159973 4831431.420013 274.429993
463548.169983 4831431.399994 274.500000
463548.169983 4831431.410004 275.019989
463548.140015 4831431.390015 274.470001
463548.130005 4831431.399994 274.429993
463548.159973 4831431.390015 275.000000
463548.080017 4831431.350006 274.589996
463548.080017 4831431.359985 274.540009
463548.090027 4831431.339996 274.459991
463547.940002 4831431.410004 274.760010
463548.179993 4831431.369995 274.940002
463548.140015 4831431.399994 274.929993
463548.130005 4831431.320007 274.480011
463548.140015 4831431.329987 274.420013
463548.150024 4831431.279999 274.480011
463548.140015 4831431.299988 274.429993
463548.140015 4831431.309998 274.380005
463548.150024 4831431.269989 274.440002
463548.130005 4831431.279999 274.399994
463548.140015 4831431.260010 274.480011
463548.119995 4831431.290009 274.399994
463548.119995 4831431.269989 274.429993
463548.119995 4831431.279999 274.369995
463548.119995 4831431.250000 274.410004
463548.150024 4831431.390015 274.320007
463548.159973 4831431.410004 274.390015
463548.159973 4831431.420013 274.450012
463548.159973 4831431.410004 274.350006
463548.169983 4831431.420013 274.410004
463548.150024 4831431.359985 274.359985
463548.150024 4831431.399994 274.399994
463548.150024 4831431.390015 274.309998
463548.090027 4831431.380005 274.640015
463548.039978 4831431.420013 274.700012
463548.169983 4831431.369995 274.420013
463548.159973 4831431.350006 274.390015
463547.979980 4831430.489990 275.209991
463548.000000 4831430.470001 275.269989
463547.929993 4831430.470001 274.559998
463547.960022 4831430.470001 274.869995
463548.020020 4831430.489990 275.019989
463548.340027 4831431.410004 274.790009
463548.320007 4831431.420013 274.790009
463548.419983 4831431.339996 275.279999
463548.369995 4831431.380005 275.079987
463548.349976 4831431.369995 275.149994
463548.340027 4831431.380005 275.209991
463548.330017 4831431.420013 274.850006
463548.320007 4831431.410004 274.920013
463548.309998 4831431.410004 274.980011
463548.299988 4831431.420013 275.040009
463548.280029 4831431.309998 274.339996
463548.289978 4831431.339996 274.369995
463548.289978 4831431.359985 274.480011
463548.280029 4831431.399994 274.670013
463548.280029 4831431.410004 274.700012
463548.270020 4831431.420013 274.760010
463548.219971 4831431.329987 274.329987
463548.219971 4831431.339996 274.369995
463548.219971 4831431.350006 274.410004
463548.190002 4831431.350006 274.329987
463548.190002 4831431.369995 274.380005
463548.409973 4831431.350006 275.299988
463548.429993 4831431.350006 275.290009
463548.289978 4831431.390015 274.899994
463548.280029 4831431.420013 274.989990
463548.250000 4831431.350006 274.559998
463548.289978 4831431.399994 274.679993
463548.260010 4831431.350006 274.570007
463548.270020 4831431.329987 274.470001
463548.270020 4831431.320007 274.420013
463548.260010 4831431.309998 274.390015
463548.250000 4831431.290009 274.350006
463548.320007 4831431.420013 274.920013
463548.309998 4831431.380005 274.799988
463548.299988 4831431.359985 274.720001
463548.299988 4831431.339996 274.619995
463548.299988 4831431.320007 274.529999
463548.299988 4831431.299988 274.470001
463548.289978 4831431.290009 274.429993
463548.299988 4831431.279999 274.369995
463548.289978 4831431.269989 274.329987
463548.330017 4831431.369995 275.010010
463548.340027 4831431.350006 274.779999
463548.349976 4831431.350006 274.709991
463548.340027 4831431.329987 274.670013
463548.349976 4831431.320007 274.609985
463548.330017 4831431.269989 274.500000
463548.409973 4831431.420013 275.140015
463548.369995 4831431.380005 275.160004
463548.359985 4831431.350006 275.130005
463548.359985 4831431.339996 275.079987
463548.380005 4831431.329987 275.279999
463548.390015 4831431.329987 275.220001
463548.390015 4831431.320007 275.170013
463548.390015 4831431.309998 275.119995
463548.429993 4831431.320007 275.279999
463548.200012 4831431.380005 274.589996
463548.210022 4831431.369995 274.609985
463548.219971 4831431.390015 274.500000
463548.219971 4831431.359985 274.609985
463548.210022 4831431.350006 274.570007
463548.229980 4831431.359985 274.589996
463548.289978 4831431.420013 274.540009
463548.260010 4831431.359985 274.579987
463548.330017 4831431.420013 274.959991
463548.330017 4831431.420013 274.910004
463548.320007 4831431.420013 274.799988
463548.320007 4831431.420013 274.730011
463548.299988 4831431.399994 274.649994
463548.280029 4831431.369995 274.570007
463548.270020 4831431.359985 274.510010
463548.270020 4831431.359985 274.350006
463548.359985 4831431.420013 275.049988
463548.349976 4831431.410004 275.000000
463548.340027 4831431.399994 274.950012
463548.340027 4831431.399994 274.880005
463548.340027 4831431.399994 274.829987
463548.330017 4831431.390015 274.790009
463548.330017 4831431.390015 274.720001
463548.320007 4831431.390015 274.679993
463548.320007 4831431.380005 274.630005
463548.309998 4831431.369995 274.589996
463548.299988 4831431.359985 274.549988
463548.299988 4831431.359985 274.470001
463548.289978 4831431.339996 274.450012
463548.280029 4831431.339996 274.390015
463548.390015 4831431.420013 275.119995
463548.380005 4831431.399994 275.100006
463548.359985 4831431.380005 275.079987
463548.359985 4831431.380005 275.019989
463548.359985 4831431.380005 274.959991
463548.359985 4831431.390015 274.890015
463548.349976 4831431.380005 274.839996
463548.349976 4831431.369995 274.790009
463548.340027 4831431.369995 274.730011
463548.340027 4831431.369995 274.670013
463548.330017 4831431.359985 274.619995
463548.320007 4831431.350006 274.579987
463548.309998 4831431.329987 274.540009
463548.309998 4831431.329987 274.440002
463548.299988 4831431.309998 274.399994
463548.419983 4831431.410004 275.250000
463548.400024 4831431.390015 275.230011
463548.400024 4831431.380005 275.179993
463548.390015 4831431.369995 275.140015
463548.380005 4831431.359985 275.079987
463548.380005 4831431.359985 275.010010
463548.390015 4831431.380005 274.920013
463548.390015 4831431.380005 274.869995
463548.380005 4831431.380005 274.820007
463548.369995 4831431.369995 274.779999
463548.369995 4831431.369995 274.709991
463548.359985 4831431.350006 274.630005
463548.349976 4831431.350006 274.570007
463548.340027 4831431.329987 274.529999
463548.330017 4831431.309998 274.489990
463548.320007 4831431.299988 274.440002
463548.320007 4831431.290009 274.410004
463548.429993 4831431.359985 275.299988
463548.419983 4831431.350006 275.269989
463548.419983 4831431.350006 275.209991
463548.409973 4831431.339996 275.160004
463548.409973 4831431.339996 275.100006
463548.409973 4831431.339996 275.040009
463548.419983 4831431.380005 274.790009
463548.409973 4831431.359985 274.750000
463548.409973 4831431.359985 274.679993
463548.369995 4831431.320007 274.470001
463548.450012 4831431.329987 275.299988
463548.450012 4831431.329987 275.160004
463548.440002 4831431.320007 275.119995
463548.419983 4831431.390015 274.720001
463548.400024 4831431.369995 274.690002
463548.349976 4831431.410004 275.119995
463548.359985 4831431.410004 275.269989
463548.309998 4831431.420013 274.570007
463548.299988 4831431.399994 274.559998
463548.309998 4831431.420013 274.589996
463548.340027 4831431.410004 275.299988
463548.349976 4831431.399994 275.230011
463548.349976 4831431.390015 275.279999
463548.340027 4831431.399994 275.230011
463548.349976 4831431.410004 275.250000
463548.280029 4831431.420013 274.540009
463548.179993 4831431.380005 274.420013
463548.200012 4831431.410004 274.440002
463548.200012 4831431.410004 274.510010
463548.280029 4831431.410004 274.859985
463548.239990 4831431.420013 274.739990
463548.229980 4831431.320007 274.309998
463548.179993 4831431.320007 274.339996
463548.229980 4831431.380005 274.600006
463548.219971 4831431.359985 274.559998
463548.210022 4831431.299988 274.320007
463548.239990 4831431.369995 274.589996
463548.229980 4831431.350006 274.570007
463548.260010 4831431.380005 274.549988
463548.229980 4831431.369995 274.470001
463548.320007 4831431.390015 274.470001
463548.309998 4831431.359985 274.470001
463548.270020 4831431.420013 274.339996
463548.260010 4831431.420013 274.420013
463548.190002 4831431.359985 274.390015
463548.179993 4831431.420013 274.440002
463548.210022 4831431.380005 275.089996
463548.250000 4831431.309998 275.290009
463548.239990 4831431.410004 275.140015
463548.200012 4831431.390015 274.970001
463548.200012 4831431.420013 274.820007
463548.280029 4831431.390015 275.179993
463548.260010 4831431.420013 275.179993
463548.299988 4831431.420013 275.299988
463548.239990 4831431.399994 275.220001
463548.210022 4831431.420013 275.209991
463548.219971 4831431.390015 275.089996
463548.210022 4831431.359985 274.320007
463548.299988 4831431.369995 274.549988
463548.270020 4831431.380005 274.579987
463548.270020 4831431.359985 274.410004
463548.200012 4831431.399994 274.410004
463548.280029 4831431.390015 274.519989
463548.270020 4831431.390015 274.489990
